-1
-1
-2
-2
-2
-1
-1
-2
-1
-2
-2
-1
-1
0
0
0
-1
0
1
0
0
0
1
-1
0
-1
-2
-2
-1
-2
-1
-2
-2
0
-2
-2
-1
-2
-2
-3
-2
-2
-2
-2
-3
-3
-3
-3
-2
-3
-1
-2
-2
-2
-1
-2
-1
-2
-2
-1
0
-1
-1
-1
-2
-1
-3
-1
0
0
0
-1
-2
-2
-1
0
-1
0
1
1
2
1
3
1
2
3
2
2
3
3
3
3
3
3
3
4
3
4
3
3
4
3
3
3
3
3
2
3
3
3
3
4
2
2
1
2
2
1
1
1
1
0
1
0
-1
0
-1
-1
0
0
0
0
-1
-1
-2
-2
-2
-3
-4
-4
-3
-3
-2
-2
-2
-2
-2
-3
-4
-2
0
-2
-2
-1
-1
0
0
-1
0
1
0
0
0
0
-1
0
1
1
0
1
1
2
1
1
1
1
1
1
2
1
1
1
2
2
2
0
1
1
0
2
1
1
1
0
0
1
1
1
1
0
1
0
1
0
0
-1
-1
0
-1
-2
-2
-1
-2
-1
-2
-2
-2
-2
-1
-2
-1
-2
-2
-2
-2
-2
-2
-2
-2
-1
-2
-2
-3
-1
-3
-2
-2
-2
-1
-1
-2
-1
-1
-1
0
0
-1
0
-1
1
1
1
1
2
2
1
2
3
3
2
2
1
1
1
2
1
2
1
1
1
0
1
1
1
1
0
0
-1
-1
-2
-1
-2
-1
-2
-2
-2
-2
-1
-3
-2
-2
-2
-1
-1
-2
-1
-1
0
0
0
-2
-1
-1
-1
-1
0
-1
-1
-1
-1
0
-1
-1
-1
0
0
1
1
2
2
0
1
0
1
1
1
2
1
1
1
1
0
1
2
1
1
3
1
2
2
3
3
3
3
2
2
1
3
2
3
2
1
3
2
3
2
2
2
2
2
1
1
1
1
-1
0
0
0
0
0
0
0
1
1
0
-1
0
0
1
1
0
0
-1
-1
-1
-2
-2
-1
-1
-1
-1
-1
-1
-1
-1
-1
-2
-2
-2
-1
0
-1
0
-1
1
0
0
0
1
0
0
0
0
-1
-1
0
-1
-1
-2
-1
-1
-1
-2
-1
-2
-3
-1
-1
-1
-1
0
-2
-1
-3
-3
-2
-3
-1
-2
-2
-1
-2
-2
-2
-1
-2
1
-1
0
0
-2
-1
-1
-1
-3
-1
-2
-2
-2
-2
-2
-2
-1
-1
0
0
-1
1
1
2
1
2
2
1
3
3
2
3
3
3
2
2
2
3
3
4
3
2
3
3
3
3
3
1
3
1
2
1
1
1
0
-1
1
1
1
0
0
1
0
3
0
1
1
0
1
1
1
3
1
1
2
1
1
1
1
1
0
1
1
1
0
0
0
0
0
1
0
0
0
-1
0
0
0
0
0
-1
-2
-2
-3
-4
-3
-2
-2
-2
-2
-2
-3
-3
-3
-3
-2
-1
-1
0
-1
-1
0
-1
-1
-1
-1
0
0
0
-1
-1
-2
-2
-2
-1
-2
-1
-1
-1
-1
-1
-1
-1
-1
-2
-1
0
-1
-1
-1
0
0
0
-1
0
-1
-1
-2
-1
-1
-2
-2
-1
-1
-1
-1
0
-1
0
-1
-1
-1
0
0
1
0
-1
0
-1
-1
0
0
0
-1
0
0
-1
0
-1
-1
-1
0
0
1
0
0
0
0
-2
0
0
-1
-1
0
0
1
1
2
2
1
2
2
3
3
3
2
2
2
2
2
2
2
2
2
1
3
2
2
3
2
2
3
3
3
2
2
2
2
3
1
1
2
1
0
0
0
1
1
-1
0
0
0
0
0
-1
0
0
0
-1
0
1
0
0
0
1
0
0
-1
-1
0
0
-1
0
0
0
-1
0
0
0
1
0
0
1
1
1
1
0
1
0
0
-1
-1
0
-1
0
1
0
0
0
-1
-2
-1
-1
-1
-1
-2
-2
-2
-2
-2
-2
-2
-2
-2
-3
-2
-2
-3
-3
-3
-3
-3
-3
-3
-2
-3
-3
-2
-2
-2
-1
-1
-1
-2
-2
-1
-1
-2
-1
0
-2
0
0
-1
-1
-1
-1
-1
0
0
0
1
1
1
2
2
2
1
2
2
0
1
0
0
0
1
1
0
0
0
0
0
1
0
1
1
2
2
1
1
1
1
1
1
1
0
1
1
0
0
0
0
0
0
1
1
2
2
1
1
1
3
2
2
2
2
2
0
1
2
1
1
2
2
1
1
0
0
0
0
0
0
-1
-1
0
-1
0
0
1
0
0
-1
0
0
0
1
1
-1
-2
0
0
-1
0
1
1
1
1
2
2
0
-1
1
1
1
1
0
0
0
-1
-1
0
-1
-1
-1
-1
-1
-1
-1
-2
-2
-2
-2
-2
-2
-1
-1
-2
-2
-2
-2
-2
-1
0
-1
0
-1
-2
-1
-1
-1
-1
-1
-2
-1
-2
-1
-2
-2
-3
-3
-3
-3
-2
-1
-2
-1
-2
-1
-2
-1
0
0
-1
0
0
1
1
1
1
1
1
1
1
1
3
2
2
2
2
1
1
1
1
1
2
2
2
1
1
2
1
1
1
1
1
2
1
2
1
2
2
2
2
1
2
1
2
3
2
2
2
2
1
1
1
2
1
1
1
1
1
2
1
1
1
1
1
0
0
0
-1
-1
-1
-2
-2
-3
-2
-4
-2
-2
-3
-1
-1
-2
-2
-1
-1
-1
-1
0
0
0
1
1
2
1
2
1
1
1
2
1
2
3
2
2
2
2
2
1
1
2
1
2
2
2
2
2
0
0
1
1
1
1
1
0
0
0
0
-2
-3
-2
-2
-1
-1
-1
-2
-2
-2
-3
-2
-2
-2
-3
-3
-4
-3
-3
-3
-4
-4
-4
-3
-4
-4
-3
-3
-3
-4
-3
-2
-3
-2
-2
-2
-2
-1
-1
-1
-1
0
0
0
1
1
1
2
1
1
0
2
1
0
1
0
0
0
0
0
0
1
1
0
1
0
0
0
0
1
1
1
3
2
1
2
2
2
1
2
1
2
2
3
3
2
2
0
1
0
0
0
0
1
1
0
0
0
0
2
0
1
1
1
1
0
1
-1
1
1
1
0
0
-1
0
-1
0
0
0
-1
0
0
0
0
1
2
1
1
1
2
2
2
2
3
3
1
2
1
2
2
2
3
3
2
2
3
1
1
1
1
2
2
1
1
2
2
1
1
2
1
2
2
1
1
0
-1
0
-1
0
-1
-1
-1
-1
-2
-2
-2
-2
-2
-1
-1
-2
-2
-2
-2
-2
-2
-3
-2
-3
-2
-2
-3
-2
-1
-2
-2
-2
-2
-1
-1
-2
-2
-1
-2
-1
-2
-2
-2
0
-1
-1
0
-2
-1
-2
-1
-1
-2
-1
0
-2
-2
-1
-2
-2
-2
-1
0
-1
-1
-1
0
-1
-2
-1
-1
0
-1
0
-1
-1
-1
0
0
1
1
2
1
1
2
2
2
1
3
2
3
3
2
3
2
2
2
2
1
2
2
1
1
1
2
1
2
1
2
1
2
1
2
3
2
2
3
2
2
2
1
1
2
1
0
0
-1
0
0
-1
-1
-1
-2
-2
-1
0
0
0
0
0
0
0
-1
1
0
1
0
1
2
2
1
1
0
0
1
0
1
0
0
0
0
0
0
0
-1
-1
-1
-3
-2
-2
-2
-2
-3
-2
-2
-2
-3
-2
-3
-4
-4
-4
-3
-2
-3
-3
-3
-2
-1
-2
-2
-3
0
-1
-1
0
0
0
1
1
0
1
0
2
1
1
1
1
1
1
1
1
2
1
2
1
1
2
1
1
1
1
1
0
1
0
1
1
0
0
0
-1
0
-1
0
-1
0
0
0
-1
-1
-1
-1
-2
-1
-2
-2
-2
-2
-3
-2
-2
-2
-2
-3
-2
-2
-1
-1
-2
-1
-1
-1
0
-1
-2
-1
0
0
0
3
2
2
1
2
2
2
1
2
2
2
3
2
2
4
3
3
3
3
4
3
3
4
4
3
3
2
2
3
2
2
2
3
1
2
1
2
1
2
1
2
1
1
1
1
0
1
1
0
-1
-1
-1
-2
-2
-2
-1
-2
-2
-2
-2
-2
-3
-3
-3
-3
-3
-3
-2
-3
-3
-2
-3
-2
-2
-2
-1
-1
-1
-1
-1
-1
0
0
0
0
-1
0
0
0
0
2
1
1
1
1
1
2
1
2
2
2
2
2
2
2
1
2
2
2
2
2
1
1
1
1
0
1
1
1
0
1
1
0
1
0
0
-1
-1
0
-2
-1
-1
-1
-2
-1
-2
-3
-3
-4
-3
-3
-4
-5
-3
-4
-4
-4
-5
-5
-6
-4
-5
-4
-5
-4
-4
-4
-4
-4
-3
-4
-3
-2
-2
-1
-1
-1
-1
-1
0
-1
0
0
1
1
1
2
1
2
1
3
2
2
3
3
2
3
3
4
3
3
4
3
2
3
3
4
3
3
5
4
4
4
5
4
4
3
4
3
4
3
3
3
3
3
3
2
3
3
3
2
2
2
2
1
1
1
1
1
1
1
0
0
0
1
1
1
0
1
0
2
0
1
1
1
0
0
-1
-1
-1
-2
-2
-2
-2
-2
-3
-2
-3
-3
-3
-3
-3
-2
-3
-3
-3
-3
-3
-3
-3
-3
-4
-3
-3
-4
-3
-4
-3
-3
-4
-4
-2
-4
-3
-2
-3
-2
-2
-2
-2
-2
0
-1
-1
0
0
0
0
1
0
2
1
2
2
2
2
2
2
2
2
2
1
2
1
3
3
2
1
1
1
1
1
1
0
1
1
1
0
2
1
0
1
1
1
0
0
1
-1
0
-1
0
-1
-1
-1
1
0
0
0
-1
0
-1
-2
-1
-1
-2
-1
-2
-1
-2
-2
-2
-1
0
-1
-1
0
0
-1
0
0
0
0
1
1
0
0
1
1
2
3
2
2
3
2
2
2
1
2
1
2
2
3
1
1
1
1
0
1
2
0
1
1
1
2
1
1
1
2
3
2
3
2
2
2
1
3
2
2
2
2
2
3
2
2
3
0
2
3
2
1
2
1
2
1
0
0
-1
0
0
-1
-1
0
-1
-1
-2
-2
-2
-3
-3
-4
-3
-3
-4
-4
-6
-6
-6
-6
-6
-7
-6
-6
-6
-6
-6
-7
-7
-6
-7
-7
-6
-6
-5
-7
-5
-6
-5
-5
-5
-4
-5
-3
-4
-3
-3
-3
-3
-2
-1
-1
1
1
2
1
3
4
6
7
7
8
9
8
10
10
11
11
11
13
13
13
13
13
13
13
12
12
12
11
9
9
9
7
7
6
7
4
3
3
2
1
0
-1
-2
-1
-3
-4
-5
-5
-5
-7
-6
-7
-8
-8
-8
-9
-9
-9
-10
-10
-11
-10
-10
-10
-10
-10
-9
-9
-8
-9
-8
-9
-10
-9
-9
-10
-8
-8
-7
-9
-7
-6
-7
-6
-5
-5
-5
-4
-4
-3
-3
-2
-3
-2
-1
-1
0
1
2
3
3
4
5
6
6
8
10
10
10
12
12
14
14
15
16
17
17
18
19
18
19
19
18
20
18
19
19
18
17
15
15
15
13
12
12
9
8
7
6
4
2
1
-1
-3
-4
-5
-7
-8
-10
-10
-12
-13
-14
-14
-15
-15
-16
-17
-17
-19
-19
-19
-19
-19
-18
-18
-18
-18
-18
-18
-17
-15
-16
-14
-14
-13
-13
-12
-11
-11
-9
-10
-10
-9
-9
-8
-8
-9
-9
-10
-10
-10
-11
-11
-11
-10
-10
-12
-11
-9
-9
-9
-8
-7
-6
-3
-2
-1
1
3
4
8
10
12
16
18
22
25
28
29
33
36
38
40
43
43
43
46
46
46
46
46
46
43
43
40
38
36
34
31
28
24
21
18
15
10
7
3
-2
-6
-9
-12
-16
-18
-22
-25
-28
-31
-33
-34
-35
-37
-38
-38
-39
-38
-38
-39
-38
-36
-35
-35
-33
-31
-30
-28
-27
-23
-23
-21
-20
-19
-16
-15
-14
-12
-12
-11
-10
-11
-10
-12
-13
-13
-14
-16
-18
-20
-23
-24
-25
-25
-26
-23
-22
-20
-16
-15
-11
-6
-2
3
8
13
17
23
29
35
40
46
51
58
62
68
74
77
80
83
85
88
89
88
87
87
83
79
75
71
66
60
55
49
41
34
26
19
10
2
-6
-14
-22
-30
-37
-44
-50
-56
-61
-65
-69
-72
-76
-77
-81
-80
-80
-81
-80
-79
-79
-77
-74
-72
-68
-64
-60
-57
-52
-49
-45
-40
-36
-34
-31
-26
-25
-23
-20
-18
-15
-13
-10
-9
-8
-8
-9
-8
-9
-12
-14
-17
-22
-24
-27
-28
-31
-32
-29
-26
-20
-15
-8
0
8
16
26
35
46
54
62
70
79
88
95
103
109
115
122
128
132
135
139
140
141
137
134
130
122
114
106
97
86
77
65
56
47
37
30
20
10
1
-8
-18
-27
-37
-46
-56
-64
-71
-76
-81
-85
-87
-90
-91
-91
-92
-92
-93
-92
-93
-93
-93
-94
-92
-94
-91
-91
-89
-86
-80
-77
-73
-67
-63
-58
-52
-49
-44
-41
-38
-37
-35
-31
-29
-26
-24
-19
-15
-13
-7
-4
0
3
6
8
11
11
13
14
16
13
12
8
2
2
-2
-5
-9
-9
-10
-6
-2
0
4
10
17
23
33
41
49
55
62
69
75
83
90
94
100
107
112
118
124
129
133
138
141
141
140
136
131
124
114
104
91
78
66
52
39
27
15
1
-14
-24
-37
-46
-57
-68
-78
-87
-96
-105
-111
-116
-124
-127
-129
-130
-130
-128
-126
-125
-119
-115
-107
-102
-98
-91
-85
-78
-73
-69
-65
-60
-54
-50
-43
-36
-32
-25
-23
-17
-12
-10
-5
-4
-1
2
5
6
11
16
18
21
24
28
34
41
49
55
60
67
72
77
81
82
82
78
71
60
52
43
30
18
6
-4
-12
-15
-18
-18
-21
-19
-20
-16
-12
-10
-5
-5
-2
1
4
9
17
24
30
40
53
63
73
85
97
106
114
117
121
121
117
111
106
95
82
69
53
38
22
9
-9
-21
-36
-51
-65
-76
-90
-104
-115
-128
-138
-150
-155
-164
-171
-173
-176
-170
-166
-159
-149
-139
-126
-111
-96
-81
-68
-55
-43
-32
-22
-9
-2
6
14
20
28
35
43
48
55
63
69
77
82
87
90
94
94
96
96
95
93
91
90
88
90
91
90
91
89
88
85
77
74
62
48
30
9
-12
-37
-60
-87
-114
-137
-155
-166
-172
-173
-172
-166
-157
-143
-126
-111
-94
-76
-62
-45
-28
-12
3
19
34
51
72
91
112
137
158
179
200
214
225
234
235
229
220
206
187
161
134
103
73
46
16
-9
-36
-57
-78
-92
-106
-119
-129
-140
-146
-153
-156
-161
-164
-165
-166
-163
-154
-145
-129
-118
-96
-72
-51
-29
-8
14
33
54
70
83
92
96
101
107
110
107
107
105
100
98
95
92
87
77
70
62
53
43
34
22
10
-4
-13
-21
-29
-34
-38
-37
-37
-34
-33
-29
-28
-25
-25
-32
-41
-58
-75
-97
-120
-142
-168
-193
-212
-225
-232
-232
-233
-227
-217
-200
-181
-159
-135
-114
-88
-66
-45
-20
2
23
47
66
93
121
148
178
210
244
277
306
332
351
360
365
359
345
320
289
252
209
161
108
54
4
-40
-85
-120
-149
-174
-193
-205
-210
-212
-213
-214
-209
-204
-194
-181
-161
-138
-114
-88
-60
-28
2
38
68
96
125
153
175
193
204
205
204
196
188
175
162
140
117
103
89
73
60
50
30
20
8
0
-8
-23
-39
-56
-65
-76
-85
-88
-93
-98
-98
-95
-93
-87
-82
-75
-70
-61
-61
-71
-85
-114
-148
-183
-227
-276
-319
-359
-386
-407
-415
-411
-396
-364
-329
-284
-234
-183
-128
-70
-16
36
80
121
162
194
227
263
300
331
366
399
434
466
501
528
543
547
540
529
495
447
389
314
225
129
25
-79
-175
-269
-340
-404
-444
-463
-473
-453
-425
-381
-323
-260
-196
-136
-78
-26
21
61
103
142
180
216
249
297
331
374
404
436
454
462
471
457
442
414
368
315
251
186
118
53
-11
-74
-130
-179
-221
-254
-279
-297
-314
-331
-341
-354
-355
-362
-362
-368
-368
-364
-355
-332
-315
-293
-272
-246
-220
-186
-156
-135
-119
-112
-111
-143
-187
-251
-317
-382
-448
-509
-568
-603
-606
-582
-535
-470
-398
-321
-228
-121
-12
104
213
300
378
449
509
556
601
640
659
678
701
730
765
788
809
815
824
824
802
762
697
616
515
401
275
145
19
-109
-234
-344
-427
-489
-530
-544
-540
-503
-456
-392
-314
-236
-148
-80
-7
49
99
137
173
204
224
243
246
262
273
287
293
305
303
284
270
246
214
161
107
44
-34
-105
-172
-230
-292
-344
-394
-429
-455
-464
-466
-466
-450
-441
-418
-390
-370
-356
-337
-323
-306
-293
-282
-267
-258
-246
-228
-206
-184
-157
-128
-99
-70
-47
-27
-24
-49
-111
-195
-282
-360
-424
-501
-586
-644
-657
-607
-540
-448
-349
-241
-103
42
206
366
508
622
730
796
823
848
863
877
856
821
789
782
788
785
771
746
740
715
682
611
527
433
318
190
41
-87
-220
-352
-456
-535
-558
-587
-613
-591
-545
-443
-390
-318
-244
-145
-34
30
122
153
190
183
193
215
236
248
213
211
184
192
187
185
169
115
101
58
53
2
-47
-91
-158
-191
-225
-246
-307
-333
-354
-358
-361
-371
-358
-362
-365
-380
-357
-347
-329
-325
-323
-288
-282
-258
-247
-235
-214
-188
-140
-114
-72
-36
6
27
57
96
125
144
126
66
-37
-200
-359
-431
-491
-580
-718
-762
-701
-549
-377
-240
-96
30
212
416
623
787
889
973
1021
1038
980
927
874
823
729
617
556
498
504
484
441
377
358
355
313
244
111
23
-64
-180
-308
-407
-487
-566
-596
-608
-572
-523
-465
-375
-300
-217
-132
-35
27
71
140
185
201
174
162
141
118
104
106
76
51
4
-11
21
24
9
-42
-71
-92
-111
-115
-110
-139
-177
-206
-209
-203
-195
-184
-196
-205
-200
-176
-154
-179
-204
-218
-227
-231
-208
-175
-157
-144
-119
-82
-30
24
49
76
104
120
153
183
202
214
227
261
280
266
249
211
77
-128
-393
-569
-643
-705
-842
-1024
-1032
-878
-580
-362
-189
-34
104
316
537
765
886
913
908
902
843
726
618
512
431
311
181
123
132
172
153
107
42
59
92
78
-23
-156
-236
-309
-342
-408
-444
-490
-494
-440
-318
-185
-63
-11
27
95
185
297
260
245
224
271
321
303
280
233
225
178
210
229
204
155
69
92
93
127
71
1
-53
-100
-40
-28
17
-13
-24
-54
-38
-1
6
-10
-120
-160
-190
-181
-220
-286
-349
-401
-418
-421
-358
-319
-297
-288
-248
-150
-60
-11
-7
-8
-5
70
149
174
182
178
214
233
245
249
198
4
-314
-646
-840
-871
-909
-1060
-1294
-1285
-1036
-633
-293
-89
76
218
427
686
952
1040
994
916
842
796
669
535
396
311
207
89
64
122
226
199
115
33
63
126
84
-63
-223
-302
-360
-360
-357
-326
-291
-241
-134
44
234
350
422
425
461
488
503
450
350
288
223
221
159
112
26
-21
9
45
101
66
19
-67
-49
23
75
62
-10
-9
-15
49
101
144
139
51
15
-10
23
-2
-117
-265
-374
-396
-421
-421
-473
-508
-532
-510
-431
-319
-227
-202
-212
-229
-139
-39
29
17
2
47
114
227
294
336
337
328
357
350
341
143
-222
-739
-1118
-1181
-1163
-1237
-1553
-1649
-1388
-853
-324
20
254
409
603
833
1130
1260
1184
1011
870
822
697
586
472
411
328
201
161
201
334
324
156
-63
-156
-102
-145
-322
-549
-639
-582
-477
-356
-195
-42
91
258
461
662
787
720
599
442
326
228
91
-43
-197
-147
-91
58
128
169
206
174
221
250
266
127
-61
-164
-120
7
30
34
18
89
209
343
419
364
253
66
-68
-173
-279
-413
-599
-791
-866
-767
-636
-531
-492
-459
-410
-355
-258
-209
-232
-366
-496
-498
-421
-306
-222
-174
-66
130
359
598
709
715
680
628
589
466
288
-142
-738
-1415
-1738
-1656
-1522
-1565
-1786
-1580
-990
-153
438
780
902
884
967
1093
1214
1158
924
679
592
617
626
686
725
784
739
624
556
524
511
238
-193
-591
-681
-650
-664
-797
-818
-613
-307
65
402
643
749
807
883
935
858
667
418
157
-17
-116
-107
-109
-118
-79
24
223
268
241
123
-45
-183
-273
-253
-298
-391
-467
-285
27
365
567
626
666
634
636
547
331
-5
-396
-705
-887
-931
-901
-861
-845
-794
-615
-398
-208
-181
-231
-376
-549
-647
-659
-669
-753
-815
-737
-496
-160
150
389
550
656
802
929
951
781
595
404
300
146
15
-317
-830
-1425
-1780
-1602
-1338
-1197
-1400
-1342
-888
-117
492
729
732
627
619
743
979
1085
1064
974
987
1067
1144
1199
1155
1049
796
428
110
-99
-184
-422
-779
-1087
-1050
-743
-447
-311
-243
-1
285
549
709
768
744
606
454
388
415
276
63
-115
-93
-14
29
19
4
39
24
57
2
-76
-292
-507
-589
-493
-251
-31
110
169
338
637
917
962
769
519
264
82
-138
-294
-475
-698
-810
-777
-539
-351
-237
-217
-247
-248
-259
-283
-426
-621
-817
-924
-927
-803
-580
-394
-271
-166
63
373
596
659
622
566
540
525
528
484
357
241
218
295
297
179
-247
-845
-1535
-1803
-1674
-1472
-1468
-1726
-1519
-874
33
674
983
936
817
811
999
1175
1209
1075
951
978
1064
1102
1116
1071
914
573
136
-202
-384
-521
-789
-1141
-1309
-1058
-624
-271
-76
108
388
634
775
782
687
506
275
75
40
105
167
186
154
209
313
397
260
14
-209
-383
-529
-688
-749
-758
-721
-592
-254
229
573
700
673
717
759
732
529
150
-201
-460
-540
-549
-452
-330
-279
-264
-222
-66
50
-52
-317
-582
-748
-779
-737
-687
-628
-553
-457
-296
-72
167
267
191
66
52
165
293
319
297
320
446
587
698
748
701
590
459
345
219
-136
-775
-1620
-2122
-1975
-1538
-1206
-1271
-1117
-613
264
911
1197
1093
794
484
396
598
851
1016
1058
1174
1283
1375
1327
1165
858
309
-425
-1049
-1347
-1266
-1195
-1288
-1269
-856
-162
394
590
585
584
478
324
150
17
-78
-166
-107
164
531
864
1008
950
715
398
120
-307
-745
-1053
-1197
-1084
-876
-458
-48
301
510
703
887
930
687
267
-70
-240
-205
-128
-8
98
221
398
478
507
429
186
-167
-529
-726
-748
-673
-642
-573
-440
-246
-83
-2
26
-141
-367
-613
-690
-622
-501
-375
-266
-56
261
560
709
698
579
436
335
244
202
173
167
194
231
294
158
-304
-1041
-1819
-2042
-1838
-1481
-1415
-1383
-962
-190
651
1111
1215
968
634
397
435
644
827
961
1065
1153
1168
1110
967
705
272
-426
-1031
-1372
-1298
-1052
-950
-855
-590
-34
444
653
581
470
308
136
26
-2
104
226
479
710
986
1171
1189
931
458
-67
-461
-759
-1002
-1101
-928
-570
-210
204
594
766
704
530
379
263
37
-190
-317
-220
24
360
633
784
800
677
433
136
-105
-367
-643
-886
-904
-709
-443
-226
-99
-45
-82
-181
-296
-383
-546
-687
-785
-713
-473
-181
88
196
210
275
355
353
275
172
130
121
164
288
427
474
393
276
125
-114
-627
-1396
-2185
-2338
-1892
-1215
-853
-713
-359
237
847
1085
985
570
102
-155
65
553
1088
1462
1678
1702
1489
1086
603
133
-411
-1030
-1491
-1519
-1047
-370
-20
68
109
269
309
93
-207
-411
-453
-343
10
576
1139
1474
1575
1463
1223
871
364
-247
-775
-1086
-1120
-893
-489
1
375
547
515
382
155
-217
-633
-845
-725
-351
82
453
768
983
1064
919
575
208
-157
-509
-724
-653
-363
-77
93
147
172
66
-171
-438
-710
-901
-1011
-957
-719
-357
-27
114
93
1
-43
-128
-281
-423
-469
-355
-117
169
450
606
625
498
373
252
123
-25
-129
-196
-199
-261
-499
-975
-1563
-1777
-1479
-926
-557
-486
-328
78
586
899
881
624
295
139
295
748
1263
1604
1746
1630
1258
751
249
-157
-493
-856
-1155
-1132
-701
-103
178
112
-53
-79
-52
-176
-299
-230
17
311
595
929
1246
1417
1281
924
532
263
37
-160
-396
-472
-431
-327
-136
-53
32
-120
-293
-443
-477
-426
-385
-290
-56
253
484
561
533
476
344
141
-21
-73
-1
25
-3
-57
-66
-30
-148
-284
-462
-547
-550
-505
-379
-267
-185
-208
-246
-278
-318
-399
-488
-521
-446
-283
-129
10
65
68
74
85
86
84
75
84
131
224
288
286
224
117
-64
-285
-666
-1188
-1764
-1858
-1336
-537
-14
15
45
195
450
465
282
65
-76
4
389
1015
1634
2002
1937
1491
767
-3
-566
-811
-735
-621
-487
-303
59
448
399
-96
-673
-906
-831
-651
-339
197
785
1177
1299
1299
1199
879
421
62
-84
-60
116
331
451
352
105
-189
-395
-522
-571
-540
-470
-292
-91
71
180
185
166
174
136
131
218
380
486
491
412
305
124
-44
-184
-293
-303
-226
-50
103
147
37
-153
-353
-551
-690
-729
-668
-498
-265
-87
-2
2
-41
-159
-331
-468
-469
-381
-229
-52
145
294
326
238
88
2
-73
-138
-156
-113
12
76
-11
-309
-820
-1381
-1676
-1371
-730
-179
-101
-172
-110
109
253
149
22
-23
187
580
1093
1565
1775
1615
1141
466
-214
-659
-752
-495
-117
131
227
241
237
19
-464
-908
-1013
-708
-286
157
639
1057
1238
1056
760
409
147
50
205
478
657
788
752
578
111
-355
-682
-847
-788
-586
-213
89
213
157
-5
-210
-306
-202
21
254
408
573
661
518
261
-148
-452
-606
-436
-52
301
472
464
395
131
-248
-615
-817
-859
-780
-501
-129
167
275
175
-78
-399
-590
-631
-555
-440
-270
-73
54
47
-20
-102
-144
-167
-103
69
270
392
380
223
34
-78
-145
-211
-297
-460
-719
-1032
-1025
-643
-219
-124
-406
-528
-383
17
285
404
462
533
689
862
1020
1049
958
733
498
268
57
-93
-63
127
256
180
-11
-177
-322
-608
-838
-768
-365
45
240
302
454
627
636
453
301
337
459
586
607
627
555
391
152
-148
-336
-426
-436
-359
-239
-49
61
2
-101
-227
-277
-257
-129
110
289
309
180
16
-53
-129
-158
-125
2
250
436
481
353
144
-92
-314
-426
-419
-310
-189
-107
-35
0
-46
-162
-331
-485
-558
-516
-405
-265
-164
-132
-163
-163
-173
-129
-43
19
78
99
129
121
147
122
91
86
159
245
254
181
-55
-432
-966
-1420
-1477
-1071
-466
-71
-15
-62
-2
123
129
11
-85
5
289
671
1013
1183
1139
921
642
319
56
-106
-94
82
207
169
-23
-282
-561
-882
-1023
-820
-311
144
277
291
342
422
435
349
334
456
559
612
628
728
733
389
-14
-259
-282
-258
-304
-249
-144
-51
-21
6
28
-42
-152
-97
116
312
325
200
56
-49
-85
-31
72
217
357
481
525
416
220
-58
-277
-379
-318
-176
-128
-92
-66
-22
-31
-117
-214
-349
-487
-523
-370
-218
-137
-187
-235
-254
-254
-248
-234
-137
-47
37
106
167
190
209
192
180
121
65
46
7
-67
-278
-537
-816
-1061
-1162
-947
-486
-100
-43
-232
-373
-346
-266
-258
-228
-61
252
583
838
995
997
837
637
417
199
44
-2
82
146
64
-129
-349
-536
-680
-718
-552
-229
123
335
379
388
432
504
532
491
494
580
667
629
494
338
236
90
-46
-135
-109
-63
-147
-193
-138
27
111
48
-3
-28
-22
-11
57
220
267
202
149
189
278
355
401
407
353
244
75
-102
-190
-242
-192
-138
-133
-144
-168
-181
-213
-231
-232
-236
-274
-335
-349
-339
-334
-382
-428
-429
-351
-235
-123
7
131
192
160
74
-12
-68
-125
-179
-158
-86
-36
-23
-13
-30
-153
-338
-453
-461
-498
-637
-722
-614
-393
-297
-373
-464
-440
-320
-180
-52
157
369
506
517
473
457
471
422
247
73
23
76
129
103
0
-84
-133
-102
1
122
223
279
363
487
577
636
662
658
629
621
676
724
716
596
425
232
80
-7
-101
-194
-271
-278
-229
-128
-15
27
27
-24
-93
-139
-125
-71
2
103
184
259
306
313
263
207
185
120
33
-65
-152
-180
-177
-137
-130
-167
-230
-284
-280
-254
-251
-320
-422
-506
-543
-513
-505
-499
-477
-418
-323
-212
-88
3
23
0
-30
-106
-161
-149
-125
-102
-76
-20
40
97
116
79
-19
-157
-259
-271
-203
-128
-157
-241
-323
-367
-328
-240
-167
-154
-166
-190
-139
-20
85
128
75
16
-37
-44
-29
-37
-36
-23
-45
-104
-179
-245
-264
-219
-59
178
400
545
595
649
706
725
811
898
920
900
874
898
897
821
663
405
161
53
88
154
174
153
125
143
157
157
95
-21
-154
-222
-201
-142
-55
-39
-55
-38
-5
60
64
8
-70
-219
-355
-439
-433
-382
-320
-222
-123
-42
-27
-82
-187
-261
-290
-324
-361
-387
-355
-291
-235
-258
-344
-373
-377
-350
-360
-295
-147
-22
17
-45
-78
-75
-41
12
17
61
98
83
39
-23
-49
-117
-208
-228
-139
13
96
89
19
-70
-176
-279
-335
-333
-275
-179
-47
57
101
137
152
154
140
62
-46
-188
-258
-242
-205
-202
-258
-320
-357
-340
-235
-63
109
263
370
443
484
500
530
601
690
730
701
678
654
600
497
395
275
189
189
258
381
456
439
322
215
124
88
49
19
-5
-5
55
151
213
186
85
-39
-100
-126
-119
-105
-132
-177
-258
-309
-282
-236
-213
-186
-178
-167
-130
-112
-106
-96
-79
-118
-177
-273
-327
-364
-398
-449
-476
-438
-373
-283
-204
-106
-42
-34
-95
-161
-174
-146
-101
-73
-32
22
86
115
101
59
15
-20
-50
-41
-5
34
58
30
-26
-99
-153
-154
-133
-146
-198
-232
-186
-58
21
52
44
6
-24
-61
-92
-151
-200
-301
-429
-484
-428
-324
-240
-146
-30
129
266
339
361
335
277
280
332
382
386
369
395
462
543
567
529
458
366
293
282
352
400
366
305
279
329
410
432
389
322
240
134
40
28
70
83
51
30
2
9
-18
-78
-169
-265
-313
-327
-251
-151
-77
-28
18
27
26
5
-43
-110
-179
-181
-212
-287
-371
-470
-519
-495
-420
-314
-246
-241
-239
-276
-286
-287
-315
-335
-312
-204
-52
103
186
195
167
119
84
74
81
52
45
88
111
106
43
-31
-146
-239
-241
-220
-192
-192
-190
-141
-49
-5
-65
-179
-249
-236
-167
-185
-267
-367
-460
-467
-419
-292
-129
-26
3
11
35
68
110
94
26
-29
-22
119
290
412
429
398
401
384
375
319
273
248
242
246
327
445
499
489
454
465
516
557
549
498
425
364
302
289
299
294
260
176
111
57
23
-1
-29
-62
-76
-79
-51
-4
59
89
96
88
60
78
67
8
-108
-189
-241
-285
-286
-294
-315
-319
-324
-283
-276
-284
-319
-365
-410
-425
-409
-413
-370
-326
-264
-220
-141
-52
-3
15
-3
3
21
36
26
8
-3
-16
-42
-93
-158
-220
-279
-294
-300
-295
-282
-233
-96
29
68
51
-32
-116
-201
-321
-405
-433
-386
-309
-191
-49
110
204
153
24
-125
-181
-155
-97
-57
-71
-78
-34
50
113
118
62
-15
-54
-18
59
132
159
171
203
273
379
466
534
572
574
591
634
647
603
532
471
475
542
620
640
589
487
372
270
173
117
78
51
79
113
148
162
160
167
152
152
128
46
-9
-59
-85
-151
-253
-329
-367
-372
-369
-320
-294
-278
-286
-319
-402
-466
-500
-510
-461
-425
-385
-345
-300
-260
-214
-162
-143
-134
-105
-67
-12
45
55
73
61
26
-19
-109
-229
-340
-386
-363
-297
-265
-242
-227
-178
-133
-121
-156
-227
-291
-280
-229
-187
-151
-96
13
127
216
270
266
233
186
125
100
97
135
142
102
27
-17
8
57
76
12
-93
-186
-238
-254
-253
-238
-193
-117
-23
113
253
349
389
392
405
429
466
499
517
524
554
595
642
650
584
510
447
378
357
338
326
341
346
345
327
296
288
302
308
292
253
177
80
-12
-80
-134
-182
-199
-215
-220
-226
-230
-279
-347
-418
-475
-530
-561
-565
-538
-492
-446
-410
-445
-496
-530
-512
-439
-364
-264
-225
-189
-141
-98
-53
-44
-34
-64
-73
-108
-142
-149
-161
-151
-147
-131
-79
-41
-16
-56
-142
-209
-281
-316
-333
-310
-266
-208
-133
-31
81
174
221
228
248
249
243
240
246
259
281
281
259
217
184
155
115
65
19
-65
-180
-285
-336
-311
-282
-234
-202
-177
-146
-125
-93
-7
67
146
221
281
366
421
461
448
427
451
459
441
442
447
470
484
480
486
488
479
448
420
433
442
455
437
387
337
301
283
239
158
55
0
-6
-8
13
-12
-80
-135
-171
-209
-259
-332
-427
-496
-531
-536
-507
-513
-536
-541
-515
-428
-374
-348
-327
-287
-233
-206
-190
-178
-123
-101
-108
-112
-150
-135
-134
-96
-88
-112
-100
-94
-92
-116
-185
-280
-391
-452
-403
-336
-298
-268
-217
-169
-110
-40
-10
-38
-72
-79
-29
77
154
220
258
258
274
294
326
357
334
279
199
133
74
-14
-125
-236
-316
-353
-315
-232
-165
-135
-176
-190
-158
-91
-2
40
53
23
49
102
162
227
234
244
236
275
320
335
360
382
421
457
475
467
441
434
455
483
492
490
481
446
433
434
412
406
358
332
315
304
300
271
237
161
88
3
-82
-161
-253
-307
-309
-293
-297
-372
-444
-458
-430
-403
-396
-399
-383
-353
-332
-324
-305
-273
-237
-236
-232
-180
-128
-63
-46
-62
-88
-134
-186
-226
-251
-290
-328
-353
-324
-290
-251
-233
-242
-252
-264
-253
-226
-202
-163
-136
-131
-84
-42
39
121
155
177
183
205
250
295
272
228
146
63
20
-15
-34
-53
-59
-46
-37
-45
-58
-94
-118
-102
-58
12
53
72
51
27
25
59
114
104
71
40
26
57
96
110
116
112
117
145
185
232
276
321
331
327
330
334
342
338
350
374
404
418
429
421
394
379
353
338
335
316
275
195
104
18
-16
-25
-61
-90
-120
-154
-197
-218
-237
-262
-299
-343
-358
-328
-304
-297
-274
-255
-228
-212
-217
-207
-176
-186
-200
-197
-193
-203
-217
-256
-273
-289
-306
-303
-294
-267
-268
-292
-328
-356
-349
-338
-310
-267
-220
-159
-86
-34
23
68
89
82
69
60
89
137
167
148
112
97
86
86
67
45
20
8
35
62
86
106
92
85
91
131
189
228
219
172
143
132
136
143
94
47
35
42
55
61
24
-26
-62
-76
-58
-15
43
114
164
198
223
243
254
271
276
283
290
307
344
355
369
352
331
324
299
264
249
248
251
218
183
174
154
145
90
37
0
-31
-51
-69
-97
-140
-164
-182
-200
-221
-251
-286
-279
-274
-283
-298
-301
-297
-309
-325
-331
-306
-302
-282
-295
-292
-281
-299
-314
-345
-358
-369
-386
-393
-376
-343
-316
-285
-248
-202
-142
-97
-69
-30
9
11
9
15
46
97
150
154
120
69
29
-12
-38
-55
-51
-29
3
61
114
165
195
205
220
224
226
250
273
289
311
303
301
283
241
177
137
114
60
14
-21
-52
-65
-61
-72
-79
-68
-62
-48
-18
-24
-29
-21
15
74
117
153
184
205
233
265
263
236
210
206
219
237
274
283
264
248
227
243
258
240
216
187
181
173
178
161
132
113
97
87
70
23
-21
-51
-80
-120
-126
-167
-209
-250
-280
-277
-282
-264
-267
-281
-310
-343
-381
-384
-411
-430
-447
-452
-420
-389
-345
-321
-307
-310
-301
-283
-266
-251
-215
-170
-139
-114
-89
-42
-4
15
31
11
-5
-31
-41
-41
-47
-48
-57
-29
11
51
101
112
119
126
158
208
266
319
338
345
333
328
311
282
237
176
136
125
124
96
50
12
-32
-54
-54
-43
-34
-33
-15
-4
6
4
15
24
36
42
34
43
44
62
72
89
100
119
126
150
179
209
223
200
139
95
87
106
133
159
188
203
214
189
165
157
139
116
98
70
58
43
5
-26
-55
-91
-109
-115
-110
-101
-76
-72
-89
-131
-191
-249
-303
-336
-330
-319
-308
-299
-298
-287
-285
-279
-274
-266
-247
-229
-201
-180
-159
-126
-100
-101
-101
-85
-65
-50
-46
-67
-86
-94
-92
-67
-51
-39
-42
-25
3
25
54
74
95
106
128
153
204
241
267
286
278
282
284
269
231
215
185
157
136
109
86
49
38
15
5
9
3
12
18
7
4
-17
-41
-40
-41
-30
-38
-44
-61
-51
-41
-19
22
41
53
61
67
79
96
105
85
72
77
92
130
156
177
177
167
161
139
118
93
80
92
101
100
105
98
70
46
32
19
19
19
6
10
1
-35
-87
-159
-221
-248
-245
-216
-186
-170
-190
-224
-261
-284
-287
-303
-298
-274
-241
-206
-183
-172
-173
-160
-154
-154
-140
-117
-111
-100
-104
-113
-139
-165
-172
-174
-160
-120
-82
-51
-23
-8
1
4
26
57
79
125
170
215
249
239
227
218
213
203
193
166
142
136
129
128
121
111
103
96
90
95
89
94
89
70
38
18
6
5
15
6
3
0
8
0
4
17
39
68
58
52
58
57
34
29
46
76
92
125
147
151
150
146
118
86
73
75
74
75
82
79
88
86
90
88
74
68
69
62
56
40
34
22
1
-23
-59
-94
-99
-110
-114
-118
-145
-165
-217
-242
-243
-228
-195
-165
-149
-135
-138
-139
-145
-147
-150
-153
-152
-139
-125
-113
-108
-115
-110
-120
-129
-140
-151
-157
-149
-137
-133
-120
-116
-97
-72
-44
-32
-12
20
45
61
53
59
47
37
33
32
44
36
30
34
53
61
71
86
107
126
143
150
147
127
101
86
69
77
77
78
86
66
64
79
72
82
94
87
88
101
93
89
79
70
64
64
72
98
137
141
145
149
153
137
117
102
90
91
101
111
111
113
100
89
80
76
89
99
98
82
83
74
54
41
20
-24
-57
-79
-111
-117
-135
-155
-166
-195
-225
-236
-237
-232
-212
-204
-212
-232
-251
-252
-253
-252
-249
-232
-213
-200
-182
-165
-169
-167
-169
-178
-182
-176
-167
-156
-149
-122
-89
-69
-32
-7
20
57
73
77
85
92
90
82
85
84
88
87
80
85
95
105
113
136
148
154
158
162
182
189
186
172
148
145
122
107
95
93
100
103
107
103
108
111
111
100
90
69
57
42
39
50
71
91
103
123
135
142
124
106
96
91
56
30
22
15
12
14
31
46
54
32
17
3
-13
-9
-14
-28
-38
-41
-42
-50
-50
-57
-84
-116
-136
-139
-140
-142
-135
-143
-166
-172
-196
-196
-194
-192
-175
-176
-164
-161
-159
-157
-150
-151
-151
-136
-118
-106
-94
-102
-108
-126
-154
-158
-157
-138
-118
-78
-44
-16
17
25
43
44
56
65
63
71
82
73
74
86
79
71
51
49
49
44
55
74
89
103
104
106
99
97
103
101
89
81
88
76
76
76
84
84
77
68
64
78
83
86
79
68
67
68
77
93
114
126
142
141
140
132
118
101
85
91
99
96
93
88
74
67
51
49
35
17
-4
-18
-14
-2
-16
-18
-25
-34
-27
-35
-33
-44
-59
-72
-98
-112
-120
-129
-135
-135
-128
-125
-132
-132
-123
-123
-116
-117
-123
-124
-120
-124
-116
-113
-104
-105
-101
-91
-95
-96
-108
-116
-128
-149
-138
-113
-100
-83
-49
-28
-3
5
5
2
7
6
22
56
59
54
35
22
20
18
16
19
29
38
51
62
68
77
71
48
50
55
75
92
93
98
93
66
56
48
31
33
28
33
32
34
40
47
50
48
59
68
71
66
65
67
74
85
108
128
127
128
123
114
109
101
93
83
65
65
58
61
61
42
28
14
8
-1
-3
-6
-24
-40
-55
-78
-85
-95
-110
-121
-131
-128
-118
-115
-119
-119
-105
-103
-98
-99
-97
-98
-89
-85
-98
-94
-92
-74
-59
-55
-46
-47
-64
-75
-85
-79
-83
-79
-65
-78
-65
-64
-49
-48
-53
-37
-28
-10
-3
12
16
21
31
33
27
13
3
-15
-11
-7
3
13
16
17
26
44
63
70
65
78
73
78
82
98
107
103
110
100
99
91
81
66
55
52
55
55
49
46
50
43
47
61
65
64
72
76
89
89
103
125
141
162
160
149
143
137
125
119
109
89
78
75
73
71
51
38
23
8
-6
-18
-30
-45
-60
-75
-80
-77
-88
-113
-135
-147
-146
-147
-155
-158
-163
-159
-158
-156
-147
-140
-134
-134
-130
-137
-139
-150
-155
-175
-169
-155
-145
-134
-129
-125
-120
-109
-114
-110
-113
-103
-93
-73
-58
-42
-24
-13
-1
3
-5
-20
-10
-10
-10
-17
-27
-42
-61
-62
-44
-22
-11
-1
13
25
42
56
63
68
70
78
90
114
130
140
133
120
113
106
88
90
83
70
97
113
131
134
128
116
100
107
108
114
115
122
143
164
184
197
200
184
185
187
184
184
180
186
187
177
163
154
130
106
82
70
54
43
36
6
0
-11
-27
-48
-55
-71
-80
-80
-95
-92
-97
-103
-106
-119
-129
-147
-150
-160
-161
-154
-163
-168
-168
-169
-174
-180
-173
-164
-162
-160
-156
-134
-122
-117
-113
-118
-111
-109
-99
-81
-69
-58
-46
-40
-33
-20
-33
-40
-47
-59
-58
-70
-70
-64
-70
-79
-88
-99
-95
-87
-80
-70
-74
-69
-54
-43
-20
8
18
13
29
35
48
59
63
58
52
52
53
58
53
52
41
59
77
80
87
80
77
91
95
107
125
138
143
171
189
200
201
188
187
176
179
187
187
184
179
179
180
166
161
129
90
79
69
64
65
56
48
33
11
7
-1
-5
-3
-3
-2
-3
2
-4
-16
-27
-48
-67
-95
-107
-107
-111
-112
-119
-121
-128
-146
-166
-175
-175
-159
-148
-142
-130
-116
-111
-111
-111
-111
-111
-111
-87
-73
-65
-59
-55
-46
-44
-49
-49
-47
-55
-40
-41
-50
-59
-72
-83
-92
-97
-79
-66
-58
-44
-36
-22
-7
-1
-1
7
7
15
31
47
66
71
82
73
55
44
38
40
31
39
42
47
43
56
51
37
24
22
28
40
77
102
114
116
128
134
138
145
136
135
140
144
146
154
149
130
112
108
103
97
74
56
51
40
39
23
13
-18
-37
-45
-43
-36
-26
-17
-12
-4
0
5
-4
-21
-32
-47
-54
-70
-70
-73
-86
-81
-89
-93
-107
-128
-134
-131
-123
-96
-77
-71
-61
-64
-67
-73
-85
-89
-92
-83
-72
-53
-48
-53
-58
-60
-57
-72
-79
-94
-104
-104
-101
-102
-86
-86
-92
-73
-62
-38
-18
-17
-17
-13
-1
4
25
40
52
52
60
80
84
86
82
71
61
65
54
62
45
47
49
44
55
41
35
29
25
29
37
50
67
73
81
87
100
107
118
131
119
111
108
116
107
114
119
112
94
84
82
69
70
64
56
48
52
51
34
33
26
16
7
8
20
29
35
38
33
33
34
16
6
1
-11
-21
-31
-43
-47
-56
-65
-72
-81
-88
-89
-91
-94
-90
-81
-68
-69
-74
-77
-87
-86
-78
-81
-80
-69
-59
-64
-62
-70
-81
-77
-91
-89
-101
-115
-118
-125
-126
-121
-105
-109
-117
-111
-101
-96
-84
-74
-65
-65
-55
-29
-11
2
18
8
12
29
37
43
35
26
27
47
49
50
53
37
29
28
32
28
40
39
41
52
70
93
103
106
108
113
111
116
121
118
115
116
129
135
131
125
111
96
84
76
73
63
55
55
54
41
36
18
5
-12
-22
-20
-20
-16
-7
1
8
3
-5
-9
-23
-30
-28
-18
-25
-23
-26
-38
-40
-44
-47
-47
-42
-45
-44
-30
-18
-12
-15
-11
-11
-16
-21
-27
-15
-22
-29
-18
-11
-10
-7
-15
-30
-42
-47
-57
-60
-69
-82
-83
-83
-74
-65
-64
-71
-73
-74
-71
-67
-60
-47
-46
-38
-33
-26
-13
-7
-9
-12
-3
-4
5
-2
3
-2
-4
-1
5
1
1
12
5
12
3
-1
-8
-15
-22
-17
-9
6
20
25
40
42
48
69
76
77
82
71
65
70
77
81
78
74
68
65
68
66
68
64
54
40
32
23
18
13
11
16
22
33
38
31
35
37
41
33
24
19
4
2
2
-4
0
2
5
11
19
23
15
3
-7
-9
-11
-5
-19
-10
-11
-19
-5
-10
-11
-22
-21
-36
-37
-36
-42
-48
-62
-67
-71
-78
-79
-79
-96
-102
-99
-105
-106
-110
-109
-106
-107
-102
-95
-92
-85
-68
-52
-33
-27
-21
-18
-17
-19
-18
-5
-4
3
5
15
32
51
55
54
45
47
46
39
43
36
42
40
50
58
65
78
76
77
93
89
77
72
75
77
76
76
75
77
69
64
66
72
66
65
64
60
55
52
42
33
22
22
39
34
35
40
31
23
15
9
-2
-5
-11
-17
-24
-28
-26
-28
-28
-30
-27
-23
-28
-34
-25
-36
-42
-43
-34
-34
-33
-23
-29
-21
-22
-25
-27
-25
-24
-36
-33
-28
-34
-30
-31
-33
-41
-52
-57
-60
-67
-70
-74
-90
-92
-97
-107
-111
-117
-110
-104
-94
-90
-82
-78
-72
-68
-59
-46
-38
-38
-44
-45
-29
-8
-3
11
22
37
38
55
57
59
60
57
61
61
65
66
70
69
68
64
67
72
71
65
62
64
50
50
36
32
30
24
31
39
35
42
51
45
45
42
46
44
42
40
51
57
51
53
55
57
51
64
54
45
50
35
37
35
28
27
18
7
7
0
4
7
-6
-9
-11
-14
-28
-35
-47
-38
-31
-26
-25
-22
-20
-27
-32
-40
-40
-42
-43
-43
-37
-34
-38
-32
-42
-49
-52
-57
-58
-62
-56
-55
-62
-64
-67
-69
-73
-80
-80
-73
-69
-61
-59
-55
-46
-62
-53
-42
-48
-36
-27
-24
-8
6
14
27
33
49
49
55
65
61
64
65
70
66
75
82
82
82
88
97
79
75
67
57
47
32
40
39
28
36
23
14
15
1
1
6
4
3
4
-4
-7
-11
-12
-13
-7
-7
-10
-11
-12
-16
-8
-6
-9
-8
-12
-2
-7
-9
-15
-10
-18
-16
-10
-8
1
1
1
-3
-7
-10
-11
-12
-15
-16
-10
-6
-12
-11
-21
-37
-39
-44
-50
-47
-40
-41
-30
-31
-14
-15
-15
-4
-10
-8
-14
-13
-7
-9
-5
-3
-7
-7
-15
-23
-17
-16
-13
-7
-5
-5
-9
-11
-7
-10
-8
-3
1
4
10
14
27
33
34
40
33
42
42
36
43
44
49
55
52
51
54
56
54
56
44
34
27
21
13
6
3
-2
-13
-5
-10
-13
-13
-19
-12
-18
-9
-7
-11
-19
-17
-16
-12
-4
3
2
-2
1
1
-1
-2
6
15
13
18
15
16
16
18
15
16
15
14
14
19
24
20
13
10
2
-1
-3
-9
-17
-20
-23
-26
-25
-39
-55
-71
-83
-96
-92
-88
-88
-84
-79
-72
-76
-83
-69
-69
-63
-50
-43
-34
-23
-21
-22
-22
-12
-3
-2
4
2
2
7
2
0
-1
-9
-6
-11
0
3
-1
13
19
24
27
25
27
33
46
54
61
61
69
69
73
76
83
86
84
92
95
89
79
69
65
62
55
54
44
39
37
29
23
14
0
-1
-10
-6
2
5
-3
-6
-13
-13
-13
-18
-12
-18
-22
-29
-22
-22
-23
-22
-18
-25
-27
-33
-30
-27
-33
-18
-22
-19
-17
-11
0
3
12
19
16
18
25
26
22
17
16
12
-1
0
-7
-13
-15
-31
-35
-44
-56
-58
-65
-65
-55
-47
-46
-47
-42
-45
-47
-39
-26
-29
-27
-26
-20
-18
-18
-13
-19
-16
-20
-16
-11
-17
-14
-18
-20
-13
-11
-5
-2
8
9
12
25
17
21
20
27
20
23
25
25
35
33
41
42
50
46
47
45
47
48
43
40
47
40
37
35
21
18
16
12
18
15
15
18
18
17
17
17
19
22
15
21
25
23
21
16
14
10
7
2
7
2
3
6
-1
-6
-10
-11
-9
-6
-1
2
11
10
11
13
15
13
16
13
6
5
-7
-4
-13
-16
-23
-35
-40
-48
-50
-44
-46
-50
-57
-67
-74
-75
-75
-76
-76
-73
-81
-81
-78
-79
-66
-64
-67
-64
-63
-60
-55
-47
-38
-30
-25
-27
-23
-20
-20
-23
-19
-4
-8
-8
1
2
7
9
7
14
15
14
17
30
36
36
49
54
54
62
62
61
68
69
75
76
68
72
69
70
71
73
67
65
55
59
55
53
52
49
57
56
65
63
60
66
65
61
66
62
52
40
40
33
26
24
16
6
3
-3
-2
3
-8
-12
-9
-10
-8
-17
-21
-8
-9
-9
-3
-5
-2
-13
-17
-21
-23
-29
-33
-39
-42
-37
-42
-47
-53
-59
-61
-65
-70
-73
-68
-71
-68
-58
-67
-65
-74
-76
-73
-80
-70
-68
-68
-70
-67
-60
-59
-57
-45
-50
-52
-48
-47
-38
-23
-23
-22
-21
-19
-18
-15
-8
-10
-3
-7
-8
-5
0
0
7
14
12
19
17
25
38
44
46
45
49
43
36
49
50
50
47
48
52
51
51
45
47
42
41
39
41
48
54
68
66
58
59
55
53
53
65
72
72
70
67
66
54
49
43
33
28
23
22
18
21
20
17
21
18
17
10
6
6
0
0
1
1
-7
-19
-27
-22
-27
-29
-30
-37
-36
-31
-28
-27
-34
-43
-46
-49
-44
-37
-34
-33
-36
-34
-41
-42
-49
-52
-48
-58
-61
-54
-56
-54
-57
-60
-61
-72
-73
-74
-76
-73
-68
-53
-44
-46
-35
-22
-18
-13
-8
-11
-4
0
0
11
22
26
25
24
17
22
23
24
24
21
19
19
27
29
30
31
34
28
26
28
27
22
18
24
35
39
39
47
51
51
55
63
65
65
68
74
64
58
59
54
49
45
42
46
42
38
37
26
26
30
22
28
20
21
18
16
14
3
-7
-12
-16
-29
-29
-38
-42
-45
-47
-46
-44
-46
-52
-45
-49
-53
-50
-48
-49
-47
-47
-43
-45
-47
-42
-44
-40
-34
-29
-33
-41
-37
-39
-33
-32
-31
-34
-34
-37
-41
-43
-44
-37
-39
-29
-22
-15
-16
-13
-15
-11
-14
-12
-2
1
2
3
6
3
4
11
13
19
21
15
16
9
10
13
9
12
19
27
26
28
30
32
35
24
19
17
18
19
25
26
29
40
31
30
35
30
29
32
34
34
36
37
45
45
41
41
46
44
45
57
61
56
54
56
59
65
70
62
63
59
58
65
63
59
58
49
41
38
32
27
16
0
-4
-2
-10
-14
-13
-21
-26
-34
-35
-41
-45
-40
-37
-46
-47
-52
-60
-62
-63
-65
-70
-63
-69
-67
-67
-67
-67
-68
-66
-73
-75
-74
-80
-87
-89
-97
-94
-98
-96
-88
-89
-95
-88
-84
-91
-80
-80
-69
-60
-55
-45
-41
-41
-43
-47
-41
-35
-38
-21
-8
-5
0
-1
6
21
20
25
32
40
46
57
65
63
72
72
75
75
77
80
81
84
83
84
85
83
78
76
78
73
78
69
68
67
69
74
72
69
65
70
65
67
68
64
62
56
59
68
67
65
62
58
56
48
45
36
32
30
23
24
28
20
15
7
0
-7
-14
-11
-11
-20
-20
-21
-29
-30
-35
-39
-49
-46
-48
-47
-42
-43
-42
-40
-43
-49
-50
-54
-55
-50
-44
-37
-39
-37
-39
-32
-44
-47
-49
-53
-55
-59
-56
-65
-60
-67
-66
-66
-67
-66
-63
-73
-76
-72
-73
-66
-64
-59
-53
-49
-55
-43
-43
-35
-34
-30
-28
-26
-17
-18
-8
-2
1
9
12
17
27
28
31
37
40
44
50
51
55
50
46
40
46
44
48
52
51
58
59
58
53
52
48
39
39
51
52
65
67
69
72
67
61
56
52
57
55
57
63
63
65
65
56
44
34
22
17
11
8
9
12
10
0
-2
0
-14
-20
-18
-18
-17
-10
-9
-15
-23
-32
-40
-48
-50
-54
-46
-41
-43
-43
-45
-47
-45
-51
-50
-48
-48
-43
-44
-45
-45
-55
-53
-55
-53
-54
-50
-48
-53
-57
-59
-63
-68
-65
-53
-53
-53
-54
-45
-45
-44
-33
-28
-25
-29
-22
-13
-7
0
3
14
15
20
24
35
42
39
47
53
50
57
59
70
80
85
87
80
81
80
70
68
69
67
60
59
57
63
54
54
55
42
45
40
46
44
44
48
40
33
33
24
19
17
16
20
13
11
4
4
1
-3
-4
-6
-9
-8
-8
-6
-6
-11
-15
-10
-14
-25
-24
-22
-21
-28
-32
-40
-48
-54
-54
-47
-54
-50
-60
-63
-62
-66
-66
-58
-53
-45
-36
-36
-27
-22
-30
-35
-21
-19
-15
-23
-20
-22
-23
-15
-24
-29
-33
-40
-39
-43
-45
-43
-48
-33
-40
-33
-32
-36
-33
-37
-30
-24
-25
-20
-20
-17
-17
-15
-8
-9
-6
-3
-3
0
15
17
22
25
30
32
31
34
36
39
43
45
54
62
57
60
60
56
60
61
58
61
65
67
69
69
68
76
75
72
78
78
76
75
71
73
73
70
67
61
58
47
50
56
49
51
48
51
45
36
28
17
19
20
16
15
13
10
4
-7
-18
-29
-41
-47
-59
-61
-60
-66
-66
-69
-77
-84
-90
-94
-89
-89
-84
-81
-85
-91
-90
-85
-86
-75
-74
-72
-62
-62
-58
-65
-64
-62
-62
-59
-58
-47
-40
-42
-40
-38
-37
-36
-37
-36
-29
-21
-20
-11
-10
-10
-11
-5
-3
2
5
2
1
-1
4
10
11
14
12
17
24
30
40
39
43
38
43
44
44
44
41
33
30
32
30
36
39
44
40
38
37
37
34
33
37
36
35
31
29
33
35
35
40
40
38
39
45
41
42
45
47
41
37
46
45
42
47
42
44
40
40
40
39
33
30
30
21
17
10
11
0
-15
-23
-20
-36
-31
-37
-35
-30
-43
-34
-39
-37
-41
-42
-35
-33
-29
-25
-31
-28
-28
-37
-34
-38
-40
-37
-39
-37
-34
-42
-43
-48
-45
-47
-36
-44
-50
-49
-57
-50
-47
-53
-54
-47
-51
-46
-41
-37
-30
-32
-29
-24
-19
-19
-7
-1
9
16
21
22
31
34
35
41
34
36
40
35
33
44
46
38
40
43
36
40
32
27
31
32
34
39
42
44
41
42
40
37
37
29
36
37
40
41
43
40
40
44
42
36
34
31
29
30
28
31
27
20
25
25
13
14
13
5
0
-5
-8
-13
-30
-33
-33
-38
-38
-46
-44
-48
-48
-50
-54
-57
-58
-59
-54
-50
-46
-44
-46
-48
-55
-56
-57
-58
-52
-42
-40
-30
-31
-38
-37
-36
-35
-34
-26
-24
-15
-16
-19
-16
-20
-21
-23
-17
-17
-10
-11
-11
-7
-11
-5
-2
-1
4
13
18
21
29
26
31
34
31
39
39
43
43
42
39
37
40
41
41
39
38
45
41
36
36
35
35
33
36
36
40
40
41
40
31
25
22
20
18
16
15
23
20
10
12
13
14
8
8
8
1
1
-4
-4
-5
0
-1
-2
3
-1
2
2
-1
-7
-9
-13
-13
-12
-18
-14
-19
-24
-25
-30
-30
-29
-26
-24
-19
-21
-22
-23
-23
-28
-28
-24
-23
-16
-20
-19
-16
-18
-13
-15
-17
-14
-14
-15
-16
-15
-14
-18
-13
-10
-17
-11
-16
-17
-14
-13
-14
-11
-8
-9
-12
-8
-12
-18
-13
-16
-11
-4
-5
-4
-5
-4
-4
-3
3
4
0
6
9
7
14
13
11
11
10
9
8
7
14
16
20
21
18
15
14
17
13
17
17
16
16
15
18
21
18
15
9
5
9
13
17
16
22
22
18
13
12
4
6
6
5
10
13
11
12
13
13
17
5
6
6
5
4
7
10
7
5
2
0
0
-4
-4
-2
-1
-6
-1
-4
-8
-5
-4
-4
-6
-8
-8
-9
-9
-7
-8
-9
-12
-8
-14
-11
-12
-9
-6
-8
0
-2
-3
-6
-7
-2
-3
-9
-6
-6
-7
-8
-7
-6
-6
-2
-6
-3
1
-1
-4
2
6
3
3
5
7
5
3
5
2
-1
-2
-3
1
0
-1
4
8
6
2
3
2
-4
2
3
4
8
9
7
6
6
3
5
2
2
-2
2
-1
-2
-5
-5
-9
-9
-12
-15
-19
-22
-15
-17
-14
-17
-16
-11
-9
-9
-13
-15
-17
-16
-12
-8
-1
-2
-1
-1
-6
-1
0
-2
1
6
8
8
8
8
9
8
7
1
1
-2
-6
-1
-5
-2
-1
0
-2
-5
1
-2
-3
-5
0
2
0
1
-1
0
-3
-11
-8
-10
-10
-5
-1
3
2
4
4
1
2
0
3
1
4
9
10
15
11
8
6
7
11
14
12
11
14
9
11
11
8
10
12
17
14
16
17
20
15
16
15
12
10
9
12
12
17
16
14
14
9
6
3
5
7
4
7
6
1
1
-2
-3
-5
-8
-6
-8
-8
-5
-8
-8
-8
-10
-12
-13
-11
-8
-9
-7
-7
-12
-14
-19
-21
-22
-19
-20
-15
-13
-13
-10
-7
-5
-6
-7
-8
-11
-9
-2
-2
-4
-3
-4
-4
-8
-8
-9
-8
-6
-6
-4
-6
-4
-10
-15
-13
-14
-11
-9
-10
-10
-7
-6
-5
-7
-2
-2
-2
-1
-1
1
4
9
13
14
16
18
15
17
13
17
19
20
20
20
14
13
12
8
12
14
11
8
9
13
11
13
13
12
8
9
9
10
8
7
6
1
1
1
2
2
6
3
6
2
-2
-2
-6
-4
-5
-1
-4
-4
-7
-4
-3
-6
-8
-7
-7
-8
-7
-6
-5
-11
-14
-15
-17
-13
-8
-15
-10
-8
-13
-13
-9
-10
-8
-6
-4
0
-3
-1
-1
-1
3
4
2
5
5
5
3
5
6
1
-1
-1
-5
-5
-1
-4
-4
-6
-7
-6
-8
-7
-9
-12
-5
-5
-3
-4
-1
0
0
4
8
7
12
9
9
9
7
10
10
9
11
16
16
13
11
14
9
9
9
6
9
8
11
7
8
11
9
8
8
7
5
4
1
2
1
0
0
-1
-5
-8
-9
-9
-6
-7
-6
-3
-1
0
2
5
3
6
5
6
8
6
6
6
7
7
7
5
3
4
3
2
2
1
0
2
-5
-5
-8
-12
-11
-12
-16
-15
-17
-16
-19
-21
-23
-26
-24
-25
-27
-25
-21
-21
-19
-21
-18
-18
-17
-16
-14
-10
-7
-9
-9
-6
-5
-6
-7
-5
-5
-4
-2
-1
-2
1
-1
-1
-1
2
-1
-2
1
-3
3
2
5
8
7
7
8
10
8
8
11
11
15
12
11
16
15
18
21
21
22
18
20
20
20
21
25
23
20
22
22
19
19
21
21
23
21
20
17
14
15
12
10
6
7
7
4
1
3
-2
-6
-4
-6
-7
-4
-4
-1
-2
-4
-1
-1
-3
-6
-2
-5
-10
-8
-9
-10
-9
-11
-10
-16
-15
-17
-20
-21
-20
-19
-20
-18
-15
-13
-13
-13
-11
-10
-11
-13
-7
-4
-6
-4
-5
-4
-4
-5
-1
-3
-4
0
1
3
6
4
3
4
1
2
2
2
5
7
5
6
1
2
-3
-8
-4
-4
-2
-3
-2
1
-1
-1
-3
-4
-6
-4
-4
-2
0
-3
-4
-6
-8
-7
-8
-5
-4
-3
-1
-2
0
4
4
4
7
6
8
8
9
11
11
11
6
5
3
3
7
3
4
4
6
4
5
6
7
9
7
6
3
6
5
6
6
4
3
2
0
1
-1
3
1
1
0
-5
-2
-3
-4
-9
-9
-11
-10
-12
-9
-7
-12
-12
-14
-12
-11
-11
-7
-7
-6
-7
-5
-3
-2
0
-3
0
2
4
5
6
6
7
7
8
9
9
7
9
11
10
9
10
11
6
8
6
7
5
9
9
9
12
9
9
6
4
1
1
2
1
5
3
4
4
6
6
6
5
3
5
4
6
4
7
7
3
2
-3
-2
-2
-2
2
5
4
1
2
2
2
3
1
3
1
-3
-4
-5
-7
-8
-9
-9
-11
-10
-12
-14
-12
-14
-14
-18
-16
-17
-18
-21
-18
-18
-18
-20
-20
-18
-19
-16
-17
-15
-15
-14
-12
-12
-9
-6
-5
-8
-11
-9
-8
-10
-8
-6
-5
-3
-3
-4
-5
-7
-6
-6
-6
-3
-2
-2
2
3
4
5
4
2
3
3
5
9
11
13
13
12
11
10
7
9
9
12
16
19
20
20
18
18
18
17
20
21
17
19
21
20
19
19
17
19
20
18
20
19
19
21
19
21
19
19
17
16
13
11
12
10
9
6
7
7
4
5
3
2
1
2
2
-1
0
1
-1
-1
0
-3
-6
-8
-8
-7
-8
-9
-8
-11
-12
-12
-13
-11
-11
-13
-13
-12
-16
-16
-18
-21
-18
-19
-19
-18
-21
-22
-21
-23
-23
-23
-24
-22
-21
-20
-21
-22
-23
-22
-22
-23
-25
-21
-19
-16
-16
-13
-11
-9
-8
-7
-5
-6
-5
-3
-3
-1
2
-2
-5
-3
-1
0
1
6
9
10
13
14
14
13
12
11
13
13
11
17
14
12
13
13
12
10
12
10
13
13
13
13
12
11
9
11
9
9
9
11
12
10
14
10
11
12
11
12
12
14
12
11
12
12
12
11
9
8
10
6
7
6
2
2
1
-1
-1
-1
0
0
1
1
-1
1
-2
-3
-2
-4
-3
-1
-2
-2
-2
-3
-4
-6
-6
-4
-6
-4
-3
-3
0
-1
-2
-2
-5
-1
-2
-3
-4
-4
-4
-5
-8
-7
-6
-7
-9
-11
-10
-9
-11
-9
-9
-10
-10
-9
-6
-9
-7
-8
-5
-5
-5
-2
0
1
0
-1
-2
-1
-3
-2
-1
-2
-3
-2
-2
-4
-3
-3
-2
-3
-4
-3
-1
-2
-2
-2
-3
-2
-3
-5
-1
-4
-5
-3
-3
-2
-1
3
2
2
2
6
5
6
7
7
8
6
7
8
8
6
4
3
4
3
4
2
3
3
4
5
5
4
5
8
7
5
9
5
4
4
1
2
0
-2
-2
-2
-3
-4
-5
-6
-8
-8
-6
-8
-5
-4
-3
-2
-4
-4
-6
-7
-5
-7
-5
-3
-3
-4
-5
-5
-7
-7
-5
-5
-3
-3
0
2
1
1
1
0
2
1
0
4
4
4
3
4
7
5
5
4
3
3
1
1
2
4
4
3
3
4
5
6
7
7
8
7
7
7
8
9
6
4
6
4
3
6
5
4
5
6
6
7
4
5
2
3
4
3
4
4
6
6
6
5
5
5
6
5
6
5
4
3
2
0
0
-1
-2
-2
-3
-5
-4
-4
-5
-4
-7
-8
-8
-6
-6
-4
-4
-3
-4
-6
-5
-5
-6
-9
-9
-10
-8
-8
-7
-5
-8
-8
-10
-11
-11
-12
-9
-9
-6
-5
-7
-6
-8
-8
-5
-4
-6
-4
-4
-3
-1
-1
-3
-5
-3
-5
-3
-1
1
1
1
3
0
0
0
1
2
-1
0
1
1
2
1
1
3
0
2
3
5
3
5
4
4
2
2
2
4
3
4
3
2
2
1
2
2
2
3
4
2
4
2
3
5
3
4
3
2
0
3
4
3
3
1
3
5
2
3
5
4
3
3
3
1
2
2
2
2
3
2
1
1
1
1
0
0
0
0
0
0
1
1
-1
-1
1
2
3
1
1
0
-3
-2
-3
-3
0
-2
-5
-3
-2
-3
-3
-4
-4
-2
-1
-3
1
-1
-1
-1
1
0
-3
-1
-4
-2
-1
-1
-1
-3
-2
-2
-3
-2
-1
-3
-1
-4
0
-1
-1
1
2
3
-2
-1
2
1
2
4
5
5
5
3
3
3
4
4
4
3
2
4
4
5
5
6
5
4
3
2
1
2
2
0
1
0
0
-3
-4
-3
-4
-4
-3
-1
-2
-4
-4
-3
-3
-4
-3
-3
-1
