-2
-1
-1
-1
-1
0
0
2
0
-1
0
-1
0
0
1
1
1
0
0
1
-1
0
0
3
2
2
4
3
4
4
4
4
2
2
2
2
2
2
2
3
5
4
3
2
2
0
-1
0
1
2
1
1
1
1
0
-1
-2
0
-1
-1
-1
-1
-1
-1
-1
-2
-3
-3
-2
0
1
1
0
-1
-2
-2
-2
-3
-3
-4
-3
-2
-2
-1
-2
-1
-2
-4
-1
-2
-2
-3
-3
-3
-2
-2
-1
0
-1
-1
-2
-3
-2
-3
-3
-2
0
1
3
1
1
2
2
1
2
2
1
3
3
5
4
4
4
2
1
0
1
1
1
1
2
1
0
0
-1
0
0
0
1
1
2
1
0
-1
-1
-1
-1
-2
-1
0
0
0
1
0
-1
0
-2
-1
0
0
2
1
2
2
1
2
2
1
1
-1
0
1
1
2
2
1
0
0
1
-1
-1
0
0
0
1
0
1
0
0
0
2
1
0
1
0
0
0
1
0
0
-1
0
0
0
0
0
-1
-1
-1
-1
0
-1
-1
1
1
0
1
0
-1
0
-1
-1
-2
-2
-2
-2
-1
0
-1
-1
0
0
-1
-1
0
0
-1
0
0
-1
-1
-2
-2
-1
-2
-2
-2
-1
-2
-2
-2
-2
-1
-1
0
0
1
2
2
0
1
1
1
1
1
2
2
1
2
1
1
2
1
2
1
2
3
2
2
2
2
2
0
0
0
-1
0
0
1
2
3
2
2
1
0
-1
-1
-1
0
1
1
1
2
0
0
-2
-1
-1
-1
-1
0
1
-1
0
-2
1
0
-1
-3
-3
-3
-1
0
-1
0
-2
-1
-2
0
-1
-1
0
2
2
1
2
1
0
-1
-2
-1
-1
0
0
-1
0
0
1
0
-1
-1
-1
-1
1
0
2
1
0
1
0
-1
0
1
1
1
1
1
0
-1
-2
-2
-1
0
0
0
-1
0
0
0
0
-1
-1
-2
-3
0
-1
0
0
0
1
0
-1
0
-1
0
-1
0
1
1
1
-1
-2
-1
-2
0
1
1
2
2
2
1
1
0
1
0
0
1
2
1
0
1
2
2
2
2
3
1
2
3
2
1
0
1
0
1
1
2
0
1
1
1
2
0
0
-1
0
0
-1
0
-1
0
-2
-1
-2
0
0
-1
-1
-1
-1
-1
-2
-2
-1
0
-2
-2
-2
-2
-2
-2
-1
-2
-1
-2
-1
-2
-1
-1
-2
0
0
-1
0
0
0
0
-1
-1
-1
-1
-1
-1
1
-1
1
0
-1
1
1
1
3
1
1
1
1
2
1
-1
-1
0
-1
0
1
1
2
2
1
0
0
1
1
1
2
3
2
1
1
1
-1
-1
0
1
1
2
2
3
2
1
3
2
2
1
1
0
2
3
2
1
0
-2
-1
-1
-2
0
0
1
0
1
0
-1
1
-1
-1
0
0
0
-1
-2
-1
-1
-1
-1
-2
-1
-2
-2
-1
-1
1
-1
-1
0
0
0
0
0
0
0
2
2
1
1
0
-1
-1
-1
0
-1
1
3
1
1
1
0
-2
-4
-3
-4
-4
-3
-1
-1
-1
-1
-1
-1
-2
-1
0
0
1
0
1
0
-1
0
1
1
1
2
3
2
2
3
1
2
2
1
1
2
2
2
3
2
2
1
-1
0
-1
-2
-1
-1
1
0
0
-2
-2
-2
-3
-3
-2
-2
-4
-1
-2
-1
1
0
0
-1
-1
-1
0
0
1
3
1
2
2
1
1
2
1
-1
0
0
0
2
2
1
0
-1
-1
0
0
0
0
1
-1
0
1
2
1
2
1
1
2
1
1
1
2
1
2
2
2
2
2
1
0
0
0
0
0
1
1
0
-1
-2
-2
0
0
2
1
2
1
0
-1
-1
-1
-1
0
0
1
1
1
1
2
0
-1
-1
-2
-2
-2
-2
0
-1
-1
-1
-2
-1
-3
-2
-2
-1
-1
0
-1
-3
-2
-2
-4
-2
-2
-2
-2
-3
-2
-2
-3
-3
-2
-2
0
0
-2
-1
-2
-1
-2
-1
-1
-2
-2
-2
0
0
0
1
1
-1
2
2
2
1
3
3
3
5
4
4
2
2
2
0
2
1
1
1
-1
0
2
3
4
4
2
3
3
3
3
1
2
0
0
3
2
4
4
3
1
1
0
0
0
1
3
2
2
1
-2
-2
-3
-4
-1
0
0
-1
-2
-1
-2
-3
-3
-1
-2
-1
0
0
-1
-1
-3
-1
-1
-1
1
0
0
1
-1
-1
0
1
0
0
-2
-3
0
0
0
-1
-3
-4
-2
-2
-1
0
0
0
-1
-2
-3
-1
1
2
1
2
2
2
3
4
3
1
-1
-1
-1
0
-1
-1
0
-1
0
1
-1
-2
-3
-2
1
0
1
0
1
0
1
0
0
1
-1
0
0
-1
0
-2
-2
-3
-2
-1
-3
-2
-1
0
1
-1
-2
-3
-3
0
-1
-1
-2
0
1
0
0
2
1
1
2
0
0
-2
0
-2
-2
2
1
2
4
0
1
3
4
1
2
4
3
4
4
2
-1
-1
-2
-3
-3
-1
-1
-1
2
0
2
1
0
-3
-2
-1
1
3
1
0
1
-2
-1
0
-3
-3
-1
-2
1
2
4
7
7
5
4
2
2
-1
-2
-1
0
3
1
-1
-1
-1
-2
-4
-4
-2
-1
1
4
6
5
1
2
-1
-3
-1
1
1
1
3
1
0
2
-2
-3
-2
0
-1
-2
0
1
1
2
2
1
-1
-1
-2
-1
0
-1
-1
0
-1
-2
-2
-2
-4
-3
-4
-4
-3
-1
-1
1
0
2
1
0
-3
-2
1
1
0
2
-2
-3
-2
-2
0
-1
0
1
-1
-1
0
1
-2
1
0
-1
-1
1
0
-1
-1
-1
1
0
0
1
1
-3
-1
0
-1
0
1
0
-3
-2
-1
0
-1
0
3
5
3
4
1
2
2
2
-2
-5
-3
-2
-4
-2
-4
-9
-29
-37
-32
-8
30
57
67
52
29
4
-4
-13
-8
11
34
50
46
21
-15
-34
-38
-11
-4
-2
-20
-38
-47
-42
-29
-31
-31
-25
-18
-14
-8
-9
4
9
29
43
59
45
30
40
53
31
21
0
-12
-19
-25
6
-9
9
-9
-7
-20
-12
-3
-15
7
-7
3
1
3
-24
-34
-15
-9
7
0
1
-5
-9
1
-12
-15
-15
3
-1
17
17
-10
-9
-16
-5
-9
5
8
23
24
25
23
4
-4
-3
5
6
23
23
24
2
-4
-10
-8
-13
-11
-12
0
8
-7
-16
-46
-35
-51
-34
-25
-20
-5
-17
3
-13
-7
-5
-3
23
23
42
35
36
31
9
2
-12
6
12
12
21
0
0
-9
-20
-19
-19
-3
9
13
15
-6
-13
-30
-28
-16
-5
22
19
41
21
4
-12
-25
-13
-1
38
41
49
41
8
-4
-25
-28
-15
6
31
39
32
12
-7
-34
-37
-27
-5
18
30
30
17
2
-28
-39
-30
-27
2
19
32
28
11
0
-34
-41
-35
-24
3
24
42
32
10
-12
-34
-30
-20
10
18
28
33
12
-5
-22
-30
-29
-19
-5
10
13
9
-7
-22
-25
-36
-31
-21
-15
9
13
10
-9
-18
-32
-34
-13
-10
5
10
15
7
6
5
-5
-3
2
9
21
23
27
18
-1
-4
-6
-3
-3
9
16
30
26
15
6
-10
-16
-6
10
18
25
24
19
3
-7
-12
-12
-9
-2
8
15
15
7
1
-7
-10
-16
-10
0
6
6
13
11
1
-8
-11
-12
-16
-12
-10
-5
1
3
6
3
-6
-16
-18
-16
-9
0
8
15
8
3
0
-2
-8
-9
-3
-2
5
10
17
19
15
3
-7
-15
-16
-12
-2
15
20
13
1
-11
-20
-20
-10
-2
3
6
5
0
-8
-15
-16
-11
-7
-6
-2
0
-1
-6
-2
0
-4
-2
3
17
25
27
24
19
11
4
-2
10
20
20
17
14
14
6
5
-2
-3
2
9
11
12
7
6
3
2
-1
-3
-1
-10
-13
-13
-2
0
-5
-4
-6
-7
-12
-8
-11
-12
-8
-5
0
-4
-11
-18
-20
-17
-15
-7
-2
-5
-14
-17
-16
-22
-20
-21
-23
-30
-35
-33
-27
-26
-25
-23
-27
-32
-30
-31
-24
-14
-8
0
-1
2
8
17
23
33
41
43
49
53
55
58
63
69
73
72
67
67
57
53
50
43
39
34
27
26
18
6
-1
-5
-4
-7
-8
-7
-14
-20
-22
-20
-22
-25
-19
-16
-14
-15
-13
-9
-7
-2
-2
0
-1
2
4
2
7
5
7
-1
-8
-8
-10
-11
-8
-13
-14
-17
-24
-40
-68
-101
-141
-161
-152
-125
-108
-104
-109
-127
-152
-176
-204
-203
-164
-116
-61
-26
-2
26
50
63
78
108
157
208
250
284
312
337
338
315
260
219
186
167
143
126
115
83
39
-21
-76
-114
-139
-147
-143
-131
-117
-114
-99
-87
-73
-63
-49
-28
-5
37
82
126
146
163
167
170
174
164
172
178
178
162
145
118
80
32
-10
-53
-90
-116
-137
-160
-174
-182
-205
-231
-251
-261
-266
-243
-215
-210
-261
-366
-446
-448
-341
-240
-199
-176
-165
-154
-255
-393
-461
-404
-241
-117
-51
-3
75
164
198
194
202
280
376
441
488
560
685
778
777
695
578
468
372
256
190
154
156
162
96
12
-90
-175
-259
-351
-416
-440
-433
-413
-340
-279
-217
-203
-213
-196
-178
-112
-48
56
187
298
389
453
501
542
581
589
590
600
615
631
593
552
508
418
322
186
69
-56
-191
-319
-441
-527
-596
-656
-716
-748
-770
-790
-793
-800
-776
-671
-571
-441
-350
-257
-156
-70
-18
-14
-47
-110
-172
-288
-309
-244
-112
2
-39
-170
-311
-485
-657
-823
-856
-737
-522
-318
-170
-44
94
256
336
412
503
623
781
935
1086
1267
1399
1461
1391
1213
1016
800
583
402
262
149
61
-28
-129
-223
-348
-443
-572
-683
-794
-893
-890
-808
-679
-500
-365
-254
-153
-78
-7
7
73
190
334
509
643
764
861
912
910
855
810
739
692
608
540
461
363
287
183
60
-76
-205
-352
-496
-641
-741
-785
-792
-777
-726
-702
-664
-675
-652
-615
-577
-481
-378
-225
-84
27
123
184
162
116
-10
-129
-245
-337
-353
-306
-204
-175
-248
-389
-537
-696
-849
-975
-1023
-953
-783
-640
-442
-231
-12
224
391
543
664
789
931
1078
1221
1354
1451
1502
1469
1345
1168
952
751
535
316
77
-104
-242
-292
-355
-404
-427
-498
-551
-712
-749
-753
-747
-662
-595
-464
-318
-181
-34
74
166
238
284
317
380
435
529
627
721
783
822
839
764
686
586
484
359
230
149
65
-18
-80
-167
-226
-345
-434
-513
-596
-634
-666
-676
-650
-618
-545
-462
-403
-343
-266
-193
-167
-142
-125
-27
26
54
29
-17
-108
-234
-344
-425
-436
-435
-438
-505
-618
-715
-803
-881
-953
-990
-966
-920
-832
-685
-455
-175
121
392
600
743
897
1052
1215
1359
1461
1525
1541
1523
1442
1322
1192
1041
858
630
371
159
-56
-198
-363
-398
-433
-497
-523
-639
-650
-721
-750
-742
-729
-630
-515
-394
-235
-86
53
153
243
280
318
366
457
544
639
728
773
803
792
768
707
603
498
389
272
124
-13
-101
-221
-289
-387
-468
-523
-571
-622
-675
-719
-710
-676
-624
-580
-536
-470
-371
-280
-191
-94
-38
30
1
-62
-153
-270
-372
-494
-557
-564
-537
-492
-531
-558
-608
-650
-740
-845
-910
-936
-842
-759
-598
-397
-131
159
419
649
855
1059
1225
1368
1441
1480
1534
1551
1554
1518
1439
1361
1208
985
691
409
119
-82
-235
-344
-497
-592
-603
-648
-671
-782
-811
-814
-781
-845
-774
-673
-524
-327
-195
4
123
214
353
407
473
528
582
614
586
616
666
695
642
626
587
494
350
191
90
-36
-219
-337
-445
-540
-614
-644
-623
-592
-600
-606
-612
-630
-582
-520
-434
-331
-250
-170
-126
-79
6
85
142
136
137
73
4
-125
-278
-358
-380
-374
-387
-411
-442
-441
-488
-585
-680
-765
-769
-771
-728
-592
-414
-183
18
251
475
701
914
1100
1255
1326
1382
1392
1398
1397
1358
1294
1204
1076
943
754
532
320
103
-99
-323
-508
-631
-676
-700
-743
-741
-739
-732
-737
-750
-695
-630
-540
-456
-373
-238
-128
-4
128
266
353
418
451
473
510
512
517
513
494
492
454
412
396
340
231
77
-65
-202
-333
-453
-523
-557
-535
-548
-596
-597
-557
-506
-492
-446
-406
-358
-292
-274
-209
-108
2
81
136
171
197
206
145
38
-129
-264
-368
-427
-446
-449
-458
-455
-498
-542
-618
-658
-682
-710
-633
-553
-414
-265
-87
174
437
696
922
1099
1275
1378
1441
1449
1442
1411
1324
1182
1016
887
718
528
352
168
4
-203
-395
-526
-606
-629
-669
-692
-697
-751
-712
-706
-617
-478
-445
-258
-185
-124
-9
51
173
261
344
461
557
584
615
649
629
649
589
567
491
360
298
198
97
-7
-111
-229
-356
-496
-601
-654
-752
-817
-827
-837
-799
-745
-653
-555
-464
-385
-295
-221
-153
-52
30
95
184
235
290
281
259
217
111
-63
-245
-329
-405
-427
-492
-539
-552
-581
-633
-723
-804
-810
-765
-704
-670
-541
-349
-84
137
333
620
892
1139
1311
1431
1543
1607
1655
1631
1519
1370
1194
1034
834
618
415
253
82
-110
-241
-360
-432
-469
-571
-631
-704
-762
-765
-737
-679
-606
-503
-406
-291
-193
-92
18
82
150
180
224
271
285
351
391
428
437
388
356
288
224
180
115
45
-49
-139
-243
-342
-437
-507
-525
-563
-607
-650
-662
-623
-569
-488
-409
-360
-309
-243
-148
-84
-14
85
130
162
195
232
262
272
269
205
105
-45
-243
-381
-483
-531
-537
-579
-595
-621
-656
-683
-734
-746
-683
-599
-525
-392
-224
-13
227
453
660
891
1108
1347
1536
1670
1766
1800
1765
1627
1437
1261
1065
847
627
402
221
45
-106
-229
-327
-421
-514
-606
-676
-787
-809
-847
-850
-826
-845
-738
-682
-604
-449
-317
-194
-111
-73
10
90
126
168
218
225
263
248
254
286
281
300
278
222
177
132
65
-4
-71
-146
-229
-352
-445
-474
-489
-471
-437
-400
-336
-323
-322
-313
-265
-188
-125
-73
-44
2
44
63
79
77
73
63
-19
-113
-218
-322
-388
-441
-482
-518
-563
-564
-567
-598
-600
-582
-532
-454
-356
-261
-131
18
174
361
542
756
993
1202
1399
1543
1631
1710
1712
1671
1573
1408
1213
974
710
446
215
-2
-164
-307
-424
-509
-558
-616
-651
-692
-764
-765
-837
-823
-791
-769
-688
-655
-552
-439
-322
-222
-132
4
96
188
223
249
252
226
234
195
169
159
166
173
130
106
94
51
1
-56
-108
-160
-226
-305
-360
-395
-439
-429
-418
-388
-351
-291
-231
-199
-137
-84
-18
15
22
36
40
55
68
80
73
69
35
-1
-65
-155
-217
-258
-317
-373
-410
-436
-426
-454
-498
-489
-465
-399
-297
-221
-72
71
227
388
530
689
885
1075
1244
1366
1441
1500
1509
1461
1365
1213
1040
886
663
457
219
22
-125
-267
-404
-486
-550
-586
-599
-632
-648
-714
-701
-755
-796
-796
-861
-763
-720
-697
-579
-513
-392
-282
-213
-118
-19
21
70
103
84
146
164
151
183
137
166
181
138
143
123
115
79
1
-45
-69
-104
-138
-163
-208
-225
-259
-268
-211
-171
-84
-38
21
44
53
96
97
103
95
74
42
7
-10
-53
-82
-164
-210
-224
-255
-240
-251
-255
-225
-225
-254
-281
-310
-290
-240
-189
-113
-20
103
263
388
537
709
886
1078
1207
1289
1358
1369
1344
1241
1109
949
790
613
403
213
21
-125
-282
-438
-569
-628
-665
-688
-698
-729
-717
-706
-710
-711
-689
-694
-679
-681
-673
-612
-545
-453
-335
-225
-108
1
72
119
144
154
146
145
150
183
189
198
212
203
198
174
137
91
72
65
50
25
4
-24
-44
-91
-121
-139
-171
-173
-166
-137
-99
-66
-37
-4
10
56
99
129
152
130
127
103
47
-38
-164
-230
-265
-287
-301
-297
-291
-294
-303
-343
-371
-368
-360
-321
-307
-287
-212
-121
-2
149
322
526
723
892
1050
1184
1262
1295
1294
1236
1148
1004
881
722
520
302
96
-73
-223
-333
-442
-503
-512
-546
-563
-602
-650
-645
-706
-729
-752
-754
-732
-716
-672
-617
-542
-469
-367
-266
-159
-52
36
102
169
210
257
265
276
280
275
263
234
221
219
224
203
192
181
144
121
89
54
19
-34
-74
-140
-158
-160
-157
-130
-127
-119
-77
-43
6
50
79
128
136
138
132
85
55
-19
-114
-217
-302
-345
-368
-389
-370
-336
-295
-264
-302
-306
-302
-288
-238
-212
-179
-92
7
115
247
404
596
789
954
1105
1226
1303
1352
1335
1264
1157
983
775
570
338
110
-111
-291
-448
-566
-664
-730
-759
-753
-739
-744
-724
-744
-722
-715
-729
-734
-731
-719
-684
-641
-587
-477
-378
-272
-161
-83
14
116
188
267
300
339
355
331
303
284
262
228
192
144
136
143
149
163
169
157
138
103
62
28
-3
-35
-51
-66
-63
-37
-12
41
92
143
202
247
281
300
304
269
239
175
79
-23
-135
-215
-288
-331
-368
-388
-398
-376
-347
-341
-316
-319
-299
-280
-261
-219
-164
-94
18
141
270
440
634
820
966
1081
1167
1217
1210
1141
1031
884
714
497
238
-1
-214
-404
-555
-679
-758
-805
-826
-825
-800
-749
-711
-727
-743
-740
-766
-732
-744
-717
-663
-637
-561
-490
-403
-283
-154
-26
117
231
323
438
482
519
566
530
514
463
410
374
324
298
302
307
303
300
293
300
273
228
188
126
43
-36
-118
-164
-185
-198
-166
-132
-67
1
65
146
182
208
198
179
150
141
84
26
-51
-142
-200
-280
-354
-380
-407
-418
-402
-410
-390
-384
-375
-354
-337
-314
-265
-213
-140
-18
116
278
448
621
790
931
1057
1149
1198
1172
1103
982
822
626
388
150
-65
-256
-441
-575
-705
-781
-806
-812
-782
-775
-747
-719
-702
-690
-684
-646
-610
-589
-573
-547
-510
-452
-378
-275
-149
-23
105
233
349
486
595
649
671
660
637
574
503
420
352
284
232
198
177
189
193
192
183
145
115
56
-15
-75
-135
-159
-185
-213
-209
-182
-142
-88
-32
30
98
139
151
178
191
179
168
126
81
6
-89
-146
-195
-223
-252
-293
-323
-343
-371
-392
-402
-388
-360
-347
-319
-273
-207
-113
1
113
217
351
500
642
781
881
932
939
892
824
714
572
428
260
83
-75
-243
-391
-501
-606
-665
-727
-748
-748
-738
-711
-672
-615
-561
-495
-454
-431
-413
-392
-364
-328
-271
-224
-164
-80
-15
85
192
311
416
504
565
603
617
597
565
501
426
344
280
222
184
161
153
160
163
158
166
161
142
123
87
42
13
-3
1
1
7
27
51
87
95
111
114
113
104
90
81
84
44
-9
-90
-191
-260
-329
-389
-436
-471
-485
-498
-529
-540
-532
-519
-487
-452
-406
-322
-243
-130
-21
98
225
366
518
638
762
853
888
892
845
769
665
522
374
216
59
-81
-219
-345
-461
-556
-627
-668
-691
-695
-689
-635
-593
-547
-468
-412
-364
-353
-345
-317
-301
-292
-250
-197
-146
-76
-11
80
186
300
407
506
574
629
657
666
647
599
534
447
370
306
284
273
256
244
239
234
214
188
163
130
100
56
11
-27
-61
-84
-93
-106
-107
-102
-96
-85
-95
-84
-60
-40
-19
-11
11
1
-17
-53
-100
-138
-199
-264
-322
-379
-411
-430
-447
-461
-485
-483
-463
-447
-409
-343
-265
-166
-54
69
197
333
459
557
621
662
676
676
634
554
465
376
288
177
71
-40
-149
-270
-385
-468
-536
-562
-563
-564
-544
-503
-454
-408
-372
-331
-292
-267
-259
-256
-244
-206
-178
-139
-72
-3
79
173
270
367
451
535
584
600
598
587
558
516
455
396
357
302
259
230
212
217
209
203
201
188
177
162
138
119
93
52
21
-25
-58
-87
-120
-142
-164
-169
-160
-162
-147
-109
-83
-69
-61
-71
-99
-155
-221
-246
-283
-336
-402
-457
-498
-540
-555
-577
-588
-573
-526
-460
-390
-311
-205
-84
29
144
264
381
484
556
607
636
643
628
597
547
473
386
291
184
61
-48
-153
-250
-327
-421
-478
-510
-527
-496
-472
-440
-384
-337
-289
-236
-203
-152
-117
-92
-81
-79
-78
-54
-10
41
112
174
253
331
396
463
527
555
582
584
552
523
497
488
465
449
411
368
328
290
256
229
200
177
155
118
99
79
56
24
-31
-102
-171
-249
-289
-303
-300
-269
-266
-258
-233
-206
-169
-128
-74
-58
-47
-56
-113
-148
-197
-244
-308
-389
-461
-536
-603
-662
-690
-680
-646
-600
-545
-469
-369
-267
-161
-63
23
114
205
272
333
384
417
438
434
452
443
415
383
330
283
206
123
62
-5
-72
-148
-214
-226
-228
-221
-206
-186
-153
-122
-101
-81
-68
-75
-79
-78
-69
-34
-9
22
52
79
118
172
228
277
323
363
375
395
431
467
489
492
501
492
486
451
421
379
351
322
272
247
223
215
196
155
115
69
25
-29
-93
-127
-162
-210
-254
-284
-308
-334
-341
-345
-315
-273
-229
-183
-145
-114
-109
-129
-180
-234
-308
-398
-490
-579
-663
-715
-768
-808
-810
-806
-762
-692
-611
-506
-384
-267
-137
-13
102
217
304
397
481
571
643
686
732
753
750
721
675
610
528
422
292
172
80
-9
-97
-185
-247
-286
-314
-349
-350
-334
-321
-282
-289
-278
-240
-223
-200
-185
-169
-135
-105
-77
-23
33
100
185
245
324
414
488
556
596
624
656
674
681
648
629
595
550
482
419
376
321
288
221
165
114
60
10
-45
-89
-137
-192
-253
-314
-373
-410
-445
-468
-484
-488
-474
-448
-394
-338
-282
-239
-191
-149
-147
-165
-212
-256
-297
-352
-415
-494
-552
-576
-595
-601
-595
-568
-524
-471
-406
-337
-250
-164
-77
-1
75
175
266
368
454
529
597
642
693
718
709
674
622
543
453
355
250
154
46
-59
-159
-242
-305
-310
-320
-338
-325
-306
-264
-227
-188
-145
-112
-102
-93
-74
-59
-26
-6
13
48
96
158
227
290
371
431
478
517
549
591
627
625
612
585
527
473
401
343
283
218
151
76
10
-25
-67
-109
-142
-176
-193
-211
-222
-240
-257
-278
-291
-319
-337
-327
-316
-297
-262
-208
-154
-113
-81
-74
-101
-144
-202
-253
-322
-389
-448
-518
-567
-588
-624
-648
-646
-623
-585
-547
-505
-420
-330
-253
-148
-46
66
208
339
461
568
650
713
753
765
749
708
661
589
479
377
267
160
56
-48
-129
-177
-209
-231
-230
-236
-216
-188
-154
-127
-108
-101
-89
-108
-117
-116
-141
-127
-130
-131
-93
-56
-3
73
125
181
254
288
333
388
426
457
474
474
477
470
454
421
399
363
312
279
236
211
190
175
160
128
95
57
32
-8
-46
-97
-144
-188
-238
-274
-307
-323
-335
-340
-335
-304
-272
-231
-192
-177
-166
-167
-167
-208
-258
-300
-359
-410
-476
-540
-587
-631
-674
-703
-726
-735
-722
-680
-625
-542
-444
-341
-211
-103
25
155
267
361
452
533
589
653
682
706
694
665
635
581
517
448
364
283
209
137
94
57
27
11
-11
-29
-37
-53
-41
-29
-33
-37
-64
-76
-78
-94
-108
-100
-100
-92
-71
-46
8
63
123
184
229
280
339
407
474
516
539
537
521
491
467
442
403
363
306
261
216
178
155
136
103
75
35
-20
-70
-126
-179
-252
-310
-369
-417
-464
-503
-537
-540
-537
-515
-479
-445
-385
-330
-279
-242
-222
-220
-235
-278
-331
-386
-461
-535
-601
-665
-699
-736
-745
-725
-688
-623
-553
-467
-351
-219
-95
22
137
256
360
462
550
633
721
776
812
837
845
824
801
756
707
646
563
464
368
274
188
102
25
-36
-92
-130
-168
-193
-217
-224
-234
-252
-267
-291
-299
-298
-295
-289
-269
-248
-209
-172
-124
-45
28
124
209
282
365
443
503
557
587
610
619
606
596
575
536
508
464
410
363
305
260
204
138
81
13
-63
-138
-210
-277
-351
-424
-482
-534
-579
-618
-631
-623
-600
-564
-511
-443
-372
-302
-227
-177
-162
-166
-217
-258
-312
-371
-413
-472
-523
-572
-603
-631
-633
-613
-569
-518
-465
-386
-287
-189
-76
57
178
294
394
493
584
668
750
822
874
902
908
882
846
792
712
620
515
411
317
221
130
58
-18
-67
-116
-172
-213
-238
-252
-262
-289
-317
-335
-335
-332
-334
-317
-295
-250
-207
-153
-103
-44
28
106
176
252
334
408
466
499
529
537
552
547
532
514
480
436
379
322
254
190
129
57
1
-54
-92
-122
-167
-214
-269
-321
-366
-408
-452
-504
-529
-545
-547
-525
-500
-476
-451
-429
-404
-368
-333
-304
-276
-269
-267
-260
-295
-343
-388
-427
-466
-514
-560
-574
-560
-528
-498
-472
-402
-311
-224
-125
-8
115
248
377
500
619
729
827
898
936
975
993
992
978
939
884
805
715
624
521
406
290
170
53
-40
-136
-234
-315
-372
-403
-434
-445
-440
-410
-370
-338
-315
-289
-253
-221
-180
-149
-114
-75
-43
-8
19
55
111
178
235
306
370
430
478
506
534
547
550
528
495
445
383
295
207
129
58
-13
-77
-150
-217
-258
-289
-310
-339
-339
-349
-354
-368
-370
-375
-386
-408
-438
-460
-482
-490
-483
-464
-437
-396
-355
-307
-268
-224
-203
-184
-197
-217
-230
-266
-296
-318
-327
-348
-340
-324
-292
-248
-198
-135
-61
21
104
180
261
343
422
495
562
620
661
672
686
699
707
709
698
667
616
555
466
364
255
134
18
-103
-194
-283
-365
-432
-480
-489
-483
-467
-436
-380
-314
-251
-188
-149
-105
-67
-49
-25
-9
2
34
76
118
168
220
279
357
425
491
554
600
640
655
643
628
595
547
479
405
318
226
139
51
-21
-95
-154
-195
-226
-233
-246
-254
-271
-293
-317
-352
-386
-425
-453
-486
-534
-569
-608
-628
-627
-616
-574
-524
-455
-383
-320
-250
-192
-153
-149
-138
-143
-145
-136
-143
-153
-162
-172
-193
-198
-202
-187
-158
-128
-82
-36
9
72
144
233
312
394
475
542
606
668
718
752
764
742
697
625
538
432
310
190
59
-67
-172
-262
-313
-348
-364
-348
-326
-283
-236
-188
-143
-108
-73
-59
-51
-52
-63
-66
-69
-76
-74
-53
-37
4
58
115
187
266
337
391
455
501
541
571
574
565
533
475
412
353
285
220
159
100
52
4
-39
-67
-93
-130
-163
-197
-235
-269
-315
-361
-401
-455
-511
-562
-609
-646
-664
-675
-654
-615
-567
-502
-417
-303
-199
-93
4
70
119
145
147
130
91
49
-12
-85
-162
-240
-295
-349
-385
-404
-409
-393
-362
-302
-218
-122
-4
104
211
316
417
510
588
653
688
699
692
666
620
576
514
435
346
265
163
68
2
-54
-109
-148
-167
-190
-193
-193
-186
-186
-202
-206
-213
-221
-207
-210
-210
-188
-180
-160
-135
-92
-28
43
134
240
345
439
529
600
656
696
706
695
666
614
551
480
398
330
245
155
82
7
-62
-113
-149
-181
-198
-223
-239
-267
-297
-333
-388
-451
-507
-556
-591
-608
-642
-639
-639
-623
-585
-533
-445
-358
-256
-149
-57
25
102
155
173
171
137
83
19
-67
-149
-248
-333
-405
-464
-488
-503
-496
-475
-421
-347
-259
-159
-43
63
172
273
364
439
510
581
614
645
658
665
664
639
599
545
479
410
330
243
168
84
4
-57
-121
-161
-202
-236
-257
-268
-268
-267
-266
-257
-242
-228
-207
-189
-151
-104
-51
1
67
153
234
323
397
465
537
583
614
632
638
630
612
576
519
459
392
325
253
175
99
25
-33
-84
-128
-173
-208
-229
-242
-269
-290
-317
-336
-362
-400
-434
-462
-498
-525
-542
-560
-548
-540
-527
-499
-454
-406
-366
-310
-240
-184
-134
-87
-52
-24
-32
-38
-64
-111
-154
-209
-254
-301
-341
-363
-372
-378
-362
-332
-279
-216
-141
-47
39
118
200
280
357
431
490
549
595
619
642
635
611
591
562
523
468
414
341
269
186
101
26
-43
-108
-161
-206
-238
-259
-256
-251
-234
-205
-170
-108
-59
6
62
103
159
205
238
263
289
316
338
362
380
397
409
411
413
401
383
363
328
280
233
180
121
61
6
-26
-54
-76
-96
-126
-139
-150
-156
-169
-192
-194
-213
-241
-268
-311
-343
-386
-438
-486
-522
-551
-558
-555
-540
-510
-472
-429
-384
-335
-290
-249
-201
-150
-106
-78
-64
-66
-79
-97
-120
-141
-161
-175
-191
-217
-232
-233
-228
-210
-183
-141
-104
-54
-3
55
112
158
213
263
313
366
413
452
487
513
526
523
514
490
453
398
342
285
224
159
111
66
24
-2
-22
-31
-38
-28
-12
1
18
39
59
72
98
124
142
154
161
177
190
208
228
233
242
248
254
257
256
259
253
234
226
207
184
157
133
114
98
63
28
6
-31
-59
-90
-122
-161
-200
-251
-300
-343
-385
-426
-462
-496
-519
-531
-541
-534
-525
-515
-499
-474
-448
-429
-387
-357
-332
-296
-276
-238
-206
-175
-137
-93
-49
0
34
71
102
127
152
155
148
134
108
82
50
22
-13
-46
-71
-88
-89
-81
-55
-18
24
71
115
158
206
243
270
312
340
358
361
361
369
371
376
366
361
334
307
281
237
196
160
116
82
39
-2
-26
-49
-62
-78
-73
-65
-50
-33
-24
-2
22
43
60
75
84
97
100
101
107
106
112
108
106
109
110
121
126
140
135
129
123
104
83
46
12
-27
-83
-128
-174
-224
-261
-303
-327
-358
-387
-390
-383
-370
-352
-336
-321
-311
-305
-300
-282
-276
-263
-247
-233
-222
-211
-192
-162
-122
-86
-39
3
47
93
138
171
202
217
210
191
167
129
92
54
-2
-51
-102
-153
-181
-204
-209
-199
-174
-139
-104
-63
-30
7
55
108
153
196
241
286
332
360
383
390
386
388
368
336
308
279
238
198
144
99
56
22
-1
-13
-18
-24
-15
-10
4
9
16
13
13
18
15
22
10
9
11
9
14
18
32
51
57
76
79
87
94
100
99
95
86
62
44
2
-34
-68
-112
-142
-171
-202
-216
-242
-250
-256
-263
-271
-274
-274
-270
-255
-242
-227
-210
-183
-167
-160
-144
-138
-115
-102
-89
-72
-49
-25
-3
26
46
65
85
94
103
111
108
101
80
62
38
15
-11
-36
-67
-102
-115
-125
-124
-101
-85
-60
-27
7
50
95
129
166
205
223
245
251
261
265
247
236
215
194
164
131
104
88
72
58
53
44
46
45
42
40
31
25
6
-29
-53
-78
-106
-130
-149
-157
-160
-160
-154
-130
-100
-60
-34
-2
26
49
65
71
81
85
77
62
46
39
28
14
16
3
-5
-5
-9
-5
-3
-6
-13
-22
-40
-64
-81
-101
-118
-123
-127
-124
-121
-111
-97
-76
-63
-46
-21
0
19
46
60
76
89
82
86
73
65
53
34
24
6
-5
-16
-42
-65
-81
-102
-106
-111
-111
-104
-93
-71
-47
-19
8
39
65
88
111
124
141
160
165
166
164
152
141
127
101
77
61
46
36
17
10
1
-5
-10
-20
-37
-52
-62
-78
-96
-123
-139
-160
-185
-207
-217
-235
-235
-219
-202
-168
-132
-89
-35
13
47
91
134
166
190
200
214
213
201
196
183
154
134
113
93
79
63
44
31
20
8
-7
-27
-47
-59
-76
-95
-100
-100
-96
-93
-90
-93
-86
-76
-74
-59
-42
-26
-4
15
34
59
70
86
95
92
88
79
65
46
26
-9
-43
-78
-111
-133
-155
-173
-176
-174
-163
-149
-125
-90
-55
-15
21
59
91
119
133
149
154
156
155
146
138
123
119
113
105
96
86
76
61
51
38
19
-1
-23
-42
-61
-89
-106
-129
-148
-155
-162
-170
-171
-168
-170
-156
-139
-130
-113
-93
-67
-42
-34
-12
8
23
44
59
69
83
104
119
135
155
166
173
175
170
161
149
136
115
88
66
45
23
3
-10
-14
-21
-26
-24
-14
-15
-7
-1
9
24
36
58
68
81
89
91
83
71
61
58
42
21
1
-15
-32
-59
-80
-113
-143
-168
-193
-206
-221
-234
-230
-232
-232
-219
-209
-190
-159
-128
-88
-45
-12
17
43
73
91
111
135
143
149
161
160
156
145
132
127
109
97
74
51
22
-8
-42
-75
-100
-126
-149
-167
-180
-184
-178
-165
-149
-126
-104
-76
-44
-15
14
36
60
77
90
106
109
105
111
109
111
107
98
100
109
107
113
122
116
110
105
92
86
76
63
62
54
47
32
19
13
8
5
8
9
14
31
45
62
69
74
82
77
86
89
70
63
48
35
16
-6
-17
-37
-53
-85
-116
-146
-182
-205
-223
-240
-252
-255
-248
-240
-238
-237
-222
-205
-182
-154
-116
-81
-51
-9
14
43
73
85
105
118
124
132
137
142
136
129
115
101
90
74
59
44
28
5
-13
-35
-55
-69
-76
-93
-100
-108
-110
-111
-114
-106
-83
-54
-22
5
28
60
83
107
125
142
151
156
164
167
169
163
151
137
127
109
92
82
67
51
32
15
11
9
10
14
19
26
30
39
36
49
58
63
66
71
74
67
67
45
34
19
7
-7
-25
-28
-39
-47
-65
-79
-86
-98
-117
-131
-144
-159
-171
-189
-201
-213
-228
-242
-241
-239
-240
-232
-220
-211
-200
-181
-154
-126
-97
-76
-56
-36
-18
0
14
25
37
34
36
44
50
61
66
74
80
93
97
104
119
130
140
143
144
148
150
141
137
134
133
133
125
117
108
99
90
85
76
79
79
81
92
94
96
97
86
82
83
81
87
81
83
82
76
72
64
55
49
46
40
27
19
12
6
-3
-8
-13
-16
-15
-23
-21
-31
-49
-56
-70
-82
-84
-88
-91
-96
-100
-106
-106
-117
-125
-126
-129
-136
-137
-132
-134
-123
-127
-125
-121
-116
-108
-99
-103
-104
-100
-110
-124
-134
-136
-154
-156
-160
-162
-159
-149
-140
-125
-106
-85
-63
-38
-17
8
27
42
63
80
97
104
119
137
142
152
160
165
173
172
168
166
165
163
160
155
146
136
128
113
99
85
63
53
39
20
11
6
9
15
14
18
25
37
50
59
63
69
76
73
77
85
90
92
93
95
90
86
91
83
76
66
51
43
29
17
0
-17
-28
-43
-53
-59
-64
-60
-61
-59
-55
-52
-53
-55
-51
-51
-52
-55
-56
-61
-64
-71
-82
-96
-114
-124
-126
-126
-127
-131
-140
-135
-134
-136
-139
-143
-145
-160
-169
-184
-201
-206
-215
-222
-214
-202
-182
-162
-133
-95
-63
-21
9
33
57
90
107
118
135
144
154
163
166
163
162
158
161
170
176
169
170
166
155
144
137
126
114
107
98
78
67
51
39
34
24
25
20
20
21
25
28
40
52
58
70
77
84
93
100
89
81
81
77
66
69
74
65
59
53
42
28
12
-4
-12
-29
-38
-57
-78
-85
-93
-90
-89
-95
-87
-81
-81
-85
-81
-83
-87
-92
-102
-104
-106
-109
-119
-123
-131
-136
-136
-138
-137
-130
-121
-113
-109
-100
-94
-81
-74
-66
-53
-50
-56
-57
-49
-36
-24
-12
10
28
43
63
81
95
112
117
118
127
125
117
109
100
90
76
53
44
35
30
19
1
-8
-20
-30
-42
-42
-46
-54
-50
-49
-42
-33
-22
-11
8
13
25
32
37
37
36
52
60
80
91
102
108
113
116
117
117
117
113
115
115
106
92
80
73
60
48
30
15
4
-1
-3
0
-8
-13
-15
-16
-12
2
7
8
18
14
1
-12
-32
-47
-67
-81
-90
-104
-111
-126
-133
-135
-136
-130
-126
-125
-117
-101
-92
-74
-64
-49
-41
-41
-40
-43
-43
-36
-24
-17
-2
5
12
17
26
31
39
35
42
44
36
31
26
18
2
-3
-17
-23
-36
-41
-45
-52
-55
-62
-62
-59
-59
-54
-41
-39
-33
-30
-25
-20
-12
1
15
25
35
52
60
70
80
84
90
92
95
102
103
102
96
97
93
92
90
83
80
79
79
75
73
68
63
58
53
44
39
32
18
10
-1
-8
-19
-25
-31
-29
-33
-27
-25
-25
-23
-33
-32
-36
-40
-49
-62
-72
-81
-89
-96
-98
-91
-86
-80
-70
-57
-45
-27
-11
-1
15
23
29
37
44
55
69
76
75
76
75
71
67
61
52
49
46
42
37
23
21
13
4
-3
-15
-27
-40
-50
-58
-63
-76
-92
-101
-108
-118
-130
-144
-159
-167
-168
-168
-162
-158
-144
-123
-107
-92
-71
-55
-36
-14
3
17
28
44
54
67
81
85
94
105
109
122
128
130
141
145
142
147
143
150
151
146
138
125
114
91
83
71
59
44
41
37
27
21
12
6
2
4
5
1
2
0
-9
-20
-32
-47
-56
-60
-67
-74
-72
-73
-84
-87
-92
-93
-89
-83
-79
-74
-64
-56
-50
-32
-18
-7
1
9
13
17
25
38
46
52
60
62
57
49
43
34
30
21
4
-7
-10
-24
-33
-42
-56
-67
-73
-79
-93
-101
-105
-108
-115
-118
-118
-121
-120
-112
-109
-104
-101
-94
-77
-64
-54
-41
-29
-13
2
15
35
54
78
88
100
113
115
121
122
120
127
128
126
134
130
132
124
117
109
105
109
106
100
93
97
89
77
74
66
63
60
57
52
44
36
35
36
35
35
31
25
17
10
1
-2
-8
-18
-35
-51
-60
-68
-80
-88
-93
-105
-111
-114
-112
-109
-107
-98
-98
-97
-85
-70
-60
-47
-35
-26
-16
-11
-6
-5
-3
-7
-8
-14
-29
-30
-37
-38
-45
-56
-69
-76
-87
-97
-101
-105
-99
-100
-102
-103
-102
-105
-98
-88
-86
-79
-65
-58
-50
-39
-32
-28
-21
-10
-2
14
24
37
49
59
73
92
104
116
137
153
164
166
170
172
160
159
152
139
124
113
109
101
87
82
89
93
103
107
108
109
110
104
97
96
93
82
69
60
49
36
26
25
19
12
8
4
-8
-15
-28
-44
-54
-64
-73
-88
-94
-102
-117
-129
-138
-141
-137
-133
-132
-128
-125
-119
-109
-95
-76
-58
-40
-26
-12
-2
1
10
10
9
16
19
17
15
12
3
-5
-19
-31
-39
-54
-65
-72
-84
-88
-93
-95
-100
-99
-87
-91
-87
-84
-78
-80
-82
-78
-83
-83
-80
-73
-65
-52
-44
-40
-30
-13
9
28
44
70
82
97
110
126
139
146
153
153
157
151
151
149
136
124
123
121
123
128
123
121
119
119
111
110
107
105
99
90
82
71
70
62
60
48
39
35
27
17
16
6
-2
-13
-27
-35
-48
-62
-75
-78
-83
-84
-89
-93
-98
-104
-100
-100
-94
-86
-75
-65
-62
-52
-47
-44
-41
-36
-42
-45
-38
-37
-27
-30
-32
-40
-52
-59
-64
-67
-80
-87
-100
-109
-113
-124
-131
-136
-140
-143
-146
-146
-140
-135
-137
-132
-118
-102
-92
-74
-62
-49
-34
-21
-3
16
30
44
62
75
93
103
117
134
147
160
168
177
188
188
191
191
190
197
197
194
193
196
185
182
176
165
160
147
140
137
137
133
120
104
84
76
68
54
49
31
12
1
-16
-29
-48
-63
-69
-81
-85
-88
-93
-97
-98
-99
-103
-96
-94
-98
-100
-99
-103
-98
-103
-102
-101
-101
-105
-106
-98
-92
-89
-77
-77
-74
-59
-53
-53
-55
-54
-53
-58
-59
-57
-58
-61
-69
-71
-70
-73
-74
-72
-74
-72
-73
-75
-68
-67
-64
-60
-50
-46
-40
-30
-30
-23
-25
-18
-8
2
10
24
37
49
69
75
91
104
110
125
130
137
144
153
151
142
132
122
116
112
107
110
104
98
95
90
84
70
65
57
55
60
62
67
71
64
62
56
52
52
46
43
38
35
21
3
-4
-14
-27
-34
-41
-47
-51
-60
-63
-61
-63
-61
-66
-69
-60
-58
-58
-54
-53
-53
-50
-50
-43
-39
-32
-22
-16
-8
-7
-2
-10
-17
-19
-22
-26
-27
-27
-35
-33
-43
-49
-56
-69
-80
-88
-93
-97
-108
-111
-121
-122
-125
-138
-135
-136
-140
-138
-127
-122
-112
-103
-94
-81
-71
-53
-39
-23
-10
3
21
36
57
77
87
103
115
126
133
133
139
144
148
155
158
157
156
157
156
149
143
131
123
121
120
115
111
114
111
114
109
104
100
94
86
76
69
60
57
50
47
47
35
23
12
-8
-12
-22
-33
-38
-46
-57
-63
-70
-85
-94
-99
-104
-105
-104
-110
-113
-119
-121
-117
-107
-99
-86
-72
-68
-60
-49
-49
-45
-37
-34
-31
-26
-30
-27
-25
-26
-27
-32
-32
-34
-38
-42
-43
-48
-49
-56
-64
-61
-61
-62
-62
-65
-66
-59
-61
-52
-41
-35
-28
-27
-22
-16
-6
7
17
26
36
41
49
49
51
61
66
69
80
80
74
79
78
78
76
74
70
62
64
60
58
56
54
50
48
50
54
56
57
62
59
66
65
64
61
56
56
56
54
53
49
46
37
27
17
12
-2
-9
-13
-18
-26
-29
-30
-39
-45
-44
-49
-54
-61
-72
-74
-75
-81
-81
-74
-70
-63
-54
-43
-37
-33
-20
-16
-8
0
9
21
22
19
24
24
24
27
22
17
5
-7
-14
-19
-24
-30
-31
-39
-50
-53
-50
-52
-53
-50
-53
-56
-60
-59
-58
-59
-60
-53
-46
-48
-45
-44
-43
-35
-27
-17
-6
2
8
15
22
31
33
37
42
44
48
55
59
58
59
62
65
66
58
56
52
47
43
39
37
26
22
22
17
18
23
26
33
37
41
40
40
47
46
44
46
48
43
34
30
19
14
6
-2
-8
-10
-15
-13
-14
-19
-17
-23
-25
-23
-23
-26
-24
-19
-25
-22
-23
-23
-15
-9
-4
2
5
6
4
5
3
3
0
-3
-1
-4
4
7
9
7
5
-2
-5
-15
-24
-28
-37
-42
-47
-51
-53
-59
-62
-64
-71
-82
-85
-86
-91
-85
-82
-75
-74
-65
-51
-47
-36
-23
-16
-5
3
7
19
29
32
29
39
40
41
43
47
53
49
48
48
42
42
43
39
36
39
39
38
38
35
30
30
27
30
27
29
32
31
32
24
25
27
17
21
20
17
27
29
28
30
30
23
27
24
30
36
38
41
38
43
50
41
39
38
30
21
18
13
6
0
-9
-16
-20
-32
-43
-52
-58
-56
-57
-54
-56
-62
-62
-55
-59
-56
-52
-51
-53
-50
-50
-48
-46
-45
-39
-40
-35
-37
-42
-38
-34
-35
-30
-27
-25
-23
-18
-22
-20
-19
-16
-17
-14
-12
-11
-4
4
10
23
28
34
44
50
56
54
51
48
45
45
45
35
30
20
11
8
6
7
0
5
6
6
5
2
2
2
3
-3
8
9
9
7
4
3
7
13
12
13
18
22
21
21
18
30
28
24
25
23
23
21
18
17
22
22
24
21
23
26
19
21
13
16
16
10
12
11
10
11
5
-6
-11
-21
-30
-36
-42
-45
-44
-42
-44
-35
-33
-39
-39
-36
-29
-20
-21
-15
-12
-17
-16
-18
-21
-21
-24
-24
-27
-26
-28
-29
-31
-35
-34
-35
-38
-41
-40
-41
-38
-35
-33
-27
-25
-25
-27
-17
-11
-9
-6
2
5
8
11
14
21
16
17
25
26
26
32
36
37
34
33
31
37
48
48
51
52
47
45
46
45
49
51
53
52
56
58
61
67
68
73
71
66
63
67
64
62
53
51
42
28
26
18
14
2
-9
-15
-26
-32
-41
-53
-62
-65
-69
-70
-67
-67
-75
-80
-86
-89
-95
-97
-98
-91
-89
-88
-82
-73
-62
-56
-53
-51
-47
-52
-49
-49
-38
-32
-32
-23
-25
-20
-16
-15
-12
-9
-9
-7
-3
-6
3
4
6
14
24
28
36
44
43
48
45
50
53
60
63
67
71
71
71
71
68
70
72
70
73
71
64
64
61
56
54
46
40
37
27
25
19
14
11
-1
-2
-4
-10
-13
-12
-15
-22
-25
-29
-30
-24
-23
-13
-2
-4
-2
1
-3
0
5
-3
-7
-12
-10
-11
-12
-16
-20
-21
-25
-25
-18
-14
-16
-11
-18
-26
-22
-25
-27
-21
-21
-17
-22
-23
-24
-32
-27
-27
-28
-30
-36
-39
-37
-34
-30
-28
-27
-27
-28
-34
-38
-30
-28
-25
-21
-21
-23
-24
-28
-24
-20
-21
-15
-13
-12
-7
-7
3
8
5
8
11
10
21
26
26
18
20
19
19
23
22
28
34
30
31
39
42
47
48
47
53
52
59
61
57
55
51
45
41
34
41
39
36
33
29
28
27
22
21
20
16
21
19
14
4
2
-3
-7
-12
-13
-16
-19
-14
-12
-9
-11
-9
-14
-19
-23
-22
-17
-17
-17
-22
-27
-30
-31
-34
-36
-42
-39
-36
-41
-44
-45
-48
-55
-62
-58
-55
-54
-50
-50
-47
-46
-50
-51
-56
-56
-53
-48
-43
-35
-30
-30
-22
-14
-8
0
8
13
19
28
37
40
46
55
58
70
71
74
80
78
82
79
78
74
69
67
66
67
62
58
56
51
44
43
36
30
29
27
21
20
20
19
22
15
8
4
1
-4
-3
-7
-9
-14
-21
-28
-29
-32
-35
-35
-43
-44
-46
-45
-50
-53
-57
-63
-55
-57
-53
-52
-52
-53
-50
-43
-40
-31
-34
-33
-27
-22
-17
-18
-15
-14
-14
-7
-8
-4
-4
-13
-12
-10
-5
0
4
5
9
11
11
10
14
17
20
23
20
23
17
15
20
20
20
19
20
13
10
6
0
-5
-4
-2
2
3
2
12
8
10
8
7
15
19
27
26
25
25
25
25
24
24
24
22
26
26
14
16
19
13
11
9
6
3
-1
0
1
-1
-6
-7
-4
-8
-13
-13
-17
-21
-23
-21
-19
-16
-12
-3
0
5
17
17
28
34
34
32
31
28
26
18
13
4
-3
-6
-8
-5
-10
-12
-15
-15
-13
-18
-15
-24
-28
-27
-33
-34
-35
-37
-37
-34
-31
-28
-25
-29
-26
-28
-27
-24
-20
-11
-7
2
2
4
3
7
9
5
8
6
9
9
10
11
10
4
0
1
2
8
15
26
25
30
31
27
31
31
31
32
33
35
33
30
28
21
23
20
13
6
-1
-4
-8
-6
-15
-15
-15
-22
-21
-25
-30
-35
-37
-34
-34
-35
-31
-32
-31
-32
-36
-33
-31
-24
-18
-15
-10
-2
5
14
16
17
14
12
13
13
14
15
13
6
6
11
4
8
6
3
1
-4
-9
-8
-6
-6
-6
-8
-12
-17
-21
-21
-18
-19
-16
-17
-19
-13
-14
-7
1
3
6
8
14
18
27
34
36
34
37
37
40
44
47
52
55
54
50
48
47
41
38
37
35
31
30
36
31
28
27
23
18
12
8
5
4
-5
-13
-18
-25
-28
-32
-39
-44
-46
-52
-51
-51
-50
-50
-56
-58
-64
-69
-63
-62
-57
-57
-50
-43
-34
-29
-29
-27
-23
-19
-10
-8
-10
-2
-3
-7
-9
-11
-4
-1
3
5
3
5
8
6
6
8
4
8
10
8
6
6
0
5
8
5
8
6
6
7
13
11
16
16
9
14
14
13
15
21
20
24
23
25
25
33
36
41
37
41
43
44
45
47
53
55
58
56
60
51
46
48
49
50
47
46
44
43
37
33
25
22
13
4
4
-1
-1
-6
-9
-15
-23
-33
-41
-46
-52
-60
-67
-70
-71
-68
-73
-71
-74
-77
-76
-76
-67
-60
-58
-54
-54
-54
-51
-44
-47
-50
-44
-39
-29
-22
-15
-12
-13
-17
-17
-12
-11
-3
2
10
14
20
31
28
33
31
32
32
31
25
28
27
33
27
21
21
13
9
7
6
1
3
4
3
3
7
8
10
8
10
5
5
13
8
12
11
13
14
18
19
24
29
29
30
34
37
45
45
44
43
40
35
33
30
22
26
17
15
13
13
11
11
6
-1
-1
-4
-4
-2
1
4
2
3
-2
-7
-5
-4
-1
-2
3
-1
-4
-7
-11
-14
-17
-23
-26
-32
-36
-33
-38
-39
-46
-50
-44
-44
-44
-44
-42
-39
-39
-37
-36
-35
-37
-32
-27
-23
-16
-7
-7
-4
-2
-2
0
0
-1
0
-1
-4
-12
-10
-14
-20
-17
-14
-7
-8
-4
-3
2
5
8
10
6
1
1
2
4
9
9
9
13
13
18
25
22
28
29
26
30
28
31
35
34
37
35
36
37
34
34
38
32
33
28
25
27
27
28
28
27
28
29
29
31
30
25
26
26
22
25
22
19
15
6
-2
-6
-10
-19
-22
-23
-23
-30
-29
-30
-32
-32
-36
-27
-25
-25
-32
-28
-27
-32
-34
-36
-44
-48
-44
-40
-37
-32
-27
-28
-32
-28
-26
-26
-23
-15
-11
-7
-5
-3
1
-6
0
-2
-1
0
2
7
8
12
12
16
13
12
11
2
4
3
0
3
0
8
11
10
14
16
14
13
9
13
13
17
16
21
27
31
27
23
21
15
12
11
13
14
19
19
18
18
14
10
5
-3
-6
-12
-9
-6
-5
-1
-7
-12
-14
-18
-20
-17
-13
-12
-10
-6
-9
-3
-3
-8
-10
-13
-7
-11
-11
-10
-8
-8
-6
-7
-2
-4
-12
-12
-13
-8
-10
-6
-9
-2
3
5
3
-4
-6
-5
-1
6
11
11
13
12
14
10
12
17
15
19
17
13
13
10
9
10
11
11
9
6
3
2
-3
2
0
-1
-3
-1
0
-5
-9
-10
-12
-12
-10
-12
-13
-17
-16
-14
-16
-11
-13
-13
-12
-9
-4
-7
-9
-10
-10
-5
-5
-2
-1
5
11
9
16
13
15
17
17
18
19
24
24
20
18
20
22
24
19
21
19
12
9
4
3
0
-4
-4
-2
-5
-9
-7
-8
-11
-10
-10
-14
-16
-16
-7
-8
-6
-6
-12
-10
-16
-11
-8
-5
-1
-5
-1
-5
-8
-8
-7
-6
-8
-9
-7
0
3
1
6
4
0
0
-3
0
1
-1
5
0
-3
4
1
-4
-7
-12
-15
-12
-14
-14
-14
-17
-20
-17
-18
-13
-12
-11
-9
-7
0
5
4
2
5
5
5
10
12
16
20
18
21
19
19
18
20
23
24
23
20
14
16
16
15
10
7
7
4
2
1
2
-1
-4
-5
0
-3
-9
-15
-13
-15
-18
-12
-10
-8
-9
-11
-8
-8
-8
-7
-7
-5
-3
0
3
6
2
-2
-6
-5
-8
-10
-6
-5
-1
-1
-1
-5
-6
-3
-6
0
0
1
4
6
10
7
6
7
6
6
3
8
11
9
5
5
2
-1
-1
-3
-1
-3
-4
-1
-3
-3
-4
-4
-5
-3
-3
-1
-3
-3
-2
-3
-5
0
1
2
1
4
5
7
13
16
16
15
14
12
13
13
13
11
10
10
13
10
8
9
8
10
10
9
10
7
4
8
4
7
10
6
7
7
4
10
13
9
11
9
5
6
8
4
-3
-5
-6
-10
-12
-15
-19
-24
-23
-27
-30
-31
-30
-29
-29
-32
-35
-33
-31
-31
-30
-28
-29
-30
-30
-27
-24
-22
-23
-25
-22
-20
-18
-15
-14
-10
-3
-5
0
0
-5
-4
-1
3
5
12
11
11
10
9
12
14
15
18
22
27
31
31
29
29
29
32
35
35
37
35
32
29
26
21
18
16
12
7
3
2
4
2
3
4
4
4
4
2
-2
0
3
3
-2
1
3
-1
-1
-4
-2
-4
-1
-4
-4
-3
0
4
5
9
10
10
5
6
6
8
7
10
12
11
8
8
3
2
-3
-3
-6
-7
-5
-3
-4
-8
-9
-17
-19
-21
-26
-26
-24
-23
-21
-16
-17
-20
-23
-24
-31
-27
-25
-24
-19
-17
-16
-11
-8
-11
-7
-8
-7
-6
-4
-2
-4
-7
-9
-8
-9
-9
-9
-9
-5
-2
-1
1
0
5
6
5
6
8
10
8
10
14
15
18
17
14
15
17
13
12
13
11
13
13
14
11
9
7
7
9
10
11
11
11
11
13
16
18
15
15
15
14
18
20
17
18
14
12
10
4
4
2
1
-1
-1
1
2
-4
-5
-7
-11
-9
-10
-8
-7
-7
-8
-8
-9
-10
-10
-12
-13
-15
-13
-15
-17
-19
-20
-21
-21
-21
-20
-17
-19
-20
-20
-23
-20
-17
-16
-12
-11
-12
-9
-8
-7
-8
-5
-3
0
4
10
12
14
16
16
15
11
15
17
17
16
15
17
16
12
11
9
9
7
4
5
9
11
11
16
16
13
13
11
7
7
5
6
7
4
6
8
8
9
6
3
3
3
6
6
5
3
2
3
1
2
0
0
-1
-3
2
-2
2
5
5
6
4
3
-2
3
3
5
8
7
7
4
5
4
4
6
4
4
6
2
6
4
-1
-4
-7
-11
-13
-16
-18
-21
-25
-25
-22
-25
-24
-26
-24
-22
-23
-22
-24
-20
-21
-23
-24
-26
-24
-23
-25
-25
-28
-28
-29
-28
-28
-26
-23
-19
-18
-18
-18
-16
-16
-13
-10
-5
-4
-2
3
5
6
9
14
16
17
22
26
29
30
31
34
37
38
38
37
37
40
41
42
41
39
37
34
33
34
33
35
35
31
27
23
20
18
21
19
13
14
11
7
6
3
0
-2
-4
-2
-2
-4
-8
-6
-6
-9
-9
-10
-11
-14
-11
-12
-12
-14
-15
-16
-17
-17
-18
-18
-17
-15
-21
-22
-25
-25
-23
-22
-25
-27
-25
-25
-24
-23
-23
-22
-18
-16
-14
-14
-18
-18
-17
-19
-11
-10
-4
0
2
7
8
8
9
7
9
11
12
10
10
12
11
12
12
12
9
11
8
8
10
12
8
9
10
11
12
10
7
8
7
10
10
8
7
3
4
3
2
4
0
1
-1
-5
-9
-10
-11
-14
-18
-19
-17
-18
-17
-17
-12
-9
-7
-7
-7
-5
-5
-6
-1
3
1
8
5
7
8
9
9
8
9
14
16
16
22
18
16
20
18
19
20
19
21
20
23
21
17
14
12
10
11
9
4
5
0
-3
-3
-8
-9
-15
-16
-16
-18
-18
-17
-15
-16
-13
-11
-13
-13
-18
-16
-18
-18
-18
-15
-17
-19
-19
-16
-10
-8
-9
-5
-5
-8
-5
-4
-5
-6
-4
-2
0
-1
-1
0
0
0
1
-1
0
-1
3
5
6
4
5
6
5
10
13
18
17
17
15
13
11
7
4
3
5
6
10
10
15
15
14
13
10
8
7
7
5
7
8
8
6
4
0
-2
-3
-4
-3
-1
3
3
1
-2
-3
-2
-4
-5
-7
-6
-7
-9
-8
-10
-9
-11
-13
-14
-16
-21
-18
-12
-11
-11
-9
-11
-10
-8
-12
-9
-8
-3
0
-2
-1
1
-1
0
-1
-1
2
-1
-3
-1
4
7
5
4
6
8
5
5
7
7
7
6
7
6
6
5
5
5
2
5
8
7
9
8
9
12
11
8
9
7
1
0
1
0
2
0
0
-1
-7
-8
-11
-11
-6
-5
-6
-5
-7
-9
-11
-13
-11
-14
-13
-8
-7
-4
-4
-5
-3
-1
1
3
3
2
4
6
10
11
12
12
9
7
7
3
5
6
9
7
5
6
4
4
3
3
5
4
4
5
3
1
3
5
6
5
5
6
6
7
5
5
8
3
1
-3
-3
-6
-9
-11
-13
-15
-18
-19
-21
-21
-17
-16
-16
-15
-15
-15
-11
-11
-9
-2
-3
0
0
2
5
5
6
5
4
7
9
9
9
6
4
2
4
2
0
-2
-4
-2
-3
0
-1
1
-2
-2
-2
-5
-2
-1
0
2
3
4
10
8
7
9
7
8
7
7
8
8
11
11
8
8
6
5
5
5
6
7
9
9
9
6
6
3
0
-4
-5
-3
-5
-4
-4
-5
-4
-4
-4
-7
-10
-12
-10
-7
-7
-7
-6
-9
-11
-14
-15
-13
-10
-10
-9
-5
-5
-4
-4
-6
-9
-8
-6
-7
-4
-1
0
3
3
2
4
4
5
5
7
9
12
16
16
17
14
11
9
5
7
9
10
10
9
11
12
8
8
5
2
0
-3
-3
-2
1
0
2
1
-4
-6
-11
-12
-10
-7
-5
-4
-4
-4
-6
-6
-6
-4
-4
-1
-3
-6
-5
-7
-6
-6
-8
-7
-6
-7
-3
-2
-2
1
0
0
-1
-2
0
1
3
6
8
11
9
7
4
3
3
6
8
10
10
8
9
7
5
2
3
2
4
5
3
0
-1
-4
-8
-6
-5
-5
-5
-7
-5
-3
-4
-4
-4
-3
-7
-7
-7
-5
-3
0
-2
1
-2
-4
-7
-9
-10
-10
-7
-7
-3
0
1
3
2
-1
1
3
2
1
2
0
-3
-2
-1
-3
-3
-2
-3
-3
0
2
3
5
6
9
12
9
6
3
1
0
2
3
2
3
2
2
3
2
1
1
0
0
3
3
2
2
3
2
4
3
1
0
-1
-1
1
3
4
6
8
5
5
4
5
3
4
5
7
6
1
1
-2
-1
-1
-2
-4
-6
-8
-7
-9
-8
-7
-8
-9
-7
-4
-5
-4
-4
-6
-8
-6
-5
-4
-1
-1
4
4
5
7
7
6
5
7
7
7
6
4
2
0
0
-3
-4
-3
-4
-1
-1
-1
-2
-3
-4
-5
-2
0
-2
-2
0
3
5
2
1
3
0
-2
0
-1
-2
-1
0
1
0
-2
-4
-7
-8
-8
-6
-5
-2
-2
0
4
3
3
2
3
3
3
3
4
4
4
6
8
5
4
3
2
3
2
4
4
3
2
0
2
0
-2
-2
-3
-6
-6
-3
-3
-3
-4
-6
-6
-5
-4
-2
1
2
4
3
1
2
-1
-1
3
4
4
3
3
2
3
1
-1
-1
-3
-5
-5
-3
-3
0
-1
-3
-2
-2
-2
-3
-2
-1
2
4
6
5
6
4
3
3
5
4
6
5
6
7
6
6
7
7
5
5
5
2
0
-1
-1
-3
-5
-6
-7
-9
-11
-12
-10
-10
-11
-10
-8
-7
-7
-5
-4
-4
-3
-3
-3
-3
-4
-3
-3
-2
-4
-4
-3
-4
-3
-1
2
2
2
3
2
3
2
2
3
3
7
7
6
9
9
10
10
8
8
6
9
9
7
9
8
8
4
1
2
0
1
4
3
3
2
0
0
-2
-1
-2
-2
-2
-2
-2
0
-1
-5
-5
-5
-8
-7
-7
-4
-3
-2
-2
-4
-5
-7
-9
-8
-7
-5
-6
-5
-4
-5
-6
-7
-7
-5
-5
-5
-2
-2
1
1
2
2
1
0
2
1
1
-1
-2
-1
-3
-2
-1
-1
-3
0
1
1
3
5
8
9
9
9
8
9
6
4
4
4
3
4
5
5
3
2
1
-1
-1
0
1
2
3
6
7
7
7
4
3
2
1
1
1
2
2
3
3
2
2
0
-1
-1
-3
-3
-4
-4
-2
-2
0
-1
-3
-1
-2
-1
-1
-2
-1
-2
-1
-1
-2
-2
-2
-1
0
1
2
1
-1
1
2
1
3
2
1
-2
-4
-4
-6
-4
-3
-2
-1
1
3
2
2
0
-1
-1
-2
-3
-2
-2
-2
-2
-1
-3
-3
-6
-7
-7
-5
-2
-2
0
1
-3
-5
-8
-10
-12
-12
-10
-9
-7
-4
-1
1
2
0
-2
-4
-5
-4
-2
2
3
4
2
2
1
1
0
1
2
2
4
7
9
10
11
12
14
13
11
10
9
10
11
11
12
11
10
8
8
6
5
5
4
3
3
4
2
1
-2
-2
-2
-3
-3
-2
-3
-1
-2
-5
-6
-10
-8
-11
-12
-10
-9
-8
-10
-7
-6
-8
-10
-10
-10
-9
-6
-1
-1
1
-2
-2
0
1
-2
1
0
-1
-3
-2
-1
-2
-2
-2
-1
-2
1
2
2
1
0
1
0
0
2
2
2
2
3
4
5
8
7
8
7
8
7
6
6
5
6
3
1
-2
-3
0
0
0
-1
0
2
-1
-2
0
1
1
2
2
3
3
6
3
4
4
1
-3
-4
-4
-4
-2
1
2
2
0
-1
-4
-8
-9
-8
-7
-6
-4
-4
-1
-3
-5
-5
-6
-5
-1
1
4
6
4
4
3
2
4
0
2
2
2
5
3
3
3
1
1
2
1
2
2
4
5
6
6
5
4
2
2
3
4
3
3
3
1
0
-2
0
0
-1
1
0
-3
-2
-1
-2
-1
-2
-2
-3
-5
-5
-5
-7
-7
-8
-7
-7
-7
-8
