-1
0
0
0
0
0
1
1
2
2
2
2
2
2
2
2
2
1
2
1
1
0
-1
1
0
-1
-1
-1
-2
-2
-3
-3
-3
-2
-2
-2
-1
-1
-2
-1
-2
-3
-2
-3
-1
-1
-1
-1
-1
-1
-1
-2
-1
0
0
0
0
-1
-1
-1
-1
0
-1
-1
-1
-1
0
-1
0
0
1
0
-1
2
2
2
4
4
4
4
4
5
5
6
5
7
5
6
6
6
6
5
6
4
6
5
6
6
6
5
2
4
3
3
3
1
1
1
0
0
1
0
0
-1
-1
-2
-3
-1
-3
-3
-3
-4
-4
-5
-6
-5
-5
-4
-5
-4
-4
-5
-6
-6
-6
-7
-4
-5
-5
-3
-4
-4
-5
-3
-4
-5
-5
-5
-6
-5
-5
-5
-5
-6
-5
-4
-5
-3
-3
-2
-2
-1
-1
-1
0
-1
1
1
1
2
2
3
2
2
2
3
4
3
4
3
3
4
3
3
3
3
3
3
4
5
4
4
6
6
5
6
5
5
5
5
5
6
5
4
4
4
3
4
4
3
3
2
1
1
1
1
2
3
3
3
2
1
-1
-1
-1
-1
-1
-1
-1
-1
-1
1
1
0
1
-1
-2
-2
-2
-2
-2
-3
-3
-3
-3
-2
-3
-3
-3
-4
-3
-3
-4
-4
-2
-3
-3
-2
-3
-2
-2
-2
-3
-2
-3
-1
-2
-2
-2
-2
-1
-2
-2
-1
-1
-2
-2
-2
-2
-2
-2
-2
-1
-1
0
1
-1
-1
-1
-1
-2
-2
-3
-2
-2
-2
-3
-3
-4
-3
-3
-2
-1
-1
-1
0
0
0
-1
-2
-1
-1
-1
1
1
0
1
0
1
0
2
2
1
2
2
3
3
3
5
5
6
5
6
6
6
4
5
6
7
7
7
6
5
5
5
5
6
6
5
6
4
5
4
4
4
4
4
3
3
2
1
0
-1
-1
-2
-3
-2
-2
-3
-3
-4
-4
-5
-5
-5
-5
-5
-4
-5
-4
-4
-4
-5
-4
-4
-4
-3
-3
-3
-3
-3
-4
-3
-4
-3
-1
-2
-1
0
-1
0
-1
-1
-2
-2
-2
-1
-1
0
0
-1
0
-1
0
0
0
0
0
0
0
-1
1
0
1
0
1
1
1
1
1
0
0
0
0
-1
0
0
0
0
0
-1
-1
0
-1
0
-1
-1
0
-1
0
-1
-1
-1
0
0
1
1
1
1
0
1
1
1
1
2
2
2
2
2
2
3
3
3
3
3
1
1
1
0
0
-1
0
0
1
1
1
1
2
2
2
3
3
2
3
2
2
3
2
2
1
1
2
2
-1
-1
-1
0
0
1
2
0
1
1
1
1
0
0
0
1
1
1
0
0
0
0
-2
-2
-2
-2
-2
-2
-1
1
0
0
0
-2
-1
-1
-2
-2
-2
-1
-1
-2
-3
-3
-3
-4
-3
-3
-3
-2
-2
-2
-3
-4
-3
-2
-2
-1
0
0
-1
-2
-3
-2
-2
0
0
0
-1
-1
0
-1
-1
-1
0
0
0
0
1
1
1
1
1
0
0
-1
-1
-1
-1
0
0
-1
0
-1
-1
1
1
1
2
1
2
1
1
1
2
1
1
1
0
0
1
1
1
1
1
1
1
1
1
1
1
2
2
1
1
2
0
1
2
1
1
1
1
0
1
0
1
1
1
-1
-1
2
0
1
1
0
1
0
1
2
2
1
3
3
2
3
3
3
2
2
2
2
2
1
2
2
3
2
2
2
0
1
2
1
0
0
0
-2
0
0
0
0
0
0
-1
-1
-1
-3
-3
-3
-3
-4
-3
-2
-4
-3
-2
-2
-3
-4
-3
-3
-3
-3
-3
-3
-4
-4
-4
-3
-4
-3
-4
-3
-4
-2
-1
-1
0
1
1
1
-1
0
1
1
1
1
2
2
2
1
2
1
2
1
2
1
2
2
2
3
3
3
2
1
1
2
1
0
1
1
0
0
1
1
1
-1
0
0
-1
0
-1
-1
0
0
0
0
1
1
1
1
2
1
0
0
0
0
0
-1
-2
-1
0
1
2
1
1
2
1
1
1
2
2
2
2
1
0
1
1
1
1
1
0
1
0
0
1
0
1
1
0
2
1
1
1
1
2
0
2
2
1
1
1
1
0
0
-1
-2
0
0
0
-1
-1
-1
-2
-2
-2
-2
-2
-2
-3
-3
-2
-3
-2
-3
-2
-2
-2
-1
-1
0
0
-1
-1
-1
-1
-1
0
-1
0
1
0
0
0
1
-1
1
1
0
0
0
-1
-1
-3
-1
-1
-1
-1
-2
0
-1
-1
0
0
0
1
0
1
1
1
1
2
2
0
0
0
0
0
0
0
1
1
1
1
0
0
1
0
0
0
-1
-1
-1
-1
-2
-1
-1
-2
-1
-2
-1
-1
-1
-1
-1
0
1
0
-1
-1
0
-1
-1
-1
0
-1
0
0
0
-1
-1
0
-1
-1
-2
0
0
1
1
1
1
0
1
1
2
2
2
1
1
0
1
1
0
0
0
1
2
2
2
3
3
1
1
2
2
2
3
3
3
3
4
4
3
2
3
3
3
3
4
2
2
2
2
1
0
1
1
1
1
1
1
1
1
1
1
1
0
0
0
0
0
0
-2
-1
-1
-1
-2
0
-1
-2
-2
-3
-4
-2
-1
-2
-1
-1
-1
-1
-1
-1
-1
-3
-2
-1
-1
-2
-3
-3
-2
-2
-3
-2
-2
-1
-2
0
0
0
0
0
-1
-2
-2
-1
-1
-1
-1
-2
-2
-2
-2
-1
-2
-1
-1
-1
-2
-2
0
-1
-1
-2
-1
-1
-1
-2
-1
0
-3
-2
-1
-2
-1
-1
-1
0
0
0
-1
-3
-2
-3
-2
-2
-1
-1
0
0
0
0
0
-1
0
0
1
0
2
2
2
3
3
3
3
4
3
3
3
1
2
3
3
2
3
3
3
2
2
3
3
2
2
3
2
2
2
2
2
2
2
2
2
1
3
3
3
4
3
4
3
2
3
2
1
2
1
1
0
1
-1
0
0
-1
-1
-1
-1
-2
-3
-2
-3
-3
-2
-3
-3
-2
-2
-3
-2
-3
-3
-3
-3
-2
-3
-2
-3
-3
-3
-3
-2
-3
-3
-2
-1
-1
-1
0
0
-1
1
1
1
0
0
0
0
1
0
-1
-1
-2
-1
-1
-1
-2
-2
-2
-1
-1
-1
0
1
1
2
2
1
2
1
1
2
1
1
2
1
1
1
1
0
0
0
0
0
-2
-2
-1
-2
-1
-1
-1
-1
-1
0
-1
-2
-1
-1
-1
0
-1
0
0
-1
0
-1
0
0
0
0
-1
-1
0
0
0
1
1
0
0
0
1
1
2
2
1
1
1
2
1
1
3
2
2
2
2
3
2
2
2
1
1
1
0
1
2
0
1
2
2
1
2
2
2
2
2
2
2
1
0
0
0
-1
0
0
1
0
0
0
1
1
-1
0
0
-1
0
-1
-2
0
-1
-2
-2
-1
-1
-2
-1
-1
-2
-2
-3
-2
-3
-2
-2
-1
-1
-1
-1
-2
-2
-2
-2
-1
0
0
-1
0
0
-1
0
1
2
3
3
3
4
4
2
4
3
4
3
3
3
2
2
1
1
1
0
1
0
0
-2
0
-1
-2
0
-1
-1
-2
-2
-2
-3
-2
-3
-3
-2
-4
-4
-5
-4
-4
-3
-3
-2
-3
-3
-2
-4
-4
-4
-5
-5
-5
-4
-5
-5
-4
-5
-5
-5
-6
-5
-5
-3
-1
-1
0
1
1
0
1
2
3
3
2
4
4
5
4
3
3
4
3
4
4
5
5
5
5
4
5
4
5
7
6
6
6
6
6
4
6
5
4
4
3
4
2
3
2
1
1
1
1
0
-1
0
-1
0
0
-1
0
-1
0
0
1
1
0
0
0
-2
-1
0
-1
1
0
0
-1
-2
-1
-1
-2
-2
-1
-2
-1
-2
-1
-1
-2
-2
-2
-2
-2
-2
-2
-1
0
-1
0
-2
-1
0
0
0
1
0
-1
-1
-1
-2
-1
-3
-2
-2
-3
-5
-8
-4
-1
3
2
-1
-6
-8
-7
-3
0
2
-1
-2
-4
-1
0
0
-1
-2
-1
1
1
1
1
-1
-2
-2
-1
0
0
0
-2
-1
-1
1
1
-1
0
0
0
0
-1
-1
-3
-2
0
0
0
-1
-1
-1
0
2
2
2
1
2
3
3
3
3
3
3
4
4
5
3
4
4
5
6
5
4
3
3
3
3
4
4
4
4
5
3
4
4
3
3
1
2
2
2
3
2
0
1
0
1
1
0
0
0
-1
-1
-1
-1
-1
-1
0
0
0
-2
-3
-2
-4
-3
-3
-3
-4
-5
-5
-6
-4
-5
-4
-5
-5
-5
-4
-3
-3
-2
-2
-2
-3
-2
-1
-1
-1
-1
-1
0
-1
-1
1
2
1
0
1
1
2
1
1
1
0
0
0
2
4
3
1
0
0
-2
0
2
2
0
-3
-5
-2
0
0
1
0
-1
-1
-2
1
0
-2
-2
-1
-1
0
1
-2
-2
-3
-4
-4
-1
-1
-2
-2
-3
1
0
1
1
0
0
-1
1
4
4
1
1
-1
-1
2
4
4
1
1
1
1
1
4
6
3
4
3
3
5
5
6
5
3
3
2
2
2
4
3
1
0
1
2
1
2
1
-1
0
1
1
2
2
1
-2
-2
-4
-3
-2
-3
-3
-4
-4
-4
-3
-3
-2
-2
-3
-4
-5
-4
-4
-3
-5
-4
-5
-4
-3
-2
1
-1
-2
-1
-2
-1
0
2
2
1
0
-1
1
0
0
1
1
2
2
1
1
1
1
2
3
2
4
3
4
4
3
4
4
5
4
4
3
4
2
2
0
-2
-2
-1
1
0
0
-1
-4
-4
-2
-1
1
1
-1
-2
-5
-4
-3
0
-1
-3
-5
-6
-5
-4
0
-1
0
-4
-5
-3
-1
2
0
-2
-3
-2
0
1
2
5
3
2
1
1
3
4
3
3
2
1
1
4
6
5
6
3
3
2
3
4
4
3
2
0
-1
-1
-1
2
3
0
-2
-1
0
2
2
2
2
0
-1
-1
-2
-2
-2
-2
-3
-3
-3
-4
-4
-3
-5
-3
-4
-3
-2
-3
0
-2
0
-3
-3
-2
-2
-1
-1
-2
-3
-2
-2
-2
-2
-2
-2
-3
-1
2
0
0
-1
0
0
2
2
2
0
0
-1
-2
-3
-1
0
1
-1
0
0
1
0
2
2
3
3
-1
0
3
4
3
2
3
3
3
2
1
1
3
3
3
2
5
-6
-20
-15
15
40
14
-29
-40
-3
29
24
-5
-11
1
12
19
12
6
-1
3
19
20
10
-10
-12
7
21
15
-10
-28
-24
-7
-1
-10
-24
-29
-22
-17
-14
-12
-8
-3
-4
-2
1
7
9
13
8
-6
-8
12
39
34
10
-9
-2
7
12
9
8
4
2
7
6
2
-6
-7
0
7
2
-8
-18
-14
-5
-4
-10
-21
-28
-27
-21
-18
-19
-22
-21
-18
-15
-4
1
11
12
16
18
18
23
27
34
33
26
15
15
12
15
6
-1
-2
-7
-17
-22
-20
-20
-21
-22
-24
-22
-23
-18
-9
-1
1
-2
-3
4
11
19
21
21
20
21
25
31
33
28
29
26
29
21
16
12
8
2
-4
-10
-16
-16
-20
-13
-21
-29
-32
-27
-19
-13
-15
-17
-16
-10
3
3
10
13
16
12
8
12
16
16
13
11
5
11
9
7
3
-5
-6
-17
-19
-18
-18
-19
-26
-35
-36
-30
-23
-21
-22
-22
-20
-17
-16
-13
-11
-3
1
5
3
2
7
12
20
17
22
17
16
20
26
31
23
13
8
17
20
18
6
4
8
9
3
-2
-7
-13
-13
-13
-5
5
10
4
-3
1
7
9
10
14
18
17
11
8
7
12
12
10
-2
-2
2
-1
0
-6
-6
-18
-23
-17
-7
-5
-17
-20
-26
-22
-22
-17
-22
-19
-18
-20
-13
-19
-8
-9
-1
4
4
2
3
11
15
20
17
19
21
23
23
23
28
24
20
14
18
14
8
7
6
12
12
8
5
8
11
14
13
18
23
21
23
15
13
19
24
24
10
-4
-15
-16
-8
-8
-15
-34
-47
-49
-39
-35
-35
-43
-48
-47
-48
-32
-25
-7
-3
-5
-17
-28
-59
-92
-81
-17
38
0
-91
-147
-116
-62
-40
-72
-88
-84
-53
-26
-7
20
27
57
95
139
163
149
162
195
238
237
187
136
110
122
119
80
13
-41
-81
-104
-122
-138
-146
-161
-163
-160
-134
-97
-73
-35
13
52
81
111
155
204
230
238
232
235
234
223
213
193
170
129
86
29
-9
-48
-89
-125
-165
-193
-232
-261
-256
-239
-224
-268
-369
-439
-466
-388
-269
-178
-158
-243
-303
-264
-192
-120
-99
-67
36
71
109
108
134
233
298
382
390
373
359
342
397
455
455
371
241
147
60
-12
-68
-143
-257
-371
-486
-543
-611
-685
-656
-529
-345
-343
-435
-434
-208
70
280
348
431
591
748
931
970
1026
1023
1059
1063
991
882
746
663
588
509
252
-57
-287
-378
-382
-482
-648
-866
-1019
-1038
-983
-915
-887
-865
-775
-642
-498
-340
-195
-36
183
362
475
527
599
750
807
807
712
643
548
427
181
-91
-431
-824
-925
-794
-462
-658
-1368
-2043
-1964
-1235
-784
-976
-1372
-1259
-725
-196
-48
-26
185
592
1030
1268
1312
1272
1325
1622
1930
1947
1560
1052
817
839
907
650
197
-383
-767
-862
-875
-932
-1213
-1431
-1509
-1435
-1345
-1177
-979
-750
-543
-327
-28
219
532
813
1089
1299
1354
1399
1435
1551
1638
1609
1452
1228
1009
778
565
356
121
-113
-364
-631
-854
-1044
-1141
-1208
-1219
-1241
-1218
-1204
-1074
-825
-547
-317
-209
-23
250
506
504
411
281
238
175
257
750
1061
583
-610
-1394
-1009
-109
-47
-871
-1613
-1426
-674
-428
-728
-1043
-711
9
464
410
138
147
654
1329
1688
1479
952
649
737
1019
1105
820
348
-129
-429
-511
-500
-557
-739
-965
-1077
-1092
-1020
-943
-805
-566
-334
-226
-259
-192
143
557
817
864
849
943
1018
1077
1192
1305
1302
1086
869
749
615
466
340
283
207
-82
-508
-819
-845
-725
-692
-872
-1123
-1240
-1192
-1026
-864
-690
-582
-495
-376
-181
81
336
493
592
618
664
784
891
946
833
626
474
400
370
173
-129
-428
-656
-794
-827
-851
-947
-1186
-1405
-1411
-1270
-1053
-959
-875
-710
-541
-314
-99
154
455
695
891
998
1078
1165
1318
1497
1578
1517
1272
1028
869
827
767
536
211
-139
-387
-619
-816
-958
-1029
-1024
-1075
-1153
-1211
-1155
-914
-599
-306
-190
-158
-51
222
605
905
1059
1108
1158
1220
1210
1148
1093
1127
1079
895
566
291
109
-40
-221
-463
-594
-688
-765
-939
-1044
-1039
-918
-833
-731
-645
-809
-1496
-1939
-1300
444
1481
434
-1525
-2117
-543
1241
1242
-202
-986
-361
874
1083
379
-121
196
1145
1545
1121
294
-16
614
1548
1895
1215
105
-472
-199
402
571
84
-704
-1263
-1410
-1297
-1203
-1221
-1257
-1280
-1301
-1382
-1296
-891
-324
53
38
-27
204
618
954
1146
1326
1510
1508
1420
1398
1454
1529
1438
1305
1146
979
741
481
282
122
-2
-228
-509
-827
-1053
-1130
-1141
-1114
-1151
-1287
-1374
-1356
-1126
-800
-597
-517
-483
-288
54
371
594
758
852
845
807
867
1053
1125
934
581
316
263
281
76
-366
-791
-981
-914
-885
-1075
-1398
-1625
-1565
-1419
-1341
-1312
-1236
-1046
-790
-517
-289
-60
214
552
874
1102
1216
1292
1443
1664
1795
1752
1573
1351
1204
1098
950
748
444
84
-229
-452
-631
-829
-1016
-1151
-1234
-1257
-1269
-1262
-1164
-959
-662
-435
-319
-218
20
397
736
979
1202
1438
1551
1482
1351
1411
1556
1580
1321
942
670
543
461
236
-66
-465
-763
-943
-929
-899
-972
-1136
-1227
-1141
-1038
-859
-735
-623
-1241
-1933
-1665
76
1728
1059
-1230
-2414
-930
1269
1525
-343
-1453
-684
931
1247
25
-804
-386
940
1623
1085
-30
-587
79
1339
1956
1296
50
-651
-309
384
620
249
-382
-878
-1179
-1296
-1221
-1047
-880
-897
-1126
-1303
-1303
-936
-421
-54
76
60
155
368
682
1040
1384
1584
1562
1394
1314
1471
1701
1768
1581
1294
1072
931
805
559
316
161
49
-136
-495
-878
-1080
-1026
-897
-904
-1113
-1364
-1393
-1185
-785
-544
-561
-651
-584
-253
117
412
548
578
531
552
663
881
946
773
528
363
375
280
40
-267
-405
-536
-817
-1155
-1314
-1182
-1101
-1273
-1553
-1600
-1401
-1188
-1122
-1056
-907
-620
-246
51
239
395
632
1026
1358
1445
1378
1369
1595
1827
1791
1482
1210
1160
1085
747
263
-22
-48
-33
-310
-859
-1365
-1467
-1181
-889
-907
-1222
-1396
-1162
-679
-314
-190
-139
4
260
555
853
1158
1380
1460
1443
1432
1462
1423
1287
1122
1080
1113
945
441
-154
-458
-360
-117
-216
-707
-1253
-1469
-1291
-1018
-920
-939
-992
-971
-894
-682
-430
-473
-1031
-1416
-818
655
1506
451
-1351
-1861
-357
1192
888
-722
-1468
-527
808
951
-25
-667
-271
788
1402
1137
435
72
542
1385
1776
1282
398
49
372
713
508
-111
-582
-747
-822
-1018
-1271
-1403
-1397
-1374
-1499
-1595
-1402
-912
-478
-375
-481
-396
109
600
830
876
1145
1539
1752
1683
1547
1628
1805
1899
1799
1531
1183
870
694
646
533
215
-233
-623
-865
-1008
-1157
-1311
-1393
-1413
-1479
-1563
-1603
-1479
-1213
-903
-636
-432
-310
-149
97
444
814
1078
1140
1075
1075
1234
1445
1309
928
554
538
646
436
-181
-727
-810
-748
-944
-1508
-1792
-1651
-1397
-1439
-1724
-1848
-1645
-1241
-974
-850
-749
-454
47
498
742
818
950
1237
1636
1962
2099
2080
1913
1703
1558
1517
1462
1277
885
441
-3
-373
-689
-932
-1076
-1206
-1442
-1763
-1969
-2004
-1780
-1423
-1027
-799
-860
-869
-586
-3
551
875
1114
1345
1480
1430
1393
1577
1953
2144
1878
1349
891
803
924
917
608
59
-505
-833
-891
-871
-914
-1099
-1377
-1609
-1705
-1583
-1366
-1134
-885
-694
-523
-424
-296
33
521
964
1119
808
415
78
151
630
1169
1324
600
-570
-1224
-852
-113
57
-702
-1395
-1435
-1054
-817
-1012
-957
-503
77
237
-62
-252
47
784
1394
1534
1277
906
670
700
914
1102
1015
537
-104
-523
-542
-327
-298
-558
-947
-1261
-1255
-1000
-646
-522
-678
-750
-500
-69
168
171
257
634
1066
1276
1188
1062
1099
1373
1686
1730
1463
1075
837
838
903
759
371
-91
-373
-459
-574
-826
-1121
-1320
-1363
-1377
-1431
-1490
-1459
-1328
-1144
-977
-846
-648
-394
-22
302
491
552
600
827
1092
1193
1018
846
784
891
858
622
358
141
61
-188
-483
-859
-1071
-1123
-1088
-1076
-1262
-1530
-1702
-1545
-1277
-1028
-1002
-1022
-926
-713
-254
212
619
764
779
885
1179
1624
1922
2034
1929
1773
1630
1530
1483
1417
1240
875
395
-52
-399
-621
-745
-873
-1040
-1319
-1620
-1755
-1615
-1319
-1068
-962
-885
-813
-790
-641
-242
425
992
1074
745
465
708
1316
1829
1856
1491
1111
956
998
1075
999
727
353
15
-180
-337
-524
-730
-799
-760
-839
-1126
-1391
-1370
-1051
-683
-510
-538
-667
-651
-356
162
605
749
595
478
587
695
778
690
700
486
86
-308
-350
-53
-1
-498
-1270
-1551
-1450
-1201
-1278
-1415
-1332
-1145
-956
-941
-868
-594
-57
518
841
858
788
981
1419
1830
1891
1617
1308
1153
1149
1087
862
543
182
-151
-481
-729
-872
-1042
-1189
-1274
-1167
-1045
-1095
-1268
-1195
-746
-158
161
54
-114
29
613
1241
1481
1281
977
903
1148
1412
1494
1351
1099
855
649
462
303
192
85
-89
-395
-733
-1030
-1149
-1100
-1060
-1109
-1276
-1351
-1257
-1019
-727
-554
-421
-235
45
292
471
642
873
1069
1131
1079
1066
1154
1172
963
675
512
485
404
67
-299
-643
-1087
-1404
-1427
-975
-699
-1181
-2070
-2448
-1907
-1093
-889
-1271
-1350
-1020
-406
-90
21
271
633
1101
1367
1454
1350
1352
1696
2208
2416
1984
1276
862
1014
1275
1114
541
-135
-544
-747
-962
-1163
-1377
-1471
-1556
-1763
-1937
-1956
-1630
-1173
-893
-880
-883
-678
-189
327
702
1013
1176
1356
1476
1661
1874
1973
1977
1903
1839
1666
1426
1135
913
729
499
200
-122
-425
-715
-991
-1163
-1201
-1236
-1351
-1536
-1572
-1420
-1120
-882
-742
-593
-435
-228
-29
189
482
740
795
705
667
712
789
695
481
260
69
-125
-427
-667
-753
-810
-1092
-1568
-1983
-1971
-1661
-1464
-1500
-1628
-1438
-1056
-697
-421
-191
201
667
1058
1308
1444
1621
1917
2237
2377
2225
1883
1615
1522
1473
1266
836
401
7
-336
-644
-915
-1133
-1276
-1332
-1349
-1461
-1608
-1597
-1327
-930
-728
-687
-606
-354
53
424
725
857
864
885
1055
1389
1663
1689
1488
1334
1299
1315
1181
933
814
718
509
63
-404
-662
-696
-692
-806
-1047
-1339
-1504
-1454
-1245
-1072
-982
-902
-708
-485
-357
-277
-94
292
614
744
657
636
744
889
911
793
656
442
290
129
79
-110
-386
-983
-1388
-1368
-940
-606
-1031
-1783
-2233
-1816
-1188
-947
-1278
-1356
-1067
-574
-181
-33
236
451
762
1068
1346
1516
1509
1556
1858
2188
2132
1668
1209
1094
1129
1024
707
299
-131
-617
-1092
-1232
-1077
-901
-1123
-1735
-2144
-1859
-1148
-620
-675
-975
-924
-440
158
532
721
901
1160
1363
1511
1633
1758
1877
1906
1899
1781
1532
1240
1049
1083
1115
844
268
-271
-537
-565
-612
-806
-1100
-1406
-1627
-1687
-1594
-1451
-1330
-1214
-1091
-991
-948
-796
-407
74
346
313
254
425
802
1105
1083
792
570
456
446
256
-170
-576
-653
-442
-455
-1017
-1848
-2186
-1830
-1233
-1190
-1636
-1982
-1703
-986
-509
-416
-425
-105
506
1028
1276
1312
1419
1758
2163
2333
2144
1784
1553
1551
1606
1427
989
409
-68
-346
-431
-499
-767
-1185
-1509
-1523
-1355
-1259
-1306
-1297
-1166
-924
-701
-471
-222
27
286
564
833
1055
1227
1395
1619
1809
1903
1790
1604
1467
1410
1328
1160
910
606
290
-28
-330
-548
-742
-947
-1075
-1206
-1326
-1494
-1563
-1501
-1341
-1235
-1209
-1143
-982
-665
-388
-155
-8
118
238
392
597
730
786
738
736
732
698
540
372
258
180
72
-283
-836
-1289
-1285
-873
-641
-1086
-1804
-2185
-1936
-1451
-1280
-1377
-1394
-1233
-904
-542
-204
121
358
664
1109
1555
1780
1769
1795
2119
2515
2560
2204
1776
1623
1694
1576
1116
586
181
-109
-480
-811
-944
-951
-1154
-1637
-1989
-1791
-1275
-931
-958
-1133
-1074
-770
-261
251
613
815
920
1076
1377
1682
1814
1884
1950
1999
1848
1498
1241
1142
1092
847
397
-68
-386
-637
-944
-1242
-1460
-1571
-1716
-1942
-2142
-2153
-1904
-1619
-1455
-1468
-1398
-1079
-609
-176
62
234
419
718
1027
1244
1332
1340
1262
1161
1094
954
698
284
-61
-304
-409
-558
-868
-1379
-1893
-2157
-2023
-1691
-1679
-1949
-2209
-1887
-1136
-535
-328
-329
-80
488
1115
1554
1719
1868
2151
2424
2545
2343
2009
1835
1852
1829
1503
889
257
-141
-251
-290
-530
-994
-1459
-1658
-1599
-1466
-1435
-1380
-1231
-1080
-996
-876
-533
-27
428
624
653
711
960
1351
1720
1915
1912
1758
1594
1506
1479
1472
1357
1078
705
316
-19
-313
-562
-748
-966
-1217
-1507
-1781
-1880
-1842
-1759
-1715
-1727
-1691
-1504
-1223
-876
-562
-255
5
191
364
594
872
1083
1179
1184
1151
1072
1031
929
825
667
456
215
-111
-610
-1192
-1457
-1252
-832
-923
-1637
-2371
-2398
-1763
-1219
-1219
-1525
-1482
-1044
-481
-103
99
407
824
1287
1617
1788
1922
2133
2470
2769
2816
2527
2127
1896
1823
1704
1367
892
393
-90
-569
-884
-1018
-1119
-1419
-1878
-2135
-2002
-1722
-1571
-1581
-1455
-1094
-757
-543
-300
157
689
989
965
961
1203
1629
1867
1814
1582
1365
1269
1168
1080
894
654
371
4
-385
-711
-919
-1051
-1171
-1343
-1605
-1828
-1851
-1695
-1496
-1382
-1376
-1330
-1164
-890
-538
-232
33
207
347
482
680
899
1142
1279
1290
1022
658
502
602
723
459
-125
-621
-723
-669
-714
-1109
-1491
-1705
-1688
-1561
-1585
-1592
-1466
-1076
-600
-302
-244
-137
245
879
1461
1731
1745
1714
1859
2165
2443
2517
2326
1951
1610
1405
1315
1149
823
394
-31
-375
-696
-986
-1163
-1113
-982
-1052
-1370
-1640
-1508
-1059
-644
-463
-478
-451
-297
-52
242
501
745
903
935
875
741
700
863
1085
1091
805
368
97
29
41
46
-89
-353
-708
-1023
-1164
-1093
-979
-962
-1111
-1315
-1389
-1296
-1070
-811
-610
-475
-429
-396
-258
19
325
530
600
609
596
618
676
744
757
665
475
255
67
-37
-51
-110
-358
-895
-1250
-1080
-541
-270
-700
-1337
-1450
-1003
-539
-501
-637
-498
-159
138
217
284
567
951
1301
1489
1500
1490
1544
1749
2031
2111
1877
1481
1156
1027
987
861
624
254
-208
-698
-1032
-1070
-951
-931
-1137
-1408
-1503
-1454
-1236
-928
-681
-545
-599
-600
-308
83
391
477
448
545
652
753
788
794
828
834
774
642
488
309
167
91
26
-35
-228
-491
-699
-766
-712
-676
-766
-970
-1113
-1048
-832
-645
-617
-641
-558
-382
-220
-137
-27
195
387
383
277
329
572
808
742
433
205
115
219
175
-7
-224
-451
-558
-545
-552
-687
-932
-1137
-1012
-825
-727
-803
-791
-426
-19
176
143
201
549
996
1254
1362
1432
1534
1659
1762
1796
1747
1598
1431
1291
1122
855
473
163
-28
-126
-333
-702
-1036
-1131
-994
-834
-849
-1006
-1088
-979
-753
-497
-331
-277
-255
-180
37
248
365
386
383
434
505
473
370
343
323
302
168
-18
-122
-156
-132
-171
-326
-555
-702
-720
-657
-697
-830
-887
-839
-758
-761
-797
-757
-525
-252
-123
-118
-164
-65
172
466
621
583
451
409
522
622
619
525
466
456
399
236
64
7
62
-11
-389
-712
-673
-278
-75
-390
-835
-907
-591
-316
-431
-685
-572
-222
115
184
94
161
451
845
1156
1268
1218
1152
1268
1546
1738
1649
1378
1146
1099
1121
969
610
218
-13
-169
-350
-596
-763
-847
-974
-1170
-1283
-1222
-1085
-970
-994
-1018
-987
-830
-542
-340
-260
-252
-164
30
240
252
268
384
522
610
453
343
337
427
468
324
140
13
-28
-85
-156
-227
-265
-307
-447
-605
-653
-534
-376
-314
-374
-454
-449
-349
-215
-29
112
127
58
2
124
340
471
454
366
230
106
63
94
205
117
-142
-425
-542
-432
-322
-392
-639
-923
-1027
-819
-631
-565
-603
-513
-176
75
122
107
345
856
1251
1353
1298
1362
1646
1893
1974
1909
1831
1705
1517
1263
1007
823
573
277
-77
-414
-712
-973
-1147
-1208
-1216
-1316
-1536
-1674
-1582
-1338
-1079
-946
-880
-831
-762
-626
-352
-60
88
70
28
164
400
508
426
346
389
479
489
407
368
368
358
270
148
94
77
-10
-145
-234
-262
-269
-352
-432
-422
-325
-214
-212
-285
-304
-216
-32
134
149
68
0
48
212
313
267
178
115
151
203
174
151
100
95
115
82
-41
-306
-499
-299
103
244
-80
-580
-616
-235
45
-108
-446
-479
-168
79
42
-72
-1
316
554
626
587
580
717
921
1118
1174
1049
855
742
762
822
771
556
290
61
-124
-306
-482
-551
-516
-555
-760
-1044
-1167
-1015
-807
-757
-891
-1044
-954
-716
-498
-396
-466
-499
-360
-100
74
52
-27
34
209
344
332
267
291
363
431
421
381
388
389
325
251
227
255
281
237
126
-15
-95
-76
-17
-55
-153
-240
-237
-133
-73
-108
-187
-174
-63
55
100
110
99
121
264
287
265
195
141
196
167
116
72
106
185
137
-161
-405
-461
-273
-89
-189
-354
-452
-324
-163
-155
-119
10
245
406
391
387
537
807
1002
999
842
667
610
630
661
531
234
-83
-294
-309
-338
-475
-667
-832
-931
-1002
-1040
-987
-860
-768
-765
-853
-875
-729
-540
-350
-247
-267
-276
-271
-153
-10
79
109
110
130
160
231
285
365
419
402
352
295
297
368
452
503
414
229
129
168
320
415
361
255
185
191
194
151
158
217
243
223
174
148
139
114
139
195
193
52
-121
-148
-29
65
5
-121
-144
-43
55
73
32
-92
-284
-271
20
305
213
-305
-662
-461
-37
39
-353
-650
-491
-148
-86
-246
-324
-134
156
237
188
142
234
398
569
657
629
487
334
325
418
444
249
-1
-136
-178
-221
-366
-561
-571
-479
-534
-762
-973
-882
-613
-531
-722
-904
-808
-494
-335
-402
-467
-425
-251
-150
-162
-105
29
191
221
143
137
230
410
495
466
460
530
598
636
648
683
738
763
796
810
777
707
615
612
683
686
568
379
257
249
303
272
158
18
-84
-103
-135
-168
-242
-259
-245
-265
-395
-513
-491
-414
-352
-445
-528
-468
-329
-271
-396
-567
-552
-376
-305
-413
-614
-648
-440
-191
-102
-216
-306
-196
39
229
283
292
339
433
491
466
416
417
446
430
361
256
119
-21
-96
-120
-133
-240
-413
-563
-605
-544
-517
-538
-591
-589
-551
-501
-455
-380
-308
-270
-218
-167
-64
-30
-53
-10
163
339
355
240
189
306
514
599
490
351
350
481
580
593
564
565
592
604
554
532
549
589
586
538
479
447
437
438
434
379
287
210
174
151
115
6
-103
-177
-212
-254
-320
-350
-367
-343
-366
-409
-434
-422
-353
-326
-352
-426
-497
-552
-427
-229
-106
-259
-601
-684
-455
-140
-201
-528
-683
-451
-199
-235
-397
-416
-182
-46
-145
-264
-210
16
205
261
187
88
-7
5
106
251
254
81
-97
-164
-124
-127
-121
-80
-40
-144
-338
-409
-202
40
94
42
-37
21
108
162
291
414
429
284
122
157
391
508
453
247
108
163
278
365
358
304
279
312
371
466
515
518
547
590
604
553
473
469
542
639
616
443
279
198
225
236
169
39
-73
-146
-204
-315
-370
-361
-330
-358
-500
-660
-687
-501
-403
-404
-546
-626
-540
-434
-365
-435
-529
-605
-555
-551
-566
-633
-684
-554
-479
-468
-581
-632
-526
-338
-218
-179
-106
-48
39
99
209
345
409
418
397
413
490
537
528
436
361
354
374
317
185
142
210
315
222
17
-82
16
189
227
113
-40
-124
-131
-65
33
84
9
-128
-192
-133
-56
-58
-89
-94
-43
-7
-4
19
95
205
244
206
191
234
324
412
462
461
453
438
437
454
448
423
390
399
424
390
283
152
104
126
103
-3
-174
-256
-228
-192
-244
-360
-409
-347
-295
-349
-448
-448
-347
-274
-314
-402
-399
-333
-334
-370
-333
-265
-282
-430
-525
-449
-377
-459
-637
-660
-518
-433
-538
-626
-520
-312
-228
-290
-275
-96
141
255
259
291
423
582
682
730
737
753
777
753
699
625
560
515
467
387
261
89
-42
-88
-54
-14
-91
-250
-353
-358
-240
-122
-160
-306
-433
-380
-224
-108
-60
-97
-135
-79
27
117
198
258
308
363
383
432
521
602
653
629
606
570
513
456
459
500
463
304
80
-24
-10
44
-4
-133
-239
-293
-316
-336
-365
-360
-302
-241
-227
-306
-393
-383
-240
-169
-196
-296
-361
-329
-314
-286
-293
-347
-442
-504
-517
-505
-571
-741
-747
-622
-532
-660
-820
-779
-563
-354
-344
-355
-251
-47
119
193
309
471
610
677
711
753
783
803
828
843
831
759
633
514
490
502
460
342
193
100
59
32
15
-29
-87
-166
-253
-278
-266
-228
-233
-261
-275
-232
-196
-190
-189
-134
-42
38
52
28
43
76
155
227
295
289
237
213
244
362
399
302
193
180
246
275
209
145
134
186
180
91
16
18
86
89
16
-83
-119
-117
-138
-170
-210
-231
-220
-247
-281
-313
-318
-255
-237
-278
-323
-292
-244
-249
-294
-288
-201
-196
-310
-461
-458
-331
-292
-416
-551
-530
-432
-402
-432
-428
-378
-332
-312
-256
-123
-1
45
83
165
278
334
314
335
444
526
505
384
327
424
521
481
342
218
203
261
281
280
259
203
152
82
95
164
159
127
55
21
18
43
85
103
88
41
-24
-57
-30
36
115
140
99
48
18
53
152
235
241
190
138
126
129
158
199
245
236
147
41
9
79
154
170
104
38
17
53
78
112
136
138
78
-57
-173
-213
-86
36
-25
-275
-482
-442
-271
-281
-512
-704
-694
-589
-654
-829
-856
-736
-634
-709
-831
-824
-678
-565
-513
-393
-255
-164
-177
-153
3
210
316
303
318
398
451
487
533
618
670
596
451
391
484
556
491
383
363
413
384
260
251
368
430
298
105
83
206
299
232
107
70
101
95
21
-17
7
46
14
-70
-99
-68
-57
-80
-135
-206
-224
-205
-176
-173
-142
-148
-175
-216
-243
-147
-5
74
-9
-102
-86
47
231
300
267
191
173
187
162
173
203
255
241
133
23
-27
-1
24
5
-59
-150
-219
-255
-285
-266
-244
-268
-386
-488
-470
-368
-330
-418
-497
-475
-408
-404
-456
-476
-388
-310
-337
-385
-387
-312
-219
-179
-166
-123
-34
36
82
112
156
211
283
336
364
382
388
440
474
461
425
404
407
412
389
351
332
328
336
331
308
267
221
211
230
256
211
119
67
87
170
171
87
8
-29
4
6
-4
17
54
65
12
-64
-63
40
128
101
6
-43
7
94
98
54
34
90
106
36
-40
-28
69
107
33
-72
-73
-15
-21
-77
-118
-98
-77
-97
-160
-203
-183
-149
-167
-261
-278
-240
-231
-301
-405
-405
-378
-384
-461
-522
-525
-518
-574
-649
-637
-617
-619
-656
-629
-538
-482
-467
-427
-293
-163
-87
-95
-45
108
257
322
340
387
448
503
525
556
605
636
581
518
520
560
592
584
570
567
542
500
488
509
505
465
379
333
315
283
239
172
121
66
14
-69
-144
-171
-182
-190
-213
-269
-335
-356
-346
-248
-153
-142
-206
-268
-227
-119
3
40
41
23
33
53
67
106
154
199
161
99
55
79
136
153
119
59
25
-27
-54
-68
-34
4
-20
-102
-183
-193
-144
-76
-42
-80
-133
-134
-115
-62
-10
7
-13
-69
-127
-165
-112
-39
-54
-164
-286
-324
-321
-344
-419
-485
-534
-555
-595
-633
-608
-530
-461
-446
-452
-425
-347
-211
-71
19
64
115
214
333
434
499
537
544
555
542
534
536
553
572
518
444
364
311
279
253
225
166
110
69
50
58
55
24
-21
-26
-1
33
38
42
69
75
55
40
79
146
191
205
173
151
160
173
185
197
182
154
144
112
82
55
21
-16
-74
-111
-128
-133
-157
-196
-195
-172
-126
-122
-164
-192
-150
-91
-69
-72
-49
-20
-47
-108
-131
-43
34
-20
-175
-262
-232
-213
-285
-428
-492
-447
-461
-564
-664
-657
-552
-490
-501
-525
-505
-404
-295
-205
-114
-26
62
122
170
258
362
441
475
460
454
473
503
535
538
481
397
347
332
337
321
287
242
208
188
154
144
133
127
99
35
-10
-33
-46
-64
-86
-132
-190
-229
-228
-200
-180
-163
-148
-142
-122
-94
-31
28
54
58
42
77
132
159
161
151
159
168
173
152
145
150
163
162
122
108
121
154
159
118
61
47
73
76
87
59
31
11
-9
-1
6
29
-14
-77
-116
-115
-119
-137
-147
-152
-149
-174
-186
-204
-246
-298
-346
-354
-325
-329
-364
-388
-357
-313
-291
-297
-282
-232
-181
-164
-195
-159
-61
26
30
-12
-7
36
58
53
25
19
24
15
-7
-8
16
7
-17
-48
-47
-36
-9
16
17
25
-4
7
68
150
176
146
129
186
254
263
247
271
339
366
335
304
342
408
418
373
323
314
337
323
288
266
252
227
168
90
45
35
38
0
-55
-69
-82
-112
-119
-100
-85
-101
-119
-118
-92
-57
2
56
68
62
39
45
106
177
184
99
18
-4
25
15
-59
-153
-214
-229
-252
-304
-357
-392
-410
-431
-459
-468
-470
-471
-448
-426
-409
-365
-342
-305
-231
-159
-118
-106
-87
-14
45
37
26
29
84
145
137
108
91
100
91
75
55
48
43
17
1
3
20
19
9
-8
-2
1
-4
-10
-1
37
79
102
113
134
151
176
193
219
279
318
336
302
285
325
359
348
294
212
203
212
162
82
28
4
2
-18
-70
-103
-124
-110
-97
-90
-90
-94
-70
-54
-32
17
32
67
90
111
112
112
132
158
176
167
167
165
156
128
115
112
110
88
29
-11
-17
-18
-58
-155
-214
-219
-225
-271
-328
-337
-297
-269
-308
-341
-328
-259
-228
-238
-258
-264
-228
-187
-166
-161
-137
-140
-167
-184
-169
-138
-143
-178
-191
-167
-152
-152
-159
-149
-128
-115
-106
-80
-48
-13
4
31
89
132
154
162
195
246
293
328
374
408
420
419
421
446
464
443
402
378
377
344
289
239
204
168
91
18
-19
-58
-81
-148
-200
-195
-186
-190
-215
-233
-228
-191
-158
-141
-110
-60
-21
-5
19
73
141
185
178
169
171
204
244
221
183
145
122
106
63
-11
-61
-87
-115
-163
-224
-243
-243
-250
-278
-300
-275
-252
-225
-186
-154
-100
-54
-10
13
39
64
85
108
108
111
71
43
31
14
-21
-78
-119
-145
-141
-168
-207
-223
-237
-255
-259
-234
-207
-183
-185
-183
-179
-172
-128
-63
-8
31
43
65
88
134
177
205
222
231
254
269
257
251
265
272
246
205
139
108
110
94
71
23
-13
-50
-65
-76
-76
-69
-80
-101
-101
-73
-51
-26
-29
-6
27
67
90
94
106
133
160
165
155
153
154
151
156
149
148
134
105
73
70
69
54
50
46
54
33
-3
-33
-32
-28
-42
-67
-99
-103
-104
-92
-89
-81
-79
-95
-94
-101
-90
-81
-104
-125
-138
-139
-143
-160
-186
-193
-189
-202
-224
-250
-256
-239
-216
-240
-269
-231
-198
-143
-134
-146
-95
-32
5
7
29
84
176
230
256
264
286
340
349
347
343
359
366
347
327
277
241
203
154
107
54
-2
-63
-103
-148
-170
-197
-206
-200
-208
-227
-244
-220
-190
-183
-172
-160
-126
-89
-72
-63
-35
2
17
26
27
63
99
100
91
86
132
156
135
90
72
105
127
127
93
79
68
69
69
64
61
46
50
51
51
50
41
42
35
55
52
18
-21
-37
-15
-19
-30
-70
-102
-119
-129
-136
-148
-155
-168
-168
-170
-161
-169
-162
-141
-131
-110
-91
-81
-68
-54
-33
-16
13
37
45
29
27
55
71
80
87
114
125
99
79
75
83
83
61
59
65
77
51
25
23
43
68
66
45
24
31
58
89
85
67
42
28
44
56
47
23
-12
-28
-25
-16
-42
-61
-62
-61
-61
-77
-86
-100
-117
-114
-100
-82
-81
-92
-100
-64
-30
-12
0
11
49
64
72
60
87
129
138
137
125
139
131
127
113
98
90
69
36
8
3
-10
-14
-22
-55
-82
-115
-133
-127
-109
-114
-144
-171
-198
-184
-155
-130
-133
-149
-148
-143
-146
-161
-149
-107
-81
-91
-97
-83
-35
3
17
44
54
65
73
93
131
167
189
181
189
182
193
196
188
168
172
164
146
124
97
90
83
82
68
53
15
-25
-37
-25
-9
-15
-27
-45
-58
-52
-49
-35
-15
2
8
-2
-13
-6
6
19
41
44
25
-6
-21
-5
-1
25
18
0
-1
-12
-8
-26
-19
-2
15
22
17
13
15
24
22
0
-21
-47
-49
-51
-47
-50
-68
-81
-104
-99
-98
-112
-133
-144
-141
-144
-142
-153
-151
-145
-141
-130
-126
-100
-87
-64
-37
-18
2
6
4
6
26
33
33
43
50
36
6
-1
24
62
72
50
23
28
45
66
85
96
96
103
106
116
116
136
156
175
175
148
136
117
143
165
140
102
78
85
89
67
41
30
29
24
-4
-17
-15
-10
-14
-35
-36
-45
-45
-50
-58
-41
-28
-11
-30
-55
-57
-46
-33
-39
-37
-41
-35
-39
-56
-59
-67
-57
-30
-25
-45
-58
-54
-23
-9
-27
-44
-49
-39
-31
-39
-33
-33
-39
-55
-87
-106
-96
-69
-82
-116
-141
-145
-129
-131
-152
-149
-130
-132
-145
-159
-140
-119
-101
-101
-86
-68
-65
-42
-18
10
32
52
62
85
123
150
170
179
206
221
219
216
228
253
269
271
260
255
255
242
240
233
234
215
181
160
166
172
150
125
97
71
51
25
-5
-24
-37
-43
-68
-86
-108
-129
-169
-202
-204
-174
-153
-161
-180
-182
-157
-142
-126
-121
-114
-113
-107
-79
-58
-36
-32
-42
-37
-26
-7
-21
-31
-21
-19
-23
-59
-88
-98
-80
-65
-82
-108
-119
-104
-94
-97
-107
-106
-79
-80
-91
-108
-89
-49
-28
-43
-55
-30
4
12
10
8
32
51
52
36
32
36
32
42
40
36
26
16
9
13
22
32
32
34
51
58
74
88
118
144
151
151
160
194
209
216
229
249
280
286
284
269
255
245
203
178
161
141
121
85
55
24
7
-28
-38
-46
-60
-78
-107
-110
-103
-99
-120
-137
-139
-121
-118
-125
-116
-100
-87
-94
-109
-104
-96
-99
-105
-103
-108
-122
-154
-165
-149
-152
-166
-205
-225
-223
-210
-202
-200
-195
-185
-164
-140
-117
-93
-61
-31
-16
-18
-11
5
40
50
43
38
37
48
44
35
12
4
-10
-22
-15
-20
-40
-65
-66
-53
-36
-36
-52
-32
2
25
43
51
94
126
142
151
177
219
250
263
265
289
309
326
332
333
336
325
327
324
309
285
268
252
242
214
156
119
85
69
38
-3
-41
-70
-84
-101
-138
-155
-161
-157
-170
-204
-213
-191
-165
-181
-194
-208
-202
-182
-158
-162
-172
-174
-162
-138
-141
-158
-155
-153
-145
-160
-168
-172
-167
-155
-152
-149
-165
-170
-158
-128
-99
-91
-86
-72
-43
-15
1
15
43
72
84
92
81
84
83
94
106
92
77
54
50
55
51
44
26
17
6
-2
-3
8
19
10
1
-13
-2
12
23
42
64
75
88
99
109
139
172
181
181
187
183
190
200
214
209
205
192
184
182
176
161
140
135
123
108
78
51
59
41
19
-5
-23
-24
-31
-47
-65
-59
-69
-81
-87
-79
-84
-94
-98
-111
-106
-107
-121
-142
-162
-173
-185
-191
-204
-215
-220
-231
-233
-239
-236
-233
-230
-221
-216
-209
-206
-200
-172
-134
-109
-88
-77
-57
-27
-7
9
33
51
67
85
84
100
116
118
117
108
88
82
70
67
57
49
46
37
34
24
23
12
4
-4
-14
-16
-11
-1
13
31
46
67
95
127
162
190
229
254
274
291
302
316
333
346
347
344
321
301
285
262
234
191
163
139
102
72
39
18
-5
-34
-75
-110
-131
-148
-149
-157
-171
-175
-187
-197
-203
-203
-203
-184
-167
-167
-176
-178
-165
-162
-171
-185
-186
-192
-199
-204
-217
-221
-213
-221
-230
-223
-225
-240
-243
-251
-229
-215
-204
-190
-169
-127
-110
-94
-70
-46
-3
23
41
60
68
103
136
169
184
183
180
184
188
183
186
180
192
192
180
154
127
124
113
114
113
94
77
61
60
65
66
67
83
81
87
102
111
134
143
144
147
155
161
156
143
136
152
145
127
101
84
84
67
55
19
-7
-25
-41
-44
-57
-70
-95
-100
-107
-101
-104
-111
-105
-105
-97
-86
-77
-76
-61
-62
-71
-70
-61
-55
-51
-51
-65
-89
-115
-136
-152
-152
-154
-161
-190
-199
-194
-191
-177
-177
-184
-169
-145
-115
-93
-83
-61
-51
-29
-9
16
51
81
97
106
114
140
164
168
172
175
178
173
158
153
141
136
115
82
60
37
36
36
15
-3
-31
-57
-68
-71
-79
-62
-56
-43
-46
-49
-44
-26
4
32
35
39
47
61
90
106
119
125
139
143
138
128
123
129
138
121
100
100
95
83
56
32
17
6
-7
-19
-27
-29
-26
-43
-62
-84
-93
-89
-91
-88
-90
-89
-111
-129
-132
-141
-153
-173
-171
-172
-180
-173
-177
-173
-184
-187
-181
-171
-150
-149
-137
-138
-111
-91
-71
-49
-30
12
31
54
72
102
133
150
175
191
214
223
240
241
247
255
246
241
207
183
162
156
145
112
77
40
31
17
4
-5
-12
-12
-23
-25
-24
-18
-10
-11
-12
-18
-14
-4
-3
3
-4
-2
2
9
8
-3
-20
-19
-14
-36
-46
-64
-64
-59
-62
-75
-101
-102
-105
-97
-100
-103
-93
-93
-80
-69
-59
-51
-23
-12
-10
4
1
11
8
4
-6
-21
-27
-36
-41
-41
-49
-64
-83
-97
-108
-112
-112
-122
-130
-136
-138
-142
-134
-128
-111
-87
-70
-45
-29
-7
18
56
86
103
126
149
177
200
215
229
228
246
245
227
211
216
215
183
164
140
134
129
113
84
61
56
46
24
-10
-19
-13
-15
-23
-44
-53
-52
-54
-60
-61
-49
-36
-47
-54
-59
-63
-41
-31
-49
-54
-60
-50
-45
-49
-43
-46
-42
-54
-54
-51
-54
-50
-54
-42
-48
-41
-30
-25
-11
-15
-9
-20
-12
-1
-1
-13
-16
0
-19
-30
-35
-15
-8
-34
-51
-67
-62
-69
-78
-94
-88
-74
-92
-100
-113
-95
-77
-67
-64
-71
-51
-33
-1
12
26
45
56
89
110
128
123
108
114
137
154
148
147
144
140
137
124
114
104
99
81
64
44
40
35
34
15
-3
1
-3
-14
-16
-10
-7
-21
-43
-43
-35
-26
-24
-10
-11
-22
-24
-36
-50
-52
-48
-41
-41
-54
-65
-63
-66
-66
-72
-72
-74
-71
-58
-57
-55
-47
-23
-4
5
1
9
30
51
72
80
89
102
103
105
85
81
88
91
86
76
62
55
53
27
22
18
7
2
-22
-31
-50
-57
-64
-74
-67
-74
-66
-64
-81
-90
-91
-83
-77
-62
-64
-58
-52
-55
-56
-57
-41
-24
-6
12
-4
-3
-10
-3
-4
-6
4
6
17
17
33
32
37
40
32
31
29
41
49
44
31
27
31
36
34
4
-9
-7
1
3
-19
-24
-47
-62
-69
-70
-62
-57
-62
-78
-84
-86
-69
-55
-56
-39
-35
-32
-30
-24
-11
-6
16
27
50
50
62
70
80
88
85
97
104
102
88
91
99
107
93
67
44
53
54
49
38
23
20
17
4
-20
-15
-10
6
0
0
7
16
14
7
19
34
42
39
45
53
42
42
43
46
51
39
27
14
19
21
13
-1
-20
-20
-35
-48
-49
-36
-23
-30
-45
-43
-34
-25
-25
-31
-28
-31
-47
-53
-48
-38
-29
-43
-56
-80
-74
-57
-52
-71
-78
-80
-95
-89
-97
-92
-127
-274
-321
-130
66
3
-174
-331
-240
-21
59
-35
-217
-147
15
158
118
-17
-63
95
254
212
120
-18
-58
-8
185
270
175
21
-71
7
119
133
37
-28
33
99
149
105
14
41
166
255
189
138
120
86
63
73
160
202
166
58
29
117
121
62
13
37
93
60
40
29
3
-13
-5
52
98
65
-58
-102
-98
-67
-42
-88
-99
-120
-174
-147
-133
-197
-220
-123
-78
-115
-112
-103
-140
-193
-120
-50
35
-51
-146
-159
-162
-69
-6
-47
-143
-104
-28
12
-69
-102
-51
-13
-13
-48
-11
1
-95
-117
-30
44
38
15
-59
-94
20
63
46
-57
14
152
118
18
10
102
109
132
80
129
223
194
96
30
171
258
207
104
109
146
188
161
59
49
109
178
81
6
83
159
62
-32
-13
65
123
40
-73
-19
100
111
18
-106
-23
73
41
-23
-69
-32
7
-57
-101
-61
-27
-45
-91
-152
-112
-54
-64
-135
-233
-154
-63
-43
-111
-179
-150
-105
-102
-139
-101
-71
-44
-75
-90
-28
6
-3
-100
-84
-22
41
59
-18
-67
-48
-31
-41
-70
-66
-15
-44
-100
-125
-63
-57
-94
-130
-94
-9
-3
-48
-98
-77
-22
-8
-21
12
41
26
-22
-17
43
54
50
17
17
83
89
73
42
53
109
139
128
117
140
126
104
133
218
220
178
150
151
200
210
179
160
164
181
178
153
102
73
115
129
95
99
83
50
46
30
37
30
1
-29
-40
-37
-29
-59
-128
-105
-51
-67
-121
-160
-130
-101
-91
-117
-139
-126
-115
-125
-140
-128
-112
-96
-108
-112
-79
-104
-106
-100
-102
-92
-103
-98
-73
-42
-68
-99
-119
-111
-63
-60
-68
-61
-47
-45
-53
-75
-73
-53
-9
11
-37
-91
-103
-46
-5
-13
-17
-33
-52
-68
-15
33
13
-18
-5
48
76
75
61
52
64
116
125
97
74
114
156
160
157
139
127
118
127
178
208
181
165
155
144
152
150
129
118
122
130
112
95
79
76
81
54
64
73
35
25
26
27
7
-29
-36
-17
5
5
-25
-49
-45
-50
-55
-63
-62
-60
-64
-70
-100
-120
-114
-107
-113
-118
-132
-153
-172
-175
-161
-165
-148
-153
-138
-120
-127
-119
-98
-71
-74
-80
-77
-70
-32
-23
-46
-47
-34
-6
-22
-38
-33
-32
-27
-26
-8
-28
-46
-58
-40
-8
-6
-11
-11
-2
6
14
2
11
61
82
83
84
72
47
65
112
149
146
128
129
151
160
149
136
121
130
139
137
111
90
79
71
84
95
84
60
37
30
43
51
39
3
-16
19
44
21
-19
-25
-28
-12
9
-14
-23
-30
-50
-56
-50
-27
-20
-24
-49
-72
-64
-50
-59
-82
-84
-77
-80
-91
-102
-108
-98
-77
-63
-61
-72
-77
-88
-95
-85
-44
-22
-12
-15
-51
-57
-27
-13
5
2
-1
-16
-36
-47
-52
-27
-19
3
4
-2
-27
-39
-11
-6
-4
5
7
6
9
21
23
19
21
35
44
40
37
27
21
40
75
114
93
58
74
88
86
65
67
80
99
107
98
80
63
54
45
63
79
78
54
41
41
40
45
29
24
29
34
38
13
-24
-25
-9
-7
-31
-37
-23
-39
-73
-84
-72
-56
-55
-58
-72
-87
-94
-84
-72
-79
-76
-71
-71
-68
-73
-75
-70
-65
-60
-56
-49
-55
-72
-61
-47
-49
-37
-33
-33
-27
-18
-25
-31
-39
-31
-14
-4
-13
-23
-26
-2
11
-7
-20
-8
14
23
39
42
56
58
36
23
29
56
70
77
77
72
58
48
56
60
88
103
101
80
63
68
75
69
86
93
88
91
70
56
43
51
65
60
55
61
63
53
34
13
30
43
26
20
26
29
38
32
3
-13
-21
-8
-7
-41
-61
-62
-72
-79
-87
-87
-66
-79
-97
-107
-110
-102
-103
-102
-95
-88
-95
-91
-80
-88
-85
-84
-81
-51
-49
-50
-38
-41
-34
-17
-23
-39
-22
-22
-29
-21
-8
-11
-10
-2
-6
-26
-37
-20
-10
10
17
27
49
38
11
8
18
54
66
52
50
64
70
57
38
57
77
72
57
39
35
36
58
39
26
37
32
47
50
49
24
8
12
20
18
9
11
6
16
9
5
-13
-10
1
26
31
11
-12
-2
11
1
6
8
12
-1
-11
-8
-14
-22
-35
-27
-27
-35
-39
-39
-35
-35
-34
-38
-41
-35
-11
0
-11
-18
-12
-6
-12
-27
-17
3
9
-9
-17
-19
-20
-23
-10
20
2
-2
1
5
11
8
3
-5
5
8
12
-2
-1
5
29
46
45
38
42
40
52
51
46
51
59
66
53
59
33
21
25
36
36
33
36
20
-2
-13
-11
0
1
-12
-7
-20
-41
-46
-50
-65
-68
-59
-44
-50
-62
-76
-85
-71
-53
-47
-38
-30
-32
-44
-42
-26
-18
-20
-10
-5
-8
-25
-34
-29
-43
-21
-11
-13
-11
-18
-19
-11
-5
-18
-16
-19
-14
-4
8
0
-14
-10
1
-5
5
8
9
18
18
24
19
7
14
22
29
22
12
10
7
13
3
4
9
10
12
14
8
13
12
-1
-4
-14
1
12
24
30
27
29
21
35
43
43
40
43
60
69
67
75
79
88
85
77
85
73
67
65
66
61
67
67
37
19
11
11
8
-9
-25
-22
-18
-25
-30
-26
-25
-38
-43
-52
-59
-55
-45
-37
-42
-52
-62
-59
-66
-57
-34
-32
-41
-35
-23
-25
-36
-40
-38
-35
-28
-18
-22
-25
-15
-15
-11
-11
-6
-5
-11
-14
-14
-4
-1
-16
-18
-16
-2
1
-1
-2
-15
-21
-12
-14
-27
-28
-17
3
0
-13
-22
-12
-6
-2
3
3
8
18
16
19
33
32
23
32
34
51
58
39
31
36
57
71
57
27
13
26
32
23
34
23
9
9
-5
-13
-16
2
14
25
17
5
9
1
13
23
25
17
5
-5
-39
-48
-42
-21
-11
-34
-43
-46
-48
-47
-43
-38
-37
-42
-43
-35
-35
-23
-21
-25
-17
-23
-14
-14
-11
-3
-5
8
-1
-7
-11
-15
-21
-17
-4
-15
-41
-51
-43
-21
-4
5
-1
-14
-7
5
-3
-12
-2
7
18
31
37
40
25
14
-3
1
32
46
60
41
33
30
32
32
21
26
35
44
50
34
27
23
27
40
35
34
26
21
15
8
14
25
13
5
1
9
2
4
0
-2
11
5
5
-2
4
-8
-19
-12
1
1
-8
-20
-31
-25
-13
-5
-14
-23
-32
-25
-19
-17
-15
-14
0
7
-8
-29
-26
-17
-12
-20
-15
-7
-19
-30
-44
-42
-22
-6
-11
-6
-7
1
-2
-12
-21
-5
15
17
21
15
14
4
9
10
26
36
20
17
22
21
27
41
28
17
14
2
-6
-6
-2
7
16
6
2
-12
-25
-27
-26
-7
11
0
-18
-32
-18
-5
-16
-19
-18
-9
-4
-13
-27
-30
-21
-3
-3
0
8
-4
-14
-1
16
23
19
-8
-19
-14
-7
-10
-10
-5
7
11
8
-1
-7
5
8
15
20
22
34
22
12
13
19
23
24
15
1
0
-6
-14
-9
1
4
3
-7
-17
-31
-32
-28
-7
14
10
-3
-17
-24
-21
-6
-4
7
4
-3
0
-9
-10
-6
12
35
53
54
37
15
6
8
11
23
31
26
18
16
12
16
15
8
9
20
20
10
15
2
-1
5
-2
6
-1
2
4
15
10
0
5
-10
-19
-24
-14
-13
-6
-19
-28
-20
-18
-21
-28
-28
-34
-37
-35
-28
-29
-44
-42
-28
-24
-27
-25
-25
-18
-8
-12
-17
-18
-12
-7
8
12
3
5
14
24
30
30
14
7
17
20
6
-7
-4
2
5
-10
-8
-9
-10
-2
-7
-17
-18
-10
-12
-20
-25
-18
-10
-16
-21
-19
-16
-6
-8
-3
10
17
15
11
22
29
31
34
30
21
22
21
28
35
46
50
47
51
53
52
55
49
49
53
45
42
40
45
41
34
18
8
4
14
24
7
-12
-23
-18
-26
-32
-36
-35
-45
-51
-57
-69
-71
-72
-69
-69
-66
-64
-68
-63
-56
-52
-43
-43
-41
-32
-24
-20
-8
0
0
7
1
-1
-2
10
6
0
0
10
24
27
18
11
5
9
13
9
12
16
13
7
13
14
2
4
21
41
47
27
15
7
12
25
27
28
33
33
31
24
24
33
27
28
32
37
40
35
32
28
29
39
41
37
33
30
28
26
26
27
30
31
32
37
27
26
23
13
6
16
19
17
16
8
6
-17
-33
-41
-40
-43
-52
-59
-69
-79
-77
-82
-90
-96
-100
-99
-94
-90
-96
-94
-94
-94
-88
-90
-83
-81
-68
-45
-39
-38
-32
-22
-5
-8
-13
9
28
33
30
27
26
28
39
44
44
57
57
43
41
37
32
36
42
47
43
41
40
35
33
37
34
31
22
16
10
14
15
4
9
10
8
9
7
14
19
8
9
3
13
23
22
14
15
21
25
26
33
44
47
62
56
61
64
60
57
46
41
36
43
38
32
24
22
16
9
13
6
2
-7
-19
-27
-38
-35
-38
-38
-40
-45
-51
-58
-65
-73
-74
-75
-63
-56
-50
-57
-48
-42
-45
-41
-37
-41
-46
-42
-40
-34
-29
-25
-29
-37
-36
-31
-27
-26
-14
-12
-10
-5
-6
-8
-2
-4
-2
10
19
13
14
18
20
15
22
36
35
37
27
24
20
14
6
-2
10
8
9
11
9
12
-2
-15
-18
-14
-3
-5
0
9
18
25
17
19
26
39
31
24
28
39
45
40
35
31
38
40
41
50
49
46
38
16
27
32
25
17
3
6
-6
-9
-14
-20
-11
-15
-26
-29
-22
-26
-24
-26
-26
-28
-27
-21
-26
-32
-28
-25
-28
-22
-16
-16
-27
-23
-23
-26
-28
-44
-33
-25
-27
-23
-32
-36
-34
-23
-21
-25
-27
-21
-25
-26
-24
-30
-24
-22
-14
0
-3
-3
-6
-10
-4
10
13
18
27
34
42
44
50
51
59
58
59
54
43
43
50
48
42
42
38
33
23
13
21
21
13
17
6
5
9
5
8
11
24
27
25
30
22
19
14
22
28
33
30
16
3
1
11
17
12
9
13
10
4
4
4
5
-3
-14
-10
-15
-24
-33
-39
-35
-34
-40
-56
-64
-63
-57
-50
-59
-60
-68
-61
-63
-67
-62
-60
-52
-57
-47
-54
-59
-54
-41
-30
-17
-18
-22
-17
-8
-2
-9
-8
10
22
20
20
18
27
31
36
37
41
46
48
32
33
39
34
37
29
34
33
35
31
24
33
29
40
44
43
41
36
41
30
27
19
17
17
4
1
10
9
1
-2
-7
-5
0
-1
3
6
13
9
11
9
9
14
3
6
4
4
2
-12
-16
-10
-11
-23
-34
-38
-32
-26
-32
-32
-35
-31
-23
-29
-27
-25
-29
-36
-41
-25
-18
-24
-40
-44
-38
-37
-34
-33
-25
-25
-20
-21
-12
-5
-1
6
0
7
12
17
13
18
13
11
11
0
5
8
18
12
10
17
19
16
14
17
22
20
27
20
9
12
16
18
12
16
17
19
19
19
25
31
31
37
40
33
29
31
27
31
34
35
26
26
26
15
14
7
5
10
9
9
0
-10
-15
-13
-16
-22
-16
-23
-22
-20
-13
-20
-19
-18
-22
-9
-1
4
-9
-16
-15
-16
-10
-11
-21
-22
-22
-22
-16
-20
-22
-25
-24
-15
-20
-23
-27
-34
-26
-23
-23
-28
-28
-19
-18
-23
-19
-27
-26
-26
-22
-20
-23
-23
-29
-21
-25
-16
-16
-6
1
-4
0
5
-1
-3
4
12
15
11
20
35
31
29
26
32
32
35
40
32
36
30
27
28
17
24
33
30
20
16
22
28
23
24
24
19
16
20
28
33
32
36
34
32
36
31
34
32
27
27
20
15
11
10
5
0
-6
-5
-5
-12
-14
-14
-10
-15
-15
-14
-13
-12
-8
-21
-27
-28
-22
-21
-35
-26
-21
-26
-31
-28
-34
-29
-33
-34
-27
-32
-30
-26
-27
-28
-23
-25
-26
-33
-29
-27
-28
-26
-17
-16
-15
-14
-13
-7
-4
-2
-3
4
1
0
6
7
15
11
20
26
28
22
20
28
35
44
39
36
27
32
35
39
41
33
21
14
14
24
29
25
17
17
15
12
6
4
1
4
17
15
9
6
5
5
0
-9
-10
-11
-13
-16
-20
-19
-15
-23
-32
-37
-37
-44
-44
-40
-36
-38
-42
-44
-45
-41
-32
-29
-26
-16
-11
-4
-3
-7
-10
-10
-12
-9
-2
6
8
8
11
6
6
1
8
10
9
13
10
12
11
9
10
10
12
17
16
12
20
20
15
10
8
13
12
6
5
3
0
4
-8
-5
0
5
3
-1
4
9
11
16
21
20
28
28
27
22
21
33
23
13
20
18
17
7
5
6
3
13
12
4
2
-1
-2
-6
-6
-3
1
-4
-8
-3
-3
2
-8
-13
-12
-5
-7
-8
-5
-8
-1
-5
-13
-13
-10
-13
-16
-17
-15
-20
-23
-24
-21
-19
-23
-24
-30
-21
-24
-27
-29
-25
-19
-17
-12
-17
-13
-11
-10
-8
-7
-2
1
7
9
11
13
5
2
3
14
18
17
18
16
18
17
17
10
9
11
9
11
14
13
15
12
9
14
14
14
13
13
9
6
3
5
9
14
14
10
8
3
8
10
10
11
7
8
-1
-9
-9
-15
-10
-13
-17
-12
-6
0
-4
-8
-8
-13
-8
-5
-7
-2
-2
-3
-2
-5
-2
-3
-6
-5
-2
-1
-1
-9
-15
-14
-11
-16
-23
-17
-13
-17
-20
-26
-24
-22
-17
-21
-21
-12
-10
-6
-10
-10
-2
0
0
3
10
15
18
23
23
25
29
31
33
30
30
33
32
27
27
31
27
15
11
12
17
18
13
11
10
8
4
5
5
11
12
11
6
7
2
-10
-11
-13
-8
-5
-8
-7
-3
0
-9
-15
-7
-7
-10
-14
-18
-11
-14
-16
-15
-11
-8
-9
-5
-10
-7
-1
-2
0
1
3
4
2
1
4
3
2
4
1
-1
-3
-8
-14
-13
-12
-15
-17
-18
-20
-19
-23
-24
-18
-17
-14
-11
-12
-12
-9
-10
-15
-10
-8
-1
1
4
6
8
11
12
15
16
22
23
22
22
25
25
27
27
25
24
20
17
13
9
10
8
1
3
1
-6
-2
-13
-8
-11
-11
-9
-17
-15
-19
-17
-12
-7
-8
-7
-7
-9
-9
-8
-8
-2
1
7
2
1
-1
-5
5
-5
-9
-6
-5
-2
-4
-7
-7
-5
-8
-7
-5
-4
-4
-3
1
-1
-1
-5
-3
-3
-8
-6
-6
-5
-6
-9
-13
-8
2
2
0
0
-1
3
4
2
2
10
12
15
19
19
24
25
23
20
20
24
20
21
21
20
21
18
16
15
7
5
3
5
5
4
7
7
0
-2
-6
-8
-7
-5
-3
-4
2
0
0
-1
-2
2
-1
-1
-2
-5
-4
-5
-3
0
-2
-1
-3
-2
-5
-2
-5
-6
-2
-5
-5
-5
-7
-10
-10
-14
-14
-13
-15
-18
-23
-19
-23
-25
-21
-15
-13
-16
-14
-16
-13
-10
-7
-2
-4
-5
-2
-1
-2
0
-5
-2
0
1
4
1
2
2
-1
-1
1
3
5
6
7
11
17
20
26
24
16
19
19
19
20
18
17
14
13
16
16
17
16
11
11
7
10
8
6
9
5
3
-1
0
-4
0
4
2
4
0
-2
-2
-4
-1
2
3
1
2
0
-1
-1
-2
0
0
-2
0
2
-1
-4
-4
-4
-3
-3
-4
-4
-5
-10
-10
-16
-14
-16
-17
-18
-18
-20
-17
-15
-21
-17
-15
-13
-13
-8
-7
-8
-8
-9
-9
-8
-3
-4
0
6
4
2
-1
-2
-3
-5
-3
-4
0
5
0
-3
-5
-2
0
1
-3
-4
-3
-4
-5
-5
-5
-7
-3
-3
0
3
5
5
5
3
5
8
12
13
8
10
12
13
13
15
16
17
17
19
18
15
15
14
15
11
11
8
8
12
15
13
10
10
6
4
1
7
7
6
2
-2
0
-2
-7
-4
-4
-7
-9
-11
-12
-14
-11
-10
-8
-11
-12
-8
-11
-10
-12
-11
-13
-10
-11
-12
-9
-14
-11
-13
-13
-9
-7
-6
-6
-8
-7
-8
-7
-8
-6
-8
-8
-6
-10
-11
-11
-7
-6
-7
-4
-7
-8
-6
-6
-2
1
4
6
9
7
6
8
5
4
6
5
12
17
16
19
19
18
19
20
20
21
23
22
21
24
21
21
21
20
18
16
16
16
16
8
7
6
5
3
1
-1
0
-7
-7
-6
-7
-7
-8
-6
-8
-7
-8
-8
-6
-5
-6
-6
-7
-9
-7
-5
-6
-4
-5
-6
-3
-8
-6
-6
-3
0
-3
-5
-5
-7
-8
-8
-11
-11
-12
-13
-14
-17
-15
-15
-15
-14
-16
-12
-14
-13
-14
-12
-12
-12
-12
-10
-9
-8
-4
-5
-3
-2
-1
2
3
3
4
5
5
7
13
14
13
15
17
13
10
11
11
16
16
12
15
16
16
14
10
10
6
9
9
8
6
6
4
0
2
1
2
2
1
2
4
1
2
0
-1
-2
-4
-7
-3
-1
-5
-4
-1
-4
-4
-2
-1
-1
-2
0
-3
-2
-1
-5
-3
-4
-4
-5
-3
-2
-6
-5
-8
-7
-4
-6
-2
0
-1
-3
-1
-2
-2
1
1
2
1
1
2
1
1
-3
-2
-2
-3
-1
-1
-3
-4
0
-3
-3
-3
-2
0
2
1
-2
0
-2
-2
0
0
2
1
2
1
1
4
3
9
10
10
14
16
13
13
10
9
7
9
8
7
7
6
5
4
4
-1
0
-4
-5
-2
-3
-3
-4
-8
-7
-8
-8
-8
-7
-5
-3
-6
-5
-4
-5
-5
-6
-5
-5
-7
-6
-8
-7
-8
-8
-7
-9
-7
-5
-4
-4
-5
-5
-4
-1
-4
-3
-2
-1
-2
-3
-1
-2
0
-2
-1
3
2
3
2
2
3
4
2
1
-1
0
3
1
0
2
3
0
1
-1
-2
-1
-2
0
0
1
0
0
2
5
3
6
5
7
10
9
7
5
7
7
4
6
8
8
8
8
8
5
4
5
5
7
8
11
9
8
9
9
8
5
3
2
2
3
-1
-2
-2
-1
-2
-3
0
1
1
1
0
2
3
1
-3
-2
-2
-1
-2
-2
-3
-5
-4
-5
-6
-6
-7
-5
-5
-7
-8
-6
-10
-12
-10
-11
-9
-10
-10
-8
-10
-9
-7
-10
-11
-11
-10
-6
-3
-3
-4
-2
-3
-6
-4
-4
-3
-3
1
2
5
2
2
3
2
5
5
7
9
8
8
9
8
9
8
9
9
12
12
10
9
9
7
5
9
5
6
5
5
6
4
4
5
7
6
8
10
9
9
8
8
8
9
6
9
8
7
7
3
5
3
0
-2
-5
-5
-6
-9
-9
-10
-11
-10
-12
-13
-17
-19
-18
-17
-17
-18
-19
-18
-21
-24
-22
-23
-23
-19
-15
-14
-13
-10
-11
-10
-9
-6
-5
-2
-3
-3
-3
-3
-2
-4
-2
-3
-1
5
5
6
7
9
9
10
14
15
15
18
17
16
15
16
16
14
13
14
16
14
14
12
13
12
8
5
7
8
7
8
9
9
8
7
5
6
6
5
3
2
4
3
4
3
6
5
4
5
4
5
3
3
3
2
1
3
2
0
-2
-3
-3
-4
-3
-5
-5
-6
-7
-10
-12
-12
-13
-13
-13
-17
-19
-18
-14
-14
-12
-12
-13
-13
-13
-10
-9
-8
-8
-9
-8
-9
-9
-7
-9
-7
-6
-7
-4
-3
-4
-2
-1
-3
-1
0
3
5
3
5
7
5
8
7
7
8
9
9
9
10
11
11
9
10
11
11
9
7
7
7
4
2
2
0
0
-1
-3
-4
-1
0
1
4
3
1
2
2
2
5
4
4
6
5
8
8
6
8
6
6
5
5
6
7
4
4
6
1
1
0
-1
-1
0
1
2
-2
-2
-1
-1
-3
-4
-3
-6
-9
-9
-8
-9
-10
-11
-8
-12
-12
-10
-11
-10
-8
-7
-9
-8
-12
-11
-11
-9
-8
-9
-7
-7
-5
-4
-4
-5
-4
-4
-4
-3
-3
-2
2
-1
-2
2
1
3
4
3
4
4
4
7
9
11
11
11
10
10
12
13
9
8
7
6
6
5
6
6
4
2
-1
-1
0
0
2
1
2
3
1
0
-1
0
-2
1
0
0
-1
0
0
0
0
2
2
3
4
1
2
1
3
4
3
4
2
2
1
1
1
2
0
-1
-1
-2
-1
0
-2
-3
-3
-2
-2
-3
0
1
0
0
1
0
-2
-2
-3
-2
-3
-3
0
1
0
2
1
1
1
3
5
4
3
4
4
3
2
4
3
3
2
-1
-1
-2
-2
-2
-2
-2
-4
-3
-2
0
-1
-2
-6
-7
-5
-6
-7
-4
-5
-4
-4
-4
-4
-7
-8
-6
-6
-5
-4
-4
-6
-7
-7
-6
-9
-7
-8
-10
-9
-9
-10
-7
-5
-5
-4
-5
-3
-3
-2
1
0
3
2
4
2
3
3
3
4
4
5
4
5
4
6
6
6
6
6
7
8
9
9
9
8
8
7
6
6
4
5
7
8
9
8
8
6
6
8
8
8
7
8
8
4
6
5
4
4
3
3
2
4
3
2
3
2
0
-1
-1
-1
-2
-3
-3
-1
-3
-3
-3
-1
-1
-2
-2
-3
-4
-4
-5
-4
-4
-2
-1
0
-1
-1
-3
-5
-6
-6
-6
