0
0
1
0
-1
0
-1
0
1
1
1
-1
0
1
0
1
2
2
1
3
2
1
2
0
0
0
1
1
1
-1
-1
-2
-3
-3
-3
-2
-2
-1
-1
-1
-2
-2
-2
-3
-2
-1
-1
-1
-2
-1
0
0
0
-1
0
-1
-1
0
0
-1
0
0
-2
0
0
-1
-2
-1
-1
0
0
1
1
1
1
1
1
2
2
2
2
2
1
2
2
2
2
3
3
3
2
0
1
0
1
2
2
2
3
3
2
2
0
0
0
0
-1
0
-1
-1
-2
-1
-2
-1
-2
-2
-1
-2
-1
-2
-2
-2
-2
-2
-1
0
0
1
0
0
-1
0
0
1
2
2
2
2
2
3
2
2
1
1
2
2
2
2
2
1
1
1
0
1
1
0
1
2
1
2
1
2
-1
-1
-1
-2
-1
-2
-1
-2
-1
-3
-2
-2
-3
-3
-4
-3
-4
-3
-3
-3
-2
-2
-2
-2
-2
-2
-1
-2
-2
-2
-1
-1
0
1
1
2
2
1
0
1
0
0
0
0
-2
-1
-1
0
-1
-1
-1
-2
-1
-1
-1
-1
0
0
0
0
2
1
1
2
2
2
2
2
2
2
2
3
2
2
2
1
3
1
1
1
1
0
1
1
0
0
0
0
1
0
1
1
1
0
0
1
1
1
0
1
0
0
0
1
1
1
1
0
0
0
-1
-1
-2
-2
-2
-2
-3
-2
-1
0
0
-1
0
0
-1
1
1
1
2
1
0
0
0
-1
-1
0
-1
-2
-2
-1
-2
-2
-1
-1
-2
-1
-1
-1
-1
0
-1
0
0
1
1
2
3
1
3
3
2
3
2
1
1
2
2
1
2
1
2
1
0
-1
-2
-1
0
1
1
1
0
1
1
2
0
1
1
0
0
0
0
-1
-1
-1
-2
-1
-2
-1
-1
0
-1
-1
0
0
0
0
-1
-1
-1
1
0
1
-1
-1
0
-1
0
0
1
1
1
1
1
2
3
3
3
3
3
3
2
2
2
1
2
1
0
1
0
-1
-1
-2
-1
-1
-1
-2
-2
-1
-2
-1
-1
-2
-1
-1
-2
-1
-1
-1
-1
-2
-1
-2
-2
-3
-3
-2
-2
-2
-1
-2
-2
-2
-4
-3
-3
-2
-2
-2
-2
-2
-1
-1
-2
0
-1
-1
0
1
1
2
3
1
2
2
3
3
2
3
4
3
3
2
2
2
1
2
2
1
2
2
2
2
1
2
1
1
1
1
1
0
0
0
1
0
0
1
1
1
1
1
1
1
1
1
2
2
2
3
2
2
2
2
1
1
2
1
0
0
0
0
0
-1
0
0
-1
-1
-1
-1
-1
-1
0
0
-1
-1
-1
-1
-1
-1
-1
-1
-1
-2
-1
-1
-3
-3
-3
-3
-3
-2
-3
-2
-1
-1
-1
-1
-1
-2
-3
-3
-4
-2
-2
-3
-3
-2
-2
-4
-3
-3
-2
-3
-2
-1
0
-1
-1
-1
-2
-1
-2
-1
-3
-2
-3
-2
-2
-2
-2
-2
-2
-1
-1
0
1
0
0
1
0
1
1
2
1
1
1
2
2
2
3
2
3
2
3
4
4
4
4
5
3
4
4
3
4
3
3
3
2
3
3
2
3
3
2
2
2
2
2
3
3
2
3
3
3
2
3
3
4
4
3
4
3
3
3
3
2
2
2
-1
-1
0
-1
-1
-1
-1
-1
-1
-2
-1
-1
-1
-1
1
1
0
0
-1
0
-1
-1
-1
-1
-2
-2
-3
-4
-3
-4
-3
-5
-5
-4
-5
-5
-6
-5
-6
-8
-7
-7
-6
-6
-6
-6
-5
-4
-4
-4
-2
-3
-3
-3
-3
-2
-1
0
0
0
0
0
1
0
1
0
1
1
1
1
2
3
2
2
2
2
3
3
3
3
2
4
3
2
3
3
3
3
3
3
2
2
1
3
2
2
0
-1
0
-1
0
-1
-1
0
-1
-1
-1
-2
-2
-2
-2
0
-1
-1
0
0
0
0
0
0
0
0
0
0
-1
-1
1
0
1
1
1
1
1
2
0
1
1
2
1
2
1
1
3
3
4
4
4
4
4
4
4
3
4
4
4
4
3
2
1
1
1
2
2
1
0
0
1
1
1
0
2
1
-1
-1
0
1
0
1
1
-2
-1
-1
-1
-1
-1
-1
-1
-2
-2
-4
-3
-4
-4
-3
-3
-3
-3
-3
-3
-2
-2
-3
-3
-3
-2
-2
-2
-2
-1
0
-1
-2
-1
-2
-2
-3
-4
-1
-2
-3
-3
-1
-2
-2
-2
-1
-2
-2
-2
-1
-1
-2
-2
-2
-2
-2
-2
-2
-2
-3
-4
-3
-3
-3
-4
-3
-2
-3
-2
-1
-1
0
-1
-1
0
1
0
1
0
1
2
2
2
2
2
2
2
3
2
3
3
3
2
3
3
3
4
3
3
3
3
3
3
4
3
3
4
4
5
4
5
4
5
4
4
4
4
3
2
1
1
-1
-1
-2
-2
-4
-4
-2
-3
-3
-2
-3
-2
-2
-1
-1
-1
0
1
2
2
1
3
3
3
2
3
3
3
3
2
3
3
3
3
2
3
3
2
2
2
3
1
0
0
0
0
0
0
-1
-3
-2
-1
-2
-1
-1
0
0
0
0
0
1
1
2
2
3
2
2
3
2
1
1
-1
0
-1
-1
-2
-3
-3
-5
-6
-5
-6
-7
-6
-8
-7
-8
-8
-8
-8
-10
-9
-8
-7
-7
-8
-7
-7
-8
-7
-6
-5
-4
-3
-2
-1
-1
-2
-2
-4
-5
-5
-5
-6
-6
-7
-7
-6
-5
-5
-3
-3
-1
1
2
5
5
9
9
8
9
9
11
12
12
12
13
15
14
14
14
14
14
13
12
12
10
11
10
10
11
9
9
7
6
6
5
4
4
3
0
1
0
-2
-3
-3
-4
-5
-5
-4
-5
-5
-4
-5
-4
-5
-5
-5
-6
-6
-7
-7
-8
-9
-9
-9
-10
-10
-11
-11
-13
-14
-14
-15
-15
-15
-15
-14
-14
-14
-13
-12
-12
-10
-7
-5
-3
-2
1
2
5
8
10
13
14
16
17
18
18
20
19
21
19
21
21
20
19
19
18
17
17
16
16
16
14
13
13
11
10
11
9
10
9
8
9
9
8
8
7
6
5
4
2
0
-1
-3
-7
-10
-13
-16
-17
-19
-21
-23
-25
-25
-26
-26
-26
-27
-26
-25
-25
-25
-25
-25
-25
-28
-28
-28
-29
-30
-32
-33
-35
-37
-40
-41
-43
-47
-49
-51
-53
-54
-54
-55
-51
-50
-45
-39
-32
-23
-13
-3
10
23
36
51
65
77
89
101
110
120
126
129
132
132
129
123
116
107
98
86
74
62
52
41
30
22
13
6
1
-1
-3
-4
-1
0
2
4
6
10
13
16
18
21
22
23
23
21
18
12
7
1
-7
-14
-23
-31
-41
-49
-59
-65
-70
-74
-79
-82
-82
-85
-86
-85
-84
-86
-85
-86
-89
-95
-105
-116
-126
-134
-143
-148
-154
-158
-161
-165
-168
-171
-169
-162
-148
-132
-111
-88
-60
-29
8
48
92
134
176
216
248
273
295
308
316
316
306
288
264
236
202
168
135
103
76
51
27
9
-6
-19
-26
-29
-28
-22
-17
-5
7
20
37
53
68
87
104
118
129
139
144
147
146
143
133
119
103
84
63
40
15
-10
-35
-61
-83
-106
-126
-143
-155
-168
-180
-189
-194
-199
-198
-197
-194
-189
-186
-180
-174
-165
-157
-148
-134
-122
-111
-100
-94
-88
-84
-85
-89
-96
-104
-121
-136
-154
-169
-181
-193
-201
-210
-219
-228
-230
-230
-224
-210
-185
-157
-120
-80
-32
21
79
147
216
282
345
404
456
500
531
555
565
565
548
519
479
429
375
314
253
189
131
78
36
2
-26
-42
-51
-54
-54
-48
-37
-24
-6
16
45
72
104
131
156
179
197
208
217
222
222
213
198
177
148
117
77
40
1
-41
-82
-118
-153
-187
-219
-244
-261
-271
-279
-279
-277
-273
-269
-261
-254
-250
-245
-241
-239
-236
-232
-229
-228
-228
-226
-223
-222
-219
-214
-210
-213
-227
-246
-267
-293
-317
-340
-356
-374
-392
-409
-425
-438
-448
-446
-439
-412
-374
-327
-268
-198
-110
-20
76
178
285
391
496
593
680
756
821
873
904
923
920
895
855
797
725
654
575
489
405
329
261
198
143
104
70
44
27
11
2
-6
-8
-6
1
13
39
64
87
112
138
165
188
206
218
222
216
193
161
125
84
37
-11
-58
-103
-142
-183
-215
-243
-256
-269
-274
-277
-276
-267
-262
-254
-250
-241
-235
-234
-235
-236
-247
-251
-257
-264
-265
-275
-274
-276
-274
-272
-278
-282
-298
-315
-340
-370
-401
-430
-450
-472
-491
-508
-521
-532
-540
-544
-542
-526
-496
-447
-385
-314
-225
-135
-38
70
178
288
397
501
600
687
767
824
871
899
902
892
861
818
764
697
624
544
469
398
335
278
224
173
133
100
67
46
21
2
-8
-15
-12
-9
1
9
17
32
50
69
85
104
110
116
112
100
77
54
26
-4
-31
-63
-96
-126
-159
-186
-210
-231
-243
-247
-245
-243
-239
-234
-225
-215
-204
-192
-188
-190
-195
-199
-206
-218
-227
-233
-240
-245
-246
-246
-247
-240
-230
-226
-222
-214
-208
-216
-217
-229
-238
-251
-264
-269
-278
-288
-298
-306
-311
-313
-307
-289
-254
-211
-162
-105
-38
30
96
175
255
329
407
481
545
601
645
684
704
716
707
681
650
609
559
501
453
394
335
279
225
174
129
90
61
33
7
-21
-43
-59
-74
-74
-77
-76
-74
-70
-61
-56
-50
-38
-33
-30
-31
-36
-45
-52
-59
-65
-65
-67
-77
-90
-106
-117
-133
-143
-144
-147
-149
-149
-143
-132
-129
-122
-119
-121
-116
-115
-115
-108
-104
-98
-97
-100
-107
-113
-117
-123
-129
-135
-139
-142
-148
-156
-160
-168
-174
-183
-196
-207
-211
-222
-245
-257
-275
-293
-306
-316
-321
-328
-319
-305
-283
-247
-204
-154
-96
-36
33
106
173
248
316
379
436
483
520
550
567
572
566
549
525
500
473
432
395
360
328
295
262
232
207
188
175
164
146
132
120
102
80
63
48
24
6
-7
-28
-50
-69
-82
-97
-111
-124
-142
-152
-159
-166
-173
-181
-184
-181
-175
-174
-166
-159
-146
-135
-124
-108
-87
-67
-51
-34
-19
-2
5
16
20
21
23
20
13
2
-8
-26
-37
-49
-59
-69
-82
-89
-95
-104
-111
-117
-122
-127
-139
-154
-177
-201
-227
-251
-271
-294
-314
-332
-351
-360
-363
-361
-358
-337
-311
-282
-247
-214
-168
-121
-73
-18
40
107
169
222
272
319
367
408
438
464
481
490
488
480
475
464
449
428
404
378
347
312
278
245
210
174
143
115
85
56
29
3
-18
-40
-65
-89
-116
-135
-149
-164
-165
-168
-161
-154
-150
-137
-125
-111
-98
-79
-61
-50
-36
-26
-8
3
10
22
22
19
16
15
18
16
9
7
6
0
-6
-10
-14
-14
-17
-23
-23
-27
-26
-27
-27
-24
-23
-19
-18
-16
-17
-15
-15
-16
-23
-37
-54
-74
-95
-117
-141
-169
-199
-229
-256
-276
-292
-305
-314
-319
-315
-305
-287
-257
-219
-175
-128
-77
-30
17
62
107
146
181
210
230
247
259
264
268
263
262
254
244
234
219
198
173
144
122
101
83
63
37
23
10
-3
-11
-18
-26
-32
-36
-41
-45
-44
-40
-36
-34
-30
-19
-3
6
23
29
34
38
39
45
51
59
64
70
74
79
84
93
95
99
106
114
121
121
123
119
120
113
107
109
102
93
80
71
57
46
39
30
22
7
-7
-23
-40
-50
-58
-74
-85
-100
-114
-130
-156
-173
-192
-216
-234
-255
-276
-299
-317
-338
-355
-368
-378
-387
-389
-381
-368
-351
-333
-305
-277
-247
-216
-180
-143
-100
-54
-13
24
61
100
135
165
190
210
224
236
241
240
242
239
227
208
194
184
173
162
149
142
135
127
115
111
105
102
107
113
117
126
134
139
153
156
162
169
173
179
187
198
205
210
218
228
230
229
228
227
228
219
210
201
189
182
175
163
154
146
133
119
107
96
82
74
67
52
39
23
-4
-28
-52
-74
-98
-122
-142
-164
-190
-213
-242
-265
-276
-291
-303
-313
-324
-339
-354
-374
-388
-403
-419
-436
-452
-467
-489
-503
-511
-529
-534
-538
-540
-538
-528
-517
-497
-467
-434
-393
-347
-293
-232
-166
-104
-40
18
78
140
190
235
267
295
318
330
334
336
327
314
301
291
277
266
262
264
270
274
280
290
294
296
307
311
325
342
355
372
384
392
398
404
408
419
429
434
440
440
430
418
401
389
372
350
327
311
289
268
249
231
210
188
175
156
140
128
117
101
85
65
44
22
-7
-42
-78
-113
-150
-181
-219
-254
-286
-322
-352
-384
-409
-434
-468
-494
-516
-539
-559
-579
-591
-591
-595
-602
-606
-610
-619
-620
-617
-619
-619
-621
-617
-614
-606
-598
-581
-557
-531
-495
-451
-396
-346
-289
-223
-150
-81
-17
53
123
181
243
297
346
390
418
444
462
474
474
477
476
474
469
473
467
456
453
446
438
425
427
432
436
434
435
443
455
465
463
471
481
483
484
488
479
472
458
441
427
405
379
347
314
285
250
210
173
132
101
63
30
2
-23
-46
-71
-98
-123
-152
-168
-190
-211
-219
-238
-252
-276
-298
-328
-345
-365
-381
-394
-412
-432
-448
-463
-489
-503
-512
-515
-519
-524
-528
-519
-502
-504
-492
-472
-461
-450
-437
-425
-414
-405
-396
-380
-362
-356
-351
-329
-314
-291
-266
-248
-222
-189
-144
-100
-55
-7
42
87
140
195
244
285
316
361
395
423
454
476
494
500
506
516
517
518
514
507
487
471
460
446
442
426
421
414
401
390
379
379
373
364
361
359
353
349
353
355
345
336
320
311
288
265
251
225
195
160
122
85
53
17
-14
-60
-100
-135
-175
-207
-228
-263
-292
-318
-346
-366
-395
-395
-399
-412
-415
-425
-438
-448
-454
-466
-479
-489
-489
-489
-487
-470
-460
-461
-459
-447
-425
-400
-381
-371
-346
-333
-316
-298
-280
-272
-256
-235
-231
-216
-194
-167
-155
-130
-103
-86
-67
-41
-28
7
34
48
87
126
149
175
210
236
261
291
317
332
357
373
381
399
408
410
422
418
408
414
409
402
393
386
387
385
385
384
382
379
379
382
345
388
396
356
359
351
366
333
317
289
302
272
242
227
178
185
122
101
44
17
-4
-61
-126
-159
-150
-179
-233
-293
-294
-301
-326
-361
-384
-368
-372
-392
-439
-446
-430
-433
-454
-465
-441
-436
-546
-550
-365
-322
-355
-414
-350
-264
-283
-353
-384
-308
-225
-143
-206
-209
-182
-113
-78
-129
-136
-100
-33
-59
-61
-16
64
64
60
69
87
130
127
123
140
181
170
157
187
215
236
224
239
249
261
263
242
238
211
214
237
235
197
196
232
228
214
194
196
215
226
227
210
185
179
203
195
185
171
159
165
162
145
110
90
118
122
89
39
51
61
5
-12
-1
-11
-68
-116
-96
-101
-124
-165
-196
-177
-112
-164
-218
-198
-190
-112
-175
-185
-177
-146
-132
-178
-156
-141
-88
-157
-153
-99
-75
-71
-125
-100
-42
20
-61
-87
-10
22
20
-55
-72
5
9
-41
-81
-37
7
-34
-59
-31
-19
-1
-41
-25
39
44
31
-21
-55
21
60
26
6
-41
12
22
-14
-30
-39
-15
-22
-24
-37
-61
-100
-107
-98
-82
-62
-72
-71
-76
-64
-32
-4
10
13
41
100
136
138
155
178
209
234
245
235
233
253
234
217
217
197
182
195
159
135
144
115
76
74
-5
-6
13
-9
-71
-83
7
-101
-100
-80
-33
-66
-123
-72
-92
-46
-85
-39
-171
-28
65
-135
-60
-135
-25
-15
-66
-124
-71
4
-82
-40
-101
-15
-49
-114
4
-77
-37
-20
-79
-1
-43
32
-44
-86
60
42
28
23
-14
95
113
34
81
72
46
49
29
48
119
3
10
14
-20
93
-45
-84
-83
4
-75
-181
-119
-164
-137
-238
-182
-195
-223
-241
-242
-197
-248
-218
-208
-139
-140
-148
-82
-52
-32
-32
30
50
86
154
125
103
158
195
154
195
161
262
206
119
234
123
257
177
116
187
98
122
191
118
-108
133
180
-16
25
-23
91
64
14
0
59
153
58
151
-45
141
193
125
-20
44
226
65
141
-42
137
43
85
124
-93
-26
34
247
-141
-80
83
57
-55
-53
24
-21
6
-42
65
-25
23
-27
107
-22
-45
56
-90
0
-142
14
-65
-114
-191
-99
-62
-239
-70
-277
-229
-232
-202
-187
-379
-315
-244
-263
-351
-312
-341
-386
-313
-294
-312
-346
-298
-273
-266
-202
-158
-172
-163
-72
3
10
-38
-7
100
102
94
85
146
194
154
185
196
319
188
259
267
302
276
275
274
182
386
186
246
115
349
253
141
102
252
227
201
225
99
193
187
262
187
144
134
219
103
313
75
53
156
65
109
223
14
-107
95
228
83
-250
161
-11
70
-57
96
-43
-127
55
-54
1
-180
107
-279
15
-11
-99
-98
-319
-28
-27
-75
-347
-258
-89
-82
-247
-281
-192
-238
-134
-271
-273
-308
-300
-253
-383
-265
-297
-339
-453
-394
-270
-293
-375
-454
-311
-281
-196
-287
-296
-265
-184
-52
-146
-178
-107
54
56
28
56
147
153
143
187
194
285
299
270
307
335
367
339
306
346
451
281
289
369
348
404
170
325
382
292
278
250
161
222
414
85
173
212
241
142
103
146
207
109
13
208
-32
277
8
27
78
-4
250
-53
-121
32
145
-27
-127
-10
-51
59
-156
-110
-47
-145
-83
-212
-49
-173
-143
-91
-188
-150
-153
-64
-135
-246
-101
-84
-111
-214
-146
-177
-194
-106
-304
-218
-268
-234
-306
-357
-259
-395
-281
-480
-357
-372
-385
-405
-480
-358
-360
-254
-417
-362
-258
-216
-151
-236
-184
-88
-23
-69
-31
133
147
117
225
269
304
337
364
403
421
492
422
458
431
509
434
449
412
397
486
252
479
400
234
285
342
339
281
266
37
362
205
220
67
44
279
58
172
-13
103
46
17
7
10
46
-80
-104
-60
13
-13
-247
-163
-14
-97
-95
-288
-157
-132
-83
-167
-104
-81
-242
-47
-146
-20
-179
-164
-90
-52
-41
-175
-28
-152
-113
-99
-92
-218
-164
-112
-204
-221
-264
-124
-305
-379
-285
-172
-348
-479
-356
-300
-328
-423
-314
-349
-285
-376
-284
-269
-246
-147
-207
-137
-143
37
-17
-51
10
167
231
119
211
294
351
333
353
423
390
436
405
495
426
413
428
341
395
407
427
259
349
254
284
287
211
271
4
213
247
126
153
70
56
48
250
-25
48
-54
-15
143
-40
-64
-77
172
-203
-51
-41
-79
-98
-181
-19
-139
-134
-143
-54
-189
-155
-64
-92
-88
-156
-132
17
-188
-229
-103
-95
-87
-295
-89
-148
-139
-200
-165
-150
-278
-4
-233
-162
-254
-208
-121
-264
-216
-261
-198
-312
-192
-274
-249
-233
-308
-147
-206
-226
-180
-173
-47
-87
-111
40
60
34
2
136
163
222
244
278
267
228
376
310
281
269
348
339
273
306
266
228
223
227
157
256
214
146
183
106
244
195
120
129
242
247
143
123
90
206
191
158
91
29
159
111
37
31
-72
12
95
-59
-204
-69
-54
-74
-183
-180
-141
-129
-72
-367
-226
-230
31
-322
-295
25
-209
-74
-216
-105
-109
36
-113
-148
35
-73
64
-145
-166
82
-21
-105
-232
-140
-52
-75
-213
-245
-154
-304
-160
-247
-319
-372
-414
-192
-183
-276
-388
-330
-130
-51
-126
-218
-110
31
176
141
105
202
172
237
312
421
447
270
269
343
452
395
192
171
238
362
231
106
45
174
206
49
41
67
116
47
-1
38
149
65
16
-24
99
154
66
89
74
208
123
125
39
80
220
165
41
-54
90
78
39
-111
-93
47
8
-136
-254
-91
-65
-132
-101
-230
-151
-112
-57
-204
-225
-44
-42
-99
-129
-28
-58
-62
-181
-17
38
39
-85
-113
-154
55
68
-156
-170
-200
9
-175
-173
-258
-110
-214
-211
-111
-190
-258
-521
-298
-268
-161
-269
-330
-320
-245
-129
-191
-168
-120
73
74
83
123
167
190
251
310
460
492
383
344
414
481
382
329
333
346
338
225
108
103
137
127
47
52
62
33
-33
-44
-34
-12
5
44
9
-45
56
66
-19
10
107
197
135
-23
69
171
140
59
69
91
132
101
-1
5
62
126
18
-56
-29
41
36
-140
-120
31
71
-79
-185
-29
-13
-20
-81
-16
1
-89
-36
-120
-42
-76
-114
-139
-141
-49
-95
-166
-341
-295
-239
-221
-226
-227
-194
-404
-562
-536
-371
-408
-568
-585
-440
-298
-347
-570
-625
-401
-100
33
-20
-72
-49
96
212
338
395
414
491
484
562
585
513
422
421
567
579
497
288
218
229
268
285
171
128
92
132
19
-59
-90
-26
25
-44
-77
-89
-98
-128
-81
-30
35
-30
-58
-27
-8
52
23
32
72
152
137
53
22
72
158
139
146
103
86
90
28
50
66
129
69
7
26
44
10
-60
78
48
30
4
-8
-24
-75
-52
-102
-47
-16
-66
-166
-138
-34
-61
-68
-221
-435
-369
-162
64
32
-293
-650
-564
-162
-117
-505
-853
-594
-121
-38
-421
-857
-769
-282
141
113
-144
-211
-79
135
307
443
461
364
379
545
733
646
315
242
446
727
655
320
58
51
225
257
196
38
-32
0
31
-60
-170
-168
-134
-64
-83
-97
-126
-243
-230
-194
-90
-35
-72
-147
-157
-52
-37
-53
-83
-17
87
114
79
45
73
122
156
137
163
172
169
116
137
254
209
101
43
84
154
104
2
7
19
47
46
-33
-106
-57
4
14
-75
-111
-60
-80
-97
-43
-68
-185
-283
-374
-282
4
228
-90
-586
-635
-296
-38
-293
-779
-750
-267
32
-299
-851
-878
-382
111
149
-69
-215
-95
73
242
396
482
500
429
527
688
728
487
272
391
705
842
498
110
75
247
338
200
81
32
81
35
-132
-194
-151
-72
-99
-78
-89
-137
-228
-241
-216
-136
-48
-70
-141
-263
-232
-127
-79
-137
-147
-80
-54
-42
-60
-7
62
129
118
139
131
125
180
208
279
305
279
206
147
217
232
227
191
141
124
122
52
-47
-38
-6
48
-39
-135
-193
-221
-157
-114
-82
-174
-247
-468
-616
-416
44
199
-344
-873
-729
-82
-44
-641
-1075
-699
78
205
-445
-1084
-864
-104
327
157
-113
-88
71
164
302
518
615
514
474
670
913
771
361
175
514
909
822
355
11
80
267
243
40
-7
66
47
-112
-240
-279
-247
-230
-234
-169
-191
-248
-371
-492
-373
-202
-134
-196
-275
-265
-221
-185
-216
-192
-73
44
43
-9
-7
77
172
190
223
321
358
285
263
344
402
401
338
255
319
360
366
221
95
129
222
232
20
-100
-94
-23
8
-69
-167
-162
-138
-83
-106
-360
-568
-476
-74
262
92
-530
-855
-524
-12
-107
-685
-882
-411
69
-86
-685
-1049
-651
73
384
136
-147
-116
85
267
421
610
694
587
566
727
821
672
392
350
670
909
707
207
-155
-41
277
333
26
-238
-180
-22
-101
-428
-535
-374
-104
-125
-417
-539
-479
-364
-376
-380
-396
-293
-256
-370
-443
-427
-273
-171
-155
-144
-106
-134
-183
-117
0
129
213
148
146
168
237
273
281
398
441
438
344
288
379
492
529
431
320
326
356
284
162
103
129
119
13
-97
-173
-174
-200
-254
-229
-272
-458
-688
-557
-86
76
-334
-875
-784
-200
35
-449
-967
-671
20
251
-261
-805
-646
-1
403
250
35
62
251
315
357
584
727
679
497
600
845
828
491
216
408
798
795
277
-121
-22
260
235
-51
-206
-135
-38
-161
-363
-404
-279
-171
-231
-334
-326
-252
-298
-401
-358
-216
-84
-154
-299
-227
-90
-24
-102
-178
-117
-1
50
-3
-45
18
106
85
6
26
96
127
106
151
214
222
132
82
160
287
355
321
235
181
146
132
78
49
19
9
-41
-184
-250
-215
-169
-296
-538
-643
-551
-404
-455
-735
-817
-630
-434
-461
-601
-582
-323
-100
-8
-71
-61
142
290
424
552
665
705
663
660
742
787
731
632
632
683
624
493
371
314
273
248
250
250
135
43
-7
15
78
45
-77
-205
-131
-17
-29
-234
-405
-374
-264
-176
-298
-483
-518
-427
-332
-367
-448
-469
-422
-333
-314
-307
-328
-305
-274
-264
-234
-223
-188
-184
-116
-50
-28
-51
-78
32
176
231
156
149
260
270
237
157
196
303
375
330
168
111
133
209
212
111
40
46
104
139
65
-53
-62
30
125
61
-114
-102
-25
-44
-224
-318
0
299
124
-430
-642
-271
78
-89
-552
-599
-151
173
-82
-592
-606
-95
378
380
110
30
200
383
465
563
674
752
673
610
670
694
603
435
446
560
556
343
15
-94
-17
63
-42
-195
-240
-273
-381
-504
-461
-353
-289
-319
-421
-489
-449
-387
-404
-393
-251
-143
-169
-278
-288
-203
-175
-139
-10
146
155
9
-80
7
174
237
188
169
227
273
180
9
40
194
245
132
71
137
156
58
-86
-33
138
216
113
-114
-111
33
124
-13
-251
-343
-278
-253
-382
-434
-257
-142
-345
-686
-805
-575
-399
-471
-681
-635
-382
-313
-495
-741
-630
-187
131
155
61
10
55
225
466
696
771
735
720
825
925
853
699
694
845
935
862
596
401
381
419
413
319
265
210
107
-5
-88
-111
-89
-97
-141
-176
-195
-255
-351
-397
-373
-244
-209
-301
-421
-464
-369
-284
-282
-355
-266
-184
-225
-309
-282
-103
-19
-53
-129
-126
-26
59
64
55
159
280
264
125
90
225
328
358
329
328
368
304
179
112
199
317
268
91
-56
-41
20
-64
-215
-251
-152
-128
-175
-262
-312
-270
-421
-645
-574
-98
223
-178
-867
-943
-349
27
-321
-877
-797
-143
179
-258
-900
-846
-173
341
256
-66
-124
12
115
223
445
683
650
450
411
669
807
620
391
495
827
846
491
74
88
402
500
253
-16
-21
84
-17
-270
-300
-86
44
-108
-333
-408
-317
-200
-276
-339
-259
-132
-169
-310
-364
-239
-46
-8
15
49
99
9
-95
-29
177
334
282
191
157
217
220
201
183
232
347
352
262
197
184
214
224
203
182
130
144
85
35
9
16
50
-50
-187
-282
-203
-188
-294
-461
-374
-74
-129
-538
-901
-752
-346
-251
-632
-951
-742
-370
-340
-705
-907
-598
-136
-11
-199
-313
-165
46
172
293
453
552
487
415
459
625
660
545
502
601
731
612
330
195
343
474
405
277
234
235
152
-2
-64
14
93
82
-40
-127
-105
-132
-193
-206
-122
-12
-101
-295
-383
-289
-174
-198
-258
-231
-136
-75
-135
-202
-131
-30
64
44
3
35
92
157
138
130
205
284
265
251
296
399
440
378
326
353
447
416
287
232
275
304
179
-40
-138
-45
11
-114
-286
-350
-251
-217
-328
-434
-442
-358
-324
-426
-558
-622
-467
-164
-179
-500
-828
-739
-385
-243
-526
-836
-717
-363
-226
-505
-797
-650
-191
58
-20
-166
-115
58
203
318
466
597
607
539
536
636
732
677
551
563
700
766
575
267
157
321
494
431
174
-16
15
122
124
-49
-160
-80
-4
-37
-211
-294
-205
-98
-110
-186
-200
-180
-146
-131
-80
-1
40
16
-3
87
211
254
228
247
375
449
383
281
277
417
523
470
317
277
354
357
231
167
197
260
242
118
17
-15
32
27
0
-104
-150
-181
-294
-358
-359
-328
-407
-546
-682
-700
-607
-470
-502
-732
-942
-902
-732
-730
-919
-1058
-893
-625
-562
-811
-1045
-899
-441
-113
-162
-300
-281
-39
189
264
330
447
639
713
705
695
701
694
709
757
786
765
632
461
374
393
415
397
310
228
193
141
79
27
32
116
156
79
-40
-57
8
71
71
-30
-78
-5
37
-6
-114
-104
15
136
104
-17
-82
-8
166
263
229
125
59
115
217
258
234
233
310
379
390
317
252
289
388
425
378
291
202
139
99
164
165
27
-120
-193
-165
-159
-223
-307
-342
-308
-282
-359
-448
-503
-510
-568
-663
-617
-385
-273
-533
-909
-953
-683
-488
-688
-967
-923
-579
-464
-757
-1034
-899
-404
-85
-157
-362
-354
-147
20
127
275
470
590
516
462
528
632
620
527
557
713
762
597
367
293
384
507
516
399
294
250
201
115
135
241
299
191
30
-41
-12
20
-17
-34
-8
68
66
-51
-152
-108
58
165
162
107
97
154
218
290
290
311
423
485
446
365
354
401
447
460
443
385
335
290
257
235
180
127
93
60
-2
-95
-128
-108
-130
-232
-351
-405
-373
-341
-370
-428
-481
-487
-526
-614
-789
-858
-697
-326
-221
-655
-1162
-1161
-770
-574
-839
-1174
-1064
-682
-579
-893
-1196
-993
-497
-217
-186
-182
-80
-75
-67
205
683
977
841
623
721
1031
1129
913
766
907
1104
1049
729
466
455
534
548
480
449
398
215
2
-98
-8
128
144
-23
-165
-192
-133
-115
-207
-262
-179
-71
-70
-196
-272
-226
-100
7
43
69
89
81
64
164
332
451
400
290
325
438
492
482
474
565
593
505
356
294
370
413
376
282
214
152
39
-109
-131
-94
-63
-157
-352
-471
-508
-456
-452
-533
-591
-543
-467
-574
-755
-892
-882
-758
-520
-337
-501
-898
-1200
-1101
-789
-675
-854
-1031
-925
-687
-650
-877
-1030
-781
-307
16
43
-30
-20
80
276
606
967
1129
1002
823
832
1012
1160
1104
944
904
955
910
720
507
395
389
432
454
382
209
-17
-213
-228
-56
100
79
-135
-344
-381
-321
-234
-185
-163
-168
-136
-64
-90
-170
-188
-89
116
349
429
301
127
106
329
587
607
497
458
518
554
518
483
526
617
597
465
293
273
344
333
219
124
72
22
-85
-161
-206
-246
-315
-395
-466
-511
-544
-609
-595
-526
-506
-619
-819
-887
-856
-865
-929
-851
-633
-499
-763
-1216
-1376
-1089
-749
-759
-955
-987
-753
-616
-768
-914
-706
-196
143
172
158
260
418
469
598
890
1228
1345
1144
918
911
1106
1203
1099
935
888
873
696
467
323
357
407
312
162
81
51
-79
-293
-360
-183
57
89
-166
-420
-421
-248
-145
-199
-251
-206
-137
-109
-153
-163
-77
87
229
291
277
225
200
207
282
397
463
497
468
434
410
390
390
415
448
412
332
243
203
189
157
78
27
-16
-67
-177
-274
-313
-354
-376
-399
-437
-499
-508
-559
-585
-557
-521
-487
-541
-537
-459
-398
-462
-577
-580
-497
-420
-460
-514
-473
-388
-400
-567
-634
-535
-360
-307
-385
-387
-270
-127
-123
-180
-80
181
373
367
311
388
527
603
582
579
693
830
807
630
531
572
668
612
426
299
265
284
230
77
-13
9
18
-49
-116
-104
-48
-55
-132
-169
-132
-61
-72
-107
-58
-4
-17
-93
-128
-41
73
88
39
53
121
71
-13
1
147
268
300
281
262
287
280
281
297
344
372
332
273
265
248
206
153
145
204
211
150
37
-45
-89
-89
-61
-63
-89
-208
-315
-383
-393
-369
-379
-408
-467
-542
-621
-703
-746
-690
-618
-581
-600
-646
-647
-613
-575
-521
-412
-312
-220
-220
-275
-250
-155
-24
41
84
152
206
203
125
110
203
303
342
336
311
324
347
301
276
304
386
448
421
326
267
282
282
273
221
164
151
116
83
32
4
23
45
7
-31
-35
-34
-41
-87
-125
-82
4
30
18
-14
-11
7
30
57
77
102
125
149
172
196
230
250
248
264
313
345
333
293
293
307
325
331
289
250
209
201
211
222
207
121
13
-38
7
59
10
-93
-172
-174
-163
-220
-311
-329
-254
-241
-343
-463
-480
-473
-484
-535
-538
-476
-456
-521
-572
-511
-391
-318
-351
-360
-277
-194
-209
-281
-258
-118
-24
-55
-135
-174
-119
-86
-126
-125
-35
83
112
62
18
53
143
226
280
326
329
313
264
247
290
370
407
359
286
232
236
228
199
156
128
131
103
30
-20
-31
-39
-40
-44
-17
25
-9
-97
-124
-35
31
15
-39
-37
38
56
26
39
99
132
113
76
74
131
164
103
65
98
174
154
39
-24
28
147
144
48
-21
-1
70
85
57
21
49
72
53
-22
-49
-20
3
-1
-7
-3
-13
-90
-146
-154
-139
-129
-157
-188
-221
-213
-229
-222
-194
-141
-95
-86
-79
-82
-96
-103
-67
-5
44
34
-19
-68
-60
-6
39
52
77
89
67
15
-15
-6
23
83
114
121
96
57
25
-3
14
40
51
30
-21
-56
-76
-91
-86
-57
-51
-47
-75
-76
-91
-106
-84
-91
-77
-30
29
1
-82
-190
-180
-39
109
126
106
55
81
133
90
66
71
160
231
258
257
223
172
129
163
221
306
250
121
39
36
78
35
-4
30
120
172
97
-41
-87
-79
-19
-56
-100
-108
-62
-49
-132
-192
-141
-95
-121
-193
-278
-290
-249
-201
-220
-251
-245
-219
-189
-182
-178
-151
-174
-209
-237
-221
-171
-178
-206
-223
-219
-183
-172
-218
-213
-95
68
143
108
49
66
144
252
322
371
440
451
423
356
286
286
306
331
321
281
262
205
147
83
39
34
99
145
98
7
-71
-59
-31
-63
-91
-61
-29
-75
-154
-155
-88
9
9
-66
-146
-87
26
36
36
80
158
130
46
-20
2
166
233
244
197
93
126
124
79
42
129
232
237
166
40
50
42
65
26
20
54
63
45
-71
-147
-180
-184
-259
-293
-235
-154
-145
-232
-343
-400
-405
-374
-342
-307
-247
-230
-262
-359
-417
-430
-437
-462
-447
-362
-231
-155
-190
-279
-342
-309
-232
-137
11
199
327
370
339
354
378
392
442
579
699
707
606
492
479
481
427
283
174
151
161
120
34
-51
-114
-174
-238
-305
-340
-306
-220
-94
-35
-29
-97
-190
-250
-214
-49
110
203
230
241
262
241
169
119
167
284
350
331
253
157
73
-12
-51
-4
47
50
-7
-48
-39
-45
-114
-203
-299
-411
-565
-650
-537
-233
17
9
-226
-527
-730
-866
-929
-811
-457
-15
237
166
-62
-196
-124
50
205
394
631
839
894
826
770
771
751
617
415
279
260
275
226
140
65
-85
-357
-658
-820
-758
-568
-447
-393
-339
-305
-335
-419
-441
-313
-103
41
134
237
373
498
499
450
436
506
569
604
651
722
787
726
561
401
334
289
209
147
133
155
75
-89
-235
-321
-417
-515
-565
-513
-422
-439
-533
-593
-530
-445
-456
-550
-541
-381
-228
-203
-257
-280
-234
-186
-189
-203
-134
-7
26
8
11
92
135
78
44
70
138
152
102
41
48
102
73
3
-43
-48
-72
-125
-153
-97
-55
-96
-169
-199
-135
-78
-123
-202
-188
-104
-82
-139
-178
-115
14
56
5
-35
-20
6
7
36
116
193
190
136
138
200
234
194
187
303
450
482
372
312
392
520
574
521
453
473
499
455
389
363
380
336
266
186
121
43
-54
-90
-51
-11
-53
-127
-163
-127
-105
-97
-98
-60
-6
10
-9
-15
-5
14
38
71
97
65
11
-23
31
115
119
3
-110
-128
-63
-9
-28
-53
-23
-44
-249
-646
-1083
-1280
-1082
-681
-405
-395
-506
-598
-761
-1072
-1406
-1456
-1161
-730
-359
-107
73
225
378
492
554
545
492
522
686
939
1210
1381
1429
1326
990
540
104
-138
-196
-192
-248
-372
-481
-572
-639
-774
-887
-915
-830
-737
-708
-675
-500
-183
137
328
376
414
483
553
601
714
858
1011
1120
1171
1195
1161
1103
991
870
722
551
379
221
149
151
152
39
-199
-430
-618
-783
-918
-999
-960
-873
-793
-745
-690
-610
-546
-508
-542
-560
-505
-352
-145
-9
113
231
348
387
329
262
256
318
329
315
339
408
467
442
332
145
-4
-117
-201
-243
-272
-258
-260
-320
-421
-487
-503
-495
-479
-454
-391
-323
-269
-190
-96
2
55
52
76
152
252
299
319
368
412
416
358
298
269
258
242
206
142
71
-21
-73
-58
-29
-36
-105
-161
-188
-190
-216
-255
-230
-129
-16
39
53
31
56
101
142
190
240
281
299
313
338
352
367
417
455
467
427
357
315
284
280
260
199
141
95
61
16
-65
-123
-158
-180
-213
-324
-436
-474
-443
-408
-400
-393
-368
-347
-374
-434
-419
-335
-215
-141
-124
-113
-80
-43
-25
-30
-44
-46
-85
-178
-280
-345
-371
-370
-353
-313
-300
-325
-389
-426
-413
-395
-355
-300
-185
-58
69
178
336
556
737
819
829
863
920
937
891
852
894
926
839
678
482
343
202
-16
-243
-402
-451
-499
-561
-605
-597
-546
-513
-515
-525
-486
-407
-301
-140
28
178
291
379
460
565
638
661
659
655
639
576
474
402
385
308
184
30
-93
-166
-269
-413
-552
-642
-715
-773
-841
-842
-762
-655
-588
-577
-582
-557
-489
-395
-289
-182
-60
43
97
106
67
23
11
9
-24
-82
-85
-25
74
126
103
0
-81
-73
-53
-6
37
108
201
257
288
304
353
417
463
469
433
432
435
428
406
402
398
296
160
74
49
7
-78
-165
-193
-159
-177
-243
-272
-265
-211
-190
-217
-225
-176
-83
-20
30
53
76
135
198
221
206
226
284
327
334
302
257
215
171
118
91
75
54
20
-48
-77
-70
-73
-110
-143
-145
-120
-110
-145
-159
-162
-188
-276
-386
-435
-439
-410
-394
-351
-300
-269
-269
-299
-321
-332
-315
-273
-195
-59
141
353
509
611
681
688
686
623
575
528
482
422
328
228
119
19
-93
-204
-359
-523
-661
-764
-802
-774
-707
-616
-543
-446
-311
-160
-47
26
87
147
212
240
290
400
547
681
735
757
729
682
605
491
392
318
257
165
63
-42
-107
-172
-268
-351
-433
-490
-567
-650
-706
-709
-663
-590
-513
-473
-439
-377
-292
-208
-108
-4
58
122
197
262
307
327
385
464
534
559
532
513
483
432
349
254
191
150
116
72
26
-9
-48
-109
-188
-247
-271
-301
-340
-358
-347
-274
-178
-91
-48
-23
18
65
79
71
121
205
251
245
227
221
235
239
200
118
35
-10
-31
-45
-75
-127
-190
-258
-339
-402
-406
-378
-308
-225
-160
-139
-165
-143
-109
-54
18
90
183
246
271
283
328
369
374
329
256
171
112
64
11
-28
-49
-50
-97
-166
-236
-262
-264
-302
-347
-357
-331
-289
-240
-190
-116
-13
72
98
104
120
156
179
173
167
169
177
147
120
148
205
263
269
243
216
192
159
119
112
140
154
159
154
165
207
232
233
232
239
220
146
69
29
30
49
55
71
100
88
35
-51
-131
-156
-184
-262
-320
-335
-331
-355
-418
-459
-514
-615
-759
-833
-767
-677
-648
-656
-591
-488
-415
-452
-496
-448
-322
-177
-106
-13
171
398
568
676
812
951
1026
1007
962
918
835
675
464
308
230
135
-17
-178
-328
-441
-553
-697
-788
-804
-780
-742
-702
-626
-487
-331
-161
26
188
303
405
483
575
673
760
829
832
824
813
838
852
811
734
644
541
418
272
122
10
-73
-152
-245
-365
-451
-499
-509
-524
-553
-561
-557
-518
-446
-395
-339
-276
-233
-188
-126
-29
95
202
262
287
293
289
252
169
100
73
57
13
-53
-98
-142
-179
-249
-353
-424
-446
-454
-447
-460
-465
-469
-457
-405
-327
-241
-171
-114
-84
-1
110
169
200
231
292
351
372
388
392
410
430
416
374
315
272
245
206
126
24
-56
-121
-173
-211
-243
-281
-309
-297
-286
-284
-292
-282
-232
-194
-181
-185
-166
-117
-35
69
159
228
244
260
288
292
264
214
185
178
190
213
197
141
100
64
58
49
65
108
120
108
63
24
-15
-26
7
68
130
151
142
121
121
123
112
75
22
-22
-51
-51
-2
54
86
91
79
68
39
2
-10
23
64
44
-13
-69
-92
-81
-70
-55
-53
-38
-21
-17
-15
-23
-47
-61
-70
-96
-157
-214
-216
-177
-136
-150
-194
-255
-316
-334
-331
-326
-298
-255
-226
-208
-182
-133
-88
-47
-18
1
34
50
56
69
53
43
34
7
-16
-24
-19
7
14
1
-41
-78
-92
-99
-91
-98
-87
-70
-37
-5
31
57
63
75
116
149
136
108
110
148
192
223
255
316
372
385
354
336
350
358
334
303
288
299
286
223
190
207
232
201
119
51
19
-5
-29
-55
-78
-79
-86
-118
-162
-185
-173
-153
-140
-144
-171
-199
-222
-223
-203
-194
-185
-189
-184
-183
-182
-183
-192
-193
-172
-137
-105
-81
-49
-34
-26
-18
-14
-14
-10
1
9
8
-11
-28
-53
-71
-111
-154
-201
-225
-212
-193
-173
-172
-173
-178
-171
-171
-173
-160
-127
-88
-47
-10
22
65
91
111
120
144
195
239
261
266
243
246
261
255
259
273
288
279
247
217
202
174
159
162
199
235
241
248
267
273
265
235
187
163
148
134
104
81
72
74
53
23
-25
-76
-130
-183
-213
-226
-218
-223
-244
-279
-287
-281
-259
-236
-222
-189
-158
-134
-130
-141
-143
-134
-140
-134
-124
-127
-121
-113
-74
-54
-75
-99
-126
-137
-123
-123
-113
-79
-33
-11
-15
-24
5
54
78
89
103
121
122
96
76
79
93
113
87
39
6
-11
-19
-56
-82
-78
-84
-110
-155
-184
-162
-126
-110
-108
-72
-18
16
48
73
134
188
210
210
217
257
275
279
291
299
299
281
239
184
147
115
105
92
66
50
47
35
5
-12
-23
-12
-10
-13
-9
19
45
53
32
17
12
19
2
-11
0
-5
-9
-42
-69
-82
-88
-97
-101
-77
-52
-46
-56
-63
-44
-8
-11
-53
-93
-111
-133
-188
-244
-274
-297
-310
-329
-346
-348
-331
-305
-277
-242
-216
-185
-176
-159
-112
-59
-19
16
49
93
146
146
138
134
137
154
167
170
177
198
194
174
138
104
74
52
28
10
7
-1
-14
-25
-50
-56
-42
-24
-3
36
68
90
128
145
166
181
198
208
210
212
165
88
38
30
30
19
3
-6
12
18
2
20
50
94
122
154
175
225
286
340
398
449
502
524
510
481
462
439
361
243
115
-7
-145
-274
-405
-529
-604
-647
-678
-706
-707
-700
-667
-618
-557
-476
-375
-297
-231
-161
-99
-23
46
90
130
160
199
234
232
215
191
177
164
122
69
19
-19
-56
-112
-185
-256
-292
-307
-330
-345
-362
-360
-360
-360
-369
-386
-382
-364
-323
-267
-216
-149
-58
33
112
186
243
286
356
406
445
482
502
517
522
516
508
488
454
422
382
330
277
211
154
77
-21
-126
-218
-270
-294
-304
-289
-266
-211
-125
-51
6
57
111
199
286
336
359
373
402
435
470
500
520
500
446
382
306
246
174
91
14
-59
-135
-234
-346
-435
-509
-575
-621
-664
-667
-628
-594
-546
-504
-465
-425
-388
-358
-322
-265
-186
-100
-33
31
99
158
198
244
291
332
365
372
366
347
315
277
227
192
144
96
42
-9
-53
-111
-184
-261
-321
-385
-445
-498
-520
-537
-521
-470
-402
-336
-287
-220
-161
-68
38
144
239
316
382
423
469
501
542
595
614
609
571
534
517
506
496
474
425
350
268
169
92
47
19
-23
-89
-159
-225
-247
-270
-307
-334
-361
-375
-395
-398
-384
-329
-275
-247
-226
-209
-181
-138
-92
-52
-2
49
100
136
167
191
195
191
181
145
94
41
-36
-103
-166
-222
-270
-313
-359
-412
-454
-498
-499
-462
-397
-322
-243
-178
-117
-43
29
117
207
288
353
402
446
511
559
593
597
576
542
494
443
370
303
231
163
86
10
-64
-121
-156
-201
-230
-260
-284
-299
-319
-345
-338
-323
-315
-303
-288
-259
-213
-154
-91
-40
6
43
92
133
173
208
231
256
269
258
239
237
248
243
223
181
155
127
98
47
-17
-84
-150
-216
-292
-332
-334
-323
-307
-305
-297
-263
-214
-165
-107
-30
38
103
130
166
215
262
292
318
330
327
319
302
298
292
282
252
210
166
112
56
2
-42
-82
-126
-179
-242
-276
-285
-296
-294
-290
-275
-251
-233
-215
-185
-149
-135
-130
-111
-84
-41
-16
0
15
37
65
73
62
52
20
-19
-57
-90
-117
-146
-175
-204
-247
-276
-281
-252
-219
-207
-217
-227
-203
-167
-124
-99
-65
-13
27
48
49
81
143
189
228
256
304
360
407
438
466
492
504
479
434
397
386
383
352
294
245
208
169
109
42
-1
-8
0
-10
-22
-36
-34
-38
-51
-59
-50
-31
-27
-25
-31
-15
8
23
20
-2
-29
-72
-105
-126
-138
-143
-160
-198
-254
-297
-330
-340
-328
-313
-296
-278
-268
-253
-219
-166
-102
-54
-14
20
30
45
56
80
89
68
33
-7
-28
-21
-30
-55
-87
-106
-98
-95
-89
-71
-28
21
42
69
102
125
155
174
201
220
223
222
205
191
181
164
153
150
135
116
96
74
56
19
-9
-29
-67
-87
-114
-144
-191
-230
-235
-232
-213
-199
-191
-168
-135
-94
-43
18
76
138
170
182
201
224
243
235
220
213
205
190
177
151
135
96
29
-32
-107
-178
-244
-311
-373
-435
-470
-480
-479
-445
-409
-362
-306
-257
-197
-129
-57
-1
69
142
191
234
279
325
349
365
380
400
412
417
404
396
370
338
296
236
188
133
77
16
-40
-97
-152
-197
-223
-240
-251
-267
-270
-258
-233
-219
-215
-175
-121
-70
-36
-4
44
95
154
198
224
232
248
249
234
208
176
150
106
50
-10
-66
-123
-171
-219
-253
-291
-331
-364
-385
-384
-372
-349
-313
-286
-256
-222
-171
-119
-75
-25
42
118
180
221
265
309
333
360
379
388
392
389
374
352
313
251
191
149
107
43
-33
-96
-145
-171
-194
-228
-245
-254
-251
-235
-213
-184
-141
-109
-66
-27
14
51
76
111
158
208
250
269
251
236
215
181
149
96
49
-8
-75
-153
-223
-276
-333
-362
-383
-405
-403
-379
-363
-328
-287
-257
-217
-191
-139
-75
1
75
143
215
254
280
277
269
279
285
276
266
245
234
208
160
106
44
-15
-74
-134
-187
-229
-263
-290
-299
-285
-267
-238
-204
-165
-123
-58
15
71
127
178
243
304
347
401
446
480
516
536
537
524
491
432
359
293
223
142
52
-43
-112
-182
-250
-316
-361
-388
-409
-430
-442
-431
-400
-367
-339
-301
-263
-214
-167
-133
-83
-31
14
58
78
89
108
124
125
122
121
112
94
65
30
15
-17
-68
-130
-181
-209
-239
-261
-277
-258
-231
-223
-213
-192
-153
-120
-89
-47
-4
52
99
133
165
190
220
258
278
293
313
330
329
309
284
235
192
159
126
95
72
51
32
16
-3
-28
-52
-60
-63
-62
-59
-31
-9
-1
-3
-9
-20
-27
-18
-5
5
16
42
70
67
57
42
25
1
-43
-72
-87
-114
-147
-173
-194
-204
-227
-253
-270
-259
-238
-224
-200
-175
-135
-99
-78
-45
6
42
79
106
126
148
158
172
190
207
225
237
229
222
205
191
166
136
113
71
28
-26
-64
-78
-78
-82
-83
-79
-70
-60
-56
-39
-17
18
37
37
29
45
70
75
73
62
52
43
23
3
-13
-37
-45
-65
-97
-129
-150
-173
-190
-218
-238
-239
-251
-247
-237
-216
-181
-155
-129
-101
-69
-39
-4
50
85
124
159
187
212
237
267
286
290
295
286
271
259
240
216
194
164
139
105
58
26
-10
-45
-72
-81
-92
-99
-99
-91
-85
-70
-63
-64
-74
-71
-69
-62
-58
-42
-7
25
39
25
-2
-22
-33
-47
-53
-63
-65
-82
-85
-93
-90
-87
-100
-96
-107
-118
-119
-118
-111
-106
-103
-105
-113
-113
-116
-129
-131
-132
-113
-91
-86
-80
-65
-58
-48
-41
-42
-27
2
45
76
92
111
130
145
154
169
209
243
261
267
285
305
304
302
295
289
290
276
264
265
243
219
174
129
82
36
-8
-49
-82
-108
-117
-131
-142
-151
-154
-163
-198
-208
-208
-204
-191
-188
-186
-166
-141
-132
-125
-118
-102
-77
-60
-52
-41
-12
-3
-10
4
5
9
5
-1
-3
-4
-12
-13
-19
-15
-3
-10
-16
-21
-36
-34
-45
-57
-46
-26
-16
-17
-22
-18
-6
6
21
32
42
56
67
61
64
70
78
70
49
55
54
49
39
34
39
36
31
22
-2
-3
-4
-19
-21
-34
-31
-20
-25
-37
-54
-49
-36
-34
-30
-23
-23
-26
-30
-30
-24
-25
-31
-38
-47
-48
-44
-34
-35
-27
-4
-4
-6
-6
-1
0
20
50
63
68
88
100
96
86
90
89
83
75
63
59
60
71
78
77
77
69
47
35
25
20
17
8
-1
-7
-13
-12
-21
-22
-24
-39
-46
-54
-59
-77
-76
-69
-62
-57
-50
-48
-55
-45
-37
-18
-10
-10
-12
-14
-12
-14
-16
-15
-13
-8
2
-6
-23
-21
-20
-24
-36
-42
-49
-50
-41
-43
-50
-46
-40
-54
-52
-62
-52
-31
-14
3
9
17
26
34
48
68
84
107
113
123
127
138
145
142
136
127
116
103
96
97
91
71
59
37
24
12
-7
-28
-39
-45
-37
-38
-38
-41
-39
-38
-49
-57
-66
-69
-68
-71
-72
-65
-54
-50
-43
-50
-53
-54
-70
-88
-107
-112
-106
-102
-93
-85
-71
-62
-59
-63
-74
-74
-62
-45
-34
-23
-12
-3
-7
-7
4
9
14
17
26
39
45
41
37
31
23
25
23
20
18
15
10
7
10
11
14
18
13
28
32
38
51
58
76
90
93
103
116
129
142
138
141
151
143
134
124
113
107
94
82
74
67
57
57
46
26
9
-10
-30
-52
-75
-75
-73
-79
-88
-98
-100
-101
-96
-110
-120
-125
-111
-88
-80
-66
-57
-51
-52
-57
-55
-43
-30
-13
2
3
-12
-18
-27
-23
-22
-24
-23
-29
-32
-36
-28
-21
-24
-25
-26
-22
-15
-6
6
16
45
74
83
93
112
117
121
122
121
131
130
124
118
118
106
104
104
87
63
40
13
-25
-51
-67
-84
-104
-120
-126
-133
-142
-140
-148
-154
-149
-153
-143
-127
-110
-89
-77
-75
-72
-68
-67
-63
-58
-54
-48
-39
-32
-28
-24
-19
-9
-5
-10
-12
-22
-21
-21
-31
-31
-33
-44
-50
-43
-32
-13
0
14
31
54
79
94
109
130
144
150
155
153
162
173
186
184
176
162
158
152
134
119
102
104
99
93
79
69
58
46
39
21
20
16
5
-7
-17
-21
-24
-23
-25
-31
-41
-47
-48
-56
-65
-79
-80
-86
-91
-89
-95
-90
-89
-89
-99
-104
-101
-103
-100
-106
-105
-100
-103
-98
-93
-92
-92
-90
-73
-57
-43
-34
-13
2
15
30
46
59
73
84
83
80
65
61
64
68
52
35
21
-3
-20
-27
-26
-22
-34
-45
-43
-46
-46
-44
-42
-39
-17
-5
-3
10
33
46
59
75
88
104
111
110
115
124
121
128
125
117
108
93
80
63
56
46
26
10
-13
-19
-22
-36
-39
-48
-67
-64
-70
-74
-73
-78
-74
-71
-67
-59
-47
-56
-61
-61
-61
-72
-68
-59
-55
-46
-34
-24
-16
-8
0
3
-4
-16
-23
-22
-23
-12
1
2
5
3
-10
-21
-22
-23
-13
-11
-12
-23
-34
-30
-29
-34
-36
-24
-27
-27
-27
-24
-11
4
6
1
8
16
33
42
58
77
73
80
78
71
73
64
69
53
33
23
9
6
10
16
27
24
15
16
16
27
33
32
41
40
37
36
36
45
50
48
41
47
46
37
40
32
33
35
46
63
69
81
88
82
87
94
85
76
65
49
47
39
36
28
24
20
9
-3
-14
-7
-21
-31
-44
-51
-49
-55
-55
-59
-63
-65
-81
-91
-113
-127
-132
-148
-160
-176
-190
-196
-208
-216
-226
-235
-232
-232
-228
-219
-204
-192
-183
-175
-166
-147
-129
-98
-71
-42
-21
-10
10
28
46
64
92
114
123
133
143
139
142
151
158
156
160
165
172
182
186
195
185
179
164
150
130
116
111
106
104
98
91
85
80
67
58
57
59
61
66
57
52
53
52
36
33
35
28
24
18
15
7
10
6
-3
-12
-19
-26
-39
-52
-60
-67
-75
-76
-74
-78
-88
-89
-93
-96
-109
-116
-115
-111
-95
-81
-76
-70
-60
-57
-46
-43
-40
-28
-25
-32
-24
-19
-18
-15
-21
-18
-21
-19
-19
-33
-31
-31
-26
-20
-8
3
15
21
20
29
29
31
38
40
45
50
51
49
48
41
46
46
44
42
39
36
25
18
12
3
-8
-10
-10
-21
-27
-26
-30
-33
-35
-28
-38
-48
-44
-34
-26
-7
10
9
12
17
21
20
24
20
16
3
-8
-4
2
-1
3
-5
-11
-19
-22
-9
-12
-8
4
2
-4
2
6
5
0
-3
5
9
11
12
21
30
20
24
30
23
23
28
28
25
26
25
17
5
4
12
1
-10
-20
-24
-21
-33
-38
-37
-43
-41
-36
-37
-30
-25
-27
-29
-18
-9
-1
11
24
38
42
41
41
54
56
51
39
36
23
12
12
4
-2
-8
-3
-5
-4
-11
-9
-8
-19
-27
-25
-20
-21
-15
-13
-20
-14
-7
11
20
30
40
46
50
57
71
79
87
96
107
112
114
112
105
85
69
48
30
11
0
-3
-14
-19
-21
-36
-59
-70
-76
-79
-76
-75
-77
-77
-81
-74
-71
-65
-58
-46
-43
-43
-50
-44
-34
-35
-33
-32
-28
-39
-40
-36
-36
-33
-37
-42
-52
-57
-60
-71
-81
-90
-92
-91
-93
-101
-87
-83
-78
-75
-69
-55
-48
-37
-26
-8
13
36
50
66
79
95
97
99
92
106
119
122
120
112
122
117
119
102
94
90
78
65
58
60
57
46
40
30
21
14
6
7
11
17
22
20
20
22
18
9
-2
-6
-9
-13
-25
-34
-37
-42
-46
-61
-68
-63
-70
-73
-72
-74
-72
-69
-63
-56
-56
-55
-46
-37
-32
-30
-23
-15
-16
-9
-7
11
34
43
56
55
52
63
71
67
69
66
59
52
40
24
8
0
-7
-8
-7
-16
-18
-27
-31
-27
-23
-14
-12
-13
2
5
11
11
9
13
10
9
10
8
12
25
27
33
34
36
33
25
22
9
-9
-16
-26
-35
-51
-66
-73
-77
-77
-69
-64
-60
-56
-58
-63
-66
-65
-62
-51
-47
-39
-25
-21
-8
-2
7
20
26
42
55
78
92
100
106
105
101
98
87
84
86
88
86
78
78
71
59
42
28
26
24
23
30
26
18
8
-1
-12
-18
-16
-17
-27
-30
-29
-25
-17
-18
-19
-36
-47
-51
-54
-59
-65
-67
-72
-78
-81
-80
-84
-90
-95
-94
-92
-94
-86
-82
-83
-78
-69
-61
-66
-67
-60
-55
-48
-35
-21
-16
-8
3
15
34
37
47
59
72
87
98
108
115
127
133
129
129
132
139
138
129
126
120
108
100
89
73
61
51
45
31
17
1
-6
-21
-30
-42
-44
-46
-54
-49
-56
-55
-58
-58
-55
-63
-68
-64
-60
-56
-51
-54
-53
-58
-61
-65
-74
-78
-77
-76
-77
-83
-82
-84
-75
-75
-66
-50
-42
-34
-30
-15
-2
12
24
33
50
60
61
62
65
65
57
46
46
48
46
44
38
33
26
17
15
19
13
13
19
12
8
6
2
2
-5
-2
-5
-9
-10
-6
-6
-8
6
14
16
25
23
25
25
22
22
26
30
31
45
36
22
17
12
6
-2
0
2
5
6
4
12
7
-1
9
10
13
12
7
-1
1
-1
1
3
1
8
12
13
9
11
9
8
2
-3
-15
-17
-19
-31
-34
-40
-40
-43
-44
-42
-38
-29
-34
-41
-40
-33
-32
-21
-17
-6
8
17
26
31
36
38
48
48
53
49
47
47
44
50
47
42
39
27
15
6
-3
-8
-22
-23
-19
-30
-38
-43
-54
-64
-69
-75
-72
-78
-81
-73
-78
-83
-81
-77
-81
-78
-74
-72
-65
-55
-50
-39
-30
-29
-17
-11
-4
11
26
39
47
54
59
53
52
53
49
51
53
57
53
44
36
35
27
26
27
31
40
40
47
55
55
53
48
43
42
39
32
24
24
23
25
25
30
30
20
19
7
3
10
3
4
12
20
24
26
28
28
25
18
13
11
7
1
-8
-11
-6
0
-12
-13
-9
-15
-15
-14
-16
-19
-19
-25
-28
-38
-45
-47
-51
-44
-33
-23
-17
-12
-13
-10
-10
-4
-6
-6
0
6
10
10
14
17
21
24
26
26
24
22
22
16
2
-8
-15
-20
-20
-25
-33
-43
-48
-50
-55
-59
-60
-54
-54
-60
-66
-58
-55
-56
-49
-41
-35
-35
-25
-15
-23
-22
-17
-19
-17
-16
-12
-9
-10
-13
-10
-9
-11
-11
-10
-11
0
7
7
7
2
12
15
20
25
30
33
38
44
40
47
58
61
63
68
72
73
73
67
70
76
80
78
76
75
74
68
53
43
38
33
22
17
10
4
5
11
10
13
10
5
-4
-10
-5
-8
-3
-6
-7
1
-8
-17
-22
-24
-29
-34
-32
-29
-29
-35
-39
-38
-52
-56
-72
-76
-81
-89
-86
-88
-91
-94
-94
-92
-89
-89
-83
-80
-67
-53
-47
-37
-25
-19
-10
-2
11
19
26
33
39
45
51
58
53
60
66
63
65
69
69
68
67
59
55
49
52
52
56
52
43
48
47
48
49
51
54
51
47
36
31
35
30
39
42
43
45
31
22
12
1
-2
-4
-7
-9
-9
-23
-35
-45
-58
-71
-77
-90
-92
-90
-87
-83
-81
-81
-71
-65
-64
-63
-56
-46
-46
-41
-26
-14
-5
10
17
20
26
22
24
25
30
27
25
24
8
9
0
-5
-10
-16
-20
-25
-24
-28
-21
-18
-23
-14
-17
-21
-17
-9
-7
0
12
17
19
17
28
36
45
51
56
62
54
51
43
51
46
42
42
37
34
29
27
18
16
4
3
-1
-2
-8
-15
-23
-29
-35
-41
-40
-39
-37
-33
-19
-22
-23
-22
-19
-14
-11
-3
0
3
2
0
10
21
14
15
15
11
16
7
4
8
2
2
4
4
1
-2
-1
-9
-17
-9
-5
0
4
8
9
2
3
11
14
17
22
27
38
41
47
47
47
48
53
61
52
45
47
46
35
39
31
18
5
-9
-9
-22
-32
-45
-57
-65
-73
-79
-79
-83
-84
-82
-78
-73
-73
-72
-81
-82
-79
-66
-61
-62
-52
-44
-36
-29
-18
-7
3
9
19
24
28
40
44
50
54
56
67
68
67
63
58
52
46
51
51
49
57
53
45
48
44
37
29
21
15
8
0
-10
-17
-20
-20
-13
-11
-13
-17
-15
-8
-2
1
10
10
3
-7
-16
-23
-29
-38
-43
-45
-52
-52
-50
-51
-52
-57
-61
-58
-64
-61
-63
-67
-60
-55
-55
-50
-48
-47
-45
-38
-34
-22
-13
-12
-6
-6
1
13
17
27
35
40
49
56
59
66
66
64
64
62
69
70
72
71
75
75
70
71
71
69
61
65
59
59
57
49
45
40
42
47
51
51
50
61
65
65
64
61
52
50
38
28
25
12
3
-10
-21
-26
-30
-38
-51
-71
-76
-83
-82
-79
-83
-86
-94
-94
-94
-89
-87
-85
-73
-72
-71
-66
-62
-57
-48
-42
-41
-37
-30
-22
-11
-8
-6
-7
0
1
-5
-5
-11
-6
-6
-16
-12
-14
-11
-9
-8
-6
-4
-6
-7
-2
-6
-4
-8
-10
-7
-10
-6
-4
10
15
18
23
31
32
36
41
39
35
28
26
25
31
27
22
22
17
12
8
6
3
-3
0
-2
-3
-6
-11
-13
-12
-17
-17
-17
-11
-10
-9
-6
3
10
10
14
19
25
22
28
29
31
35
31
24
19
17
16
15
19
17
15
18
23
20
16
16
16
13
10
7
5
2
-5
-4
-3
-4
-9
-8
-4
-7
-4
-3
-8
-8
-10
-6
-3
-1
1
6
7
9
15
15
15
20
25
19
16
14
18
23
14
15
17
20
16
5
5
3
-3
-7
-8
-13
-18
-16
-17
-23
-18
-24
-22
-31
-28
-24
-30
-28
-30
-34
-30
-33
-28
-18
-16
-7
-1
4
7
8
5
11
8
8
12
6
7
10
5
1
4
5
0
3
6
2
0
-4
-7
-8
-9
-9
-16
-17
-17
-17
-16
-14
-9
-6
-7
-11
-12
-17
-14
-11
-14
-10
-13
-14
-15
-15
-17
-15
-17
-17
-27
-30
-32
-37
-38
-40
-43
-46
-45
-41
-40
-41
-42
-43
-37
-31
-21
-21
-16
-12
-11
-7
4
5
10
24
30
33
39
53
61
72
77
85
86
84
91
91
91
96
90
82
74
64
60
51
46
36
28
26
19
18
6
0
0
0
5
4
4
9
8
5
0
-8
-14
-19
-22
-26
-25
-23
-21
-18
-14
-10
-5
-5
-9
-13
-12
-12
-9
-7
5
8
12
6
3
-3
-14
-19
-18
-15
-15
-18
-18
-18
-20
-20
-26
-29
-29
-25
-30
-33
-35
-42
-40
-41
-44
-43
-39
-33
-35
-33
-36
-38
-33
-36
-38
-28
-22
-20
-10
-7
2
11
10
8
-1
5
14
16
17
19
21
19
18
22
30
31
30
28
33
29
33
31
23
26
22
23
24
28
29
24
20
16
11
12
10
4
8
7
4
10
17
6
-19
-37
-28
-9
8
3
-4
-8
-17
-18
-10
0
7
10
3
1
-7
-19
-21
-21
-18
-11
-11
-19
-24
-18
-9
-5
0
13
17
23
21
13
19
30
30
22
11
-1
-3
0
2
8
12
8
4
-1
-4
-11
-12
-15
-9
-3
1
-1
-7
-9
-10
-9
-10
-15
-15
-11
-9
-3
-3
-2
5
7
5
6
10
6
1
13
15
13
13
12
8
1
7
11
10
6
3
-1
-2
0
1
5
3
1
2
-1
-6
-4
-4
-4
-2
-2
-1
1
4
8
5
0
-8
-9
-9
-7
-5
-7
-5
-8
-6
-6
-7
5
3
4
0
-1
-2
-11
-10
-9
-10
-11
-9
-6
-7
-8
-4
-3
-6
-12
-17
-14
-12
-6
-9
-10
-10
-14
-13
-14
-11
-12
-6
-1
1
-7
-14
-12
-14
-19
-27
-25
-23
-15
-8
-7
-14
-16
-13
-9
-4
5
8
14
17
17
17
14
15
15
19
22
26
28
29
28
30
31
36
38
43
47
42
32
31
25
22
17
17
14
6
4
3
5
3
-2
0
6
6
6
12
10
4
2
-1
-1
0
-3
-3
-11
-8
-11
-12
-14
-15
-18
-23
-23
-22
-26
-28
-28
-27
-27
-25
-19
-15
-15
-14
-13
-19
-15
-11
-6
-1
6
12
8
7
7
6
7
5
7
4
3
2
4
6
8
9
12
9
16
15
13
14
13
11
10
20
20
24
19
12
12
5
0
4
7
10
12
13
13
11
12
10
4
-2
-10
-20
-30
-36
-41
-44
-42
-40
-44
-44
-44
-44
-43
-44
-44
-36
-28
-27
-31
-29
-22
-20
-16
-12
-13
-10
-5
-4
3
10
12
13
16
18
21
29
34
35
30
27
31
34
40
42
40
39
36
29
28
25
30
30
24
23
19
19
17
22
22
23
17
14
13
18
18
17
16
10
11
2
-3
-4
-2
-4
-7
-4
-9
-9
-9
-6
-5
-9
-6
-6
-6
-11
-18
-23
-31
-35
-39
-39
-36
-34
-31
-27
-26
-25
-25
-20
-17
-12
-6
0
2
2
4
-3
-5
-12
-14
-12
-10
-8
-7
-11
-19
-24
-27
-28
-24
-18
-17
-13
-15
-17
-17
-15
-13
-9
-6
3
1
4
7
4
7
9
14
15
21
19
25
27
29
28
25
28
27
33
32
29
31
29
29
21
18
17
15
11
10
11
15
11
11
10
10
13
14
19
20
24
17
17
14
14
9
4
6
3
5
4
5
5
-1
-2
-2
-3
-7
-9
-7
-6
-6
-6
-3
-7
-14
-17
-19
-19
-17
-19
-18
-24
-24
-26
-29
-32
-37
-37
-39
-39
-39
-36
-37
-34
-32
-30
-26
-24
-19
-21
-16
-20
-22
-14
-10
-7
-1
5
5
4
5
7
17
18
21
27
30
35
37
36
35
32
27
20
17
17
19
20
17
12
8
9
12
12
12
13
12
12
12
7
4
5
-2
-1
0
2
6
5
1
-1
0
1
-2
-3
2
1
4
4
5
0
-2
2
8
11
12
5
2
0
-2
-2
-6
-4
-4
-5
-7
-13
-14
-11
-9
-9
-7
-2
-4
0
4
9
11
9
5
-1
1
0
4
1
-1
-3
-4
-7
-8
-12
-12
-11
-10
-10
-15
-14
-12
-13
-17
-18
-17
-17
-18
-16
-12
-10
-3
-1
5
5
7
10
7
5
7
7
5
6
10
11
8
4
1
5
-2
0
1
3
5
7
5
5
7
2
3
1
2
-1
-3
-1
1
-2
-2
-1
3
1
1
0
-1
1
1
3
4
10
11
11
10
10
11
12
15
17
16
15
13
13
12
11
7
6
2
0
0
-2
-3
2
2
2
0
-3
-5
-7
-8
-7
-8
-11
-12
-14
-14
-18
-17
-12
-15
-16
-19
-18
-16
-18
-16
-16
-14
-13
-9
-8
-10
-11
-12
-13
-12
-9
-4
0
1
4
2
-1
-2
-2
-2
-2
-1
2
1
2
2
-2
0
0
0
-1
2
2
4
7
8
10
8
10
11
15
12
11
9
5
3
4
4
6
5
8
