2
2
3
3
3
2
3
1
3
1
3
2
2
2
1
1
0
0
0
0
0
-1
-2
-2
-3
-3
-3
-3
-5
-4
-3
-3
-2
-2
-2
-3
-2
-4
-4
-4
-4
-4
-4
-5
-5
-6
-5
-5
-5
-4
-5
-4
-3
-4
-4
-2
-1
0
0
0
1
0
0
0
-2
1
0
-1
0
0
0
0
-1
-1
-1
-1
0
1
2
3
1
2
2
2
2
3
2
1
1
1
2
2
2
0
1
0
1
-1
1
1
2
2
2
3
3
4
3
4
4
5
5
6
7
6
5
5
5
4
4
3
4
2
2
1
1
1
0
-1
0
-1
-2
-1
-4
-2
-3
-3
-4
-1
-2
0
2
1
1
2
1
0
-1
0
0
0
0
0
0
-2
-1
-2
-1
-2
-2
-2
-3
-2
-2
-2
-1
-3
-2
-1
0
-1
1
1
0
0
0
0
0
0
-1
-1
0
-1
0
-2
-2
-2
-4
-3
-2
-2
-2
-3
-2
-3
-2
-2
-1
-2
-3
-2
-1
-2
-1
0
-1
0
0
0
0
0
-1
-1
0
2
1
1
2
1
1
0
-1
0
1
1
3
1
2
1
1
1
1
0
2
0
3
-2
-8
6
1
6
4
6
2
4
0
1
-1
-3
5
0
5
-3
0
-7
-3
-6
-1
2
-1
1
-1
1
-1
0
-1
0
0
3
1
2
0
2
2
3
6
4
4
3
2
0
1
0
1
1
0
-2
-1
0
0
1
-2
1
0
-1
-1
-1
-1
2
3
1
1
-1
-2
-2
-2
-1
-2
0
-1
0
-2
0
1
0
1
0
1
-1
2
-1
0
-1
-1
-2
-2
-2
-2
-1
-1
-2
-3
-1
-2
-2
0
2
1
3
-1
0
0
0
2
3
5
2
3
1
0
0
1
-1
1
-1
0
-2
-3
-3
-1
2
1
-2
-3
-2
-4
-3
-2
-2
-4
-4
-3
-1
0
1
0
-2
0
-1
0
0
1
1
1
2
1
-4
-3
-2
-1
1
-1
-1
0
-3
-2
0
0
1
-1
0
-1
2
0
-1
0
-1
-1
-1
0
-2
-4
-6
-4
-1
0
1
3
3
1
3
5
4
4
6
6
4
7
5
5
4
2
3
4
1
1
-1
0
3
1
-1
-2
0
2
1
2
4
5
4
6
4
2
2
1
2
-1
1
2
-2
-1
-4
-1
-2
-1
-6
-4
-3
-6
-2
-5
-1
-3
2
0
1
0
1
2
-1
5
1
6
4
4
2
3
3
4
1
2
2
1
1
0
0
-3
-3
-1
-3
-1
1
-4
0
-3
-2
-1
-4
-5
0
-5
-3
-6
-3
-4
-3
-1
-4
2
0
3
-1
-1
-2
2
-4
3
0
0
0
-7
0
-9
-1
-5
-4
-3
-5
-2
-5
-2
-4
-1
-3
3
-2
-2
2
-3
1
-3
-1
-2
1
-2
0
-2
-6
3
-2
1
-3
-1
0
-2
4
0
9
6
15
6
8
5
5
6
1
9
1
10
1
6
-1
1
1
2
3
7
6
0
6
-2
5
1
2
-1
2
4
2
0
-1
-2
0
0
-5
-4
-4
-5
-5
-5
-6
-3
-5
-2
-1
-2
0
1
4
1
4
3
3
0
1
0
1
1
3
-2
-3
3
-8
-5
-3
2
0
0
-2
0
2
-3
-2
-4
-2
-4
-5
-5
1
-3
3
2
5
3
0
-1
-4
-5
1
13
6
4
0
1
4
5
3
1
8
0
1
3
-1
-3
0
1
1
1
-2
-4
-9
-3
-4
0
0
-6
-2
-2
-3
-2
-2
-3
0
-1
4
0
-2
2
-23
-30
-11
-5
-1
5
1
7
-1
2
-3
-2
-2
3
22
19
0
8
6
6
15
4
15
-1
-10
-11
-13
-3
-14
-12
-2
-2
-6
-4
-10
-6
-6
-4
15
7
20
8
16
15
21
-7
14
8
-4
13
-3
11
-7
-2
-10
8
-4
15
-1
18
14
-5
9
-6
0
-4
21
9
10
-5
-12
-9
-14
-8
-12
-1
-11
-17
-25
-17
-22
-24
-13
-10
-3
-5
-9
-17
-5
3
11
16
3
5
-4
8
-4
-8
8
-5
10
-1
15
0
10
8
-3
4
15
-2
-10
4
-16
11
-21
3
-5
-4
-7
-15
5
-1
3
13
10
3
17
7
13
8
3
28
10
13
-5
-14
2
-8
3
3
1
-5
1
-19
-6
-9
-14
-3
0
4
-5
0
-3
4
9
12
11
17
3
-4
6
7
11
9
13
18
5
0
-2
-6
-4
-3
1
7
-3
-5
-6
-7
-10
-11
4
0
-9
-7
-13
-23
-7
-12
-6
12
5
2
7
3
12
-4
1
20
14
23
19
6
8
-6
-8
6
1
7
3
-5
5
-18
-17
-6
-14
0
-13
-10
1
-17
-25
-15
-18
-6
-12
-7
8
-12
-14
-8
-6
-2
3
0
24
8
4
0
-3
7
-8
-3
14
4
-12
-12
-19
-17
-18
-10
-3
-1
-5
-2
1
0
-1
-4
5
12
2
9
2
13
22
8
25
17
13
9
15
16
20
9
8
17
11
14
-5
14
5
-13
-7
-10
-16
-11
-7
-10
6
-11
-3
8
6
0
-3
8
11
11
2
16
-2
7
6
-1
11
-5
-5
-12
-3
-8
-15
-21
-15
1
-14
-2
2
2
-18
-15
-2
11
-5
-5
13
-1
5
-15
-9
8
6
-15
23
17
-3
0
-11
5
-4
1
8
15
1
-6
-14
3
12
-18
-7
3
13
9
2
14
3
-8
-10
16
23
-3
-1
15
9
-11
-4
2
-13
-1
-4
7
8
8
-12
-9
11
-4
-7
-7
-1
-10
-10
-9
4
-9
-12
-3
1
6
-3
-11
-20
-10
-12
-11
-3
-10
-11
-20
-9
4
1
-7
-2
-2
-12
-3
-6
7
-4
13
12
10
16
-3
-5
1
26
9
12
18
20
2
-4
18
9
21
26
13
15
15
-5
-14
15
-9
4
8
6
15
-13
-5
9
-2
1
16
-13
3
-4
-16
11
6
3
-7
-8
-6
-14
-29
-15
4
-20
-7
-6
-3
-11
-14
4
-6
-2
4
6
-3
12
-2
-12
9
15
3
-2
-3
-5
-17
-12
14
-12
-8
4
-4
4
2
-17
-17
-1
2
-3
14
12
-29
-4
15
-5
-9
9
22
13
11
14
11
4
16
10
6
30
27
-6
7
16
-17
-9
5
10
-2
-3
7
-19
-12
-8
-28
-14
15
-4
-1
6
-9
-29
-10
8
15
11
7
-3
-9
12
5
-4
27
25
-6
13
20
-6
-20
-14
9
5
9
6
-10
-17
-15
-20
-23
2
-16
-28
-24
-29
-22
-20
-23
-11
-9
10
9
-7
20
8
-6
31
50
38
23
28
19
13
20
14
23
17
2
-12
-1
-12
-28
-36
-19
-20
-46
-23
-29
-38
-37
-20
-3
2
4
-2
-1
2
15
18
23
30
26
30
27
29
20
14
8
20
24
13
7
-12
-17
-14
-18
-17
-21
-29
-33
-39
-26
-34
-32
-30
-13
11
9
0
-4
5
13
23
27
55
35
26
46
42
40
26
23
21
36
25
8
-6
-6
-7
-23
-1
-11
-36
-35
-27
-26
-22
-24
-23
-9
-5
-4
-14
-1
0
-10
-1
19
25
7
13
19
22
11
18
15
23
5
-16
-5
-9
-12
-22
-33
-19
-9
-52
-27
-18
-26
-23
-9
14
13
-4
5
19
23
25
13
20
28
16
8
13
1
-1
0
1
0
-5
-40
-38
-14
-14
-12
-23
-13
-11
-14
-24
-1
12
-3
-3
24
25
12
-4
-2
32
20
18
25
19
9
-2
-8
8
10
4
-7
-7
-15
-23
-14
5
7
-2
-1
10
13
-7
-9
-1
14
23
24
8
1
1
-2
9
18
24
-5
-5
-3
-5
-23
-33
-12
-6
-8
-37
-20
-17
-37
-25
3
3
-10
-7
1
14
12
-8
5
24
15
26
12
10
20
5
24
38
14
-1
-22
-13
7
2
-1
14
-3
-23
-23
-19
-11
-30
-21
-10
1
16
5
-11
-1
21
25
26
22
12
-1
-1
6
16
30
15
0
-2
-7
-2
-7
-30
-24
-15
-12
10
-7
-19
-39
-40
-17
10
18
1
7
13
3
9
14
-7
5
10
30
33
0
-11
-12
-8
-9
3
17
11
-19
-31
-14
-12
1
-9
-2
18
0
-7
-19
-3
2
-13
7
55
46
5
-5
10
19
-12
10
31
17
-6
-5
28
-4
-24
3
-13
-5
15
1
-8
4
-12
-19
16
23
-4
-34
-15
5
5
-18
-10
17
16
6
-18
-5
-13
-41
-13
33
28
-13
3
5
-40
7
20
-12
9
-10
-3
-2
-26
0
-54
-33
68
-2
-33
6
-9
-7
-53
-25
56
12
-7
8
-3
6
55
-22
-25
24
4
57
-8
-57
-1
46
-39
-45
71
21
-4
1
-21
1
15
28
70
-46
-82
92
35
-33
-71
-33
84
59
-63
-81
42
23
9
-24
-33
36
52
28
-76
-59
57
77
-18
-49
19
18
9
-23
-77
-5
33
-34
-44
-11
5
-13
-42
-51
6
33
44
3
-37
33
78
5
-48
44
80
39
-36
-26
52
38
-17
-27
32
47
11
-44
-19
10
-28
-22
10
21
4
-11
-2
0
-15
13
20
-6
8
42
49
26
0
6
17
5
0
15
1
-9
-2
-2
-35
-27
-6
-5
-6
-32
-42
-32
-8
-20
-20
-17
-17
1
7
-16
-29
-3
16
-5
-20
4
4
-4
-1
2
10
6
-3
10
-8
-1
16
-16
-11
7
-1
-9
-11
-22
-7
2
9
-1
8
4
-3
6
-15
10
25
20
-6
-10
4
8
-5
-15
-6
10
32
-4
-29
5
21
-28
-35
13
34
10
-33
-7
26
23
19
-8
-2
37
13
3
-10
0
34
19
-30
-21
32
29
-5
-51
8
67
8
-32
5
26
24
0
-8
8
3
-2
-1
15
4
-13
-7
-4
-17
-8
37
-38
-86
6
30
-15
-84
-50
34
6
-40
-38
5
31
-8
-10
15
-12
-7
30
42
-34
-29
66
15
-18
2
49
38
-19
32
34
-16
-24
39
37
5
-30
-10
52
-6
-38
0
58
-14
-32
-17
0
35
22
29
-20
-8
38
68
-30
-69
29
51
-20
-61
7
57
-4
-35
-2
13
13
-15
20
-5
-42
8
16
-43
-39
-13
-13
-37
-54
3
45
-32
-99
23
82
-24
-62
-7
50
3
-55
14
12
-31
-7
6
-43
-53
33
25
-30
-45
-33
30
-11
-42
2
14
-4
-31
7
33
-41
-61
53
63
-30
-40
56
69
-42
-58
35
61
-2
-17
20
25
-2
9
22
-26
-8
89
76
-64
-60
81
63
-47
-80
55
116
-8
-46
39
19
-53
14
56
27
-13
34
49
15
-36
6
58
8
-16
32
70
0
-57
4
66
-15
-63
36
73
-7
-77
-42
35
0
-36
26
36
-76
-63
21
19
-78
-68
84
78
-67
-52
43
19
-62
-39
35
-32
11
32
-31
-53
-36
42
37
-50
-68
24
37
-28
-82
8
47
9
-40
-27
54
-29
-34
29
25
-13
24
29
-9
-40
-37
60
44
-13
-6
19
42
24
-49
-16
57
20
-22
0
17
8
-57
-45
51
36
-17
-47
15
33
-64
-66
11
45
-24
-41
23
25
-64
-91
5
58
20
-11
-9
55
17
-109
-64
72
44
-32
-5
44
40
-61
-52
-19
22
40
19
-9
13
50
-22
-53
42
55
-14
5
4
3
-10
-53
12
75
-19
-23
56
-18
-89
9
83
20
-38
51
101
-63
-98
71
89
-74
-59
109
102
-59
-118
11
102
-26
-92
75
125
-35
-74
48
42
-38
-5
41
-1
17
56
4
-94
-72
17
12
-4
26
38
24
-72
-93
49
45
-56
-43
50
29
-51
-49
16
3
-84
-26
79
40
1
23
9
-28
-61
43
105
-12
-34
28
32
-10
-48
-24
15
4
-11
0
19
-10
-17
-29
-37
17
88
40
-35
-16
5
-14
-23
7
42
28
-1
46
26
-49
-24
2
5
-28
0
57
36
-34
-54
9
4
-43
-53
-10
8
-25
-49
-30
-15
-73
-91
10
21
-70
-53
37
15
-53
-50
30
73
0
-43
13
37
9
-29
-14
45
58
4
-38
4
63
32
-19
-16
27
81
23
-55
-21
30
21
1
37
47
15
2
22
22
-1
17
17
1
19
27
27
23
-32
-27
44
73
11
-36
-11
-10
-20
-22
30
30
-34
-24
8
-17
-36
-4
12
-1
-18
12
-10
-53
-28
-8
-6
2
47
22
-28
-29
21
33
-11
-12
22
28
-18
-13
8
-32
-40
-20
-7
-4
1
-9
-43
-66
-31
5
-14
-19
13
40
-18
-34
17
30
28
2
13
40
9
-29
-25
24
49
8
11
31
-7
-45
1
61
43
-8
15
49
6
-33
-8
38
17
-18
-11
30
32
-16
-21
-26
-2
30
41
32
2
-2
-1
17
17
12
3
-19
-18
-19
-22
-14
-19
-28
-45
-29
-10
-18
-32
-40
-14
-9
-31
-44
-7
25
1
-24
2
32
-15
-54
-16
22
16
-6
-6
22
-3
-28
-16
-22
-2
14
12
3
-4
23
35
14
18
65
81
9
-19
30
34
-1
7
59
41
3
-19
-29
-18
-8
-4
-7
-6
3
-9
-28
-44
-12
7
-11
-16
19
24
-27
-25
16
27
16
3
2
12
1
0
0
21
2
-16
-16
-18
9
-4
-39
0
32
18
26
-15
-14
33
21
-33
-24
46
38
-56
-61
20
19
-47
-27
46
1
-45
-38
3
24
-35
-9
33
-2
-40
-28
-6
-17
-35
13
41
18
-7
-7
28
-11
-11
28
20
0
3
11
-4
-34
-27
14
8
-38
-24
8
-18
-63
-43
36
29
-15
0
33
8
-35
-23
18
20
-8
24
37
8
1
38
60
18
17
42
29
4
5
43
31
-8
21
41
24
6
37
27
-11
2
31
30
-26
-26
13
21
-5
4
35
15
-13
-15
3
32
-4
-12
26
18
-1
2
16
0
-22
-23
-14
-19
-27
-33
-22
3
-4
-34
-33
-30
-54
-46
-49
-42
-21
10
1
-47
-54
-32
-30
-45
-62
-49
-30
-54
-61
-38
-22
-23
-46
-55
-50
-42
-55
-56
-30
-18
-22
-22
-20
-14
-5
-22
-6
30
28
19
39
72
59
31
74
129
99
78
87
117
112
88
112
148
157
99
70
91
73
61
70
47
50
78
80
44
22
47
51
-3
-17
38
62
14
-13
6
44
24
-29
19
32
-53
-73
-28
-11
-62
-94
-47
-48
-99
-115
-91
-81
-117
-141
-113
-97
-126
-129
-131
-158
-144
-124
-129
-183
-175
-133
-173
-282
-305
-238
-220
-249
-257
-247
-271
-274
-253
-231
-243
-211
-111
-35
5
68
171
172
205
373
563
623
583
634
742
778
745
773
815
744
596
553
522
395
241
149
82
-34
-142
-160
-188
-309
-420
-408
-294
-303
-380
-385
-317
-217
-160
-136
-53
42
63
75
149
261
323
301
290
327
366
364
268
194
176
147
127
84
-1
-127
-234
-295
-317
-402
-444
-508
-566
-587
-603
-678
-1058
-1448
-1419
-713
-172
-463
-1112
-1418
-1136
-881
-855
-883
-660
-344
-231
-251
-339
-308
-224
76
690
1232
1342
1023
717
712
1143
1617
1859
1721
1306
952
829
937
903
700
416
197
128
5
-202
-500
-684
-627
-464
-316
-358
-579
-862
-837
-434
-21
210
167
-49
-126
35
363
650
751
725
678
727
827
845
746
621
650
754
719
606
380
81
-69
-26
25
-91
-337
-611
-754
-819
-824
-753
-750
-888
-993
-910
-752
-737
-773
-640
-449
-423
-382
-360
-543
-935
-1012
-414
398
457
-388
-1139
-1135
-704
-566
-694
-703
-485
-334
-421
-546
-601
-582
-373
154
831
1128
857
395
367
830
1440
1856
1830
1444
991
828
1002
1250
1125
751
397
332
275
-6
-289
-534
-501
-335
-154
-204
-570
-990
-1044
-576
-69
138
-26
-315
-452
-304
206
737
821
580
454
645
842
820
777
815
896
948
903
748
490
217
166
273
383
272
-123
-558
-806
-714
-556
-596
-793
-930
-965
-967
-893
-795
-691
-653
-654
-540
-352
-412
-570
-871
-988
-616
2
353
-182
-945
-1284
-924
-552
-637
-930
-936
-702
-624
-663
-728
-716
-584
-216
420
892
820
445
315
694
1366
1865
1933
1649
1226
1007
1096
1352
1374
1049
718
549
468
239
-67
-332
-421
-286
-136
-241
-579
-943
-1086
-814
-329
-52
-106
-401
-613
-433
8
398
539
538
437
436
638
838
912
878
925
1014
1045
901
646
483
454
497
546
465
126
-287
-557
-524
-445
-560
-735
-912
-1054
-1055
-972
-925
-918
-923
-830
-735
-675
-599
-496
-489
-513
-598
-587
-452
-228
-24
-194
-507
-778
-708
-604
-710
-884
-832
-553
-347
-428
-725
-808
-553
-75
430
669
601
362
385
745
1188
1568
1649
1471
1202
1079
1146
1287
1310
1118
894
690
513
244
3
-93
-46
38
-41
-266
-535
-797
-831
-594
-254
-96
-271
-489
-530
-356
-14
259
363
378
333
383
500
637
728
780
884
896
768
592
469
468
461
412
313
166
-55
-334
-470
-465
-437
-533
-728
-855
-895
-887
-875
-855
-814
-757
-703
-701
-658
-503
-411
-386
-568
-682
-525
-206
99
-128
-576
-870
-704
-493
-615
-892
-943
-616
-402
-506
-858
-966
-716
-237
256
423
323
127
132
505
1077
1550
1552
1220
923
967
1222
1413
1379
1109
840
636
561
389
220
140
132
182
134
-95
-450
-674
-603
-252
92
52
-251
-545
-536
-182
199
458
500
350
260
360
550
686
716
742
844
897
759
551
476
496
492
500
377
154
-110
-324
-323
-251
-238
-409
-627
-743
-788
-762
-699
-674
-661
-654
-668
-684
-657
-517
-432
-475
-799
-882
-600
-145
-137
-698
-1077
-970
-569
-617
-1021
-1278
-1047
-642
-532
-794
-1130
-1051
-629
-82
300
353
128
-58
160
751
1304
1449
1244
1041
976
1104
1252
1313
1180
922
766
644
577
359
158
142
257
355
195
-181
-492
-456
-173
84
178
-19
-199
-287
-184
106
427
590
473
302
312
492
638
729
749
791
791
714
623
543
556
608
593
494
267
35
-85
-112
-133
-167
-244
-446
-665
-826
-822
-752
-655
-603
-654
-723
-827
-880
-798
-635
-489
-603
-986
-1072
-795
-309
-407
-944
-1261
-1028
-674
-799
-1195
-1334
-916
-543
-541
-857
-1082
-886
-439
52
365
342
151
80
354
877
1280
1366
1239
1079
1092
1215
1284
1223
1023
954
974
888
631
302
164
318
546
554
281
-77
-259
-188
28
205
252
108
-96
-161
-17
206
371
409
330
298
348
434
488
541
625
695
635
474
410
421
473
479
429
318
99
-83
-108
-60
-83
-240
-411
-550
-687
-793
-776
-688
-617
-591
-645
-760
-878
-929
-809
-594
-470
-659
-1026
-1021
-719
-309
-408
-832
-1058
-884
-608
-696
-955
-1011
-671
-369
-341
-611
-857
-707
-266
243
420
265
64
103
401
816
1139
1150
954
776
770
944
1012
989
880
819
780
562
283
91
91
273
444
388
128
-179
-274
-109
131
337
349
142
-71
-187
-27
241
443
490
394
313
292
326
403
498
578
594
507
346
282
368
470
483
398
257
84
-85
-125
-39
11
-91
-227
-351
-497
-614
-599
-492
-407
-435
-540
-632
-719
-695
-587
-358
-255
-404
-765
-981
-789
-360
-55
-361
-811
-979
-727
-530
-670
-863
-776
-436
-316
-519
-866
-926
-560
-26
305
246
-31
-192
-10
426
847
1017
888
654
559
709
895
860
786
753
732
533
257
108
180
343
443
400
173
-63
-154
-20
223
354
326
211
120
74
115
268
453
559
460
311
282
344
395
425
524
589
476
251
150
243
383
466
392
226
85
0
-25
15
31
-34
-165
-303
-361
-406
-449
-467
-405
-345
-395
-564
-686
-718
-611
-424
-229
-285
-528
-829
-1006
-773
-395
-52
-311
-874
-1227
-974
-545
-487
-789
-924
-593
-275
-420
-852
-1019
-619
-107
192
105
-166
-309
-136
314
700
797
616
462
443
602
814
857
750
595
566
546
409
228
171
323
424
411
264
156
148
246
411
498
452
309
225
297
462
627
675
665
565
443
371
348
390
462
448
372
292
180
142
208
312
323
147
-89
-200
-116
27
35
-63
-159
-205
-278
-376
-435
-359
-248
-186
-219
-377
-486
-524
-438
-238
-88
-156
-287
-506
-566
-600
-622
-424
-152
25
-410
-960
-1100
-712
-365
-487
-823
-920
-670
-520
-588
-795
-878
-577
-200
2
-134
-346
-369
-111
276
584
731
606
458
447
622
822
846
724
574
523
563
535
387
331
366
353
280
142
92
121
150
246
314
291
213
156
307
429
406
315
280
311
335
329
302
297
266
236
222
152
106
113
172
157
40
-51
-12
80
82
52
-29
-128
-256
-325
-263
-123
-61
-71
-149
-195
-199
-258
-314
-218
-12
74
-47
-245
-308
-173
-36
-44
-300
-573
-514
-309
-77
-338
-701
-770
-513
-273
-484
-872
-989
-643
-368
-425
-764
-968
-708
-268
-31
-130
-347
-367
-144
189
400
429
363
418
560
646
551
405
412
565
644
534
348
195
171
177
234
280
226
152
91
102
196
274
328
379
431
467
447
360
345
425
536
497
278
111
119
286
406
348
174
31
37
145
214
132
45
55
120
125
26
-73
-98
-32
14
-21
-97
-178
-143
-89
-78
-86
-93
-109
-156
-137
-58
-58
-163
-198
-190
-144
-227
-327
-464
-517
-394
-208
-177
-493
-782
-751
-426
-298
-555
-898
-876
-561
-391
-536
-820
-934
-668
-321
-188
-308
-505
-510
-259
45
274
322
210
128
155
345
512
495
394
334
366
324
245
210
307
416
412
325
222
244
410
585
644
570
492
474
513
569
583
549
490
396
288
199
199
291
335
271
125
-6
-73
8
140
224
188
80
-7
-62
-88
-53
59
89
74
30
-39
-93
-98
-32
75
134
108
48
4
-19
25
66
72
38
23
-31
-90
-96
-45
-24
-89
-331
-522
-425
-233
-64
-277
-662
-868
-760
-585
-640
-898
-1053
-940
-804
-869
-1058
-1194
-1079
-778
-497
-444
-610
-715
-546
-221
68
158
157
201
323
460
594
620
608
631
661
684
581
489
514
607
651
637
572
459
411
445
567
609
516
411
345
359
414
459
427
360
287
238
157
88
114
214
258
227
157
94
59
107
179
222
205
141
105
65
67
92
147
175
129
47
11
38
35
32
41
89
56
-35
-63
-19
7
-56
-115
-149
-210
-225
-204
-180
-259
-362
-451
-527
-577
-639
-560
-509
-640
-858
-991
-935
-844
-915
-1133
-1222
-1073
-895
-934
-1108
-1086
-844
-525
-397
-447
-467
-297
41
344
547
613
632
690
797
939
1005
1019
1018
988
983
926
812
708
687
703
695
605
455
367
309
302
280
294
324
252
127
41
67
118
143
68
-6
3
59
103
36
-78
-88
13
115
115
16
-45
-4
50
78
81
86
96
62
2
5
48
71
66
76
121
94
-2
-33
61
136
120
18
-39
0
51
10
-61
-78
-62
-64
-162
-289
-425
-455
-432
-407
-420
-495
-547
-677
-833
-881
-796
-728
-826
-1060
-1213
-1091
-877
-794
-887
-1025
-892
-650
-442
-326
-291
-148
73
319
472
540
621
758
897
973
949
923
926
960
982
958
824
597
417
399
470
445
337
194
135
101
96
149
176
176
140
101
84
51
56
108
186
241
261
171
47
-6
70
242
341
298
214
159
163
188
243
356
385
303
174
129
181
277
306
251
141
51
27
49
110
144
90
-40
-117
-80
-42
-90
-193
-248
-240
-253
-336
-468
-558
-538
-525
-569
-716
-906
-981
-957
-857
-769
-843
-1075
-1256
-1249
-1041
-854
-904
-1042
-1066
-918
-735
-703
-711
-583
-329
-84
23
-18
14
213
493
725
806
785
753
746
830
989
1120
1092
899
707
669
707
751
724
667
599
530
454
387
378
395
434
409
328
260
250
229
206
221
235
253
229
225
255
238
243
269
305
276
233
260
360
459
457
350
209
138
171
264
323
255
77
-56
-73
-5
43
-8
-102
-189
-237
-266
-288
-302
-351
-458
-534
-517
-499
-562
-685
-769
-747
-743
-816
-911
-925
-897
-899
-865
-824
-870
-982
-972
-755
-498
-465
-665
-832
-790
-557
-388
-411
-515
-483
-338
-218
-215
-233
-132
67
201
249
324
412
512
583
655
809
926
989
958
921
977
1046
1038
917
835
759
723
715
696
633
481
310
240
344
408
397
328
256
237
206
217
226
254
326
325
298
231
191
212
262
282
242
164
111
114
126
154
135
59
-40
-114
-155
-155
-122
-124
-180
-297
-424
-484
-470
-390
-357
-405
-519
-643
-658
-587
-514
-532
-607
-653
-628
-572
-571
-572
-530
-430
-385
-427
-478
-452
-366
-332
-323
-330
-308
-303
-325
-339
-289
-208
-168
-274
-459
-497
-367
-220
-220
-349
-484
-503
-409
-312
-222
-138
-40
50
108
172
272
462
658
765
796
834
938
1021
1026
1040
1011
1012
1009
977
908
812
757
745
718
672
589
528
533
535
503
439
373
323
313
325
345
316
252
172
121
91
96
81
26
-25
-58
-87
-165
-215
-201
-202
-277
-392
-416
-389
-397
-475
-552
-580
-582
-570
-631
-683
-687
-636
-599
-611
-609
-581
-493
-420
-375
-381
-413
-398
-344
-281
-272
-262
-242
-262
-300
-338
-299
-232
-254
-331
-363
-290
-250
-281
-342
-339
-324
-357
-342
-258
-148
-198
-348
-380
-258
-145
-195
-258
-243
-111
5
3
4
64
223
362
451
498
563
687
792
921
1010
1073
1089
1092
1154
1218
1248
1200
1140
1054
1008
970
888
788
675
613
558
474
347
266
247
227
144
38
-55
-102
-118
-130
-175
-259
-343
-364
-390
-463
-546
-596
-599
-620
-654
-728
-773
-749
-678
-629
-648
-701
-706
-639
-532
-487
-500
-512
-456
-358
-310
-321
-356
-309
-217
-136
-141
-168
-144
-73
-29
-32
-41
-54
-47
-66
-87
-62
-4
10
-67
-167
-180
-84
-47
-87
-120
-121
-102
-106
-72
-25
-16
-50
-70
-3
84
111
60
11
31
105
108
71
94
214
300
284
242
273
386
483
532
574
646
702
715
726
811
884
907
885
849
847
801
724
688
663
633
543
400
298
189
132
89
20
-103
-287
-407
-429
-435
-485
-569
-668
-701
-715
-748
-741
-695
-655
-659
-692
-687
-647
-613
-588
-549
-488
-465
-482
-493
-429
-322
-277
-273
-270
-218
-156
-116
-73
-22
14
19
22
32
100
150
141
122
107
112
101
127
172
185
149
68
24
61
119
128
113
123
135
128
104
92
142
224
280
286
278
271
242
261
299
363
361
280
191
137
143
130
111
107
70
33
-49
-93
-75
-41
-1
6
-15
-30
-19
22
90
167
227
255
282
322
374
379
360
351
357
351
319
275
210
134
75
58
-7
-109
-211
-252
-298
-424
-512
-541
-497
-508
-578
-630
-682
-673
-645
-596
-602
-607
-596
-586
-540
-497
-436
-416
-391
-339
-259
-209
-204
-174
-92
-9
55
104
135
157
155
174
254
341
397
375
366
410
481
531
519
496
498
560
589
587
583
544
517
503
476
451
383
326
330
315
254
157
88
64
58
44
9
-67
-95
-86
-72
-122
-215
-279
-271
-224
-190
-186
-223
-269
-305
-279
-220
-187
-189
-179
-158
-110
-111
-134
-90
13
121
133
80
63
98
153
187
160
126
104
87
76
37
-44
-136
-173
-173
-222
-331
-445
-479
-465
-475
-538
-616
-664
-631
-581
-567
-578
-559
-525
-504
-488
-440
-364
-296
-247
-215
-164
-111
-72
-37
42
152
258
341
371
438
524
581
616
630
668
711
711
721
759
785
751
655
587
592
607
557
491
446
435
395
333
294
260
249
239
217
167
92
56
90
115
100
78
43
-2
-53
-57
-29
-9
-44
-98
-137
-145
-134
-139
-168
-200
-208
-241
-284
-322
-339
-364
-420
-474
-508
-551
-586
-581
-557
-572
-638
-677
-622
-555
-533
-527
-477
-377
-317
-299
-299
-236
-157
-95
-92
-103
-88
-41
-14
-27
-56
-53
-32
-40
-62
-76
-68
-92
-100
-99
-81
-35
-15
-18
-4
11
39
83
140
179
236
290
342
379
390
401
423
447
453
464
470
467
480
509
544
562
542
516
534
550
569
563
529
522
507
481
453
456
484
470
405
337
319
351
381
353
318
303
284
246
177
124
119
94
51
-23
-128
-201
-276
-333
-396
-442
-494
-579
-682
-777
-809
-826
-847
-882
-924
-952
-979
-989
-1004
-987
-954
-953
-962
-952
-876
-822
-788
-764
-685
-548
-466
-431
-396
-305
-183
-86
-20
57
145
205
246
295
354
421
445
459
462
463
472
483
518
532
506
464
444
413
402
400
424
437
397
308
258
247
246
259
297
323
309
273
262
308
365
424
429
414
443
516
584
629
624
634
646
649
633
625
621
598
588
570
536
463
357
296
293
310
256
140
35
-37
-58
-81
-91
-138
-239
-344
-405
-424
-440
-494
-566
-634
-692
-756
-826
-879
-905
-927
-970
-1011
-1043
-1060
-1055
-1045
-1005
-973
-968
-974
-980
-959
-906
-838
-761
-683
-642
-608
-554
-472
-365
-256
-204
-123
-9
100
189
289
404
489
552
591
628
669
713
760
805
834
822
791
739
688
663
675
677
608
527
480
466
455
413
371
354
349
315
295
311
316
317
290
292
345
368
359
330
346
372
398
409
397
388
411
450
447
433
396
360
328
294
241
219
220
189
131
57
-15
-57
-107
-168
-228
-269
-315
-357
-395
-469
-552
-609
-613
-621
-699
-799
-848
-849
-821
-826
-865
-895
-894
-873
-848
-830
-831
-825
-793
-754
-696
-640
-614
-601
-569
-519
-483
-461
-438
-392
-310
-233
-199
-172
-127
-73
0
70
126
170
212
252
298
373
462
557
605
643
687
743
787
807
836
883
923
939
950
941
929
897
856
823
798
766
712
658
615
596
578
536
464
404
373
321
277
233
183
132
95
69
48
-3
-44
-79
-104
-117
-136
-161
-197
-212
-209
-228
-281
-302
-302
-294
-294
-320
-338
-361
-394
-418
-437
-448
-466
-504
-526
-525
-510
-486
-496
-531
-546
-542
-525
-493
-502
-489
-474
-471
-483
-500
-501
-480
-439
-426
-414
-423
-423
-416
-402
-375
-357
-341
-321
-305
-290
-280
-269
-222
-179
-136
-121
-102
-59
-24
35
114
181
225
265
316
397
508
594
643
695
771
866
937
979
1012
1076
1145
1161
1121
1068
1054
1062
1034
966
904
849
767
653
535
458
401
314
187
73
-10
-82
-161
-268
-344
-386
-433
-473
-518
-557
-575
-577
-569
-556
-553
-557
-553
-511
-462
-422
-419
-395
-362
-296
-239
-251
-265
-267
-228
-182
-149
-137
-121
-113
-124
-148
-187
-197
-181
-173
-183
-212
-247
-284
-317
-333
-323
-316
-318
-333
-348
-374
-386
-369
-365
-373
-345
-350
-352
-336
-317
-267
-207
-132
-71
-40
3
74
167
249
320
367
419
469
506
532
548
588
614
617
610
596
588
594
600
611
607
584
562
546
548
540
528
500
485
486
457
402
323
257
228
209
155
81
-3
-58
-124
-192
-235
-278
-327
-371
-421
-461
-477
-482
-495
-508
-503
-487
-482
-471
-473
-461
-421
-376
-314
-261
-237
-222
-202
-173
-129
-94
-56
-29
-27
-14
-15
-21
-5
12
25
24
6
-23
-53
-72
-93
-129
-143
-146
-138
-157
-213
-226
-200
-158
-151
-172
-158
-126
-84
-42
0
41
81
106
143
174
205
231
244
271
301
336
331
323
315
322
335
339
340
315
285
268
261
260
228
184
173
160
121
65
20
12
0
-21
-47
-64
-63
-76
-93
-105
-99
-70
-71
-98
-106
-88
-51
-47
-64
-59
-31
-15
-25
-28
-34
-46
-61
-59
-49
-45
-50
-81
-108
-100
-78
-78
-91
-98
-89
-60
-50
-58
-79
-96
-100
-95
-81
-74
-96
-128
-139
-145
-114
-96
-95
-111
-137
-140
-118
-92
-63
-52
-27
-12
-40
-30
17
75
125
130
143
185
218
235
249
275
305
314
313
305
305
300
297
291
289
271
222
184
161
147
127
90
43
15
-10
-57
-97
-132
-166
-203
-234
-251
-265
-274
-304
-313
-305
-279
-266
-292
-311
-302
-280
-253
-241
-243
-229
-181
-134
-108
-109
-102
-53
2
43
63
75
80
94
124
134
156
163
176
176
151
124
105
90
86
89
77
44
-2
-24
-34
-51
-74
-96
-115
-114
-131
-171
-169
-148
-135
-132
-138
-140
-125
-104
-88
-59
-14
40
75
97
118
133
164
209
242
295
330
338
341
354
374
406
443
449
424
373
352
356
362
347
301
256
215
179
149
96
39
-4
-43
-85
-125
-180
-221
-233
-244
-253
-264
-300
-336
-362
-355
-335
-333
-342
-347
-340
-327
-294
-263
-260
-268
-280
-263
-198
-145
-137
-151
-177
-158
-98
-50
-29
-35
-18
7
22
30
37
51
71
74
56
31
12
6
19
28
30
12
-22
-70
-112
-118
-98
-82
-78
-90
-108
-123
-101
-58
-30
-11
-6
0
24
38
70
105
149
207
234
246
245
264
288
327
369
388
389
365
331
325
342
361
351
307
269
229
218
225
229
220
196
160
109
85
61
42
13
-10
-37
-60
-88
-117
-134
-143
-141
-167
-197
-229
-235
-213
-201
-202
-226
-254
-267
-259
-222
-215
-217
-240
-244
-230
-215
-198
-199
-187
-178
-173
-173
-164
-144
-133
-124
-107
-97
-94
-94
-100
-93
-73
-54
-40
-51
-52
-59
-61
-45
-29
-1
2
-10
-16
2
20
39
67
81
81
71
71
73
86
109
116
120
126
130
124
127
142
154
181
166
146
152
165
185
191
190
189
181
166
163
166
174
169
134
104
83
74
84
71
45
27
16
13
8
1
-1
-4
-11
-36
-58
-68
-55
-36
-25
-25
-50
-66
-76
-68
-48
-38
-47
-72
-83
-74
-58
-56
-52
-36
-30
-39
-64
-80
-81
-80
-71
-80
-106
-125
-152
-154
-129
-103
-106
-133
-144
-139
-120
-114
-103
-69
-46
-32
-33
-33
-21
-12
3
24
35
49
35
27
29
44
59
53
45
35
35
34
37
47
65
72
77
69
53
50
58
73
83
89
77
59
44
50
65
60
37
5
0
-4
-10
-15
-33
-44
-60
-73
-64
-53
-51
-49
-52
-57
-38
-33
-22
-4
19
45
50
37
43
75
103
120
131
130
112
109
125
148
164
165
144
130
103
87
70
63
51
42
38
1
-38
-68
-70
-73
-81
-107
-144
-170
-179
-198
-205
-205
-199
-208
-219
-225
-244
-238
-231
-200
-175
-157
-144
-135
-109
-81
-52
-31
-7
17
47
77
92
121
147
170
182
179
181
189
203
201
189
170
160
147
129
117
112
96
68
47
38
33
32
26
11
4
-18
-26
-26
-28
-19
-21
-39
-45
-44
-55
-51
-43
-30
-20
-26
-40
-44
-26
-2
11
12
1
4
20
30
52
62
62
71
64
55
49
47
56
62
57
43
40
15
-9
-9
9
21
10
-29
-62
-75
-78
-78
-78
-73
-81
-94
-104
-115
-123
-118
-115
-106
-103
-107
-108
-113
-90
-63
-55
-51
-65
-76
-63
-51
-33
-16
-4
6
18
27
30
37
63
83
93
88
72
77
84
91
94
74
64
57
56
50
36
27
22
23
19
15
6
4
7
11
14
7
3
-1
4
12
3
-13
-35
-48
-43
-38
-37
-65
-85
-82
-79
-68
-76
-80
-69
-53
-49
-55
-51
-24
10
26
37
48
65
67
58
66
95
111
107
98
98
113
118
119
111
111
112
91
51
32
34
47
50
29
16
5
4
-19
-29
-8
12
3
-18
-31
-29
-15
-23
-23
-17
-24
-35
-58
-65
-53
-49
-47
-56
-68
-67
-61
-59
-52
-54
-62
-75
-87
-86
-68
-45
-30
-29
-28
-27
-26
-13
-1
8
15
25
38
55
76
85
82
84
85
79
69
58
59
62
56
35
7
-16
-42
-54
-54
-55
-79
-105
-106
-107
-105
-111
-122
-118
-118
-130
-152
-145
-113
-74
-62
-45
-16
6
13
20
28
53
97
110
104
94
109
131
144
149
152
160
160
150
132
115
118
117
94
70
42
28
16
6
-4
-5
-23
-54
-78
-86
-71
-59
-72
-77
-83
-103
-99
-100
-88
-83
-81
-88
-96
-87
-68
-51
-38
-35
-33
-33
-36
-25
-2
32
47
33
40
66
102
114
120
133
136
137
135
147
160
161
153
138
122
110
91
69
62
55
49
29
5
-19
-37
-44
-53
-74
-106
-129
-146
-145
-145
-137
-145
-151
-156
-171
-178
-175
-171
-151
-134
-123
-112
-111
-86
-63
-40
-28
-20
-12
8
32
33
40
42
57
69
67
64
65
73
75
68
61
52
59
64
62
69
66
57
45
34
39
36
23
10
-3
-8
-16
-18
-19
-29
-50
-65
-60
-44
-25
-11
8
24
35
36
31
36
63
86
103
100
102
111
113
128
138
142
138
137
133
121
107
111
110
93
84
64
49
34
-2
-24
-34
-48
-63
-78
-100
-113
-133
-145
-137
-141
-150
-153
-160
-165
-169
-172
-169
-165
-148
-115
-111
-118
-109
-96
-78
-78
-60
-57
-55
-49
-46
-42
-41
-30
-21
-15
-19
-24
-32
-33
-21
-17
-10
-4
7
13
25
21
27
34
45
49
42
42
50
55
63
75
70
62
49
47
45
48
46
38
55
57
47
52
60
75
88
89
91
106
128
128
133
134
137
149
142
134
121
118
126
122
122
126
111
103
82
58
49
39
34
12
-15
-24
-42
-68
-81
-98
-100
-110
-120
-129
-127
-111
-107
-113
-113
-110
-113
-105
-103
-99
-100
-94
-93
-84
-85
-92
-76
-77
-69
-56
-50
-47
-49
-47
-32
-17
-19
-14
-6
3
19
21
20
26
20
11
-5
-11
-14
-14
-10
-19
-36
-44
-42
-45
-44
-40
-33
-22
-11
-12
3
15
18
19
12
9
17
22
32
47
53
67
56
48
46
41
45
65
63
67
63
64
69
59
53
35
28
23
11
0
-8
-8
-8
0
-5
-9
-13
-27
-24
-22
-29
-28
-39
-44
-40
-32
-15
-11
-4
-9
-13
-2
2
13
25
19
24
36
58
64
60
48
53
58
61
62
55
68
69
69
51
34
21
16
16
24
22
16
15
6
2
7
16
16
12
0
-10
-7
-2
-10
-20
-42
-46
-47
-52
-56
-69
-73
-79
-86
-92
-91
-88
-85
-73
-59
-57
-56
-56
-57
-46
-37
-33
-27
-19
-12
-15
-20
-25
-13
-8
-1
4
6
4
1
2
-2
-3
11
12
0
-9
-12
-8
-9
-2
12
12
17
9
4
13
19
18
17
25
21
30
37
47
55
68
86
81
80
74
72
80
86
98
95
81
76
71
69
56
50
47
49
49
39
37
29
10
-4
-13
-22
-32
-36
-37
-41
-53
-51
-48
-57
-61
-58
-57
-51
-52
-50
-44
-44
-33
-26
-22
-33
-30
-29
-15
-16
-16
-21
-22
-10
-2
5
-1
-6
-19
-26
-28
-31
-40
-36
-27
-30
-29
-35
-50
-56
-56
-66
-60
-57
-60
-58
-72
-65
-59
-59
-61
-79
-81
-91
-88
-89
-88
-76
-64
-48
-35
-29
-22
-11
-7
8
22
43
57
66
74
75
85
98
97
101
96
104
123
132
139
137
130
130
129
128
134
132
121
111
113
119
116
103
88
73
59
55
48
38
20
6
-5
-12
-14
-21
-26
-30
-35
-41
-35
-32
-29
-22
-7
-1
-3
-5
-12
-4
9
8
13
10
7
11
13
18
6
-4
-12
-13
-15
-26
-36
-45
-37
-40
-43
-43
-53
-62
-80
-88
-85
-88
-89
-98
-104
-104
-99
-103
-106
-107
-115
-117
-114
-111
-104
-112
-121
-111
-107
-98
-86
-83
-77
-84
-77
-74
-62
-47
-41
-32
-15
2
3
5
12
19
25
41
46
51
48
53
66
72
77
76
80
89
93
101
112
124
128
122
123
128
125
124
126
123
128
127
125
120
123
126
129
134
123
111
113
110
101
96
90
92
83
79
65
53
40
27
18
11
7
-3
-20
-33
-40
-41
-40
-48
-50
-60
-70
-77
-77
-76
-69
-74
-90
-101
-112
-117
-118
-128
-145
-150
-152
-152
-148
-144
-145
-143
-135
-134
-134
-136
-133
-124
-120
-113
-110
-105
-92
-86
-74
-64
-63
-57
-47
-40
-36
-34
-28
-28
-30
-30
-22
-12
3
13
24
23
28
36
41
54
57
68
76
81
87
98
106
118
135
140
153
156
155
165
166
178
191
192
199
196
196
204
214
218
211
205
210
201
184
176
159
147
129
116
95
75
43
27
8
-13
-42
-74
-97
-121
-136
-148
-157
-179
-184
-194
-189
-189
-191
-199
-201
-194
-190
-177
-181
-172
-170
-156
-147
-134
-129
-131
-116
-113
-107
-104
-106
-104
-84
-80
-86
-90
-91
-81
-83
-83
-86
-74
-68
-73
-75
-65
-48
-39
-37
-47
-35
-17
-10
-4
6
12
18
23
33
33
46
59
60
79
89
97
93
94
106
116
130
137
151
162
162
173
185
196
204
199
202
210
212
219
221
221
228
222
216
217
207
199
195
183
174
163
153
131
104
80
55
37
16
-20
-47
-76
-104
-122
-145
-160
-179
-196
-206
-215
-220
-223
-229
-233
-227
-214
-201
-186
-189
-189
-177
-169
-167
-168
-162
-151
-141
-132
-136
-137
-127
-115
-102
-99
-98
-91
-91
-83
-65
-56
-54
-56
-56
-46
-24
-11
-14
-7
6
4
2
6
11
21
33
37
42
45
53
59
67
85
97
101
101
96
93
104
110
115
126
127
132
132
132
132
141
147
157
158
160
154
163
174
169
185
182
191
194
188
174
163
166
152
142
128
112
108
96
75
60
47
37
13
-11
-24
-37
-40
-58
-74
-84
-103
-112
-137
-162
-178
-189
-205
-214
-224
-232
-227
-235
-240
-244
-242
-243
-237
-228
-224
-221
-221
-215
-205
-193
-185
-176
-166
-144
-134
-116
-103
-91
-72
-64
-56
-51
-35
-22
-12
0
13
31
42
51
61
66
76
88
98
100
105
107
117
125
120
123
125
123
127
136
140
145
148
148
142
146
153
154
158
165
173
178
183
187
190
192
189
189
187
182
177
168
163
150
139
129
121
112
98
88
81
71
58
50
33
27
18
1
-13
-33
-49
-66
-82
-98
-109
-128
-149
-170
-183
-196
-207
-216
-221
-224
-238
-248
-253
-254
-254
-257
-257
-268
-265
-262
-258
-246
-237
-226
-219
-208
-198
-184
-161
-138
-118
-91
-69
-52
-31
-11
2
17
29
47
70
82
90
99
104
113
122
122
117
120
126
125
125
123
126
134
141
145
145
153
162
163
160
159
163
164
158
160
153
155
161
155
146
137
133
125
118
107
92
81
80
78
72
66
58
54
53
52
45
31
24
16
6
-3
-13
-22
-27
-46
-57
-67
-83
-83
-91
-96
-102
-111
-118
-124
-134
-136
-135
-133
-136
-143
-142
-143
-133
-131
-128
-122
-123
-125
-133
-127
-125
-123
-119
-110
-105
-93
-80
-75
-76
-76
-69
-65
-55
-48
-33
-23
-4
2
4
6
12
17
30
42
57
72
76
94
98
101
105
103
106
105
110
119
123
124
115
111
110
110
111
107
102
95
94
92
91
91
96
97
96
94
87
86
81
75
69
67
64
63
53
49
42
38
28
6
6
-10
-25
-28
-37
-40
-44
-52
-57
-65
-66
-75
-81
-93
-99
-105
-100
-103
-113
-116
-118
-121
-122
-124
-128
-119
-114
-111
-103
-97
-102
-101
-86
-82
-82
-76
-79
-73
-66
-63
-58
-58
-63
-55
-52
-48
-39
-32
-32
-25
-18
-8
0
1
6
7
7
6
7
13
21
38
57
69
88
99
109
119
129
142
148
155
159
171
176
184
180
184
190
189
189
176
181
172
163
150
137
125
108
95
83
71
63
45
35
25
13
1
-11
-31
-43
-58
-75
-92
-101
-115
-124
-133
-148
-152
-162
-174
-193
-202
-214
-221
-221
-226
-230
-236
-233
-219
-215
-205
-192
-185
-167
-155
-136
-115
-99
-81
-72
-61
-49
-36
-23
-10
-2
7
14
21
27
26
34
41
52
66
78
86
101
108
112
120
125
131
135
135
140
142
146
155
158
162
160
169
176
177
182
187
193
201
199
196
194
190
186
178
176
171
158
150
138
124
110
99
83
66
52
41
22
7
-9
-20
-34
-49
-61
-79
-97
-115
-140
-160
-171
-188
-198
-215
-223
-228
-231
-237
-240
-246
-245
-246
-248
-252
-252
-244
-232
-227
-222
-206
-208
-202
-189
-175
-167
-157
-143
-129
-112
-93
-81
-60
-41
-31
-13
5
19
39
51
63
85
98
111
117
121
132
145
150
154
160
164
169
173
179
184
191
191
194
194
200
196
201
206
201
201
194
193
189
181
172
173
167
158
147
136
122
111
101
89
71
59
50
42
34
24
18
10
-3
-14
-32
-49
-64
-81
-99
-104
-113
-125
-133
-148
-155
-157
-161
-168
-170
-172
-169
-168
-173
-174
-170
-163
-155
-142
-140
-147
-153
-153
-156
-150
-149
-149
-148
-148
-147
-146
-137
-130
-124
-122
-111
-101
-86
-69
-53
-39
-28
-16
-9
-3
9
22
35
44
52
57
62
69
83
92
110
113
119
132
135
147
153
151
159
171
181
192
197
207
204
203
208
209
212
212
207
204
206
206
198
192
186
172
160
144
127
108
89
73
56
35
13
1
-18
-30
-47
-69
-76
-98
-115
-124
-136
-140
-147
-155
-160
-162
-165
-171
-168
-164
-166
-167
-163
-169
-168
-169
-174
-167
-162
-162
-163
-164
-167
-160
-158
-157
-154
-149
-139
-137
-136
-124
-118
-112
-105
-104
-100
-87
-80
-74
-63
-57
-50
-35
-23
-10
-1
5
14
24
36
55
69
83
93
104
109
113
129
135
146
159
165
176
190
196
209
216
219
228
233
235
238
241
249
249
242
243
236
235
231
216
206
192
180
168
146
132
114
101
92
68
40
19
4
-16
-35
-54
-76
-94
-111
-125
-136
-142
-150
-161
-169
-174
-178
-182
-184
-186
-185
-188
-189
-188
-196
-202
-198
-200
-207
-210
-206
-206
-199
-195
-193
-188
-186
-181
-166
-159
-155
-151
-148
-132
-122
-112
-99
-85
-72
-64
-59
-50
-39
-22
-15
-2
8
14
27
36
49
66
79
93
106
118
140
152
171
185
190
206
212
220
230
231
242
253
255
251
258
257
256
251
251
248
234
226
213
195
176
157
142
127
103
87
63
51
35
10
-2
-18
-29
-54
-64
-72
-90
-99
-108
-118
-131
-142
-149
-164
-177
-185
-187
-190
-197
-201
-200
-204
-201
-196
-189
-186
-185
-181
-180
-171
-171
-163
-152
-142
-131
-121
-113
-110
-102
-97
-98
-91
-83
-73
-63
-54
-50
-36
-20
-10
0
11
21
36
42
45
61
70
81
90
94
100
106
115
121
123
132
134
133
134
143
148
150
156
162
160
163
161
161
158
152
153
149
144
140
134
129
123
110
105
96
92
86
78
76
72
59
52
43
31
31
26
21
7
-1
-8
-16
-22
-35
-36
-52
-65
-69
-81
-92
-102
-116
-126
-132
-139
-147
-152
-160
-175
-184
-187
-190
-194
-196
-194
-186
-178
-171
-169
-166
-156
-150
-136
-126
-117
-108
-97
-92
-84
-71
-68
-65
-54
-40
-31
-14
-12
-7
13
20
16
19
21
20
28
30
37
45
60
67
77
88
90
107
119
125
129
131
135
144
150
157
159
160
161
161
155
150
149
152
147
132
125
123
106
102
101
101
92
83
81
79
79
77
73
67
60
54
52
50
34
19
11
2
-12
-22
-30
-42
-55
-66
-82
-98
-116
-126
-132
-143
-148
-153
-167
-183
-188
-191
-187
-183
-184
-185
-189
-188
-180
-174
-166
-156
-148
-141
-136
-127
-118
-103
-84
-69
-53
-36
-21
-11
6
19
34
42
51
62
69
76
85
98
106
110
113
120
121
127
130
131
135
128
123
120
123
125
126
135
127
131
130
125
128
122
122
116
113
121
113
110
104
93
84
76
69
54
47
33
31
29
23
15
6
1
-3
-17
-23
-21
-26
-28
-39
-48
-51
-57
-61
-71
-71
-76
-86
-85
-94
-102
-105
-116
-126
-137
-148
-158
-168
-180
-181
-183
-185
-181
-183
-180
-180
-179
-177
-172
-156
-143
-131
-119
-109
-97
-88
-69
-56
-44
-32
-15
-5
6
15
25
31
29
36
50
61
63
68
80
84
88
92
96
103
110
118
124
128
133
137
143
141
143
144
141
137
143
141
136
135
137
132
132
135
136
134
132
133
124
117
114
111
107
105
97
90
77
68
61
47
31
20
20
11
-4
-20
-32
-40
-49
-54
-59
-62
-71
-73
-77
-96
-103
-108
-121
-126
-134
-142
-141
-146
-153
-159
-162
-169
-172
-172
-168
-165
-161
-157
-155
-154
-152
-143
-145
-139
-127
-113
-102
-79
-65
-54
-38
-22
-9
-1
17
20
32
41
50
52
56
62
60
71
75
75
81
84
82
77
70
71
66
65
67
65
72
76
71
73
77
81
86
84
76
76
88
86
87
88
90
92
95
96
104
105
104
108
101
101
99
90
82
74
62
56
47
35
25
14
3
-9
-26
-37
-46
-52
-61
-68
-76
-84
-87
-94
-96
-101
-111
-116
-118
-118
-112
-115
-122
-121
-126
-127
-116
-115
-111
-104
-102
-98
-86
-83
-78
-66
-68
-58
-54
-47
-45
-54
-43
-37
-37
-26
-15
-12
2
9
15
22
26
33
41
47
48
51
50
49
47
48
52
53
56
57
60
62
59
68
57
53
51
53
56
60
67
69
74
79
81
85
95
89
89
93
97
101
99
95
90
87
84
81
74
74
71
61
55
43
43
33
23
21
16
9
2
-6
-7
-12
-20
-23
-36
-39
-53
-63
-71
-82
-88
-96
-96
-98
-104
-106
-110
-111
-107
-107
-105
-98
-101
-100
-88
-87
-83
-74
-64
-64
-58
-52
-51
-43
-40
-42
-37
-38
-37
-30
-26
-24
-24
-21
-17
-13
-1
1
10
9
6
9
10
9
15
20
18
20
21
20
21
22
20
18
21
20
22
24
33
37
38
35
37
43
43
51
61
65
66
70
72
81
81
84
79
84
82
82
76
66
66
57
48
48
39
35
37
32
30
24
16
9
9
3
-6
-20
-35
-38
-49
-57
-56
-55
-57
-62
-66
-66
-60
-50
-45
-46
-47
-48
-50
-45
-51
-50
-57
-63
-61
-61
-63
-58
-55
-54
-51
-49
-43
-42
-43
-36
-28
-24
-12
-14
-6
3
0
6
4
10
7
6
15
19
22
25
26
35
34
38
44
47
44
43
40
38
42
42
48
52
49
45
40
39
35
31
27
23
30
33
32
31
33
36
36
32
35
36
39
40
40
44
38
39
38
31
33
26
23
18
6
3
-1
-4
-6
-18
-24
-23
-31
-31
-35
-41
-50
-55
-63
-67
-70
-74
-74
-74
-73
-75
-72
-74
-69
-65
-69
-66
-58
-53
-46
-46
-45
-45
-45
-42
-37
-36
-36
-29
-31
-28
-26
-23
-17
-13
-7
-5
-1
8
20
29
34
40
44
47
53
58
60
61
65
65
66
65
65
65
66
68
66
71
71
68
68
59
54
53
50
47
44
40
38
36
36
35
30
23
17
9
0
-7
-14
-22
-27
-24
-32
-36
-33
-34
-35
-35
-40
-42
-49
-50
-50
-59
-56
-57
-52
-47
-49
-44
-42
-41
-41
-36
-30
-31
-25
-26
-25
-21
-18
-11
-8
-3
4
5
10
12
8
7
9
9
14
16
12
9
2
2
-1
-1
3
6
6
6
6
5
7
6
3
10
15
13
18
20
19
20
24
31
34
38
40
43
45
43
42
45
46
43
38
32
33
32
34
35
35
34
32
23
23
17
13
12
5
4
-5
-2
-6
-10
-17
-23
-27
-29
-28
-27
-30
-30
-34
-36
-34
-37
-41
-42
-36
-42
-39
-40
-44
-50
-54
-51
-47
-45
-42
-38
-30
-34
-30
-27
-23
-14
-13
-13
-13
-13
-17
-17
-19
-20
-24
-25
-19
-16
-12
-16
-10
-7
-13
-12
-18
-17
-9
-7
-8
-7
-4
-7
-6
-5
2
2
4
3
4
10
11
14
21
24
34
36
43
51
49
50
51
48
49
49
51
51
49
56
55
55
60
67
67
65
56
56
54
47
41
40
38
32
23
17
21
21
24
28
24
26
25
25
24
10
12
6
3
-1
-6
-8
-12
-11
-20
-27
-29
-36
-43
-44
-55
-60
-64
-64
-65
-65
-70
-70
-68
-77
-78
-81
-73
-73
-74
-73
-76
-74
-72
-66
-65
-68
-63
-62
-58
-56
-51
-51
-45
-41
-40
-31
-25
-8
4
13
20
26
39
46
53
56
53
58
58
56
58
61
59
65
71
66
66
67
70
71
70
73
72
68
70
72
67
68
64
60
55
51
50
46
46
48
47
46
40
37
36
35
31
31
28
16
13
2
-6
-17
-19
-22
-28
-34
-37
-39
-38
-40
-48
-50
-50
-50
-55
-60
-59
-67
-68
-73
-76
-82
-85
-89
-89
-89
-98
-96
-94
-98
-96
-81
-74
-65
-61
-53
-48
-38
-30
-27
-22
-22
-24
-18
-7
-1
16
22
28
31
40
45
51
56
60
66
65
63
69
70
70
70
67
68
67
70
65
61
61
56
58
56
54
55
52
51
43
39
36
35
26
21
21
21
15
11
12
5
3
-3
-2
-3
-5
-7
-8
-3
-3
-1
1
-7
-4
-2
-5
-4
-4
-1
-4
-2
5
0
-4
-3
-10
-12
-11
-20
-24
-28
-27
-30
-37
-41
-48
-49
-51
-60
-64
-66
-73
-74
-82
-79
-82
-77
-77
-81
-74
-71
-65
-60
-60
-51
-38
-36
-30
-23
-19
-10
-5
4
10
11
22
25
33
35
37
43
43
39
44
45
42
40
37
38
38
42
47
52
52
59
60
62
64
68
70
66
65
58
54
46
39
31
25
21
19
18
18
15
15
18
19
14
9
12
17
18
16
17
13
15
9
6
-5
-3
-5
-3
-6
-9
-8
-11
-7
-16
-18
-18
-27
-26
-27
-28
-32
-36
-44
-54
-63
-67
-71
-72
-77
-80
-78
-79
-74
-73
-77
-71
-62
-62
-57
-54
-48
-46
-47
-41
-39
-34
-22
-17
-5
-3
-1
6
8
18
21
20
24
32
40
36
30
30
30
30
34
36
39
48
47
50
56
55
49
54
55
58
61
62
62
61
58
58
53
57
58
55
55
52
51
46
46
39
34
32
31
29
29
27
22
24
20
17
12
5
2
-5
-10
-12
-14
-18
-18
-14
-13
-14
-13
-16
-18
-18
-20
-24
-22
-30
-38
-38
-41
-49
-48
-51
-54
-57
-51
-48
-52
-50
-51
-52
-57
-57
-58
-55
-48
-47
-45
-41
-41
-38
-38
-33
-29
-25
-19
-23
-25
-21
-13
-13
-13
-12
-10
-5
-2
1
3
6
4
2
-1
-3
2
8
11
14
12
11
14
14
16
17
22
25
25
21
26
26
27
29
28
35
34
36
34
36
36
35
35
32
27
24
24
22
24
28
25
31
31
25
24
21
18
12
15
11
12
7
3
5
-2
-4
-10
-10
-6
-2
-1
-5
-1
-4
-4
-7
-11
-13
-14
-9
-12
-16
-15
-10
-11
-11
-11
-10
-5
1
1
-5
2
2
-3
0
3
3
8
6
9
13
13
18
21
18
20
15
17
14
16
15
10
7
2
0
-3
-4
-6
-9
-12
-12
-24
-23
-22
-29
-30
-31
-35
-36
-39
-37
-36
-39
-36
-36
-38
-38
-38
-43
-39
-34
-27
-22
-17
-10
-1
2
3
1
5
11
13
14
23
31
29
34
36
35
42
46
51
58
54
53
51
48
44
41
38
35
29
22
19
16
12
5
1
-3
-10
-16
-23
-27
-22
-26
-27
-24
-30
-29
-30
-37
-39
-38
-37
-38
-36
-30
-29
-24
-26
-24
-24
-25
-29
-31
-33
-36
-34
-30
-29
-24
-23
-22
-20
-21
-21
-17
-9
-9
-2
-5
-8
-9
-8
-10
-9
-5
-9
-12
-12
-16
-12
-12
0
2
1
-3
-3
4
4
10
14
19
16
23
30
32
39
38
38
38
44
51
57
58
60
59
61
60
58
61
61
68
71
70
67
64
68
68
70
70
69
62
58
55
52
44
43
38
27
24
19
14
6
1
-2
-6
-19
-18
-21
-29
-33
-38
-41
-49
-54
-55
-59
-58
-61
-62
-61
-58
-53
-56
-52
-53
-51
-46
-40
-38
-30
-32
-32
-28
-29
-30
-30
-27
-26
-22
-27
-27
-29
-27
-24
-27
-28
-34
-33
-32
-33
-36
-37
-31
-29
-33
-35
-28
-28
-31
-28
-32
-31
-27
-20
-20
-20
-19
-14
-12
-9
-4
-2
1
10
9
11
18
21
24
28
34
34
39
44
46
49
57
55
58
63
61
61
66
76
74
76
78
76
66
61
55
47
34
27
17
15
7
1
-1
-7
-11
-17
-26
-35
-35
-40
-41
-44
-42
-42
-46
-43
-41
-38
-34
-33
-30
-30
-30
-23
-20
-19
-20
-20
-16
-15
-12
-7
-6
-3
-5
-3
-3
-5
1
5
2
3
7
17
19
18
18
19
15
12
10
16
13
16
13
7
7
4
8
4
6
9
14
16
21
21
20
23
24
24
20
23
21
23
31
29
25
26
25
26
25
27
30
29
25
22
18
15
15
10
10
9
10
6
3
4
-3
-6
-10
-11
-15
-15
-12
-20
-21
-24
-32
-39
-46
-46
-52
-58
-60
-66
-65
-66
-64
-62
-60
-55
-52
-47
-45
-46
-38
-33
-32
-28
-28
-29
-26
-26
-26
-23
-23
-17
-14
-13
-14
-12
-4
-9
-4
0
-2
-1
1
6
15
17
17
21
26
29
29
28
34
39
40
46
47
52
56
49
50
47
41
39
40
44
44
45
42
41
40
40
38
39
35
28
23
23
21
18
13
9
7
2
1
2
3
-3
3
2
5
1
-3
-2
-3
-2
-7
-8
-11
-11
-12
-9
-14
-14
-17
-22
-22
-23
-27
-35
-31
-28
-27
-30
-23
-22
-29
-29
-30
-31
-31
-28
-23
-19
-14
-4
2
5
14
17
14
14
13
13
15
13
10
9
4
1
0
-3
-4
-6
-3
-3
-2
-4
2
3
1
2
4
4
5
7
5
10
12
10
8
6
2
1
2
8
5
6
5
5
2
-1
3
4
4
3
-2
0
-1
-4
-4
-2
-3
-3
-7
-9
-11
-15
-16
-18
-21
-21
-21
-27
-26
-23
-22
-22
-17
-20
-18
-19
-12
-10
-7
-4
-4
-2
-3
-3
-4
-2
1
2
-3
1
4
6
6
11
8
9
13
7
10
8
8
6
4
5
6
5
7
8
11
13
10
12
8
7
4
4
-1
0
0
-4
-5
-6
-7
-9
-6
-7
-5
1
-1
0
0
-2
2
10
13
16
15
20
21
21
24
24
25
21
21
16
15
16
19
16
18
20
18
18
19
17
12
15
10
6
4
2
0
-1
-3
-4
-2
3
2
0
1
3
2
-2
-2
-5
-6
-2
-2
-5
-9
-12
-19
-21
-26
-26
-27
-26
-26
-26
-27
-30
-28
-25
-28
-23
-20
-17
-15
-13
-13
-11
-10
-13
-16
-18
-13
-17
-10
-5
-1
-2
3
10
11
13
11
10
9
10
4
8
8
8
7
8
7
8
5
0
4
0
1
4
5
9
10
14
13
13
12
9
13
10
9
7
4
1
-3
-2
-4
-6
-7
-5
-4
-2
1
-2
0
1
3
4
1
1
-1
1
1
2
5
6
9
11
11
16
17
20
19
20
19
17
19
17
19
15
10
9
9
11
8
5
4
0
0
-5
-9
-13
-13
-16
-17
-18
-22
-24
-23
-22
-22
-24
-27
-22
-21
-24
-25
-24
-22
-26
-26
-27
-23
-20
-16
-9
-16
-12
-10
-13
-10
-10
-9
-8
-7
-8
-9
-8
-3
-4
-5
-6
-8
-7
-4
-2
2
5
5
5
9
12
16
20
23
24
29
29
26
26
29
28
26
26
26
27
29
32
32
31
32
32
31
29
25
26
28
28
27
28
30
23
23
20
17
15
10
7
5
4
0
-3
-8
-12
-14
-19
-19
-20
-21
-23
-25
-25
-25
-28
-30
-31
-34
-37
-40
-37
-37
-36
-33
-34
-31
-31
-30
-27
-26
-23
-25
-22
-22
-20
-19
-15
-12
-11
-9
-5
-1
2
4
6
10
10
9
8
10
13
15
13
10
12
13
16
14
12
10
13
10
11
15
15
22
21
19
20
20
27
24
21
20
21
21
20
19
17
13
10
9
8
11
10
8
3
1
-1
-4
-5
-5
-5
-9
-12
-17
-17
-16
-18
-20
-20
-20
-19
-21
-20
-20
-21
-20
-20
-19
-20
-22
-22
-23
-25
-27
-26
-27
-26
-25
-28
-24
-22
-19
-16
-12
-7
-5
1
4
4
11
14
13
16
21
22
22
25
26
29
27
28
29
27
25
23
21
17
15
17
14
14
12
10
10
9
9
10
8
8
7
6
8
10
10
10
12
11
11
9
9
11
10
11
11
12
10
9
11
8
6
6
6
5
6
7
8
6
4
3
3
3
1
1
-2
-4
-5
-9
-8
-8
-8
-7
-10
-13
-14
-14
-15
-15
-15
-16
-17
-19
-21
-20
-19
-19
-20
-20
-20
-19
-20
-22
-22
-22
-20
-20
-21
-18
-19
-17
-14
-13
-10
-8
-4
-7
-8
-6
-4
-1
-2
-1
0
-2
0
2
1
3
-1
-3
-6
-7
-9
-11
-8
-8
-8
-4
-2
0
4
5
10
10
16
19
20
21
25
24
23
22
23
24
26
27
28
28
28
25
25
22
23
24
23
25
22
21
22
17
17
16
15
13
12
11
9
7
5
1
0
-2
-8
-9
-10
-11
-13
-17
-16
-17
-20
-19
-20
-23
-23
-26
-26
-26
-27
-28
-28
-28
-31
-27
-26
-25
-24
-23
-22
-23
-24
-18
-18
-15
-13
-11
-8
-5
-6
-5
-4
-6
-3
-1
-1
1
4
8
10
14
16
18
18
18
17
18
16
16
15
14
16
17
16
15
18
17
16
18
18
17
17
15
18
20
19
21
20
19
19
17
16
15
13
14
12
10
12
10
9
7
6
3
-1
-3
-6
-3
-6
-9
-10
-11
-13
-12
-13
-14
-12
-13
-16
-16
-15
-16
-18
-17
-20
-21
-22
-23
-28
-28
-29
-32
-30
-30
-25
-27
-25
-23
-22
-20
-16
-16
-12
-10
-9
-7
-7
-2
-3
-1
-1
-1
2
1
6
6
9
11
12
13
15
14
18
17
20
21
22
22
23
26
25
27
25
27
29
26
28
26
25
26
24
23
18
17
14
13
12
9
7
6
5
5
5
3
1
1
1
0
0
-1
-2
-3
-4
-4
-6
-5
-5
-7
-7
-10
-10
-14
-16
-16
-20
-19
-22
-21
-22
-21
-17
-16
-15
-15
-13
-14
-11
-11
-12
-11
-12
-12
-9
-11
-10
-11
-13
-12
-10
-13
-13
-12
-9
-5
-6
-7
-7
-7
-8
-7
-6
-4
-3
-3
-1
0
0
3
3
4
4
5
8
9
10
10
11
11
12
13
13
12
13
13
15
17
15
15
16
14
16
15
15
16
17
18
19
19
18
18
17
16
15
15
12
13
13
12
11
9
9
7
7
6
7
7
6
8
5
1
2
1
-2
-5
-7
-8
-9
-11
-12
-12
-13
-15
-17
-14
-14
-12
-12
-14
-16
-18
-21
-24
-26
-30
-29
-29
-29
-29
-31
-31
-30
-27
-28
-26
-21
-19
-18
-14
-12
-11
-12
-10
-10
-8
-5
-5
-4
-2
0
-1
1
3
5
9
12
13
16
18
21
18
19
19
18
21
21
21
21
20
19
20
20
19
19
23
23
27
26
26
26
27
27
25
21
18
15
13
11
10
9
6
7
4
3
3
1
1
-1
-3
-7
-8
-8
-8
-10
-9
-8
-10
-9
-9
-9
-8
-7
-7
-7
-6
-6
-5
-7
-7
-7
-6
-5
-8
-8
-9
-11
-13
-13
-13
-16
-15
-13
-14
-13
-13
-13
-12
-12
-12
-11
-9
-10
-7
-6
-8
-6
-6
-4
-5
-4
-6
-3
-3
-1
-1
1
4
4
8
6
7
8
6
6
6
8
8
8
9
9
10
11
10
9
8
9
9
9
9
9
10
11
10
12
12
11
12
9
9
9
8
7
6
3
2
3
2
3
0
-3
-4
-5
-6
-6
-7
-7
-9
-11
-13
-14
-14
-16
-15
-14
-14
-13
-13
-14
-12
-12
-11
-12
-11
-13
-12
-10
-9
-10
-10
-8
-10
-10
-8
-9
-7
-7
-7
-5
-3
-4
-1
2
1
2
2
2
4
5
5
6
6
8
8
10
11
12
12
13
14
12
10
12
10
11
10
9
9
10
12
12
12
14
16
15
13
15
13
12
13
12
13
11
9
9
7
8
6
7
6
6
5
4
2
3
2
1
1
2
1
-1
3
1
0
1
-2
-3
-4
-5
-6
-6
-5
-7
-7
-6
-9
-9
-10
-9
-9
-9
-10
-11
-11
-13
-13
-13
-14
-15
-16
-16
-16
-17
-19
-19
-18
-19
-18
-15
-15
-15
-13
-9
-10
-7
-7
-5
-4
-4
-4
-4
-4
-2
-2
-1
1
0
1
3
2
4
3
5
5
5
6
5
7
8
10
8
9
7
8
10
11
14
14
17
19
19
22
21
21
19
19
18
17
19
17
16
15
12
10
8
6
2
0
-2
-3
-5
-5
-5
-7
-5
-8
-10
-10
-11
-13
-11
-13
-13
-14
-11
-9
-8
-7
-8
-6
-8
-8
-6
-6
-7
-8
-7
-8
-8
-9
-9
-11
-10
-11
-9
-10
-8
-6
-5
-2
-1
2
2
2
4
4
5
7
9
7
8
10
10
9
7
6
7
9
8
9
11
11
13
11
12
10
12
10
11
10
9
8
8
7
4
3
3
3
3
2
2
1
1
2
0
1
1
2
-1
-3
-3
-6
-5
-7
-4
-5
-6
-6
-7
-7
-10
-10
-11
-11
-9
-8
-7
-9
-9
-7
-7
-9
-9
-7
-7
-7
-8
-8
-6
-6
-8
-7
-7
-4
-3
-3
1
2
1
4
2
3
2
0
0
-1
-1
-2
-5
-5
-6
-5
-7
-6
-8
-10
-9
-8
-7
-7
-4
-4
-3
-5
-2
-1
-1
1
1
3
1
1
5
6
7
7
8
10
10
12
11
11
11
11
12
11
11
10
12
13
12
11
13
13
13
12
10
13
11
10
9
10
8
6
6
5
3
3
3
1
1
1
0
-1
-2
-2
-4
-3
-4
-4
-3
-3
-3
-3
0
-1
-1
-1
-3
-2
-3
-4
-3
-2
-2
-3
-4
-4
-4
-4
-6
-5
-4
-3
-2
-4
-4
-4
-3
-4
-3
-4
-4
-6
-6
-6
-6
-7
-5
-4
-5
-6
-5
-5
-4
-1
-2
-2
-1
-3
-3
-3
-5
-2
-3
-3
0
1
2
3
4
4
1
2
1
2
2
2
0
0
0
0
-1
-2
-2
-2
-1
-1
-3
-2
-1
0
1
-1
-2
-4
-2
-1
-1
0
0
0
-1
0
-2
-1
-3
-3
-3
-4
-5
-5
-4
-5
-4
-4
-4
-3
-2
-1
-1
-1
0
-1
-1
-1
0
1
0
2
1
1
1
1
1
1
-1
-1
-2
-3
-1
0
0
0
3
2
3
3
4
4
6
7
8
9
10
12
10
11
11
10
9
10
11
12
11
8
7
6
3
4
5
6
7
5
4
4
4
1
2
0
1
-1
-1
0
-2
-1
-1
-4
-4
-5
-6
-5
-4
-5
-7
-6
-5
-6
-5
-5
-6
-4
-4
-5
-4
-3
-3
-3
-1
-1
1
1
1
3
4
2
2
0
2
0
-1
0
0
-1
-3
-3
-2
-2
-2
-2
-3
-2
-2
0
1
1
2
2
2
0
1
0
-1
0
0
-1
-2
0
-3
-1
-1
-2
-1
-2
1
1
3
3
4
3
2
2
1
2
0
1
0
0
2
0
0
-1
-3
-3
-3
-2
-3
-4
-3
-4
-3
-4
-7
-9
-8
-7
-5
-7
-7
-6
-4
-3
-4
-3
-4
-6
-6
-8
-7
-6
-6
-6
-5
-7
-5
-4
-4
-3
-4
0
1
1
2
3
4
5
3
4
4
6
4
8
7
5
4
4
4
3
2
5
4
4
6
4
4
5
4
4
4
1
1
2
4
3
3
4
3
3
2
2
3
5
5
8
5
4
3
5
5
5
4
4
6
4
5
5
5
6
6
6
5
5
5
5
7
5
4
6
6
4
2
2
1
0
-2
-2
-3
-4
-3
-5
-5
-5
-5
-3
-3
-2
-2
-1
-3
-2
-2
-3
-3
-2
-1
-2
-3
-2
-3
-3
-4
-5
-5
-7
-5
-5
-6
-5
-6
-7
-7
-8
-7
-7
-6
-4
-5
-6
-4
-6
-7
-6
-7
-8
-6
-7
-5
-4
-2
-3
-4
-4
-5
-5
-6
-6
-6
-5
-4
-5
-6
-6
-5
-5
-4
-3
-4
-2
-2
-2
-1
2
4
6
7
7
8
7
8
9
10
10
10
11
12
11
11
12
11
12
10
11
11
10
10
10
9
9
9
10
9
8
9
8
8
7
5
4
3
3
1
2
1
2
-1
-1
-3
-3
-3
-3
-2
-2
-3
-2
-3
-4
-4
-6
-8
-9
-10
-10
-11
-12
-12
-12
-13
-13
-13
-13
-12
-11
-10
-9
-8
-8
-6
-5
-6
-4
-4
-2
-2
-1
2
2
1
4
4
5
6
6
7
7
9
7
7
7
6
7
8
8
7
5
6
7
5
6
6
4
4
5
3
3
5
5
4
4
2
2
2
1
0
-1
-2
-2
-3
-3
-4
-3
-4
-4
-5
-5
-5
-4
-5
-4
-4
-2
-1
-2
-1
0
1
0
0
0
-2
-1
0
-1
0
-1
0
2
2
2
3
2
3
1
0
-1
-1
0
0
-1
-2
-4
-3
-4
-4
-5
-4
-3
-4
-3
-2
-1
-2
-2
-3
-1
-2
-1
0
0
1
-1
-1
0
0
-1
-1
-2
-3
-3
-3
-4
-5
-5
-4
-3
-2
-2
-2
-1
-1
0
0
1
3
4
4
4
4
5
5
5
5
6
7
7
6
6
6
4
5
5
5
6
6
6
7
6
5
3
2
1
2
2
0
1
2
3
2
1
-1
0
0
0
1
2
0
1
-1
-3
-4
-4
-6
-7
-6
-8
-5
-6
-8
-9
-8
-7
-9
-8
-8
-7
-8
-6
-6
-5
-6
-6
-6
-4
-4
-2
-2
-1
-1
-1
-1
1
0
2
3
2
3
3
6
6
6
6
6
7
8
8
9
8
9
8
9
9
10
9
9
9
9
8
9
8
6
6
6
6
5
4
3
2
0
0
-1
-2
-1
-2
-2
-2
-4
-5
-4
-3
-4
-5
-5
-6
-6
-8
-9
-8
-8
-7
-8
-8
-9
-9
-8
-9
-8
-9
-9
-9
-10
-10
-10
-10
-10
-10
-9
-8
-8
-8
-7
-5
-5
-4
-3
-2
-1
0
2
4
3
5
7
7
10
9
9
9
9
10
9
9
8
8
9
8
9
10
9
8
7
9
8
7
8
8
7
8
7
6
6
6
6
5
4
2
1
0
1
-1
1
-1
-2
-2
-2
-3
-3
-4
-6
-6
-7
-7
-8
-7
-6
-7
-8
-7
-6
-8
-7
-7
-7
-6
-5
-4
-3
-5
-4
-3
-2
-4
-2
-3
-2
-1
0
-1
0
0
-1
0
1
1
2
4
4
4
6
4
5
6
7
7
8
7
8
8
8
8
7
6
7
5
4
7
5
5
4
4
3
2
1
0
0
-1
-1
-1
-1
-2
-3
-3
-4
-4
-4
-4
-5
-5
-5
-4
-4
-5
-6
-5
-6
-8
-7
-8
-9
-7
-9
-9
-8
-8
-9
-8
-7
-7
-7
-6
-6
-8
-5
-6
-6
-5
-6
-5
-5
-3
-5
-1
-2
-1
0
1
1
1
2
2
3
3
4
4
6
6
5
6
7
5
7
7
8
7
8
10
10
11
11
10
11
11
10
10
9
10
8
7
8
7
6
5
6
4
3
2
2
2
0
-2
0
0
-1
-1
-2
-1
0
-2
-2
-1
-1
-1
-1
-1
0
-2
-1
-2
-3
-1
-3
-2
-2
-3
-4
-5
-5
-5
-6
-7
-7
-7
-6
-6
-5
-4
-4
-4
-5
-4
-3
-2
-2
-2
0
0
1
2
2
2
2
1
1
1
2
1
2
3
2
3
2
1
1
-1
-1
-3
-3
-3
-2
-2
0
2
2
2
1
0
0
-1
-1
0
-1
-1
-1
-2
0
-2
-4
-2
-4
-3
-2
-2
-1
-1
-1
-2
-2
-1
-1
0
1
2
1
1
2
2
4
2
2
3
1
2
1
0
0
0
0
-2
0
-1
0
1
0
0
-2
-2
-1
-2
-2
-1
-1
-1
-2
-2
-2
-2
-1
-1
1
-2
0
1
0
0
-1
0
0
1
0
0
-1
0
0
0
0
0
1
1
1
1
-1
0
1
1
1
0
2
1
2
2
1
1
-1
0
1
1
1
1
1
3
2
2
2
3
3
3
2
2
2
3
3
3
3
3
3
2
2
1
1
0
-1
-1
1
0
1
1
2
1
1
1
1
1
1
0
0
-1
-1
-2
0
-1
-1
-1
-2
-1
-1
-3
-3
-2
-4
-4
-4
-5
-5
-3
-3
-4
-2
-3
-2
-2
-1
-1
-1
-2
0
-1
-1
0
0
2
3
3
4
4
3
4
