-4
-6
-7
-6
-4
-4
-5
-3
0
2
2
1
3
3
3
3
4
7
6
6
5
4
2
4
2
0
2
0
-1
-3
0
-2
-1
-2
-2
-2
0
1
3
4
4
5
5
6
6
6
5
6
4
3
3
0
-3
-5
-6
-9
-7
-8
-8
-6
-7
-7
-5
-4
-3
-4
-2
-2
-2
0
2
1
1
0
1
2
2
3
1
2
0
1
2
3
2
2
1
2
3
1
2
3
4
6
5
6
6
5
3
3
3
3
4
3
3
3
2
0
0
1
0
1
-1
0
-1
-1
0
-2
0
-3
-4
-5
-5
-6
-4
-3
-5
-3
-4
-4
-5
-6
-4
-5
-2
-2
-2
-2
-4
-4
-5
-6
-6
-9
-9
-7
-5
-7
-5
-2
-2
-1
1
1
1
2
3
2
2
4
5
6
4
4
3
2
3
2
3
3
5
5
5
6
7
7
6
5
4
3
4
4
5
5
3
3
2
0
1
0
1
2
1
2
3
3
3
3
3
3
3
3
1
1
2
0
0
-1
1
-2
-1
-1
-3
-1
-2
-1
-2
-2
-3
-4
-4
-3
-5
-4
-4
-3
-2
-2
-3
-6
-6
-6
-7
-8
-6
-6
-6
-6
-6
-4
-3
-4
-3
-2
-3
-2
-3
-1
-1
2
2
4
4
1
3
1
0
0
-2
-1
1
2
2
1
0
0
0
0
1
2
4
4
4
3
4
4
4
2
4
4
6
6
6
5
6
4
3
3
0
0
-1
-1
2
1
1
-1
-3
-3
-5
-4
-2
-2
-1
-3
-1
0
-2
-2
-1
-1
-1
0
0
0
0
1
2
1
-1
1
-2
-3
-2
-2
-2
-1
-3
-3
-2
-4
-1
-2
-1
-1
1
1
1
2
2
3
4
3
2
1
1
1
1
3
3
4
2
4
3
3
2
0
1
0
-1
-1
-1
0
-2
-2
0
0
0
-1
-2
-3
-3
-4
-3
-2
-1
-1
0
0
0
-1
-1
-2
-1
-1
-1
-2
-2
-1
-1
-3
-3
-2
-3
-3
-4
-3
-3
-3
-2
-1
-1
0
2
2
4
4
3
2
2
1
1
2
0
0
0
2
3
3
1
3
2
1
4
2
2
2
2
2
1
1
2
3
2
3
3
5
4
5
3
5
3
2
3
4
2
3
3
0
0
-1
-1
-1
0
-1
-1
-1
0
-3
-1
-2
-3
-1
-1
-1
-1
-1
0
0
-2
-3
-2
-1
-1
-1
0
-1
-2
-4
-2
-3
-3
-2
-3
-3
-3
0
0
0
-1
-2
0
0
-1
-2
-1
-1
-2
-3
-1
-1
-1
-2
-2
-2
-2
-1
1
2
0
1
0
0
0
1
0
-1
0
-3
-1
0
-3
-1
-1
-4
-4
-4
-3
-4
-1
-1
-1
3
0
0
2
2
3
4
2
1
0
1
0
0
-1
-3
-1
0
-4
-1
-1
0
1
1
2
4
6
4
4
3
3
1
1
1
-1
-2
-1
0
0
-2
0
2
0
1
2
2
2
4
3
5
5
5
7
6
6
6
5
6
6
4
4
2
0
0
0
0
-2
-1
2
2
1
1
0
1
0
2
2
1
0
-2
-2
-4
-2
-3
-4
-5
-3
-3
-2
-3
-4
-3
-5
-4
-5
-4
-5
-2
-2
-4
-3
-4
-4
-7
-6
-7
-5
-3
-3
-2
-3
-3
-3
-3
-1
0
1
3
3
3
4
3
2
1
1
1
2
2
2
1
1
-1
-2
-1
-2
0
-2
-1
0
3
4
5
4
5
4
3
3
2
1
0
1
2
3
2
1
-1
-4
-2
-1
-3
-1
-1
-2
0
0
-1
-1
-3
-2
-1
1
2
2
1
-1
1
-1
1
1
0
1
-1
-1
0
-1
0
0
-1
-2
-2
-4
-4
-2
-2
-4
-2
1
0
0
1
2
1
1
0
0
0
1
2
0
0
0
-1
-2
-2
-2
-1
-2
1
0
-1
0
1
3
3
5
4
5
5
4
5
6
4
5
2
2
2
2
3
1
2
0
-1
-1
0
-2
0
1
1
2
3
4
5
6
5
4
4
4
3
3
1
3
0
0
0
0
-1
-1
-4
-1
-3
-2
1
1
2
1
0
0
-1
-2
0
-1
0
-2
-2
-4
-2
-4
-1
-2
-2
-2
-2
-2
-3
-3
-2
-1
-2
-1
-5
-4
-4
-3
-2
-2
-3
-4
-6
-5
-4
-3
-3
-2
-1
-1
-1
0
-2
-1
-2
-1
-3
-2
-2
-4
-4
-4
-4
-4
-6
-6
-6
-5
-5
-4
-4
-2
-1
-1
-2
-2
-1
-2
-1
-1
0
1
0
1
-1
-1
-2
-2
-1
-2
0
2
1
3
5
4
3
4
4
3
4
3
5
3
3
3
2
1
1
2
3
2
3
4
6
5
6
8
6
8
9
8
6
6
8
6
7
7
6
4
4
4
2
2
3
4
6
5
4
8
5
3
6
5
4
4
3
2
1
-1
0
-2
-1
0
0
-1
-3
-4
-4
-4
-5
-4
-4
-4
-4
-3
-4
-5
-6
-5
-6
-4
-5
-8
-7
-8
-7
-5
-6
-8
-9
-9
-8
-7
-7
-4
-5
-2
-2
-2
0
-1
-1
-2
-2
-4
-4
-4
-4
-4
-5
-4
-5
-3
-3
-4
-3
0
1
3
3
5
2
3
2
1
2
2
1
2
3
0
3
0
0
-1
-2
0
0
0
1
2
2
3
3
2
3
2
1
1
1
2
2
1
1
2
1
0
1
0
2
1
4
4
4
4
3
3
5
4
5
5
5
6
5
6
4
4
5
3
2
3
4
4
4
6
6
5
7
4
6
4
1
5
3
2
0
-1
0
-4
-4
-4
-4
-3
-3
-4
-4
-5
-7
-6
-6
-5
-5
-5
-5
-3
-3
-2
-3
-2
-1
-2
-2
-3
-1
-3
-1
-2
-3
-3
-4
-2
-3
-1
-1
-1
0
0
0
-1
1
0
1
1
0
0
0
0
-1
-1
-2
-3
-3
-1
-2
-3
-1
0
-1
-2
1
0
-1
-3
-1
0
-2
-1
0
-2
-2
-3
-1
0
-2
-3
-3
-5
-3
-4
-3
-2
-2
-2
-3
-2
-3
-4
-2
-1
-1
0
-2
0
0
1
3
4
4
3
5
3
4
3
4
4
4
3
3
2
2
0
1
2
3
2
1
5
4
5
6
5
6
6
7
8
8
10
9
9
8
7
6
5
3
1
1
2
-1
-1
-2
-2
-3
-3
-3
-3
-3
-2
-2
-2
-1
-1
1
-1
-1
-3
-4
-4
-3
-5
-5
-6
-6
-6
-7
-6
-5
-6
-3
-2
-2
0
1
0
-1
-1
0
-1
-3
-4
-4
-4
-4
-3
-2
-3
-3
-2
0
0
2
2
1
5
5
4
6
6
7
6
8
7
7
4
5
5
4
2
5
6
2
5
3
5
4
2
2
2
0
1
0
-2
-2
-4
-4
-4
-7
-6
-7
-7
-8
-8
-8
-9
-9
-7
-9
-8
-8
-8
-9
-8
-7
-8
-9
-8
-8
-7
-8
-7
-9
-11
-7
-6
-3
-3
-3
-1
-1
0
4
5
8
8
8
9
8
10
12
12
12
13
13
13
13
13
14
13
13
14
14
13
14
11
11
12
13
13
11
11
11
10
9
8
7
4
4
3
2
1
-1
-3
-8
-8
-8
-10
-11
-14
-14
-17
-17
-17
-17
-17
-17
-17
-20
-19
-20
-21
-22
-20
-18
-17
-18
-17
-16
-17
-15
-17
-14
-16
-15
-13
-13
-13
-9
-8
-7
-3
1
1
4
6
9
11
11
14
16
15
16
17
18
18
19
20
19
18
17
17
18
17
20
21
22
23
22
22
21
24
25
27
26
24
22
23
20
18
18
14
13
10
10
7
6
3
0
-2
-5
-5
-6
-6
-7
-9
-8
-12
-11
-15
-17
-19
-22
-24
-24
-27
-29
-32
-32
-33
-34
-34
-35
-33
-33
-31
-32
-29
-27
-24
-24
-21
-22
-21
-19
-18
-16
-17
-15
-13
-12
-12
-10
-6
-3
1
5
8
11
15
18
21
22
23
25
26
26
24
23
23
21
23
20
20
19
21
21
20
22
24
27
26
27
27
31
30
30
30
29
28
26
24
22
17
16
13
7
7
4
2
-1
-3
-5
-6
-6
-8
-11
-13
-16
-16
-19
-19
-20
-20
-22
-25
-27
-30
-32
-33
-34
-36
-35
-37
-37
-36
-35
-35
-36
-34
-31
-29
-28
-25
-25
-23
-20
-20
-16
-13
-11
-8
-5
-1
1
4
6
8
12
15
18
22
22
22
25
25
25
27
24
23
22
21
21
18
17
18
18
19
21
22
24
26
29
31
34
33
33
35
33
33
33
30
28
26
25
22
18
15
11
9
5
3
-1
-3
-5
-9
-10
-12
-15
-18
-20
-22
-26
-25
-26
-27
-28
-28
-30
-32
-32
-33
-36
-35
-35
-37
-38
-38
-37
-38
-39
-37
-34
-34
-31
-31
-27
-25
-21
-16
-12
-6
-4
0
5
9
15
17
19
24
24
26
26
27
27
29
30
28
25
23
20
20
21
21
21
21
22
20
20
20
23
21
24
25
24
25
26
27
25
25
25
22
22
21
17
15
12
11
9
5
3
1
1
-4
-7
-8
-13
-17
-20
-23
-26
-26
-27
-28
-28
-29
-29
-31
-33
-36
-36
-35
-34
-35
-36
-36
-37
-38
-42
-43
-46
-48
-48
-47
-47
-45
-42
-40
-36
-31
-25
-20
-11
-3
4
12
20
28
32
38
42
46
49
51
53
51
50
48
42
39
34
30
30
30
31
30
29
26
31
32
34
39
42
42
43
45
46
46
47
45
42
39
35
33
28
27
23
19
16
11
9
5
0
-4
-8
-12
-14
-19
-22
-26
-32
-34
-39
-43
-46
-51
-52
-55
-54
-55
-52
-52
-52
-52
-54
-53
-52
-51
-51
-52
-56
-56
-58
-61
-59
-59
-56
-56
-54
-50
-50
-43
-37
-26
-19
-8
-1
5
15
22
29
34
40
42
45
47
50
51
51
49
45
42
40
39
35
36
37
32
31
29
28
31
31
30
34
35
38
40
42
43
45
49
47
48
43
44
42
42
40
36
33
31
26
22
18
14
8
3
-2
-7
-13
-19
-24
-28
-32
-36
-37
-37
-39
-40
-40
-39
-38
-38
-39
-38
-41
-40
-38
-40
-41
-45
-48
-49
-53
-57
-56
-57
-60
-59
-58
-59
-59
-58
-50
-44
-37
-24
-16
-4
5
12
22
29
36
41
47
49
46
48
47
44
40
37
36
30
32
32
29
26
27
26
24
27
27
31
31
35
36
37
38
39
42
46
48
48
50
51
49
49
46
47
50
49
44
40
33
29
22
17
10
1
-10
-16
-26
-38
-44
-48
-51
-56
-61
-61
-61
-62
-57
-54
-54
-57
-55
-53
-58
-62
-62
-62
-66
-66
-67
-71
-74
-78
-79
-80
-80
-76
-75
-72
-70
-64
-54
-46
-34
-21
-10
1
13
24
36
46
57
64
75
84
89
92
92
91
89
88
81
73
69
61
59
55
47
43
41
35
29
28
28
27
30
34
39
43
46
51
57
60
61
62
60
59
62
58
52
44
41
36
24
16
9
-1
-7
-18
-28
-35
-43
-56
-68
-77
-85
-91
-95
-96
-93
-93
-91
-90
-91
-89
-85
-82
-74
-69
-68
-69
-73
-78
-81
-87
-93
-90
-97
-99
-96
-95
-95
-91
-83
-80
-70
-59
-44
-24
-4
10
27
47
62
74
88
99
105
111
113
116
119
116
113
106
99
97
93
89
88
84
76
71
65
54
52
53
56
60
64
66
72
70
72
76
77
82
88
90
90
93
96
93
91
91
81
76
64
52
34
21
6
-10
-32
-54
-72
-91
-103
-122
-132
-140
-147
-152
-155
-158
-157
-152
-145
-138
-133
-123
-116
-110
-101
-99
-94
-100
-108
-112
-117
-123
-129
-130
-134
-134
-131
-125
-120
-111
-96
-83
-61
-38
-8
17
43
69
92
112
132
149
167
181
187
189
186
180
172
161
149
136
125
106
92
79
61
55
38
35
29
24
25
26
27
25
34
42
53
65
74
83
89
93
94
98
101
97
92
88
83
74
62
54
42
29
13
-6
-27
-46
-68
-84
-95
-107
-116
-127
-136
-145
-150
-151
-152
-152
-150
-146
-139
-130
-118
-108
-105
-102
-105
-111
-115
-121
-129
-134
-142
-148
-159
-166
-167
-165
-158
-148
-135
-119
-85
-58
-24
11
49
81
117
155
192
225
253
279
291
295
294
284
268
250
223
199
176
146
118
89
62
41
25
19
8
6
-2
1
3
11
23
34
49
65
79
92
110
117
124
134
135
131
125
115
96
73
52
25
1
-21
-46
-69
-89
-116
-140
-158
-175
-191
-202
-208
-216
-222
-222
-224
-217
-214
-212
-208
-201
-196
-193
-187
-189
-190
-198
-208
-214
-223
-218
-219
-226
-220
-219
-218
-212
-201
-185
-158
-121
-82
-42
-2
36
78
126
176
226
273
316
344
376
401
409
407
405
391
365
339
307
273
236
202
176
145
112
93
71
55
46
35
34
33
40
54
65
81
98
115
128
145
156
168
176
181
192
193
189
184
166
138
113
82
49
15
-20
-58
-98
-144
-190
-233
-267
-295
-320
-338
-353
-363
-377
-384
-382
-368
-349
-333
-311
-287
-270
-259
-251
-248
-254
-263
-276
-282
-288
-295
-296
-297
-301
-294
-289
-276
-252
-210
-161
-101
-37
34
109
176
250
325
394
460
510
546
570
580
576
560
535
489
439
388
343
290
231
171
119
71
34
1
-12
-12
-10
5
26
43
66
90
125
156
182
212
233
251
261
267
268
261
251
236
210
181
145
108
62
5
-50
-109
-168
-223
-273
-317
-359
-396
-428
-449
-467
-474
-468
-460
-442
-415
-388
-357
-328
-297
-264
-248
-234
-220
-219
-224
-237
-250
-270
-301
-315
-332
-350
-365
-379
-384
-378
-360
-321
-271
-204
-124
-47
43
124
199
280
359
434
506
573
611
632
648
640
617
584
544
498
450
400
341
283
225
172
128
88
69
54
47
51
55
69
85
102
123
149
171
203
224
249
262
279
285
286
288
276
268
255
233
202
167
121
64
3
-52
-117
-180
-235
-294
-353
-410
-456
-493
-517
-530
-531
-524
-508
-481
-451
-415
-371
-332
-286
-250
-216
-187
-168
-152
-152
-156
-185
-217
-256
-295
-321
-336
-354
-374
-383
-386
-383
-358
-322
-265
-187
-111
-29
52
133
205
279
357
431
509
571
621
645
649
635
608
580
538
490
431
366
301
218
137
68
2
-53
-90
-114
-128
-142
-155
-159
-147
-121
-75
-24
32
87
139
194
241
285
325
357
386
403
414
418
398
376
333
281
224
153
83
8
-64
-145
-220
-297
-365
-419
-458
-484
-506
-512
-502
-487
-467
-433
-397
-351
-297
-250
-200
-151
-112
-70
-35
-6
5
6
2
-12
-31
-57
-93
-143
-205
-264
-313
-336
-347
-354
-359
-365
-365
-353
-335
-289
-221
-141
-55
36
120
201
275
351
427
501
578
636
676
689
686
671
643
593
536
476
410
333
257
174
89
4
-71
-141
-203
-238
-276
-284
-283
-266
-242
-198
-152
-112
-63
-9
55
113
183
248
300
341
361
377
390
393
390
375
347
298
247
191
127
69
9
-51
-116
-176
-235
-276
-323
-365
-395
-414
-424
-434
-435
-423
-411
-384
-345
-312
-272
-240
-205
-176
-141
-110
-90
-74
-58
-48
-43
-42
-48
-52
-65
-80
-97
-121
-157
-202
-254
-311
-362
-397
-418
-439
-462
-479
-483
-482
-460
-410
-339
-257
-169
-73
18
120
201
287
376
471
567
648
715
753
765
756
727
690
645
587
519
455
384
307
230
146
60
-25
-86
-123
-136
-130
-118
-101
-92
-88
-73
-53
-12
37
88
150
209
251
275
294
318
343
372
411
434
445
421
380
324
266
214
157
107
55
2
-49
-117
-188
-254
-323
-379
-407
-414
-415
-410
-414
-419
-416
-402
-381
-347
-309
-275
-231
-191
-167
-154
-147
-145
-149
-141
-131
-133
-141
-158
-200
-248
-297
-349
-399
-442
-476
-489
-504
-525
-550
-574
-587
-586
-559
-505
-422
-324
-226
-139
-64
28
123
219
324
444
563
663
740
799
830
837
831
809
788
762
722
666
586
490
385
276
163
67
-6
-62
-111
-149
-176
-201
-232
-249
-242
-211
-164
-105
-48
21
79
133
178
216
261
301
344
387
414
420
410
375
334
293
246
209
168
124
79
19
-42
-106
-165
-205
-242
-265
-269
-271
-276
-280
-294
-308
-321
-320
-314
-299
-282
-257
-241
-228
-214
-208
-203
-199
-187
-172
-162
-162
-175
-201
-239
-277
-306
-336
-364
-383
-401
-425
-473
-515
-540
-550
-544
-520
-466
-387
-302
-225
-143
-62
30
131
244
365
494
604
684
732
757
763
751
723
696
661
612
562
489
410
314
210
123
50
0
-46
-80
-109
-131
-153
-177
-187
-179
-146
-103
-49
6
54
98
132
167
210
254
301
343
387
414
426
423
411
384
345
309
271
243
206
159
101
25
-43
-114
-180
-234
-281
-314
-347
-367
-384
-404
-415
-415
-407
-378
-350
-319
-288
-267
-243
-227
-211
-190
-162
-140
-121
-110
-118
-137
-168
-206
-244
-289
-322
-360
-400
-449
-484
-519
-546
-576
-589
-577
-557
-530
-479
-410
-333
-250
-159
-56
53
170
284
400
517
614
692
741
781
807
816
814
795
766
717
654
580
502
420
331
260
195
146
104
62
22
-11
-39
-58
-64
-49
-18
22
51
81
110
137
156
182
221
254
278
300
306
297
282
255
216
173
128
78
32
-16
-73
-133
-197
-260
-318
-366
-398
-413
-417
-420
-422
-426
-431
-429
-416
-394
-361
-333
-308
-281
-256
-235
-229
-220
-199
-175
-148
-127
-108
-103
-110
-122
-135
-145
-158
-173
-192
-212
-251
-309
-367
-411
-443
-474
-491
-500
-485
-469
-452
-405
-334
-243
-152
-58
46
156
280
396
510
614
706
773
825
873
907
930
923
901
865
811
743
670
594
511
436
367
294
232
180
129
74
30
-1
-26
-34
-41
-39
-34
-41
-49
-56
-49
-40
-28
-12
1
9
9
11
3
-13
-23
-36
-60
-74
-81
-96
-123
-162
-192
-229
-259
-294
-323
-328
-338
-352
-355
-366
-370
-359
-356
-345
-323
-294
-264
-250
-231
-214
-207
-193
-178
-146
-119
-96
-73
-65
-71
-89
-108
-128
-142
-151
-156
-176
-192
-210
-240
-282
-325
-345
-334
-319
-318
-308
-295
-279
-252
-218
-158
-75
7
86
168
258
336
415
473
536
610
670
729
771
799
809
791
757
713
671
624
573
521
465
398
322
260
196
136
94
59
23
0
-28
-56
-99
-132
-149
-163
-169
-157
-150
-144
-151
-161
-164
-170
-181
-191
-184
-179
-167
-151
-136
-118
-108
-105
-105
-104
-95
-103
-109
-106
-116
-141
-162
-173
-183
-185
-192
-186
-187
-205
-203
-195
-202
-203
-190
-177
-176
-171
-151
-141
-126
-103
-80
-64
-45
-14
-2
4
-2
-6
0
10
3
2
-2
-12
-32
-54
-86
-121
-136
-153
-160
-170
-181
-178
-175
-174
-162
-117
-63
-2
55
111
172
226
278
333
394
451
496
520
547
570
570
560
544
516
479
440
395
348
299
241
177
109
53
-3
-49
-94
-147
-192
-226
-260
-285
-299
-300
-311
-324
-316
-306
-291
-287
-266
-247
-221
-190
-162
-119
-86
-59
-32
-8
9
35
61
81
93
94
97
95
87
68
58
41
35
35
26
-7
-27
-37
-66
-86
-77
-59
-64
-63
-45
-33
-36
-27
-20
-15
15
40
49
56
82
88
66
55
78
80
54
45
45
24
-13
-46
-76
-120
-158
-180
-197
-218
-250
-264
-279
-304
-308
-293
-269
-232
-196
-141
-106
-72
-27
15
63
114
173
231
281
316
338
339
325
308
298
286
260
228
195
169
137
90
52
17
-20
-66
-101
-119
-129
-154
-183
-201
-207
-201
-196
-181
-162
-149
-142
-132
-120
-88
-55
-8
30
76
126
162
197
223
259
300
323
340
352
357
359
340
326
314
272
227
203
173
135
89
89
82
11
-21
5
-13
-76
-58
-16
-67
-101
-53
-11
-57
-66
-10
-8
-42
-43
-15
-35
-74
-82
-76
-125
-140
-148
-182
-227
-265
-297
-330
-381
-440
-460
-481
-510
-553
-574
-571
-571
-575
-573
-532
-486
-441
-386
-316
-236
-171
-105
-44
39
97
148
220
270
297
330
364
376
367
370
373
367
346
315
294
269
243
216
180
156
126
88
55
43
18
8
19
21
30
30
55
82
107
152
197
222
242
295
319
353
388
408
453
453
456
469
468
477
469
418
395
387
340
291
261
238
170
106
105
62
-28
-29
-7
-59
-94
-101
-66
-116
-178
-139
-154
-220
-217
-202
-227
-249
-270
-269
-302
-348
-343
-350
-390
-402
-414
-451
-484
-503
-537
-557
-582
-601
-613
-632
-641
-664
-677
-646
-628
-623
-593
-546
-504
-473
-432
-368
-307
-240
-167
-96
-23
35
104
174
235
294
353
400
424
459
490
501
499
491
490
479
460
442
417
375
345
321
293
264
246
239
220
191
185
183
179
189
194
193
202
197
201
207
231
263
282
315
342
372
407
401
426
451
463
456
471
503
474
441
430
415
332
273
283
224
120
116
102
-20
-54
-98
-108
-203
-242
-168
-264
-290
-243
-287
-342
-332
-346
-354
-414
-408
-398
-419
-471
-451
-466
-513
-488
-512
-488
-535
-580
-510
-549
-589
-563
-547
-578
-615
-596
-572
-593
-617
-582
-575
-587
-565
-538
-505
-488
-452
-410
-359
-282
-220
-150
-83
2
79
129
232
307
361
423
468
509
547
575
597
622
623
623
621
598
587
563
545
504
485
455
441
431
404
380
356
343
323
307
306
328
310
282
291
328
304
297
339
368
396
396
455
477
458
487
547
509
443
489
518
425
315
362
377
151
96
224
16
-113
-26
-73
-241
-292
-215
-330
-494
-383
-321
-571
-494
-415
-538
-620
-572
-521
-628
-675
-573
-579
-694
-644
-579
-641
-705
-613
-572
-616
-636
-596
-494
-591
-585
-528
-533
-563
-560
-511
-533
-557
-530
-477
-467
-474
-438
-366
-330
-285
-240
-152
-85
-11
58
134
231
296
345
424
514
555
621
681
706
714
720
745
751
733
721
741
718
672
628
612
576
487
455
445
408
326
310
267
217
156
167
161
153
171
173
215
212
203
265
271
296
378
392
445
461
450
475
439
427
375
387
379
243
215
183
125
-23
-127
-94
-218
-334
-294
-424
-417
-497
-632
-517
-646
-603
-617
-708
-496
-646
-762
-536
-663
-632
-605
-660
-441
-598
-585
-366
-494
-578
-448
-368
-393
-473
-366
-257
-369
-444
-336
-269
-407
-385
-303
-314
-348
-361
-299
-292
-325
-219
-170
-144
-97
-53
0
28
67
147
224
294
336
414
474
511
544
556
631
652
652
686
705
702
684
667
676
657
640
608
591
569
537
502
483
411
365
353
308
243
209
211
182
185
145
116
143
190
169
140
205
285
250
215
281
305
283
207
307
280
148
191
163
95
-36
-30
-110
-194
-346
-311
-382
-507
-519
-549
-588
-660
-642
-647
-629
-740
-583
-705
-641
-586
-609
-551
-563
-445
-503
-524
-439
-363
-473
-407
-322
-319
-408
-336
-264
-314
-345
-334
-167
-359
-323
-205
-250
-236
-311
-195
-168
-204
-152
-78
-101
-98
-8
28
79
55
123
205
183
225
275
360
410
412
493
547
578
599
630
653
659
655
682
691
673
654
636
616
589
506
474
504
458
378
374
369
285
203
190
174
76
49
39
-1
-10
0
-81
-53
-16
-45
-19
-28
18
40
-22
57
45
45
113
61
87
68
-13
21
-34
-82
-13
-132
-118
-206
-237
-159
-305
-517
-243
-301
-508
-319
-333
-426
-329
-393
-356
-372
-405
-191
-373
-352
-169
-320
-360
-319
-178
-329
-352
-94
-256
-206
-163
-267
-140
-238
-202
-59
-127
-161
-33
-29
-108
-144
-128
-4
-21
-102
-17
11
-41
-69
1
27
-63
4
35
51
62
47
116
101
104
135
151
180
186
225
248
281
301
277
315
307
294
281
311
286
277
313
274
237
203
188
169
135
109
102
51
32
-11
-45
-81
-21
-26
-103
-14
22
-65
-70
39
38
59
34
209
148
54
326
265
41
249
230
204
184
37
328
185
-51
148
157
-36
-92
209
17
-276
186
28
-284
1
-44
-68
-202
-100
178
-318
-152
208
-188
-297
31
-21
-132
-168
-93
94
-329
-199
90
-185
-223
-125
-21
-66
-324
-179
-18
-200
-277
-162
-131
-247
-279
-240
-174
-375
-427
-206
-281
-451
-434
-303
-386
-487
-414
-322
-361
-349
-230
-239
-212
-143
-97
-68
13
70
144
206
273
258
284
369
362
332
384
471
409
381
396
310
279
245
208
186
152
110
54
47
8
-4
6
-71
7
36
5
-16
113
148
122
199
292
244
352
387
460
443
337
539
460
529
443
405
590
402
247
293
382
225
54
171
187
30
61
-2
46
-186
-192
69
-319
-169
-165
-198
-115
-412
-303
-75
-316
-372
-202
-234
-191
-334
-286
-244
-275
-338
-271
-188
-350
-352
-303
-349
-505
-433
-306
-434
-581
-411
-411
-610
-653
-513
-465
-589
-575
-527
-485
-503
-507
-480
-401
-310
-230
-175
-147
-98
0
66
64
165
304
346
393
380
445
495
445
423
493
562
510
488
492
448
396
383
309
294
330
308
221
229
226
163
130
152
168
197
256
229
288
301
317
360
333
482
534
455
573
523
519
506
473
513
355
531
431
292
261
118
255
170
-276
84
46
-174
-140
-157
-206
-374
-243
-394
-284
-379
-348
-388
-379
-453
-351
-434
-526
-271
-476
-264
-262
-388
-360
-212
-366
-305
-335
-226
-170
-400
-282
-304
-344
-468
-441
-351
-487
-484
-501
-546
-661
-568
-585
-693
-680
-664
-532
-608
-646
-530
-408
-363
-308
-183
-85
9
69
177
288
383
486
574
591
634
725
735
689
752
766
691
705
751
625
521
519
499
371
361
437
276
151
230
163
40
51
126
118
108
163
106
236
241
192
286
422
441
408
508
624
468
473
518
479
468
320
487
399
71
169
305
-72
-178
-74
2
-216
-398
-167
-232
-462
-493
-295
-391
-480
-377
-315
-523
-378
-343
-558
-419
-210
-446
-306
-329
-317
-324
-374
-204
-376
-342
-114
-302
-339
-383
-320
-346
-630
-375
-467
-543
-449
-649
-621
-719
-549
-505
-671
-546
-568
-481
-493
-447
-348
-278
-160
-80
41
104
216
298
365
474
565
614
724
744
696
766
779
681
660
729
686
607
549
571
478
273
251
296
185
90
121
78
-14
-15
-39
-77
-94
13
79
57
56
154
217
89
297
209
369
431
421
458
496
495
442
448
525
409
380
499
200
310
228
10
-2
50
-53
-155
-134
-263
-241
-330
-380
-281
-354
-342
-330
-358
-272
-226
-352
-361
-210
-236
-289
-223
-153
-229
-382
-338
-89
-243
-420
-219
-164
-315
-435
-241
-339
-520
-529
-364
-438
-646
-592
-571
-709
-652
-577
-577
-706
-680
-522
-487
-461
-454
-295
-176
-131
-129
11
196
174
284
379
473
566
594
589
573
631
597
543
613
579
540
492
432
400
324
245
211
187
119
167
167
32
63
83
84
19
68
157
164
154
172
262
277
259
367
447
410
525
504
515
432
549
599
437
534
452
480
451
222
220
234
188
36
-65
99
17
-264
9
-286
-206
-247
-126
-95
-310
-258
-130
-262
-335
-168
-172
-199
-373
-276
-144
-266
-415
-298
-186
-399
-299
-296
-320
-432
-494
-431
-392
-492
-693
-494
-623
-719
-719
-783
-830
-778
-767
-816
-843
-800
-718
-608
-661
-517
-306
-233
-258
-221
-33
113
189
318
424
562
563
548
609
662
748
730
726
702
687
631
631
574
410
485
456
339
283
344
321
146
119
179
135
68
119
100
97
110
161
169
163
234
196
259
304
303
389
540
415
329
522
487
403
413
484
411
293
276
364
194
-4
29
156
-77
-160
68
-22
-239
-299
-140
-216
-266
-315
-156
-210
-344
-282
-266
-265
-323
-413
-309
-188
-392
-436
-292
-251
-452
-422
-202
-335
-429
-523
-284
-426
-681
-466
-497
-630
-713
-622
-561
-637
-709
-678
-695
-737
-655
-505
-510
-476
-354
-205
-167
-158
-96
83
291
338
456
574
641
660
654
729
775
869
803
737
742
676
641
530
420
451
395
292
193
163
82
9
49
-34
-56
-47
-3
-81
-154
-87
51
58
21
54
107
118
131
236
384
453
371
384
519
491
413
473
542
497
445
532
433
246
227
178
97
71
112
20
-47
-152
-218
-289
-242
-228
-365
-299
-205
-322
-484
-273
-334
-400
-297
-344
-288
-377
-394
-298
-358
-426
-240
-239
-320
-410
-281
-311
-477
-449
-401
-389
-471
-551
-534
-606
-639
-700
-792
-783
-724
-555
-579
-574
-508
-361
-298
-336
-196
0
216
306
369
528
578
676
726
726
862
917
904
815
736
731
715
580
474
490
441
341
255
143
22
-14
-15
-66
-20
-17
-112
-213
-251
-250
-157
-151
-125
2
-61
-24
-32
42
165
256
363
372
428
469
409
479
544
559
666
623
581
518
410
359
288
253
285
257
128
78
-76
-224
-156
-238
-299
-220
-243
-383
-366
-434
-455
-440
-398
-337
-300
-300
-350
-407
-455
-273
-297
-288
-237
-264
-427
-454
-397
-503
-593
-466
-438
-561
-617
-583
-802
-1011
-977
-743
-644
-653
-541
-481
-501
-488
-431
-283
-64
207
452
514
558
584
683
773
857
1041
1139
1057
975
862
790
743
685
595
528
510
345
175
49
-69
-161
-216
-135
-155
-246
-348
-435
-488
-470
-331
-242
-189
-144
-173
-218
-143
-42
85
248
299
346
396
416
436
442
582
653
728
740
646
630
591
493
426
529
534
443
261
146
51
-78
-118
-111
-90
-139
-306
-402
-439
-471
-448
-416
-391
-386
-357
-297
-463
-468
-332
-247
-148
-261
-312
-301
-343
-352
-480
-543
-549
-503
-432
-464
-623
-899
-1045
-1028
-856
-662
-679
-674
-635
-550
-551
-542
-433
-160
192
437
481
562
576
626
720
842
1079
1138
1119
956
816
782
745
667
550
499
437
329
176
-70
-148
-129
-193
-249
-185
-179
-289
-531
-586
-500
-394
-241
-231
-205
-238
-249
-258
-167
30
143
231
343
367
362
452
489
544
647
848
902
792
702
636
663
639
659
642
569
443
289
210
156
101
53
-18
-87
-166
-291
-396
-465
-485
-391
-384
-353
-437
-513
-450
-476
-444
-348
-342
-323
-409
-401
-409
-575
-668
-713
-607
-480
-441
-584
-936
-1169
-1125
-968
-845
-755
-703
-603
-602
-630
-596
-460
-205
228
551
563
560
589
728
777
960
1233
1297
1233
1036
910
853
797
695
620
566
504
396
231
-9
-192
-228
-267
-189
-113
-131
-326
-576
-662
-544
-387
-333
-335
-244
-283
-336
-325
-285
-111
58
141
200
275
302
161
212
384
542
664
699
623
567
541
560
598
642
648
595
516
419
390
354
286
234
163
159
92
-106
-229
-350
-352
-383
-295
-291
-465
-517
-493
-508
-487
-399
-371
-479
-497
-435
-447
-546
-711
-760
-648
-497
-416
-644
-1032
-1249
-1141
-863
-795
-853
-764
-615
-607
-719
-665
-421
-142
243
504
614
654
674
798
870
1075
1340
1408
1274
1108
1008
986
929
827
752
701
600
423
317
124
-3
-64
-54
-58
-97
-125
-312
-479
-504
-446
-286
-339
-381
-386
-365
-371
-419
-329
-185
-110
-31
-16
16
99
56
79
153
254
425
413
312
316
357
403
443
482
467
444
362
281
305
359
362
249
190
172
124
75
-25
-122
-164
-139
-134
-202
-291
-351
-391
-384
-342
-324
-388
-453
-401
-400
-471
-587
-650
-644
-463
-306
-457
-889
-1172
-1104
-891
-778
-794
-767
-744
-605
-690
-786
-676
-323
143
339
382
453
537
647
785
950
1205
1329
1250
1105
1008
989
905
864
765
695
681
558
301
78
-7
-9
24
19
-50
-186
-277
-384
-402
-330
-286
-280
-288
-373
-439
-395
-296
-296
-270
-209
-163
-164
-129
-28
-2
-7
55
152
215
278
289
287
274
265
374
439
356
323
353
360
318
296
339
273
146
140
205
189
114
105
35
-23
-54
-35
-61
-90
-99
-85
-103
-206
-324
-341
-355
-382
-496
-682
-603
-382
-304
-552
-1000
-1192
-1061
-789
-677
-766
-772
-724
-631
-678
-786
-651
-267
123
310
289
339
368
519
756
960
1169
1230
1138
1014
950
1006
1002
894
733
717
696
535
288
92
16
-16
-52
-65
-98
-176
-255
-424
-530
-440
-299
-248
-315
-422
-412
-354
-273
-238
-158
-201
-245
-229
-223
-209
-118
-98
-78
-37
31
17
-60
-58
67
205
220
211
176
120
99
116
221
282
288
258
206
156
89
121
190
186
126
116
61
-33
-84
-18
53
50
59
58
-93
-230
-209
-162
-225
-373
-449
-433
-291
-142
-363
-781
-1090
-974
-683
-545
-586
-624
-612
-510
-532
-614
-538
-184
256
450
410
413
492
612
763
989
1210
1218
1085
932
898
924
951
807
663
586
528
397
198
0
-68
-83
-116
-192
-266
-305
-375
-518
-543
-451
-325
-302
-363
-401
-427
-380
-271
-242
-187
-151
-152
-130
-138
-62
13
46
79
106
112
61
0
19
100
165
216
158
44
-22
16
55
92
130
170
106
-54
-62
-7
40
47
45
41
19
-20
-53
-135
-94
12
120
143
26
-109
-176
-129
-107
-206
-269
-297
-296
-105
-114
-469
-854
-961
-823
-590
-558
-578
-524
-469
-503
-629
-635
-394
22
375
509
443
427
557
726
878
1059
1214
1197
1000
852
881
937
871
718
589
516
412
206
-4
-106
-94
-60
-206
-378
-426
-390
-474
-590
-584
-424
-373
-466
-579
-566
-486
-298
-183
-181
-209
-188
-143
-96
-61
42
184
181
150
142
201
164
99
122
239
321
275
140
67
0
-9
71
161
152
88
26
-53
-71
-18
61
62
12
-8
27
-8
-109
-173
-36
33
70
68
-10
-53
-179
-140
-113
-187
-289
-321
-256
-144
-142
-393
-783
-930
-766
-511
-465
-536
-525
-413
-433
-561
-552
-305
112
455
508
455
509
620
813
981
1132
1275
1254
1072
911
871
905
776
667
580
508
378
179
-39
-216
-271
-214
-230
-337
-446
-519
-631
-753
-708
-518
-404
-521
-652
-650
-592
-500
-362
-289
-234
-188
-134
-118
-61
28
121
238
278
252
310
268
204
237
329
396
379
298
211
139
83
73
123
130
101
4
-119
-154
-130
-96
-118
-141
-132
-118
-149
-211
-229
-199
-122
-50
-67
-120
-131
-166
-196
-228
-309
-337
-295
-159
-38
-249
-625
-908
-875
-615
-434
-422
-425
-438
-364
-434
-499
-352
30
429
634
612
593
690
877
1057
1280
1430
1469
1365
1176
1061
1055
1070
953
763
632
550
357
71
-163
-213
-225
-250
-353
-527
-625
-674
-718
-785
-770
-624
-582
-708
-848
-895
-689
-554
-463
-459
-424
-366
-360
-311
-186
-39
144
152
167
120
221
307
279
357
437
493
437
314
279
244
244
241
224
208
154
16
-105
-125
-75
-74
-139
-213
-231
-235
-272
-277
-261
-210
-161
-149
-172
-206
-206
-204
-200
-247
-266
-315
-332
-268
-48
-75
-365
-744
-836
-635
-396
-283
-298
-388
-361
-335
-396
-370
-81
359
669
690
632
690
845
1027
1144
1332
1471
1407
1247
1125
1067
1044
955
777
681
609
435
134
-130
-222
-262
-250
-330
-469
-620
-726
-788
-796
-714
-657
-649
-729
-793
-776
-758
-688
-556
-479
-337
-316
-328
-359
-302
-97
39
123
186
214
263
239
241
351
416
474
481
419
340
272
231
272
340
346
313
186
45
-3
21
46
-21
-72
-80
-109
-193
-295
-348
-305
-263
-234
-227
-210
-252
-316
-378
-332
-308
-292
-315
-466
-512
-369
-190
-308
-646
-909
-823
-651
-482
-465
-455
-432
-377
-369
-380
-270
89
504
708
701
749
869
1000
1094
1255
1408
1485
1419
1256
1079
974
930
852
774
627
470
267
49
-158
-274
-303
-295
-374
-445
-568
-657
-762
-821
-728
-618
-535
-524
-618
-687
-699
-561
-337
-228
-194
-216
-243
-237
-120
63
181
229
308
337
336
304
322
408
539
626
587
470
361
302
321
340
343
309
258
141
-6
-106
-142
-110
-74
-143
-199
-278
-394
-474
-483
-411
-365
-347
-320
-365
-483
-540
-556
-456
-400
-399
-503
-576
-630
-500
-397
-439
-671
-819
-815
-692
-559
-479
-421
-353
-279
-253
-224
-108
236
599
851
906
941
991
1086
1159
1323
1490
1515
1422
1208
1008
911
844
763
594
406
251
140
-61
-253
-389
-429
-440
-414
-421
-554
-706
-807
-783
-748
-660
-483
-426
-542
-593
-602
-457
-323
-182
-47
-25
17
13
-17
88
156
338
471
483
497
484
495
509
481
559
599
606
533
417
305
249
255
270
233
188
97
-13
-84
-148
-217
-241
-206
-201
-259
-383
-466
-470
-455
-404
-367
-376
-359
-397
-434
-465
-455
-373
-341
-365
-402
-443
-464
-475
-456
-443
-500
-616
-707
-651
-541
-430
-365
-267
-142
-114
-104
-9
194
459
658
704
719
768
848
894
915
931
919
864
799
646
503
383
258
167
82
47
-28
-161
-291
-391
-430
-425
-431
-415
-333
-293
-370
-423
-360
-228
-130
-92
-90
-71
-4
80
158
207
222
287
291
263
235
268
331
333
327
321
280
216
182
213
266
260
232
195
203
202
220
225
253
290
364
420
309
170
146
227
275
256
157
40
-73
-127
-178
-222
-265
-334
-401
-502
-574
-596
-596
-607
-632
-648
-615
-592
-612
-587
-513
-432
-419
-437
-373
-304
-276
-260
-220
-149
-51
22
16
3
17
65
46
39
76
69
14
-49
-51
-18
-14
-40
-105
-144
-149
-136
-128
-156
-168
-98
-49
-29
-30
-38
-7
18
76
145
171
179
179
175
215
238
226
233
236
223
196
193
193
191
228
218
170
131
145
229
313
319
322
378
409
432
478
555
602
612
615
628
637
633
641
657
672
657
592
497
381
331
353
331
246
166
103
-39
-166
-213
-248
-281
-352
-403
-418
-443
-503
-553
-543
-506
-517
-567
-589
-571
-516
-443
-448
-507
-515
-466
-458
-469
-404
-370
-362
-349
-348
-341
-375
-357
-352
-327
-311
-337
-355
-372
-389
-396
-393
-417
-412
-383
-349
-295
-289
-305
-354
-335
-249
-119
-25
18
-11
-32
-15
62
186
273
280
272
227
184
216
275
310
329
326
308
288
296
278
265
292
299
320
341
362
405
393
405
432
479
537
541
546
561
594
638
623
595
572
530
563
583
579
551
453
385
367
351
322
300
273
234
153
59
-2
-66
-103
-119
-134
-151
-194
-232
-241
-229
-255
-301
-346
-337
-311
-275
-291
-340
-380
-412
-380
-355
-363
-340
-347
-399
-403
-354
-337
-344
-412
-471
-507
-483
-446
-432
-425
-445
-466
-504
-523
-502
-433
-377
-416
-457
-452
-418
-388
-374
-322
-244
-198
-191
-175
-163
-116
-34
30
46
97
120
102
95
127
214
251
278
277
297
293
217
130
113
256
443
582
566
452
303
235
240
363
565
700
739
634
504
388
349
433
583
722
755
633
465
337
309
372
460
468
456
406
315
179
72
53
74
52
14
19
35
102
42
-47
-163
-247
-262
-231
-206
-139
-112
-85
-144
-214
-291
-330
-356
-301
-101
-75
-149
-316
-438
-478
-453
-347
-355
-439
-486
-555
-556
-583
-463
-458
-552
-615
-540
-434
-358
-452
-439
-375
-303
-190
-270
-306
-282
-182
-218
-151
-153
-1
74
-14
15
-42
-83
-45
-1
107
199
140
170
35
28
70
6
-2
24
240
241
277
203
114
162
235
171
204
280
389
509
403
377
273
205
286
299
445
506
439
412
298
350
278
360
340
371
397
346
277
243
264
313
453
327
220
51
124
130
247
280
177
173
99
46
37
38
105
155
138
43
-52
-87
-87
-7
-95
-58
-189
-206
-165
-151
-238
-374
-482
-525
-404
-493
-374
-499
-472
-555
-620
-647
-609
-523
-515
-468
-524
-454
-414
-349
-356
-297
-334
-285
-315
-325
-248
-129
-14
-23
-22
-76
-128
-144
-92
-22
160
292
215
167
24
1
-17
16
110
158
268
315
224
117
83
-12
23
56
141
258
285
290
260
264
255
217
174
207
291
373
395
438
499
435
375
305
273
262
284
289
293
336
362
364
313
197
72
13
49
122
201
223
185
136
62
1
-33
-51
-63
-14
44
71
61
45
25
6
-35
-81
-108
-116
-82
-83
-75
-142
-187
-251
-314
-388
-473
-527
-561
-536
-517
-486
-503
-545
-609
-669
-650
-599
-492
-405
-359
-366
-356
-295
-266
-205
-215
-208
-171
-100
-25
15
36
20
22
-13
-20
-27
-51
-46
-27
-6
22
26
4
-22
-19
-17
28
90
172
237
266
296
356
455
542
597
660
738
789
827
843
859
851
848
792
764
720
644
557
455
355
234
109
18
-18
-47
-77
-122
-204
-272
-328
-343
-306
-284
-227
-138
-51
-11
-21
-51
0
47
139
214
243
270
253
258
224
185
125
27
-74
-153
-185
-214
-290
-394
-524
-620
-687
-740
-758
-792
-793
-815
-834
-808
-764
-729
-678
-627
-552
-481
-506
-593
-730
-792
-765
-664
-488
-380
-327
-401
-526
-586
-584
-490
-351
-149
100
340
443
493
582
749
903
989
1045
1115
1234
1340
1406
1408
1385
1316
1134
902
624
389
251
130
51
-23
-113
-216
-348
-472
-603
-648
-635
-639
-551
-475
-346
-205
-55
107
243
337
420
516
639
818
965
1135
1259
1351
1343
1273
1215
1087
1001
884
691
499
275
119
-95
-271
-463
-705
-936
-1156
-1316
-1445
-1514
-1530
-1528
-1495
-1457
-1360
-1222
-1086
-981
-905
-813
-679
-489
-310
-144
10
131
206
217
211
225
280
307
262
184
60
-59
-187
-294
-429
-578
-758
-921
-987
-996
-927
-902
-929
-906
-850
-732
-595
-382
-102
221
538
751
955
1175
1389
1593
1769
1861
1913
1877
1862
1802
1716
1614
1415
1143
787
440
156
-69
-238
-367
-524
-674
-808
-956
-1060
-1103
-1046
-967
-885
-788
-675
-497
-331
-132
65
222
404
587
758
930
1063
1189
1247
1258
1320
1338
1332
1279
1129
957
738
547
334
123
-67
-298
-489
-700
-906
-1100
-1260
-1350
-1412
-1450
-1474
-1436
-1378
-1315
-1223
-1139
-1021
-863
-678
-545
-419
-314
-217
-87
22
119
188
248
274
244
222
184
189
136
46
-87
-291
-440
-650
-779
-879
-936
-926
-961
-984
-1019
-1053
-980
-873
-736
-538
-260
68
347
591
842
1082
1373
1573
1726
1816
1881
1967
1986
1963
1903
1786
1627
1347
1042
760
470
249
-9
-250
-486
-679
-837
-945
-981
-1004
-965
-944
-932
-892
-842
-796
-727
-586
-403
-183
50
309
494
630
721
821
890
971
1066
1102
1144
1139
1111
1023
929
826
685
515
287
68
-151
-320
-492
-661
-830
-990
-1129
-1248
-1336
-1388
-1391
-1361
-1311
-1243
-1157
-1025
-827
-655
-504
-315
-139
50
215
309
370
380
409
435
478
549
614
627
560
474
314
155
-39
-235
-411
-575
-730
-882
-1017
-1118
-1160
-1143
-1155
-1172
-1132
-1011
-857
-677
-431
-144
157
387
625
851
1092
1358
1578
1721
1787
1841
1847
1810
1734
1621
1443
1200
898
615
351
85
-147
-435
-691
-894
-1026
-1130
-1216
-1250
-1251
-1209
-1135
-1061
-915
-758
-644
-532
-398
-204
-22
179
382
587
780
925
994
1073
1143
1203
1235
1192
1109
1037
970
866
748
631
474
294
20
-226
-454
-647
-798
-953
-1026
-1122
-1205
-1266
-1284
-1251
-1197
-1119
-1013
-870
-689
-493
-272
-56
121
313
450
569
694
786
867
883
870
867
804
745
662
572
452
347
213
55
-121
-318
-533
-757
-972
-1137
-1228
-1278
-1254
-1244
-1207
-1194
-1144
-1020
-866
-669
-446
-213
32
232
422
658
915
1182
1400
1558
1691
1745
1781
1716
1615
1458
1265
1064
780
495
192
-108
-400
-686
-947
-1152
-1294
-1415
-1485
-1495
-1496
-1447
-1375
-1291
-1158
-1030
-816
-607
-450
-236
-53
196
449
666
864
1025
1178
1289
1382
1428
1470
1480
1433
1305
1158
1004
858
675
482
291
80
-120
-317
-519
-693
-861
-1002
-1133
-1230
-1252
-1221
-1139
-1010
-859
-672
-491
-299
-94
101
297
484
659
768
855
926
968
964
907
839
764
656
525
369
234
93
-59
-201
-339
-484
-631
-777
-944
-1121
-1291
-1428
-1519
-1530
-1474
-1355
-1254
-1197
-1114
-990
-805
-587
-329
-60
224
496
743
989
1213
1437
1657
1800
1895
1950
1922
1828
1671
1495
1285
1022
693
326
-31
-364
-666
-954
-1190
-1376
-1522
-1668
-1770
-1798
-1757
-1649
-1535
-1387
-1196
-983
-770
-550
-344
-107
156
414
677
926
1152
1327
1480
1583
1656
1679
1661
1580
1491
1404
1282
1096
871
645
434
242
14
-183
-356
-540
-721
-905
-1043
-1104
-1126
-1105
-1059
-963
-816
-637
-459
-288
-77
112
303
479
615
712
795
845
844
830
796
734
637
511
355
195
12
-170
-341
-520
-652
-773
-863
-948
-1051
-1175
-1295
-1380
-1463
-1523
-1544
-1463
-1300
-1145
-996
-861
-662
-426
-202
30
270
544
810
1025
1247
1450
1641
1791
1852
1844
1790
1711
1579
1388
1137
865
586
276
-76
-420
-763
-1085
-1329
-1533
-1671
-1739
-1761
-1750
-1678
-1573
-1414
-1214
-1023
-808
-594
-341
-77
188
432
655
851
1010
1161
1315
1452
1532
1591
1626
1609
1581
1507
1380
1213
1000
798
584
379
200
44
-106
-277
-426
-573
-686
-767
-855
-888
-919
-914
-863
-772
-652
-490
-310
-134
31
168
305
433
554
643
695
720
703
674
621
515
390
227
62
-102
-235
-352
-477
-564
-672
-751
-837
-893
-947
-1006
-1089
-1166
-1225
-1268
-1249
-1234
-1143
-1028
-891
-749
-593
-418
-238
-39
150
343
515
710
907
1065
1188
1283
1366
1402
1368
1330
1257
1162
1024
829
613
369
71
-211
-477
-703
-887
-1089
-1224
-1303
-1350
-1322
-1276
-1206
-1102
-960
-769
-575
-383
-180
17
186
344
510
686
879
1056
1192
1324
1446
1533
1573
1593
1560
1492
1393
1242
1067
900
743
598
410
223
13
-188
-371
-546
-647
-715
-751
-804
-856
-910
-922
-890
-839
-762
-664
-511
-364
-209
-52
86
200
291
349
388
402
389
353
284
211
125
30
-69
-188
-306
-412
-496
-552
-611
-653
-729
-778
-826
-849
-889
-947
-978
-1003
-997
-963
-868
-776
-660
-521
-399
-271
-121
51
245
410
568
703
827
929
1004
1062
1118
1147
1141
1108
1067
1005
881
726
552
364
146
-74
-297
-528
-731
-898
-1027
-1110
-1158
-1160
-1118
-1046
-905
-742
-542
-340
-146
33
210
375
561
740
906
1071
1189
1288
1366
1461
1525
1573
1573
1533
1414
1257
1073
896
733
541
343
117
-83
-258
-397
-537
-652
-753
-838
-891
-968
-1031
-1051
-1051
-1007
-992
-938
-838
-704
-558
-400
-200
-29
125
225
295
342
359
372
336
270
186
79
-35
-157
-238
-311
-393
-461
-537
-577
-607
-655
-701
-718
-732
-720
-724
-736
-764
-773
-732
-677
-581
-476
-325
-196
-101
8
120
240
360
458
583
698
800
862
897
954
994
1032
1021
979
919
847
763
646
513
379
183
-17
-214
-396
-546
-687
-792
-868
-916
-899
-833
-738
-609
-466
-312
-149
18
186
360
521
655
781
884
975
1064
1143
1202
1213
1228
1209
1176
1114
1024
921
754
567
360
166
-14
-184
-341
-489
-611
-725
-832
-940
-998
-1027
-1034
-1038
-1043
-1027
-999
-944
-860
-753
-621
-445
-258
-84
71
203
324
408
468
477
456
429
370
298
196
93
1
-73
-139
-213
-266
-333
-392
-426
-466
-487
-518
-545
-534
-552
-582
-617
-645
-627
-602
-503
-422
-335
-263
-216
-163
-82
31
165
303
390
465
525
618
694
773
846
906
945
956
954
911
843
738
599
476
328
175
-5
-162
-307
-466
-579
-668
-710
-714
-721
-697
-642
-549
-401
-265
-128
-2
134
242
323
401
469
559
654
723
756
811
861
896
904
879
838
742
613
464
331
214
110
-24
-170
-305
-431
-522
-588
-615
-622
-618
-634
-649
-655
-659
-631
-604
-552
-468
-374
-256
-135
-3
128
239
334
391
438
456
436
402
331
269
190
92
19
-74
-129
-172
-221
-259
-288
-288
-287
-304
-359
-412
-459
-506
-566
-604
-626
-633
-650
-675
-661
-600
-527
-486
-457
-387
-268
-154
-38
80
190
293
389
486
583
676
778
857
886
899
910
885
817
708
572
443
292
134
-24
-192
-358
-524
-664
-779
-856
-887
-871
-821
-752
-663
-563
-437
-283
-124
8
136
240
341
440
531
638
714
783
847
899
949
986
1000
976
915
846
727
584
437
278
150
16
-96
-191
-258
-309
-359
-380
-411
-413
-420
-431
-418
-402
-369
-328
-273
-189
-73
54
166
258
342
418
465
487
497
478
440
377
296
199
100
24
-55
-120
-191
-251
-318
-402
-480
-536
-569
-599
-616
-664
-704
-760
-831
-865
-907
-898
-874
-820
-745
-689
-603
-536
-463
-365
-260
-133
-27
76
180
292
402
521
623
718
774
785
779
753
723
669
590
490
371
230
60
-115
-301
-486
-656
-811
-931
-1008
-1026
-1023
-975
-882
-761
-585
-401
-193
6
185
350
502
639
748
859
977
1067
1138
1195
1237
1271
1289
1278
1237
1155
1044
939
806
658
490
332
172
5
-136
-263
-350
-400
-448
-489
-488
-478
-454
-434
-410
-352
-293
-226
-147
-58
28
117
185
258
318
382
444
453
444
400
338
262
174
70
-53
-173
-303
-429
-540
-627
-675
-721
-762
-812
-866
-900
-937
-951
-945
-947
-952
-943
-941
-918
-863
-784
-693
-611
-533
-439
-347
-240
-117
23
145
253
370
470
563
624
674
693
705
689
660
630
570
497
391
274
145
23
-114
-278
-449
-584
-688
-760
-789
-774
-707
-621
-503
-354
-161
57
271
465
634
798
935
1051
1155
1224
1290
1329
1346
1329
1297
1250
1190
1111
1016
915
799
687
538
381
224
73
-86
-222
-357
-448
-524
-582
-613
-615
-569
-533
-482
-429
-372
-324
-291
-258
-203
-136
-62
0
55
112
158
189
187
173
158
121
58
-12
-105
-196
-286
-380
-461
-539
-614
-678
-737
-771
-800
-844
-867
-876
-873
-877
-893
-897
-899
-885
-852
-783
-704
-651
-580
-520
-454
-346
-215
-61
98
241
383
497
595
681
757
805
813
802
761
715
672
611
529
439
334
200
58
-85
-236
-363
-486
-571
-632
-656
-629
-594
-530
-431
-304
-143
37
217
409
584
763
923
1041
1150
1232
1271
1287
1272
1238
1189
1145
1092
1023
948
846
756
648
526
393
258
110
-34
-162
-283
-388
-453
-486
-497
-484
-456
-388
-323
-272
-233
-221
-208
-189
-177
-156
-125
-90
-75
-53
-39
-42
-48
-85
-164
-237
-304
-365
-424
-483
-522
-585
-659
-736
-787
-813
-839
-823
-808
-774
-738
-711
-680
-647
-608
-588
-578
-572
-552
-521
-469
-438
-394
-336
-255
-185
-105
-24
67
167
264
380
479
577
651
720
752
746
744
739
712
679
631
568
475
349
226
98
-10
-125
-226
-336
-437
-496
-520
-516
-489
-409
-305
-192
-53
108
287
479
651
791
903
979
1038
1064
1074
1071
1050
1031
992
945
894
825
759
674
556
443
313
187
47
-104
-252
-369
-474
-556
-616
-664
-684
-702
-685
-649
-600
-549
-508
-460
-421
-379
-319
-276
-219
-179
-140
-102
-68
-37
-14
-2
-18
-64
-118
-192
-270
-345
-407
-474
-542
-577
-623
-632
-623
-597
-573
-532
-471
-426
-371
-299
-235
-176
-117
-61
4
78
141
193
255
313
354
362
366
348
339
329
300
259
210
182
139
92
45
18
0
-5
-2
1
8
12
29
35
52
81
110
118
110
123
122
130
161
190
222
252
269
281
292
318
347
367
381
412
442
458
464
446
427
385
339
295
253
215
176
148
113
70
32
-13
-50
-91
-123
-137
-174
-208
-216
-212
-200
-198
-195
-187
-198
-211
-227
-245
-256
-265
-269
-265
-261
-225
-223
-244
-296
-377
-455
-522
-569
-620
-675
-742
-780
-765
-740
-685
-586
-461
-311
-166
-2
161
323
498
630
729
794
860
897
888
856
807
736
651
550
438
333
200
48
-119
-286
-437
-547
-629
-695
-735
-746
-711
-651
-546
-421
-279
-116
40
180
308
427
519
564
580
576
564
550
535
526
506
482
426
363
297
233
175
102
21
-70
-155
-222
-289
-345
-403
-439
-456
-461
-429
-388
-322
-248
-169
-71
8
79
138
181
220
225
217
199
171
151
125
102
73
54
55
56
44
14
-7
-28
-79
-133
-187
-246
-285
-326
-359
-367
-355
-325
-290
-261
-237
-204
-167
-131
-83
-26
11
34
41
64
91
111
132
151
187
217
244
279
306
324
334
323
298
270
233
188
139
91
62
13
-24
-51
-79
-94
-97
-85
-91
-108
-118
-131
-138
-142
-164
-184
-187
-175
-152
-126
-104
-73
-49
-22
5
36
77
106
128
121
120
112
88
60
20
-14
-48
-74
-93
-82
-75
-75
-64
-50
-25
2
32
51
68
80
75
46
22
-9
-43
-53
-58
-49
-28
4
20
33
53
70
104
123
139
151
156
154
139
130
125
119
104
98
89
83
78
73
81
84
69
43
5
-34
-66
-109
-138
-162
-185
-207
-231
-250
-249
-237
-215
-208
-214
-190
-170
-135
-101
-67
-28
-2
32
58
87
118
136
145
148
152
151
146
141
123
102
81
62
44
24
-5
-31
-65
-83
-100
-127
-130
-137
-151
-169
-177
-179
-177
-162
-139
-116
-98
-79
-59
-42
-21
-5
-2
11
25
43
59
65
48
30
-4
-25
-39
-44
-39
-39
-24
-5
27
59
105
149
175
191
192
222
256
286
323
353
385
396
392
395
393
380
349
324
291
246
208
179
138
97
43
-12
-66
-125
-174
-205
-232
-268
-290
-312
-311
-303
-287
-274
-268
-256
-247
-233
-224
-208
-203
-206
-211
-210
-210
-213
-206
-205
-192
-188
-174
-143
-112
-84
-62
-41
-20
-4
1
7
10
-1
-19
-29
-39
-48
-46
-55
-65
-68
-56
-26
-5
18
27
27
25
23
22
18
19
14
16
28
42
72
96
131
154
163
170
171
182
181
181
173
149
123
86
41
-12
-40
-70
-87
-81
-76
-55
-36
-8
8
33
61
99
136
170
204
215
234
252
282
306
327
345
357
358
367
368
353
325
287
244
181
119
67
5
-55
-120
-178
-228
-277
-317
-342
-343
-341
-337
-325
-306
-284
-260
-228
-203
-191
-184
-180
-174
-170
-154
-122
-89
-72
-56
-39
-36
-38
-37
-47
-59
-76
-104
-130
-149
-178
-193
-214
-228
-232
-231
-213
-204
-188
-171
-147
-122
-84
-48
-12
16
40
76
106
141
174
204
225
256
289
306
309
317
324
314
294
283
266
236
194
153
115
88
63
40
27
12
-7
-27
-33
-35
-44
-44
-48
-56
-71
-73
-70
-61
-39
-9
16
35
60
95
144
180
213
224
225
221
213
201
178
165
146
117
82
60
41
28
2
-32
-64
-104
-143
-181
-228
-266
-306
-335
-358
-366
-348
-325
-299
-272
-235
-193
-163
-130
-102
-81
-64
-65
-63
-64
-49
-38
-46
-54
-70
-69
-61
-64
-65
-55
-52
-56
-77
-80
-80
-92
-98
-99
-98
-82
-63
-37
-8
11
40
70
101
134
164
193
217
249
272
296
319
322
316
312
304
296
286
269
247
222
202
174
143
112
81
38
4
-22
-50
-79
-95
-99
-107
-103
-109
-110
-108
-108
-98
-80
-65
-61
-54
-39
-23
-2
4
-9
5
18
34
61
86
104
120
123
120
106
90
71
48
28
8
-12
-29
-39
-65
-85
-102
-122
-140
-165
-180
-205
-220
-242
-246
-238
-235
-214
-200
-185
-171
-153
-144
-126
-103
-77
-52
-43
-24
-7
4
0
-1
-2
-1
12
17
16
24
21
16
14
12
9
6
-1
-14
-13
-7
-4
5
15
24
35
46
61
84
92
89
83
90
104
125
142
172
190
195
200
200
213
218
224
208
183
153
119
94
71
40
31
7
-18
-38
-58
-68
-72
-74
-81
-77
-81
-81
-78
-73
-56
-41
-37
-26
-24
-20
-7
2
9
20
36
43
66
85
115
129
133
136
132
122
95
88
73
56
36
-5
-38
-73
-102
-132
-162
-188
-225
-257
-280
-291
-304
-301
-300
-293
-276
-254
-220
-184
-131
-88
-61
-33
-8
16
36
44
56
59
48
35
29
22
16
3
-11
-24
-31
-28
-24
-23
-36
-35
-30
-29
-11
14
43
73
101
141
179
215
248
282
302
309
320
336
332
325
323
310
295
264
227
203
173
138
95
49
14
-21
-50
-88
-110
-145
-180
-198
-221
-225
-225
-224
-226
-226
-212
-187
-167
-145
-120
-110
-83
-60
-41
-26
-14
-5
-10
-18
-34
-45
-54
-55
-61
-55
-45
-41
-37
-35
-25
-26
-19
-35
-49
-61
-74
-95
-118
-141
-147
-135
-129
-113
-97
-80
-64
-54
-39
-21
-2
18
22
32
36
46
58
71
76
79
88
93
102
106
116
116
117
115
109
95
66
44
23
14
5
7
17
21
39
61
77
105
127
153
182
190
199
208
216
231
239
238
234
232
228
228
220
208
201
181
161
129
93
52
11
-34
-82
-131
-186
-232
-273
-302
-335
-349
-354
-350
-328
-314
-295
-284
-270
-252
-242
-223
-205
-194
-184
-174
-159
-130
-93
-59
-30
-1
27
49
62
73
66
53
34
22
3
-17
-28
-51
-56
-64
-80
-84
-89
-90
-86
-89
-86
-72
-61
-52
-43
-26
0
19
48
68
89
107
127
149
164
179
186
181
177
175
180
190
193
189
186
180
172
168
169
167
157
146
135
121
122
110
98
83
75
65
77
78
89
108
111
119
118
130
131
139
147
150
152
146
139
123
102
78
52
28
-21
-63
-98
-138
-166
-205
-230
-259
-282
-306
-328
-352
-368
-377
-388
-386
-373
-367
-355
-325
-306
-275
-244
-216
-180
-157
-122
-87
-63
-36
-14
4
25
44
44
54
52
44
49
38
21
15
9
5
-3
-7
-6
-4
-8
-12
-8
1
9
22
45
60
76
89
93
101
111
121
126
135
150
164
167
183
191
187
193
189
196
183
174
169
152
147
137
126
129
136
133
131
129
114
110
100
86
91
93
90
91
87
83
82
81
83
89
98
97
92
70
64
51
37
13
-14
-36
-58
-77
-105
-130
-151
-181
-205
-229
-259
-280
-295
-310
-319
-322
-321
-314
-296
-277
-255
-235
-213
-194
-179
-162
-135
-110
-83
-43
-14
17
36
50
59
63
64
60
59
55
49
44
33
16
7
-5
-17
-37
-50
-57
-67
-74
-74
-64
-56
-53
-36
-24
-13
3
25
43
68
96
123
150
171
188
197
207
198
197
196
192
196
199
201
195
187
173
155
130
104
78
54
32
5
-13
-21
-31
-38
-37
-32
-28
-20
-12
6
20
30
33
44
65
75
80
73
69
66
62
61
50
46
36
26
15
0
-16
-35
-57
-90
-118
-151
-180
-203
-227
-241
-253
-256
-267
-270
-266
-257
-248
-235
-215
-187
-157
-136
-106
-72
-34
1
29
60
84
112
139
156
172
187
194
204
210
205
187
160
132
103
83
59
42
29
13
-3
-6
-11
-13
-11
-9
-8
-5
-9
-19
-30
-32
-37
-36
-32
-27
-13
5
28
47
68
93
105
107
102
83
63
32
8
-14
-37
-59
-72
-82
-99
-111
-121
-131
-141
-149
-155
-151
-141
-131
-126
-119
-100
-89
-73
-47
-30
-16
1
26
44
61
84
95
103
125
130
139
151
153
145
133
116
100
91
80
79
69
57
43
36
28
19
13
7
-7
-20
-33
-53
-56
-62
-72
-67
-63
-64
-56
-51
-38
-26
-14
-4
10
18
31
43
40
42
46
41
40
48
57
58
68
77
74
68
46
35
20
9
-9
-28
-38
-51
-59
-67
-68
-73
-66
-60
-67
-66
-57
-55
-47
-43
-44
-46
-53
-62
-59
-48
-46
-37
-33
-35
-34
-30
-27
-38
-40
-46
-50
-48
-53
-46
-52
-64
-76
-89
-88
-86
-88
-73
-65
-57
-45
-48
-45
-35
-36
-39
-40
-35
-23
-9
17
30
53
70
86
108
120
129
145
155
159
166
176
184
185
187
180
175
161
146
140
138
116
102
106
103
92
75
63
40
29
13
3
-9
-13
-15
-21
-17
-12
1
12
22
33
36
34
43
53
54
43
53
50
43
43
31
19
10
-2
-15
-33
-52
-68
-90
-109
-136
-155
-171
-187
-200
-213
-209
-213
-220
-226
-226
-226
-226
-222
-212
-193
-183
-166
-149
-126
-101
-80
-59
-38
-22
-3
10
18
29
30
21
20
13
8
11
4
1
1
-3
-8
-8
-10
-12
-4
1
7
4
2
4
11
11
23
32
42
54
60
75
88
104
118
125
143
160
175
187
198
202
195
183
183
175
165
155
144
138
134
132
121
114
113
112
103
94
89
75
49
42
31
21
13
2
0
-8
-11
-14
-14
-11
-5
-4
5
8
11
14
21
24
28
29
25
19
13
8
-5
-21
-35
-50
-62
-77
-96
-114
-136
-157
-176
-198
-210
-219
-234
-249
-261
-257
-269
-262
-257
-258
-246
-236
-216
-189
-165
-139
-117
-102
-75
-49
-26
-5
12
29
43
45
54
69
69
71
63
66
63
57
52
42
31
29
22
27
28
23
26
28
31
38
52
67
79
88
102
114
128
129
139
143
138
141
147
151
149
152
148
143
141
148
147
140
144
136
127
123
108
89
74
57
43
22
14
13
-1
-14
-22
-35
-51
-60
-62
-72
-76
-80
-85
-83
-78
-78
-68
-53
-40
-28
-21
-11
7
15
21
17
20
15
14
14
8
3
-8
-10
-27
-42
-55
-69
-80
-85
-94
-107
-112
-123
-129
-139
-146
-148
-151
-145
-140
-133
-121
-110
-94
-80
-58
-49
-35
-26
-18
-13
-4
3
9
14
8
12
5
2
-3
-9
-15
-16
-12
-12
-12
-13
-16
-22
-14
-7
-1
0
10
26
47
63
72
89
97
108
118
129
144
164
181
188
193
196
195
189
187
186
182
175
163
148
127
114
93
78
57
37
19
5
-1
-20
-38
-54
-75
-102
-113
-126
-143
-166
-173
-164
-168
-162
-159
-154
-153
-143
-124
-105
-88
-75
-48
-30
-16
-2
12
21
20
19
27
33
29
30
27
20
11
3
-1
-1
-5
-12
-23
-32
-42
-58
-68
-76
-77
-78
-74
-66
-66
-65
-58
-48
-32
-18
2
27
41
49
56
54
56
61
55
48
40
37
23
10
8
-2
-10
-16
-32
-35
-49
-59
-65
-69
-72
-65
-59
-49
-43
-34
-10
6
30
53
72
91
109
127
140
143
150
160
160
165
167
174
173
161
160
151
134
120
98
84
71
39
12
-19
-48
-79
-104
-129
-144
-151
-154
-160
-166
-162
-151
-132
-124
-118
-102
-86
-71
-57
-48
-30
-14
2
18
34
54
64
84
90
97
113
110
106
100
87
81
69
57
44
17
0
-10
-26
-31
-36
-47
-54
-63
-67
-69
-68
-62
-58
-52
-44
-39
-33
-20
-10
5
18
27
43
50
56
52
54
49
31
21
5
-16
-37
-61
-83
-101
-123
-132
-151
-155
-158
-162
-166
-171
-165
-160
-151
-146
-124
-107
-87
-72
-45
-15
9
46
78
109
137
160
182
189
200
210
205
194
187
178
164
149
134
119
99
77
51
32
16
-2
-19
-32
-47
-60
-70
-72
-66
-68
-66
-58
-50
-35
-28
-23
-10
8
16
32
41
48
44
48
55
54
57
57
68
65
70
77
77
68
64
52
41
29
16
1
-19
-36
-40
-52
-74
-83
-92
-97
-100
-103
-101
-96
-95
-92
-82
-74
-60
-53
-49
-34
-17
-7
8
22
33
40
41
47
52
44
30
17
2
-16
-39
-55
-65
-71
-82
-97
-103
-104
-108
-101
-92
-81
-69
-60
-47
-39
-28
-17
-3
9
19
29
45
57
62
72
79
91
98
109
111
116
120
116
109
103
93
85
72
58
52
49
44
29
22
17
5
-5
-8
-10
-16
-16
-16
-14
-7
-5
11
24
24
20
27
25
19
13
12
27
34
38
47
50
56
56
62
68
67
65
63
56
54
48
29
16
1
-16
-38
-58
-79
-97
-108
-121
-139
-156
-163
-162
-163
-159
-162
-160
-159
-147
-135
-120
-104
-89
-69
-55
-41
-46
-40
-27
-11
-4
-3
-12
-14
-23
-36
-39
-47
-57
-59
-73
-74
-71
-79
-70
-65
-53
-41
-31
-19
-15
0
20
40
55
75
96
119
136
148
163
166
174
173
173
177
175
168
163
153
140
123
109
97
82
73
64
55
44
34
36
34
27
25
23
26
27
35
36
42
41
43
58
62
72
83
91
89
91
88
80
70
62
57
43
34
25
16
-1
-19
-25
-36
-49
-64
-78
-92
-99
-116
-135
-148
-158
-160
-167
-173
-176
-184
-188
-187
-194
-194
-193
-192
-187
-179
-163
-151
-139
-130
-119
-104
-95
-78
-61
-46
-33
-17
-9
2
5
6
13
10
17
14
7
11
7
3
11
19
26
28
38
38
42
47
57
68
70
81
86
92
89
95
100
105
114
120
134
134
145
146
145
144
143
140
137
134
128
121
112
96
88
78
63
54
45
41
24
13
11
13
4
2
-1
6
7
2
0
-1
1
-4
1
7
2
-2
-12
-16
-31
-48
-57
-72
-83
-103
-113
-115
-125
-125
-125
-121
-116
-111
-111
-110
-101
-101
-98
-96
-88
-86
-87
-74
-64
-51
-45
-48
-44
-41
-41
-36
-31
-23
-27
-30
-29
-32
-36
-32
-23
-17
-6
3
19
25
30
41
44
53
62
56
51
43
35
23
22
13
4
-1
-3
1
1
2
7
11
18
28
34
44
51
59
62
70
81
87
94
99
110
106
111
106
109
112
109
116
106
105
96
84
72
59
53
38
30
30
23
20
25
21
15
8
6
2
-3
3
3
-7
-10
-11
-27
-32
-34
-31
-33
-39
-33
-37
-53
-61
-68
-82
-95
-104
-115
-122
-130
-131
-135
-130
-126
-127
-122
-124
-123
-121
-115
-108
-98
-89
-84
-82
-77
-72
-71
-61
-56
-45
-47
-41
-28
-26
-22
-21
-8
-9
-7
-4
6
12
17
33
46
52
48
62
71
69
75
80
83
83
86
91
92
98
105
115
124
130
132
131
131
124
116
109
109
108
104
102
97
90
76
69
65
58
58
56
50
43
41
38
41
37
32
26
21
17
6
-8
-14
-27
-32
-36
-41
-41
-47
-50
-52
-66
-66
-71
-78
-75
-79
-81
-80
-82
-87
-91
-93
-92
-92
-90
-102
-112
-116
-123
-118
-124
-126
-126
-125
-124
-125
-117
-105
-89
-75
-65
-50
-38
-34
-27
-24
-16
-11
-2
1
4
15
19
18
19
16
21
20
21
24
21
30
28
31
37
44
49
53
59
68
76
83
93
95
99
105
111
106
111
112
113
117
116
114
110
109
100
99
96
89
82
77
69
61
50
45
42
32
24
13
10
6
3
7
-1
-7
-12
-12
-10
-9
-8
-8
-16
-23
-30
-34
-33
-27
-36
-35
-30
-38
-38
-39
-36
-44
-44
-45
-51
-58
-67
-74
-83
-82
-85
-86
-84
-84
-84
-80
-76
-73
-72
-70
-63
-64
-57
-52
-51
-47
-47
-45
-48
-44
-37
-33
-28
-22
-19
-12
-15
-15
-11
-15
-17
-15
-11
-9
-7
-6
-1
5
6
9
12
20
29
31
30
28
32
39
48
56
63
68
68
70
72
76
80
81
78
85
82
80
82
80
76
66
59
49
41
30
19
14
4
-5
-10
-17
-28
-36
-42
-50
-51
-57
-60
-57
-57
-58
-61
-52
-37
-21
-13
-4
9
14
19
20
27
33
35
43
37
38
38
37
35
27
22
16
12
13
15
23
24
22
20
22
17
17
21
21
19
17
18
13
11
4
-2
-7
-13
-28
-32
-30
-32
-32
-29
-22
-20
-15
-12
-3
2
3
6
11
17
23
26
21
21
15
11
10
1
4
5
1
-8
-13
-10
-13
-18
-25
-28
-40
-41
-47
-50
-49
-53
-56
-55
-57
-56
-54
-49
-47
-45
-46
-54
-55
-49
-49
-54
-49
-51
-52
-48
-44
-43
-36
-39
-38
-40
-34
-32
-30
-28
-31
-32
-31
-28
-34
-34
-34
-27
-22
-21
-20
-12
-6
0
3
7
12
19
27
33
41
48
55
54
64
62
61
66
71
78
86
94
95
95
90
86
84
78
84
79
80
80
81
81
83
83
81
78
77
84
78
77
80
74
73
78
75
75
69
67
64
61
59
50
49
40
32
30
26
27
20
14
2
-16
-24
-37
-49
-63
-69
-80
-88
-102
-119
-122
-125
-130
-129
-128
-126
-127
-127
-123
-123
-124
-124
-120
-117
-114
-108
-105
-106
-101
-97
-87
-83
-73
-56
-45
-39
-30
-22
-16
-12
-12
-7
0
9
15
12
12
16
20
21
21
16
22
27
29
31
27
33
33
33
35
33
35
41
39
42
46
49
48
50
53
52
45
44
48
54
63
70
74
76
75
68
62
55
47
48
48
42
32
33
38
33
24
14
12
12
5
0
1
-3
-3
-7
-8
0
-6
-7
-4
-6
-8
-8
-16
-18
-22
-38
-50
-55
-60
-63
-66
-68
-68
-71
-71
-69
-66
-67
-69
-66
-59
-56
-51
-59
-51
-45
-43
-31
-24
-12
-1
5
16
25
33
40
43
54
52
56
57
62
66
69
70
71
76
82
89
82
81
81
84
79
75
63
58
55
40
32
27
15
9
2
-1
-5
0
-8
-13
-18
-24
-23
-27
-21
-22
-19
-15
-11
-7
-7
0
-1
6
11
10
10
6
0
-6
-11
-17
-24
-31
-31
-39
-39
-39
-39
-40
-43
-43
-38
-40
-42
-39
-36
-34
-36
-40
-42
-45
-48
-50
-52
-50
-48
-51
-51
-47
-50
-50
-48
-43
-41
-37
-33
-39
-39
-35
-32
-27
-30
-26
-24
-20
-14
-11
-10
-14
-14
-19
-15
-8
-4
1
6
10
13
13
17
21
34
39
39
40
38
44
45
52
55
56
54
55
59
64
68
73
72
76
78
78
82
81
84
87
78
72
71
59
53
51
41
36
24
19
15
12
8
5
3
1
-3
-3
-6
-17
-16
-12
-11
-7
-8
-2
2
-3
-2
-5
-4
-7
-10
-11
-15
-24
-31
-37
-40
-44
-45
-45
-49
-52
-50
-47
-51
-55
-57
-56
-61
-54
-49
-47
-37
-41
-41
-34
-33
-28
-28
-30
-27
-25
-22
-23
-17
-13
-13
-15
-14
-16
-8
-6
-9
-10
-20
-18
-11
-10
-1
6
7
6
4
4
5
12
9
11
16
16
22
27
36
48
60
63
69
74
77
85
92
89
88
90
86
86
87
77
68
66
61
60
49
38
27
18
3
-9
-18
-34
-35
-44
-48
-52
-60
-71
-81
-89
-95
-101
-99
-102
-105
-104
-101
-94
-90
-85
-81
-81
-72
-64
-52
-47
-42
-33
-29
-17
-12
-11
-12
-4
0
4
10
14
13
16
19
20
27
31
36
42
44
45
49
52
57
59
69
76
75
76
73
78
74
72
73
68
61
54
47
44
38
29
23
12
11
4
-7
-12
-20
-26
-28
-32
-36
-34
-34
-39
-39
-42
-37
-34
-25
-18
-8
2
11
18
25
30
34
37
42
44
41
45
46
43
42
32
19
15
6
0
2
-7
-7
-7
-9
-13
-27
-29
-40
-44
-43
-52
-51
-55
-54
-58
-66
-63
-64
-70
-65
-72
-68
-60
-59
-43
-38
-39
-42
-39
-36
-30
-23
-15
-7
-4
-5
4
5
5
8
4
10
9
16
28
36
32
32
33
35
37
33
39
40
37
34
38
49
49
47
52
54
51
50
51
43
43
32
23
19
11
4
-2
-13
-23
-28
-30
-30
-30
-34
-32
-25
-21
-20
-18
-15
-8
-1
4
8
19
25
29
34
33
34
36
39
39
41
41
38
38
35
27
23
17
6
-4
-15
-24
-28
-34
-40
-43
-43
-53
-58
-67
-67
-67
-69
-64
-57
-54
-52
-50
-46
-45
-43
-33
-38
-29
-21
-25
-17
-18
-14
-4
-3
-6
-2
1
7
15
12
15
9
8
9
15
14
21
21
18
18
11
16
17
21
24
26
31
28
32
36
32
39
37
41
45
50
54
47
44
41
38
36
38
41
37
40
40
41
34
31
32
26
20
15
12
11
8
4
-1
-6
-12
-19
-19
-23
-30
-36
-37
-36
-37
-36
-32
-24
-23
-17
-12
-6
-1
-5
-3
-4
-6
-3
0
-3
-3
-9
-21
-22
-25
-29
-27
-38
-44
-47
-54
-54
-58
-60
-57
-55
-55
-54
-52
-48
-41
-35
-37
-32
-25
-20
-14
-9
-9
-2
3
5
7
8
12
12
14
18
19
31
30
32
37
38
38
37
36
37
39
44
49
47
40
35
35
29
22
17
19
19
17
12
10
10
5
11
13
19
22
23
26
28
28
23
19
20
12
9
13
12
12
10
6
-4
-7
-16
-15
-24
-30
-31
-40
-39
-41
-47
-50
-53
-51
-52
-45
-43
-43
-40
-42
-38
-36
-28
-25
-22
-15
-10
0
4
11
18
19
26
32
37
36
37
33
34
43
39
33
37
42
38
33
35
32
30
30
29
28
28
33
37
42
37
35
37
29
29
25
21
23
22
19
14
7
1
-1
-3
-7
-13
-11
-11
-12
-21
-22
-25
-24
-28
-34
-29
-32
-31
-33
-32
-34
-33
-38
-34
-37
-39
-28
-21
-23
-18
-14
-10
-4
-10
-9
-8
-11
-17
-16
-21
-16
-11
-17
-16
-24
-28
-40
-45
-40
-45
-40
-40
-43
-43
-45
-42
-38
-39
-32
-31
-28
-27
-31
-20
-21
-19
-15
-13
-6
-7
-3
2
10
11
13
18
26
23
33
44
50
53
56
60
60
58
53
50
45
50
52
52
53
55
52
49
48
44
43
43
47
46
45
52
48
45
46
40
26
10
4
-4
-2
-1
3
1
-2
-1
-7
-8
-11
-13
-14
-16
-15
-10
-13
-15
-15
-17
-16
-20
-13
-15
-14
-14
-17
-18
-17
-19
-17
-14
-8
-5
-6
-8
-12
-13
-11
-12
-8
-14
-18
-18
-25
-21
-20
-21
-29
-45
-56
-53
-32
-31
-36
-46
-53
-53
-54
-52
-53
-52
-48
-44
-47
-47
-54
-57
-40
-18
-7
-5
-11
-5
6
16
33
38
39
37
36
52
61
67
66
66
63
67
65
66
62
60
60
49
48
47
48
49
43
39
44
49
44
43
45
49
49
45
41
38
29
22
18
11
11
4
-3
-6
-6
-10
-16
-21
-21
-28
-32
-33
-40
-39
-43
-51
-52
-56
-59
-59
-61
-60
-54
-54
-55
-47
-47
-52
-57
-54
-52
-46
-40
-41
-40
-37
-38
-40
-36
-36
-31
-25
-24
-24
-21
-15
-12
-11
-13
-9
-5
0
4
7
13
15
20
28
28
29
38
37
40
41
50
56
54
50
48
38
31
27
22
32
33
39
40
44
46
48
45
39
44
39
37
42
44
47
43
39
38
29
22
14
12
13
10
13
20
24
17
16
8
2
-7
-16
-25
-27
-30
-36
-36
-37
-39
-38
-39
-38
-35
-37
-35
-35
-38
-36
-37
-37
-38
-42
-43
-47
-43
-41
-45
-45
-49
-49
-45
-45
-40
-37
-36
-34
-33
-25
-19
-12
-7
-6
-6
-2
0
-1
0
4
7
15
18
17
21
15
14
15
17
26
27
26
18
9
5
5
10
12
16
19
17
23
23
21
26
27
28
29
31
30
31
31
31
32
30
29
35
32
42
42
43
45
38
39
36
30
26
28
18
13
9
6
1
-1
-6
-7
-12
-17
-24
-21
-14
-16
-9
-8
-9
-10
-8
-12
-14
-11
-15
-14
-15
-16
-17
-23
-30
-31
-32
-36
-37
-42
-42
-43
-37
-34
-31
-27
-23
-23
-22
-18
-12
-10
-20
-19
-22
-18
-14
-13
-19
-20
-17
-17
-13
-9
-7
-10
-9
-10
-6
0
4
7
15
8
7
10
8
16
14
8
7
8
12
12
11
15
14
12
9
4
11
15
23
28
29
29
34
31
33
33
28
28
26
29
25
27
31
31
33
31
29
30
33
29
30
22
23
25
21
21
17
14
9
3
0
-1
-2
0
1
-2
-3
-3
-3
-3
-1
0
-4
-9
-10
-9
-8
-9
-7
-12
-22
-24
-29
-33
-31
-33
-32
-37
-41
-45
-50
-53
-51
-51
-50
-45
-42
-41
-35
-32
-29
-31
-29
-27
-23
-21
-18
-13
-14
-7
-8
-4
0
-2
-6
-11
-9
-8
-6
-1
0
0
-5
-2
-5
-4
-1
8
15
16
17
20
22
21
21
22
24
24
27
29
32
37
37
38
40
40
35
34
33
28
25
22
24
19
17
13
14
8
5
12
13
13
15
17
12
14
17
9
6
2
3
-4
-12
-19
-24
-25
-29
-26
-30
-30
-31
-31
-26
-26
-24
-25
-28
-27
-28
-21
-20
-18
-17
-15
-18
-19
-16
-15
-12
-10
-7
-6
-3
-3
-5
-5
-3
5
4
5
7
5
6
9
12
20
18
17
18
24
26
25
27
30
29
29
30
24
24
15
19
20
21
23
24
27
20
16
20
17
15
15
20
23
20
21
14
14
17
17
13
9
3
-3
-1
-4
-7
-11
-8
-12
-17
-23
-21
-17
-11
-4
-9
-10
-16
-21
-24
-23
-25
-27
-24
-24
-23
-20
-18
-20
-19
-16
-13
-14
-13
-15
-15
-12
-13
-13
-10
-11
-17
-14
-8
-8
-7
-12
-11
-10
-7
-1
-3
-6
-7
-10
-7
-7
-3
0
0
2
-4
-1
1
-3
-1
1
0
-4
-6
-7
-9
-8
-4
-6
-6
-4
-2
-4
-6
3
7
5
9
10
10
6
7
7
9
11
10
13
8
5
7
5
3
6
7
8
6
9
9
10
6
6
10
8
10
7
7
9
10
14
16
15
15
9
8
10
11
11
9
10
8
7
6
4
2
3
0
-5
-3
-5
-6
-5
-1
2
7
10
14
17
18
18
12
11
9
9
4
3
3
3
3
0
-5
-9
-8
-8
-4
-4
-5
-4
-6
-10
-5
-4
-6
-7
-6
-4
-4
-9
-8
-11
-12
-15
-18
-17
-20
-12
-10
-13
-12
-12
-12
-13
-12
-7
-5
-5
0
3
-1
-1
4
3
5
4
5
8
8
9
9
11
10
9
9
0
3
-2
-3
0
-2
-4
-4
-8
-9
-5
-7
-6
-6
-5
-6
-6
-11
-13
-17
-18
-21
-24
-24
-20
-18
-21
-24
-28
-20
-20
-21
-17
-16
-14
-14
-13
-12
-4
-1
1
1
0
5
8
10
15
18
18
20
24
22
26
28
29
31
31
31
31
30
27
25
22
19
14
8
10
10
13
13
15
17
15
18
19
16
18
20
15
21
19
19
19
16
14
10
9
10
12
8
5
5
3
2
2
1
-2
1
1
-2
-4
-4
-8
-9
-14
-16
-19
-22
-18
-16
-15
-13
-8
-4
-4
-7
-4
-10
-12
-13
-13
-14
-13
-11
-12
-11
-13
-16
-18
-19
-20
-13
-10
-25
-38
-38
-28
-16
-16
-24
-35
-36
-26
-18
-15
-17
-14
-11
-5
1
-6
-8
-8
-1
12
17
8
-6
-4
-3
7
11
13
9
-1
9
16
24
25
19
17
14
15
20
17
13
12
16
17
13
12
17
13
16
21
24
24
16
14
16
17
17
19
15
13
8
10
9
6
1
1
1
-2
-1
-4
-7
-8
-12
-14
-12
-12
-12
-12
-14
-15
-18
-21
-20
-15
-21
-26
-22
-22
-20
-17
-15
-18
-16
-14
-11
-9
-4
-5
-2
0
-2
0
1
6
2
4
1
1
1
-1
0
1
-1
-1
3
4
5
10
12
9
11
9
5
9
9
9
9
9
9
7
7
5
5
2
4
5
5
6
5
7
6
9
6
11
12
12
16
15
16
14
13
12
9
6
9
8
5
6
7
10
7
11
14
11
8
9
11
15
17
18
15
10
5
3
0
-2
-4
-6
-5
-5
-7
-7
-9
-13
-14
-14
-17
-19
-16
-15
-17
-17
-15
-16
-18
-19
-17
-20
-21
-23
-22
-23
-25
-25
-24
-21
-21
-21
-24
-25
-24
-25
-25
-22
-20
-15
-15
-14
-8
-4
-5
-6
-6
-3
6
5
7
10
9
7
11
14
13
12
12
10
8
10
7
6
10
7
10
10
15
16
11
11
13
14
13
15
19
24
21
19
22
22
23
21
24
23
23
24
23
20
15
13
13
10
6
5
1
0
2
3
2
3
3
1
-1
-1
1
0
-2
-5
0
-1
0
0
-2
-4
-6
-12
-12
-15
-15
-12
-13
-14
-16
-16
-18
-17
-18
-17
-16
-13
-10
-8
-12
-8
-5
-6
-4
-5
-7
-4
-4
-4
-4
-7
-8
-8
-13
-11
-8
-5
-3
-1
-4
-5
-2
-2
6
8
10
13
12
12
11
12
12
14
14
13
14
14
12
10
8
6
5
2
1
-1
-1
1
-1
-2
-4
-3
-2
-2
-2
-3
-3
-1
-1
-1
1
4
3
2
3
1
3
2
0
-1
-4
-4
-3
-2
-4
-6
-6
-10
-12
-13
-10
-10
-5
-8
-13
-14
-14
-17
-16
-16
-19
-15
-17
-15
-15
-13
-9
-7
-6
-6
-4
-3
1
5
7
10
9
9
8
6
7
8
10
9
7
7
7
8
9
11
13
13
15
14
18
18
19
18
19
19
20
21
19
16
18
15
14
12
9
10
9
8
9
7
6
4
2
1
-1
0
-1
-3
-6
-5
-5
-6
-9
-9
-10
-11
-11
-14
-17
-18
-17
-17
-15
-12
-14
-12
-12
-10
-7
-8
-8
-4
-2
-1
-3
-2
-3
-4
-6
-8
-9
-10
-9
-7
-7
-4
-5
-6
-4
-4
-2
2
5
2
3
5
4
5
7
9
8
8
6
6
7
3
1
-1
-1
-4
-4
-3
-2
-1
1
1
2
3
1
3
3
4
2
2
2
3
4
6
6
6
4
0
-3
-2
2
0
-2
-5
-7
-5
-3
-2
-1
-1
0
0
-1
0
-1
1
5
5
5
6
6
6
2
0
3
2
-2
-7
-6
-7
-4
-3
-4
-3
-5
-3
-4
-3
-4
-5
-6
-5
-4
-7
-6
-8
-8
-7
-6
-4
-2
-2
-3
-2
-1
0
2
1
0
2
3
4
10
11
12
10
8
8
6
8
8
8
5
10
10
9
7
4
2
2
1
-2
-2
0
-1
-1
-1
-1
-2
0
1
1
-1
0
0
0
-1
-3
0
-1
0
-1
-2
0
0
1
1
3
5
6
3
4
2
1
4
4
4
4
4
5
7
10
10
11
7
10
7
8
9
12
12
12
8
6
6
3
2
-1
0
-2
-4
-5
-5
-7
-9
-9
-13
-15
