-5
-4
-3
-3
-3
-3
-1
-2
-3
-4
-4
-3
-3
-2
-2
-3
-2
-2
-2
-3
-1
-2
-2
-1
-1
-1
0
1
0
0
0
-1
-1
-1
-2
-2
-1
-2
-1
0
0
0
0
1
1
1
0
1
1
0
1
1
0
3
3
3
2
3
3
2
2
1
2
2
1
2
1
0
0
-1
0
-1
-1
-1
-1
-1
-3
-2
-2
-2
-4
-3
-2
-4
-3
-3
-3
-2
-2
-2
-1
0
-2
0
-1
0
0
0
1
0
1
1
1
1
1
2
2
2
2
3
3
3
4
5
4
3
4
5
5
5
5
5
6
5
6
5
6
5
5
5
4
3
3
2
2
2
3
2
1
2
2
1
1
3
2
2
2
1
2
2
2
1
0
-1
-1
-1
-2
-2
-1
-2
-2
-3
-3
-3
-3
-3
-5
-4
-4
-4
-4
-5
-4
-6
-6
-5
-6
-4
-5
-5
-5
-5
-5
-6
-6
-5
-6
-5
-5
-4
-3
-4
-2
-2
-2
-2
-2
-1
-2
-2
-2
-3
-2
-2
-1
-1
0
1
1
1
1
2
2
1
2
1
0
1
1
1
2
2
3
2
2
2
3
2
2
2
2
3
3
2
3
2
2
2
1
0
0
1
2
2
1
2
1
0
0
0
-1
-1
-1
-1
-1
-1
0
0
-1
-1
-1
-1
-1
-2
0
0
0
1
1
3
3
3
4
4
4
4
4
3
4
5
5
5
5
5
5
5
5
6
5
4
4
3
3
3
3
3
2
1
2
1
-1
-1
-1
-2
-2
-2
-2
-2
-3
-2
-3
-3
-5
-4
-4
-4
-4
-4
-4
-4
-4
-6
-6
-6
-6
-6
-6
-6
-6
-5
-6
-6
-6
-5
-4
-5
-5
-5
-4
-4
-4
-3
-3
-2
-2
-1
-1
0
1
1
1
2
2
2
2
3
4
3
3
4
5
4
4
4
4
3
4
3
3
3
3
2
2
3
2
2
3
2
2
2
1
1
2
2
2
2
1
1
1
1
0
1
0
0
0
0
0
0
0
0
0
-1
-1
-1
0
-1
-2
-1
0
0
0
0
-2
0
-2
-3
-3
-3
-2
-3
-3
-2
-2
-3
-1
0
0
0
1
1
1
0
0
1
1
1
1
1
1
2
0
1
1
1
3
3
3
3
3
2
3
3
3
2
3
3
2
2
1
1
1
1
1
1
0
0
1
1
1
0
1
0
0
0
0
-1
-2
-3
-3
-3
-4
-4
-4
-5
-4
-4
-4
-4
-4
-3
-3
-3
-3
-3
-2
-3
-1
-2
-2
-1
0
0
0
2
1
1
2
3
2
3
2
2
3
3
3
3
2
2
2
2
3
3
2
2
2
3
2
1
1
2
1
1
1
1
1
2
2
1
2
1
1
1
0
0
-1
0
0
0
0
-2
-1
-3
-2
-4
-2
-3
-3
-3
-4
-4
-3
-2
-2
-3
-2
-2
-2
-1
-2
-3
-2
-2
-3
-3
-2
-2
-1
0
0
0
-1
-1
-1
-2
-2
-1
-1
-1
-1
0
-1
-2
-1
0
-1
-1
-2
0
0
1
1
2
3
3
3
3
3
2
2
3
3
3
3
3
3
3
3
3
3
4
3
3
3
3
2
3
3
2
2
1
2
2
1
1
2
1
1
0
1
0
0
1
0
1
1
1
0
0
-1
0
0
-1
0
0
0
-1
0
-1
-1
-1
-1
0
0
1
1
1
1
1
1
0
1
0
0
0
0
0
0
1
0
0
0
0
-1
-2
-2
-3
-2
-2
-2
-3
-3
-3
-3
-3
-3
-3
-2
-2
-3
-2
-3
-3
-4
-4
-3
-4
-3
-3
-4
-3
-4
-4
-4
-2
-4
-2
-3
-3
-2
-2
-3
-3
-3
-2
-1
-1
-2
-1
-1
0
-1
0
0
0
2
1
1
1
2
3
4
4
4
5
5
5
6
7
6
7
7
6
6
6
6
5
6
4
4
4
4
4
3
4
3
2
2
0
-1
0
0
0
-1
-2
-2
-3
-3
-4
-4
-4
-3
-2
-3
-3
-2
-3
-3
-3
-4
-3
-2
-2
0
-2
-1
-1
0
-1
-1
-1
-1
0
-1
-1
-1
-2
-1
0
0
1
1
2
2
2
2
3
2
3
2
1
2
1
2
1
2
3
3
4
4
3
5
4
4
4
3
4
4
4
4
3
3
2
1
0
0
-1
-1
-2
-1
-2
-2
-3
-3
-4
-4
-4
-4
-4
-4
-4
-5
-5
-5
-5
-5
-5
-5
-6
-6
-5
-6
-6
-6
-5
-4
-5
-4
-5
-4
-3
-2
-3
-3
-2
-1
-1
-1
-1
-2
0
0
0
1
0
1
3
1
2
3
2
4
5
4
5
4
4
7
6
6
7
7
7
6
6
3
6
6
6
6
6
7
6
6
3
4
4
3
2
4
4
0
0
-2
-1
-4
-5
-6
-7
-5
-6
-5
-6
-6
-6
-5
-3
-6
-8
-5
-4
-2
-3
-2
-1
-1
-3
-3
0
-1
0
0
-1
-1
-2
-2
0
-1
-1
1
0
-1
-1
2
4
3
2
1
0
1
2
3
3
2
-1
1
0
2
3
1
0
2
4
4
2
1
3
1
-1
2
2
4
1
-1
-1
-1
0
2
2
3
3
1
2
-1
-3
-2
1
1
-1
2
2
1
1
0
-3
1
2
3
2
-2
-2
0
-3
-2
-1
-1
0
-4
-3
-2
-4
-3
-2
-2
-2
-2
-1
0
1
-1
-4
-1
2
-1
0
1
1
1
3
4
2
-2
-3
-1
0
-1
-1
0
-2
-2
-3
-5
-5
-2
0
-2
-3
-2
0
-3
-2
-1
-1
2
2
2
3
3
1
1
-2
-2
-1
-2
-3
-2
-2
0
0
2
2
-1
0
0
-2
0
0
-4
-4
0
1
1
1
1
1
0
1
1
-1
3
5
5
6
4
5
4
4
7
4
6
5
5
4
5
6
5
3
1
-2
-3
-2
-2
-1
1
4
4
3
5
2
-3
0
0
1
0
1
4
0
-1
-1
-4
-7
-2
-4
-3
0
1
-1
-2
1
-3
-4
-4
-5
-4
-3
-3
-2
-2
-3
-2
-1
0
0
0
0
0
-3
-2
-2
-1
-4
-5
-3
-5
-3
-5
-4
-3
-3
0
-3
-2
-1
-2
-1
0
2
4
1
2
2
6
1
8
-38
-42
42
34
-12
21
32
-16
-2
23
-13
-47
18
49
12
-2
37
-26
-114
25
76
-17
12
78
-38
-89
37
24
-74
-3
81
14
-7
55
1
-81
-6
69
11
2
24
-30
-65
-8
23
-23
6
23
-86
-110
1
-27
-39
63
37
-35
14
45
-41
-39
35
48
45
57
39
-10
-23
11
15
9
22
11
-27
-28
-2
-30
-44
19
-2
-28
6
-4
-38
-17
-8
-4
6
-6
16
30
-21
-5
22
-7
-5
75
-52
-60
112
-40
-57
63
14
-24
59
84
-19
-47
16
8
-26
12
78
-23
-44
54
-20
-50
30
-27
-21
77
8
-21
-4
-46
-38
29
47
14
28
-12
-55
-2
-14
2
31
51
25
-7
-7
-14
-83
-19
41
7
-2
16
-42
-67
9
-10
22
59
16
1
33
2
-36
-4
48
28
24
58
1
-77
-25
-2
-29
25
9
-30
-7
-24
-46
-37
-14
27
-14
18
44
-38
-71
-22
45
-23
0
79
-29
-47
25
-57
-32
5
18
27
11
4
-42
-13
-26
19
10
11
78
-28
-48
31
-8
-53
46
27
14
-17
-23
3
-37
-19
32
37
-20
12
25
-30
5
-9
6
51
40
-4
5
-1
-25
-3
24
-12
14
2
-14
24
-50
-35
24
24
31
48
-31
-14
27
-41
18
60
-6
5
40
23
-28
-56
24
31
8
36
20
-55
-44
40
5
-17
38
-1
-7
15
-1
-40
-57
34
16
-5
7
9
-37
9
-4
-2
-12
7
-5
-10
42
-24
4
25
-22
23
32
-29
3
6
-23
-27
-14
34
0
-24
39
4
-38
12
29
-32
-22
43
-31
24
11
-8
-23
-30
-1
-18
-25
9
15
-60
5
23
-42
-27
-4
-22
31
34
-13
3
-14
-45
15
26
35
-5
-62
43
3
-79
20
16
-67
17
73
-8
-80
2
-18
-50
66
17
0
-32
3
-2
-64
37
58
-50
57
76
-45
-36
1
-6
3
37
78
2
-57
11
-20
-14
2
39
-3
33
18
-12
-15
13
15
22
29
54
-21
-50
-1
-11
28
-5
11
30
-1
-20
-14
-11
1
32
44
32
-24
-13
5
-10
15
11
23
28
5
-1
-39
-9
18
9
-7
14
13
-14
-55
-44
-12
8
43
25
-26
-39
-22
1
43
30
-33
15
13
35
15
-20
-23
-17
12
51
17
-12
-22
-38
14
-5
13
-48
1
10
-34
-17
-2
-41
-63
5
21
-13
-32
-7
-38
-2
-5
-13
-25
21
-1
-8
30
40
-19
-26
16
1
15
61
75
2
-38
-41
-17
-19
63
8
-41
-6
-29
-27
35
-22
-50
-13
68
60
20
-2
-73
-101
46
114
50
56
16
-49
-40
41
4
-48
38
27
-16
53
22
-114
-59
20
35
19
88
47
-62
-31
18
-34
-13
108
14
-35
69
-7
-86
18
44
-11
44
63
-31
-33
-12
-42
-76
12
52
-28
-18
17
-66
-85
27
21
-9
47
42
-27
-41
-4
3
-2
57
16
-41
24
37
-44
-30
60
6
-56
33
29
-57
-23
-26
-13
-7
-35
-21
-30
6
-2
-73
57
82
-27
-37
27
14
-26
16
48
17
-36
-6
27
13
-30
-26
-18
14
48
6
-1
20
-21
-13
14
15
10
18
12
-9
4
-22
-32
-14
-8
7
3
6
35
-5
-73
-13
25
-3
46
51
12
-5
-9
-16
2
19
11
14
13
0
-33
-46
-9
-3
-12
37
28
1
4
-27
-16
-19
1
14
22
63
19
-44
-31
-12
-1
8
26
25
9
-19
-50
-28
-3
-44
1
73
61
14
-6
-22
-45
-27
19
81
44
-1
-1
-32
-64
-13
-1
-8
61
32
1
-24
-31
-36
-33
12
55
50
-4
-14
-28
-52
-25
8
7
18
-9
-69
-62
-5
-17
-9
22
3
18
40
17
-29
-5
24
26
49
42
14
-50
-43
5
9
34
48
1
-18
17
12
-14
2
3
-14
24
32
-20
-31
-30
-21
11
35
32
-11
-8
-6
-10
22
31
22
18
10
21
5
8
2
-5
10
0
-7
19
-8
-25
-34
-27
-33
-41
-17
-14
-24
-27
-34
-14
-13
-14
-23
-14
5
3
17
-5
-18
-4
-14
-2
62
33
-8
9
3
1
6
-8
-38
-23
13
14
3
9
-20
-57
-25
46
43
14
3
-10
-41
-30
9
22
55
7
-8
29
7
13
14
5
17
52
26
-9
34
-1
-57
-10
46
42
19
9
1
-27
-2
27
33
24
1
-27
16
23
-29
-26
-29
-17
-10
1
-13
-26
-32
-21
5
59
52
23
16
-13
-21
14
37
5
-2
0
-10
-17
-20
-36
-33
-11
-6
16
13
1
-24
-35
8
6
1
22
7
-21
9
23
-24
-11
-9
-36
6
33
16
-13
-3
-13
-35
-12
8
18
-6
-6
-8
-38
-29
-6
-15
-12
7
5
-5
-15
-17
-7
0
13
13
7
-1
-10
-11
-11
3
41
44
15
8
11
-5
-31
33
40
28
25
-4
-4
2
-14
-24
9
5
-12
-13
-20
-41
-57
-41
-29
-4
-11
-29
-35
-26
-46
-35
5
32
31
12
32
29
-1
12
33
43
57
50
32
20
-2
-18
13
25
8
11
-4
-16
-25
-36
-35
-2
8
5
15
-9
-46
-29
-10
-5
20
26
34
33
14
18
0
-12
36
61
47
64
35
-12
-5
16
13
33
31
28
25
-11
-23
-29
-24
-23
22
36
9
5
-14
-55
-27
-13
-18
15
19
-3
-32
-50
-59
-42
-10
24
13
-6
-20
-33
-33
-30
-15
2
30
25
4
-15
-14
-33
-28
46
37
14
6
-12
-33
-17
12
4
22
7
0
0
8
-11
-19
-9
19
27
-12
9
12
-12
-14
12
-5
5
-4
-19
3
-23
-40
-19
6
0
-12
-1
-5
-25
-30
-10
8
9
24
25
11
5
-7
-16
8
48
21
8
21
-6
-33
-4
14
-4
-21
-27
-8
-11
-34
-52
-31
-31
-27
7
11
10
-13
-29
1
23
13
35
41
5
-7
28
35
23
16
22
35
43
22
4
11
-8
-2
4
5
16
17
-6
-18
-24
-9
23
26
-4
-21
-8
7
39
15
-11
15
16
22
28
20
0
17
19
2
10
1
3
17
6
-22
-14
3
19
5
-28
-22
7
27
8
-14
-49
-36
-3
-8
-11
-5
-20
-16
-6
-45
-27
13
21
-1
-19
-17
-12
0
8
-12
-13
15
50
8
-44
-19
-32
-19
22
14
-6
-9
-16
-30
-27
4
23
15
12
-9
-22
-26
-13
18
30
3
7
7
10
-29
-46
-26
21
56
22
-15
-16
-12
-41
-20
15
10
12
34
-3
-60
-60
-23
9
10
3
-23
-15
4
-25
-61
-37
8
35
33
21
-4
-42
-42
1
20
34
45
41
25
-28
-51
-14
43
43
26
37
21
6
9
27
52
43
44
60
72
38
13
6
26
53
54
35
34
43
-17
-20
22
39
39
19
0
-9
-34
-18
0
-19
-23
-9
25
-5
-43
-35
-23
-20
0
-11
-26
-40
-21
-37
-69
-42
1
12
-18
-40
-51
-32
-24
-28
-56
-36
-12
2
-16
-28
-41
-49
-37
-3
-4
0
-6
-22
-31
-39
-26
-34
-12
-7
-37
-36
-13
-35
-33
-15
-12
-3
18
44
44
37
2
7
54
85
93
81
88
100
85
74
83
84
79
92
98
99
72
48
33
54
62
52
65
56
42
6
-13
-1
29
8
-7
-2
-34
-56
-36
-19
-46
-43
-25
-11
-26
-51
-78
-69
-44
-32
-47
-80
-100
-82
-89
-75
-87
-119
-102
-70
-57
-71
-86
-115
-94
-74
-74
-54
-44
-68
-72
-54
-33
-45
-49
-49
-62
-24
-15
-13
-33
-52
-82
-66
-6
-17
-67
-49
-46
-62
-36
-19
-20
-13
22
23
21
63
90
79
110
157
177
209
239
237
241
265
282
296
305
334
306
273
279
283
230
193
199
161
122
86
35
6
-32
-64
-70
-55
-67
-135
-174
-166
-133
-132
-85
-47
-57
-73
-65
-65
-77
-40
-2
23
7
-4
-56
-83
-38
-73
-97
-77
-54
-75
-138
-210
-201
-192
-172
-141
-126
-138
-168
-191
-208
-193
-172
-118
-94
-99
-154
-189
-194
-209
-252
-287
-209
-138
-110
-166
-287
-350
-356
-300
-243
-217
-206
-165
-95
-91
-110
-82
2
159
307
405
475
528
560
612
690
784
905
987
1007
919
804
729
678
672
632
528
380
202
41
-80
-184
-255
-240
-265
-337
-411
-507
-573
-528
-436
-395
-303
-225
-179
-163
-130
-76
0
141
290
340
299
303
260
259
331
329
234
228
215
69
-43
-116
-254
-337
-354
-392
-447
-475
-525
-670
-746
-672
-581
-539
-481
-475
-552
-633
-699
-752
-697
-361
-80
-49
-263
-584
-700
-621
-422
-352
-325
-206
-25
33
-119
-367
-465
-193
401
804
856
701
469
401
567
883
1174
1365
1345
1142
900
723
683
744
863
819
605
390
284
142
-53
-231
-278
-156
2
4
-190
-437
-567
-501
-280
-33
48
-19
-116
-141
-71
51
204
332
414
401
358
371
373
335
332
393
418
371
281
124
-66
-203
-248
-242
-221
-328
-552
-769
-870
-821
-771
-713
-673
-711
-761
-750
-702
-618
-513
-392
-297
-279
-320
-525
-719
-691
-414
5
155
-115
-601
-895
-823
-574
-465
-475
-444
-294
-110
-127
-424
-630
-436
163
778
1053
955
609
368
546
970
1341
1575
1565
1314
1046
855
793
908
1049
936
638
361
208
77
-43
-137
-221
-218
-129
-65
-220
-422
-564
-500
-203
135
247
130
-10
-48
65
283
504
609
634
597
512
402
338
353
434
513
495
330
169
-48
-195
-269
-322
-306
-316
-433
-666
-851
-981
-974
-876
-737
-684
-758
-870
-887
-839
-739
-545
-418
-277
-231
-309
-471
-683
-769
-606
-204
160
165
-327
-868
-1054
-862
-541
-380
-443
-480
-369
-254
-347
-555
-585
-272
378
936
1029
755
453
382
665
1148
1589
1734
1553
1273
981
796
843
1025
1121
1058
799
373
53
-41
-44
-68
-62
-83
-119
-168
-313
-492
-546
-391
-87
172
242
125
-27
-67
79
338
562
727
733
600
377
248
266
421
554
558
409
136
-95
-272
-319
-275
-241
-316
-431
-596
-758
-948
-1008
-915
-778
-634
-618
-718
-862
-883
-845
-644
-377
-195
-131
-155
-284
-470
-587
-588
-469
-215
83
99
-277
-815
-1110
-980
-559
-299
-416
-611
-639
-488
-379
-431
-492
-319
161
703
895
762
470
357
645
1116
1482
1627
1519
1284
1043
856
834
984
1130
1094
837
444
165
59
61
102
75
-39
-113
-132
-222
-304
-367
-297
-41
181
225
122
-23
-55
110
371
542
603
550
385
268
219
293
457
526
426
233
29
-130
-137
-124
-154
-213
-298
-425
-553
-651
-765
-810
-736
-630
-623
-664
-770
-893
-917
-792
-536
-355
-271
-321
-430
-518
-566
-612
-590
-443
-246
-36
-74
-367
-795
-1012
-811
-434
-239
-334
-559
-662
-552
-414
-379
-369
-212
98
473
628
534
386
391
639
1023
1305
1406
1385
1169
945
834
856
1023
1164
1131
857
489
210
147
216
282
248
141
53
-52
-206
-312
-263
-90
146
259
157
-36
-112
-4
205
437
541
503
406
289
221
252
333
432
473
370
212
48
-62
-96
-94
-105
-129
-201
-331
-478
-612
-701
-694
-625
-530
-534
-646
-781
-858
-833
-730
-620
-521
-438
-456
-542
-637
-675
-728
-701
-590
-450
-269
-233
-469
-821
-962
-790
-473
-315
-404
-607
-638
-482
-357
-360
-385
-231
105
476
613
510
369
413
661
965
1234
1345
1259
1152
1013
863
853
1007
1154
1066
773
449
254
225
259
293
234
147
93
37
-38
-98
-91
77
307
379
271
154
154
240
393
521
568
547
494
416
345
318
334
385
406
315
170
44
5
-8
-79
-138
-203
-301
-397
-519
-640
-725
-740
-724
-703
-740
-822
-930
-962
-918
-863
-760
-656
-647
-657
-660
-685
-706
-773
-753
-616
-389
-246
-338
-641
-879
-829
-568
-378
-426
-557
-597
-486
-352
-321
-394
-373
-117
269
525
517
394
347
489
813
1138
1318
1321
1184
1007
909
968
1086
1166
1137
958
689
499
411
428
441
351
274
238
226
191
100
10
90
265
408
422
301
134
87
232
419
516
490
380
246
157
162
211
255
303
243
121
-5
-84
-99
-123
-154
-209
-311
-394
-449
-540
-629
-692
-707
-682
-658
-705
-771
-811
-846
-831
-757
-643
-569
-537
-536
-552
-631
-735
-777
-676
-456
-273
-308
-565
-831
-899
-731
-497
-447
-576
-639
-516
-390
-367
-461
-499
-281
71
379
443
336
200
196
410
773
1115
1198
1068
860
735
806
979
1154
1156
993
741
574
555
571
536
449
389
385
415
366
219
78
28
154
382
539
458
241
123
164
347
523
587
499
335
248
253
308
399
414
340
239
185
130
66
47
17
-63
-144
-210
-273
-344
-455
-565
-626
-617
-613
-609
-620
-697
-771
-796
-752
-667
-624
-655
-633
-574
-576
-654
-817
-848
-670
-381
-215
-341
-706
-971
-898
-628
-491
-595
-712
-667
-545
-522
-623
-724
-597
-275
77
262
237
132
39
151
479
830
1068
1091
923
726
694
853
1042
1094
998
844
690
628
618
589
521
398
312
333
365
311
169
40
36
184
342
417
337
197
155
238
409
532
510
409
342
355
416
449
425
406
378
320
265
215
185
148
80
-20
-114
-210
-284
-339
-389
-485
-588
-640
-624
-606
-650
-704
-696
-645
-636
-632
-595
-552
-520
-511
-555
-701
-785
-707
-452
-243
-346
-685
-975
-945
-728
-595
-676
-770
-756
-686
-656
-713
-774
-690
-431
-104
121
170
57
-7
101
397
781
1040
1087
886
715
729
895
1073
1095
986
839
722
634
621
576
479
383
288
251
292
293
207
91
10
70
223
365
347
212
126
229
417
537
531
407
361
435
527
587
583
526
440
382
398
408
377
328
240
129
47
-41
-97
-116
-196
-305
-374
-438
-504
-566
-563
-562
-588
-618
-668
-690
-697
-681
-627
-585
-647
-830
-951
-906
-668
-417
-452
-730
-1006
-1045
-877
-727
-772
-836
-789
-692
-654
-730
-806
-712
-465
-144
112
204
151
27
33
307
737
1034
1018
779
593
678
908
1067
988
805
668
584
541
541
530
432
297
151
115
145
196
183
127
65
90
194
266
262
250
281
430
577
612
525
401
400
519
678
760
697
509
385
376
452
542
509
377
265
196
120
51
-22
-111
-177
-238
-334
-415
-499
-537
-538
-552
-569
-596
-633
-678
-688
-642
-553
-533
-616
-846
-958
-894
-630
-374
-449
-751
-1019
-1033
-848
-676
-707
-788
-792
-723
-675
-666
-714
-614
-440
-234
-5
130
112
-6
-48
182
634
939
868
562
368
513
832
995
967
745
465
319
328
461
571
501
289
77
21
104
197
227
213
200
236
250
217
187
242
404
572
671
691
613
488
433
566
792
921
859
664
521
529
599
660
601
472
371
291
200
115
43
-28
-116
-205
-291
-417
-468
-523
-529
-502
-513
-594
-712
-766
-690
-557
-475
-568
-756
-992
-1065
-856
-545
-310
-496
-918
-1180
-1076
-821
-711
-800
-878
-805
-708
-752
-828
-842
-689
-448
-209
25
115
-4
-179
-138
246
778
1018
823
458
266
435
781
1006
986
706
384
189
241
461
589
475
216
5
-17
76
152
145
156
169
175
152
124
127
196
332
486
608
617
511
414
479
682
854
868
735
583
536
598
680
718
635
486
374
303
267
219
150
64
-41
-137
-197
-285
-357
-434
-444
-370
-348
-481
-653
-724
-633
-445
-328
-460
-686
-963
-1045
-815
-494
-236
-401
-841
-1161
-1108
-810
-587
-652
-813
-839
-758
-679
-641
-663
-590
-413
-186
54
178
101
-35
-41
262
764
1066
932
523
257
348
752
1044
995
657
253
32
95
309
422
302
33
-206
-249
-175
-121
-98
-59
4
95
85
22
12
55
234
475
623
593
437
341
437
686
885
860
681
527
537
644
755
757
609
435
380
370
345
300
189
70
-47
-163
-214
-248
-323
-402
-427
-388
-365
-450
-624
-687
-570
-350
-219
-354
-642
-967
-974
-659
-257
-71
-399
-910
-1145
-916
-573
-467
-621
-778
-755
-656
-587
-572
-595
-507
-350
-131
165
279
141
-6
40
395
819
988
789
410
265
424
673
832
765
461
117
-46
6
184
235
50
-208
-358
-326
-263
-247
-248
-198
-121
-53
-34
-28
-13
68
240
439
551
505
392
374
543
781
889
780
559
444
525
735
885
833
599
371
290
361
435
374
229
64
-90
-154
-162
-200
-251
-345
-366
-317
-310
-382
-484
-501
-399
-221
-164
-295
-524
-801
-739
-396
-31
9
-458
-905
-947
-633
-402
-477
-745
-889
-760
-580
-504
-559
-604
-524
-362
-113
134
185
57
-79
76
539
893
844
537
289
348
611
736
691
448
185
3
-37
68
133
40
-199
-380
-391
-338
-286
-334
-343
-271
-178
-77
-54
-61
-39
82
300
517
555
441
346
429
710
945
940
745
514
469
639
863
943
784
514
331
350
441
438
286
77
-64
-172
-194
-221
-267
-312
-354
-351
-367
-367
-418
-438
-397
-285
-181
-241
-408
-569
-701
-541
-294
-122
-240
-671
-956
-862
-512
-352
-563
-869
-911
-707
-505
-441
-550
-621
-507
-282
10
211
198
68
5
219
652
927
808
511
262
345
704
873
793
381
8
-73
72
218
203
-52
-318
-375
-303
-194
-164
-296
-358
-289
-122
70
93
-7
-77
67
387
632
594
399
288
378
649
831
800
600
368
346
547
761
795
586
287
167
254
370
359
202
32
-76
-134
-129
-148
-194
-253
-293
-290
-272
-295
-379
-402
-319
-203
-124
-218
-406
-550
-656
-477
-239
-96
-192
-622
-918
-799
-449
-272
-468
-841
-930
-669
-400
-304
-428
-551
-425
-222
18
244
259
151
107
290
701
985
844
493
313
476
811
883
666
347
104
21
95
159
109
-50
-291
-411
-401
-342
-330
-402
-376
-276
-202
-156
-172
-181
-101
49
198
319
309
214
176
279
487
592
523
351
241
305
477
577
508
342
199
190
279
335
295
162
31
-26
-27
-21
-47
-123
-209
-225
-205
-180
-245
-302
-270
-163
-77
-89
-216
-382
-433
-462
-290
-88
-19
-172
-572
-783
-604
-253
-158
-422
-745
-757
-483
-259
-250
-374
-452
-312
-66
185
349
266
107
105
378
788
1018
837
454
303
472
777
853
639
293
41
-6
68
81
17
-149
-344
-390
-360
-349
-410
-469
-415
-269
-175
-177
-216
-242
-141
21
159
219
188
137
144
253
419
492
398
267
240
347
481
488
362
267
236
269
311
306
228
125
28
-36
-50
-31
-33
-98
-189
-221
-214
-215
-240
-266
-184
-81
-55
-109
-165
-216
-210
-196
-241
-176
-130
-94
-129
-320
-454
-430
-299
-256
-383
-556
-542
-381
-325
-354
-454
-490
-338
-137
64
150
72
-59
-19
241
614
723
520
274
181
367
628
703
552
296
36
-22
47
136
142
-50
-261
-366
-326
-250
-275
-371
-385
-304
-208
-126
-138
-196
-154
-37
124
266
263
196
177
245
348
440
443
423
414
390
398
389
416
432
393
353
301
266
210
156
106
89
88
15
-44
-136
-156
-160
-168
-177
-183
-148
-120
-107
-132
-120
-59
-86
-148
-262
-345
-241
-141
-5
-77
-362
-578
-557
-386
-280
-377
-583
-632
-555
-467
-422
-479
-466
-365
-178
11
65
-21
-100
5
316
621
652
489
284
315
513
725
737
568
333
142
115
198
266
208
-34
-264
-311
-218
-161
-236
-375
-346
-207
-99
-32
-70
-139
-136
-21
185
337
298
171
103
163
332
441
420
353
253
213
216
258
326
318
213
107
65
71
53
18
-37
-29
-62
-142
-210
-248
-229
-208
-213
-208
-189
-217
-254
-245
-136
-24
15
-78
-231
-283
-299
-179
-35
33
30
-204
-454
-525
-351
-134
-101
-345
-572
-552
-402
-283
-309
-394
-312
-136
-5
55
31
50
175
329
496
597
575
510
478
514
689
778
678
464
249
244
382
402
248
4
-199
-209
-132
-108
-205
-349
-425
-323
-151
-95
-149
-299
-331
-175
72
221
135
-28
-89
27
217
331
276
164
63
24
119
242
286
224
60
7
52
119
87
-10
-46
-22
26
-64
-181
-249
-198
-73
-34
-69
-187
-281
-270
-114
78
139
55
-120
-213
-134
-16
-8
12
14
19
-27
-213
-315
-235
-91
-36
-212
-450
-471
-332
-245
-265
-320
-325
-248
-213
-146
5
147
142
85
130
283
444
466
441
462
512
558
495
420
389
364
324
250
135
42
-49
-149
-188
-180
-222
-289
-384
-369
-243
-188
-232
-293
-282
-196
-87
-16
33
9
-35
-17
63
157
181
128
112
171
229
259
257
232
216
205
240
250
198
133
76
109
144
74
-29
-80
-38
41
56
-62
-158
-179
-107
44
115
94
-6
-88
-45
56
120
107
-31
-99
-98
-17
64
-19
-180
-282
-268
-212
-271
-440
-566
-493
-379
-308
-402
-593
-647
-520
-280
-111
-95
-218
-289
-204
36
301
407
387
307
300
373
457
544
553
463
317
204
164
160
123
45
-38
-92
-127
-165
-192
-195
-184
-163
-175
-147
-122
-112
-88
-21
99
172
129
39
28
132
247
325
320
285
266
247
265
311
354
347
291
227
192
195
191
175
149
135
110
73
8
-42
-63
-106
-100
-80
-74
-72
-102
-101
-70
-41
-4
32
1
-20
-80
-187
-177
-96
29
30
-212
-433
-488
-396
-333
-435
-637
-714
-645
-607
-627
-733
-762
-656
-512
-367
-286
-268
-296
-246
-44
280
484
446
349
331
539
787
851
783
670
565
516
502
476
465
377
196
101
60
24
-38
-160
-183
-126
-115
-183
-274
-286
-188
-63
-8
-28
-99
-143
-96
28
215
323
245
102
60
148
294
357
314
267
236
219
203
172
174
209
185
120
42
-28
-78
-101
-40
46
35
-87
-226
-219
-67
61
74
9
-34
-11
37
52
47
27
-83
-172
-136
-38
41
-83
-389
-537
-470
-340
-358
-601
-824
-808
-685
-644
-748
-909
-894
-707
-525
-384
-311
-310
-265
-111
159
437
557
538
518
617
803
936
890
778
710
668
653
564
446
349
238
138
76
26
-58
-165
-256
-271
-218
-215
-239
-294
-272
-203
-154
-142
-110
-71
-30
28
76
126
130
103
142
209
286
283
212
189
220
243
283
313
331
327
247
160
161
214
206
190
133
87
56
4
17
69
115
122
83
43
16
20
42
106
128
49
-53
-181
-240
-167
-58
-39
-215
-538
-709
-624
-477
-498
-720
-951
-976
-876
-844
-876
-931
-886
-758
-617
-465
-365
-331
-262
-70
206
461
537
488
507
635
796
916
844
750
685
587
582
506
412
299
156
74
60
-2
-146
-252
-273
-182
-120
-221
-322
-382
-294
-133
-10
52
45
-33
-58
49
214
377
406
336
285
273
345
449
514
529
485
398
364
385
401
440
410
332
281
223
205
164
129
136
151
129
77
0
-30
15
39
38
7
-38
-97
-136
-127
-111
-123
-223
-400
-505
-495
-407
-390
-533
-772
-926
-935
-924
-972
-1112
-1187
-1132
-1051
-1034
-1097
-1115
-1006
-772
-548
-395
-328
-290
-160
39
333
583
687
707
716
775
878
945
903
883
823
755
687
560
479
434
355
300
206
106
36
-11
-32
2
11
-22
-17
-13
41
112
126
161
212
260
315
333
358
397
412
443
475
467
474
491
491
495
467
429
421
424
430
413
338
263
219
180
181
159
83
10
-55
-88
-80
-60
-56
-99
-172
-229
-237
-235
-233
-264
-333
-377
-464
-570
-645
-714
-765
-808
-865
-923
-988
-1104
-1169
-1169
-1120
-1113
-1187
-1260
-1178
-998
-864
-862
-906
-819
-613
-395
-215
-75
41
165
289
464
659
792
843
858
925
1033
1086
990
862
815
836
883
771
579
415
321
321
335
327
259
163
59
33
103
161
203
171
179
195
225
227
235
274
343
411
421
382
319
314
396
509
551
523
433
377
400
455
496
504
457
382
292
227
235
248
229
171
62
-54
-118
-136
-115
-95
-146
-281
-408
-521
-555
-510
-470
-513
-665
-847
-944
-976
-950
-906
-981
-1081
-1187
-1210
-1141
-1083
-1086
-1090
-1060
-1038
-1050
-1071
-1009
-824
-677
-617
-652
-661
-533
-337
-106
80
194
248
278
404
607
822
927
932
937
989
1108
1132
1074
1019
1005
982
930
795
706
725
693
635
514
400
368
339
322
370
364
297
247
214
257
334
336
301
257
245
287
342
370
403
406
375
348
326
358
416
425
429
380
308
273
238
201
215
194
123
28
-82
-131
-122
-165
-224
-302
-401
-479
-549
-570
-580
-618
-712
-835
-926
-930
-893
-883
-936
-1010
-1077
-1101
-1105
-1047
-1004
-984
-1007
-998
-941
-876
-846
-857
-806
-745
-701
-709
-708
-622
-463
-351
-354
-365
-290
-122
54
143
254
370
473
554
658
806
955
1060
1091
1115
1173
1218
1216
1183
1188
1210
1081
966
927
962
940
767
620
617
653
613
460
363
370
419
373
267
181
174
184
179
202
244
224
141
119
207
332
327
241
196
216
262
250
214
192
205
181
93
-10
-131
-181
-211
-224
-260
-333
-478
-620
-685
-689
-692
-752
-842
-914
-955
-1000
-1022
-1019
-1002
-987
-992
-987
-977
-957
-944
-913
-841
-785
-779
-825
-827
-754
-577
-460
-491
-585
-623
-527
-403
-361
-401
-407
-349
-248
-173
-144
-116
-30
89
217
350
474
587
676
808
979
1133
1234
1275
1315
1383
1456
1490
1480
1441
1367
1292
1207
1129
1045
887
822
765
717
598
389
237
240
308
314
225
46
-49
-19
51
116
104
35
-16
-59
-44
24
51
37
52
69
76
22
-64
-108
-91
-44
-37
-149
-319
-461
-540
-508
-457
-486
-599
-768
-917
-946
-859
-807
-850
-963
-1049
-1050
-1019
-974
-898
-841
-802
-824
-861
-812
-737
-642
-563
-530
-518
-516
-516
-480
-430
-367
-284
-244
-275
-328
-359
-299
-178
-87
-137
-233
-258
-137
45
115
110
135
232
386
508
607
721
835
948
1059
1183
1286
1351
1353
1406
1487
1523
1488
1372
1268
1219
1169
1061
963
908
863
719
512
379
382
406
364
235
98
37
13
-14
3
7
-30
-89
-159
-146
-119
-137
-176
-201
-145
-115
-185
-317
-396
-406
-376
-366
-460
-574
-698
-788
-798
-770
-761
-835
-938
-1007
-1016
-983
-960
-946
-934
-909
-899
-898
-865
-791
-711
-662
-629
-589
-559
-560
-520
-437
-317
-250
-272
-282
-237
-145
-76
-27
-17
-16
-25
-33
27
92
106
77
65
102
164
174
140
168
306
429
448
403
389
504
683
817
883
882
878
913
995
1146
1266
1327
1307
1237
1210
1204
1179
1153
1091
1020
930
814
687
592
470
339
292
279
238
95
-87
-170
-151
-98
-102
-226
-383
-467
-430
-355
-340
-425
-556
-619
-620
-549
-530
-643
-757
-818
-792
-728
-729
-798
-862
-905
-882
-818
-816
-831
-862
-867
-837
-775
-710
-684
-677
-663
-627
-553
-476
-430
-406
-366
-302
-237
-188
-160
-98
-29
40
65
86
108
117
161
205
250
218
165
149
190
266
335
357
306
223
170
218
361
440
383
261
215
308
411
446
391
362
416
539
652
701
738
764
814
923
1057
1155
1141
1054
1021
1093
1192
1192
1077
917
820
776
682
601
510
423
284
70
-66
-102
-128
-204
-344
-472
-554
-594
-650
-724
-809
-858
-887
-918
-947
-984
-1039
-1063
-1016
-966
-956
-1021
-1075
-1046
-963
-870
-821
-829
-849
-802
-726
-621
-540
-525
-528
-531
-470
-371
-294
-243
-226
-211
-151
-68
7
59
101
130
176
210
231
246
251
296
357
402
416
370
329
342
397
453
448
379
334
331
351
397
448
456
407
321
273
316
409
436
345
259
284
408
505
480
402
413
561
705
763
737
727
752
792
875
938
956
880
784
749
767
777
695
530
373
261
192
134
33
-115
-292
-463
-551
-587
-660
-801
-954
-1033
-1025
-1018
-1108
-1232
-1309
-1266
-1165
-1106
-1126
-1163
-1196
-1133
-1001
-866
-782
-820
-844
-800
-655
-477
-396
-399
-423
-392
-279
-140
-43
-19
-13
21
72
151
228
267
292
343
404
455
481
488
497
508
560
584
569
529
476
462
507
557
541
471
426
431
482
537
541
488
436
420
426
471
527
530
452
355
332
387
463
459
358
260
285
376
408
319
213
217
318
403
390
332
295
308
332
365
402
381
271
153
98
112
90
-19
-178
-295
-334
-373
-464
-596
-731
-849
-940
-995
-1013
-1061
-1144
-1225
-1241
-1183
-1148
-1168
-1205
-1184
-1108
-1003
-946
-910
-844
-761
-670
-572
-477
-377
-315
-266
-164
-24
96
135
141
191
327
463
526
540
531
538
563
622
712
763
717
633
595
636
721
738
681
629
594
598
587
597
620
619
573
514
508
523
529
512
494
504
502
480
425
388
389
374
334
280
254
220
155
80
56
63
23
-68
-177
-221
-216
-206
-233
-279
-301
-332
-324
-328
-281
-238
-252
-266
-278
-234
-170
-153
-187
-202
-213
-242
-304
-370
-386
-396
-426
-499
-595
-674
-699
-712
-723
-747
-764
-769
-785
-782
-749
-694
-626
-585
-546
-490
-442
-390
-339
-278
-204
-106
-44
-8
34
84
162
227
270
318
353
393
438
485
535
566
581
572
578
607
643
667
673
685
673
655
670
692
714
707
702
688
660
640
636
626
622
588
512
468
442
421
414
389
333
262
185
124
90
70
18
-58
-121
-154
-156
-199
-284
-370
-428
-451
-460
-478
-495
-526
-575
-638
-664
-636
-621
-623
-631
-591
-538
-515
-508
-470
-383
-330
-318
-341
-324
-283
-264
-249
-224
-210
-237
-322
-368
-354
-328
-312
-359
-402
-418
-401
-414
-409
-389
-362
-350
-350
-311
-248
-196
-159
-138
-88
-27
8
52
117
196
254
307
349
408
468
519
579
637
705
732
746
762
793
845
855
843
837
846
840
817
803
804
795
751
710
662
650
631
577
508
433
380
335
273
226
180
125
56
-31
-78
-127
-169
-227
-288
-351
-422
-472
-509
-539
-578
-624
-696
-744
-774
-779
-798
-820
-822
-808
-791
-793
-775
-737
-696
-647
-605
-554
-488
-427
-383
-336
-250
-154
-91
-66
-29
31
83
83
54
23
17
8
-11
-24
-57
-74
-114
-162
-173
-173
-154
-157
-168
-170
-156
-110
-78
-46
3
54
87
128
194
251
314
384
425
484
559
624
671
708
735
767
810
851
885
896
894
869
836
803
775
761
723
671
620
564
492
427
377
324
275
208
126
34
-26
-58
-82
-128
-196
-257
-328
-391
-413
-441
-464
-501
-550
-608
-634
-644
-644
-643
-649
-667
-708
-730
-756
-751
-721
-708
-736
-769
-751
-712
-663
-626
-630
-595
-548
-491
-403
-313
-246
-196
-170
-103
-4
84
133
137
140
183
225
226
218
196
149
107
96
125
119
92
50
17
36
48
56
77
96
127
161
196
242
308
376
418
466
511
552
590
632
685
741
776
771
753
736
756
794
800
755
718
660
624
590
553
506
424
343
256
205
173
132
71
8
-63
-115
-158
-199
-222
-266
-322
-352
-376
-390
-416
-443
-472
-488
-474
-468
-480
-504
-514
-513
-513
-513
-537
-552
-541
-534
-546
-546
-542
-526
-521
-524
-522
-511
-509
-504
-487
-466
-434
-429
-429
-416
-385
-338
-303
-258
-233
-203
-164
-115
-36
22
47
65
104
148
187
199
226
243
243
257
243
250
259
272
295
298
326
358
389
398
434
474
521
556
552
576
604
635
651
644
639
618
595
572
580
577
558
534
507
488
439
387
335
315
302
253
188
116
62
29
-12
-50
-82
-127
-192
-248
-282
-296
-286
-310
-346
-373
-382
-365
-345
-347
-356
-361
-372
-364
-358
-342
-331
-329
-333
-352
-364
-374
-376
-374
-374
-378
-402
-417
-431
-447
-467
-468
-465
-489
-516
-541
-543
-507
-493
-490
-493
-488
-458
-402
-340
-265
-199
-165
-115
-53
41
123
213
289
347
395
428
487
565
616
636
620
623
635
641
654
633
623
616
605
590
590
583
564
522
481
479
473
451
434
403
377
349
316
284
264
270
236
190
143
122
113
93
82
53
19
-5
-36
-74
-70
-69
-118
-187
-246
-284
-300
-308
-303
-323
-362
-396
-403
-391
-361
-355
-379
-420
-411
-378
-355
-328
-341
-368
-391
-400
-384
-334
-310
-324
-356
-393
-390
-377
-374
-373
-399
-434
-453
-466
-480
-475
-485
-476
-464
-467
-440
-397
-357
-310
-240
-152
-56
23
90
172
270
365
463
553
640
696
740
782
812
849
859
849
822
796
776
741
685
628
560
508
453
396
353
314
276
232
195
136
113
92
86
95
86
55
33
31
46
74
78
81
57
37
22
24
30
19
-14
-76
-116
-155
-185
-216
-251
-284
-316
-351
-367
-389
-397
-400
-407
-389
-376
-367
-365
-349
-314
-275
-240
-243
-255
-239
-204
-156
-137
-156
-192
-209
-194
-174
-184
-220
-268
-325
-360
-373
-375
-361
-386
-439
-463
-455
-395
-352
-340
-336
-313
-264
-191
-112
-37
38
113
186
278
374
473
558
623
689
755
811
825
825
821
826
816
768
704
628
571
514
455
389
316
239
163
107
94
86
57
7
-40
-49
-30
-18
-28
-37
-35
-31
-19
-21
-18
3
8
13
12
2
-6
-26
-48
-66
-79
-110
-157
-214
-248
-249
-265
-284
-314
-339
-365
-388
-395
-374
-347
-340
-347
-353
-337
-311
-292
-280
-261
-228
-202
-189
-202
-207
-194
-188
-181
-186
-200
-228
-248
-252
-246
-235
-239
-259
-283
-280
-270
-253
-228
-203
-174
-166
-142
-77
-13
57
100
141
185
249
321
395
469
511
551
575
595
632
669
690
673
651
641
627
611
581
563
507
435
372
333
307
261
203
130
87
59
35
19
1
-19
-36
-40
-47
-54
-57
-70
-75
-66
-55
-26
1
0
-19
-49
-48
-51
-62
-68
-77
-97
-134
-163
-188
-204
-217
-243
-272
-283
-305
-312
-332
-341
-351
-358
-342
-342
-351
-360
-354
-343
-320
-302
-300
-302
-318
-314
-306
-279
-267
-267
-257
-256
-245
-232
-223
-227
-227
-213
-193
-170
-151
-137
-136
-130
-107
-78
-41
-1
31
48
63
108
159
217
273
317
360
414
478
517
548
578
609
645
657
644
642
630
623
618
588
549
507
455
395
341
286
231
164
91
45
15
3
-17
-55
-79
-94
-104
-116
-114
-111
-115
-120
-106
-84
-77
-73
-73
-73
-63
-62
-73
-89
-95
-101
-105
-133
-172
-221
-262
-294
-309
-326
-339
-369
-410
-428
-421
-401
-396
-397
-416
-411
-394
-358
-313
-275
-247
-212
-190
-172
-141
-98
-64
-44
-49
-46
-45
-32
-6
10
19
19
11
-10
-1
6
-2
20
27
23
28
37
67
113
148
175
188
204
238
284
334
370
382
409
432
452
473
484
506
493
473
455
440
416
380
328
293
253
196
145
85
54
4
-33
-70
-112
-152
-189
-197
-194
-188
-189
-195
-204
-193
-173
-150
-127
-108
-94
-75
-62
-53
-41
-40
-51
-58
-71
-82
-94
-120
-132
-145
-150
-162
-176
-192
-210
-230
-230
-222
-217
-210
-224
-218
-202
-188
-173
-163
-146
-114
-93
-77
-61
-53
-41
-36
-30
-12
4
11
7
8
14
3
-7
-15
-17
-15
-18
-19
-23
-14
-14
-5
19
37
60
71
86
110
130
156
165
172
182
205
216
224
237
236
239
230
234
224
217
208
186
174
164
149
143
135
108
83
51
41
28
8
1
-19
-24
-36
-54
-71
-85
-80
-73
-72
-74
-70
-61
-59
-44
-31
-17
-17
-24
-30
-29
-11
-14
-22
-20
-21
-25
-45
-66
-77
-91
-96
-123
-149
-156
-162
-167
-176
-172
-168
-162
-168
-171
-168
-153
-142
-133
-120
-115
-95
-76
-67
-46
-28
-22
-23
-23
-20
-1
30
47
62
64
66
84
100
124
136
147
148
138
123
132
148
156
156
140
132
120
107
105
110
118
122
114
103
91
100
107
106
97
78
68
64
71
91
100
105
93
70
51
41
43
50
53
49
38
10
-13
-20
-23
-29
-46
-70
-91
-102
-108
-116
-125
-133
-140
-156
-160
-167
-174
-172
-180
-191
-190
-193
-197
-215
-223
-219
-209
-201
-207
-216
-215
-199
-186
-171
-162
-142
-151
-151
-123
-111
-81
-64
-48
-24
2
27
52
74
99
121
129
152
177
198
224
238
243
250
252
264
282
297
302
308
290
275
272
268
264
261
241
208
181
157
139
130
119
90
45
4
-22
-41
-56
-76
-78
-78
-101
-105
-118
-123
-129
-140
-135
-132
-123
-116
-107
-91
-79
-66
-64
-61
-45
-35
-49
-45
-35
-28
-24
-37
-41
-39
-46
-54
-69
-87
-99
-116
-127
-149
-162
-166
-182
-189
-181
-174
-173
-185
-184
-158
-138
-125
-127
-121
-103
-83
-59
-40
-34
-16
5
24
53
79
101
113
138
159
181
200
213
221
237
255
258
267
272
270
273
267
275
273
255
251
237
224
217
201
175
154
128
94
79
65
51
28
8
-17
-48
-58
-75
-91
-118
-141
-151
-162
-186
-202
-217
-236
-255
-263
-255
-254
-264
-267
-270
-263
-239
-232
-218
-205
-188
-166
-141
-113
-102
-91
-87
-78
-58
-36
-9
-8
0
14
22
25
24
20
14
9
-3
-12
-12
-10
-16
-32
-52
-57
-46
-57
-70
-79
-78
-70
-62
-49
-33
-12
-2
26
61
93
123
144
171
196
225
249
269
287
319
339
337
337
350
351
357
350
332
320
306
286
271
249
218
190
163
140
124
116
103
84
53
30
14
8
-8
-23
-37
-56
-76
-103
-124
-135
-139
-155
-168
-181
-192
-203
-212
-218
-229
-244
-260
-268
-285
-286
-289
-287
-292
-302
-297
-290
-284
-271
-260
-249
-235
-224
-222
-213
-185
-156
-139
-137
-139
-127
-104
-100
-87
-55
-50
-39
-30
-30
-11
-3
3
10
3
6
16
17
15
16
18
33
37
41
44
63
96
117
146
165
177
198
222
246
273
293
308
313
319
343
357
367
374
372
376
362
350
352
352
351
332
315
294
276
257
220
199
172
138
112
86
56
39
17
-20
-52
-80
-98
-106
-117
-127
-137
-156
-170
-184
-195
-207
-220
-225
-242
-260
-272
-270
-275
-285
-292
-310
-325
-331
-341
-356
-355
-355
-360
-369
-369
-352
-342
-331
-321
-317
-309
-301
-294
-263
-247
-226
-203
-184
-148
-111
-78
-52
-25
5
29
44
68
86
111
125
133
146
163
180
203
219
226
233
236
243
252
263
276
287
296
304
312
327
339
356
365
366
366
372
377
372
370
356
335
319
302
295
289
278
261
231
214
196
183
169
140
127
108
78
44
16
-11
-35
-55
-84
-108
-126
-150
-167
-174
-187
-200
-217
-239
-259
-267
-276
-293
-307
-318
-323
-325
-329
-341
-339
-338
-342
-341
-336
-342
-344
-335
-340
-325
-306
-295
-288
-281
-272
-254
-243
-231
-225
-223
-209
-193
-168
-146
-132
-107
-85
-51
-12
26
54
76
98
121
150
173
199
214
225
232
244
263
286
303
309
308
306
306
305
302
301
303
306
301
289
278
267
268
266
264
261
249
246
238
229
226
213
201
189
175
163
145
120
107
87
78
60
46
31
21
2
-11
-21
-32
-40
-60
-74
-99
-117
-133
-148
-155
-164
-183
-197
-217
-237
-243
-252
-253
-250
-257
-265
-271
-280
-277
-265
-257
-262
-270
-261
-252
-233
-218
-214
-209
-211
-203
-196
-181
-164
-149
-147
-151
-141
-121
-94
-70
-40
-18
1
25
40
64
83
109
124
128
133
130
142
152
168
166
160
158
155
155
156
156
150
154
142
133
128
138
147
149
135
129
129
126
125
121
115
113
111
105
108
109
110
123
129
134
134
130
128
127
126
122
116
106
94
85
74
57
54
44
30
13
-6
-15
-23
-25
-33
-56
-66
-74
-81
-88
-93
-100
-110
-111
-120
-132
-146
-158
-168
-175
-182
-189
-203
-206
-202
-205
-205
-210
-213
-219
-210
-196
-183
-164
-151
-148
-129
-112
-93
-73
-60
-47
-24
-8
2
29
40
48
57
62
65
76
84
92
98
102
100
103
105
105
108
105
106
100
90
80
70
68
61
56
54
51
53
48
39
37
44
47
54
60
65
59
54
58
54
58
66
62
62
53
45
51
55
63
61
46
36
28
27
36
30
25
21
17
13
9
1
-11
-20
-22
-17
-14
-15
-30
-34
-50
-53
-60
-75
-83
-97
-102
-102
-112
-116
-108
-108
-114
-108
-95
-84
-76
-59
-49
-41
-31
-25
-9
0
14
35
48
55
53
50
57
57
62
55
48
55
59
58
65
69
65
58
49
47
47
55
57
59
55
54
44
35
35
34
25
13
5
-7
-19
-36
-35
-37
-47
-61
-66
-67
-73
-81
-86
-89
-98
-96
-87
-89
-86
-78
-67
-63
-65
-48
-35
-22
-20
-21
-15
-7
2
17
32
36
37
34
29
27
32
33
29
29
20
6
-6
-17
-20
-14
-25
-36
-38
-35
-30
-25
-26
-16
-12
-2
4
9
17
29
41
50
55
67
82
82
88
86
99
96
97
91
82
74
60
60
58
55
46
35
32
26
25
18
5
6
4
1
-4
-8
-15
-16
-13
-19
-20
-27
-25
-29
-34
-34
-46
-54
-59
-74
-81
-83
-88
-87
-76
-83
-91
-88
-83
-77
-77
-77
-80
-77
-74
-74
-68
-60
-54
-52
-45
-34
-23
-2
4
12
24
29
43
50
61
74
85
91
95
105
101
94
95
102
99
92
86
77
78
73
54
48
37
33
39
45
44
46
51
48
57
63
66
74
72
74
74
75
72
63
56
50
50
50
52
43
35
22
7
-3
-16
-24
-31
-41
-49
-53
-57
-70
-80
-98
-110
-112
-116
-112
-121
-128
-133
-128
-128
-125
-120
-120
-116
-115
-107
-113
-114
-112
-122
-120
-111
-109
-108
-112
-110
-105
-98
-96
-98
-94
-89
-82
-74
-68
-61
-50
-40
-33
-19
-8
-6
3
15
34
56
67
73
84
93
107
118
126
133
137
142
143
142
152
161
168
170
165
168
164
160
151
142
139
136
136
136
132
142
146
143
142
147
146
142
134
123
118
108
97
93
91
81
70
55
40
22
5
-11
-29
-47
-64
-81
-101
-116
-129
-139
-156
-178
-194
-198
-204
-209
-213
-218
-217
-221
-223
-224
-219
-211
-211
-205
-203
-187
-176
-169
-157
-146
-135
-126
-104
-89
-67
-56
-48
-37
-27
-22
-16
-11
4
11
21
20
19
28
32
38
25
25
24
22
37
57
63
72
75
80
88
99
112
120
131
141
149
153
162
168
176
179
182
196
203
206
209
199
194
199
200
201
193
179
171
165
155
149
140
131
121
106
97
91
78
69
59
44
31
18
-1
-14
-30
-42
-60
-90
-112
-132
-140
-154
-172
-186
-202
-220
-234
-246
-262
-261
-278
-287
-287
-292
-289
-289
-287
-284
-267
-254
-241
-216
-197
-181
-168
-147
-121
-111
-87
-67
-54
-35
-14
-3
6
18
31
39
40
46
48
51
47
44
52
61
63
60
62
65
74
81
88
93
103
107
109
116
135
146
151
151
156
164
167
175
185
194
199
204
206
215
216
223
221
219
212
204
201
185
187
177
170
160
137
128
118
110
92
70
50
23
12
3
-13
-23
-39
-59
-76
-96
-108
-120
-131
-137
-143
-151
-162
-183
-195
-206
-217
-224
-231
-232
-240
-249
-246
-251
-252
-253
-254
-252
-247
-238
-232
-221
-225
-223
-211
-196
-175
-155
-131
-109
-87
-72
-56
-35
-19
-4
19
27
39
42
50
63
76
95
105
111
124
133
133
140
143
146
147
139
145
159
168
168
169
186
196
201
210
220
227
234
232
241
258
268
274
276
272
268
254
243
234
226
214
185
166
141
120
93
66
43
22
-8
-37
-60
-83
-105
-121
-142
-161
-176
-192
-207
-214
-228
-251
-264
-272
-271
-274
-273
-273
-275
-276
-276
-275
-272
-269
-270
-270
-265
-260
-253
-249
-244
-233
-234
-224
-209
-199
-179
-159
-139
-115
-93
-70
-51
-35
-7
16
32
51
62
78
92
114
130
144
157
173
183
191
200
209
221
228
238
240
252
254
253
257
258
261
264
255
254
255
244
244
234
225
214
211
211
199
196
194
182
170
157
149
147
134
112
94
79
64
50
28
15
1
-13
-30
-44
-54
-73
-90
-97
-110
-129
-147
-166
-180
-185
-192
-201
-204
-210
-210
-212
-215
-220
-225
-224
-220
-222
-218
-215
-214
-218
-219
-209
-206
-209
-206
-204
-206
-204
-198
-192
-181
-178
-168
-165
-154
-139
-134
-125
-118
-109
-100
-82
-71
-50
-32
-8
7
24
41
63
87
100
130
142
156
179
190
203
214
221
222
227
229
228
222
223
228
226
225
227
229
230
225
218
218
215
209
203
194
193
190
176
169
156
136
120
116
104
85
69
57
51
31
13
-5
-21
-35
-47
-63
-75
-84
-95
-105
-117
-118
-125
-129
-131
-148
-154
-152
-155
-158
-169
-171
-165
-160
-159
-156
-153
-148
-137
-132
-127
-122
-122
-116
-118
-119
-120
-119
-123
-128
-133
-139
-137
-130
-126
-123
-124
-122
-107
-93
-84
-75
-56
-45
-35
-21
-8
9
25
42
66
85
101
118
134
152
170
185
199
209
214
225
228
234
236
232
232
226
225
220
208
203
195
185
173
162
147
135
122
112
96
77
72
54
40
30
19
10
-9
-23
-35
-43
-61
-68
-80
-90
-99
-107
-113
-121
-124
-128
-137
-145
-147
-145
-150
-156
-157
-162
-163
-166
-166
-168
-166
-172
-172
-170
-170
-158
-154
-149
-145
-143
-143
-142
-136
-123
-107
-91
-80
-69
-65
-55
-48
-49
-35
-29
-31
-23
-19
-14
-11
-14
-6
8
17
26
41
51
58
70
84
98
115
132
158
172
180
198
206
216
220
221
231
235
239
242
238
241
236
224
219
214
204
197
193
178
167
154
141
135
121
100
80
60
43
28
18
-4
-19
-41
-58
-81
-97
-116
-127
-135
-149
-155
-162
-167
-169
-167
-177
-175
-172
-171
-172
-174
-177
-171
-167
-166
-166
-165
-161
-162
-157
-148
-135
-122
-114
-105
-100
-86
-79
-80
-65
-54
-46
-39
-38
-26
-26
-26
-23
-18
-19
-21
-10
-6
1
8
15
19
23
35
40
49
58
65
75
82
95
101
110
113
110
119
129
137
139
141
143
144
146
142
142
137
134
128
123
116
113
104
98
99
94
94
81
75
64
56
47
33
23
13
11
5
-7
-20
-32
-44
-56
-64
-71
-72
-76
-86
-95
-99
-105
-112
-120
-124
-127
-130
-129
-134
-128
-136
-140
-145
-147
-142
-137
-130
-124
-115
-113
-104
-93
-79
-73
-58
-44
-45
-40
-33
-26
-18
-3
4
10
21
25
33
40
37
40
48
43
44
48
57
65
61
65
65
70
75
79
90
87
93
100
96
101
105
109
108
109
111
107
115
111
112
120
126
123
118
119
114
113
112
105
97
87
72
67
55
41
24
14
8
-1
-17
-23
-33
-35
-37
-47
-57
-67
-69
-80
-82
-82
-94
-97
-101
-106
-118
-123
-124
-128
-134
-135
-138
-142
-132
-138
-136
-138
-136
-135
-137
-136
-129
-123
-117
-104
-91
-84
-74
-59
-50
-39
-33
-25
-16
-8
5
14
23
26
33
43
44
45
49
53
63
75
78
82
87
89
84
86
88
85
78
71
73
68
71
75
69
72
77
80
80
82
92
94
95
96
104
106
103
103
104
103
95
86
77
71
64
56
45
40
35
28
21
12
8
1
-4
-6
-15
-10
-20
-25
-26
-39
-46
-55
-66
-84
-99
-108
-110
-121
-129
-135
-148
-155
-161
-160
-159
-163
-162
-161
-154
-147
-141
-128
-126
-118
-108
-97
-81
-67
-58
-43
-37
-35
-21
-11
-3
10
23
29
42
48
52
59
67
65
66
62
61
65
64
72
76
72
68
76
78
81
90
97
109
113
111
113
109
110
119
114
112
110
107
100
90
90
78
76
72
69
70
69
66
63
57
60
55
47
42
38
35
35
30
28
23
18
16
9
4
-5
-12
-20
-26
-41
-60
-74
-85
-89
-100
-95
-107
-117
-122
-135
-144
-147
-155
-161
-163
-174
-179
-182
-178
-180
-179
-169
-159
-151
-140
-127
-116
-105
-95
-83
-71
-58
-43
-34
-26
-17
-6
9
21
32
38
38
44
43
56
60
71
80
83
91
94
103
106
113
117
125
122
129
134
135
132
126
123
118
120
116
111
111
107
97
91
97
101
102
103
107
106
101
104
100
99
101
93
84
77
63
55
47
41
31
14
16
0
-19
-30
-40
-53
-62
-73
-87
-93
-108
-113
-127
-137
-144
-153
-156
-159
-164
-171
-178
-190
-198
-199
-194
-190
-185
-178
-170
-160
-153
-143
-141
-129
-126
-116
-96
-80
-59
-50
-41
-31
-25
-17
-4
6
19
30
42
51
62
76
82
92
92
100
103
101
106
104
105
110
119
116
111
113
115
123
124
123
118
116
114
113
119
116
116
117
114
106
109
106
97
97
93
89
86
84
82
84
79
83
77
68
68
68
60
57
57
49
38
30
28
15
9
-5
-15
-29
-42
-58
-78
-89
-110
-126
-136
-146
-154
-165
-175
-178
-175
-178
-177
-174
-173
-169
-168
-161
-159
-152
-150
-147
-146
-151
-147
-142
-133
-126
-120
-120
-111
-98
-86
-76
-62
-48
-44
-31
-24
-21
-15
-11
1
9
17
26
37
42
50
57
68
77
82
93
91
98
101
113
120
119
125
128
132
133
130
130
128
130
137
133
132
127
133
141
150
161
158
156
160
165
160
159
161
159
151
145
136
128
117
106
87
79
68
55
42
30
16
-5
-19
-28
-38
-56
-75
-92
-102
-112
-128
-136
-153
-162
-167
-180
-184
-185
-189
-199
-203
-203
-199
-200
-196
-193
-189
-184
-179
-169
-163
-162
-154
-146
-147
-143
-134
-124
-119
-105
-94
-84
-73
-60
-43
-37
-24
-14
-4
10
21
37
44
44
54
66
75
78
86
96
101
114
119
125
136
144
149
156
163
163
163
161
164
163
160
157
150
151
153
150
150
149
141
137
130
131
129
116
113
111
101
97
89
78
67
53
41
25
16
10
2
-8
-24
-38
-44
-51
-66
-75
-84
-87
-94
-108
-117
-131
-141
-150
-156
-165
-166
-169
-177
-179
-179
-179
-176
-174
-171
-169
-163
-154
-154
-148
-138
-133
-126
-117
-107
-96
-88
-76
-66
-61
-52
-39
-25
-13
-7
3
14
22
31
30
37
47
49
57
61
63
64
72
81
90
99
106
112
117
118
120
125
122
128
126
126
121
118
122
124
122
124
119
119
118
114
113
114
114
108
105
98
92
88
82
73
68
62
50
40
29
20
13
12
12
9
8
4
-5
-7
-15
-23
-31
-42
-54
-56
-59
-67
-76
-81
-84
-96
-99
-109
-111
-115
-117
-121
-130
-132
-142
-137
-137
-135
-127
-117
-107
-99
-96
-97
-92
-87
-84
-85
-85
-77
-67
-64
-56
-49
-47
-39
-33
-26
-17
-12
-12
-1
6
6
11
14
17
11
11
18
21
25
25
29
31
38
46
51
58
59
67
75
79
90
88
94
93
96
94
94
96
100
103
98
94
94
92
93
98
91
87
89
81
76
70
62
57
61
59
60
63
63
57
55
47
42
37
30
22
10
0
-15
-19
-35
-40
-54
-65
-76
-92
-102
-112
-117
-126
-131
-130
-130
-130
-126
-127
-127
-123
-126
-130
-130
-131
-131
-129
-120
-111
-108
-104
-92
-87
-83
-76
-70
-60
-47
-35
-24
-10
-3
3
12
15
18
29
35
48
62
68
65
75
82
79
83
87
94
98
99
102
105
107
106
107
109
105
103
100
95
92
89
86
82
76
79
77
79
80
75
73
63
64
54
55
55
55
54
56
53
44
35
28
22
15
5
-6
-12
-14
-31
-39
-38
-50
-54
-56
-61
-70
-74
-79
-84
-93
-99
-104
-112
-109
-110
-108
-105
-104
-110
-105
-102
-101
-96
-90
-83
-88
-84
-81
-72
-70
-71
-57
-54
-45
-33
-30
-21
-18
-13
-6
-3
2
6
12
23
28
34
37
46
50
51
61
66
66
75
81
82
85
80
76
78
73
59
51
44
38
32
26
21
20
18
14
17
14
17
25
25
29
28
33
33
40
41
36
38
36
33
25
26
21
15
15
12
7
8
4
-5
-3
-16
-17
-13
-18
-17
-23
-27
-24
-31
-39
-41
-46
-47
-52
-48
-47
-46
-49
-50
-50
-54
-56
-49
-44
-45
-35
-34
-32
-35
-37
-33
-29
-32
-36
-36
-29
-29
-32
-24
-20
-18
-7
-8
-2
15
23
35
46
51
55
65
71
72
69
69
67
65
65
59
54
56
54
49
52
49
48
39
31
35
31
25
25
18
14
5
-2
4
4
5
9
11
6
4
0
3
4
5
4
4
3
-5
-4
-7
-7
-1
-1
-4
-7
-14
-17
-24
-31
-36
-36
-36
-43
-45
-53
-58
-55
-57
-60
-57
-64
-62
-58
-62
-66
-65
-64
-66
-69
-65
-70
-73
-71
-69
-72
-65
-67
-61
-56
-58
-46
-38
-35
-29
-22
-14
-6
1
2
9
19
24
34
40
41
50
55
54
58
59
68
67
67
73
74
80
83
88
92
94
89
89
88
90
80
77
70
70
73
68
63
62
59
52
48
41
40
35
33
31
29
22
19
16
20
15
9
9
4
3
-5
-7
-8
-8
-9
-13
-17
-15
-24
-27
-27
-41
-40
-45
-46
-44
-53
-61
-63
-71
-71
-73
-77
-82
-82
-75
-76
-72
-70
-73
-76
-77
-78
-75
-71
-62
-56
-55
-56
-49
-43
-44
-45
-39
-37
-28
-19
-19
-6
-3
6
10
15
22
29
36
41
48
50
57
58
61
64
63
58
66
67
63
65
65
63
60
64
64
64
64
59
62
56
46
45
42
46
43
35
35
42
42
40
35
34
33
24
21
23
18
17
10
7
2
-8
-9
-10
-14
-16
-21
-29
-32
-39
-34
-42
-44
-52
-59
-62
-71
-74
-79
-81
-86
-88
-87
-83
-85
-87
-82
-83
-79
-77
-77
-72
-68
-64
-61
-60
-53
-47
-46
-39
-36
-33
-30
-26
-16
-9
-4
5
4
7
12
15
20
23
33
45
53
56
64
69
73
79
75
83
84
83
88
89
91
89
91
87
82
76
72
68
68
64
59
59
45
41
35
30
26
24
20
16
13
13
18
7
-1
-3
-9
-12
-11
-17
-16
-19
-12
-10
-12
-13
-17
-20
-15
-13
-19
-17
-18
-22
-26
-29
-32
-35
-37
-35
-43
-44
-44
-46
-43
-43
-47
-46
-46
-53
-51
-56
-50
-47
-54
-51
-44
-41
-37
-43
-40
-36
-26
-23
-25
-23
-20
-13
-3
3
-1
3
0
0
5
3
6
10
13
21
26
32
38
44
52
51
50
53
55
49
45
42
35
34
31
24
24
19
21
16
15
20
18
13
11
8
4
7
12
11
12
8
1
2
0
-4
-8
-7
-10
-12
-8
-8
-7
-10
-11
-12
-17
-16
-18
-15
-8
-5
-4
-5
-3
2
1
-3
0
4
2
-1
-5
-6
-8
-13
-12
-8
-11
-8
-6
-8
-2
-9
-7
-6
-9
-9
-9
-6
-3
-7
-13
-12
-17
-19
-20
-24
-22
-20
-19
-18
-18
-17
-16
-13
-12
-4
-4
7
10
7
15
16
12
13
20
25
27
29
31
34
32
29
33
31
29
29
36
37
38
36
34
31
24
25
21
13
13
16
12
12
9
9
7
3
3
1
-1
-6
-4
0
0
-2
0
-4
-5
-4
-7
-7
-11
-14
-9
-14
-12
-12
-13
-17
-24
-19
-19
-19
-16
-13
-16
-23
-27
-35
-40
-45
-45
-47
-51
-58
-62
-59
-63
-64
-69
-67
-59
-55
-45
-44
-40
-30
-22
-19
-21
-14
-8
-4
5
9
13
17
21
23
27
30
34
34
30
31
34
38
40
39
47
44
40
36
35
37
32
35
34
35
37
39
31
32
39
36
39
44
48
46
45
48
44
43
36
33
26
25
23
16
11
9
7
3
6
3
7
4
3
5
3
3
4
2
-6
-10
-8
-13
-16
-14
-17
-13
-16
-21
-19
-21
-26
-21
-18
-28
-28
-30
-30
-32
-37
-42
-47
-50
-51
-58
-61
-59
-63
-64
-66
-61
-57
-49
-47
-44
-42
-42
-32
-33
-30
-26
-21
-21
-18
-16
-14
-7
-6
-2
2
5
6
11
21
27
34
40
39
50
52
50
47
48
50
53
58
62
63
66
71
67
69
66
58
49
45
38
36
35
33
29
26
23
21
14
9
9
1
2
-2
5
9
8
13
16
16
12
7
8
5
8
7
8
5
-2
0
-1
-6
-9
-10
-13
-16
-19
-23
-27
-31
-32
-35
-46
-52
-52
-53
-53
-56
-57
-60
-68
-71
-79
-79
-78
-78
-75
-77
-75
-69
-67
-61
-56
-48
-37
-32
-26
-24
-21
-15
-12
-6
-6
6
16
14
20
24
22
29
34
39
41
47
51
52
58
66
73
79
81
83
81
76
76
70
73
73
67
64
57
54
42
39
30
28
22
22
14
3
1
-7
-15
-17
-17
-19
-15
-17
-15
-17
-16
-12
-10
-17
-20
-14
-11
-13
-10
-11
-15
-14
-22
-22
-26
-21
-23
-28
-17
-21
-17
-15
-16
-16
-17
-10
-8
-9
-7
-10
-10
-15
-21
-20
-16
-16
-17
-23
-23
-27
-27
-34
-33
-32
-36
-29
-25
-25
-26
-22
-22
-11
-6
-3
-3
2
8
15
17
16
24
27
25
27
26
25
23
22
23
24
24
32
36
31
28
19
18
21
11
8
9
12
13
7
2
-7
-9
-12
-13
-16
-9
-1
6
15
14
18
16
15
17
13
10
11
9
11
18
13
18
21
15
18
20
17
21
22
15
15
13
14
14
11
12
8
4
4
5
4
4
10
11
12
7
2
-3
-6
-5
-12
-17
-22
-33
-36
-47
-53
-57
-61
-67
-72
-66
-71
-75
-75
-79
-74
-77
-75
-65
-62
-63
-61
-54
-44
-41
-39
-26
-15
-10
-4
3
5
12
14
18
23
32
36
35
40
39
44
45
43
40
47
56
55
56
59
67
72
65
58
57
54
54
56
54
55
55
51
44
44
40
39
39
36
33
31
29
28
22
22
18
16
18
14
11
8
2
-2
-4
-10
-15
-19
-16
-22
-20
-22
-24
-20
-20
-19
-20
-20
-23
-26
-34
-41
-43
-52
-54
-54
-57
-59
-61
-62
-59
-57
-57
-53
-52
-45
-44
-48
-42
-39
-36
-34
-38
-29
-20
-20
-12
-10
-9
-2
-2
-1
3
8
12
13
16
18
21
24
30
29
35
28
26
33
34
32
34
34
31
30
28
27
24
27
29
28
29
33
30
29
24
22
19
14
13
10
2
-3
-8
-6
-8
-10
-8
-8
-13
-14
-11
-7
-12
-12
-9
-12
-11
-14
-9
-10
-7
-1
-1
4
9
10
12
16
19
21
23
23
21
23
17
15
17
10
3
0
-4
-2
-5
-10
-8
-17
-13
-11
-14
-16
-22
-26
-27
-25
-27
-22
-20
-19
-21
-25
-21
-24
-27
-25
-25
-23
-20
-19
-23
-24
-23
-25
-29
-20
-14
-16
-20
-12
-13
-11
-7
-2
-1
-1
-1
-7
-2
-1
-6
-3
3
6
14
19
22
26
33
29
30
28
24
24
25
29
35
38
37
36
36
36
37
35
38
36
35
41
38
37
42
42
49
45
46
51
46
46
42
39
42
38
34
29
22
15
10
5
1
1
-1
-4
-5
-9
-16
-22
-32
-33
-36
-38
-46
-45
-41
-46
-45
-46
-45
-52
-57
-57
-60
-56
-57
-64
-62
-60
-63
-61
-55
-58
-52
-49
-47
-43
-44
-41
-39
-38
-35
-31
-33
-31
-19
-17
-11
-4
-9
3
0
4
5
4
10
9
14
14
19
22
21
16
19
18
13
14
12
18
22
27
33
34
39
45
46
54
63
62
66
70
69
68
60
53
50
41
39
36
36
37
37
28
20
12
11
4
-1
-2
2
-1
0
4
-3
-12
-17
-18
-23
-26
-22
-21
-21
-21
-21
-23
-28
-23
-26
-23
-23
-19
-21
-24
-28
-31
-24
-27
-23
-24
-27
-24
-21
-21
-31
-28
-25
-23
-17
-14
-7
-4
0
5
6
5
6
5
9
13
13
17
17
12
14
10
6
8
3
4
9
10
10
11
4
2
3
9
9
12
18
10
15
20
21
20
21
18
14
18
18
18
17
16
10
11
9
9
6
2
0
0
0
-3
-8
-7
-8
-11
-14
-19
-18
-20
-21
-20
-21
-20
-15
-12
-13
-15
-9
-9
-8
-4
-7
-5
-4
-5
-1
-2
2
-1
1
5
1
-2
-3
0
-5
-5
-1
0
-2
-6
-4
-6
-4
1
0
-4
-1
-2
2
7
8
4
4
2
1
3
6
3
-1
-1
-5
-11
-18
-16
-16
-19
-19
-22
-21
-20
-20
-24
-20
-17
-19
-11
-9
-8
-1
2
2
4
8
8
8
12
19
24
30
25
27
26
22
27
27
34
34
35
34
34
32
30
27
27
27
28
25
17
24
23
24
21
19
18
15
12
13
9
3
5
2
1
-2
-7
-15
-24
-26
-30
-34
-29
-28
-26
-30
-30
-32
-36
-39
-38
-37
-37
-31
-29
-22
-22
-17
-20
-17
-19
-16
-6
-5
-1
0
-1
-1
-7
-11
-7
-9
-11
-9
-9
-12
-8
-11
-11
-7
-5
-6
-4
-2
-1
2
3
2
7
10
8
14
18
23
27
27
27
26
31
32
29
27
26
22
22
19
18
16
14
15
10
10
11
14
19
15
15
16
16
18
15
15
16
14
13
13
10
3
-1
-2
-13
-22
-21
-21
-23
-22
-24
-27
-31
-33
-37
-46
-51
-55
-57
-58
-59
-58
-58
-49
-45
-47
-42
-40
-38
-38
-32
-26
-24
-18
-10
-6
-3
0
2
7
11
17
25
29
28
30
39
44
40
43
42
40
46
49
50
50
47
47
47
43
42
41
41
43
47
46
44
42
38
34
29
28
25
26
20
22
24
23
24
17
13
7
5
3
1
5
7
7
6
7
0
-4
-6
-9
-10
-10
-9
-9
-12
-11
-13
-11
-16
-22
-22
-30
-33
-37
-40
-36
-37
-39
-44
-45
-45
-45
-47
-42
-36
-36
-31
-32
-30
-33
-36
-40
-40
-37
-37
-33
-27
-27
-30
-26
-23
-25
-25
-23
-18
-15
-9
-3
3
7
10
13
14
16
19
19
20
21
17
16
20
20
21
21
20
22
19
18
22
24
23
25
22
21
23
18
16
11
13
12
10
13
13
11
12
13
11
13
10
13
16
18
14
12
12
14
11
8
6
2
0
0
0
-1
-6
-9
-10
-12
-15
-10
-11
-10
-10
-11
-16
-17
-21
-21
-22
-25
-21
-20
-18
-18
-16
-11
-15
-16
-15
-15
-13
-11
-4
-4
-1
-2
3
6
6
10
14
15
19
15
16
15
13
13
12
12
9
8
6
6
7
8
6
9
9
12
15
17
17
18
23
22
24
21
21
25
25
30
28
27
23
23
21
20
20
16
17
14
11
13
10
4
5
1
-1
0
1
2
0
1
2
3
2
-3
-5
-4
-3
-7
-7
-9
-13
-15
-17
-23
-29
-30
-34
-34
-37
-39
-38
-39
-37
-41
-42
-39
-44
-48
-48
-49
-47
-46
-45
-41
-43
-43
-39
-39
-35
-34
-30
-27
-23
-17
-15
-11
-9
-7
-3
-1
-3
0
2
4
5
9
13
16
18
21
24
25
28
32
36
39
42
42
46
45
49
48
48
46
44
47
44
45
43
44
41
38
33
30
27
23
25
23
29
27
30
32
35
33
29
26
23
17
15
15
9
6
3
-1
-7
-10
-17
-21
-27
-30
-33
-34
-34
-40
-41
-40
-44
-45
-41
-42
-40
-42
-38
-38
-37
-34
-36
-37
-35
-37
-34
-30
-25
-23
-20
-12
-15
-17
-14
-18
-17
-12
-12
-11
-8
-6
-4
-3
0
2
5
7
11
16
22
24
28
29
33
32
33
34
35
36
37
37
38
38
33
32
28
22
19
15
15
18
19
15
14
12
8
7
1
0
-2
-1
1
2
4
2
0
-4
-10
-13
-18
-17
-17
-16
-13
-10
-10
-8
-9
-11
-11
-10
-11
-9
-9
-9
-11
-13
-15
-20
-22
-23
-25
-20
-22
-22
-19
-18
-23
-22
-18
-18
-13
-12
-10
-10
-11
-11
-11
-12
-13
-11
-8
-10
-12
-15
-16
-14
-13
-11
-6
-5
-1
1
5
1
2
4
7
16
17
20
22
21
27
27
27
30
28
33
34
37
39
37
38
36
38
36
34
32
33
32
31
33
30
29
29
27
27
24
22
25
16
11
8
2
3
-2
-3
-6
-6
-11
-17
-19
-23
-23
-23
-25
-25
-23
-23
-24
-21
-23
-20
-19
-18
-14
-13
-10
-12
-13
-11
-15
-17
-18
-17
-14
-13
-13
-17
-16
-14
-17
-17
-18
-17
-17
-21
-19
-21
-18
-14
-13
-16
-19
-20
-22
-20
-20
-16
-13
-9
-8
-5
-2
-2
-1
-2
1
-1
0
4
8
10
12
16
13
16
12
7
7
5
9
11
15
19
23
25
22
21
22
18
16
16
17
16
17
17
12
10
8
7
7
7
9
10
10
9
10
9
8
4
6
3
5
8
9
11
10
11
9
8
6
6
7
4
1
-1
-3
-6
-8
-9
-10
-10
-12
-10
-14
-19
-21
-21
-22
-23
-20
-19
-19
-16
-17
-20
-23
-23
-21
-23
-23
-21
-17
-14
-10
-10
-10
-10
-9
-10
-6
-5
-4
-3
1
2
4
5
9
10
11
13
14
17
16
18
16
13
14
12
10
11
10
9
9
8
9
11
12
15
20
19
20
19
16
15
15
18
20
19
19
21
18
20
19
19
17
14
13
12
13
11
7
3
1
0
-3
-5
-5
-9
-12
-12
-13
-13
-9
-10
-13
-14
-17
-21
-22
-21
-20
-22
-21
-20
-19
-22
-20
-19
-21
-18
-15
-12
-14
-16
-17
-15
-12
-14
-13
-12
-12
-13
-11
-11
-11
-9
-7
-3
-5
-6
-5
-4
-1
-2
1
3
4
4
6
3
3
1
5
4
4
5
5
5
7
8
7
11
10
9
7
6
5
8
10
7
8
8
10
9
10
13
14
13
13
14
12
12
11
13
9
6
5
7
6
5
5
3
2
1
0
-2
-2
-2
-1
1
2
1
1
0
-2
-5
-5
-4
-5
-4
1
0
1
2
0
0
-4
-2
-2
-4
-1
0
0
0
1
1
-1
-3
-3
-2
1
3
0
2
3
3
1
0
-1
-4
-5
-4
-2
-4
-2
-4
-6
-6
-8
-9
-8
-6
-3
-3
0
5
3
5
6
3
3
3
6
8
10
10
8
4
2
-2
-2
-1
1
1
2
3
3
4
3
1
1
-5
-4
-1
-2
0
0
2
1
1
0
-3
-5
-5
-7
-7
-8
-7
-6
-6
-6
-8
-9
-9
-9
-11
-12
-10
-7
-6
-6
-7
-6
-7
-9
-9
-9
-7
-3
-3
-2
-2
-3
-4
-5
-5
-2
0
-1
0
1
1
2
1
-3
-1
-4
-6
-2
0
0
3
5
2
2
1
1
-3
-1
0
2
4
6
6
8
7
8
6
7
9
9
11
11
12
13
12
9
8
8
7
7
7
10
9
10
10
8
8
5
5
6
5
5
9
7
7
8
8
6
4
4
3
4
3
-1
-4
-3
-5
-6
-7
-7
-6
-7
-5
-4
-3
-3
-4
-5
-2
-4
-6
-7
-6
-5
-5
-5
-7
-5
-7
-11
-10
-14
-14
-15
-15
-13
-11
-10
-9
-6
-6
-4
-4
-3
-2
-1
-1
-3
0
2
0
-4
-3
-1
-2
-2
-1
2
6
6
7
7
6
6
7
7
6
5
6
9
8
5
5
4
5
5
6
6
6
7
7
3
4
3
2
1
3
5
7
7
7
7
6
7
7
8
9
11
11
11
11
12
9
4
2
-1
-2
-4
-5
-3
-5
-7
-7
-11
-13
-14
-12
-8
-8
-8
-7
-7
-8
-7
-8
-10
-9
-10
-11
-13
-11
-11
-10
-8
-8
-8
-8
-7
-8
-10
-8
-6
-5
-3
-3
-5
-2
-2
-1
-3
-4
-6
-6
-6
-6
-5
-4
-5
-5
-2
-3
1
2
4
4
5
6
7
7
8
10
12
14
14
15
15
11
11
9
10
8
9
10
11
13
14
14
11
11
10
7
8
10
8
8
6
5
3
1
-1
-1
1
1
2
4
2
0
-1
-3
-4
-5
-5
-5
-7
-7
-7
-8
-5
-5
-7
-7
-9
-8
-8
-7
-5
-5
-4
-4
-3
-4
-4
-5
-5
-4
-4
-1
-2
-4
-3
-4
-6
-7
-7
-8
-6
-5
-5
-2
-6
-7
-7
-7
-6
-6
-5
-5
-6
-3
0
0
1
2
1
4
3
4
5
7
7
8
9
9
9
10
13
12
12
13
11
10
11
11
9
7
4
2
2
0
-1
-1
-1
-1
-1
2
1
0
0
0
-1
-3
-4
-6
-4
-5
-3
-6
-5
-10
-11
-12
-11
-8
-10
-10
-9
-7
-6
-4
-4
0
-1
1
2
1
4
6
7
7
10
8
9
6
6
8
7
8
5
2
3
5
5
6
5
4
6
2
2
0
0
0
-1
1
-1
-2
-2
-3
-4
-3
-3
-2
-3
-3
-2
-3
-3
-2
-3
-4
-5
-4
-3
-4
-2
-1
-1
1
0
0
-4
-6
-7
-7
-5
-5
-7
-7
-8
-7
-6
-7
-6
-7
-3
-2
1
2
3
2
2
3
4
9
11
12
14
13
11
11
7
8
5
3
4
3
3
3
0
0
-1
0
-1
0
1
-1
0
0
-2
-4
-3
-3
-5
-5
-3
-3
0
0
-1
-1
-2
0
-2
-1
-1
-2
-2
-2
-1
0
0
-1
1
0
-1
1
0
1
2
-1
0
-1
-3
-3
-5
-5
-3
-4
-5
-2
-1
-2
-2
-3
-3
-4
-3
-1
1
4
3
4
5
5
5
6
6
5
6
7
8
7
6
5
5
3
2
1
-1
-1
-2
-1
-1
-2
-2
-3
-4
-3
-2
-1
-2
-2
-3
-1
-2
-2
-2
-2
-3
-2
-3
-3
-3
-3
-4
-2
-3
-6
-6
-5
-4
-4
-3
-4
-6
-6
-5
-5
-6
-7
-9
-9
-7
-8
-7
-5
-7
-5
-6
-3
1
2
6
5
5
6
8
10
11
11
10
10
12
11
11
11
11
11
11
10
10
9
9
10
10
11
10
11
10
7
7
6
7
8
5
3
5
3
2
1
-1
0
0
1
3
2
1
1
-1
-1
-2
-3
-2
-3
-2
0
0
-2
-4
-6
-8
-9
-12
-10
-10
-11
-9
-8
-8
-9
-11
-12
-11
-12
-12
-12
-11
-9
-8
-8
-6
-6
-6
-6
-6
-6
-5
-4
-5
-5
-4
-4
-4
-4
-3
-3
-2
-3
-3
-2
-3
-2
-1
-1
0
0
1
1
2
1
3
4
3
5
5
4
5
4
1
1
-1
-1
1
2
3
7
6
7
8
6
8
10
11
12
14
14
14
13
10
8
7
5
3
2
1
0
-1
-2
-2
-4
-6
-5
-6
-5
-5
-7
-5
-3
0
-1
1
1
0
2
2
1
1
-1
-2
-2
-1
1
0
2
1
2
2
1
1
-1
0
1
2
1
0
1
1
1
0
1
2
1
2
2
3
3
4
2
0
0
-1
-1
-3
-4
-4
-4
-2
-1
0
-1
-2
-2
-3
-2
-1
-1
-1
-3
-3
-3
-5
-4
-6
-6
-5
-4
-3
-2
-2
-1
-1
-1
-1
-2
0
0
0
1
2
2
3
6
7
7
6
3
1
1
1
1
1
2
4
3
3
5
4
3
4
2
2
3
3
3
4
5
4
3
2
1
0
-3
-4
-3
-4
-4
-4
-6
-8
-5
-8
-7
-5
-4
-3
-1
1
-2
-2
-4
-2
-2
-3
-3
-2
-3
-2
-1
0
1
-1
-3
-4
-5
-4
-4
-4
-4
-2
-3
-1
-2
-3
-3
-3
-1
0
1
2
3
2
3
2
3
2
1
2
4
5
2
3
2
-1
-1
-1
-2
-1
-1
0
0
1
1
3
2
3
5
3
3
2
4
5
7
9
8
9
8
8
9
6
5
5
2
0
0
-1
0
0
-2
-2
-3
-2
-3
-5
-4
-6
-5
-5
-4
-2
-2
-2
-1
-2
1
-1
-1
0
0
-1
-3
-3
-3
-3
-1
-1
-1
-1
-2
-1
1
-1
1
1
1
2
3
4
5
4
4
4
5
5
6
6
5
5
5
5
6
4
3
2
1
0
1
0
-1
-2
-2
-2
-3
-1
-1
-3
-3
-3
-4
-5
-6
-7
-9
-7
-7
-6
-5
-5
-5
-6
-5
-4
-3
-3
-3
-4
-5
-5
-4
-5
-6
-5
-4
-3
-2
-2
-2
-3
-3
-3
-3
-4
-3
-3
-3
-3
-1
-1
-1
0
-1
-1
0
1
2
1
3
2
3
2
2
2
2
2
2
4
4
4
5
6
7
6
8
8
9
8
9
11
10
9
9
7
7
6
8
7
7
6
5
5
5
6
5
5
4
4
5
3
3
4
2
-1
-1
-1
-1
-2
-1
-1
-1
-1
0
0
-2
0
0
-1
-1
-1
-2
-2
-1
-1
0
0
-2
-3
-3
-3
-4
-4
-3
-4
-2
-2
-2
-2
-2
-2
-3
-3
-5
-4
-6
-5
-5
-6
-5
-6
-6
-7
-6
-6
-6
-5
-7
-6
-6
-5
-5
-2
-2
-1
0
0
-1
-1
0
0
0
0
0
1
0
0
0
1
0
1
2
3
-1
-2
-2
-2
-2
-3
-4
-3
-2
-1
0
-1
-1
-1
-1
-3
-3
-2
-1
-1
-2
-1
-1
0
0
-1
0
1
0
1
2
3
2
4
4
4
4
3
5
4
5
5
4
5
7
6
5
5
5
3
3
4
5
4
4
4
2
1
-1
-1
-2
-1
-1
0
0
0
0
1
3
5
5
5
4
4
6
5
4
4
3
3
3
3
2
2
1
-1
-2
-2
-3
-4
-5
-4
-5
-4
-4
-5
-5
-5
-4
-5
-5
-4
-3
-3
0
0
1
1
0
-1
0
-1
0
1
2
2
3
4
4
2
2
2
1
2
2
3
3
4
5
3
2
3
1
2
2
1
0
0
0
-1
-2
-3
-3
-3
-2
-2
-3
-2
-2
-3
-3
-4
-3
-5
-5
-4
-5
-6
-7
-6
-7
-5
-6
-6
-6
-6
-7
-7
-6
-7
-6
-5
-3
-3
-3
-3
-3
-3
-2
-2
-2
-2
0
0
1
2
2
2
3
3
3
4
3
5
6
6
4
6
6
7
5
7
8
6
5
6
5
5
6
4
5
4
5
4
4
4
3
2
3
3
2
1
4
3
3
3
2
2
1
0
0
-1
-1
-2
-1
-3
-3
-6
-7
-8
-9
-10
-11
-11
-9
-8
-9
-7
-7
-7
-4
-5
-3
-1
-3
-3
-2
-3
-2
-1
1
1
0
1
1
2
3
3
3
3
4
5
4
6
6
6
6
5
4
5
6
5
6
5
4
5
4
5
5
4
6
5
6
5
4
4
3
2
1
0
1
-1
0
0
1
0
3
3
3
2
3
2
-2
-1
-2
-2
-2
-2
-4
-4
-5
-7
-6
-7
-8
-8
-9
-8
-8
-9
-8
-8
-9
-9
-8
-6
-5
-5
-5
-4
-3
-2
-2
-2
-2
-3
-2
-1
0
1
3
2
2
2
3
