-3
-3
-4
-4
-4
-5
-2
-2
-1
0
0
0
0
-1
-1
0
1
1
2
3
2
3
1
0
1
-1
-1
0
0
-1
1
1
1
1
1
0
-1
1
1
1
1
2
2
1
2
1
0
0
-1
-1
0
-1
-1
-1
-2
-3
-3
-3
-2
-3
-3
-3
-2
-3
-3
-4
-3
-2
-3
-2
0
0
0
0
0
0
1
1
1
2
2
3
2
3
3
4
3
2
3
3
3
3
2
3
1
2
2
3
2
2
2
2
1
2
2
1
2
2
2
2
1
0
1
0
0
0
0
-2
-2
-2
-2
-3
-2
-4
-4
-4
-4
-3
-4
-3
-4
-3
-4
-4
-4
-3
-4
-3
-3
-3
-2
-1
0
0
0
1
1
1
-1
-1
0
-1
-1
1
0
2
1
1
2
2
1
1
1
1
3
1
3
1
1
2
1
2
0
2
2
1
1
1
2
1
1
1
1
1
1
1
1
1
2
2
1
1
0
1
0
1
1
0
0
-1
-1
0
1
1
2
1
0
1
-1
0
1
1
1
1
0
1
2
2
0
1
-1
0
1
0
1
1
0
1
0
-1
0
-1
-1
-1
-1
-1
0
0
-1
-1
-1
-1
-1
0
0
0
0
1
-1
0
-2
-1
0
0
2
0
-1
0
-1
-1
-3
-1
-2
-1
-3
-2
-3
-5
-5
-4
-5
-5
-4
-4
-3
-3
-4
-3
-3
-2
-2
0
0
-2
0
-1
-1
-1
-1
-1
-1
1
0
-1
0
0
-1
0
0
0
1
2
1
1
1
0
2
3
2
2
1
3
2
2
3
5
4
3
3
4
4
3
2
2
4
2
4
1
1
1
0
0
0
0
0
0
1
1
1
1
2
2
3
2
4
3
3
3
2
2
2
2
2
1
2
2
1
1
1
0
-1
0
-1
-1
-1
0
-1
-1
-1
0
0
0
0
-1
-1
-2
-3
-2
-1
-3
-1
-2
-2
-1
-2
-2
-2
-2
-2
-1
-2
-3
-2
-3
-3
-3
-3
-4
-3
-2
-2
-2
-3
-2
-1
-2
-1
0
0
0
1
0
0
0
-1
-1
-1
-1
0
0
0
0
-1
-1
0
-1
1
-1
0
-1
1
0
0
0
-1
-1
1
1
2
2
1
1
1
1
0
0
1
0
0
1
-1
-2
-1
0
0
1
0
-1
-1
0
-1
-1
0
-1
-1
-1
0
-1
-1
1
1
0
1
1
1
2
1
1
2
3
4
5
5
5
5
4
4
6
5
5
6
5
4
4
4
4
3
3
3
3
1
0
1
1
1
0
-1
-1
0
0
-2
-1
-3
-2
-3
-3
-3
-4
-3
-2
-4
-3
-2
-3
-3
-3
-3
-3
-2
-4
-3
-2
-2
-2
-3
-1
-2
-4
-4
-2
-3
-3
-4
-3
-3
-3
-3
-2
-2
-1
0
0
0
-1
0
0
1
2
3
4
3
4
3
4
3
3
3
3
3
2
2
2
1
1
0
-1
-1
0
-1
-2
-2
-3
-2
-1
-2
-1
-2
-2
-3
-2
-2
-3
-2
-3
-2
-1
-2
-2
-2
-3
-1
-1
-2
-1
-1
-2
0
0
0
-1
-1
-1
-1
-1
-2
0
0
1
0
1
3
3
3
4
5
6
6
7
7
5
6
5
3
4
3
1
1
0
1
1
0
1
-1
-2
-1
-2
-1
-2
-1
0
-1
-1
-1
-1
0
-1
-1
0
0
0
1
0
0
0
-1
-2
-1
-2
-2
-2
-1
-1
-1
-1
-1
0
0
0
0
1
1
2
1
2
2
1
2
1
3
2
2
1
0
-1
1
1
2
2
2
1
1
2
2
1
3
4
3
2
1
2
2
1
1
0
0
1
-1
-2
-2
-1
-1
-1
-1
-2
-2
-2
-2
-4
-2
-2
-3
-2
-2
-3
-2
-2
-3
-2
-3
-3
-3
-3
-3
-3
-2
-2
-2
-1
-1
-1
0
0
1
2
1
1
-1
0
0
0
0
0
1
1
1
1
0
1
-1
1
1
0
1
1
1
2
3
4
2
2
2
2
3
3
3
2
2
1
1
0
1
1
-1
-2
-1
-2
-2
-1
-1
-1
-1
-1
-2
-3
-2
0
-2
-1
-3
-2
-3
-3
-2
-2
-2
-2
0
-1
-1
-1
-3
-2
-1
-1
-1
-1
-1
1
0
-1
0
0
1
2
2
2
1
4
5
5
4
5
6
4
4
4
3
3
4
3
3
3
1
2
3
2
2
2
0
0
0
0
0
-1
-1
-2
-1
-2
-2
-3
-4
-3
-3
-3
-2
-3
-2
-3
-2
-2
-2
-2
-2
-1
-2
-2
-2
-2
-1
-1
-1
-2
-1
-2
-2
-2
-3
-3
-3
-3
-2
-2
-2
-1
0
1
0
0
0
2
2
2
3
3
3
3
4
3
3
3
4
2
2
2
2
2
1
1
1
0
0
0
1
0
1
0
0
0
0
1
1
0
1
2
2
2
2
3
2
1
2
0
2
0
0
1
0
0
-1
-1
-2
-3
-2
-2
-2
-2
-2
-3
-3
-3
-2
-2
-2
-2
-3
-3
-3
-3
-1
-2
-1
-1
-1
0
0
0
-1
-1
-3
-2
-3
-3
-1
-2
-1
-1
-1
-2
-2
-1
0
1
1
2
2
3
3
3
1
3
3
4
5
4
3
3
3
4
5
4
3
3
2
2
2
2
2
2
2
0
3
2
0
1
0
0
-2
-1
-2
-1
-1
0
0
0
0
0
0
0
1
1
0
0
0
-1
-2
-2
-2
-3
-2
-2
-3
-3
-2
-2
-1
-1
-1
0
1
1
0
3
1
2
3
3
3
3
4
5
5
4
4
4
3
3
3
3
3
4
3
1
1
1
2
0
0
0
-1
0
-1
-3
-4
-3
-4
-3
-4
-5
-5
-5
-5
-5
-5
-6
-5
-5
-5
-5
-5
-5
-3
-5
-4
-3
-4
-4
-4
-3
-2
-4
-3
-2
-2
-1
-2
-2
-2
-1
-1
0
2
1
1
2
1
1
1
2
2
3
4
4
3
2
4
2
2
3
3
3
3
2
3
3
2
3
1
1
1
1
1
1
2
0
2
1
2
1
2
2
2
2
3
2
2
1
0
0
3
1
0
0
-1
0
0
-1
0
0
0
0
0
1
0
0
0
-1
0
0
0
1
2
2
1
2
3
3
4
4
4
4
4
3
3
3
3
3
2
2
2
0
0
-1
-2
-2
-2
-3
-4
-4
-4
-4
-4
-4
-3
-3
-3
-2
-3
-3
-3
-2
-3
-3
-3
-2
-3
-3
-4
-4
-3
-4
-5
-5
-6
-5
-4
-5
-5
-5
-5
-3
-3
-4
-4
-4
-3
-3
-3
-1
1
1
3
3
3
4
4
3
3
3
3
2
3
4
3
3
3
3
3
1
2
1
2
2
3
4
4
3
3
3
4
3
4
3
2
3
2
0
-1
0
-1
0
-2
-1
-2
-2
-2
-2
-2
-2
-2
-1
-2
-3
-2
-1
-2
0
0
0
1
0
1
1
2
2
3
3
3
4
3
3
5
5
5
4
6
5
3
2
2
2
1
1
0
-1
-1
-3
-2
-3
-3
-4
-4
-3
-2
-2
-2
-2
-1
-1
0
0
1
0
1
1
1
0
1
0
0
0
-1
0
-2
-1
-3
-2
-2
-3
-3
-3
-4
-4
-5
-3
-5
-5
-5
-4
-4
-4
-3
-1
-1
-1
0
-1
-1
0
0
0
1
0
-1
0
1
0
2
1
1
1
2
0
1
0
0
0
1
2
1
1
1
2
2
2
3
3
3
3
3
2
2
2
4
4
3
2
3
3
2
2
0
0
0
-1
0
-1
0
-1
0
-1
0
-1
-1
-1
-2
0
0
-1
-1
0
0
0
0
0
1
-1
2
1
2
2
3
2
2
2
1
1
0
-1
0
0
0
0
-2
-2
-1
-1
-1
0
0
1
2
1
2
1
2
2
2
1
2
2
2
1
1
-1
-1
-2
-2
-1
-2
-3
-4
-4
-3
-4
-3
-2
-1
-1
0
0
0
0
-2
-2
-3
-3
-4
-5
-4
-3
-3
-3
-4
-3
-3
-3
-4
-3
-4
-4
-5
-6
-5
-5
-5
-5
-5
-6
-6
-6
-5
-3
-3
-2
0
-2
0
0
2
3
4
4
5
6
6
7
7
7
8
8
8
8
8
7
6
5
6
5
5
6
7
7
9
9
10
11
10
9
10
10
10
11
10
10
8
7
5
5
2
2
2
1
1
0
-2
-3
-4
-3
-4
-5
-5
-6
-6
-7
-6
-7
-6
-8
-8
-9
-10
-10
-10
-10
-10
-11
-9
-8
-8
-7
-7
-6
-7
-7
-7
-6
-6
-6
-7
-7
-7
-8
-9
-10
-10
-10
-10
-7
-7
-5
-4
-6
-4
-5
-3
-2
-1
-1
0
0
1
0
0
3
2
3
4
4
5
5
4
4
5
6
7
8
9
9
10
10
9
11
11
12
13
13
13
13
13
14
14
14
15
15
14
14
13
12
12
9
8
9
7
6
5
5
5
5
4
4
3
3
2
1
1
-1
-2
-1
-3
-3
-4
-6
-8
-8
-9
-10
-10
-11
-11
-13
-16
-17
-18
-19
-21
-22
-23
-22
-23
-23
-22
-23
-21
-21
-21
-20
-18
-16
-15
-15
-13
-10
-8
-7
-4
-3
-1
1
0
1
-1
-1
-1
0
1
3
6
9
11
14
15
18
20
23
26
26
28
29
29
27
27
26
26
26
25
24
24
24
23
24
24
23
25
24
22
22
20
18
15
14
12
9
7
6
4
1
0
-3
-6
-8
-9
-12
-12
-13
-14
-16
-16
-17
-17
-18
-18
-20
-21
-21
-22
-24
-25
-27
-28
-29
-31
-32
-34
-35
-38
-36
-36
-38
-38
-37
-37
-39
-37
-38
-37
-37
-38
-38
-37
-36
-37
-35
-35
-32
-30
-29
-25
-23
-20
-16
-12
-8
-4
1
6
13
17
24
33
39
47
55
64
70
78
82
86
88
88
90
90
87
85
82
78
72
67
62
56
51
46
42
38
34
29
26
25
23
21
19
18
18
16
15
16
15
14
11
8
4
1
-2
-5
-7
-8
-10
-12
-13
-18
-21
-26
-29
-35
-39
-43
-50
-55
-58
-63
-65
-70
-72
-73
-76
-76
-76
-74
-72
-72
-68
-65
-64
-60
-60
-58
-55
-54
-54
-54
-53
-56
-60
-63
-66
-73
-80
-90
-97
-99
-96
-93
-92
-91
-88
-82
-71
-56
-39
-20
2
27
57
89
119
147
170
194
217
231
241
246
245
242
236
228
216
203
183
164
147
125
105
85
67
51
38
28
21
17
17
16
20
22
23
22
21
24
27
27
26
26
25
24
20
19
14
10
2
-6
-15
-24
-36
-50
-63
-75
-87
-98
-107
-120
-131
-140
-147
-152
-151
-151
-152
-147
-142
-137
-132
-125
-119
-113
-104
-94
-88
-79
-74
-71
-69
-67
-68
-71
-75
-78
-82
-89
-94
-101
-108
-114
-124
-142
-162
-180
-188
-187
-182
-179
-176
-171
-157
-134
-103
-69
-36
5
53
110
168
228
285
335
383
424
461
487
495
495
491
476
453
421
381
332
279
233
188
146
103
62
33
8
-2
-7
-11
-9
-6
0
9
15
30
47
61
77
94
104
111
115
119
122
120
114
104
97
85
63
46
23
-10
-42
-69
-99
-124
-149
-179
-207
-230
-247
-264
-276
-279
-282
-279
-276
-268
-258
-246
-238
-226
-210
-201
-190
-181
-174
-162
-152
-150
-151
-149
-145
-139
-134
-130
-125
-123
-123
-120
-120
-121
-128
-134
-137
-136
-138
-141
-144
-145
-138
-133
-128
-133
-141
-162
-176
-169
-153
-134
-119
-107
-94
-73
-41
-7
28
63
105
147
201
259
313
361
407
452
486
515
529
540
545
542
526
504
476
441
392
344
302
263
216
169
131
96
74
53
46
42
44
48
54
68
81
97
119
140
166
194
214
234
252
266
278
282
273
262
236
211
178
137
93
42
-10
-51
-95
-141
-184
-219
-254
-294
-329
-358
-384
-411
-427
-436
-435
-431
-424
-417
-407
-385
-370
-352
-335
-320
-299
-288
-280
-270
-263
-253
-246
-242
-239
-232
-237
-243
-240
-239
-231
-239
-251
-260
-274
-294
-321
-346
-385
-423
-461
-493
-513
-510
-495
-473
-446
-411
-358
-281
-200
-112
-17
76
186
303
412
525
631
729
809
871
924
949
949
926
893
855
799
724
634
541
455
362
271
190
108
39
-30
-73
-94
-118
-136
-143
-134
-103
-78
-44
-5
46
106
169
232
283
329
373
404
432
458
464
460
449
434
410
375
331
283
226
162
96
39
-18
-86
-154
-211
-269
-317
-365
-407
-443
-460
-471
-479
-465
-447
-431
-425
-411
-385
-360
-338
-312
-284
-263
-248
-245
-243
-235
-233
-239
-238
-240
-246
-254
-269
-281
-290
-313
-342
-363
-381
-388
-398
-400
-398
-395
-404
-413
-407
-398
-392
-398
-410
-402
-382
-350
-302
-257
-207
-166
-109
-36
35
112
188
259
336
427
504
569
642
708
759
795
819
834
836
808
769
729
676
611
525
433
358
284
209
138
88
49
14
-6
-7
4
15
24
45
83
113
150
184
226
272
313
353
383
414
441
446
457
461
453
436
402
369
326
285
220
159
103
47
-5
-63
-119
-178
-235
-290
-337
-378
-419
-453
-481
-501
-507
-522
-532
-541
-538
-533
-529
-500
-482
-462
-449
-433
-422
-410
-404
-396
-392
-397
-391
-388
-386
-377
-373
-359
-354
-351
-350
-354
-357
-360
-366
-380
-386
-390
-390
-396
-410
-423
-412
-411
-419
-414
-388
-346
-305
-273
-234
-182
-118
-46
38
131
223
310
407
513
617
707
780
848
903
950
978
993
984
956
916
860
803
736
657
573
487
414
339
271
214
165
138
115
116
122
126
136
150
170
204
241
285
325
361
399
428
455
474
488
498
489
473
456
431
389
348
305
247
181
105
32
-41
-117
-194
-273
-350
-422
-490
-542
-594
-635
-664
-683
-693
-694
-689
-685
-664
-652
-635
-607
-576
-542
-509
-475
-452
-430
-412
-395
-392
-391
-388
-392
-403
-418
-428
-448
-467
-478
-490
-491
-495
-503
-501
-492
-479
-471
-463
-449
-431
-403
-396
-385
-360
-339
-329
-309
-268
-219
-159
-119
-62
7
84
165
245
335
424
529
622
716
803
877
936
979
1008
1034
1036
1018
990
953
910
849
779
696
609
539
471
400
338
287
245
204
188
177
173
182
188
203
218
235
250
267
288
311
335
344
359
377
391
413
415
405
383
352
308
268
223
171
99
26
-47
-127
-196
-275
-347
-428
-497
-564
-625
-675
-717
-750
-772
-791
-798
-790
-780
-767
-737
-703
-671
-645
-612
-576
-532
-490
-456
-418
-387
-352
-327
-301
-278
-254
-252
-253
-245
-248
-249
-263
-275
-275
-274
-278
-283
-292
-292
-286
-284
-268
-252
-244
-245
-255
-252
-248
-249
-237
-215
-174
-126
-71
-26
33
105
184
267
344
428
510
596
674
751
827
889
927
952
971
980
977
951
908
858
803
733
655
570
489
421
353
290
226
173
142
118
105
107
120
140
138
141
163
185
207
222
225
240
251
252
259
267
268
253
233
213
193
156
109
52
-12
-72
-132
-203
-271
-337
-400
-467
-525
-580
-623
-663
-687
-702
-700
-691
-695
-682
-658
-625
-586
-562
-530
-491
-452
-411
-366
-326
-289
-259
-238
-214
-191
-166
-159
-156
-156
-168
-173
-174
-185
-197
-215
-243
-251
-259
-272
-266
-255
-239
-224
-219
-193
-171
-141
-121
-103
-80
-73
-63
-53
-42
-23
0
13
32
47
57
86
130
180
245
303
359
422
503
572
626
687
734
769
784
795
805
796
759
704
654
597
525
439
361
293
226
162
92
37
-6
-37
-55
-71
-73
-55
-46
-36
-10
20
59
85
114
147
175
200
224
255
281
292
304
301
294
282
249
212
169
124
74
22
-37
-94
-148
-211
-271
-324
-374
-410
-444
-471
-489
-500
-504
-496
-485
-473
-456
-426
-397
-381
-354
-326
-300
-274
-271
-256
-225
-202
-184
-179
-170
-164
-169
-186
-199
-207
-216
-249
-278
-293
-309
-317
-337
-342
-333
-319
-318
-318
-298
-284
-274
-277
-274
-255
-248
-259
-262
-254
-239
-217
-199
-175
-149
-119
-86
-42
26
95
160
231
313
401
484
549
622
682
731
764
778
791
777
762
720
675
640
582
512
447
400
344
293
244
200
167
143
136
124
118
127
136
153
174
201
214
215
239
256
283
308
322
342
341
334
324
314
305
281
247
220
187
156
118
70
12
-45
-108
-177
-234
-288
-344
-390
-439
-481
-506
-529
-543
-549
-545
-535
-528
-514
-488
-467
-449
-421
-388
-371
-342
-322
-301
-272
-267
-258
-260
-258
-256
-258
-255
-265
-273
-279
-284
-285
-283
-286
-287
-291
-298
-292
-284
-280
-290
-300
-300
-308
-312
-320
-330
-339
-357
-359
-358
-344
-309
-288
-275
-236
-188
-113
-28
55
145
244
348
439
539
631
726
788
834
878
909
931
926
903
872
847
799
736
668
592
529
465
396
346
308
267
228
206
200
203
192
187
202
217
220
218
221
234
247
259
259
260
272
264
255
241
233
218
181
140
99
60
20
-33
-83
-135
-178
-225
-276
-331
-381
-420
-472
-519
-561
-585
-616
-634
-631
-640
-633
-616
-591
-561
-531
-492
-452
-415
-382
-343
-314
-293
-273
-261
-253
-251
-252
-247
-245
-241
-247
-265
-274
-280
-277
-280
-274
-277
-278
-273
-269
-253
-228
-214
-208
-211
-206
-189
-176
-172
-177
-173
-176
-180
-172
-141
-98
-75
-51
-21
26
87
159
233
308
386
474
552
636
708
777
845
885
929
954
978
974
949
907
855
798
726
648
570
503
439
368
294
227
173
126
80
47
22
-2
-24
-46
-61
-68
-64
-67
-58
-21
10
36
56
74
95
113
124
132
135
141
123
96
74
48
16
-43
-96
-145
-195
-251
-318
-383
-436
-480
-529
-572
-606
-625
-641
-651
-652
-641
-615
-588
-559
-509
-455
-413
-370
-336
-285
-240
-201
-160
-137
-116
-114
-106
-103
-101
-99
-110
-123
-141
-155
-168
-188
-217
-232
-247
-260
-265
-257
-257
-259
-256
-257
-244
-241
-233
-224
-217
-209
-210
-186
-153
-111
-78
-52
-8
49
118
204
285
362
441
512
588
672
751
823
884
927
963
993
1001
985
951
914
850
778
692
597
495
383
290
210
133
64
-1
-61
-89
-125
-155
-174
-180
-172
-171
-143
-125
-98
-77
-61
-34
-18
10
37
57
78
103
113
116
113
101
74
49
28
10
-7
-44
-80
-124
-158
-211
-263
-308
-359
-395
-430
-460
-479
-491
-501
-494
-480
-458
-446
-410
-368
-331
-286
-245
-197
-164
-134
-96
-58
-23
-11
-13
-5
-7
-28
-63
-85
-113
-145
-185
-218
-235
-258
-284
-309
-331
-334
-328
-325
-315
-295
-280
-273
-263
-255
-244
-242
-248
-248
-229
-175
-123
-99
-70
-35
12
59
123
207
294
380
449
530
626
702
761
801
863
892
909
912
884
866
803
729
638
536
435
310
192
92
18
-53
-121
-171
-212
-237
-249
-263
-258
-226
-213
-184
-132
-85
-58
-17
16
62
126
170
203
240
285
315
333
335
336
324
300
255
224
203
168
121
53
-10
-68
-128
-199
-274
-318
-369
-410
-433
-460
-465
-454
-449
-458
-442
-421
-394
-376
-367
-323
-282
-237
-218
-199
-142
-95
-64
-66
-58
-49
-65
-111
-151
-170
-195
-225
-284
-319
-332
-343
-378
-411
-410
-388
-371
-372
-374
-336
-282
-279
-283
-271
-241
-216
-213
-221
-215
-172
-122
-87
-75
-71
-59
-19
28
104
201
286
360
443
542
628
707
767
818
869
908
938
944
915
873
816
738
638
526
421
293
181
76
-11
-59
-113
-157
-196
-217
-222
-242
-244
-244
-216
-155
-107
-64
4
78
138
196
249
314
368
388
422
439
455
451
441
409
369
329
300
192
89
101
27
-23
-86
-132
-227
-310
-324
-411
-462
-457
-487
-521
-514
-532
-528
-497
-524
-510
-482
-420
-366
-359
-310
-265
-214
-163
-156
-138
-124
-111
-114
-144
-142
-152
-183
-213
-267
-271
-291
-323
-353
-375
-373
-401
-415
-423
-394
-383
-395
-429
-460
-525
-538
-612
-730
-638
-530
-434
-364
-276
-162
-92
32
145
280
538
742
933
1152
1360
1515
1516
1491
1436
1353
1247
1120
993
851
676
440
180
-54
-285
-537
-742
-855
-862
-819
-763
-681
-567
-402
-257
-156
-18
123
251
373
489
620
702
765
784
758
754
741
713
697
684
690
680
628
531
409
308
169
23
-116
-235
-352
-466
-557
-658
-741
-810
-845
-875
-866
-788
-690
-555
-392
-232
-103
13
127
205
272
324
361
375
359
306
214
111
-50
-224
-378
-506
-625
-714
-760
-804
-805
-802
-807
-790
-740
-670
-577
-464
-362
-232
-116
-41
0
55
101
141
178
154
20
-184
-371
-570
-750
-866
-812
-651
-495
-406
-376
-298
-191
-109
5
237
587
915
1178
1395
1560
1630
1540
1358
1194
1087
960
805
694
596
441
174
-140
-401
-587
-721
-803
-763
-606
-378
-203
-68
54
149
229
261
276
348
448
515
527
548
561
527
432
323
260
255
294
331
405
488
531
453
332
208
78
-51
-225
-362
-449
-500
-573
-692
-793
-850
-906
-923
-881
-804
-648
-434
-234
-39
146
262
316
324
328
327
345
333
270
191
91
-32
-205
-373
-551
-675
-759
-791
-743
-648
-529
-442
-351
-283
-215
-141
-86
-29
44
123
194
191
140
80
57
33
10
27
2
-157
-459
-725
-900
-968
-966
-869
-657
-374
-154
-117
-125
-45
88
230
440
766
1098
1401
1536
1534
1469
1327
1068
773
577
448
412
411
302
149
-53
-335
-629
-856
-973
-951
-830
-564
-265
9
234
346
392
402
419
422
465
547
616
649
660
631
530
440
336
247
239
285
350
404
463
480
442
340
164
-29
-212
-332
-432
-511
-599
-667
-716
-820
-891
-921
-884
-807
-686
-477
-234
49
240
344
403
402
389
308
216
148
106
65
-46
-152
-255
-379
-542
-704
-812
-837
-815
-764
-649
-490
-361
-258
-202
-150
-73
-37
-20
-39
-10
26
51
16
-22
-10
-13
7
49
165
206
-40
-446
-810
-1025
-1060
-956
-756
-508
-186
11
17
14
61
70
197
497
887
1257
1529
1665
1619
1501
1307
1016
682
428
298
293
299
269
108
-145
-463
-781
-957
-1013
-917
-732
-412
-59
271
545
653
640
580
575
550
533
543
538
509
475
431
407
336
233
154
131
209
241
292
373
450
479
415
297
106
-62
-228
-392
-558
-658
-724
-818
-854
-857
-815
-762
-695
-607
-449
-192
24
170
289
389
419
362
267
176
66
-34
-123
-210
-281
-342
-413
-534
-638
-732
-796
-816
-780
-687
-536
-326
-166
-82
-38
-31
-14
-27
-76
-128
-154
-110
-76
-60
-43
5
84
199
190
-72
-548
-995
-1291
-1316
-1060
-763
-481
-228
26
155
126
72
22
163
549
1017
1397
1646
1812
1792
1645
1416
1062
642
275
89
45
124
231
145
-71
-393
-710
-906
-995
-925
-784
-475
-31
414
775
941
975
917
811
675
549
453
383
343
335
328
358
317
229
134
120
155
166
202
217
248
275
265
190
36
-108
-293
-476
-618
-739
-810
-877
-896
-829
-710
-586
-528
-456
-283
-89
88
236
370
455
492
467
394
301
145
-58
-240
-365
-431
-469
-534
-598
-643
-669
-730
-790
-818
-776
-631
-435
-240
-97
41
99
132
91
16
-36
-70
-67
-98
-54
33
138
213
227
238
340
279
-28
-571
-1045
-1211
-999
-687
-509
-378
-157
156
278
232
100
139
459
854
1196
1423
1589
1668
1624
1499
1210
871
516
192
36
0
37
-52
-289
-594
-830
-907
-918
-923
-858
-645
-275
132
462
619
647
669
618
554
460
378
249
112
40
78
157
95
15
38
163
203
263
253
205
267
314
283
239
237
119
-72
-222
-392
-584
-796
-954
-1040
-977
-811
-731
-646
-513
-277
-60
104
248
299
395
464
446
424
349
301
197
73
-32
-149
-214
-318
-424
-517
-610
-684
-759
-784
-733
-551
-347
-193
-53
31
105
169
160
120
72
55
73
116
212
374
516
497
219
-199
-643
-1065
-1375
-1447
-1210
-755
-323
-81
4
64
180
220
219
384
766
1240
1627
1842
1927
1912
1769
1357
821
346
7
-216
-378
-423
-379
-312
-339
-520
-714
-888
-1026
-1045
-964
-726
-317
156
573
864
1038
1052
892
603
286
23
-120
-188
-192
-123
13
158
246
270
281
300
316
259
170
135
135
158
151
85
25
-65
-222
-427
-656
-805
-842
-837
-791
-670
-473
-244
-59
50
111
201
304
366
376
376
389
364
288
175
51
-134
-332
-523
-633
-632
-612
-564
-501
-423
-368
-335
-353
-383
-344
-260
-138
-13
90
187
205
171
136
61
-28
-121
-140
-80
28
158
259
398
428
431
313
-67
-674
-1262
-1406
-1170
-790
-572
-458
-186
273
567
412
160
183
550
993
1186
1302
1406
1595
1643
1389
1083
722
427
123
-186
-346
-437
-468
-649
-873
-949
-908
-797
-781
-728
-528
-160
233
460
596
701
786
836
756
547
315
106
-51
-170
-158
-43
73
138
172
273
361
385
306
188
206
321
401
330
161
15
-131
-268
-533
-866
-1090
-1161
-1142
-1060
-924
-708
-452
-203
13
204
410
559
664
682
671
668
599
433
236
51
-89
-203
-361
-490
-557
-547
-552
-619
-684
-700
-609
-477
-351
-172
17
192
267
293
314
329
320
177
17
-46
-47
-50
-154
-333
-543
-826
-1117
-1246
-1099
-794
-449
-185
72
373
576
557
417
454
701
1003
1158
1227
1297
1366
1365
1142
742
268
-148
-502
-743
-852
-866
-782
-626
-482
-380
-284
-215
-206
-269
-306
-184
55
328
516
680
881
1029
995
753
363
43
-187
-330
-393
-326
-153
18
189
333
451
425
379
283
262
250
202
71
-131
-156
-132
-126
-222
-338
-480
-562
-515
-485
-447
-335
-189
-65
78
221
297
291
241
185
196
211
205
135
40
5
-67
-174
-362
-560
-698
-714
-610
-450
-261
-85
42
138
178
132
47
-72
-160
-166
-160
-140
-91
-11
31
22
3
-75
-161
-251
-237
-121
97
340
525
550
166
-519
-1130
-1321
-1200
-1037
-942
-757
-276
308
505
256
33
138
462
705
771
835
1086
1445
1609
1478
1190
868
510
77
-282
-484
-550
-644
-825
-942
-843
-632
-526
-612
-680
-549
-265
27
172
354
641
934
1118
1123
961
687
375
50
-207
-306
-297
-198
-7
251
459
575
587
446
316
252
227
171
116
82
63
93
26
-162
-440
-740
-993
-1122
-1130
-1039
-843
-547
-131
284
612
738
687
559
458
426
386
337
268
257
233
144
-9
-192
-391
-558
-688
-734
-655
-490
-297
-133
-25
60
68
16
-119
-242
-239
-224
-153
-127
-132
-157
-171
-242
-428
-629
-823
-995
-1132
-1141
-886
-535
-221
-57
55
180
315
336
161
111
321
700
1001
1162
1227
1288
1317
1180
855
508
247
0
-270
-473
-516
-513
-506
-550
-559
-495
-387
-345
-455
-484
-334
-78
226
450
661
822
981
1064
984
800
579
385
206
114
101
119
158
211
242
221
174
97
94
89
138
208
185
147
124
35
-183
-279
-328
-426
-431
-471
-525
-443
-258
-139
-152
-90
-39
-34
-27
-84
-64
25
167
212
140
72
0
-42
-164
-297
-388
-432
-459
-527
-550
-501
-368
-257
-168
-95
-40
-5
-38
-88
-76
-50
-29
-86
-168
-200
-154
-29
30
83
86
85
60
45
81
207
203
-199
-819
-1190
-1083
-719
-527
-619
-606
-223
245
311
2
-147
157
709
1059
1085
1044
1182
1401
1375
1130
839
622
381
68
-146
-223
-216
-347
-634
-920
-966
-853
-802
-885
-867
-621
-228
99
228
328
467
659
782
777
729
636
540
421
369
402
391
341
290
316
391
475
449
327
287
329
352
284
143
-45
-148
-208
-331
-496
-669
-787
-868
-888
-848
-789
-654
-476
-235
20
292
547
638
624
575
527
471
353
135
-36
-98
-84
-130
-281
-431
-512
-573
-622
-642
-599
-453
-259
-59
63
176
292
291
167
7
-102
-160
-258
-464
-610
-680
-666
-823
-1187
-1560
-1545
-1079
-627
-286
-120
143
508
774
732
508
525
766
992
1073
1079
1145
1205
1161
932
609
328
39
-256
-540
-612
-508
-403
-413
-509
-510
-420
-271
-172
-157
-82
30
177
290
423
624
780
848
811
752
717
620
454
233
149
174
225
214
179
206
177
186
88
-12
-75
-53
-78
-130
-66
-37
4
-10
-75
-182
-294
-330
-378
-374
-323
-241
-148
-63
-4
-17
14
7
-52
-157
-290
-404
-450
-386
-298
-190
-109
-101
-97
-93
-138
-239
-344
-413
-445
-400
-342
-305
-236
-102
25
69
69
49
68
74
50
82
165
235
255
211
116
157
174
219
162
-155
-905
-1642
-1910
-1569
-1000
-707
-583
-340
265
629
425
-23
-104
393
1008
1378
1453
1572
1832
1873
1541
1013
601
333
-32
-390
-530
-367
-153
-284
-627
-946
-971
-870
-897
-927
-804
-381
130
498
642
676
673
570
419
260
225
296
283
235
217
272
419
514
531
415
395
427
447
441
351
349
373
392
272
59
-87
-271
-438
-630
-797
-882
-871
-771
-718
-628
-486
-313
-200
-119
-20
127
309
504
574
510
374
247
118
-30
-171
-349
-430
-476
-455
-417
-404
-417
-452
-493
-501
-437
-341
-203
-1
186
341
390
394
333
217
24
-194
-367
-434
-420
-369
-296
-85
137
55
-599
-1440
-1836
-1485
-717
-288
-199
-129
302
660
522
4
-307
26
598
1046
1242
1388
1611
1666
1384
908
537
302
31
-197
-290
-68
291
339
41
-461
-806
-996
-1152
-1235
-1166
-734
-181
342
689
855
1007
991
818
546
393
449
554
635
657
699
791
712
425
45
-221
-255
-198
-155
-144
77
332
406
300
44
-102
-192
-252
-424
-507
-395
-253
-240
-423
-570
-556
-483
-466
-525
-451
-180
115
308
317
302
243
148
29
-155
-205
-135
-21
17
30
27
-21
-155
-420
-683
-856
-916
-906
-873
-703
-436
-143
30
110
198
249
285
253
191
173
225
306
324
305
220
-211
-1068
-1888
-2081
-1611
-946
-554
-445
-267
143
415
196
-130
-39
562
1301
1776
1934
1965
1975
1795
1281
663
212
-12
-157
-355
-405
-218
1
-88
-519
-935
-1052
-920
-807
-724
-475
24
557
847
867
742
655
551
371
217
177
274
364
367
304
240
205
164
77
32
211
545
906
1038
994
846
590
261
-102
-406
-537
-493
-473
-469
-428
-384
-407
-611
-914
-1082
-971
-673
-364
-86
205
514
721
715
562
406
285
167
10
-146
-259
-301
-422
-630
-787
-809
-739
-697
-631
-515
-300
-121
-47
-119
-199
-199
-110
-32
-9
8
26
27
-184
-519
-916
-1280
-1692
-1944
-1784
-1314
-724
-373
-307
-287
-57
221
329
422
715
1238
1740
1976
1954
1796
1642
1475
1162
819
596
474
290
-42
-331
-532
-682
-934
-1202
-1335
-1191
-738
-283
104
368
535
606
544
479
524
663
808
893
907
863
784
657
460
259
149
238
407
562
667
639
492
255
5
-237
-394
-413
-372
-328
-248
-157
-190
-301
-442
-603
-665
-582
-412
-174
141
484
712
733
546
278
86
-17
-47
-114
-174
-170
-172
-281
-507
-772
-932
-1008
-1061
-1094
-1031
-833
-587
-349
-211
-147
-128
-108
-37
98
263
388
421
351
200
26
-176
-351
-456
-475
-421
-269
-74
112
244
62
-546
-1305
-1605
-1271
-688
-327
-363
-509
-438
-275
-369
-547
-387
221
991
1545
1756
1781
1784
1692
1379
1007
866
996
1114
982
737
505
276
-119
-766
-1398
-1658
-1440
-1027
-667
-434
-290
-174
-120
-87
33
249
549
853
1098
1266
1333
1225
910
508
202
138
286
486
619
651
599
405
146
-130
-324
-366
-273
-71
62
123
110
-24
-304
-641
-904
-1044
-1089
-1038
-853
-550
-200
30
96
96
150
310
433
504
536
580
577
417
153
-112
-261
-391
-583
-849
-1075
-1168
-1178
-1125
-1037
-890
-673
-394
-103
157
432
608
577
387
174
32
-96
-302
-628
-987
-1299
-1380
-1148
-882
-707
-747
-883
-934
-725
-343
-20
408
939
1462
1779
1786
1600
1380
1265
1227
1148
1080
1007
851
552
153
-249
-597
-845
-1009
-1062
-997
-772
-462
-230
-169
-244
-232
-40
210
424
630
860
1083
1208
1148
936
766
649
534
421
368
355
378
352
237
147
151
221
214
186
181
147
103
-43
-261
-512
-670
-712
-690
-635
-560
-500
-437
-373
-298
-206
-40
125
209
232
281
399
523
595
534
401
242
69
-159
-356
-521
-663
-780
-905
-1042
-1114
-1109
-1054
-976
-830
-695
-597
-438
-203
97
342
441
401
356
332
318
244
144
103
131
158
136
-187
-861
-1592
-1753
-1273
-512
-47
-173
-562
-790
-775
-758
-693
-398
174
787
1217
1324
1118
920
880
937
1133
1425
1713
1789
1546
1076
530
142
-111
-353
-574
-693
-630
-497
-460
-589
-817
-907
-780
-471
-133
139
365
502
545
439
344
394
608
890
1072
1140
1106
1015
816
574
471
523
657
771
755
519
179
-149
-425
-554
-531
-454
-381
-355
-425
-559
-761
-1008
-1192
-1202
-992
-605
-206
86
205
205
226
344
508
666
791
861
815
581
287
2
-235
-370
-469
-610
-824
-1028
-1209
-1353
-1412
-1310
-1125
-847
-515
-250
-30
148
207
80
-174
-489
-811
-985
-825
-568
-514
-792
-1215
-1410
-1244
-799
-345
41
529
980
1235
1300
1240
1199
1295
1467
1602
1694
1682
1461
975
355
-152
-441
-555
-642
-779
-940
-1021
-1086
-1138
-1106
-888
-523
-78
377
695
817
819
759
786
891
1020
1085
1024
877
650
495
460
552
587
572
549
556
555
488
337
51
-101
-127
-54
135
302
267
-56
-406
-706
-833
-749
-579
-443
-331
-174
-70
-13
24
25
36
46
102
147
229
293
285
285
289
308
248
109
-57
-255
-436
-582
-756
-928
-980
-935
-874
-821
-735
-649
-614
-593
-560
-468
-290
-128
-48
-52
-48
11
140
301
535
491
-113
-996
-1315
-844
-261
-271
-1008
-1779
-1874
-1303
-701
-401
-82
370
754
866
732
595
694
1059
1451
1720
1871
1830
1454
843
287
-6
27
141
165
-17
-353
-635
-791
-846
-863
-795
-625
-347
-22
235
362
385
389
475
615
735
813
811
696
451
275
344
573
804
912
886
806
768
839
860
741
523
297
180
117
64
-24
-195
-402
-592
-692
-741
-832
-944
-1007
-927
-713
-436
-175
-38
46
100
148
201
277
334
340
315
255
194
95
-95
-283
-405
-442
-454
-482
-544
-658
-760
-802
-772
-693
-573
-466
-417
-425
-427
-337
-235
-265
-490
-812
-1085
-1228
-1212
-938
-594
-427
-511
-761
-895
-708
-343
-117
-83
-7
180
436
680
949
1207
1481
1709
1774
1719
1624
1437
1142
860
616
426
201
-152
-569
-960
-1225
-1335
-1280
-1074
-861
-666
-553
-485
-353
-68
332
712
1029
1271
1424
1468
1431
1360
1272
1218
1119
983
898
874
689
388
250
215
292
426
425
221
34
-37
-182
-255
-210
-189
-216
-217
-272
-411
-456
-456
-476
-464
-422
-432
-472
-504
-513
-401
-214
-44
43
58
105
148
139
66
-59
-102
-116
-199
-318
-451
-588
-691
-781
-812
-784
-690
-652
-723
-812
-829
-690
-494
-308
-202
-143
-91
-72
-94
-98
-184
-451
-834
-914
-580
-207
-128
-492
-917
-1022
-710
-383
-346
-342
-271
-126
25
252
514
801
1098
1275
1411
1588
1720
1668
1456
1217
1046
945
742
406
30
-288
-527
-687
-777
-815
-808
-821
-814
-686
-438
-155
99
335
570
843
1034
1090
1039
990
957
906
870
783
733
754
795
810
739
640
462
318
227
173
222
349
439
319
96
-162
-348
-386
-452
-587
-738
-837
-850
-826
-797
-799
-821
-823
-741
-517
-191
40
133
151
137
161
157
160
171
154
53
-185
-448
-650
-735
-730
-700
-619
-497
-394
-383
-472
-529
-430
-316
-341
-447
-649
-880
-966
-791
-638
-689
-920
-1176
-1202
-976
-635
-531
-566
-421
-68
344
635
831
1014
1187
1321
1367
1361
1438
1522
1496
1342
1218
1055
866
558
164
-157
-351
-405
-512
-649
-764
-819
-783
-774
-784
-790
-782
-629
-351
51
417
634
760
862
982
1089
1144
1205
1325
1369
1363
1304
1207
1088
927
724
542
382
173
-32
-194
-273
-338
-386
-401
-417
-417
-426
-459
-520
-604
-639
-588
-384
-103
56
-1
-185
-351
-407
-321
-185
-70
-69
-126
-145
-112
-82
-100
-145
-193
-214
-209
-188
-214
-381
-572
-677
-660
-618
-619
-650
-677
-624
-479
-335
-264
-226
-193
-104
-14
116
177
-59
-500
-672
-306
67
-138
-851
-1444
-1307
-589
-94
-323
-781
-862
-535
-146
81
225
512
941
1298
1393
1329
1372
1455
1501
1434
1397
1324
1133
839
499
219
-4
-296
-689
-1042
-1195
-1080
-903
-776
-663
-497
-346
-192
-52
113
315
506
703
818
865
851
833
896
909
932
949
924
859
813
803
781
764
672
531
371
215
46
-151
-293
-319
-234
-185
-250
-396
-559
-691
-806
-896
-908
-736
-496
-297
-193
-188
-217
-269
-290
-248
-161
-8
173
209
54
-150
-314
-388
-399
-373
-357
-372
-389
-407
-460
-461
-424
-396
-398
-397
-277
-102
-42
-197
-482
-764
-913
-868
-684
-615
-708
-832
-811
-626
-420
-346
-451
-504
-349
-34
256
440
545
633
747
804
842
916
1039
1145
1167
1106
1009
914
822
692
528
343
141
-77
-305
-500
-623
-715
-797
-898
-1002
-926
-684
-387
-188
-93
48
254
449
601
715
860
1049
1167
1257
1262
1199
1134
1059
1014
994
950
804
625
520
446
353
284
201
105
-17
-181
-369
-573
-647
-579
-402
-183
-103
-155
-308
-412
-453
-498
-510
-492
-410
-270
-160
-112
-143
-222
-352
-451
-481
-424
-269
-168
-140
-212
-303
-344
-347
-363
-386
-404
-404
-412
-484
-536
-583
-572
-535
-464
-385
-306
-215
-172
-132
-267
-558
-800
-627
-226
-116
-506
-994
-962
-360
203
83
-525
-879
-643
-110
244
305
306
441
617
721
779
952
1211
1360
1330
1196
1148
1125
982
729
515
378
216
-48
-362
-630
-729
-734
-749
-778
-736
-536
-315
-122
24
200
357
472
565
663
825
965
1044
1067
1103
1163
1139
1033
840
686
699
743
606
379
261
284
310
269
195
131
104
-19
-313
-613
-704
-576
-385
-365
-516
-621
-576
-489
-503
-596
-647
-592
-374
-148
-92
-131
-219
-288
-329
-401
-457
-438
-331
-262
-259
-288
-353
-410
-445
-505
-510
-419
-330
-286
-356
-414
-459
-460
-479
-540
-630
-650
-651
-825
-1078
-1143
-907
-495
-263
-399
-668
-656
-301
99
293
328
427
620
888
1057
1115
1186
1261
1262
1215
1139
1046
895
697
538
420
271
27
-260
-500
-593
-596
-619
-664
-694
-708
-723
-689
-573
-365
-125
108
336
527
725
873
936
910
920
1044
1225
1325
1263
1134
1066
1073
1053
938
764
676
600
434
246
124
97
36
-130
-380
-522
-452
-278
-208
-256
-371
-468
-505
-465
-412
-374
-310
-266
-233
-175
-122
-173
-329
-481
-528
-460
-375
-341
-363
-419
-492
-532
-552
-519
-481
-479
-482
-471
-425
-381
-376
-389
-367
-331
-266
-266
-340
-463
-493
-390
-200
-123
-284
-547
-552
-235
-113
-440
-950
-1010
-469
145
150
-460
-874
-658
-175
61
50
118
431
832
940
892
988
1263
1423
1333
1134
1030
1036
981
815
605
481
292
-56
-416
-609
-577
-523
-576
-684
-691
-524
-388
-374
-324
-134
157
367
466
530
620
731
813
866
897
940
955
887
811
775
759
738
699
646
575
499
381
172
15
13
91
92
-72
-304
-472
-455
-359
-404
-555
-666
-660
-552
-449
-412
-383
-342
-303
-259
-273
-318
-376
-346
-151
19
72
-53
-254
-383
-391
-319
-266
-270
-308
-354
-428
-491
-524
-499
-468
-417
-345
-247
-173
-191
-303
-390
-368
-336
-342
-461
-542
-601
-726
-856
-849
-646
-435
-447
-645
-780
-613
-294
-86
21
176
468
758
908
1010
1154
1359
1461
1365
1188
1003
912
811
665
532
402
169
-192
-519
-671
-692
-693
-689
-658
-540
-399
-305
-210
-87
72
225
362
523
677
809
890
925
960
1028
1065
1060
1037
978
955
966
941
850
702
575
476
396
240
38
-93
-142
-145
-187
-257
-318
-384
-453
-555
-633
-626
-602
-658
-690
-640
-548
-459
-469
-510
-453
-288
-183
-208
-295
-315
-252
-177
-150
-163
-153
-189
-252
-318
-319
-265
-198
-187
-259
-360
-452
-533
-596
-583
-499
-406
-386
-443
-557
-621
-563
-401
-213
-121
-194
-298
-199
-72
-146
-415
-586
-362
80
273
-32
-467
-538
-256
6
48
13
169
474
652
669
706
931
1145
1162
991
798
720
692
569
416
317
271
130
-117
-307
-325
-302
-326
-358
-321
-159
-80
-94
-64
103
338
435
413
457
637
807
847
770
651
593
603
621
592
585
610
635
589
493
429
422
437
390
283
240
268
268
152
-63
-222
-250
-214
-264
-434
-652
-793
-792
-649
-540
-551
-619
-677
-616
-461
-338
-312
-309
-224
-83
-37
-127
-227
-252
-221
-224
-304
-341
-275
-180
-179
-258
-309
-248
-195
-277
-327
-261
-121
-114
-266
-456
-541
-556
-585
-669
-725
-714
-801
-959
-1095
-1015
-763
-587
-571
-645
-607
-345
-24
206
363
515
676
759
797
867
988
1120
1147
1106
1018
886
705
458
262
170
129
48
-84
-185
-206
-205
-251
-307
-360
-343
-228
-108
19
165
319
457
553
601
658
732
792
829
886
991
1079
1128
1069
966
880
816
760
654
527
420
330
217
82
-37
-118
-188
-230
-273
-335
-410
-462
-545
-619
-607
-554
-519
-575
-601
-533
-439
-358
-363
-336
-246
-144
-97
-129
-155
-166
-146
-139
-185
-195
-218
-242
-280
-317
-330
-308
-328
-390
-449
-462
-448
-455
-475
-447
-353
-272
-236
-259
-286
-288
-237
-167
-95
-17
67
99
-7
-172
-205
-116
-121
-347
-572
-513
-191
29
-148
-501
-567
-332
-76
-37
-117
-50
142
272
206
125
283
589
775
750
599
496
520
581
611
622
632
573
423
236
132
101
94
25
-79
-134
-139
-125
-109
-19
159
296
319
313
326
425
516
554
616
664
687
670
625
617
679
746
723
618
518
452
391
312
236
202
193
149
3
-221
-406
-530
-621
-693
-770
-776
-695
-632
-651
-706
-666
-544
-436
-410
-410
-349
-197
-59
-21
-44
-70
-66
-89
-129
-110
-21
86
69
-96
-231
-240
-186
-206
-313
-424
-459
-457
-483
-529
-504
-438
-440
-511
-622
-702
-737
-765
-799
-814
-766
-614
-400
-250
-247
-370
-441
-297
-35
189
314
429
611
761
787
711
714
826
945
948
872
803
757
646
464
332
274
249
164
35
20
95
103
2
-118
-118
-28
6
-15
36
207
388
437
408
418
528
641
633
587
615
686
731
713
656
631
645
634
534
407
284
192
90
-67
-234
-334
-352
-367
-385
-437
-498
-532
-546
-520
-466
-422
-403
-381
-353
-317
-281
-217
-150
-128
-155
-192
-212
-163
-110
-105
-128
-172
-195
-243
-281
-313
-345
-353
-321
-336
-387
-428
-413
-305
-208
-252
-399
-445
-352
-219
-169
-212
-228
-179
-134
-116
-130
-158
-192
-192
-119
-69
-75
-71
-90
-227
-424
-601
-582
-359
-124
-85
-295
-432
-334
-140
-44
-80
-34
154
335
430
468
551
739
877
915
878
833
846
848
853
844
775
606
424
288
241
200
75
-71
-164
-140
-99
-106
-140
-134
-53
64
129
179
225
293
366
449
491
530
576
562
524
474
478
500
533
512
413
322
255
190
59
-90
-166
-162
-127
-164
-266
-357
-421
-463
-479
-505
-491
-449
-413
-399
-379
-322
-304
-305
-311
-290
-227
-176
-170
-170
-148
-121
-63
-41
-78
-148
-197
-201
-202
-232
-295
-381
-464
-493
-462
-403
-372
-375
-350
-304
-284
-289
-409
-555
-609
-594
-573
-577
-583
-595
-659
-740
-731
-583
-430
-368
-403
-385
-185
79
227
256
336
520
695
756
787
888
1043
1107
1038
959
955
937
837
696
596
593
528
373
194
93
63
7
-117
-218
-238
-207
-144
-87
13
127
240
304
342
398
458
510
528
565
646
700
694
607
474
353
311
308
248
129
8
-67
-114
-147
-190
-257
-354
-436
-453
-405
-330
-302
-349
-379
-362
-359
-353
-324
-256
-157
-138
-165
-193
-171
-132
-128
-135
-137
-116
-86
-110
-123
-88
-37
-15
-77
-163
-184
-151
-127
-174
-253
-298
-289
-299
-375
-470
-468
-364
-250
-197
-218
-253
-241
-253
-286
-289
-256
-200
-186
-213
-248
-277
-321
-330
-322
-340
-413
-501
-440
-230
-47
-6
-69
-76
8
73
117
199
331
449
508
534
583
647
704
715
718
736
730
686
576
476
439
434
385
248
120
80
69
45
-21
-45
12
79
59
-2
7
102
216
287
308
313
316
278
256
289
350
396
332
239
202
252
319
322
273
214
175
156
107
62
56
39
38
-21
-139
-249
-286
-264
-256
-272
-284
-330
-370
-366
-367
-412
-487
-562
-541
-443
-335
-292
-292
-243
-173
-101
-94
-123
-145
-116
-97
-103
-101
-78
-63
-111
-203
-268
-261
-222
-260
-337
-396
-395
-397
-449
-536
-554
-511
-490
-510
-570
-602
-570
-533
-536
-529
-483
-356
-243
-203
-186
-155
-64
84
243
391
538
660
704
736
807
895
957
945
893
858
832
767
680
574
487
426
307
157
-1
-112
-165
-217
-243
-213
-115
22
116
168
196
235
305
352
383
419
446
443
397
371
397
405
322
195
130
136
160
128
91
55
35
6
-53
-89
-85
-54
-30
-20
-31
-24
-30
-37
-50
-62
-94
-164
-218
-208
-153
-126
-175
-295
-384
-407
-375
-356
-338
-287
-229
-223
-250
-251
-184
-135
-174
-246
-307
-279
-236
-246
-311
-353
-329
-322
-358
-370
-340
-286
-261
-290
-310
-288
-271
-301
-378
-443
-422
-353
-282
-212
-136
-81
-95
-158
-231
-268
-216
-141
-56
44
105
108
63
15
15
97
183
224
274
316
349
365
413
488
537
538
526
526
538
574
573
522
467
442
417
379
349
340
334
280
203
136
99
80
49
40
9
13
49
108
160
186
199
165
135
120
169
225
243
249
246
260
241
207
199
216
244
260
238
239
271
281
208
113
27
-82
-194
-295
-344
-323
-282
-313
-420
-531
-581
-593
-596
-593
-549
-474
-411
-368
-350
-318
-278
-244
-233
-209
-176
-134
-111
-102
-101
-89
-83
-84
-81
-110
-169
-232
-253
-259
-296
-371
-448
-500
-504
-455
-389
-378
-390
-342
-281
-242
-222
-230
-231
-239
-258
-222
-134
-6
56
41
11
37
116
198
231
263
286
351
440
542
617
606
586
545
536
554
565
578
565
515
421
355
331
329
346
332
309
271
233
231
238
255
253
211
173
159
151
132
100
57
16
-14
-38
-85
-77
-45
14
58
88
140
182
220
207
187
176
206
215
187
189
214
212
143
18
-81
-115
-95
-105
-193
-278
-328
-349
-383
-435
-436
-394
-370
-364
-362
-339
-280
-226
-229
-273
-313
-337
-335
-342
-368
-364
-346
-318
-311
-338
-359
-343
-297
-259
-252
-267
-280
-297
-308
-285
-268
-246
-214
-223
-237
-205
-152
-93
-64
-62
-51
-1
75
116
136
162
198
201
205
213
221
208
150
86
47
96
152
136
69
33
2
-11
-33
-43
8
108
228
311
381
443
522
611
623
600
610
623
619
567
493
448
431
393
297
203
159
132
68
-22
-98
-116
-103
-108
-128
-147
-111
-63
-29
-7
21
51
71
79
113
168
210
231
250
288
324
305
247
178
107
40
-26
-48
-75
-116
-152
-200
-255
-337
-390
-396
-384
-363
-348
-367
-391
-393
-381
-369
-372
-351
-335
-316
-261
-206
-141
-79
-54
-55
-64
-80
-109
-138
-137
-142
-160
-169
-175
-193
-217
-252
-282
-282
-278
-259
-246
-217
-191
-168
-164
-190
-179
-148
-110
-95
-100
-125
-191
-248
-257
-213
-180
-182
-181
-161
-101
-32
10
47
84
158
271
389
498
560
625
698
792
881
918
939
915
862
772
653
578
540
458
343
226
140
65
-13
-89
-153
-171
-171
-158
-161
-169
-168
-153
-124
-103
-69
-26
-4
33
98
170
229
252
251
249
280
293
278
249
210
181
142
51
-56
-139
-172
-173
-208
-252
-289
-304
-342
-425
-482
-458
-415
-409
-452
-468
-436
-381
-358
-398
-417
-394
-348
-311
-300
-252
-175
-115
-97
-103
-85
-69
-54
-75
-87
-68
-47
-31
-62
-84
-99
-77
-51
-61
-77
-86
-65
-59
-77
-80
-41
1
-6
-49
-40
7
74
113
121
132
149
178
153
109
49
20
4
19
51
50
56
68
75
82
115
165
245
331
401
449
500
520
520
522
522
548
561
561
502
408
341
272
196
117
56
30
19
-14
-97
-185
-244
-262
-253
-241
-225
-205
-190
-175
-119
-89
-56
-45
-23
16
65
107
124
137
136
144
139
133
119
119
118
120
87
22
-37
-63
-51
-87
-169
-262
-309
-292
-266
-282
-324
-358
-356
-377
-429
-466
-460
-407
-362
-304
-249
-229
-197
-168
-113
-37
19
18
-27
-31
-18
27
53
42
32
-10
-62
-126
-168
-175
-179
-212
-263
-276
-287
-269
-247
-243
-214
-167
-120
-108
-111
-96
-60
-25
-6
18
48
97
125
122
129
179
276
344
384
384
387
419
432
456
460
460
479
491
512
508
494
475
453
448
433
389
337
277
227
193
163
141
93
25
-29
-76
-82
-87
-101
-107
-107
-75
-44
-38
-34
-22
-10
31
30
4
-11
-3
37
37
11
-3
-4
18
-20
-94
-134
-125
-95
-99
-154
-216
-252
-269
-291
-315
-349
-337
-302
-318
-337
-339
-330
-314
-295
-285
-276
-260
-240
-224
-202
-182
-141
-115
-79
-18
45
58
62
64
55
45
-2
-54
-66
-61
-70
-94
-130
-141
-133
-114
-106
-104
-102
-105
-103
-120
-97
-32
22
44
21
-28
-98
-131
-96
-39
5
16
15
17
62
89
91
122
167
241
302
361
450
551
592
591
557
548
563
563
549
501
463
427
366
282
207
135
60
-14
-91
-169
-203
-220
-253
-281
-294
-285
-275
-238
-205
-157
-123
-97
-77
-48
-6
35
105
149
170
189
207
210
200
182
162
141
100
30
-19
-32
-50
-104
-196
-270
-303
-310
-318
-332
-354
-345
-320
-307
-323
-326
-309
-289
-267
-245
-184
-116
-61
-39
-32
-12
32
71
85
77
75
107
121
106
87
60
38
29
2
-38
-55
-71
-96
-126
-133
-133
-149
-167
-179
-182
-134
-97
-89
-67
-50
-24
6
40
90
149
190
212
247
279
309
324
309
289
273
273
276
261
238
214
187
176
147
128
94
57
27
6
-4
-11
-13
-39
-79
-103
-105
-99
-103
-107
-111
-121
-105
-80
-71
-65
-51
-18
28
53
55
58
72
86
101
115
96
75
46
22
14
10
-15
-61
-91
-124
-151
-183
-202
-197
-180
-191
-214
-214
-216
-196
-181
-157
-117
-68
-43
-38
-36
-5
34
56
78
103
149
162
156
138
103
87
64
47
36
29
39
29
34
55
64
61
33
-1
-11
-5
-6
-28
-36
-33
-43
-28
-18
-28
-43
-56
-51
-30
-4
27
41
55
70
78
99
98
80
74
65
44
21
-1
-28
-41
-76
-113
-128
-137
-119
-113
-115
-114
-102
-81
-55
-21
7
51
111
165
195
203
205
210
212
231
223
178
129
106
89
72
37
-24
-77
-99
-105
-135
-160
-171
-161
-153
-129
-111
-81
-50
-26
-3
26
69
81
93
95
92
104
104
86
66
54
66
57
29
-11
-43
-84
-109
-129
-156
-183
-201
-213
-205
-199
-193
-191
-196
-191
-188
-169
-158
-134
-103
-74
-51
-15
9
33
54
54
71
85
87
93
88
87
85
69
67
54
62
66
44
17
-1
12
41
60
50
19
-28
-87
-130
-122
-89
-57
-59
-99
-126
-125
-83
-35
2
14
18
63
128
203
276
313
330
333
361
406
421
407
364
317
267
248
216
180
119
48
6
-27
-48
-74
-104
-138
-149
-143
-124
-97
-70
-43
-10
17
32
41
47
66
98
144
186
167
133
102
57
24
-18
-57
-94
-121
-141
-191
-247
-295
-320
-327
-318
-336
-354
-363
-360
-337
-312
-294
-261
-222
-200
-196
-208
-195
-177
-156
-156
-159
-158
-141
-117
-115
-99
-96
-77
-60
-54
-40
-30
-20
5
17
52
67
75
100
110
129
141
152
146
170
188
201
211
225
249
239
229
234
250
262
255
236
212
223
244
239
223
188
165
161
171
186
184
170
150
123
121
106
86
61
50
38
27
7
-6
-18
-26
-26
-25
-26
-26
-42
-77
-98
-127
-135
-143
-160
-154
-138
-132
-148
-160
-141
-116
-97
-102
-106
-105
-93
-76
-84
-96
-91
-78
-69
-69
-63
-58
-46
-43
-61
-61
-63
-71
-84
-90
-71
-47
-26
-32
-47
-46
-42
-36
-56
-71
-68
-52
-50
-53
-47
-32
-4
-6
-29
-38
-34
-31
-53
-58
-28
4
10
-5
-21
-15
18
39
23
5
-7
-19
-13
-14
-6
9
13
13
26
40
77
113
131
155
162
167
193
215
228
238
242
250
261
254
233
210
190
186
187
179
149
122
102
84
59
31
13
4
-18
-28
-42
-71
-88
-128
-151
-158
-166
-161
-152
-172
-177
-152
-135
-113
-107
-96
-98
-92
-85
-83
-71
-55
-26
0
14
36
42
46
45
33
19
8
8
-18
-61
-109
-154
-175
-182
-193
-198
-190
-167
-141
-131
-130
-113
-85
-64
-34
-9
17
42
73
83
83
76
57
55
40
45
40
23
2
-8
-19
-33
-53
-76
-80
-80
-86
-86
-82
-78
-74
-65
-59
-37
-8
5
15
2
11
34
41
54
63
67
71
83
97
112
145
173
186
197
211
220
225
214
195
183
163
147
135
115
104
109
116
111
94
87
85
87
90
105
95
81
89
96
103
101
80
64
51
51
46
40
40
15
-7
-29
-43
-69
-84
-97
-96
-88
-87
-88
-103
-105
-100
-79
-71
-81
-84
-102
-112
-125
-136
-137
-146
-162
-178
-194
-194
-189
-196
-188
-177
-161
-149
-139
-127
-131
-124
-130
-135
-121
-98
-73
-67
-58
-64
-69
-66
-69
-70
-58
-44
-37
-30
-41
-53
-64
-73
-89
-87
-99
-115
-101
-94
-100
-93
-97
-98
-91
-77
-85
-93
-98
-90
-73
-59
-21
13
49
63
85
110
143
188
247
295
324
363
386
416
453
473
495
493
487
481
475
484
479
437
379
334
298
277
243
193
149
125
111
96
79
55
32
3
-5
-5
-19
-36
-36
-45
-64
-80
-94
-89
-76
-58
-46
-49
-66
-82
-105
-125
-132
-145
-168
-199
-215
-230
-241
-269
-309
-329
-351
-346
-358
-369
-381
-390
-390
-397
-391
-387
-371
-356
-344
-321
-304
-270
-238
-203
-152
-124
-88
-65
-47
-24
-12
-8
-15
-27
-39
-62
-84
-85
-98
-126
-151
-156
-167
-153
-135
-125
-94
-66
-31
29
94
180
266
322
369
414
449
476
499
523
535
532
512
485
443
381
322
285
265
236
194
150
106
91
82
77
90
95
112
130
133
130
133
139
150
169
190
205
213
202
195
202
196
194
176
147
116
89
62
31
-3
-39
-86
-126
-156
-177
-200
-222
-250
-270
-284
-291
-295
-300
-284
-278
-281
-276
-254
-246
-241
-232
-214
-201
-190
-181
-177
-174
-178
-168
-168
-171
-169
-164
-154
-151
-164
-152
-147
-148
-141
-146
-138
-118
-97
-106
-109
-105
-86
-82
-76
-69
-71
-54
-56
-50
-30
-9
-4
-11
-17
1
14
25
31
18
20
27
30
45
54
67
69
71
84
94
99
106
127
142
152
179
209
226
240
239
236
243
252
250
245
243
235
224
215
213
190
166
144
135
128
115
95
83
81
78
84
84
84
84
82
84
80
96
105
104
102
96
81
65
47
31
24
13
3
-15
-27
-50
-59
-66
-67
-62
-66
-60
-65
-67
-63
-66
-68
-78
-91
-84
-90
-106
-119
-141
-142
-135
-129
-135
-143
-149
-155
-156
-172
-179
-184
-192
-179
-185
-189
-189
-185
-173
-167
-155
-141
-138
-131
-128
-123
-112
-105
-100
-100
-77
-68
-56
-51
-49
-56
-54
-63
-80
-79
-81
-81
-103
-121
-114
-105
-84
-75
-74
-53
-34
-5
19
44
73
109
125
136
149
162
185
199
218
233
241
255
239
222
215
217
215
217
218
220
238
232
216
204
198
210
221
217
227
232
232
223
216
211
210
209
195
179
173
155
147
125
101
79
59
48
27
7
-15
-27
-41
-66
-101
-133
-156
-173
-188
-206
-221
-227
-251
-270
-283
-299
-302
-292
-280
-277
-267
-262
-259
-253
-243
-241
-227
-214
-203
-194
-182
-177
-175
-174
-156
-138
-131
-120
-123
-123
-114
-104
-112
-112
-105
-102
-91
-85
-74
-63
-47
-36
-36
-40
-37
-11
9
21
18
38
60
74
80
87
114
139
150
159
172
175
188
198
205
214
222
232
247
250
266
268
265
270
278
277
288
282
262
254
244
232
208
200
173
155
145
132
118
109
101
92
92
98
95
91
73
59
57
59
42
18
16
0
-7
-24
-45
-78
-102
-111
-136
-146
-159
-174
-188
-204
-208
-210
-209
-221
-242
-260
-270
-282
-286
-299
-311
-307
-298
-295
-284
-260
-235
-220
-220
-221
-217
-199
-201
-206
-197
-176
-144
-126
-114
-93
-76
-50
-29
-3
31
59
96
111
143
178
220
238
235
246
266
256
248
241
216
216
191
164
142
114
96
68
45
26
17
4
6
12
21
40
38
38
35
44
63
75
86
77
74
89
93
97
104
105
121
124
117
108
110
102
89
65
41
33
18
0
-13
-27
-35
-39
-40
-35
-41
-40
-38
-43
-34
-12
1
6
7
7
14
4
2
7
2
2
-9
-22
-38
-43
-62
-69
-81
-110
-140
-178
-209
-232
-248
-268
-278
-296
-301
-288
-274
-258
-241
-219
-178
-139
-103
-65
-26
18
55
94
135
163
191
203
213
223
221
215
207
187
173
157
151
139
121
97
73
60
40
21
8
-16
-11
-11
-19
-16
-17
-9
7
19
23
38
33
39
43
51
64
79
81
80
75
62
50
33
20
10
-3
3
-3
-24
-32
-40
-50
-52
-62
-67
-68
-64
-65
-64
-65
-59
-49
-51
-42
-47
-41
-42
-45
-40
-37
-19
-18
-19
-23
-11
5
12
13
-1
4
7
15
16
14
11
7
0
-22
-25
-22
-36
-52
-69
-77
-78
-92
-100
-103
-97
-99
-84
-86
-77
-66
-48
-21
-3
0
0
25
51
76
96
112
125
124
125
126
130
127
107
101
93
78
67
45
28
16
10
9
5
4
10
18
26
31
44
55
70
82
97
108
119
122
115
96
76
59
39
33
13
-13
-33
-50
-68
-78
-104
-127
-140
-152
-160
-164
-171
-174
-177
-172
-161
-152
-153
-139
-119
-104
-83
-55
-36
-8
-3
1
19
31
56
69
85
102
120
126
121
123
122
124
115
99
79
54
37
18
-7
-43
-63
-73
-87
-90
-102
-102
-90
-81
-69
-55
-42
-29
-3
28
60
77
93
128
144
169
188
196
199
180
171
158
135
107
79
56
22
-22
-62
-93
-110
-117
-126
-127
-127
-128
-132
-132
-117
-104
-77
-57
-44
-29
-23
-15
-6
8
22
40
50
59
68
68
71
79
69
66
52
44
42
32
23
14
11
6
-5
-24
-40
-56
-74
-85
-98
-98
-101
-90
-87
-71
-56
-50
-44
-45
-32
-18
-5
-5
7
19
19
22
16
11
-1
-13
-16
-30
-30
-36
-37
-38
-41
-45
-53
-58
-60
-62
-63
-69
-67
-74
-82
-77
-76
-71
-57
-50
-41
-31
-20
-11
5
13
20
35
48
59
66
74
66
58
56
56
64
70
67
65
57
56
64
67
62
64
69
62
68
76
68
86
96
95
95
100
105
111
104
101
101
98
95
81
68
53
52
52
44
39
35
37
35
31
36
38
47
49
52
54
59
62
38
34
25
13
-2
-18
-29
-44
-66
-77
-89
-94
-97
-107
-106
-121
-113
-111
-111
-120
-128
-127
-128
-119
-116
-122
-117
-105
-106
-96
-98
-95
-93
-95
-99
-91
-80
-80
-73
-67
-70
-56
-45
-46
-34
-31
-28
-29
-27
-22
-11
1
-1
-2
1
0
-11
-15
-26
-23
-9
-1
16
21
25
15
20
26
22
32
35
42
38
45
50
53
60
57
50
43
51
58
70
71
69
72
70
77
89
88
88
86
85
88
80
75
70
62
58
58
54
50
61
59
56
60
62
78
83
89
93
99
100
101
94
90
97
93
91
84
83
74
71
39
24
14
-6
-23
-31
-47
-64
-76
-92
-107
-126
-142
-151
-159
-165
-164
-167
-170
-177
-176
-172
-166
-163
-152
-137
-125
-114
-101
-99
-87
-67
-53
-39
-21
-8
-4
-11
-23
-25
-19
-12
-8
-6
-1
12
22
33
30
33
49
53
60
72
79
85
100
106
102
98
99
92
93
83
70
72
66
54
52
41
33
28
15
6
-5
-5
-9
-3
5
4
8
11
16
25
18
17
29
35
34
33
30
23
12
-4
-17
-25
-34
-41
-42
-51
-60
-66
-73
-74
-77
-64
-62
-58
-63
-66
-61
-59
-62
-51
-43
-41
-29
-26
-22
-17
-9
-5
-1
-2
-4
-12
-18
-23
-33
-36
-42
-49
-57
-58
-52
-61
-58
-58
-66
-66
-64
-55
-45
-27
-30
-21
-16
1
24
47
70
82
100
127
141
150
168
179
196
200
191
192
186
177
176
155
146
134
122
115
101
99
90
79
59
38
23
13
-8
-16
-24
-37
-47
-53
-62
-85
-88
-81
-88
-96
-86
-90
-95
-92
-100
-96
-85
-82
-77
-78
-75
-65
-61
-52
-42
-29
-36
-29
-20
-30
-34
-33
-43
-48
-47
-41
-40
-47
-40
-39
-46
-37
-22
-23
-15
-9
-8
-3
-2
-1
10
12
18
23
29
25
25
20
8
5
-7
-18
-20
-28
-34
-40
-49
-40
-43
-41
-47
-47
-40
-40
-35
-44
-46
-52
-55
-61
-59
-50
-44
-35
-26
-15
-3
10
26
29
34
48
61
79
95
111
119
123
121
125
128
115
110
108
114
115
105
103
97
96
83
85
72
64
66
56
47
37
27
18
13
1
-4
-7
-10
-11
-21
-25
-27
-23
-15
-7
-2
5
-2
-3
-4
-12
-6
-8
-2
-4
-4
-5
-6
-14
-26
-25
-20
-24
-30
-35
-33
-40
-41
-43
-42
-53
-63
-63
-73
-71
-76
-78
-82
-78
-73
-78
-81
-75
-67
-66
-64
-62
-60
-64
-64
-62
-60
-58
-59
-65
-67
-67
-60
-67
-65
-66
-65
-61
-51
-41
-45
-39
-37
-32
-28
-20
-16
-7
5
14
25
38
58
76
88
100
115
125
139
147
157
171
177
176
171
171
170
161
152
148
138
120
116
109
93
89
84
73
63
64
47
31
19
17
25
17
13
9
2
-9
-10
-26
-36
-40
-44
-51
-52
-54
-59
-67
-72
-78
-77
-75
-78
-78
-69
-69
-74
-67
-67
-68
-72
-67
-66
-64
-64
-61
-51
-47
-43
-48
-49
-57
-45
-39
-45
-42
-42
-50
-56
-61
-71
-69
-76
-76
-71
-74
-75
-81
-86
-90
-93
-89
-95
-85
-79
-81
-73
-61
-62
-56
-46
-38
-11
-5
19
28
34
41
53
65
72
82
90
94
103
101
106
112
109
115
118
112
108
115
113
113
116
118
117
120
117
115
119
126
121
120
116
109
104
108
110
101
95
85
70
70
61
49
44
35
24
13
14
13
7
8
5
8
7
-5
-12
-26
-24
-28
-36
-41
-51
-61
-70
-69
-72
-75
-82
-80
-84
-93
-93
-98
-99
-108
-105
-108
-106
-104
-113
-113
-120
-124
-124
-128
-135
-127
-118
-119
-120
-119
-127
-125
-118
-118
-110
-103
-89
-74
-75
-56
-54
-52
-43
-39
-25
-13
-2
-1
10
15
20
23
34
43
53
71
76
76
86
81
83
89
90
85
80
79
70
74
81
83
86
95
94
94
91
92
94
95
101
102
101
112
108
118
116
110
113
111
101
105
101
89
79
73
65
49
50
37
28
22
13
20
7
3
-1
-19
-21
-21
-19
-26
-31
-43
-49
-51
-51
-57
-52
-58
-55
-54
-64
-54
-52
-60
-55
-60
-64
-71
-75
-81
-78
-83
-82
-83
-83
-71
-74
-60
-59
-59
-55
-57
-56
-38
-35
-38
-32
-34
-27
-29
-33
-34
-32
-37
-34
-30
-34
-29
-29
-33
-44
-43
-40
-46
-49
-45
-32
-34
-42
-40
-36
-33
-29
-15
-22
-22
-16
-10
0
8
15
20
25
30
39
44
42
52
52
55
66
66
61
65
64
66
66
78
81
77
86
83
85
85
83
85
84
83
90
86
89
94
89
92
91
97
89
96
100
86
90
81
73
66
54
41
37
29
16
8
5
-7
-15
-15
-23
-24
-23
-26
-23
-24
-30
-30
-38
-46
-45
-57
-64
-65
-81
-94
-97
-100
-105
-106
-115
-113
-110
-111
-105
-110
-108
-108
-102
-98
-90
-79
-72
-72
-68
-62
-63
-56
-53
-50
-52
-47
-39
-34
-26
-24
-17
-12
-13
-15
-17
-4
3
7
4
-1
8
13
22
21
25
31
26
19
24
18
15
11
12
16
10
8
5
7
5
15
15
24
28
30
35
37
35
42
47
51
63
66
62
62
64
64
69
72
79
80
79
80
81
84
77
78
77
80
73
71
72
67
65
59
53
46
38
38
35
23
26
22
19
27
23
18
13
0
-7
-9
-13
-16
-27
-36
-42
-55
-63
-68
-74
-76
-84
-82
-89
-90
-85
-89
-90
-92
-78
-73
-68
-68
-63
-46
-33
-28
-33
-29
-26
-23
-23
-19
-23
-28
-21
-21
-17
-11
-14
-8
-12
-12
-11
-7
-4
-6
-7
-15
-14
-14
-17
-19
-22
-12
-6
-13
-14
-14
-13
-7
-7
-4
-5
-2
11
16
17
20
24
19
25
26
20
29
25
26
25
17
8
1
-3
-1
5
1
8
0
-3
7
14
17
27
42
40
35
42
55
61
65
66
63
62
58
57
56
58
64
61
61
56
55
53
51
53
43
40
38
39
33
14
13
15
10
1
-14
-16
-17
-23
-29
-26
-29
-34
-24
-26
-30
-30
-26
-20
-25
-24
-31
-27
-20
-26
-31
-31
-37
-48
-47
-53
-58
-55
-54
-50
-49
-48
-55
-54
-50
-48
-44
-45
-45
-33
-26
-31
-29
-26
-17
-15
-21
-23
-17
-13
-15
-18
-17
-22
-21
-21
-34
-29
-24
-21
-27
-21
-25
-21
-19
-24
-21
-17
-14
-10
-1
-2
-2
-3
-1
11
16
18
30
29
28
32
26
32
35
36
40
42
35
36
34
24
26
31
28
30
27
25
25
34
41
44
35
24
31
37
31
36
43
40
50
58
60
62
66
67
75
76
76
76
83
78
76
70
74
75
74
68
64
62
44
39
25
24
18
14
10
3
-7
-14
-21
-32
-48
-56
-58
-67
-66
-69
-79
-86
-91
-102
-101
-104
-108
-112
-108
-109
-117
-109
-112
-117
-112
-110
-109
-109
-104
-106
-105
-103
-99
-99
-91
-83
-81
-73
-63
-50
-42
-34
-22
-16
-7
2
4
7
17
19
26
23
31
36
35
44
47
50
59
64
68
75
72
74
71
68
62
63
69
67
69
75
71
66
67
73
68
75
76
78
83
87
86
88
92
101
104
95
95
95
93
82
78
84
84
81
79
69
58
50
52
47
39
33
29
27
23
21
9
1
-3
-13
-22
-24
-24
-32
-37
-37
-44
-51
-60
-68
-80
-84
-89
-94
-87
-97
-113
-106
-113
-117
-115
-112
-108
-112
-111
-117
-122
-125
-123
-118
-111
-106
-110
-104
-102
-98
-92
-88
-79
-74
-69
-59
-56
-45
-40
-45
-34
-24
-23
-10
-1
7
20
29
33
43
52
52
60
64
70
78
75
76
83
80
82
89
89
90
98
97
96
103
95
97
99
89
95
91
79
65
56
51
46
43
38
41
37
24
19
10
5
1
3
-1
4
4
-3
-5
0
1
-10
-5
-1
1
4
6
1
4
-8
-4
0
-2
0
4
6
-1
7
0
-5
-4
-6
-7
-6
-13
-24
-28
-33
-42
-50
-51
-56
-56
-57
-53
-50
-54
-60
-58
-57
-51
-50
-55
-58
-59
-55
-57
-52
-48
-51
-47
-40
-32
-26
-20
-22
-15
-15
-18
-9
7
5
6
12
12
21
27
26
29
33
36
40
42
42
46
39
43
42
35
36
38
42
43
40
38
38
32
34
30
28
32
25
24
28
29
31
36
28
29
27
21
17
17
22
21
25
24
18
21
17
16
13
18
14
8
7
-1
-2
-13
-10
-16
-16
-12
-19
-21
-20
-17
-20
-16
-19
-20
-21
-12
-16
-14
-13
-13
-17
-19
-15
-18
-16
-19
-24
-33
-42
-49
-50
-55
-50
-50
-58
-56
-53
-54
-58
-56
-56
-49
-38
-41
-41
-43
-33
-30
-32
-27
-22
-15
-19
-15
-10
-19
-10
-7
-1
3
6
2
7
10
1
5
10
9
4
7
1
3
12
7
14
17
21
28
25
35
35
31
33
35
42
48
52
50
53
60
57
58
66
68
70
75
76
73
76
75
70
68
64
64
64
62
64
68
66
62
63
57
44
40
36
32
28
25
26
23
17
15
14
6
2
1
-1
-4
-11
-16
-21
-34
-45
-48
-50
-56
-71
-76
-83
-87
-86
-92
-93
-96
-99
-102
-96
-91
-95
-97
-93
-94
-91
-87
-80
-83
-79
-70
-67
-61
-60
-64
-60
-56
-51
-42
-35
-23
-19
-13
-2
2
1
0
4
4
2
8
20
28
25
27
29
27
22
29
31
32
35
35
42
37
35
38
42
43
45
39
37
41
37
41
50
49
60
62
60
57
53
56
46
48
47
42
47
52
46
52
59
54
52
50
47
39
30
28
27
21
20
19
18
10
-3
-12
-14
-22
-32
-34
-30
-38
-36
-47
-54
-56
-63
-58
-56
-54
-50
-46
-44
-44
-39
-34
-36
-27
-28
-24
-21
-20
-15
-12
-8
-3
2
-4
-3
-7
-12
-14
-14
1
8
8
4
3
-5
-6
-1
-4
-5
-5
-2
-11
-13
-7
-5
-8
2
-1
3
11
8
19
15
11
9
5
9
13
12
18
24
24
26
30
33
38
41
44
43
44
41
38
35
35
37
37
39
33
29
27
25
23
21
19
9
6
5
1
0
-6
-12
-18
-23
-23
-21
-24
-25
-25
-22
-21
-30
-35
-34
-40
-40
-37
-41
-36
-40
-42
-50
-56
-56
-56
-54
-50
-49
-47
-39
-44
-44
-41
-44
-35
-33
-30
-25
-20
-15
-11
-9
-10
-6
-3
0
5
-1
-3
-2
-1
1
-4
2
2
-3
4
9
6
13
15
15
22
15
24
29
34
37
45
51
52
57
61
60
62
66
67
63
59
64
66
61
61
58
55
55
48
45
37
34
35
27
21
20
17
9
9
8
9
0
2
0
-6
-2
-5
-8
-1
-5
-9
-5
-10
-14
-13
-20
-25
-29
-40
-35
-44
-47
-47
-54
-56
-65
-62
-61
-58
-58
-53
-45
-54
-56
-51
-43
-40
-36
-31
-29
-28
-19
-11
-10
-3
-6
-12
-6
3
5
11
5
8
8
5
6
6
9
11
14
15
15
10
14
14
9
15
20
25
24
24
23
25
25
26
26
22
18
16
19
20
12
6
7
4
5
4
0
1
3
-3
0
-4
-4
-7
-13
-3
-6
-5
-2
-6
-11
-14
-16
-14
-11
-12
-13
-8
-12
-12
-7
-6
-7
-10
-15
-14
-11
-8
-7
-10
-11
-13
-12
-15
-12
-3
-5
-7
1
5
10
17
20
22
21
23
26
24
28
30
33
35
40
46
50
38
43
38
36
44
42
37
36
32
26
18
15
10
3
7
-1
-6
-7
-4
-10
-17
-21
-24
-32
-30
-29
-32
-23
-25
-21
-22
-20
-23
-23
-24
-23
-26
-28
-22
-18
-18
-16
-15
-10
-14
-14
-14
-18
-16
-17
-17
-22
-16
-18
-22
-20
-16
-18
-12
-8
-10
-9
-4
-5
-1
5
4
11
12
13
19
12
13
15
14
14
11
13
12
15
15
15
15
7
7
3
-1
0
1
5
5
1
3
0
4
8
12
12
7
9
6
6
6
-1
1
-2
-7
-1
-6
-3
-8
-10
-13
-12
-6
-12
1
-1
-2
1
0
6
6
8
9
14
9
3
0
0
0
9
10
3
5
2
0
-2
-1
2
10
7
9
11
9
11
7
3
3
1
1
-1
-4
-1
0
-9
-4
1
-7
-3
0
-10
-5
-7
-8
-7
-16
-10
-9
0
-4
-1
4
7
3
4
10
4
10
7
3
1
1
2
-1
-7
3
5
3
2
-5
-2
4
2
0
4
9
11
15
20
13
12
12
6
5
5
11
6
1
-4
-11
-10
-11
-12
-5
-8
-4
2
-5
-3
-10
-12
-12
-13
-9
-3
-1
0
-5
-8
-8
-4
-3
-7
-5
-4
-5
-1
-6
-5
-6
-5
-1
-5
-4
-7
-6
-9
-8
-13
-18
-18
-19
-21
-23
-19
-24
-18
-17
-18
-10
-11
-2
-3
0
3
1
4
10
14
15
19
18
17
14
17
17
20
24
26
23
17
18
17
23
20
21
22
20
28
19
19
19
14
18
21
19
20
19
17
17
13
11
5
6
5
-1
-4
-1
-5
-15
-11
-11
-15
-12
-13
-15
-18
-28
-25
-20
-26
-26
-20
-24
-25
-22
-32
-27
-35
-37
-31
-34
-35
-30
-23
-25
-26
-24
-27
-24
-20
-22
-11
-10
-10
-8
-9
-7
-7
-8
-5
-2
-1
1
3
1
5
8
8
12
17
17
17
22
20
22
24
28
26
32
32
33
32
35
40
34
39
38
37
34
30
27
24
18
19
22
14
14
13
12
8
6
2
3
4
5
9
8
6
4
7
5
7
4
7
2
0
4
0
2
-1
-5
-9
-4
-9
-9
-10
-13
-20
-26
-25
-29
-31
-28
-29
-27
-27
-29
-25
-27
-26
-23
-25
-22
-24
-26
-29
-28
-29
-24
-20
-17
-21
-19
-17
-19
-18
-18
-13
-8
-3
-1
2
3
2
6
7
9
9
11
13
11
16
18
16
23
19
22
20
22
21
21
19
21
19
17
18
17
24
23
24
26
24
22
23
22
17
14
15
14
11
16
14
14
14
14
13
11
9
8
5
2
2
7
3
6
5
2
2
-5
-4
-6
-4
-5
-2
-12
-15
-11
-14
-11
-15
-10
-10
-12
-10
-13
-11
-11
-10
-16
-14
-18
-19
-23
-23
-25
-32
-33
-31
-31
-31
-28
-27
-28
-27
-27
-28
-23
-23
-25
-22
-20
-21
-21
-16
-13
-9
-5
-5
1
1
0
-1
-1
-2
6
7
9
11
8
12
8
2
4
5
2
7
8
10
17
16
7
6
3
1
4
5
6
5
8
9
8
5
8
8
7
10
22
22
22
25
25
24
24
32
31
32
35
33
33
35
31
38
37
36
37
35
32
26
27
28
28
29
29
22
14
11
9
5
8
12
13
7
6
0
-1
-3
-2
-4
-10
-11
-13
-17
-20
-25
-29
-32
-33
-31
-30
-28
-31
-33
-34
-38
-41
-42
-37
-37
-34
-31
-25
-30
-29
-27
-25
-23
-20
-22
-23
-19
-19
-21
-22
-25
-24
-19
-23
-21
-24
-26
-24
-23
-23
-19
-15
-13
-11
-8
-5
-5
-4
-1
1
5
8
11
13
12
16
21
18
20
20
20
21
14
19
16
15
19
19
19
21
21
21
20
18
20
18
22
18
15
18
17
16
20
21
18
22
20
14
13
14
9
14
14
14
20
20
16
13
9
5
5
3
1
2
3
4
3
-4
-7
-2
-2
-2
2
4
4
2
1
0
1
3
2
0
-2
-3
-5
-7
-9
-9
-8
-8
-8
-8
-3
-7
-9
-7
-8
-7
-9
-8
-8
-11
-14
-16
-18
-17
-14
-14
-12
-11
-16
-15
-20
-16
-13
-9
-8
-6
-1
-3
-1
-1
1
0
-4
-1
2
-1
0
0
-1
2
1
2
-2
-1
3
4
3
7
6
6
5
1
5
5
6
6
6
2
4
6
7
9
9
8
9
11
10
11
10
8
6
7
4
7
4
4
5
-4
-4
-4
-5
-7
-9
-10
-10
-11
-9
-10
-9
-9
-10
-5
-1
1
0
1
0
-3
-4
-4
-4
-3
-2
-2
-3
-5
-5
-5
-5
-6
-4
-4
-5
-4
-5
-5
-9
-4
-4
-6
-4
-4
-1
-6
-5
-5
-4
-3
0
1
-1
2
1
-2
-6
-1
-2
-4
-1
0
0
1
3
4
-1
0
1
-1
2
3
5
9
11
13
16
13
13
14
15
17
19
18
21
19
20
18
12
16
15
16
16
17
12
10
9
5
3
2
2
0
3
2
0
3
-1
-2
-2
-1
-5
-7
-5
-7
-4
-4
-4
-4
-6
-6
-6
-7
-7
-5
-7
-3
-7
-7
-4
-1
-2
-6
-6
-4
-5
-9
-8
-8
-11
-12
-14
-14
-13
-13
-15
-17
-15
-14
-10
-8
-8
-7
-6
-6
-6
-3
-1
-1
1
1
4
2
5
3
4
4
1
3
0
0
1
1
1
1
0
1
2
-1
-4
0
1
0
0
2
-3
-2
-1
-1
-3
0
1
1
1
1
1
1
0
3
3
2
5
3
5
0
0
2
1
4
2
3
4
0
4
4
3
4
5
4
3
4
3
4
4
5
2
4
3
3
7
6
3
1
3
2
2
0
3
-2
-1
-1
-2
-1
1
3
3
5
4
5
4
8
7
7
8
9
8
5
5
6
4
9
9
7
10
9
10
9
8
5
5
3
1
0
-1
0
-1
0
-2
0
-1
-6
-6
-8
-9
-10
-12
-13
-14
-15
-15
-16
-17
-14
-14
-14
-12
-9
-7
-7
-5
-6
-3
0
0
