-2
-3
-4
-4
-4
-3
-2
0
1
0
2
-1
-3
-1
-5
-2
0
0
-4
-3
0
-4
-1
-1
-2
-4
-3
-3
-3
-1
1
4
1
2
3
2
3
4
5
9
5
6
6
7
8
7
8
12
10
8
11
12
14
10
10
8
9
7
6
4
1
1
0
-7
-7
-9
-10
-10
-12
-12
-10
-10
-10
-12
-8
-8
-4
-2
3
2
-1
1
1
3
1
5
2
1
-1
-6
1
3
4
8
8
7
7
7
9
7
5
8
7
3
5
-1
-1
-3
-2
-3
-6
-4
-4
-2
1
-1
1
3
-3
-1
2
2
-4
-6
-3
-6
-5
-5
-9
-11
-11
-13
-11
-9
-10
-9
-8
-7
-8
-8
-8
-6
-4
0
-1
2
0
1
3
2
2
4
1
0
3
5
7
8
8
8
12
9
8
4
4
4
3
-1
1
4
5
5
2
1
-3
0
-1
1
4
1
3
5
3
5
6
6
3
2
3
6
9
8
2
3
2
0
-4
-3
-10
-12
-9
-10
-11
-12
-11
-15
-13
-14
-15
-13
-13
-13
-14
-12
-12
-13
-9
-10
-7
-1
-2
3
5
2
4
8
9
12
13
15
13
17
19
19
20
17
16
15
16
20
14
16
14
13
8
9
8
2
3
0
1
-2
-1
-3
-3
-10
-10
-8
-7
-7
-9
-6
-7
-7
-6
-3
-5
-6
-2
-2
-2
0
0
0
-1
0
2
3
0
2
4
1
1
9
10
7
9
8
7
4
1
-2
-6
-5
-7
-8
-8
-9
-11
-16
-16
-14
-13
-18
-16
-17
-17
-13
-9
-10
-7
-12
-15
-11
-9
-5
-4
-4
1
-1
-2
1
1
-1
-2
-2
-2
-5
0
6
3
5
3
3
7
5
6
9
5
10
10
8
13
15
19
16
15
14
13
11
10
12
12
10
7
5
1
3
5
5
2
3
4
3
1
-1
-3
-9
-7
-8
-8
-9
-11
-14
-15
-12
-13
-12
-8
-10
-11
-10
-8
-7
-5
-6
-10
-11
-7
-8
-4
-5
-2
-1
-3
0
-2
5
6
7
10
8
8
8
10
5
3
8
13
13
13
8
12
9
8
7
8
7
6
6
1
9
9
7
8
6
4
2
8
6
8
6
7
11
10
9
9
8
10
9
9
12
8
7
4
3
0
-1
-6
-8
-7
-10
-10
-11
-13
-19
-20
-18
-19
-16
-17
-20
-16
-15
-15
-12
-10
-11
-9
-8
-10
-10
-10
-12
-17
-18
-14
-13
-10
-7
-5
-4
-6
-2
-3
-8
-8
-8
-5
-2
-2
1
5
-1
3
7
8
12
10
9
9
13
12
11
12
14
12
12
13
14
11
10
7
3
8
11
11
10
10
10
13
13
15
11
4
6
6
4
4
1
-3
-5
-6
-7
-5
-4
-5
-3
-5
-2
-6
-6
-7
-8
-7
-8
-4
-4
-6
-10
-10
-5
-9
-7
-6
-10
-9
-6
-3
0
-1
-3
-2
-3
-1
0
0
0
0
-3
-3
-2
1
-3
-2
0
6
14
12
16
18
14
12
11
13
18
13
10
13
9
6
3
-1
-3
-8
-4
-7
-5
-7
-8
-6
-3
-3
-7
-8
-10
-6
-8
-7
-5
-10
-11
-12
-11
-9
-7
-6
-6
-5
-3
1
4
6
8
10
10
12
9
8
9
5
5
5
6
7
9
12
6
3
6
6
5
1
0
2
3
4
4
-2
-4
-6
-12
-11
-6
-5
-7
-2
-5
-1
-1
-2
-8
-7
-6
-6
-2
-1
-2
-3
1
1
5
7
7
4
5
4
1
-2
0
-1
-2
0
-3
-3
0
0
-3
-2
0
2
1
-2
-3
-5
-5
-7
-10
-11
-9
-15
-13
-9
-11
-9
-8
-7
-8
-6
-7
0
1
-3
-2
-2
2
-1
-3
-2
-2
-2
2
-1
1
-1
2
3
3
6
10
10
11
8
5
7
1
3
5
9
12
12
12
6
5
5
8
4
7
8
7
7
9
10
9
7
1
0
0
4
2
3
-1
-1
0
1
0
2
0
2
-3
-5
-3
-4
-5
-9
-9
-9
-4
-3
-3
-5
-4
-3
-2
-1
-3
-5
0
0
-2
-2
-1
0
-2
0
-2
-3
-3
-4
-3
-1
0
-1
1
1
0
-2
4
6
3
3
2
4
5
4
8
11
12
13
13
12
9
7
8
6
3
5
7
4
8
9
7
4
6
3
1
1
-2
0
-4
-3
-4
-5
-5
-6
-9
-7
-5
-6
-4
-8
-10
-11
-13
-10
-10
-7
-7
-7
-8
-7
-8
-11
-13
-10
-9
-10
-9
-9
-12
-10
-12
-8
-8
-3
-2
-3
-1
-3
-3
1
3
3
5
6
4
7
5
2
-1
2
3
2
-1
-1
0
-4
-3
-1
-3
-2
0
0
-2
2
2
4
8
5
8
7
9
9
6
5
4
6
3
4
5
4
2
4
5
5
9
5
4
7
9
7
6
7
6
6
4
6
6
0
1
0
-2
2
2
-3
4
3
3
1
4
3
1
3
0
-2
3
1
0
3
0
3
2
4
3
2
3
6
5
6
11
10
9
11
15
15
14
13
9
1
-2
-3
-4
-11
-7
-6
-8
-8
-9
-13
-13
-14
-15
-14
-19
-18
-21
-19
-21
-23
-20
-19
-22
-23
-22
-22
-17
-17
-19
-16
-13
-14
-12
-4
-4
-3
-1
2
0
0
3
1
-2
-2
2
1
9
11
9
12
13
17
21
22
24
22
22
22
21
18
17
17
15
13
13
12
8
6
5
4
2
-2
-5
-7
-5
-6
-5
-5
-7
-5
-6
-4
-3
-5
-1
-1
-4
-1
2
-1
-2
-4
-7
-6
-4
-2
-4
-1
1
-3
-5
-8
-7
-5
-2
0
4
7
3
4
8
1
1
2
-2
1
3
3
3
3
-6
-8
-4
-1
0
1
2
-2
3
4
4
9
9
12
12
4
5
6
3
6
9
8
4
2
3
5
1
3
4
1
-1
-2
-3
-2
-2
-2
-2
-4
-5
-5
-1
-2
-5
-7
-7
-1
0
-3
-1
-5
-3
-4
-4
-2
-3
-4
-7
-8
-10
-13
-9
-12
-11
-11
-10
-7
-9
-6
-3
-6
-5
-1
-4
-1
-2
1
3
1
7
12
8
9
9
13
14
10
13
12
13
10
11
11
9
3
-1
0
1
1
-3
-4
-4
-7
-6
-5
-6
-7
-9
-8
-8
-6
-5
-7
-6
-8
-10
-5
0
-4
-4
-7
-6
-4
-11
-10
-4
-6
-6
-4
1
-3
-5
-3
3
1
1
5
4
4
3
7
5
9
12
12
12
12
14
14
16
17
13
12
15
18
9
9
16
10
6
9
17
9
5
10
14
7
2
4
0
-4
-10
-4
-5
-7
-8
-10
-9
-15
-19
-18
-14
-17
-18
-14
-12
-15
-15
-15
-10
-9
-12
-10
-7
-5
-10
-13
-12
-8
-9
-7
-5
-2
3
0
0
-3
-5
-7
-4
2
0
-3
3
7
2
2
8
7
5
9
18
13
7
14
15
8
10
17
17
15
15
11
15
16
12
5
5
9
6
0
2
7
1
-7
-4
0
-6
-15
-10
-9
-11
-9
-8
-5
-6
-7
-6
-6
-1
-4
-2
-7
-3
1
1
-1
-2
8
3
-4
2
7
0
-1
1
-3
-2
-5
-13
-4
0
-9
-9
-2
-2
-8
-3
-5
-3
-4
-6
1
-3
1
2
-2
1
-2
-4
0
-1
4
7
4
10
13
8
8
16
14
7
10
17
15
4
12
13
4
-3
7
5
-8
-7
-3
2
-13
-8
1
-4
-11
-9
-4
-8
-10
-5
-7
-4
1
0
-8
-5
-3
-3
-4
-2
-1
-2
-2
0
1
3
4
3
9
5
0
5
9
5
2
6
7
-3
-3
2
-3
-5
-9
-7
6
-6
-9
-3
-8
-8
-12
-12
-8
-5
-13
-12
-9
-5
-8
-13
-3
3
-4
0
12
12
9
12
16
7
9
8
6
11
6
9
13
4
1
8
4
-4
2
6
-6
-8
3
0
-13
4
12
-6
-1
17
8
-2
13
11
-4
-2
6
7
0
9
10
2
3
1
9
10
-5
0
7
0
-6
4
5
-2
5
2
-7
3
10
-1
-2
11
2
-7
5
6
3
-2
7
5
-4
3
0
2
-8
-8
-3
-6
-11
-3
7
-12
-13
-2
-6
-17
-12
-3
-14
-14
-10
-7
-11
-8
1
-7
-7
-3
-5
-18
-6
-3
-13
-12
2
-1
-11
-4
-4
-6
-8
0
5
6
-2
9
5
-14
-5
4
-9
-23
-7
-8
-20
-22
-11
-17
-17
-16
-12
-6
-10
-5
0
1
-1
0
-2
0
0
3
6
3
6
23
15
5
26
27
8
9
23
23
15
21
24
26
17
14
21
17
21
10
27
24
4
14
27
7
-11
24
16
-7
3
15
7
-6
10
8
-3
-7
0
9
-4
2
8
5
-1
-4
9
-8
-23
7
11
-16
-8
17
-5
-23
4
-3
-17
-11
-6
-8
-23
-10
-10
-19
-25
-17
-3
-21
-21
-2
7
-13
-13
16
-1
-17
4
5
-8
-7
10
-3
-13
5
1
-7
-4
7
-3
-6
5
8
11
0
9
16
4
-4
18
9
-5
3
12
0
-15
9
15
-15
-9
13
-14
-20
15
-6
-24
5
0
-13
-15
3
-3
-17
-6
-2
-5
-17
-4
1
-13
-12
-2
-2
-15
-16
5
-5
-14
-2
8
-6
-5
8
-9
-1
13
4
3
7
21
3
-12
10
26
3
-1
22
16
0
6
7
9
-9
7
7
-16
-7
-2
-8
-24
11
1
-13
-2
11
13
-18
-2
27
-6
-12
22
23
-3
12
33
7
7
18
7
4
8
17
1
12
11
19
2
2
21
-8
10
3
5
-3
-4
-2
-8
-11
-13
3
-13
-21
-10
12
-11
-26
8
5
-17
-7
-2
-6
0
-5
10
10
12
-3
15
7
-2
4
-9
16
-5
-5
1
6
-2
-8
-13
-5
4
-21
-13
-2
-7
-8
-7
-7
1
2
-9
-10
-3
9
-14
-6
7
-6
-5
5
3
-7
19
5
-9
-1
10
3
-6
9
2
10
-1
-7
5
8
0
-12
0
1
0
-24
5
4
-22
5
-14
-4
-4
2
-10
-20
1
-1
-9
-27
0
8
-28
-14
0
8
3
-18
8
20
-6
-5
12
18
10
10
15
8
30
7
15
8
21
16
-5
17
5
2
-10
0
12
-2
-20
-1
13
-13
-26
1
13
-8
-13
-7
12
3
-24
-10
5
-2
-30
-8
12
-20
-15
-3
6
-11
-13
11
-9
5
-13
10
2
-7
15
-8
7
3
-5
12
11
14
7
19
19
5
23
7
22
10
10
11
8
15
4
10
3
16
6
4
9
0
14
10
2
11
9
9
0
16
-2
11
18
-10
14
1
14
-2
-2
9
-15
7
-11
7
3
-8
7
-1
6
-13
11
1
3
5
-15
1
7
-6
-26
-10
1
-26
-30
-11
-19
-30
-33
-17
-22
-23
-20
-35
-10
-9
-31
-16
-14
-8
-25
-8
-24
7
-8
-29
-2
-2
15
-43
12
10
-9
-19
8
23
-27
8
15
-1
-1
22
10
5
15
-1
10
17
-15
8
10
9
1
0
22
-2
8
3
10
9
-12
22
0
8
-2
9
25
-17
7
9
11
-10
-4
22
-10
-1
-3
12
-7
-24
1
-3
-4
-20
-5
10
-19
-1
9
-4
8
-4
9
11
10
12
3
24
10
8
8
35
17
-5
22
36
12
-1
12
22
18
-12
8
19
14
-26
14
32
-5
-7
12
24
-40
-10
12
-9
-18
-15
13
4
-20
-4
20
-5
-24
3
10
7
-14
-1
20
-1
-8
-14
2
0
-12
-24
1
13
-21
-16
2
10
-18
-8
4
-3
-2
-13
1
18
-12
-23
14
4
-25
-2
16
-17
-10
4
-1
2
-9
5
-2
1
-12
-15
16
-2
-24
-22
8
-15
-40
-8
-8
-11
-19
-25
3
-11
-16
-16
-9
1
-24
-15
-4
-5
-27
-6
12
-14
-10
11
16
1
-15
19
18
-1
-9
17
27
-8
-8
8
34
10
-21
26
33
-13
-8
20
23
-26
-7
14
3
-5
-17
26
-3
-12
7
17
15
-16
14
22
16
5
11
34
13
34
6
25
49
16
11
37
37
-2
21
17
30
-5
-1
31
4
-15
8
10
-23
-28
4
-15
-33
-14
-2
-5
-37
-1
-11
-10
-15
1
0
-9
6
-2
-2
0
-6
-3
3
-13
-3
-9
16
-12
-25
5
5
-22
-29
9
-4
-37
-13
19
-10
-40
13
7
-16
-23
-25
14
-14
-35
1
24
-16
-15
26
7
-7
7
37
10
-6
55
16
-11
29
24
-1
2
9
5
-2
-7
-15
12
-2
-13
-11
23
0
-26
11
2
-9
-12
12
9
-10
12
-1
-18
16
-15
-14
3
13
-13
1
16
-9
-9
-5
-3
-20
-15
-14
-22
-6
-31
-2
-16
-20
-9
-16
-9
2
-17
-11
18
-5
-3
-9
20
-6
-23
17
15
-2
2
6
36
19
-13
18
48
4
-9
43
37
-3
-5
34
18
-9
-6
28
10
-14
-7
6
0
-21
-10
-6
0
-15
10
17
-22
13
12
-3
-7
1
40
8
-9
28
29
1
-6
13
14
-2
5
15
9
10
-1
-5
12
-17
-32
0
-7
-19
-37
-9
0
-53
-49
10
-17
-55
-6
-21
-11
0
-29
4
25
-24
-3
19
12
16
21
-4
9
31
-4
-14
26
41
-1
-1
24
13
8
-10
-1
21
-15
6
16
11
-9
7
9
-38
-18
25
-24
-37
34
5
-43
9
2
-37
-5
5
0
-3
-1
23
1
-3
10
0
25
-20
5
67
-17
-26
45
16
-17
-22
42
32
-35
0
38
-6
-13
-9
-10
31
-39
-25
18
-22
-36
-27
-14
-17
-37
-19
16
4
-29
7
17
1
-14
-11
48
-22
-14
51
-5
-5
1
14
11
-35
10
40
1
-13
13
22
-9
-15
8
5
16
-26
16
40
-17
7
5
-12
12
-9
-1
13
-8
5
14
2
-2
0
-21
-14
-18
8
-28
-30
29
-12
-36
15
6
-24
-20
11
-16
-4
27
-26
-6
22
5
-42
20
41
-17
-18
50
15
-23
11
42
-15
6
17
17
30
-11
8
45
8
-16
19
59
-9
-33
52
35
-39
-9
57
8
-28
-9
32
-29
-32
-3
-12
4
-12
-28
9
1
-19
-30
13
-5
-23
-18
2
2
-12
-11
0
20
-12
-31
16
20
-36
-19
27
3
-48
6
3
-3
-11
-21
17
-16
-20
-28
18
13
-59
22
20
-23
4
17
31
-28
12
40
1
14
1
43
18
10
-6
28
42
-31
19
31
28
-18
-3
35
-1
-14
6
21
-8
0
10
-2
0
-3
-12
-13
5
-1
2
-32
13
11
-38
-21
37
-10
-48
-6
21
-4
-50
19
40
-39
-29
26
6
-16
-20
17
2
-41
-24
28
-24
-42
-7
-2
-28
-42
4
-15
-33
-18
-14
-14
-41
12
-11
-53
19
-1
-11
-16
17
8
-16
16
13
21
-10
33
3
1
72
-3
3
60
59
-22
-13
104
7
-55
66
42
-30
4
31
6
25
-30
-20
90
-50
-57
74
19
-53
3
83
-16
-35
43
49
-30
-19
54
21
-55
-3
74
-11
-56
40
18
-31
-7
-1
22
-24
-20
-4
-4
-11
-20
7
-33
29
-41
-43
16
-31
-22
-25
4
-43
0
8
-26
-15
7
-8
1
-10
23
13
10
2
12
34
-32
26
13
9
9
-14
8
15
-15
-57
20
-7
-27
-12
-1
35
-24
-11
47
-26
-14
29
-26
22
21
-8
5
77
-25
-44
82
24
-53
1
103
-90
6
53
-44
14
13
6
14
0
-22
21
2
0
-12
-7
27
-26
-33
50
-32
-21
33
-52
32
-4
-43
28
29
-35
-43
40
-7
-52
23
7
-28
29
-14
-29
-3
29
-71
4
35
-87
32
16
-37
-60
65
-25
-86
57
-39
-19
4
-19
-18
-1
31
-64
48
71
-100
79
80
-19
-38
101
33
-71
87
-42
29
22
-14
7
9
105
-76
3
108
-58
-15
-18
46
-53
-30
53
-61
56
-50
-25
18
-10
-18
-76
116
-89
-25
72
-56
14
-3
60
-16
45
13
11
84
-42
19
92
-20
13
10
109
-43
-4
62
10
20
-61
55
31
-67
9
39
-34
-22
11
-32
-1
-11
-19
22
-28
22
-8
-43
32
-6
-59
4
42
-60
-28
9
-57
21
-91
-14
52
-63
-82
70
27
-143
18
65
-78
-53
54
-39
-80
29
0
-81
-37
42
-43
-57
-16
37
-27
-41
21
1
2
-12
31
31
-58
71
24
-30
21
97
-3
-27
86
41
-77
71
52
-56
42
51
-25
-64
47
2
-41
-35
34
70
-53
-35
127
-20
-6
-20
116
5
-54
95
5
31
-1
32
32
35
-15
27
73
-56
5
33
-12
-29
-4
10
-19
-26
34
-13
-49
52
-96
15
13
-74
-30
47
-4
-71
21
60
-88
-6
57
-53
12
48
-42
-6
93
-76
6
25
23
-64
-5
65
-14
-59
36
29
-70
-17
-18
73
-71
-63
78
-9
-38
-60
39
-17
-48
-13
-1
-3
-27
34
-49
-18
50
-48
1
20
32
6
-7
43
33
-49
28
77
-22
4
95
-5
15
4
45
56
-79
9
85
-38
-33
73
-16
-39
-17
-34
-7
-27
-41
19
-23
-34
37
-36
-60
5
41
-37
-66
85
-24
-12
21
-35
6
-5
21
13
-41
56
60
-34
-25
77
62
-54
59
120
-51
-33
105
65
-122
76
103
-105
-25
69
-6
-62
23
26
-63
15
-29
-1
-3
-81
27
24
-68
-83
77
-39
-61
0
-18
-39
-38
-36
-44
-10
10
-29
-57
83
47
-129
65
84
-74
-22
31
9
33
-18
12
69
2
8
48
-13
37
27
-23
82
-60
30
50
-16
-29
84
-37
-33
72
-91
-10
18
-55
-71
4
-28
-72
-17
-41
20
-53
-52
18
-12
7
-31
36
-74
47
-18
11
20
-42
136
-11
-8
104
31
-2
53
51
0
62
-4
10
47
-80
72
-2
-13
28
-52
63
-8
-47
-2
29
-4
-34
24
-8
11
-17
45
-23
-9
3
17
34
-73
0
47
-37
-23
-50
22
59
-93
34
43
-26
-13
9
-9
12
21
-27
-1
15
52
-25
-51
117
-26
-75
56
52
-15
-101
141
-39
-63
77
-5
41
-32
0
62
18
-81
29
83
-56
-14
16
46
-13
10
1
60
4
-40
19
-21
-30
-40
17
-77
89
-107
-24
100
-125
-39
58
-21
-58
-26
34
-14
-113
1
76
-116
-3
61
-55
12
-47
8
24
-88
-53
72
-11
-50
44
51
-70
67
-20
-46
29
13
-22
8
-5
-40
93
-112
-10
75
-93
30
52
-76
2
68
-108
-10
-59
87
-133
-44
85
-17
-157
84
85
-224
107
5
-29
-25
126
-54
-11
194
-66
-68
149
68
-101
78
80
53
-45
7
147
-87
-2
155
-82
-19
139
-95
56
48
-75
75
-6
99
-51
45
144
-73
-25
137
-57
-15
97
-96
76
52
-22
14
-44
126
-48
-158
222
-129
-84
161
-116
-23
-18
5
-72
-107
85
27
-194
113
36
-116
48
-63
14
-7
-90
126
-38
-116
173
-60
-124
167
19
-39
46
62
76
-97
64
85
-108
52
27
3
31
66
-3
-95
144
-40
-113
12
155
-111
-18
109
-45
-17
-21
82
-29
-54
142
-30
-103
96
-51
60
-122
-22
150
-203
-33
37
-83
-72
-22
19
-90
-44
-28
149
-262
40
135
-215
-43
-16
74
-239
-8
89
-162
-105
133
-56
-200
120
22
-154
36
69
8
-131
106
67
-140
1
144
-88
-81
157
-15
-91
43
75
-131
-19
65
-25
38
-96
171
-8
-20
89
-27
68
-12
36
-5
37
57
-31
53
39
-18
49
68
-11
-51
257
-77
-76
217
-37
32
29
61
-3
39
134
-97
30
130
70
-196
46
293
-255
-38
157
17
-162
20
168
-162
-56
205
-91
-74
119
12
-171
236
-11
-108
90
116
38
-244
238
130
-203
24
175
-24
-134
205
-94
-27
35
-41
-51
6
-23
-70
-40
36
28
-188
61
99
-157
-177
239
-11
-228
190
4
-64
-20
16
39
-52
45
-39
-20
102
-62
-125
11
56
-165
-136
128
-25
-129
-29
34
-162
-39
-54
-54
-36
-102
-34
-40
-22
-142
53
-70
-63
21
-37
-31
-3
13
-164
58
11
-114
-15
150
9
-173
185
112
-194
62
161
-4
-60
145
67
-151
121
62
-187
15
239
-233
-51
238
-71
-72
83
95
-92
-51
196
25
-107
126
168
-49
34
150
-126
148
34
-20
88
87
124
-153
240
20
-97
113
52
145
-19
24
98
10
-18
-109
152
-93
-23
120
-34
32
-94
51
-4
-108
26
-15
53
-3
11
-49
52
143
-245
176
105
-140
130
31
-147
43
40
-146
-1
152
-138
-65
80
3
-131
-104
106
-213
-10
-11
-21
-92
-102
153
-207
-80
47
-17
-132
-5
128
-120
8
65
-30
-110
54
132
-132
-58
154
-46
-90
56
134
-135
-22
114
-110
-20
9
3
-10
-132
150
-15
-155
61
79
-51
-219
237
8
-181
29
258
-110
-145
383
-117
-132
219
60
-71
6
149
-15
-37
115
3
-55
100
-99
105
2
-24
72
3
-79
-107
238
-239
-120
156
-67
-181
-68
269
-338
-39
171
-108
-78
-140
278
-214
-71
127
31
49
-191
167
-54
56
-57
-58
111
-16
-68
-7
-64
47
29
-79
58
119
-51
-95
38
-31
-140
65
-76
-116
90
-6
-115
-64
113
-214
127
-2
-73
114
7
122
-185
193
125
-35
44
189
77
53
203
9
120
94
111
18
116
159
-36
79
50
89
30
-36
6
-44
-9
-75
65
-80
30
38
-22
-9
-30
24
-1
-62
19
33
16
-13
-85
87
-57
-102
3
50
-78
-140
57
34
-268
-97
149
-115
-170
69
-4
-110
-64
75
-119
-159
117
12
-209
135
-28
-105
61
3
56
-54
118
38
-57
50
143
-70
-99
200
1
-14
40
77
28
-81
25
-32
4
61
-38
22
-11
-3
-153
-7
90
-86
-17
17
44
-90
-64
28
-57
10
-50
0
71
8
-41
-66
-29
-22
-61
-63
59
71
-119
-23
102
-172
-104
33
78
-168
95
189
-210
-48
121
-116
27
86
-28
-62
94
60
-177
47
129
-10
-219
187
86
-143
5
35
51
-29
6
-23
97
63
-1
30
71
20
-9
48
71
94
15
58
-1
99
-49
-13
38
-6
1
-12
56
64
17
-24
120
-59
39
38
-17
89
98
-28
55
-51
-10
25
-50
79
0
72
-127
15
47
30
-143
-95
172
-128
-108
-27
67
-103
-110
12
40
-77
17
-13
-7
34
-45
-32
-32
54
3
76
-3
37
61
-65
-53
-37
96
10
-25
65
73
10
-46
-27
9
-16
0
-54
-9
-45
21
-33
-101
117
-42
-32
-20
42
-53
-108
35
-20
-21
-30
90
-20
-40
-13
-55
-22
12
-9
6
76
-42
-101
72
47
2
-9
-22
142
-9
-97
52
26
-124
18
68
-91
-34
25
-118
-78
56
-54
-93
49
-16
-75
62
33
-65
-61
35
22
-65
113
50
-22
78
50
20
-9
70
-58
85
78
-38
72
47
12
-9
114
50
-18
-80
-64
40
32
41
96
119
71
36
3
8
16
-35
1
6
47
78
-5
65
26
-83
-116
-7
-104
-164
21
-60
-90
-23
-14
-107
-89
9
-75
-106
73
5
-74
65
12
-83
-21
4
-67
11
27
-11
-14
12
-10
-103
-42
11
-99
-59
7
-22
-14
62
27
26
56
23
-9
-23
72
26
51
113
84
31
9
35
37
-2
33
60
50
-2
32
22
1
7
60
37
30
132
-17
41
79
53
32
52
129
56
16
69
67
47
23
23
57
41
6
27
27
5
4
15
15
21
0
-19
3
-18
-18
-27
-49
-83
-47
-65
-96
-54
-95
-75
-79
-57
-68
-96
-89
-95
-129
-115
-29
-124
-77
14
-37
-88
-70
-100
-187
-199
-167
-238
-268
-180
-256
-323
-283
-290
-370
-360
-291
-308
-314
-157
-105
-161
37
55
14
151
249
288
299
456
524
413
544
641
525
555
662
620
537
583
609
484
484
482
369
290
347
277
155
220
184
52
51
93
30
-55
6
-4
-80
-77
-108
-119
-198
-178
-158
-228
-225
-200
-231
-227
-247
-272
-294
-288
-405
-342
-307
-395
-340
-371
-326
-354
-320
-276
-258
-236
-215
-290
-517
-732
-1109
-1617
-1896
-1723
-1215
-717
-489
-668
-853
-883
-912
-1000
-900
-555
-44
601
1261
1766
1878
1557
1293
1084
1166
1398
1577
1863
2044
1999
1640
1214
833
403
196
345
635
663
543
422
249
-106
-374
-426
-440
-319
-24
280
381
233
89
-31
-132
-6
190
212
304
324
153
-49
-11
-180
-436
-332
-275
-391
-475
-519
-740
-960
-941
-868
-883
-809
-621
-643
-634
-527
-654
-805
-680
-607
-617
-341
-66
-54
-129
-1
-14
-156
-206
-167
-206
-250
-435
-1003
-1565
-1624
-1244
-902
-577
-382
-513
-565
-502
-579
-783
-654
-313
146
889
1516
1876
1943
1743
1277
847
828
1186
1421
1547
1768
1752
1392
972
502
-9
-197
-41
126
340
547
471
118
-325
-671
-795
-650
-294
132
613
955
885
770
721
500
301
398
812
1004
920
902
823
472
43
-261
-392
-469
-507
-556
-506
-667
-960
-1196
-1191
-1121
-1102
-930
-590
-525
-646
-593
-609
-706
-724
-525
-301
-45
78
58
-47
-224
-324
-385
-379
-241
-152
-32
76
45
-180
-324
-326
-382
-553
-1124
-2127
-2816
-2293
-912
-53
-388
-1118
-1244
-975
-1000
-1189
-1191
-979
-400
529
1587
2237
2247
1907
1304
755
761
1400
2243
2640
2483
2177
2040
1774
1138
380
140
433
845
1142
1218
1021
602
144
-296
-647
-657
-341
-93
167
590
914
728
418
372
446
309
316
683
737
365
149
386
518
68
-450
-529
-537
-745
-949
-1017
-1077
-1247
-1301
-1094
-945
-1046
-1147
-1018
-792
-701
-673
-620
-592
-597
-634
-434
-247
-441
-683
-609
-490
-493
-593
-553
-505
-524
-419
-375
-394
-396
-282
-93
203
277
274
320
283
234
-119
-1122
-2621
-3247
-1930
151
786
-257
-1183
-1138
-827
-1029
-1462
-1450
-904
106
1483
2758
3233
2902
2156
1397
916
1072
2112
3286
3584
3069
2539
2120
1507
485
-376
-510
64
758
1072
905
502
-60
-819
-1368
-1493
-1116
-208
673
806
601
462
443
220
177
477
559
529
630
663
236
-285
-458
-374
-494
-877
-965
-861
-977
-1530
-1987
-1998
-1844
-1762
-1628
-1057
-751
-948
-1064
-946
-834
-891
-535
-110
33
135
240
323
129
-149
-297
-151
23
-30
55
126
81
-203
-479
-593
-538
-392
-109
132
77
-22
16
112
176
74
47
17
-704
-2142
-2791
-1534
323
835
162
-325
-185
67
-15
-195
-213
82
864
2002
2999
3473
3170
2458
1692
925
715
1440
2389
2610
1983
1261
914
480
-280
-1008
-1189
-716
-157
124
120
-71
-366
-820
-1146
-1132
-686
-5
568
727
698
710
458
129
91
330
212
-18
71
72
-440
-980
-822
-736
-1184
-1637
-1630
-1420
-1497
-1739
-1838
-1569
-1360
-1277
-1048
-655
-396
-477
-536
-409
-179
-62
78
327
437
454
524
669
502
73
-93
1
57
-21
105
213
48
-313
-561
-505
-400
-371
-302
78
567
832
758
690
617
572
749
916
475
-975
-2355
-1982
-136
1468
1326
62
-859
-866
-468
-417
-663
-862
-513
563
1950
2792
2690
1913
917
137
-187
338
1462
2278
2104
1387
813
564
226
-514
-1168
-1065
-208
659
916
739
344
-131
-570
-882
-946
-478
242
776
754
630
673
521
-78
-927
-985
-430
-110
-344
-289
-164
-673
-1214
-1098
-1058
-1702
-1995
-1322
-568
-675
-1072
-780
-266
-218
-554
-493
-91
1
-85
124
614
549
15
-294
-100
314
425
337
93
-105
-384
-324
-97
-275
-535
-554
-232
-141
-184
-274
-306
-96
206
557
804
943
830
701
1006
1319
1377
1059
867
823
-11
-1551
-2768
-2390
-850
275
-77
-1196
-1755
-1380
-910
-1194
-1715
-1668
-673
871
2303
2984
2833
2321
1791
1287
1044
1451
2301
2879
2682
1922
1205
732
98
-761
-1406
-1230
-482
106
32
-490
-930
-1151
-1303
-1513
-1424
-820
86
647
743
561
605
537
472
103
-291
-113
436
603
115
-164
-502
-716
-738
-629
-1051
-1674
-1527
-1055
-794
-936
-839
-645
-573
-598
-627
-460
-250
-22
155
371
553
458
240
61
240
385
267
35
-49
-19
-107
-80
-137
-367
-590
-660
-538
-518
-344
-58
302
499
475
455
591
877
1012
1145
1236
1112
907
834
986
786
-280
-1956
-3291
-2973
-1254
282
174
-1059
-1749
-1381
-905
-1103
-1432
-1276
-319
1162
2683
3571
3479
2787
1943
1351
1016
1195
1882
2484
2346
1546
769
362
-217
-1292
-2135
-2034
-1360
-768
-700
-1025
-1270
-1272
-1160
-1209
-1276
-749
208
908
1123
1222
1334
1438
1226
724
495
769
921
558
218
55
-65
-261
-318
-668
-1477
-1930
-1558
-1011
-1171
-1434
-1262
-857
-638
-577
-488
-406
-280
-258
-119
235
472
305
-117
-196
51
138
77
-79
-226
-464
-612
-640
-699
-602
-337
-167
-313
-356
-111
92
124
141
317
741
1242
1429
1237
984
841
710
611
770
884
779
524
-212
-1700
-3209
-3023
-1502
-323
-393
-759
-619
-273
-143
-461
-722
-464
323
1375
2544
3475
3705
3213
2340
1479
744
610
1046
1437
1349
889
289
-340
-989
-1721
-2353
-2400
-1881
-1138
-580
-283
-175
-207
-335
-352
-141
287
961
1519
1728
1803
1846
1803
1132
203
-205
62
27
-449
-794
-1182
-1720
-2061
-1783
-1688
-2289
-2901
-2618
-1727
-1320
-1284
-1154
-713
-387
-239
89
694
1030
832
739
1052
1386
1266
855
701
517
253
164
228
154
-412
-887
-977
-739
-494
-590
-912
-1068
-704
-259
172
538
726
715
764
1113
1294
1229
1157
1306
1545
1612
1644
1472
1198
737
351
-299
-1361
-2513
-2888
-1927
-415
344
-182
-868
-1023
-833
-845
-820
-488
-51
680
1624
2586
2934
2605
1833
869
97
-134
395
1142
1397
980
194
-457
-991
-1499
-1975
-2015
-1425
-569
71
325
380
255
-84
-520
-561
5
661
984
901
946
1016
777
131
-755
-1343
-1384
-1045
-988
-1308
-1714
-1724
-1511
-1580
-1772
-1977
-1902
-1651
-1215
-554
-18
327
441
645
865
1147
1254
1299
1375
1431
1486
1419
1256
759
211
-37
-187
-334
-516
-612
-701
-863
-940
-871
-776
-785
-674
-325
306
893
1079
1098
1382
1910
2190
2145
1998
1829
1706
1880
2030
1814
1291
889
627
411
63
-374
-844
-1566
-2725
-3868
-3766
-2306
-910
-803
-1454
-1773
-1647
-1404
-1228
-1075
-743
-156
736
1811
2692
2989
2575
1683
710
49
105
837
1513
1390
575
-235
-697
-999
-1493
-1960
-1987
-1543
-1037
-722
-565
-563
-649
-940
-1271
-1178
-527
342
778
704
612
859
1139
1208
571
-285
-381
196
436
253
193
-92
-422
-542
-406
-447
-596
-577
-322
227
618
852
725
569
510
471
720
1117
1319
935
560
480
446
324
48
-37
-39
21
140
192
7
-456
-710
-605
-154
417
741
731
498
356
310
537
848
909
599
320
317
428
601
468
16
-439
-522
-231
-51
-215
-606
-976
-1402
-2102
-2970
-3434
-2787
-1485
-728
-975
-1420
-1475
-1369
-1410
-1520
-1300
-730
10
734
1400
1935
2109
1796
1176
564
216
352
978
1629
1675
1031
269
-175
-254
-238
-316
-359
-202
110
343
528
533
254
-204
-311
24
608
1041
1124
1039
938
981
902
705
456
317
127
36
202
169
-190
-459
-294
-35
-74
-222
-216
-61
144
289
291
307
374
384
427
717
1058
992
547
184
-16
-183
-369
-568
-626
-519
-290
-179
-386
-827
-1150
-1227
-1182
-1041
-716
-224
102
30
-313
-496
-340
-97
-57
-63
86
420
624
580
417
287
240
225
225
147
28
-131
-269
-369
-420
-572
-1385
-2748
-3768
-3470
-2201
-1179
-1130
-1636
-1705
-1262
-768
-642
-728
-560
-44
896
2083
3181
3654
3227
2352
1663
1437
1494
1743
2019
2083
1752
1208
812
496
46
-537
-952
-1041
-913
-697
-413
-191
-212
-468
-647
-451
-139
-58
155
573
1114
1353
1280
1154
1010
911
800
818
803
630
198
-142
-64
197
137
-460
-998
-1277
-1278
-1039
-752
-647
-838
-1014
-953
-719
-476
-388
-607
-877
-815
-481
-205
-133
-100
-69
-20
56
98
96
-41
-245
-347
-205
59
288
316
121
-154
-274
-107
158
281
190
3
68
335
530
473
385
365
315
354
520
634
392
-66
-381
-500
-574
-807
-1470
-2522
-3202
-2786
-1712
-868
-693
-981
-1127
-1044
-808
-566
-291
45
433
940
1756
2679
3219
3086
2482
1781
1313
1288
1621
2043
2117
1673
863
271
170
119
-246
-809
-1126
-1052
-716
-356
-117
-127
-432
-785
-713
-164
457
773
736
621
670
882
1048
987
438
-25
-126
-14
-74
-135
-193
-411
-688
-1054
-1177
-1126
-952
-1066
-1147
-865
-546
-464
-760
-852
-789
-459
-154
35
91
-5
-43
-134
34
252
348
396
475
573
457
264
-48
-324
-484
-576
-578
-454
-351
-412
-481
-494
-508
-484
-378
-214
68
429
714
850
951
1038
925
691
628
694
616
455
388
268
-7
-247
-455
-820
-1454
-2274
-2983
-2989
-2207
-1363
-1061
-1039
-940
-850
-825
-831
-689
-274
221
809
1611
2552
3290
3404
2946
2255
1702
1404
1516
1892
2191
2036
1531
1032
671
436
133
-180
-438
-632
-691
-590
-391
-307
-486
-830
-1027
-1027
-841
-568
-301
-144
-122
-172
-335
-241
100
341
129
-66
-37
7
56
155
352
181
-285
-737
-763
-396
-300
-685
-1285
-1436
-1297
-1065
-920
-709
-603
-617
-379
-9
355
352
49
-190
-43
479
963
1122
823
432
152
154
254
229
72
-154
-109
134
296
236
10
-186
-231
-39
243
360
383
353
209
57
170
486
556
261
-53
-104
-100
-169
-329
-631
-981
-1157
-1115
-951
-909
-1180
-1815
-2246
-1956
-1197
-602
-403
-387
-270
53
447
683
704
643
675
883
1303
1802
2085
2078
1903
1613
1228
899
843
924
900
700
442
332
415
506
395
101
-272
-527
-613
-491
-217
-11
79
-2
-81
20
349
494
173
-283
-472
-397
-191
152
379
298
-65
-454
-651
-651
-772
-1109
-1308
-1144
-666
-259
-57
-116
-472
-824
-845
-437
100
518
666
625
667
728
616
208
-176
-499
-527
-189
198
227
-234
-698
-849
-721
-640
-725
-809
-743
-422
61
500
614
429
205
172
427
834
1105
1018
718
664
816
883
734
317
-192
-492
-452
-365
-453
-638
-853
-1010
-993
-716
-423
-364
-385
-373
-281
-154
-140
-302
-416
-255
77
407
645
651
480
332
206
36
-104
-36
109
92
113
331
582
656
491
194
-34
-105
-44
63
179
146
-17
-4
223
412
347
220
174
188
223
279
353
357
245
70
-16
24
156
113
-102
-371
-427
-383
-315
-214
-147
-111
-122
-76
-68
-115
-153
-148
-52
9
104
278
448
450
252
52
-16
20
-6
-118
-266
-202
114
319
263
108
87
63
-60
-185
-178
11
202
241
208
243
315
237
7
-219
-342
-376
-436
-480
-435
-325
-305
-330
-336
-373
-452
-556
-451
-231
-6
146
215
223
243
318
341
315
261
179
84
74
58
-37
-186
-292
-486
-774
-1018
-1128
-1159
-1279
-1320
-1137
-865
-698
-650
-594
-436
-240
-114
-39
112
293
393
514
792
1181
1419
1355
1078
812
687
625
575
563
542
532
568
642
588
401
233
117
50
69
250
522
711
656
489
426
477
473
306
227
246
303
259
140
84
67
105
83
86
70
42
21
-6
-84
-213
-232
-109
91
100
45
19
-11
-109
-276
-385
-438
-350
-221
-219
-296
-343
-332
-295
-214
-204
-315
-417
-449
-401
-382
-425
-486
-584
-679
-767
-800
-784
-776
-844
-848
-723
-534
-349
-247
-150
-129
-187
-221
-211
-118
-58
59
195
269
300
286
259
192
105
-49
-72
86
228
241
157
126
102
-9
-191
-379
-569
-714
-744
-540
-172
57
16
-187
-202
-10
105
107
140
270
464
676
923
1171
1329
1317
1159
1026
984
980
1015
1076
1035
928
853
845
814
643
387
174
82
61
49
51
33
-79
-147
-63
32
57
50
67
-46
-76
-189
-254
-291
-200
-80
37
171
172
110
-201
-416
-466
-392
-388
-547
-587
-602
-404
-361
-306
-507
-855
-1066
-1035
-722
-665
-647
-693
-633
-554
-492
-404
-489
-549
-576
-509
-425
-216
14
-7
-187
-344
-299
-231
-183
-176
-256
-264
-144
54
189
174
0
-107
-33
117
178
262
501
703
725
689
741
836
769
657
521
532
716
906
876
630
414
249
122
18
0
-48
-217
-432
-595
-504
-402
-389
-500
-609
-523
-196
213
395
320
61
-81
0
178
334
387
438
532
668
777
773
555
170
-204
-309
-6
383
517
287
8
-45
42
54
-107
-266
-363
-360
-215
32
244
282
136
-76
-126
-102
-255
-389
-338
-150
-73
63
130
97
-67
-276
-386
-431
-236
-232
-291
-226
-56
-45
-265
-282
-303
-365
-474
-440
-335
-262
-185
-151
-51
16
46
-36
-67
3
-18
-55
-16
15
-3
53
166
204
95
-71
-105
72
291
257
144
167
298
416
332
175
126
153
87
-66
-37
109
174
88
45
22
49
66
-9
-94
-157
-33
68
27
-86
-105
-90
-116
-146
-254
-386
-538
-654
-736
-709
-567
-473
-355
-214
-118
-142
-186
-184
-189
-123
116
314
310
271
356
485
515
469
370
252
198
188
163
179
241
264
214
243
365
486
461
365
336
359
416
481
606
710
754
701
646
644
611
450
298
133
115
160
219
70
-84
-47
-44
-170
-441
-518
-520
-514
-597
-732
-692
-666
-547
-557
-469
-384
-403
-495
-625
-518
-450
-232
-7
193
356
505
570
321
64
-20
-7
-28
-26
28
38
-65
-199
-413
-732
-972
-955
-782
-619
-471
-357
-273
-186
-173
-185
-225
-135
-50
113
466
836
1006
894
756
717
679
557
360
257
275
345
223
-34
-232
-393
-562
-786
-851
-917
-1042
-1133
-1121
-993
-846
-716
-678
-614
-441
-259
-175
-105
-9
109
228
391
616
801
958
1038
961
820
803
803
741
675
663
728
784
775
647
514
517
613
620
575
553
563
502
526
649
687
593
476
408
357
280
-17
-433
-585
-445
-281
-190
-69
-53
-185
-330
-463
-595
-684
-741
-697
-492
-133
118
131
30
-112
-255
-335
-299
-236
-259
-269
-243
-219
-296
-443
-621
-801
-905
-934
-901
-781
-651
-538
-450
-333
-171
-101
-187
-249
-99
182
472
714
819
797
690
622
562
518
450
300
111
37
98
100
-1
-193
-413
-615
-620
-501
-465
-506
-575
-553
-441
-234
-99
-141
-219
-269
-340
-438
-540
-670
-775
-606
-215
111
194
110
38
1
-23
-21
-1
54
129
324
626
979
1174
1097
896
687
549
508
642
862
1054
1212
1300
1335
1228
1024
779
576
468
385
340
390
414
282
104
14
-9
-134
-334
-512
-502
-399
-365
-386
-339
-235
-202
-151
-67
14
-12
-86
-96
-130
-182
-289
-334
-286
-195
-195
-346
-427
-546
-673
-812
-816
-783
-770
-677
-605
-470
-376
-333
-378
-429
-417
-360
-234
-67
123
216
201
91
-2
-85
-170
-226
-249
-177
-56
65
105
54
-85
-208
-306
-288
-138
-43
34
111
185
238
295
304
201
-21
-256
-269
-144
-65
-77
-162
-173
-150
-170
-378
-562
-680
-784
-842
-662
-250
42
180
180
245
378
536
662
706
721
767
952
1261
1622
1768
1607
1335
1097
907
715
620
530
419
353
302
263
215
184
58
-87
-117
-95
-158
-116
160
429
548
522
511
439
384
82
-257
-344
-156
-130
-275
-101
56
-38
-493
-854
-1110
-1232
-1171
-1108
-887
-672
-428
-459
-450
-373
-619
-968
-1045
-684
-327
-132
-65
-91
-45
-71
-146
-365
-572
-716
-788
-576
-234
-60
-182
-361
-421
-428
-428
-435
-370
-263
-117
90
344
571
693
580
453
425
523
614
596
594
610
649
615
539
401
173
-56
-116
20
87
46
-78
-246
-349
-376
-373
-458
-586
-645
-802
-830
-734
-391
-67
96
204
294
492
543
482
397
482
708
826
1017
1234
1521
1620
1536
1362
1090
779
470
336
391
558
588
448
304
177
7
-170
-306
-486
-667
-636
-367
-127
-26
-155
-287
-412
-509
-581
-583
-574
-591
-578
-432
-173
-46
38
-100
-306
-497
-468
-365
-314
-214
-237
-181
-182
-119
-170
-270
-307
-518
-657
-723
-534
-366
-288
-298
-394
-354
-361
-345
-402
-404
-325
-240
-84
117
353
496
492
353
174
116
143
228
333
392
443
533
613
592
458
358
318
318
309
292
325
369
362
250
69
-13
-35
-81
-218
-278
-285
-299
-256
-245
-241
-326
-410
-529
-698
-884
-1143
-1157
-852
-466
-270
-238
-138
-39
-73
-146
-149
29
267
532
785
1107
1457
1562
1374
1009
753
604
539
587
619
592
459
370
286
154
-12
-232
-450
-621
-673
-555
-355
-151
-81
-165
-267
-279
-222
-234
-310
-232
-58
281
391
202
67
184
354
256
294
276
354
359
404
468
384
294
-18
-87
-86
-6
-50
-252
-327
-555
-667
-687
-573
-606
-685
-592
-533
-459
-513
-567
-565
-419
-216
-130
7
157
236
171
121
227
375
441
427
420
456
493
493
415
272
165
107
101
59
-16
-80
-150
-148
-132
-128
-154
-177
-145
-234
-305
-352
-426
-531
-681
-688
-686
-670
-778
-1140
-1515
-1578
-1242
-961
-778
-634
-464
-257
-143
-10
53
184
412
633
962
1431
1897
1999
1838
1624
1444
1307
1226
1233
1200
1137
1045
849
610
361
56
-246
-403
-448
-482
-515
-409
-260
-206
-299
-392
-362
-283
-146
-41
94
308
583
484
318
368
562
466
360
457
452
401
295
239
35
-133
-360
-587
-558
-493
-464
-624
-584
-639
-871
-1027
-1020
-877
-866
-828
-775
-668
-558
-615
-678
-611
-412
-428
-444
-278
-46
49
-35
-48
6
76
89
114
184
163
64
51
226
391
409
320
286
314
310
263
223
222
198
131
73
55
55
-97
-270
-424
-413
-475
-507
-554
-641
-696
-770
-862
-1009
-978
-729
-407
-120
24
176
361
519
566
624
846
1140
1387
1552
1776
2002
2086
1955
1641
1278
1004
826
700
650
646
542
293
2
-242
-483
-667
-754
-752
-704
-602
-425
-220
-40
-51
-173
-291
-279
-227
-117
74
333
440
347
81
-242
-300
-197
-189
-385
-352
-328
-277
-320
-398
-534
-801
-912
-1002
-750
-480
-335
-431
-561
-469
-561
-578
-640
-572
-580
-575
-419
-282
-104
-202
-324
-251
-46
115
30
7
-29
11
168
337
462
469
370
208
206
337
422
443
456
525
595
624
676
625
485
333
219
242
302
267
88
-26
14
18
-92
-213
-300
-398
-435
-354
-385
-548
-781
-1039
-1108
-784
-285
-103
-172
-214
-138
-31
-33
33
172
414
613
801
1112
1363
1320
969
687
552
473
368
296
349
409
438
286
30
-161
-316
-395
-425
-326
-216
-90
40
145
143
57
-8
-37
15
80
205
357
487
575
301
-69
-233
-113
-77
-240
-271
-318
-226
-251
-281
-453
-604
-714
-839
-620
-439
-293
-360
-334
-270
-337
-331
-372
-245
-196
-88
-1
40
89
-124
-291
-320
-186
-99
-29
111
103
79
41
7
-49
-61
-17
21
169
324
370
371
468
543
528
571
619
599
578
613
597
550
469
370
205
92
69
-47
-177
-255
-341
-528
-659
-688
-828
-1019
-1182
-1398
-1485
-1292
-878
-601
-480
-389
-322
-129
33
201
334
582
839
987
1198
1488
1686
1498
1174
857
607
447
353
369
365
273
-6
-342
-544
-599
-646
-730
-758
-690
-539
-300
12
188
161
131
207
428
623
781
846
855
880
884
861
675
490
230
-39
-205
-310
-422
-664
-793
-947
-1005
-997
-1027
-1078
-1178
-1101
-942
-677
-392
-237
-175
-165
-28
75
149
195
234
280
268
288
306
266
224
89
10
-57
-54
-37
-111
-126
-121
-31
36
99
110
48
66
152
262
324
438
542
575
545
485
431
312
220
187
190
159
129
6
-146
-279
-444
-599
-725
-734
-770
-807
-897
-1012
-1041
-915
-627
-393
-260
-214
-144
9
145
278
339
456
622
819
996
1130
1190
1049
820
594
447
382
370
402
342
188
41
-87
-176
-261
-367
-364
-244
-113
-1
98
176
197
185
195
270
372
430
450
397
239
80
111
199
137
16
-73
-157
-260
-364
-453
-537
-557
-565
-553
-416
-247
-202
-349
-401
-348
-301
-235
-101
53
139
194
167
104
54
-70
-185
-227
-152
-106
-125
-118
-107
-147
-264
-322
-326
-287
-161
23
220
304
304
231
166
171
216
265
308
377
423
444
433
384
248
119
42
-24
-37
-117
-207
-302
-374
-535
-680
-715
-782
-852
-941
-921
-947
-1031
-1052
-965
-666
-392
-218
-121
-15
129
192
339
572
762
847
916
1082
1182
1221
1099
929
814
708
632
550
490
406
255
84
-67
-136
-222
-253
-195
-126
-25
69
156
84
79
175
293
367
419
480
458
429
421
446
381
271
173
125
123
48
-123
-304
-367
-398
-461
-473
-452
-472
-537
-546
-489
-386
-296
-237
-166
-132
-77
-37
-31
-49
-110
-121
-81
-80
-155
-250
-359
-416
-432
-418
-355
-347
-328
-359
-387
-355
-335
-297
-293
-190
-45
87
188
221
197
181
211
253
353
434
444
361
300
266
162
86
-2
-93
-196
-316
-405
-496
-547
-653
-795
-868
-884
-894
-904
-772
-568
-304
-83
15
68
158
336
464
602
770
886
1013
1104
1238
1240
1148
960
758
676
701
768
703
634
527
388
266
127
15
-52
-13
59
96
128
128
61
-39
-30
-27
-58
2
94
98
14
-119
-236
-248
-151
-140
-193
-155
-88
-153
-275
-302
-328
-393
-411
-339
-286
-249
-204
-194
-240
-290
-358
-423
-388
-242
-194
-224
-198
-243
-341
-409
-329
-262
-297
-323
-358
-342
-311
-268
-277
-291
-263
-243
-150
-18
82
60
-13
-7
95
218
270
314
292
231
203
167
162
175
173
125
83
103
118
30
-117
-158
-82
-51
-54
-51
-64
-99
-159
-242
-376
-436
-365
-206
-36
146
287
261
203
202
205
199
286
427
563
736
832
798
723
679
592
529
573
667
662
601
559
451
261
107
-1
-56
-64
-44
-45
-33
-5
-115
-255
-281
-201
-196
-186
-71
13
-10
-84
-135
-224
-283
-240
-187
-145
-97
-120
-218
-315
-351
-450
-487
-391
-328
-337
-364
-279
-234
-231
-249
-290
-283
-229
-147
-161
-181
-185
-190
-205
-188
-186
-244
-295
-359
-406
-386
-304
-224
-177
-139
-118
-100
-28
56
137
180
218
277
335
379
429
460
449
402
338
327
351
376
307
210
141
81
39
3
-25
-52
-46
-49
-29
-46
-98
-169
-254
-322
-368
-377
-312
-212
-90
16
35
37
58
82
117
181
240
268
319
398
398
314
275
269
218
157
138
164
199
214
185
116
81
58
31
0
1
68
134
201
231
249
271
178
53
29
90
61
16
27
21
-48
-92
-57
-104
-215
-282
-270
-243
-235
-208
-223
-236
-195
-130
-55
2
27
-2
3
43
97
101
46
-13
-86
-99
-115
-130
-196
-284
-338
-351
-325
-339
-335
-337
-300
-259
-217
-135
-85
-39
-13
70
146
229
282
271
222
172
199
211
152
78
53
5
-33
-32
-47
-145
-261
-289
-249
-191
-173
-170
-156
-166
-146
-60
23
35
14
12
25
26
23
50
41
7
34
89
71
12
-43
-111
-159
-180
-143
-101
-101
-96
-78
-38
-2
52
95
121
177
310
451
517
571
575
569
563
585
607
593
581
562
549
494
416
324
214
116
38
4
-52
-141
-220
-283
-295
-304
-327
-317
-306
-266
-205
-143
-112
-87
-84
-77
-84
-62
6
65
101
108
98
41
-4
-60
-130
-216
-253
-282
-340
-408
-448
-467
-506
-499
-533
-523
-473
-410
-340
-301
-220
-137
-92
-69
-34
37
89
123
142
165
246
281
250
201
168
116
51
11
17
16
-12
-47
-51
-93
-183
-277
-329
-308
-246
-176
-130
-107
-99
-122
-118
-105
-82
-89
-100
-44
4
52
133
163
120
67
57
121
141
140
133
180
259
315
327
294
286
303
365
455
514
532
534
524
517
563
637
655
647
642
652
661
655
577
433
315
283
304
284
231
133
12
-60
-79
-131
-219
-294
-339
-392
-412
-410
-432
-466
-518
-500
-482
-450
-438
-473
-477
-442
-373
-364
-384
-428
-475
-486
-461
-424
-428
-468
-517
-493
-410
-365
-419
-504
-532
-485
-391
-284
-234
-262
-207
-129
-38
40
116
178
190
222
281
358
401
382
307
232
200
164
97
41
-3
1
2
-10
-58
-144
-212
-246
-226
-172
-88
-12
28
79
131
178
212
205
179
198
267
330
352
341
295
255
221
211
192
157
126
134
197
264
311
290
261
236
288
324
333
394
455
523
605
683
709
675
595
554
545
533
474
399
337
268
212
147
97
33
-68
-145
-230
-305
-363
-433
-476
-498
-478
-465
-427
-399
-392
-396
-418
-406
-370
-321
-331
-375
-402
-375
-355
-364
-409
-458
-515
-541
-557
-589
-586
-615
-619
-615
-572
-524
-474
-432
-402
-324
-224
-102
-13
43
104
199
283
348
358
361
371
391
416
401
362
275
216
149
105
45
-25
-82
-167
-203
-171
-139
-165
-231
-282
-282
-256
-173
-69
16
94
184
264
322
349
338
297
299
367
438
481
496
469
427
408
379
370
346
308
279
264
280
257
228
218
268
302
331
331
345
347
336
345
332
348
326
293
278
283
283
228
137
34
-42
-82
-98
-127
-174
-248
-344
-414
-446
-479
-514
-522
-490
-458
-438
-440
-438
-458
-450
-421
-413
-383
-401
-411
-427
-420
-386
-361
-335
-330
-340
-339
-269
-186
-199
-262
-316
-272
-175
-98
-73
-67
-50
8
50
71
102
110
106
105
155
210
268
272
212
151
174
210
228
223
143
89
60
70
74
16
-65
-127
-139
-98
-24
32
49
35
-19
-24
31
110
181
197
225
295
416
507
513
493
470
453
439
444
451
438
434
457
451
407
368
312
276
264
282
284
277
258
203
124
61
50
31
18
-11
-33
-70
-99
-142
-216
-281
-324
-353
-386
-403
-449
-484
-491
-522
-556
-566
-540
-515
-504
-502
-496
-491
-496
-503
-491
-448
-391
-362
-384
-394
-368
-325
-277
-223
-180
-158
-104
-38
26
89
108
88
85
128
196
241
255
234
201
195
226
267
283
285
268
230
193
199
200
171
135
120
104
123
125
57
-13
-67
-66
-50
-16
0
-12
-59
-72
-52
-73
-58
-74
-70
-51
-8
59
109
132
136
174
242
300
352
403
467
529
577
601
609
620
624
632
625
620
604
554
487
421
343
265
208
137
61
-13
-69
-141
-224
-299
-396
-478
-517
-539
-568
-605
-642
-657
-640
-613
-560
-518
-490
-462
-448
-481
-505
-488
-467
-432
-379
-343
-347
-339
-347
-354
-360
-354
-334
-281
-224
-175
-124
-70
-28
9
53
110
194
267
330
368
393
417
459
483
491
512
535
536
515
476
435
372
311
215
140
79
34
7
-18
-69
-138
-162
-186
-196
-201
-200
-150
-105
-75
-60
-70
-54
-36
-30
-16
34
90
101
124
132
94
34
-31
-59
-32
20
70
119
143
150
172
199
219
232
253
314
397
451
489
513
507
482
467
435
370
298
215
141
65
-34
-138
-235
-317
-408
-510
-595
-656
-728
-782
-813
-809
-790
-792
-804
-804
-762
-702
-647
-572
-480
-394
-328
-246
-155
-82
-30
-5
19
50
98
164
219
253
275
294
320
326
334
333
336
353
404
470
501
501
489
473
470
452
436
402
371
348
328
337
321
260
182
132
92
79
41
-8
-37
-31
-21
-40
-63
-81
-104
-118
-100
-62
-25
-8
-1
15
31
13
-15
-41
-82
-104
-108
-108
-115
-130
-172
-217
-227
-223
-238
-220
-206
-208
-205
-197
-154
-108
-78
-51
-28
-10
28
46
40
46
68
62
78
139
164
154
119
115
76
12
-58
-130
-222
-276
-303
-354
-392
-450
-516
-549
-518
-506
-499
-485
-430
-344
-260
-193
-126
-70
-26
45
116
165
224
278
303
377
430
435
403
378
376
357
324
299
278
263
274
276
261
245
250
228
192
167
188
185
188
168
140
128
101
88
55
50
66
89
101
132
136
149
166
197
226
224
221
199
166
155
141
144
135
81
29
11
10
-13
-78
-126
-151
-173
-186
-193
-216
-255
-312
-356
-366
-366
-394
-453
-494
-482
-445
-425
-439
-456
-457
-452
-432
-407
-367
-350
-334
-298
-238
-184
-167
-148
-111
-65
-8
67
127
168
194
218
258
293
317
303
268
232
213
200
178
146
96
55
14
-5
-7
-32
-56
-77
-73
-54
-31
24
26
10
3
18
50
95
137
185
228
257
290
299
320
330
318
299
272
266
270
272
281
259
226
206
166
127
92
90
102
129
155
145
134
132
120
119
126
116
86
91
128
160
184
217
212
176
158
144
108
41
-13
-65
-95
-116
-167
-242
-329
-394
-442
-474
-522
-571
-604
-637
-623
-614
-603
-618
-646
-654
-622
-588
-560
-539
-527
-519
-492
-441
-393
-342
-307
-277
-219
-141
-65
-15
14
50
104
174
233
276
320
365
420
484
537
574
586
596
605
623
626
621
603
555
484
414
348
278
198
123
57
25
-32
-87
-132
-163
-193
-212
-219
-241
-216
-203
-174
-147
-108
-61
-3
78
144
203
238
277
321
398
454
482
509
497
484
457
429
408
361
335
316
299
289
243
173
107
32
-22
-65
-102
-137
-162
-187
-218
-276
-323
-359
-372
-391
-390
-373
-369
-369
-386
-408
-451
-487
-525
-531
-543
-560
-540
-544
-574
-611
-644
-642
-598
-546
-506
-480
-457
-425
-400
-374
-349
-307
-254
-185
-93
-33
4
37
79
125
168
226
281
333
382
456
514
554
577
577
569
581
602
613
606
590
566
530
513
483
457
413
376
351
343
348
314
260
199
167
139
126
84
55
27
13
27
41
43
37
36
45
54
65
66
45
60
74
89
106
135
144
149
149
176
197
209
214
191
160
137
114
83
40
-22
-96
-152
-195
-274
-354
-434
-541
-629
-681
-733
-766
-800
-817
-837
-855
-869
-855
-847
-849
-822
-760
-688
-622
-544
-481
-427
-374
-324
-263
-179
-117
-70
-19
36
77
96
110
127
143
182
223
265
306
322
320
313
311
351
376
406
442
467
478
505
518
506
492
479
470
465
482
494
483
460
444
431
413
392
390
376
398
401
391
392
394
398
411
422
438
455
465
473
469
450
428
394
337
282
215
169
123
56
0
-60
-121
-182
-238
-283
-349
-411
-467
-526
-567
-599
-649
-680
-696
-693
-669
-667
-671
-660
-647
-616
-595
-588
-582
-581
-579
-557
-541
-536
-542
-543
-518
-518
-506
-478
-448
-444
-441
-398
-353
-311
-281
-267
-244
-201
-143
-85
-19
32
80
134
185
233
304
343
376
421
454
481
500
505
514
512
523
541
543
536
514
482
469
476
486
492
463
446
442
451
450
431
420
409
402
397
398
381
362
328
300
284
267
272
274
258
265
257
265
264
255
244
221
239
236
253
248
227
189
151
124
85
27
-42
-93
-168
-229
-294
-369
-455
-542
-628
-726
-803
-865
-913
-954
-985
-1008
-1029
-1043
-1053
-1046
-1048
-1019
-978
-942
-893
-825
-744
-668
-575
-489
-408
-336
-266
-182
-117
-44
31
92
154
201
251
299
359
405
431
475
503
520
536
553
561
555
556
560
541
544
538
527
520
507
492
465
444
452
450
455
447
436
441
441
449
458
456
443
450
469
483
480
460
423
394
377
376
371
338
311
281
251
212
179
147
98
49
3
-21
-66
-117
-167
-205
-246
-284
-312
-362
-409
-466
-497
-538
-574
-604
-649
-673
-672
-646
-643
-662
-677
-673
-673
-663
-641
-632
-614
-593
-572
-538
-506
-485
-462
-460
-442
-411
-387
-378
-355
-327
-310
-281
-256
-237
-210
-188
-137
-87
-26
25
67
95
119
172
239
315
373
427
489
543
581
623
653
661
670
717
732
740
739
741
714
682
664
628
598
567
545
511
486
461
430
401
365
325
296
281
263
235
218
199
200
187
160
133
127
115
86
78
69
43
17
-27
-83
-122
-156
-201
-259
-314
-375
-407
-433
-449
-463
-492
-547
-583
-608
-615
-609
-632
-649
-663
-653
-659
-679
-687
-708
-711
-709
-684
-659
-641
-617
-595
-553
-505
-446
-395
-348
-296
-239
-165
-86
-17
56
101
162
231
305
358
393
446
492
531
574
591
600
609
598
581
568
543
516
495
488
479
457
422
387
355
346
318
313
312
316
340
349
371
399
400
402
397
390
410
417
431
424
425
414
400
382
349
293
240
187
138
118
66
22
-25
-93
-150
-203
-265
-325
-392
-458
-488
-503
-520
-557
-589
-631
-672
-689
-692
-685
-698
-722
-730
-718
-706
-702
-706
-702
-693
-667
-622
-590
-568
-560
-554
-519
-487
-437
-384
-348
-307
-262
-222
-172
-134
-89
-49
-2
35
89
136
156
201
219
233
274
329
372
402
425
454
491
535
567
596
619
654
675
695
725
733
735
757
768
770
770
759
743
735
718
710
689
656
635
586
534
493
434
383
337
275
211
151
104
58
11
-39
-89
-148
-187
-207
-227
-251
-286
-308
-310
-314
-323
-334
-341
-358
-367
-383
-402
-420
-456
-482
-508
-533
-569
-598
-630
-667
-677
-689
-699
-706
-709
-725
-735
-734
-748
-740
-739
-732
-702
-670
-622
-574
-514
-463
-406
-344
-295
-248
-178
-125
-76
-21
44
102
159
199
242
291
321
360
387
425
436
480
523
556
585
592
621
644
664
694
706
715
720
722
719
713
702
674
639
609
594
582
551
515
480
448
430
394
382
364
334
319
307
310
292
255
220
185
156
152
140
124
105
73
35
-13
-68
-134
-185
-231
-279
-315
-365
-409
-459
-526
-583
-624
-671
-717
-754
-766
-769
-774
-788
-787
-786
-790
-768
-739
-696
-658
-629
-594
-558
-521
-506
-495
-474
-457
-430
-402
-378
-347
-333
-294
-246
-210
-168
-134
-93
-50
-1
47
92
128
167
196
240
300
360
415
443
479
503
530
553
571
584
609
623
627
637
643
632
633
630
635
633
637
633
611
594
561
553
540
529
507
471
446
416
389
364
330
303
285
256
227
184
124
62
4
-49
-93
-132
-149
-161
-175
-208
-234
-245
-274
-289
-295
-295
-290
-275
-259
-267
-268
-275
-287
-294
-294
-286
-298
-317
-331
-357
-382
-395
-428
-461
-499
-518
-552
-593
-618
-634
-649
-671
-675
-674
-664
-653
-617
-592
-549
-489
-440
-381
-329
-281
-229
-172
-112
-71
-14
32
80
123
169
208
240
282
323
366
387
420
440
464
477
504
524
533
548
554
559
547
532
522
521
501
485
462
439
418
384
354
310
277
258
239
223
204
192
179
148
111
90
72
69
60
50
57
44
34
35
29
19
15
-2
-2
15
28
26
9
-12
-44
-51
-66
-82
-104
-123
-142
-163
-179
-193
-206
-223
-225
-227
-225
-224
-217
-225
-221
-219
-209
-193
-195
-203
-215
-203
-194
-196
-184
-190
-199
-224
-234
-228
-231
-243
-264
-267
-280
-276
-264
-246
-228
-222
-199
-177
-155
-136
-113
-86
-52
-17
14
45
65
92
123
150
176
189
209
229
243
265
276
286
294
298
301
312
313
317
316
323
329
306
296
283
260
250
235
220
196
181
156
124
102
79
61
30
-1
-22
-41
-72
-98
-124
-143
-168
-172
-174
-183
-199
-211
-216
-219
-201
-196
-188
-177
-165
-152
-136
-110
-88
-71
-50
-32
-9
20
25
22
15
21
31
36
44
39
31
13
5
-2
-25
-52
-61
-77
-74
-65
-72
-86
-95
-93
-96
-86
-80
-65
-59
-29
-25
-13
-7
6
28
44
62
85
112
121
113
85
85
65
46
27
15
13
16
10
7
-8
-37
-42
-50
-36
-19
-14
0
11
28
43
46
60
63
74
89
99
101
103
96
93
98
102
101
98
80
75
72
58
60
55
42
38
46
50
40
28
25
14
2
6
18
13
-2
-3
-23
-35
-55
-60
-72
-94
-104
-112
-121
-129
-161
-178
-192
-201
-199
-206
-206
-201
-179
-167
-150
-125
-106
-96
-69
-34
-1
34
69
93
115
122
122
120
110
104
97
84
69
50
42
26
17
-2
-3
-3
-4
3
6
14
19
28
42
59
72
101
112
106
109
114
123
129
135
140
133
140
140
128
117
102
79
62
57
36
21
5
-19
-36
-53
-66
-76
-82
-71
-64
-57
-45
-44
-51
-36
-36
-29
-33
-39
-52
-76
-73
-84
-90
-96
-109
-115
-118
-116
-101
-94
-85
-76
-53
-40
-25
-18
-18
-19
-32
-22
-18
-16
-30
-49
-62
-79
-115
-146
-176
-192
-198
-199
-203
-212
-223
-226
-230
-225
-207
-189
-174
-152
-125
-95
-58
-32
-5
21
46
84
117
161
196
213
225
242
262
274
288
293
283
291
287
296
296
286
278
267
279
276
289
300
299
299
301
290
289
284
277
256
242
236
225
218
199
173
147
122
90
69
33
-2
-27
-43
-58
-75
-103
-130
-149
-172
-188
-209
-202
-221
-230
-233
-237
-247
-255
-264
-282
-300
-299
-297
-303
-300
-304
-296
-304
-308
-317
-315
-321
-314
-313
-297
-286
-281
-268
-266
-254
-254
-239
-222
-202
-179
-157
-133
-112
-108
-100
-92
-88
-79
-61
-54
-50
-33
-22
-7
3
14
21
22
44
70
96
115
127
151
172
198
228
256
291
321
352
376
393
420
439
449
476
503
527
543
525
522
507
475
447
436
424
412
388
361
320
281
237
200
170
131
102
93
83
49
29
3
-18
-46
-60
-81
-99
-104
-130
-137
-169
-198
-223
-251
-269
-305
-321
-351
-378
-393
-415
-428
-440
-467
-479
-492
-508
-505
-497
-496
-469
-455
-434
-401
-382
-362
-342
-320
-295
-264
-231
-190
-164
-149
-133
-124
-119
-103
-96
-80
-81
-65
-53
-46
-38
-37
-9
12
33
71
95
135
157
187
225
263
304
332
362
392
422
445
466
467
470
476
470
468
458
446
423
414
407
393
383
370
356
341
331
323
319
290
262
239
228
216
206
206
187
179
155
125
97
60
25
-10
-34
-72
-107
-135
-171
-209
-233
-262
-301
-324
-346
-349
-354
-356
-353
-359
-360
-356
-357
-345
-334
-328
-322
-312
-308
-310
-314
-332
-344
-354
-364
-371
-388
-390
-384
-379
-372
-352
-351
-330
-310
-290
-261
-237
-202
-175
-135
-92
-44
10
50
93
128
162
197
230
252
265
283
295
305
297
289
293
287
279
281
277
282
289
282
278
292
299
308
312
318
342
367
391
408
418
428
432
424
428
410
397
374
345
308
285
239
203
157
106
75
32
-3
-54
-92
-133
-162
-193
-207
-223
-233
-250
-260
-264
-270
-263
-264
-264
-254
-245
-242
-261
-266
-266
-268
-270
-270
-272
-291
-294
-309
-316
-326
-323
-322
-309
-301
-300
-280
-261
-250
-243
-212
-183
-154
-120
-91
-71
-53
-39
-45
-30
-19
-12
-5
-3
6
5
8
17
26
34
40
60
81
96
112
135
157
173
206
234
260
302
345
369
394
417
427
436
440
440
439
434
416
412
380
336
312
279
252
228
204
166
144
105
73
54
20
-8
-31
-47
-57
-65
-66
-79
-99
-108
-120
-132
-147
-166
-181
-194
-220
-253
-276
-303
-313
-329
-354
-363
-369
-381
-397
-416
-409
-422
-413
-389
-365
-350
-327
-312
-298
-262
-235
-210
-174
-122
-81
-39
-2
36
53
65
74
105
132
156
156
154
160
148
152
142
148
149
138
148
160
168
187
187
195
207
218
229
230
223
224
220
221
230
232
241
239
238
222
208
194
177
166
152
146
133
131
116
103
94
89
87
83
90
93
91
92
97
100
104
89
89
64
53
41
18
-2
-23
-40
-71
-107
-141
-184
-210
-229
-264
-296
-311
-318
-327
-333
-331
-333
-350
-349
-337
-329
-323
-310
-294
-276
-250
-230
-211
-182
-162
-149
-130
-111
-98
-71
-70
-61
-50
-50
-43
-36
-32
-23
-9
6
26
29
46
58
71
81
92
102
105
125
134
158
184
200
218
219
225
223
218
211
214
199
186
185
174
179
171
160
162
165
166
167
173
178
187
199
210
215
220
223
215
209
206
213
209
200
184
165
145
117
83
50
15
-14
-44
-64
-85
-105
-124
-149
-176
-195
-203
-223
-239
-240
-238
-235
-227
-225
-238
-240
-235
-243
-234
-232
-247
-255
-254
-275
-286
-293
-293
-296
-305
-299
-292
-286
-285
-264
-248
-230
-203
-186
-163
-127
-94
-73
-42
-6
12
53
91
109
137
154
157
167
171
165
168
164
148
148
151
148
140
140
126
124
123
129
128
134
144
156
178
194
204
210
222
234
242
249
260
264
259
257
238
221
206
191
179
170
172
167
165
166
155
147
147
144
142
137
143
149
152
155
136
110
97
81
55
29
6
-18
-50
-87
-124
-170
-199
-228
-267
-286
-323
-344
-373
-391
-407
-427
-433
-447
-436
-424
-409
-388
-374
-362
-344
-316
-287
-266
-240
-224
-202
-184
-170
-142
-115
-101
-93
-85
-84
-67
-51
-24
3
11
32
45
53
65
86
101
117
138
149
168
192
206
215
239
251
261
275
282
280
272
276
264
256
242
231
231
224
210
204
198
179
176
179
160
153
152
137
134
130
123
118
100
98
95
79
63
49
41
22
20
11
0
-2
-7
-22
-38
-50
-76
-95
-109
-110
-124
-119
-128
-134
-140
-152
-153
-156
-147
-150
-138
-138
-137
-139
-152
-149
-154
-167
-182
-184
-196
-195
-203
-217
-228
-239
-245
-260
-259
-254
-244
-244
-219
-202
-198
-176
-166
-140
-101
-69
-28
6
36
57
83
109
125
144
168
192
202
216
223
224
235
231
230
232
233
217
215
213
213
204
203
210
199
201
196
202
200
196
191
190
192
192
188
173
174
157
152
147
138
128
123
111
84
72
46
36
17
3
-13
-19
-31
-52
-67
-78
-80
-88
-88
-103
-127
-127
-140
-156
-169
-188
-203
-233
-244
-245
-246
-257
-254
-265
-265
-267
-271
-271
-261
-250
-244
-222
-205
-180
-165
-153
-122
-100
-77
-54
-28
-12
-9
5
13
23
19
18
19
10
-1
-4
-18
-29
-45
-53
-63
-72
-73
-74
-82
-89
-73
-64
-48
-28
0
28
59
85
116
156
173
191
214
232
238
258
272
289
293
288
285
276
274
258
240
238
231
230
209
200
197
192
183
169
149
133
130
111
109
102
99
91
78
67
45
24
7
-12
-30
-50
-72
-88
-97
-124
-145
-169
-185
-185
-199
-210
-218
-227
-233
-234
-246
-249
-247
-241
-230
-214
-214
-200
-193
-184
-174
-166
-163
-161
-138
-133
-118
-99
-74
-56
-51
-42
-24
-22
-9
9
17
31
42
47
66
63
66
67
76
87
98
103
91
101
94
95
91
82
73
71
70
63
59
61
67
60
53
55
58
65
71
83
90
102
109
117
128
124
126
129
151
167
169
170
173
177
177
171
163
153
124
105
82
55
39
18
-3
-17
-34
-56
-68
-77
-89
-100
-105
-117
-132
-142
-158
-161
-179
-188
-198
-211
-211
-217
-221
-227
-235
-238
-252
-256
-256
-259
-265
-265
-249
-237
-210
-193
-178
-167
-150
-120
-93
-60
-37
-9
16
42
64
88
111
113
128
142
149
159
171
175
168
172
165
155
143
133
123
124
118
114
127
130
128
129
120
117
119
125
133
135
148
162
168
176
176
172
180
179
166
164
156
148
140
127
120
110
99
74
75
62
46
39
35
21
14
14
-8
-17
-29
-35
-46
-44
-58
-66
-82
-99
-109
-118
-135
-139
-153
-167
-177
-200
-224
-232
-231
-234
-250
-255
-247
-246
-248
-239
-231
-224
-207
-201
-180
-170
-153
-138
-120
-105
-100
-80
-69
-54
-33
-26
-12
9
14
22
35
44
58
67
78
91
99
103
111
113
119
119
125
140
154
162
155
157
154
148
145
139
143
155
158
151
138
130
116
99
104
106
88
71
60
53
43
37
32
24
21
22
26
24
26
24
29
17
17
11
15
19
6
7
4
1
-6
-16
-24
-35
-52
-67
-81
-99
-115
-140
-143
-149
-160
-179
-195
-202
-199
-202
-207
-197
-200
-187
-162
-153
-147
-134
-122
-113
-102
-90
-71
-58
-40
-40
-40
-30
-9
14
24
46
63
80
94
95
105
119
128
132
136
137
138
134
143
145
140
139
140
146
142
135
128
140
130
127
133
125
124
117
125
109
94
99
95
98
98
100
102
107
104
109
115
118
108
107
96
80
89
70
51
33
12
2
-12
-29
-29
-52
-67
-85
-100
-106
-107
-112
-125
-135
-149
-159
-172
-182
-176
-181
-190
-187
-180
-196
-191
-192
-194
-192
-195
-198
-202
-189
-192
-186
-184
-175
-171
-167
-162
-158
-149
-142
-142
-131
-122
-110
-91
-69
-55
-47
-36
-24
-6
9
21
36
59
78
91
105
107
112
123
137
141
147
154
149
151
154
164
162
168
171
170
183
182
167
168
165
156
154
153
155
151
145
137
130
116
105
94
80
71
60
64
60
59
53
49
49
38
42
46
45
56
55
63
67
65
72
73
50
40
43
38
27
12
11
-4
-5
-11
-33
-39
-56
-78
-94
-104
-112
-125
-142
-149
-160
-168
-177
-184
-180
-190
-206
-209
-207
-213
-212
-203
-196
-192
-180
-173
-155
-148
-138
-125
-112
-105
-87
-81
-80
-71
-61
-50
-40
-38
-20
-5
3
17
20
31
47
45
47
64
74
85
83
85
88
93
102
99
105
109
114
121
117
122
116
107
112
108
108
111
112
119
123
129
132
121
122
128
127
132
139
136
129
118
107
98
97
88
79
74
64
48
40
36
23
10
-5
-1
-6
-13
-20
-22
-28
-43
-34
-40
-40
-43
-54
-55
-62
-75
-78
-85
-99
-110
-113
-118
-137
-146
-161
-163
-168
-169
-165
-178
-181
-175
-175
-169
-161
-160
-158
-148
-136
-122
-109
-97
-90
-94
-90
-83
-73
-71
-63
-50
-49
-33
-22
-15
-10
-7
4
0
5
14
18
29
39
51
55
70
74
82
99
103
114
125
129
134
151
160
165
170
167
172
175
179
188
187
191
188
174
169
167
170
165
163
159
141
143
133
123
124
116
111
113
111
108
107
98
90
71
59
45
21
8
-6
-13
-33
-50
-73
-100
-117
-130
-159
-167
-172
-187
-199
-210
-201
-208
-200
-194
-190
-192
-199
-187
-185
-189
-181
-175
-170
-160
-157
-153
-156
-148
-129
-120
-119
-107
-95
-86
-82
-82
-84
-84
-76
-77
-69
-67
-61
-56
-46
-32
-22
-12
2
23
33
49
59
70
89
96
98
109
118
124
125
128
144
151
160
165
169
176
172
166
168
171
181
174
173
186
185
180
180
181
182
179
168
166
148
140
129
106
86
74
65
49
43
35
27
11
-3
-27
-51
-62
-74
-83
-92
-103
-109
-109
-120
-138
-153
-162
-178
-189
-184
-187
-184
-179
-182
-179
-175
-173
-170
-166
-165
-160
-153
-138
-129
-129
-115
-120
-112
-105
-87
-82
-79
-60
-53
-34
-34
-21
-18
-8
9
13
35
54
65
70
76
85
92
98
109
116
124
115
118
114
98
107
105
108
124
128
134
139
137
139
147
149
148
151
158
156
156
146
142
137
133
128
124
127
123
114
105
97
80
68
60
42
23
7
0
-22
-38
-59
-72
-85
-104
-111
-121
-139
-156
-163
-171
-171
-171
-177
-187
-201
-200
-213
-220
-210
-207
-210
-203
-200
-203
-201
-195
-185
-178
-160
-155
-140
-128
-106
-92
-81
-69
-58
-44
-39
-21
-6
4
15
20
35
42
48
67
80
94
107
115
125
138
143
148
151
154
154
160
154
153
150
148
158
155
150
142
146
148
149
151
143
147
152
145
154
153
147
145
139
138
133
128
116
104
89
81
76
70
65
62
55
42
34
30
12
2
-8
-19
-25
-42
-58
-83
-89
-105
-128
-138
-154
-171
-176
-190
-203
-219
-236
-237
-243
-246
-253
-256
-246
-253
-260
-259
-261
-255
-244
-235
-227
-215
-205
-189
-182
-169
-153
-138
-118
-102
-86
-67
-54
-34
-21
5
21
35
51
71
79
91
110
118
148
159
171
188
198
210
226
227
235
234
243
247
249
254
256
265
264
266
263
256
263
260
244
238
227
220
208
195
179
171
157
140
127
115
98
80
68
52
41
25
9
1
-4
-20
-32
-49
-56
-61
-72
-87
-95
-104
-120
-140
-149
-166
-181
-184
-204
-214
-236
-249
-256
-263
-270
-274
-281
-283
-282
-277
-280
-279
-276
-267
-261
-263
-246
-241
-220
-211
-205
-197
-185
-173
-162
-147
-136
-129
-115
-99
-88
-73
-48
-24
-14
3
23
40
59
80
106
132
145
169
195
205
223
243
253
257
268
284
288
297
301
299
298
298
297
290
288
281
277
274
276
270
260
251
239
224
217
192
184
168
144
128
115
93
73
61
47
30
10
-5
-28
-40
-59
-70
-80
-98
-114
-117
-128
-145
-163
-174
-185
-196
-204
-224
-225
-239
-242
-248
-258
-261
-249
-255
-254
-244
-247
-237
-242
-221
-213
-200
-198
-187
-171
-173
-163
-157
-137
-134
-128
-106
-97
-83
-71
-59
-47
-36
-20
-7
-4
8
19
22
30
39
54
70
86
104
126
133
151
159
166
181
188
189
193
205
213
218
217
222
218
218
216
210
207
207
206
202
190
175
172
154
150
141
131
133
117
103
98
80
67
50
35
26
0
-11
-21
-37
-49
-52
-69
-80
-82
-79
-90
-100
-104
-114
-118
-128
-135
-138
-142
-143
-149
-146
-154
-145
-145
-157
-161
-161
-163
-157
-150
-155
-155
-159
-150
-141
-140
-137
-135
-127
-121
-110
-98
-94
-74
-60
-50
-46
-31
-25
-11
-2
-1
19
31
41
56
65
70
78
80
95
99
101
109
107
108
109
105
108
112
107
111
99
100
91
92
93
89
93
101
98
97
101
97
94
82
87
83
85
67
56
58
43
41
23
22
20
22
10
12
10
7
-2
-15
-8
-19
-12
-13
-19
-29
-30
-28
-39
-35
-53
-54
-50
-56
-56
-53
-52
-57
-60
-70
-69
-66
-72
-76
-75
-77
-76
-73
-75
-81
-85
-80
-71
-67
-65
-59
-53
-50
-52
-49
-40
-31
-20
-12
2
11
17
24
21
30
32
33
41
42
44
45
47
56
50
48
48
46
40
40
37
40
45
47
47
56
64
65
66
74
73
67
68
69
72
65
72
71
77
71
71
64
57
61
51
46
45
35
30
27
20
4
-3
-10
-27
-35
-43
-52
-70
-74
-84
-101
-112
-116
-120
-121
-116
-111
-110
-107
-113
-105
-103
-101
-89
-97
-92
-96
-86
-84
-81
-81
-81
-75
-81
-73
-64
-59
-56
-48
-40
-41
-44
-35
-30
-24
-20
-22
-26
-17
-13
-19
-21
-13
-4
-2
11
18
25
28
38
48
49
53
61
76
80
83
92
105
102
112
107
107
110
120
126
134
134
138
147
138
150
152
151
149
153
156
140
134
130
117
116
113
93
102
82
81
81
67
65
69
59
45
35
21
13
5
-2
-21
-35
-49
-54
-59
-69
-71
-79
-91
-92
-103
-112
-106
-113
-119
-125
-140
-151
-155
-158
-163
-167
-170
-174
-175
-176
-178
-178
-175
-168
-161
-157
-149
-141
-133
-126
-127
-119
-111
-105
-90
-85
-77
-60
-41
-27
-12
0
8
23
25
39
46
38
46
60
68
83
91
97
103
105
114
115
120
123
129
127
128
130
132
131
136
139
133
137
129
121
115
107
113
110
108
112
106
97
88
89
77
77
69
62
56
54
51
49
36
27
16
2
-1
-5
-10
-13
-7
-14
-24
-26
-30
-40
-52
-67
-67
-82
-95
-104
-109
-115
-128
-140
-153
-156
-160
-159
-153
-154
-154
-146
-147
-145
-141
-138
-129
-125
-109
-102
-97
-89
-84
-78
-80
-83
-71
-66
-53
-31
-26
-13
-16
0
9
13
28
36
47
49
53
64
73
76
86
93
105
114
125
132
134
142
141
141
146
143
146
152
153
145
140
145
140
140
137
135
127
116
113
114
108
113
109
96
102
94
88
86
77
66
64
51
45
35
29
24
6
-3
-15
-29
-40
-47
-53
-71
-81
-90
-105
-107
-116
-126
-130
-131
-133
-132
-129
-130
-129
-135
-140
-138
-135
-134
-129
-130
-136
-144
-152
-150
-155
-147
-152
-149
-140
-143
-133
-137
-138
-131
-127
-120
-110
-105
-91
-83
-77
-68
-60
-50
-43
-33
-17
-9
1
16
32
41
56
66
72
78
81
89
92
94
102
108
104
107
108
113
116
118
123
132
138
141
148
157
159
164
169
173
164
167
161
162
159
156
152
142
145
144
134
124
114
102
100
83
66
57
37
34
26
14
0
-6
-14
-28
-39
-42
-56
-58
-60
-76
-71
-77
-80
-84
-90
-100
-109
-118
-114
-116
-121
-124
-129
-136
-146
-142
-148
-141
-136
-140
-136
-129
-126
-127
-122
-127
-121
-119
-115
-105
-103
-90
-77
-70
-65
-51
-52
-42
-32
-29
-27
-19
-10
-6
3
12
22
31
48
62
79
93
103
112
127
140
147
154
144
147
154
155
151
153
149
150
148
150
152
148
146
142
140
127
120
112
105
95
83
75
57
42
32
17
9
-2
-19
-32
-45
-56
-66
-70
-75
-87
-92
-92
-99
-108
-105
-105
-115
-127
-130
-137
-151
-154
-154
-160
-162
-162
-162
-158
-158
-151
-141
-130
-115
-97
-85
-72
-60
-48
-39
-37
-26
-23
-22
-19
-22
-26
-27
-24
-22
-24
-24
-19
-11
-7
-9
10
15
18
23
32
37
44
54
53
53
59
64
65
79
89
110
122
128
133
130
137
137
129
128
137
136
144
150
141
142
141
135
135
136
133
134
135
145
143
133
121
113
104
87
85
86
74
70
45
33
17
1
-2
-19
-35
-48
-63
-73
-78
-103
-118
-132
-136
-151
-164
-162
-167
-169
-174
-177
-176
-178
-174
-173
-167
-168
-171
-163
-161
-155
-156
-154
-151
-143
-135
-132
-122
-108
-96
-78
-68
-45
-33
-23
-5
-3
8
20
23
37
50
58
65
67
75
72
71
78
85
95
105
101
102
115
114
119
119
116
128
120
117
114
110
114
109
113
111
109
104
88
96
89
77
80
76
71
76
66
52
45
34
25
19
6
5
3
-7
-21
-27
-24
-29
-31
-45
-55
-63
-66
-58
-63
-65
-70
-74
-84
-88
-88
-97
-99
-95
-104
-102
-107
-106
-107
-110
-105
-115
-114
-108
-106
-112
-112
-106
-105
-99
-89
-78
-74
-72
-61
-53
-38
-29
-22
-12
-12
2
7
13
29
37
41
37
51
45
54
58
58
64
64
70
72
71
78
79
77
97
108
119
122
114
117
113
112
113
123
130
136
141
142
151
146
140
143
150
142
143
139
124
120
114
109
94
82
76
60
39
23
17
0
-9
-18
-35
-36
-49
-62
-63
-82
-87
-97
-104
-111
-122
-123
-126
-133
-130
-141
-149
-149
-146
-159
-163
-158
-164
-165
-172
-171
-174
-173
-167
-168
-161
-150
-133
-130
-131
-115
-105
-91
-85
-83
-69
-60
-50
-43
-43
-31
-23
-14
-6
-3
13
14
17
26
34
39
49
55
66
77
84
95
107
113
121
119
118
122
121
118
125
118
115
110
116
109
99
102
92
97
87
91
91
97
87
81
71
65
63
61
58
59
57
51
60
67
61
64
68
69
68
61
57
46
42
38
28
13
-1
-11
-20
-29
-46
-48
-53
-55
-55
-62
-59
-69
-75
-81
-89
-90
-81
-77
-71
-74
-75
-79
-77
-75
-83
-77
-74
-71
-70
-70
-72
-70
-70
-63
-56
-59
-69
-58
-64
-71
-70
-70
-57
-50
-45
-40
-35
-25
-11
4
6
13
20
19
18
20
25
29
29
26
35
35
35
47
44
47
48
47
50
47
59
56
58
64
60
52
51
56
52
57
59
62
60
62
58
54
50
53
49
42
43
46
40
26
15
11
10
8
0
-5
0
-8
-12
-14
-17
-17
-24
-22
-28
-31
-30
-30
-25
-27
-22
-23
-24
-33
-40
-42
-46
-53
-53
-57
-66
-63
-67
-59
-57
-57
-64
-58
-53
-55
-51
-43
-43
-49
-46
-43
-44
-38
-42
-38
-37
-35
-26
-28
-20
-16
-6
-6
-3
8
11
14
9
11
12
21
22
27
32
29
40
40
38
44
64
74
79
76
88
94
93
103
103
90
92
87
82
83
73
73
69
71
69
59
59
55
50
53
48
51
42
42
32
27
21
12
10
0
-5
-19
-25
-32
-37
-41
-55
-57
-65
-74
-79
-86
-85
-86
-92
-89
-92
-97
-99
-103
-102
-107
-96
-85
-80
-70
-71
-67
-59
-58
-45
-45
-42
-32
-28
-24
-17
-15
-15
-5
-4
9
6
10
14
11
11
12
14
10
15
18
17
21
33
34
38
30
43
47
39
45
55
47
51
58
52
54
50
49
40
43
42
45
46
47
40
44
37
36
34
32
35
36
30
26
20
21
26
14
16
11
9
12
-2
5
-8
-9
-5
-8
-2
-11
-8
-10
-9
-17
-23
-26
-23
-26
-38
-40
-29
-23
-24
-26
-33
-32
-35
-34
-29
-34
-34
-34
-26
-32
-39
-36
-25
-24
-29
-23
-22
-29
-23
-20
-30
-30
-35
-29
-34
-31
-24
-30
-31
-33
-39
-41
-40
-44
-33
-31
-26
-17
-3
-12
-10
-6
-5
2
10
19
27
33
33
35
38
36
24
37
40
48
57
62
67
58
63
57
53
57
62
58
56
62
56
64
74
63
64
79
77
73
62
64
59
55
57
66
65
58
55
48
47
39
39
34
23
27
17
18
-8
-13
-16
-32
-34
-34
-46
-58
-65
-70
-76
-88
-88
-91
-85
-104
-124
-127
-125
-127
-124
-125
-124
-121
-121
-109
-112
-108
-93
-86
-73
-68
-60
-51
-43
-29
-19
-14
-5
2
6
-5
-7
-3
-8
6
21
32
29
53
54
39
45
59
55
39
58
58
48
54
54
42
35
36
43
54
43
48
33
34
33
37
45
45
39
45
49
50
45
45
55
57
61
52
66
69
49
34
39
33
36
41
39
41
26
33
25
24
14
16
14
12
16
12
6
-9
-23
-36
-26
-46
-39
-42
-51
-57
-78
-80
-82
-84
-70
-69
-67
-72
-78
-80
-83
-94
-87
-84
-85
-80
-61
-63
-77
-66
-58
-58
-56
-53
-37
-29
-30
-23
-24
-27
-12
2
5
11
17
35
37
31
27
46
53
54
49
54
69
62
67
65
63
65
79
83
86
86
87
94
97
88
77
74
83
70
72
70
59
57
56
60
41
45
48
45
54
50
45
51
45
33
31
18
10
6
1
-9
-10
-10
-7
-8
-19
-18
-22
-35
-43
-41
-54
-48
-51
-54
-55
-62
-63
-79
-83
-85
-80
-82
-86
-96
-98
-92
-98
-107
-117
-108
-106
-103
-106
-96
-90
-91
-93
-84
-83
-78
-66
-62
-59
-61
-45
-42
-24
-12
-13
-2
4
15
22
46
37
48
47
55
45
38
38
44
50
50
53
51
61
66
71
73
78
96
97
93
97
98
105
116
113
113
110
105
102
96
90
84
82
74
78
62
51
53
39
28
25
19
15
7
4
-10
-17
-19
-31
-31
-30
-35
-39
-32
-41
-39
-45
-48
-49
-62
-53
-55
-60
-66
-70
-67
-79
-84
-76
-87
-93
-85
-76
-88
-92
-89
-99
-97
-86
-73
-74
-56
-59
-65
-61
-63
-62
-53
-45
-50
-33
-22
-19
-25
-18
-10
-11
0
16
29
24
33
39
33
46
41
53
65
64
67
80
90
98
95
87
93
91
99
99
112
101
98
108
111
103
101
101
85
85
73
79
54
53
56
47
33
34
46
37
37
20
19
8
12
-3
-6
-4
-21
-30
-38
-43
-51
-48
-46
-50
-66
-60
-75
-81
-82
-80
-84
-88
-86
-84
-82
-89
-77
-90
-83
-84
-84
-70
-63
-61
-65
-63
-55
-57
-53
-63
-54
-42
-34
-28
-22
-20
-20
-15
-23
-17
-12
-19
-10
-11
-9
-13
-4
14
12
9
15
20
18
28
24
35
32
39
56
52
57
55
56
52
50
56
56
54
55
54
65
62
59
60
66
62
55
63
64
71
68
56
50
57
52
54
51
46
42
38
32
13
4
9
-3
-3
-7
-6
-14
-20
-24
-37
-30
-36
-40
-42
-49
-50
-58
-56
-56
-63
-69
-73
-67
-63
-62
-55
-47
-41
-42
-44
-28
-35
-43
-39
-17
-10
-15
-15
-15
-6
-6
-10
-15
4
-3
-8
-10
-6
-5
-9
1
-4
-9
-20
-7
-7
1
-1
5
11
18
24
28
42
40
29
33
41
42
42
37
34
39
38
18
31
41
37
22
29
34
28
34
28
29
22
16
2
12
7
-2
4
5
15
1
-1
-4
-1
-1
-3
-5
-4
-4
-4
-15
-18
-12
-5
2
12
2
-5
6
2
-15
-20
-13
-20
-16
-14
-16
-16
-20
-30
-41
-29
-42
-36
-27
-27
-42
-42
-37
-50
-40
-32
-38
-43
-30
-42
-37
-42
-40
-42
-40
-37
-44
-62
-48
-44
-51
-41
-29
-15
-20
-11
-5
-12
-15
-7
-8
5
13
23
23
24
33
38
36
45
49
53
72
69
62
57
56
67
62
67
69
75
77
79
81
68
73
69
71
71
78
80
76
68
61
62
50
47
47
45
33
14
22
20
3
6
2
1
2
11
3
10
3
5
14
3
10
0
6
-1
-15
-25
-20
-22
-27
-41
-51
-55
-57
-60
-69
-64
-77
-73
-79
-72
-80
-79
-73
-83
-76
-84
-81
-79
-78
-80
-74
-72
-70
-71
-75
-70
-66
-70
-60
-67
-69
-62
-57
-47
-43
-27
-24
-12
-7
-8
-9
3
7
9
9
22
30
39
47
55
45
58
71
71
71
73
82
71
91
75
73
85
77
76
66
63
52
56
48
42
39
40
38
28
31
31
29
26
34
25
14
10
12
13
14
4
7
4
1
-15
-15
-18
-29
-34
-30
-31
-42
-32
-28
-23
-27
-22
-27
-23
-22
-23
-32
-33
-33
-48
-46
-53
-45
-47
-48
-49
-58
-50
-48
-45
-39
-38
-40
-31
-34
-27
-12
-7
-2
1
8
1
11
15
22
29
25
26
35
42
40
39
34
35
37
35
38
57
49
51
59
56
51
63
72
70
66
67
71
74
78
74
68
72
81
65
68
68
64
52
48
51
36
36
21
18
16
4
-3
-11
-14
-22
-37
-34
-34
-41
-47
-44
-46
-52
-48
-51
-57
-65
-68
-71
-72
-65
-66
-63
-68
-66
-67
-64
-66
-59
-49
-48
-48
-48
-48
-54
-57
-66
-69
-71
-70
-68
-64
-68
-71
-65
-69
-83
-80
-75
-68
-64
-64
-62
-69
-60
-55
-48
-45
-35
-22
-23
-12
-7
-7
-3
14
16
21
34
33
39
49
50
49
46
49
45
49
54
45
59
69
71
59
67
72
74
77
83
89
91
113
102
106
117
113
111
101
101
98
96
94
90
90
81
68
69
68
68
54
54
55
45
46
48
40
39
31
15
16
6
-8
-14
-22
-34
-32
-31
-43
-48
-52
-67
-75
-75
-79
-72
-70
-77
-89
-88
-91
-96
-91
-93
-82
-90
-77
-72
-70
-67
-65
-58
-60
-48
-46
-44
-46
-44
-47
-43
-32
-28
-27
-25
-14
-17
-11
-7
-17
-3
5
6
14
22
16
18
31
20
28
40
57
52
69
64
54
56
60
61
59
63
61
61
57
52
46
38
32
38
40
39
41
35
27
25
25
15
16
31
35
31
29
24
6
2
-1
-6
-16
-12
-17
-28
-28
-38
-46
-51
-48
-51
-58
-56
-62
-73
-78
-79
-90
-100
-99
-104
-105
-97
-98
-93
-95
-89
-88
-82
-68
-62
-57
-51
-47
-37
-34
-33
-22
-17
-15
-22
-12
-7
-5
1
14
27
28
39
40
39
43
48
44
39
49
60
58
56
53
46
49
46
53
58
51
52
55
61
67
72
71
84
90
95
97
95
96
94
91
87
83
74
74
58
53
45
38
41
50
47
39
57
57
44
53
60
56
49
52
50
49
37
40
28
22
10
-4
-8
-16
-25
-27
-35
-45
-44
-61
-61
-76
-83
-99
-92
-104
-107
-113
-117
-112
-111
-105
-107
-109
-109
-103
-101
-89
-82
-74
-70
-64
-65
-71
-59
-54
-63
-62
-64
-65
-65
-59
-55
-62
-60
-59
-53
-46
-29
-20
-19
-7
4
6
12
19
21
34
38
46
61
64
70
70
74
75
84
88
95
102
100
97
89
94
98
86
86
92
73
71
63
57
39
39
36
30
38
23
16
12
10
-5
-12
-8
-8
-18
-17
-25
-27
-28
-26
-32
-38
-36
-36
-38
-42
-46
-42
-34
-40
-28
-28
-30
-28
-33
-33
-30
-22
-25
-23
-22
-17
-20
-29
-31
-36
-36
-27
-27
-31
-22
-24
-26
-16
-19
-21
-14
-9
3
1
10
5
10
19
20
21
24
37
43
51
48
49
44
46
49
47
49
37
38
31
35
27
23
26
23
22
21
20
28
32
44
37
37
46
35
51
57
58
49
47
54
50
52
43
41
33
39
24
22
16
4
0
1
-4
-15
-11
-17
-9
-13
-18
-29
-34
-41
-54
-56
-65
-62
-61
-61
-78
-84
-83
-88
-87
-91
-88
-97
-86
-80
-83
-85
-85
-86
-84
-74
-74
-65
-56
-51
-51
-56
-49
-45
-45
-39
-36
-40
-26
-15
-29
-21
-20
-6
-4
5
13
5
8
10
3
6
13
25
17
18
31
28
41
44
43
35
44
58
61
55
64
61
54
63
62
63
66
67
61
62
59
59
69
66
61
70
65
63
67
63
64
69
63
61
54
46
41
38
42
44
44
38
39
27
27
24
19
16
18
7
11
6
4
-8
-7
-8
-15
-12
-16
-17
-22
-22
-34
-36
-50
-45
-51
-54
-52
-56
-64
-66
-67
-69
-74
-83
-58
-58
-55
-54
-56
-56
-49
-41
-36
-32
-31
-33
-28
-30
-29
-30
-23
-13
-14
-8
-5
-4
-2
6
0
-2
0
15
18
13
14
21
21
26
30
35
43
39
34
32
32
29
29
27
30
24
29
41
38
36
41
43
42
38
36
39
40
29
17
17
7
0
2
-3
-17
-24
-19
-29
-39
-43
-49
-50
-51
-42
-48
-53
-51
-49
-56
-53
-49
-41
-46
-42
-44
-39
-42
-42
-39
-42
-30
-39
-32
-25
-28
-43
-38
-39
-43
-42
-33
-22
-26
-18
-15
-11
-5
14
7
7
19
27
29
26
32
28
31
38
41
44
45
63
62
57
65
56
58
64
68
58
60
72
65
62
63
63
64
63
61
51
47
52
47
44
42
41
34
27
27
29
21
20
26
23
15
19
16
5
-1
-17
-19
-15
-28
-28
-29
-32
-34
-38
-35
-40
-36
-36
-42
-31
-22
-26
-26
-26
-26
-28
-24
-24
-27
-17
-25
-29
-21
-21
-24
-17
-19
-24
-21
-27
-25
-35
-44
-42
-38
-37
-47
-47
-48
-53
-54
-52
-57
-53
-48
-39
-38
-38
-37
-42
-29
-20
-14
-15
-7
-7
-4
-4
-5
-5
6
18
15
16
13
27
29
31
29
25
31
34
44
34
26
25
23
27
28
24
28
32
25
32
34
31
26
30
34
34
36
36
45
44
41
39
44
44
48
48
47
45
52
54
53
52
51
56
43
45
45
40
34
25
17
13
3
0
-7
-22
-20
-23
-26
-29
-26
-29
-30
-32
-41
-45
-50
-45
-48
-54
-56
-62
-66
-62
-62
-67
-59
-57
-57
-55
-55
-57
-55
-63
-55
-56
-53
-49
-51
-51
-48
-49
-47
-39
-35
-36
-30
-20
-13
-12
-9
-1
-3
6
13
16
16
22
26
31
40
47
48
57
54
60
53
58
61
63
64
59
57
48
46
46
45
42
45
51
51
48
42
46
44
43
39
42
42
36
37
37
41
35
29
16
16
14
7
3
2
1
-2
-9
-8
-24
-26
-31
-45
-39
-43
-43
-48
-42
-40
-55
-57
-58
-61
-60
-48
-54
-55
-54
-59
-62
-62
-69
-60
-47
-49
-47
-44
-37
-34
-33
-34
-26
-20
-13
-9
-8
-10
-8
0
5
7
7
21
27
30
32
30
28
36
31
28
37
34
40
39
41
42
37
43
48
51
58
59
59
62
66
63
63
64
64
59
57
52
42
31
30
25
16
20
14
14
8
8
0
-3
-2
-6
-1
4
0
-2
-6
-3
-5
-15
-19
-22
-30
-38
-44
-50
-53
-53
-53
-58
-56
-53
-60
-61
-63
-65
-57
-58
-58
-58
-63
-64
-59
-57
-57
-60
-56
-57
-53
-50
-56
-51
-42
-43
-41
-37
-28
-22
-13
-10
-10
-4
1
10
11
16
16
16
28
35
34
38
39
40
43
43
47
45
45
47
45
47
57
60
61
63
59
59
56
61
49
47
51
52
49
49
51
38
40
44
43
38
44
46
40
39
36
38
36
36
28
27
20
22
23
20
13
1
1
1
9
5
4
-1
-4
-9
-17
-17
-25
-27
-30
-42
-40
-42
-44
-46
-50
-45
-43
-44
-38
-38
-44
-45
-46
-52
-45
-44
-40
-47
-41
-39
-44
-45
-42
-43
-46
-41
-35
-29
-30
-35
-35
-29
-36
-38
-43
-33
-31
-23
-21
-20
-16
-13
-6
-8
-6
-4
8
10
17
14
23
25
31
36
37
41
43
47
51
48
41
38
40
43
41
41
34
38
40
37
31
27
31
25
26
27
25
22
30
30
21
16
13
15
15
13
10
3
1
-3
-15
-8
-13
-19
-24
-20
-29
-35
-31
-32
-31
-32
-33
-36
-29
-34
-33
-35
-25
-21
-20
-14
-10
-16
-14
-13
-14
-9
-15
-18
-22
-24
-29
-27
-31
-24
-22
-21
-17
-11
-12
-10
-8
-4
4
9
19
21
25
27
25
27
32
37
37
41
43
41
42
38
43
43
40
40
36
38
40
33
32
25
26
29
27
32
31
30
31
25
25
21
23
25
22
22
21
19
15
17
16
13
6
7
11
5
3
-5
-8
-16
-17
-19
-24
-31
-26
-31
-37
-41
-42
-41
-47
-49
-49
-53
-60
-53
-53
-54
-57
-57
-53
-54
-50
-49
-46
-47
-45
-41
-39
-40
-40
-36
-32
-29
-26
-21
-21
-12
-17
-9
-7
-3
-7
-2
3
4
4
8
20
17
23
22
27
25
30
30
28
33
33
30
32
33
28
25
16
11
15
14
16
18
17
11
6
9
6
6
7
15
11
13
12
10
9
9
12
7
11
13
9
12
12
9
10
12
14
20
24
22
29
28
32
35
37
38
34
38
36
37
34
29
32
27
26
19
12
12
6
1
-5
-10
-13
-12
-14
-16
-20
-18
-16
-18
-17
-14
-11
-9
-13
-22
-20
-20
-23
-18
-20
-23
-28
-26
-21
-27
-31
-32
-33
-27
-28
-30
-30
-30
-28
-28
-24
-21
-20
-14
-10
-6
-7
-5
1
7
10
20
21
23
23
22
20
18
18
17
19
14
11
9
9
6
-3
2
0
-8
-5
-8
-10
-13
-7
-5
-7
-7
-1
-5
-3
0
-3
-4
-1
1
2
8
7
9
4
6
3
0
-1
-1
1
-9
-10
-8
-10
-11
-12
-20
-26
-26
-25
-25
-28
-28
-27
-24
-23
-25
-18
-19
-16
-16
-15
-12
-9
-4
-6
-1
-4
-4
-1
-1
-5
1
4
3
0
2
4
4
6
9
13
11
12
9
15
17
16
14
13
15
24
27
26
27
29
30
28
30
29
30
32
33
36
37
34
38
46
43
40
40
43
39
31
29
27
28
25
22
20
14
24
19
17
15
9
16
5
7
0
-3
-5
-10
-16
-19
-21
-23
-27
-24
-22
-27
-29
-36
-37
-31
-31
-33
-30
-33
-35
-37
-33
-30
-33
-30
-23
-28
-30
-32
-32
-30
-30
-28
-29
-28
-25
-27
-29
-33
-27
-25
-25
-20
-15
-10
-8
-8
-9
-4
2
4
6
13
18
18
22
24
24
24
24
26
22
21
19
12
16
17
22
18
17
10
14
12
14
17
16
17
17
16
13
11
9
7
4
0
-3
-2
-1
-4
-9
-3
-5
-5
-6
-12
-11
-12
-6
-6
-5
-2
-1
1
-2
-3
-4
0
4
3
-2
-1
-4
-1
-4
-7
-11
-11
-8
-7
-5
-11
-10
-8
-13
-9
-10
-11
-16
-12
-14
-15
-9
-11
-11
-6
-8
-7
-5
0
0
-2
3
