-2
-2
-3
-1
-3
-1
-1
-2
-2
-2
-3
-2
-1
-1
0
0
2
1
2
0
0
0
0
1
1
0
1
0
0
0
-1
0
0
0
0
-1
1
0
1
1
3
3
3
3
3
2
3
2
3
2
3
2
2
1
1
1
2
2
2
1
1
2
0
0
-1
-1
0
-1
-2
-3
-3
-3
-2
-4
-4
-4
-3
-4
-3
-2
-1
-2
-1
-1
-1
-1
0
0
1
2
1
2
1
2
3
1
1
1
1
2
1
2
3
1
1
2
1
1
1
1
1
1
2
1
1
1
1
-1
-1
0
-1
0
-1
-1
1
0
-2
0
0
0
0
-1
-1
-2
0
0
0
-1
0
-1
0
0
-1
0
0
0
1
0
0
1
0
2
0
-1
1
0
1
1
0
0
-2
-2
-1
-1
-2
-2
-1
-2
-1
-1
-1
-1
-1
-1
0
0
0
-2
0
0
-1
0
0
-1
0
0
1
3
2
2
1
1
1
2
1
1
2
2
3
2
2
1
1
2
1
2
0
1
-1
-1
-1
0
-1
-2
-1
-2
-2
-2
-2
-2
-2
-1
-1
-3
-3
-3
-2
-2
-3
-3
-2
-1
-2
-1
-1
-1
-2
-1
-1
-1
-1
-2
-1
-1
-1
-1
-1
-1
-1
-2
-1
-1
-1
-1
-1
-1
-1
-1
0
-1
-1
-1
0
1
1
3
2
3
3
3
3
3
3
4
3
4
2
3
3
3
4
3
2
2
3
3
3
5
5
4
3
4
3
3
3
3
2
3
2
2
0
1
1
0
1
1
0
0
0
0
0
1
1
1
0
1
0
0
0
-2
-2
-2
-1
-1
-1
-1
-2
-3
-3
-3
-4
-2
-2
-2
-4
-2
-2
-3
-2
-2
0
0
-1
0
-1
-1
-1
0
-1
0
0
-1
0
0
0
0
2
-1
0
0
1
1
0
0
-1
-1
-2
-2
-2
-1
-1
-3
-3
-3
-3
-2
-2
-2
-2
-3
-1
-3
-2
-2
-2
-1
-3
-2
-2
-3
-3
-4
-3
-3
-4
-3
-2
-1
-1
0
0
1
2
1
1
1
2
2
1
2
3
1
2
0
-1
0
1
1
2
2
2
2
2
3
1
3
2
2
2
2
2
1
2
2
2
1
2
2
1
3
3
3
3
3
2
1
0
1
2
2
1
2
2
1
0
-1
-1
0
-1
0
0
0
1
0
1
0
0
-2
-1
1
-1
-1
0
0
1
1
1
0
0
0
0
0
-1
0
0
-1
-1
-1
-2
-1
0
0
0
-1
0
-1
-1
-1
0
0
0
-1
0
0
0
0
0
0
-1
-1
-1
-1
-3
-2
-2
-2
-1
-1
0
-2
-2
-2
-1
-3
-2
-3
-3
-1
-2
0
1
1
1
0
0
-1
-1
0
-1
0
-1
-1
-1
-2
-1
-1
0
0
0
0
0
0
0
0
1
0
0
1
0
0
0
0
1
1
1
0
0
1
2
2
2
3
2
2
2
2
1
1
0
1
1
0
0
1
0
0
0
1
1
2
2
3
2
1
2
2
3
2
3
1
1
0
2
2
1
2
0
1
2
1
1
0
0
0
1
1
0
-1
-1
0
-2
-1
-1
-2
-1
-2
-1
-2
-2
-1
0
0
-1
-1
-2
-3
-3
-2
-2
-2
-2
-3
-4
-3
-3
-2
-2
-2
-1
-1
-1
-1
-2
-1
-2
-2
-1
1
0
1
0
0
0
0
1
2
0
0
0
-1
-2
-1
-1
0
0
-1
0
0
0
0
-1
1
2
1
1
2
1
1
1
0
1
0
0
0
0
-1
0
0
1
0
0
0
0
-1
0
0
0
0
0
1
1
1
1
1
1
0
0
0
-1
1
0
-1
0
0
0
1
2
0
1
0
0
-1
-2
-2
-2
-2
-2
-1
0
1
1
1
1
1
0
0
3
3
3
2
3
3
2
2
1
3
4
3
3
2
0
0
0
0
0
0
1
1
1
0
-1
-1
0
-2
-1
-1
-2
-1
0
-1
-1
-1
-2
0
-1
-2
-1
-2
-2
-2
-3
-3
-3
-4
-3
-2
-2
-2
-3
-3
-3
-2
-3
-2
-1
-1
0
0
1
1
1
0
1
1
3
2
1
3
2
2
2
2
2
2
2
2
1
2
0
-1
2
0
0
1
1
1
1
2
1
1
2
2
3
2
2
0
2
2
2
0
1
1
-1
0
-1
-2
-1
-1
-2
-2
-3
-2
-3
-2
-3
-2
-2
-3
-2
-2
-1
-2
-2
-2
-2
-1
-1
0
-1
0
-1
-1
-1
0
2
0
0
1
1
2
1
0
0
1
1
2
2
1
2
1
1
0
0
0
0
0
0
0
0
0
-1
-1
-1
0
-1
1
1
1
2
1
2
1
1
2
2
1
1
1
0
1
0
-1
-2
1
-1
0
0
0
0
0
-1
-2
-2
-3
-1
-1
0
-1
-1
0
-1
-1
-2
-1
0
0
1
0
0
-1
-1
-2
-2
-1
-1
-1
0
0
1
1
0
-1
-1
0
-1
0
1
0
1
1
1
2
1
0
1
1
2
2
2
2
2
1
1
1
-1
0
1
1
0
1
-1
1
0
1
0
1
0
1
1
0
0
0
-1
0
0
1
1
0
1
0
0
0
-1
1
0
0
0
1
0
1
0
-1
0
-1
0
0
-1
0
0
-1
-1
-1
-2
-1
-1
-1
-1
-1
-1
0
0
-1
-1
-2
-2
-2
-3
-2
-1
-2
-1
-1
0
-1
0
1
2
2
2
2
1
2
2
1
2
1
2
3
2
3
3
4
4
4
4
4
4
3
2
2
1
1
-1
0
-1
-2
-2
-2
-4
-2
-3
-3
-4
-4
-2
-3
-2
-4
-4
-4
-5
-5
-5
-5
-4
-4
-3
-3
-3
-2
-2
-1
-1
-1
0
-1
0
0
0
-1
0
-1
0
0
1
-1
0
0
0
0
0
1
0
1
2
3
3
3
3
3
2
1
2
2
2
2
3
3
4
3
4
2
2
2
2
2
3
4
3
3
3
2
3
3
3
2
3
1
1
1
0
1
-1
0
0
-1
-1
-1
-1
-2
-2
-3
-3
-3
-3
-3
-3
-4
-4
-4
-3
-3
-4
-3
-3
-4
-2
-3
-3
-4
-2
-2
-3
-2
-1
-2
-1
-1
0
-1
-1
-2
0
0
-1
-1
0
1
1
2
2
1
2
2
2
2
2
1
1
2
1
2
2
2
1
1
1
1
1
2
2
1
2
2
2
1
1
0
0
1
1
1
2
1
1
0
-2
-1
-1
-1
-1
-1
-2
-2
-2
-1
-2
-2
-2
-2
-2
-3
-3
-2
-1
-2
-1
-2
0
1
-1
0
0
1
1
0
0
0
0
1
0
1
2
1
1
1
1
0
1
0
1
2
2
3
3
3
3
2
2
3
3
2
1
1
2
1
2
1
0
0
-1
-1
-2
-1
-1
-2
-1
-1
-2
-1
-1
-1
-1
-1
-2
-2
-3
-4
-3
-4
-3
-4
-4
-4
-4
-4
-5
-4
-4
-4
-4
-4
-4
-3
-4
-3
-1
-1
-2
-1
-1
-1
0
-1
1
2
1
2
3
1
2
3
2
3
3
3
4
4
5
4
4
4
4
4
4
4
5
3
3
2
3
2
1
2
0
1
1
2
4
2
0
1
-1
-1
-1
-1
1
0
1
1
0
1
-2
-1
-1
1
1
0
1
2
1
1
2
0
1
0
-1
-2
-2
-1
-2
-1
-1
0
-1
-1
-2
-2
-1
-1
0
2
2
0
-1
-2
-3
-3
-3
-5
-3
-2
-2
0
-2
-2
-4
-4
-2
-4
-2
-2
-1
-1
0
-1
1
3
2
2
0
1
3
2
3
3
2
3
2
3
1
-1
-2
-2
-3
-4
-5
-6
-6
-4
-3
-4
-4
-3
-4
-4
-2
-2
0
1
1
2
1
-1
-1
1
2
1
2
3
1
1
1
1
3
4
4
2
1
0
-1
-3
-3
-2
-1
3
2
3
3
4
3
4
4
5
6
7
6
5
4
5
5
3
4
2
1
1
2
4
4
6
4
3
4
0
0
-2
-3
-3
-3
-5
-4
-1
-3
-3
-4
-3
-4
-3
1
0
1
1
-1
-1
-2
-2
-1
1
0
2
0
-1
0
-1
-1
-2
1
2
2
1
0
-1
-1
-1
-4
-4
-5
-5
-6
-5
-5
-3
-3
-4
-4
-3
-3
-2
0
-2
1
1
-1
-1
-3
-2
-2
-3
-1
-2
-3
-2
-3
-1
-1
-1
1
2
2
2
3
2
2
-2
-3
-3
-3
-3
-1
-1
-1
-2
1
2
2
0
-1
0
0
0
0
1
-2
-1
-2
-2
-2
-2
-2
-1
0
1
3
2
2
2
3
4
4
3
4
4
3
4
6
7
5
5
5
5
7
8
9
9
7
5
3
3
4
5
4
2
1
-1
-1
-2
0
3
5
7
6
7
5
4
5
2
1
1
2
2
3
0
0
-4
-20
-37
-40
-21
4
26
32
23
7
-13
-24
-28
-23
-4
24
42
35
13
-12
-23
-24
-12
-5
-26
-42
-36
-11
-2
-10
-31
-40
-26
-2
15
11
-3
12
43
65
49
20
19
48
76
71
40
5
-8
-7
-6
-31
-57
-62
-44
-38
-48
-64
-77
-71
-68
-69
-61
-37
-3
11
18
17
23
35
39
40
39
46
57
62
56
34
23
25
21
15
-2
-3
2
2
0
-4
-17
-38
-48
-45
-42
-42
-35
-24
-22
-22
-17
-14
-12
-11
-1
16
28
35
42
45
49
43
36
30
31
38
44
51
48
32
21
11
-2
-1
2
-2
-1
-1
-5
-3
-10
-20
-13
-10
-8
0
3
0
8
13
19
16
14
16
17
18
9
6
3
7
15
21
17
7
1
-7
-13
-22
-20
-19
-21
-28
-31
-34
-37
-35
-34
-37
-38
-34
-32
-28
-26
-22
-21
-28
-35
-35
-28
-17
-10
-3
-2
-9
-18
-28
-34
-35
-30
-17
-9
-6
-4
-4
-10
-19
-27
-26
-11
6
18
28
31
30
31
29
27
26
31
44
56
62
57
48
44
36
27
23
19
25
37
46
45
31
14
2
-7
-10
-7
3
14
23
25
21
11
-2
-12
-8
2
11
17
25
22
14
7
-2
-9
-11
-8
-3
-2
-5
-10
-17
-26
-35
-41
-41
-40
-40
-40
-44
-42
-48
-57
-62
-69
-75
-73
-69
-58
-57
-57
-58
-61
-59
-63
-68
-73
-70
-63
-56
-52
-51
-52
-44
-37
-27
-16
-4
13
34
56
75
94
110
130
149
167
183
195
209
221
225
226
218
205
189
171
150
129
110
87
62
38
4
-23
-43
-61
-69
-78
-89
-101
-106
-109
-97
-83
-74
-60
-44
-39
-26
-6
20
46
56
63
58
55
59
72
75
71
51
27
11
-9
-22
-43
-70
-108
-141
-175
-198
-211
-218
-226
-228
-232
-247
-253
-273
-304
-358
-380
-365
-307
-250
-207
-161
-150
-152
-197
-232
-231
-183
-102
-30
43
114
198
258
303
332
356
396
428
467
501
540
580
615
592
520
431
360
302
238
149
92
41
15
-31
-92
-136
-173
-163
-206
-246
-275
-245
-222
-206
-162
-127
-72
-55
3
69
118
165
197
271
287
336
389
422
450
470
490
462
397
358
308
242
171
96
14
-94
-167
-242
-320
-413
-495
-534
-585
-606
-633
-637
-629
-590
-529
-517
-475
-406
-337
-296
-258
-201
-130
-58
6
67
81
65
39
9
-62
-135
-209
-266
-292
-290
-288
-353
-432
-493
-554
-624
-692
-698
-639
-529
-383
-232
-74
125
328
500
645
786
923
1026
1096
1185
1290
1354
1393
1353
1241
1081
906
743
554
345
180
31
-86
-173
-240
-290
-345
-390
-444
-505
-638
-654
-625
-530
-472
-429
-308
-227
-104
-25
112
214
260
298
308
385
422
533
610
669
731
743
774
716
649
587
496
392
285
181
109
22
-60
-160
-272
-379
-495
-569
-642
-666
-701
-718
-712
-704
-662
-660
-630
-610
-592
-554
-520
-450
-379
-318
-266
-202
-143
-76
-31
18
49
62
41
-22
-133
-263
-361
-437
-476
-495
-490
-508
-584
-643
-703
-746
-796
-809
-736
-635
-504
-338
-158
80
322
526
688
811
951
1088
1176
1230
1281
1298
1312
1299
1233
1155
1034
902
735
549
354
197
62
-39
-96
-149
-219
-300
-352
-412
-443
-499
-519
-513
-489
-463
-415
-320
-238
-151
-49
39
122
173
239
298
335
389
441
501
556
608
671
687
703
703
664
605
503
422
305
222
111
0
-70
-142
-192
-282
-369
-447
-545
-620
-684
-705
-720
-764
-772
-774
-737
-684
-630
-573
-529
-509
-470
-435
-353
-264
-186
-137
-112
-138
-215
-278
-384
-453
-535
-552
-544
-556
-560
-577
-552
-560
-580
-615
-604
-565
-458
-293
-138
42
228
445
640
796
947
1086
1216
1300
1318
1325
1336
1343
1289
1181
1041
894
730
563
374
192
39
-98
-212
-295
-350
-387
-440
-503
-578
-637
-677
-682
-639
-580
-511
-441
-352
-265
-179
-70
29
136
211
288
350
420
498
547
623
658
700
744
759
773
773
748
691
580
466
342
232
149
64
-11
-120
-223
-316
-401
-465
-524
-583
-657
-709
-713
-711
-717
-695
-667
-648
-632
-599
-548
-488
-424
-379
-317
-237
-164
-85
-15
27
27
-26
-116
-241
-328
-401
-405
-400
-407
-412
-432
-438
-456
-510
-569
-575
-523
-456
-354
-249
-93
103
310
494
655
820
983
1104
1176
1205
1216
1222
1165
1085
973
861
755
625
465
276
126
10
-104
-207
-332
-408
-464
-511
-575
-641
-697
-719
-697
-674
-646
-610
-534
-436
-336
-222
-124
-16
88
189
264
343
413
487
583
658
759
820
863
888
886
868
829
767
676
583
487
389
286
142
36
-64
-153
-219
-314
-401
-480
-511
-550
-584
-630
-641
-644
-677
-676
-656
-630
-587
-527
-468
-400
-324
-219
-127
-77
-26
10
17
-26
-94
-154
-263
-354
-440
-468
-489
-495
-520
-512
-514
-522
-542
-570
-539
-483
-418
-353
-270
-125
52
254
431
606
804
977
1124
1206
1257
1265
1264
1196
1083
937
785
652
488
325
160
8
-127
-242
-335
-433
-508
-580
-641
-702
-741
-751
-779
-747
-746
-691
-627
-547
-450
-384
-272
-163
-17
110
223
336
435
567
636
706
746
835
929
987
1038
1037
1038
1001
954
876
813
716
596
437
273
127
-7
-113
-232
-327
-427
-498
-545
-595
-608
-633
-646
-676
-718
-727
-729
-721
-691
-639
-572
-522
-470
-392
-291
-199
-122
-90
-62
-91
-108
-164
-276
-362
-470
-500
-533
-525
-519
-478
-437
-440
-421
-465
-443
-401
-364
-288
-218
-92
51
236
430
650
850
1025
1141
1221
1274
1286
1288
1230
1122
957
783
612
435
239
36
-127
-269
-381
-511
-597
-658
-707
-739
-799
-855
-923
-910
-905
-838
-796
-726
-603
-510
-370
-243
-60
117
251
364
473
601
687
804
865
944
989
1014
1083
1091
1096
1087
1084
1041
959
852
727
578
408
251
84
-41
-192
-273
-362
-453
-497
-556
-567
-581
-574
-571
-593
-602
-607
-585
-560
-512
-493
-466
-425
-356
-246
-147
-62
5
48
40
13
-50
-131
-286
-408
-525
-587
-633
-650
-642
-626
-569
-576
-571
-576
-561
-503
-497
-461
-421
-307
-166
27
217
398
597
763
923
1045
1134
1182
1174
1120
1002
852
683
501
300
110
-50
-174
-267
-350
-427
-489
-501
-507
-533
-550
-598
-634
-625
-646
-603
-601
-532
-470
-384
-278
-167
-8
133
302
426
590
685
730
787
811
871
853
859
884
901
947
974
988
962
921
865
792
652
520
374
216
71
-104
-226
-337
-407
-439
-427
-428
-404
-374
-380
-398
-446
-485
-497
-528
-542
-546
-550
-501
-429
-324
-251
-201
-128
-94
-84
-120
-194
-301
-450
-603
-696
-747
-807
-817
-814
-779
-724
-717
-697
-664
-592
-520
-481
-429
-355
-226
-85
63
216
403
604
799
973
1109
1239
1317
1337
1274
1167
1006
840
628
404
186
-12
-172
-311
-425
-526
-571
-578
-543
-552
-523
-552
-563
-565
-587
-555
-592
-535
-504
-402
-290
-165
36
175
374
509
698
808
912
991
997
1038
1020
1058
1042
1028
1023
1007
1005
971
957
907
832
687
538
377
180
2
-179
-329
-516
-617
-688
-712
-709
-706
-647
-626
-609
-617
-601
-605
-612
-602
-647
-672
-665
-592
-522
-432
-346
-233
-153
-97
-79
-97
-154
-285
-401
-543
-624
-699
-765
-815
-818
-799
-801
-800
-777
-696
-590
-512
-442
-356
-228
-98
59
205
360
549
744
942
1075
1206
1291
1356
1360
1302
1200
1039
853
633
432
216
18
-152
-290
-392
-468
-486
-461
-432
-418
-409
-426
-386
-398
-388
-395
-411
-338
-315
-231
-158
-5
129
265
417
572
763
867
1002
1059
1127
1160
1126
1129
1053
1019
942
890
850
784
762
718
628
500
385
234
73
-140
-325
-471
-637
-724
-805
-824
-824
-835
-797
-790
-774
-754
-730
-747
-753
-787
-813
-829
-816
-776
-736
-678
-614
-516
-467
-399
-368
-318
-335
-403
-495
-575
-605
-678
-715
-777
-783
-781
-756
-714
-679
-561
-443
-324
-225
-118
43
206
373
535
706
879
1058
1201
1305
1384
1440
1491
1453
1379
1222
1064
880
663
450
216
32
-122
-236
-334
-389
-416
-399
-401
-384
-428
-396
-342
-324
-254
-300
-276
-279
-234
-190
-110
26
135
314
416
622
747
878
1019
1054
1120
1079
1093
1045
975
899
816
744
636
589
497
430
316
214
87
-60
-207
-397
-502
-646
-741
-826
-892
-931
-935
-894
-893
-870
-886
-850
-832
-810
-747
-753
-710
-687
-621
-538
-470
-406
-359
-279
-236
-155
-154
-138
-185
-276
-349
-431
-465
-544
-582
-655
-678
-692
-705
-664
-633
-522
-450
-351
-229
-109
106
268
467
609
776
923
1073
1215
1285
1359
1365
1378
1324
1216
1084
917
757
563
365
129
-61
-214
-320
-405
-486
-481
-502
-461
-474
-447
-395
-362
-309
-333
-327
-323
-310
-272
-204
-113
14
171
301
452
596
743
908
974
1047
1067
1071
1058
1005
991
914
807
691
602
519
425
321
213
101
-23
-130
-256
-378
-494
-603
-703
-817
-876
-887
-908
-912
-903
-882
-869
-842
-809
-774
-738
-724
-686
-651
-594
-497
-405
-320
-229
-162
-94
-42
-14
-11
-38
-135
-232
-296
-325
-359
-438
-478
-527
-539
-542
-555
-544
-504
-426
-347
-256
-155
21
185
352
522
675
852
1011
1146
1232
1281
1299
1278
1210
1091
954
796
617
433
244
74
-97
-217
-306
-403
-452
-465
-441
-421
-434
-395
-340
-294
-257
-229
-205
-170
-152
-105
-45
9
137
250
381
508
627
777
893
957
992
1010
984
958
879
810
724
604
498
383
309
221
97
-3
-126
-250
-361
-462
-548
-635
-727
-802
-852
-884
-898
-915
-913
-914
-894
-871
-837
-776
-721
-675
-629
-575
-510
-424
-336
-272
-205
-121
-33
42
125
162
176
154
85
3
-88
-143
-202
-274
-338
-395
-412
-433
-437
-442
-433
-384
-333
-243
-138
0
149
295
451
619
789
956
1078
1185
1234
1238
1205
1153
1056
927
776
605
429
238
45
-146
-266
-382
-481
-552
-579
-554
-517
-492
-448
-422
-389
-383
-383
-369
-367
-289
-319
-268
-213
-125
3
91
233
373
531
649
787
845
889
927
890
885
821
772
685
571
490
422
386
289
200
104
9
-97
-193
-241
-305
-365
-445
-517
-550
-569
-588
-632
-662
-682
-672
-667
-660
-620
-574
-536
-520
-476
-421
-346
-270
-212
-126
-68
-4
62
98
146
135
129
54
-17
-110
-178
-231
-313
-341
-440
-483
-535
-558
-536
-552
-517
-465
-363
-249
-134
23
178
354
500
645
802
933
1031
1058
1067
1054
1009
899
759
580
410
289
124
-33
-189
-307
-379
-449
-470
-487
-455
-431
-392
-357
-340
-281
-270
-217
-218
-193
-180
-178
-114
-73
31
113
215
315
445
553
652
758
795
834
810
805
798
750
711
605
528
456
385
333
238
156
61
-27
-97
-156
-207
-269
-341
-414
-446
-475
-485
-524
-569
-616
-676
-720
-738
-723
-720
-695
-671
-642
-578
-502
-400
-320
-251
-181
-119
-52
4
64
110
140
147
151
133
63
0
-62
-95
-156
-255
-315
-357
-352
-395
-414
-417
-393
-324
-280
-186
-96
40
189
311
425
546
667
756
808
816
800
756
673
611
520
429
315
218
122
5
-86
-193
-246
-275
-325
-351
-359
-310
-280
-244
-222
-235
-181
-158
-131
-103
-53
1
72
119
159
249
303
390
433
488
546
577
621
640
677
695
695
682
643
610
549
474
380
288
197
100
40
-10
-49
-102
-143
-184
-240
-255
-298
-333
-387
-443
-504
-570
-606
-644
-663
-704
-702
-695
-668
-582
-509
-432
-360
-286
-218
-166
-103
-56
-30
-28
-17
-22
-25
-11
-35
-61
-106
-144
-194
-223
-282
-359
-434
-500
-549
-594
-626
-602
-528
-433
-360
-253
-136
5
134
249
351
442
532
593
632
621
612
608
587
524
451
388
313
237
167
106
66
29
-11
-63
-102
-108
-111
-104
-80
-70
-41
6
56
93
158
162
202
203
231
258
262
326
340
381
412
472
516
574
626
683
732
712
731
688
650
587
495
440
327
263
198
139
95
28
14
-30
-65
-128
-184
-252
-332
-423
-521
-595
-690
-739
-795
-826
-851
-843
-799
-741
-658
-583
-523
-446
-387
-331
-280
-249
-221
-207
-180
-164
-123
-76
-6
29
52
37
-16
-58
-141
-207
-334
-456
-551
-619
-666
-699
-717
-698
-633
-555
-433
-309
-189
-44
85
213
319
412
516
577
603
609
617
647
660
652
633
617
590
544
496
426
349
262
191
101
40
3
-20
-15
-3
16
59
115
162
195
197
211
202
221
173
164
158
166
166
180
235
301
389
433
496
526
558
586
564
546
508
451
399
307
241
186
155
102
49
26
-15
-40
-81
-114
-201
-283
-357
-440
-517
-595
-638
-696
-737
-765
-774
-748
-713
-676
-632
-583
-550
-498
-446
-390
-350
-320
-275
-225
-198
-126
-24
57
121
162
164
148
91
-5
-100
-237
-342
-446
-556
-623
-650
-673
-672
-662
-615
-532
-440
-339
-256
-156
-51
43
136
227
311
393
466
523
591
650
718
777
824
830
813
770
704
632
543
450
347
241
156
97
53
55
58
102
110
147
183
217
242
229
170
140
88
30
57
23
84
96
124
179
228
293
336
374
398
430
419
443
425
414
399
341
306
257
212
183
116
98
45
2
-38
-123
-176
-253
-320
-377
-436
-472
-516
-563
-602
-607
-606
-614
-615
-616
-595
-597
-584
-572
-540
-490
-470
-436
-414
-346
-287
-216
-161
-107
-64
-39
-26
-37
-62
-110
-199
-306
-393
-452
-519
-566
-594
-616
-585
-572
-521
-457
-369
-275
-204
-131
-66
19
106
207
290
391
516
628
731
812
888
948
977
995
957
900
829
744
637
512
385
267
181
103
55
3
-31
-36
-44
-28
-34
-17
-13
-15
-6
-33
-27
-27
-14
-20
-2
33
76
111
157
242
297
352
410
446
482
493
521
535
520
500
439
382
299
239
176
104
16
-51
-113
-181
-229
-274
-315
-350
-387
-405
-423
-432
-441
-468
-485
-507
-523
-548
-554
-560
-553
-526
-501
-464
-405
-339
-269
-205
-148
-84
-27
23
73
100
81
66
8
-64
-128
-246
-318
-422
-498
-552
-606
-636
-673
-659
-685
-686
-674
-634
-566
-506
-408
-335
-225
-112
12
163
286
444
570
692
801
866
932
962
967
949
915
859
784
697
595
481
373
272
181
91
42
-28
-52
-68
-75
-68
-83
-62
-68
-72
-79
-64
-78
-59
-54
-30
15
26
69
97
155
235
329
401
483
547
592
636
629
630
606
572
528
452
396
330
279
199
125
67
-2
-40
-73
-104
-112
-148
-193
-228
-279
-343
-404
-462
-523
-565
-605
-631
-642
-648
-636
-633
-600
-564
-495
-451
-406
-366
-334
-295
-279
-246
-220
-201
-182
-181
-199
-199
-224
-273
-316
-379
-432
-472
-555
-585
-627
-639
-635
-634
-575
-514
-432
-348
-236
-123
4
131
244
367
455
551
635
728
807
851
891
904
919
895
865
790
697
596
481
362
234
130
28
-38
-89
-146
-159
-138
-123
-98
-81
-49
-2
30
90
84
102
101
98
131
111
168
199
255
299
365
438
512
586
629
681
680
689
663
606
555
460
393
322
233
167
93
52
5
-41
-94
-140
-179
-220
-251
-305
-346
-406
-481
-531
-605
-639
-685
-728
-747
-770
-741
-733
-705
-677
-636
-602
-583
-521
-471
-418
-369
-326
-287
-239
-184
-148
-128
-115
-123
-144
-179
-237
-288
-344
-405
-450
-494
-510
-513
-496
-475
-446
-409
-343
-283
-219
-139
-59
40
144
281
391
494
619
705
792
846
892
939
952
958
910
848
775
681
579
460
347
238
150
71
21
-6
-13
-3
18
42
86
119
168
183
197
201
193
199
196
205
216
228
244
288
331
375
421
467
495
504
486
482
460
433
387
320
277
221
184
129
66
2
-55
-115
-172
-229
-274
-324
-359
-409
-449
-485
-533
-572
-621
-667
-722
-754
-780
-790
-806
-806
-800
-783
-752
-741
-701
-641
-587
-499
-435
-358
-287
-244
-199
-162
-116
-79
-59
-51
-50
-45
-39
-55
-82
-108
-156
-186
-237
-273
-279
-306
-297
-306
-301
-267
-224
-175
-100
-16
65
176
271
384
482
577
656
725
784
820
844
857
837
805
751
687
627
532
440
328
246
166
99
71
50
38
49
68
101
113
136
163
176
193
209
210
220
225
225
240
230
238
234
232
260
287
296
341
351
372
389
390
401
403
385
359
331
286
243
177
111
41
-44
-134
-207
-271
-321
-372
-427
-472
-519
-557
-606
-636
-665
-685
-710
-758
-761
-771
-767
-757
-748
-719
-683
-647
-616
-567
-512
-454
-393
-355
-297
-236
-176
-110
-79
-32
-2
11
17
11
0
-24
-71
-128
-185
-218
-264
-311
-350
-392
-404
-406
-378
-348
-295
-235
-173
-80
6
127
231
315
424
493
579
646
690
755
788
805
787
761
721
692
639
584
521
444
378
308
281
270
254
260
269
275
279
274
296
312
325
319
309
285
257
234
198
157
118
101
84
96
110
144
168
179
205
232
257
295
322
326
307
273
238
188
129
74
16
-51
-113
-180
-223
-276
-313
-343
-392
-431
-482
-513
-542
-581
-626
-661
-706
-733
-752
-765
-749
-743
-738
-728
-686
-654
-609
-555
-515
-468
-407
-351
-272
-202
-158
-110
-59
-16
15
41
54
62
54
42
3
-31
-76
-128
-171
-227
-286
-323
-341
-344
-350
-336
-295
-255
-185
-128
-37
65
174
283
363
462
539
599
658
696
727
750
755
753
747
726
714
691
653
621
575
550
502
470
447
394
374
334
306
296
260
237
224
215
185
167
147
137
106
98
81
79
92
88
101
103
113
119
131
146
165
173
184
177
153
121
87
50
-2
-59
-114
-177
-249
-303
-364
-402
-453
-492
-524
-547
-559
-577
-591
-612
-626
-638
-651
-662
-677
-685
-680
-673
-666
-633
-595
-540
-496
-442
-374
-309
-247
-187
-136
-86
-37
-1
51
79
107
124
134
141
136
138
114
81
42
4
-21
-81
-127
-162
-176
-194
-203
-184
-168
-124
-90
-65
-7
46
99
160
227
283
332
386
438
489
537
579
615
649
675
705
735
756
760
739
711
672
630
570
498
413
324
256
183
127
85
45
12
-1
-13
-13
-1
1
16
-3
1
3
-5
2
-8
-15
-19
-12
-5
13
10
5
11
1
1
-13
-18
-27
-53
-72
-111
-145
-175
-210
-244
-296
-337
-377
-407
-427
-440
-465
-471
-479
-483
-471
-465
-445
-418
-404
-394
-384
-368
-351
-351
-334
-323
-308
-281
-254
-223
-197
-163
-143
-125
-84
-44
8
42
61
68
66
65
64
63
56
46
16
-10
-26
-36
-37
-37
-32
-28
-35
-24
-19
-24
-18
-20
-14
-14
4
27
58
96
132
175
208
243
291
340
398
455
496
542
576
593
615
621
604
594
577
539
503
459
420
375
330
292
245
213
171
145
121
120
118
105
102
92
91
78
78
59
36
17
-21
-43
-74
-96
-116
-151
-168
-176
-180
-174
-175
-190
-201
-211
-231
-256
-285
-307
-324
-345
-387
-415
-432
-435
-434
-437
-426
-407
-387
-366
-337
-327
-306
-287
-272
-243
-228
-205
-195
-188
-168
-152
-127
-104
-82
-62
-59
-31
-2
9
25
32
25
12
2
8
0
7
2
-13
-22
-34
-40
-48
-51
-60
-68
-80
-82
-70
-46
-15
7
31
66
82
114
140
176
205
223
254
261
272
280
298
310
334
363
386
414
438
460
466
455
458
446
415
384
354
331
306
283
266
257
240
235
222
203
195
179
156
117
90
54
3
-49
-99
-154
-193
-221
-261
-284
-308
-314
-310
-310
-289
-265
-258
-256
-256
-260
-275
-283
-280
-288
-279
-276
-277
-270
-262
-251
-245
-220
-205
-182
-165
-147
-132
-139
-138
-132
-121
-118
-101
-86
-79
-70
-63
-66
-65
-48
-38
-28
-14
5
16
30
44
54
71
71
65
69
57
50
33
9
-20
-29
-53
-73
-83
-84
-69
-70
-56
-45
-26
-6
19
37
32
41
40
52
59
64
71
89
118
139
174
219
250
294
325
347
362
379
393
396
398
412
397
380
375
376
365
344
329
309
288
264
249
206
178
146
104
54
-4
-60
-109
-148
-193
-234
-262
-280
-294
-299
-303
-302
-286
-269
-270
-282
-294
-300
-300
-317
-309
-305
-300
-285
-270
-262
-246
-209
-185
-153
-140
-125
-117
-107
-87
-82
-62
-48
-45
-41
-44
-35
-35
-38
-41
-42
-37
-39
-36
-37
-26
-17
0
25
49
58
74
79
89
92
79
72
51
39
21
0
-26
-51
-65
-75
-84
-94
-94
-91
-99
-106
-104
-91
-85
-76
-65
-48
-34
-13
9
26
61
73
104
137
184
232
266
299
327
349
368
396
412
423
429
433
419
405
389
376
359
324
303
274
232
186
148
108
71
47
26
5
-28
-45
-62
-79
-96
-111
-121
-120
-131
-140
-149
-163
-168
-177
-194
-206
-225
-245
-247
-256
-257
-263
-256
-251
-258
-266
-253
-238
-220
-193
-174
-152
-134
-116
-102
-74
-54
-51
-35
-35
-32
-29
-42
-50
-67
-68
-63
-57
-42
-40
-33
-23
-21
-6
-7
-1
0
-2
1
-10
-11
-20
-30
-49
-73
-89
-99
-112
-117
-136
-153
-159
-162
-145
-131
-120
-116
-99
-88
-71
-52
-33
-6
20
48
73
106
138
173
204
232
271
310
333
362
382
405
428
445
453
447
436
406
381
348
311
279
252
222
180
136
101
72
48
36
23
8
9
9
5
7
6
-4
-14
-19
-21
-25
-26
-27
-32
-48
-60
-73
-99
-127
-146
-169
-190
-208
-222
-228
-244
-251
-255
-263
-266
-261
-265
-268
-265
-255
-250
-242
-234
-227
-221
-196
-179
-149
-122
-113
-80
-54
-29
-10
10
32
47
55
56
48
48
43
24
11
2
-4
-17
-30
-29
-42
-54
-62
-82
-97
-99
-108
-117
-111
-108
-102
-89
-76
-55
-29
-14
1
29
60
80
106
129
154
175
185
191
206
219
236
254
270
291
321
331
334
329
312
306
287
261
241
218
182
144
120
92
66
41
18
9
8
-2
-8
-5
-13
-4
-1
6
14
21
33
21
15
8
-1
-4
-13
-23
-32
-53
-66
-79
-96
-108
-135
-148
-158
-177
-196
-216
-227
-236
-242
-245
-249
-251
-253
-251
-241
-227
-222
-199
-177
-154
-139
-115
-86
-73
-51
-39
-22
3
22
36
48
55
62
68
64
55
43
24
17
13
0
1
-10
-31
-47
-59
-71
-78
-89
-103
-100
-114
-114
-100
-88
-79
-62
-38
-10
15
43
75
100
129
150
177
190
204
214
223
248
251
267
269
265
266
260
253
244
242
225
200
172
146
116
93
83
52
43
31
26
26
14
13
10
1
-6
-7
-6
-1
4
6
3
14
14
8
17
16
12
17
16
19
2
-3
-7
-20
-25
-50
-67
-86
-105
-122
-145
-168
-193
-217
-232
-245
-250
-244
-240
-223
-205
-180
-165
-150
-132
-122
-110
-101
-86
-71
-66
-60
-48
-51
-40
-39
-30
-32
-32
-17
-25
-25
-32
-36
-38
-43
-44
-40
-43
-38
-42
-42
-45
-50
-47
-42
-41
-32
-27
-25
-9
6
23
37
51
74
78
89
107
121
136
136
145
150
145
148
146
138
143
141
132
120
107
107
95
87
94
85
94
91
83
87
89
94
97
100
105
105
106
103
95
87
78
71
68
61
62
60
43
36
30
28
45
38
37
38
35
36
24
26
16
2
-2
-16
-30
-43
-59
-76
-91
-100
-115
-121
-129
-127
-120
-113
-107
-101
-96
-101
-101
-99
-99
-97
-94
-91
-85
-83
-73
-69
-72
-73
-69
-71
-69
-63
-67
-59
-67
-63
-64
-70
-73
-68
-69
-84
-76
-86
-91
-96
-106
-105
-106
-105
-109
-112
-107
-106
-110
-103
-98
-86
-73
-66
-54
-48
-43
-36
-27
-18
-1
5
10
30
51
64
75
82
91
102
109
123
133
136
140
145
139
147
153
164
175
175
187
195
202
205
208
214
223
216
213
204
199
181
170
155
136
122
100
88
75
71
70
69
63
57
56
45
29
17
11
4
-5
-10
-12
-16
-26
-39
-50
-58
-55
-56
-66
-63
-77
-84
-86
-89
-88
-99
-105
-116
-125
-131
-142
-143
-150
-159
-159
-159
-151
-153
-150
-147
-145
-139
-123
-112
-104
-104
-85
-68
-62
-54
-59
-51
-44
-43
-40
-46
-53
-63
-74
-89
-91
-92
-107
-114
-121
-128
-114
-113
-96
-84
-88
-78
-88
-81
-72
-72
-60
-55
-49
-24
-11
0
21
40
61
80
97
111
118
130
144
152
163
169
176
188
189
202
206
212
235
245
243
246
246
243
246
235
223
201
191
161
140
126
108
99
86
67
51
35
22
15
3
11
14
16
25
22
20
8
8
6
-8
-17
-21
-20
-19
-20
-22
-22
-16
-22
-32
-44
-53
-61
-68
-76
-83
-93
-103
-118
-132
-143
-164
-174
-178
-183
-175
-166
-161
-153
-140
-121
-114
-94
-92
-94
-85
-86
-80
-73
-73
-71
-84
-90
-99
-111
-113
-121
-119
-124
-114
-111
-122
-110
-106
-111
-114
-119
-122
-120
-122
-117
-115
-113
-97
-85
-71
-52
-41
-29
-18
-8
4
23
49
71
95
116
137
163
180
193
219
234
250
267
278
294
294
289
286
285
278
276
270
256
237
221
199
182
161
139
131
114
105
91
77
61
56
52
51
51
44
41
29
27
14
0
-20
-37
-41
-57
-63
-63
-64
-71
-80
-89
-99
-104
-102
-103
-117
-121
-121
-126
-144
-144
-149
-160
-154
-150
-146
-139
-132
-130
-117
-111
-88
-82
-74
-68
-69
-64
-65
-67
-71
-79
-82
-91
-97
-96
-102
-98
-100
-105
-101
-101
-89
-68
-52
-39
-34
-28
-31
-29
-29
-23
-24
-21
-19
-21
-13
-14
-11
-13
-9
-4
4
16
34
41
48
67
77
95
106
125
139
144
151
165
178
182
181
175
178
178
174
181
178
169
171
155
145
133
121
105
95
81
72
65
56
42
40
31
16
15
7
10
0
-10
-18
-26
-34
-45
-57
-67
-73
-78
-78
-84
-86
-78
-80
-73
-74
-68
-63
-55
-47
-60
-57
-69
-75
-83
-85
-90
-91
-94
-95
-95
-90
-83
-82
-66
-65
-60
-54
-49
-38
-28
-25
-17
-6
6
9
20
25
36
43
41
44
37
46
43
29
28
15
14
8
-8
-15
-20
-36
-41
-56
-58
-67
-75
-79
-86
-86
-89
-87
-87
-77
-69
-52
-36
-18
-6
2
9
18
30
36
41
46
49
50
59
53
58
65
66
69
67
71
74
78
81
77
72
80
79
72
68
69
64
59
56
55
56
58
59
57
60
57
49
48
48
42
41
40
39
44
37
44
39
39
40
38
41
42
41
35
29
19
11
9
-7
-26
-40
-49
-60
-66
-73
-83
-90
-102
-108
-103
-106
-94
-87
-85
-66
-59
-51
-50
-40
-36
-23
-19
-11
-10
0
5
-4
-1
3
-4
-5
4
11
15
4
-4
-24
-40
-44
-48
-58
-79
-83
-96
-104
-112
-114
-114
-126
-115
-102
-97
-88
-72
-71
-66
-62
-65
-55
-47
-48
-39
-32
-24
-21
-7
9
23
33
48
56
63
69
68
81
86
87
89
96
98
99
107
111
110
111
110
98
95
91
85
85
87
89
80
75
82
84
85
76
75
80
80
85
88
97
100
99
98
104
99
97
99
93
80
69
60
46
36
21
8
-5
-24
-36
-44
-51
-53
-57
-60
-65
-70
-79
-81
-79
-75
-69
-65
-53
-51
-44
-37
-37
-38
-28
-25
-21
-17
-14
-12
-14
-15
-23
-31
-40
-56
-73
-89
-107
-118
-139
-148
-162
-178
-184
-185
-185
-188
-188
-191
-192
-189
-183
-182
-179
-164
-150
-139
-130
-118
-103
-88
-72
-54
-36
-24
-11
15
33
48
66
81
93
112
128
147
166
173
181
186
186
178
183
191
193
199
204
201
201
192
184
189
182
178
178
171
161
164
162
150
139
131
120
118
116
105
97
83
63
50
29
18
-2
-17
-34
-44
-55
-74
-78
-94
-107
-120
-133
-142
-149
-148
-150
-147
-144
-140
-126
-119
-111
-100
-89
-75
-59
-51
-44
-28
-15
-16
-13
-6
-3
-2
-7
-6
-6
-9
-7
-13
-18
-23
-41
-54
-64
-74
-81
-88
-108
-124
-129
-144
-143
-148
-144
-137
-129
-126
-117
-100
-90
-78
-73
-63
-48
-40
-32
-16
0
12
22
37
45
55
71
76
83
99
114
121
129
144
151
154
161
159
158
155
151
148
146
144
136
134
128
125
121
117
120
118
114
109
107
96
91
81
76
74
66
60
49
43
36
26
13
1
-5
-7
-18
-34
-43
-53
-66
-67
-76
-84
-75
-89
-93
-99
-107
-113
-116
-118
-111
-106
-103
-101
-89
-83
-79
-68
-65
-52
-41
-31
-28
-15
-16
-15
-16
-19
-19
-25
-21
-33
-38
-47
-57
-70
-73
-79
-86
-99
-111
-118
-129
-133
-136
-138
-142
-145
-140
-134
-121
-110
-94
-76
-65
-52
-37
-27
-13
2
12
26
31
37
47
63
78
96
106
115
128
134
138
141
148
154
153
148
143
140
139
134
136
142
137
141
142
142
147
153
148
140
138
129
123
116
113
111
103
98
86
81
71
59
55
44
41
31
14
3
-10
-22
-34
-43
-48
-57
-60
-67
-72
-82
-81
-92
-99
-104
-109
-113
-122
-122
-132
-126
-125
-117
-107
-96
-87
-77
-62
-52
-42
-34
-25
-17
-9
-16
-15
-12
-14
-24
-29
-36
-46
-53
-59
-69
-74
-85
-100
-100
-109
-121
-124
-125
-121
-119
-115
-104
-93
-82
-69
-59
-42
-33
-26
-9
-2
2
6
12
22
33
40
53
61
73
78
87
97
95
106
103
103
101
99
94
85
84
72
65
63
54
51
52
51
44
42
43
39
38
41
38
39
35
30
37
37
48
45
44
47
47
50
47
47
45
56
48
53
62
55
63
62
63
67
71
79
79
77
76
71
61
55
39
21
6
-7
-26
-41
-52
-61
-63
-69
-73
-76
-77
-74
-66
-67
-61
-55
-53
-51
-55
-50
-52
-53
-56
-54
-68
-78
-83
-98
-106
-113
-114
-117
-119
-115
-116
-113
-116
-108
-101
-91
-84
-82
-65
-62
-53
-49
-46
-30
-28
-15
-6
0
9
9
17
18
15
14
8
9
4
4
8
7
7
2
6
6
13
19
25
21
24
34
36
52
57
66
70
78
88
93
101
111
120
127
130
131
136
137
142
143
142
140
134
135
137
133
133
134
133
130
129
115
107
100
87
81
64
55
44
32
21
2
-9
-22
-31
-52
-68
-79
-94
-103
-120
-137
-152
-164
-164
-172
-174
-172
-172
-171
-171
-166
-174
-168
-169
-166
-162
-156
-149
-147
-145
-142
-135
-131
-128
-121
-113
-108
-98
-96
-84
-76
-61
-47
-47
-28
-13
-7
3
22
26
39
52
62
64
68
79
85
92
93
98
99
96
95
89
86
81
85
87
79
64
64
61
55
58
59
60
57
62
70
75
77
77
82
80
86
97
105
115
125
127
127
127
130
133
132
125
122
119
110
107
100
102
103
98
88
87
86
80
75
65
63
57
46
47
37
29
10
-6
-22
-41
-60
-79
-91
-109
-123
-133
-144
-151
-155
-163
-171
-177
-178
-172
-175
-177
-174
-172
-172
-170
-178
-186
-187
-182
-172
-165
-157
-150
-145
-136
-131
-128
-118
-108
-101
-86
-76
-65
-55
-46
-36
-37
-26
-16
-8
-1
7
11
15
20
26
34
43
43
49
58
61
70
65
74
75
81
90
81
78
74
73
67
61
61
59
54
62
59
53
60
61
67
70
78
83
91
106
108
112
119
121
129
131
138
143
151
160
163
169
164
170
176
178
173
178
178
170
167
159
150
146
136
129
117
103
87
69
54
38
14
-3
-23
-51
-67
-87
-101
-117
-131
-146
-166
-177
-196
-208
-223
-242
-242
-253
-258
-256
-257
-258
-257
-263
-256
-253
-247
-230
-222
-201
-191
-177
-164
-155
-140
-134
-122
-105
-96
-88
-82
-76
-63
-64
-56
-53
-39
-27
-23
-8
4
20
30
36
48
60
69
70
76
87
96
105
108
117
120
122
128
130
129
131
127
127
124
125
122
115
109
106
104
95
97
95
98
92
85
86
85
85
88
95
96
108
116
119
131
135
139
133
130
131
133
132
128
124
117
106
99
92
74
69
62
49
47
35
24
12
1
-11
-21
-37
-46
-59
-73
-83
-96
-104
-112
-126
-144
-154
-168
-175
-187
-192
-200
-202
-204
-206
-200
-199
-196
-188
-179
-162
-153
-145
-138
-120
-105
-98
-90
-85
-79
-65
-62
-56
-44
-44
-40
-41
-39
-32
-33
-26
-18
-15
-11
-3
4
14
18
21
23
21
36
39
51
60
67
74
78
87
90
94
96
98
98
102
100
96
96
92
91
92
82
77
61
60
57
57
60
61
71
74
72
72
80
82
90
96
106
117
132
143
149
160
153
158
173
169
160
163
158
150
135
122
112
101
84
67
48
29
15
-12
-30
-54
-75
-94
-111
-130
-141
-159
-175
-182
-194
-213
-226
-227
-237
-231
-236
-241
-243
-242
-241
-236
-228
-215
-198
-188
-172
-164
-148
-135
-126
-110
-104
-91
-77
-72
-55
-51
-46
-36
-32
-32
-23
-13
-2
3
7
17
25
36
42
52
60
60
65
81
83
90
102
106
112
115
125
126
133
139
141
147
153
151
149
148
145
141
135
129
122
113
101
87
77
65
53
56
45
47
46
39
45
47
39
39
47
53
60
66
70
76
80
80
76
73
69
70
67
63
54
40
32
20
5
-4
-18
-27
-33
-40
-45
-57
-71
-82
-89
-100
-107
-111
-121
-132
-140
-151
-155
-160
-167
-167
-170
-175
-176
-167
-157
-148
-134
-131
-116
-110
-99
-91
-78
-64
-55
-44
-37
-24
-18
-8
-7
-1
3
9
15
16
28
31
34
29
33
36
40
46
38
32
27
29
26
23
26
19
14
20
13
14
16
18
21
22
25
25
25
32
35
36
39
42
40
40
48
54
69
69
77
74
65
64
58
52
55
54
56
58
61
63
68
70
73
81
79
85
87
93
94
95
95
96
97
98
93
87
86
83
74
71
64
53
56
47
37
30
17
8
-2
-8
-18
-26
-39
-53
-64
-74
-81
-89
-98
-112
-127
-134
-145
-147
-153
-155
-158
-157
-153
-156
-148
-149
-144
-142
-136
-131
-126
-126
-121
-118
-113
-107
-96
-83
-75
-72
-67
-61
-54
-44
-38
-32
-31
-28
-22
-20
-23
-23
-22
-17
-15
-11
-7
1
13
11
23
32
35
45
51
57
56
65
74
82
88
92
94
99
103
104
114
120
129
134
135
138
142
134
138
125
122
122
118
122
115
116
104
100
94
81
77
71
61
58
52
50
47
41
31
18
15
8
8
3
-1
-6
-12
-11
-19
-25
-28
-33
-38
-34
-36
-36
-34
-36
-37
-46
-55
-53
-53
-60
-63
-64
-59
-68
-74
-79
-88
-96
-101
-102
-105
-106
-102
-105
-101
-96
-97
-93
-92
-88
-86
-83
-73
-71
-62
-49
-45
-48
-39
-36
-40
-33
-31
-28
-27
-23
-29
-25
-28
-25
-15
-13
-5
-3
4
9
11
11
11
12
11
19
24
32
39
42
52
56
62
66
77
80
88
87
85
91
87
90
87
87
82
78
75
67
67
62
49
39
29
29
25
16
11
9
9
9
8
6
4
10
9
9
16
12
23
31
39
51
55
64
66
64
62
64
65
58
53
49
46
38
35
29
24
22
14
11
6
0
-13
-23
-29
-37
-44
-61
-65
-77
-89
-94
-103
-106
-105
-104
-101
-105
-111
-110
-113
-112
-105
-101
-100
-98
-90
-86
-84
-80
-79
-73
-68
-72
-60
-56
-57
-55
-59
-51
-50
-46
-40
-32
-22
-14
-8
2
8
12
15
20
28
37
42
53
58
62
69
75
87
96
105
119
131
135
135
130
133
127
124
120
118
111
102
90
78
67
55
45
30
19
12
2
-3
-4
-6
-9
-17
-18
-24
-21
-23
-26
-25
-29
-35
-35
-28
-33
-26
-32
-31
-26
-23
-15
-14
-13
-15
-15
-10
0
-2
4
8
0
0
-5
-9
-7
-12
-15
-20
-23
-29
-38
-41
-54
-60
-57
-53
-45
-43
-36
-42
-43
-43
-44
-47
-47
-46
-47
-47
-47
-44
-41
-42
-41
-43
-42
-38
-37
-28
-19
-15
-11
-6
-9
0
3
0
1
2
7
10
17
24
34
40
44
51
59
58
59
66
68
69
74
79
78
86
88
80
82
75
67
67
58
62
56
49
37
30
28
20
19
7
1
-3
-9
-17
-24
-27
-33
-39
-42
-43
-46
-49
-51
-45
-44
-40
-40
-38
-36
-37
-32
-21
-15
-14
-9
-4
5
14
20
33
38
39
37
34
36
38
33
40
42
40
38
39
36
27
31
33
28
24
19
17
5
-10
-14
-28
-32
-39
-45
-53
-62
-65
-74
-84
-95
-92
-100
-100
-100
-103
-104
-102
-97
-101
-100
-104
-97
-95
-87
-83
-73
-60
-43
-32
-25
-15
0
12
30
46
58
73
82
88
98
104
103
104
105
102
101
99
99
98
91
92
85
77
75
74
63
56
50
50
48
36
31
20
14
4
-6
-15
-23
-25
-30
-31
-31
-31
-39
-40
-45
-45
-46
-40
-41
-44
-36
-31
-24
-20
-16
-13
-11
-9
-5
-2
4
7
2
4
5
5
13
16
16
24
22
25
23
20
21
20
20
16
20
10
8
11
7
6
6
0
-2
-10
-11
-14
-22
-24
-34
-37
-49
-56
-62
-68
-70
-72
-68
-64
-70
-67
-66
-61
-60
-58
-48
-47
-42
-28
-17
-10
-2
2
13
16
14
18
31
34
47
54
53
64
61
61
66
62
65
61
66
72
70
77
76
71
69
60
48
36
28
17
11
11
10
9
-1
-7
-13
-21
-21
-21
-20
-28
-38
-31
-28
-33
-31
-31
-39
-37
-40
-41
-40
-47
-42
-39
-33
-25
-18
-16
-21
-10
-2
5
16
26
34
37
42
47
56
60
62
63
59
57
52
51
42
33
34
24
23
19
9
1
-5
-10
-15
-23
-26
-30
-35
-41
-44
-54
-63
-70
-75
-77
-84
-92
-92
-99
-101
-100
-98
-95
-87
-80
-72
-63
-58
-51
-44
-40
-31
-21
-15
-4
11
16
23
39
47
53
58
62
61
68
73
78
84
86
89
87
82
80
80
73
71
70
66
62
56
52
43
38
30
28
18
6
6
-1
-2
-5
-8
-11
-13
-15
-10
-7
-4
-2
-8
-10
-6
-7
-7
-6
-10
-13
-12
-15
-18
-16
-14
-13
-6
-3
-10
-6
-5
4
5
7
11
4
3
-5
-5
-2
-2
1
-3
-4
-2
2
7
11
10
10
6
1
-5
-7
-15
-19
-20
-28
-29
-35
-37
-42
-45
-50
-47
-48
-51
-52
-52
-48
-49
-44
-39
-32
-27
-17
-16
-10
-6
-7
4
3
8
6
0
-2
3
4
1
3
1
-4
-7
0
1
2
0
5
5
3
7
9
7
15
21
19
22
26
29
33
32
29
25
18
14
18
13
14
14
11
13
4
-6
-6
-10
-12
-18
-16
-18
-13
-12
-15
-14
-18
-17
-14
-6
-3
6
6
10
15
22
31
34
34
37
35
34
36
37
35
34
35
39
38
34
34
27
37
42
40
43
40
39
41
34
30
21
23
18
8
8
-2
-4
-13
-17
-17
-18
-24
-34
-42
-49
-50
-55
-56
-64
-62
-59
-63
-57
-58
-56
-59
-49
-44
-49
-41
-37
-32
-31
-28
-24
-26
-16
-18
-20
-9
-2
7
14
11
18
17
15
19
18
17
19
25
30
34
33
33
28
24
22
25
30
33
40
39
46
46
47
50
48
49
48
45
37
35
29
22
8
-3
-12
-23
-23
-26
-24
-22
-26
-21
-26
-23
-19
-19
-13
-18
-21
-17
-16
-15
-14
-14
-10
-3
-10
-10
-14
-15
-18
-21
-20
-27
-26
-28
-30
-29
-24
-30
-16
-22
-20
-16
-17
-15
-6
0
3
5
4
4
0
-3
1
3
5
9
14
17
13
14
10
11
10
2
-4
-7
1
-1
-5
-5
-3
-4
5
2
2
4
4
6
8
5
0
-7
-5
-7
-10
-8
-5
4
6
9
9
16
11
7
4
7
12
14
9
8
6
4
6
12
8
2
4
1
0
4
8
7
9
11
10
7
10
3
-2
1
-2
-3
-5
-7
-5
-9
-8
-12
-13
-13
-9
-10
-7
4
2
1
-5
-8
-9
-2
3
10
15
18
18
21
18
16
14
4
12
16
22
26
31
32
26
23
13
8
8
11
10
14
16
11
11
4
-5
-4
-7
-7
-6
-7
-6
-5
-4
-4
-2
-5
-11
-18
-21
-27
-34
-33
-37
-33
-32
-37
-39
-32
-32
-34
-27
-25
-17
-17
-12
-4
-7
-6
-5
-1
4
7
14
19
22
33
27
28
27
17
12
9
8
7
9
9
8
6
5
9
8
16
11
12
12
13
13
11
12
7
3
1
0
-4
-7
-6
-13
-20
-19
-21
-14
-13
-18
-12
-13
-12
-11
-19
-20
-15
-14
-11
-7
-4
-2
-5
-2
-2
-3
0
-5
-3
-7
-11
-5
-8
-9
1
8
10
16
16
16
19
24
24
26
23
18
18
9
4
1
-1
-6
-10
-16
-19
-17
-19
-15
-7
-9
-6
-5
-5
-5
-2
7
8
13
16
22
30
34
26
23
24
27
24
19
16
16
15
14
16
11
8
15
16
14
15
14
14
16
16
15
14
8
5
4
1
-3
-2
-4
-7
-8
-11
-16
-18
-16
-28
-33
-28
-35
-33
-35
-40
-36
-41
-36
-38
-41
-44
-45
-51
-57
-57
-60
-55
-59
-53
-53
-51
-44
-41
-30
-27
-24
-18
-19
-16
-10
-10
-8
2
14
17
22
23
25
28
26
30
37
36
37
36
38
39
36
36
42
40
36
38
37
41
41
41
40
41
43
45
47
51
52
51
47
45
44
46
40
35
33
28
27
16
15
12
2
-7
-7
-16
-18
-17
-19
-21
-24
-27
-24
-24
-18
-11
-8
-6
-6
-13
-15
-14
-14
-19
-22
-20
-27
-23
-22
-29
-23
-17
-18
-11
-8
-5
4
-4
-6
-4
-2
-8
-5
-7
-7
1
-3
0
-1
-3
-2
-1
-4
-7
-14
-13
-10
-11
-7
-7
-4
-14
-18
-23
-19
-11
-11
-3
-1
1
3
6
7
2
4
5
4
5
9
-1
4
0
-6
0
-2
1
-2
-2
-1
-2
-9
-10
-10
-8
0
2
3
5
7
10
9
10
8
5
7
8
7
7
7
-1
-1
1
1
1
4
3
4
2
2
2
-3
-5
-8
-6
-5
2
7
5
0
-3
-10
-16
-15
-7
-6
-5
-2
-5
-7
2
8
12
12
10
11
7
7
5
12
7
5
6
7
4
3
4
2
4
11
12
18
5
-5
-9
-9
-9
-3
7
3
-1
-1
-1
-7
-5
-1
-3
-7
-8
-7
-17
-23
-20
-20
-16
-10
-2
2
4
2
-7
-13
-15
-15
-11
-9
-5
-1
4
14
17
14
9
10
12
10
15
19
22
18
16
11
16
26
24
24
26
30
24
24
22
17
13
16
20
19
16
12
7
6
7
9
10
2
4
4
-3
-11
-14
-17
-24
-20
-21
-22
-19
-27
-30
-28
-24
-22
-24
-23
-30
-38
-40
-39
-35
-30
-23
-17
-14
-18
-19
-19
-25
-22
-16
-8
-6
-3
5
-2
-2
-2
2
0
7
11
16
19
17
16
10
7
8
6
9
16
18
21
10
2
-8
-12
-5
14
20
23
24
13
-1
-1
3
9
10
18
22
19
23
21
16
16
16
12
19
17
18
12
9
10
2
7
11
12
16
15
15
9
7
12
14
20
18
9
-7
-13
-14
-12
-7
-10
-15
-21
-25
-22
-19
-19
-18
-22
-32
-35
-29
-29
-26
-20
-14
-10
-6
-3
-7
-6
-7
-10
-8
-9
-8
-3
-4
-8
-6
0
3
4
1
5
8
2
9
5
14
18
16
9
4
2
-1
7
14
24
26
28
18
10
7
-3
4
5
2
0
-6
-13
-18
-12
-8
-7
2
3
1
-4
-14
-16
-13
-13
-10
-11
-10
-11
-16
-18
-19
-19
-19
-18
-13
-6
-4
-10
-15
-10
-12
-17
-22
-20
-19
-16
-8
2
10
15
19
14
11
2
5
13
16
23
26
26
20
24
22
20
24
30
33
39
45
42
38
36
36
39
40
44
40
32
26
16
16
10
6
7
8
2
-8
-12
-13
-7
-6
-5
-4
-7
-9
-16
-24
-23
-29
-33
-26
-25
-17
-12
-18
-24
-31
-39
-44
-44
-43
-36
-29
-28
-23
-26
-28
-27
-20
-17
-13
-13
-19
-12
-11
-12
-9
-3
4
8
8
8
3
3
6
4
12
15
15
12
8
6
6
7
5
8
9
9
5
3
1
0
0
-3
-3
-3
-2
2
7
9
12
9
12
9
14
13
14
17
16
21
18
23
20
23
11
10
11
13
15
11
8
-4
-4
-3
2
4
7
4
-1
-7
-9
-6
-5
1
-2
-1
-4
-6
-3
-2
4
7
10
6
3
-2
1
-2
-3
-2
-2
1
-3
4
3
1
-4
-6
-5
-3
-2
0
5
11
8
6
4
4
6
4
1
-2
-1
-3
0
-1
-5
-13
-11
-10
-15
-10
-13
-12
-16
-17
-20
-17
-13
-13
-14
-17
-17
-18
-17
-15
-13
-11
-12
-16
-20
-22
-23
-19
-16
-17
-16
-16
-12
-6
-4
-3
0
1
5
8
6
6
6
4
6
4
6
11
12
18
20
21
19
19
17
17
22
24
26
27
30
32
29
25
25
26
25
25
27
28
25
18
15
14
8
4
2
-4
-6
-4
-4
-4
-1
-6
-9
-10
-9
-7
-10
-16
-17
-13
-10
-4
-3
-7
-10
-10
-6
-8
-9
-13
-14
-10
-6
-4
-5
-6
-13
-12
-8
-6
-5
-6
-13
-17
-13
-9
-4
-5
-7
-11
-11
-10
-9
-1
1
-1
1
0
-4
-9
-11
-10
-7
-4
-1
3
0
-6
-5
-4
-3
-4
-2
-6
-7
-5
-5
-3
7
10
10
10
8
7
8
7
5
5
11
11
8
4
2
4
3
-2
0
2
3
9
11
15
15
16
14
14
13
15
19
21
28
30
28
27
24
17
8
7
5
7
8
11
13
8
-1
-5
-4
-8
-2
2
-1
-1
-4
-8
-9
-13
-12
-12
-13
-11
-10
-15
-15
-15
-20
-18
-17
-17
-15
-18
-16
-11
-11
-9
-11
-9
-11
-15
-13
-17
-14
-15
-9
-7
-7
-6
-13
-17
-20
-24
-21
-17
-10
-9
-11
-12
-8
-3
-4
-3
0
1
2
4
5
7
8
5
0
-5
-6
-8
-2
2
2
3
-1
-2
1
7
7
9
10
10
11
10
15
16
19
23
24
21
24
22
17
17
20
20
19
20
16
14
13
15
13
13
16
14
17
16
13
13
13
15
12
3
1
0
2
3
3
3
0
-3
-7
-9
-12
-7
-4
-1
-1
0
1
-4
-7
-9
-7
-4
-3
-3
-1
0
-3
-3
-9
-9
-13
-10
-7
-8
-8
-12
-10
-10
-15
-19
-14
-15
-12
-14
-16
-14
-13
-11
-9
-8
-9
-9
-11
-11
-7
-4
-5
-6
-6
-11
-12
-11
-7
-1
-2
-4
-4
0
3
3
5
4
7
5
1
4
10
11
11
12
10
6
6
9
4
4
5
8
7
10
9
7
4
5
5
6
10
8
3
7
8
7
9
1
0
-3
-7
-9
-6
-5
-6
-5
-9
-10
-7
-9
-10
-12
-11
-9
-2
0
1
3
3
0
-1
1
-1
2
2
4
3
2
2
0
-3
-3
5
2
3
1
3
4
7
9
8
9
6
6
9
13
13
10
9
6
6
9
5
4
4
3
5
7
5
0
-4
-4
-8
-3
-1
-2
-3
-6
-3
-7
-8
-7
-3
-1
-2
-5
-5
-7
-7
-5
-3
-2
-7
-11
-15
-10
-7
-5
-7
-6
-7
-11
-9
-7
-6
-9
-8
-7
-3
-2
-2
2
1
3
7
8
10
7
9
8
7
8
6
6
9
11
16
18
20
21
15
11
15
15
12
13
10
10
12
8
8
6
0
-4
-6
-10
-11
-7
-8
-11
-10
-11
-10
-10
-14
-11
-8
-8
-8
-8
-9
-10
-11
-10
-9
-9
-7
-4
-8
-9
-5
-4
-5
-4
-5
-6
-2
0
1
0
-2
-4
-4
-4
-5
-4
-7
-5
-6
-8
-4
-4
-6
-7
-7
-11
-8
-6
-3
-1
-2
-2
-7
-9
-11
-16
-12
-9
-3
-2
0
1
1
5
3
8
9
11
10
10
11
9
9
11
12
11
13
12
16
17
18
18
19
22
26
29
27
26
21
18
13
14
12
14
14
11
14
11
10
8
6
4
0
-3
-4
-6
-6
-6
-5
-5
-3
-4
-3
-2
-5
-6
-6
-5
-9
-9
-10
-15
-17
-17
-17
-14
-11
-8
-6
-8
-9
-8
-8
-5
-5
-6
-6
-5
-5
-7
-8
-11
-10
-5
0
6
10
8
2
0
-4
-2
-1
-1
2
1
-2
-5
-9
-11
-11
-8
-6
-5
-5
-6
-5
-4
-5
-1
-2
0
2
1
-3
-4
-3
-2
-1
1
2
1
6
4
2
1
-3
-4
0
-1
1
1
-1
-5
-4
-5
-5
-6
-6
-5
-1
-1
-4
-6
-9
-10
-6
-4
-3
1
2
2
3
4
6
7
9
11
12
15
15
15
13
16
16
12
14
13
11
12
12
13
14
9
10
10
10
11
11
10
8
7
5
4
6
7
7
6
2
2
-2
1
-1
-4
-4
-4
-6
-10
-9
-10
-13
-15
-16
-19
-16
-14
-9
-6
-8
-9
-13
-14
-13
-11
-9
-6
-3
-5
-5
-7
-5
-4
-4
-1
0
1
5
7
8
8
6
2
2
1
1
4
3
1
-2
-5
-6
-8
-6
-4
-3
-4
-7
-9
-11
-11
-10
-1
0
4
6
7
8
6
6
6
5
9
8
10
11
10
10
9
11
9
7
7
6
6
8
8
9
9
9
11
10
7
2
-3
-6
-3
2
3
1
4
-1
-3
-6
-7
-7
-6
-4
-4
-5
-8
-7
-9
-7
-6
-6
-7
-9
-9
-9
-6
-5
-4
-7
-6
-9
-8
-9
-10
-10
-9
-7
-3
-1
-3
-3
-5
-2
-1
1
3
0
2
2
3
4
5
5
8
5
4
5
5
6
5
7
8
7
3
5
5
3
5
2
3
3
3
3
4
5
5
3
4
9
7
7
6
4
4
3
5
3
2
2
-1
0
1
-1
1
2
3
0
2
2
-2
-1
1
3
1
0
0
-1
-4
-7
-8
-7
-6
-7
-6
-7
-9
-9
-12
-10
-9
-3
-1
-3
-1
-2
-6
-4
-2
1
3
2
2
1
-2
-2
-3
-6
-2
0
1
1
1
3
2
2
2
3
2
5
1
0
-1
-2
-1
-1
-1
0
-1
-3
-4
-5
-4
-3
-4
-5
-5
-4
-4
-2
-5
-6
-4
-6
-6
-2
1
4
5
3
1
1
1
-1
1
3
1
4
5
2
5
4
5
6
6
9
10
10
9
10
10
8
7
5
6
7
10
10
8
7
9
8
8
6
7
6
5
4
-1
-1
-1
1
2
4
4
2
-2
-4
-7
-8
-9
-7
-5
-6
-6
-5
-5
-8
-11
-13
-14
-13
-9
-6
-7
-8
-9
-12
-11
-9
-8
-8
-10
-11
-12
-11
-11
-9
-6
-4
-2
-4
-2
-1
-3
-2
-1
1
3
4
3
5
7
9
12
9
5
6
5
6
8
8
11
8
10
8
8
7
6
7
8
10
10
11
9
8
4
0
-2
0
3
2
4
4
2
-1
-2
-5
-9
-8
-8
-7
-8
-6
-7
-8
-9
-11
-7
-6
-5
-4
-4
-2
-1
1
4
4
5
6
6
5
6
6
6
6
5
3
0
1
1
3
3
2
4
5
7
5
6
5
3
3
2
6
5
3
5
5
4
2
2
2
2
0
1
1
-1
-1
-2
-1
-4
-9
-8
-10
-11
-13
-13
-11
-13
-12
-12
-12
-13
-11
-11
-11
-9
-8
-8
-7
-6
-4
-5
-5
-2
-1
-1
0
2
3
3
2
3
2
0
2
4
7
7
7
5
4
0
-2
-2
-3
-3
-3
-3
-4
-1
-2
-4
-5
-2
1
2
3
1
2
3
4
3
3
3
0
0
2
1
6
7
7
10
9
9
7
7
7
5
5
7
8
9
8
8
6
5
2
3
5
6
7
8
7
8
8
8
9
7
6
4
4
1
0
0
0
-1
-4
-5
-7
-7
-8
-6
-6
-5
-6
-6
-5
-6
-8
-8
-6
-6
-5
-2
-2
-1
-2
-1
-3
-6
-5
-5
-3
-1
2
2
5
6
5
3
2
-1
-3
-2
1
1
2
-1
-2
-4
-7
-6
-7
-6
-3
-4
-4
-4
-5
-6
-8
-5
-7
-7
-2
-2
0
0
3
2
1
2
2
3
0
-1
0
0
1
0
-1
-3
-1
-2
-2
1
-1
-2
-2
-4
-4
-4
-4
-5
-6
-5
-4
-2
2
2
3
3
5
6
5
7
6
8
8
6
7
8
3
2
0
-2
-1
-1
0
1
0
-2
0
-1
1
3
3
3
1
3
4
4
6
7
6
9
9
10
10
10
9
7
7
6
7
7
8
7
6
3
-1
-3
0
-1
1
2
-1
-2
-5
-7
-8
-6
-8
-6
-7
-8
-7
-7
-10
-9
-9
-8
-8
-8
-6
-5
-4
-5
-2
0
-3
-3
-4
-6
-7
-6
-7
-5
