-1
-2
-2
-2
-3
-4
-4
-3
-3
-2
-3
-3
-4
-2
-3
-2
-3
-2
-2
-1
0
0
1
1
1
0
1
1
1
0
0
0
-1
0
-1
-1
0
0
0
-1
-1
0
0
0
0
0
-1
-1
-1
-1
0
-1
0
0
0
0
1
1
1
1
1
0
1
1
1
2
1
1
1
1
1
1
2
1
1
1
1
2
1
0
0
-2
-2
-2
-1
-1
0
-1
-1
0
-1
1
0
1
0
0
1
1
2
2
2
3
2
2
2
1
1
1
2
2
1
1
1
2
0
-1
-2
-1
-2
-1
-2
-1
-2
-2
-3
-2
-4
-3
-3
-3
-2
-2
0
0
0
-1
1
2
0
0
1
1
2
3
3
2
2
2
1
2
2
2
2
0
1
1
0
-1
0
0
0
-1
0
-1
0
0
1
1
0
0
1
1
0
0
-1
0
0
1
0
-1
-1
-2
-1
-2
-2
-1
-1
-2
-2
-1
-1
-2
-2
-2
-3
-3
-4
-1
-2
-1
-1
-1
-1
-1
-2
-1
-1
0
-2
-1
1
1
0
0
1
1
0
1
0
1
1
1
2
1
2
2
0
1
0
1
1
1
2
2
2
2
2
1
1
2
2
2
2
2
1
1
0
1
1
1
-1
0
-1
-2
-1
0
0
0
0
-1
-1
-1
0
0
-1
0
0
-1
-1
-1
-1
0
-2
0
-1
-1
0
-1
-1
-1
-1
-2
-1
-1
-1
-1
-1
0
-2
-1
-1
-2
-2
0
-1
-1
-1
0
1
0
-1
0
-1
-1
-2
-1
-1
-1
-2
-3
-2
-1
-1
0
0
1
0
0
0
1
1
1
0
0
1
2
1
2
2
2
2
1
1
2
2
2
1
1
1
2
2
2
2
1
3
1
0
1
0
1
2
0
0
0
-1
-1
0
0
-1
-1
0
-2
0
-2
-1
0
0
-1
-2
-1
0
0
0
-1
0
0
0
-1
1
0
0
1
0
0
-1
-1
-1
0
0
0
2
1
1
2
1
1
2
1
1
1
0
1
0
0
-2
-1
-1
-1
0
-1
0
0
-1
-2
-1
-1
-1
-3
-2
-2
-2
-2
-3
-2
-1
-2
-1
-1
-2
-2
-1
0
0
0
1
1
1
1
1
0
1
1
1
2
1
0
1
0
0
1
-1
0
1
-1
1
1
1
1
1
1
1
0
0
0
0
1
0
1
0
0
-2
-1
0
-2
-1
-1
-1
-1
-1
-1
-1
-1
0
1
0
1
1
0
1
1
1
0
1
1
0
1
1
1
2
2
2
3
1
1
1
0
0
0
1
2
2
0
0
-1
0
0
-1
-1
0
0
0
-1
0
-1
-1
0
-2
-2
-2
-2
-2
-1
-2
-1
-1
-1
-1
-1
0
-1
-1
0
-1
0
0
1
0
1
0
0
0
1
3
2
2
2
2
2
1
0
1
1
1
1
1
0
0
-1
-1
-1
0
-1
-2
-2
-1
0
0
0
-1
-1
-1
0
-1
0
-1
-1
-1
-1
0
0
0
1
0
0
0
0
-1
-1
-1
-2
-2
-1
-2
-2
-2
-2
-1
-1
-1
-1
-1
-1
1
-1
1
0
0
1
1
2
1
2
2
2
1
1
1
0
-1
-2
-1
-2
-3
-3
-2
-2
-1
-1
-1
-2
-1
0
0
2
2
2
2
1
1
1
2
3
3
2
3
3
2
3
3
3
3
3
1
2
3
2
2
2
1
3
1
1
1
1
0
1
0
0
-1
-1
-2
-1
-1
-1
-1
-2
0
-2
-1
-1
-1
1
1
1
0
1
-1
0
-1
-2
-1
-1
-1
-2
-2
-1
-2
-2
-2
-1
-2
0
-1
0
0
0
0
0
1
0
1
1
0
1
-1
0
0
0
0
0
0
-1
0
0
0
0
0
0
0
1
1
-1
0
0
-1
-1
-1
-1
0
0
-2
-2
-3
-3
-3
-4
-3
-3
-4
-3
-3
-2
-3
-2
-3
-3
-3
-1
0
0
0
-1
0
0
2
-1
1
2
1
1
2
2
3
3
3
3
3
3
3
3
4
3
4
4
4
3
2
2
2
2
2
3
3
2
2
1
1
0
2
2
1
1
1
1
1
1
1
0
0
0
0
0
0
1
0
1
1
0
1
0
1
1
1
1
1
1
1
1
1
-1
0
-1
-1
-1
1
0
0
0
0
0
-1
0
-1
-1
-1
0
0
-1
-1
-2
-2
-1
-2
-3
-3
-3
-3
-4
-4
-3
-3
-4
-2
-2
-1
-1
-1
-2
-1
-3
-3
-2
-3
-3
-3
-3
-3
-4
-5
-6
-4
-4
-4
-4
-3
-2
-2
-2
-2
-2
-1
-1
0
2
2
1
2
2
0
1
0
1
0
0
0
0
1
2
1
0
0
1
1
2
3
2
2
2
3
3
3
3
3
3
2
3
1
2
2
1
1
2
2
2
1
0
0
1
2
1
2
2
2
2
1
0
0
0
0
1
-1
0
1
0
-1
-1
-2
-1
-2
-1
0
0
1
1
1
1
1
0
1
1
1
2
1
2
2
1
1
2
1
1
0
1
1
0
2
2
1
2
1
1
-1
0
0
0
1
1
0
0
-1
-1
-1
0
-1
0
-1
-1
-1
-2
-1
-1
-1
-1
-2
-1
-2
-1
-1
-3
-3
-3
-2
-1
-2
-2
-1
-1
-3
-2
-2
-1
0
-1
-1
-1
-2
-2
-2
-2
-2
-1
-2
-2
-2
-4
-3
-2
-1
-1
0
0
0
0
0
0
0
0
0
-1
0
-1
-1
-1
-1
-1
-1
0
0
0
0
1
-1
0
1
0
0
0
1
1
0
1
1
1
1
2
2
1
3
3
1
3
2
2
3
2
3
2
3
2
3
2
2
4
3
3
3
3
3
4
4
4
3
2
2
2
1
1
1
1
2
3
2
2
2
1
2
0
2
1
2
2
2
1
1
-1
-2
-2
-3
-4
-3
-2
-3
-4
-4
-4
-3
-4
-4
-4
-5
-5
-6
-5
-4
-3
-3
-4
-4
-3
-3
-3
-2
-2
-2
-1
-1
-1
-1
-1
-1
0
0
0
1
2
2
2
2
1
1
1
1
1
2
2
3
2
2
2
1
1
1
1
0
1
0
2
1
1
0
1
1
1
1
2
1
0
-1
-1
-2
-3
-2
-4
-3
-4
-4
-3
-4
-4
-4
-3
-3
-4
-3
-4
-3
-3
-2
-2
-2
-1
-1
-1
-1
0
0
1
2
1
2
3
2
2
2
2
2
2
2
4
4
3
4
3
3
2
3
3
2
4
3
3
3
4
3
3
2
2
1
0
0
0
1
2
1
1
1
2
1
0
1
1
0
0
-1
-1
-1
-1
0
-1
-1
-2
-3
-1
0
-1
-1
0
0
0
0
0
0
-1
0
0
1
0
2
1
0
0
0
-1
0
-1
-1
-2
0
-1
-2
-2
-3
-3
-4
-4
-4
-4
-2
-2
-2
-2
-1
-1
0
0
1
1
1
3
2
2
1
1
2
3
3
4
3
4
4
3
3
3
3
3
3
3
3
3
3
2
1
1
2
1
0
1
1
0
-1
-1
-1
-2
-2
-2
-3
-3
-3
-2
-2
-3
-3
-3
-4
-4
-4
-3
-4
-5
-6
-7
-6
-7
-8
-8
-8
-8
-7
-7
-7
-6
-5
-5
-5
-4
-4
-3
-2
-3
-1
-1
0
2
1
2
2
1
2
1
1
1
1
2
4
4
4
5
5
7
6
7
8
7
7
8
9
9
9
10
11
10
10
10
10
10
9
9
7
8
9
8
8
7
7
6
7
6
6
6
5
4
2
1
-1
-3
-3
-6
-7
-8
-8
-9
-10
-11
-11
-11
-13
-11
-12
-11
-11
-11
-11
-12
-11
-10
-7
-6
-4
-3
-5
-4
-4
-5
-4
-2
-1
-1
0
0
-1
0
1
0
0
0
0
1
1
2
1
2
1
3
4
6
7
9
10
10
11
11
10
10
10
8
7
6
6
3
2
0
-1
0
-1
-1
-2
-3
-3
-2
-4
-4
-4
-3
-3
-2
-1
-1
-1
0
0
1
2
3
5
4
4
3
1
2
3
0
0
1
-1
-2
-4
-5
-5
-9
-10
-12
-13
-13
-16
-16
-17
-18
-18
-16
-15
-15
-15
-14
-13
-11
-10
-9
-9
-9
-8
-9
-9
-10
-9
-9
-7
-6
-5
-2
-1
1
3
6
8
12
14
17
20
21
23
25
27
27
29
28
29
27
27
26
26
25
26
26
26
24
23
23
23
21
21
22
22
23
23
23
23
22
21
20
19
18
16
14
12
8
5
1
-5
-8
-11
-15
-20
-24
-26
-30
-34
-36
-38
-40
-41
-43
-45
-47
-48
-49
-50
-50
-50
-52
-55
-57
-61
-63
-65
-68
-70
-69
-70
-68
-66
-64
-60
-55
-49
-43
-35
-23
-12
1
13
26
39
52
64
77
89
100
111
117
124
128
126
123
119
111
101
90
79
68
55
41
28
15
3
-6
-13
-17
-19
-21
-19
-16
-12
-6
1
9
17
25
34
41
47
52
57
58
57
54
47
39
30
18
7
-6
-16
-28
-40
-54
-66
-77
-86
-95
-98
-100
-101
-102
-101
-99
-95
-89
-88
-86
-89
-96
-105
-111
-113
-114
-114
-117
-121
-129
-137
-138
-135
-123
-108
-90
-71
-50
-24
6
37
74
111
147
181
209
234
250
255
250
240
226
210
192
171
142
106
67
28
-11
-44
-66
-82
-88
-88
-84
-75
-64
-48
-30
-7
19
55
92
130
163
190
213
228
239
248
253
259
256
246
226
198
157
113
71
27
-13
-53
-93
-136
-175
-213
-246
-270
-289
-296
-295
-290
-281
-272
-258
-240
-222
-203
-176
-144
-112
-87
-63
-51
-49
-54
-67
-82
-104
-129
-164
-202
-228
-247
-269
-299
-340
-368
-372
-357
-329
-288
-237
-173
-115
-59
6
81
169
261
350
431
501
553
589
605
604
599
585
560
519
465
393
313
233
144
60
-14
-70
-114
-147
-170
-178
-173
-168
-163
-147
-119
-77
-26
28
90
154
216
258
289
315
341
369
394
419
425
420
402
361
315
257
194
132
78
20
-38
-106
-172
-239
-305
-357
-393
-409
-413
-411
-410
-406
-398
-388
-376
-349
-315
-273
-233
-193
-159
-141
-126
-125
-123
-119
-116
-111
-110
-121
-140
-169
-206
-244
-280
-310
-353
-402
-443
-469
-471
-478
-499
-534
-564
-573
-553
-496
-414
-309
-193
-76
26
130
249
383
532
661
782
886
953
995
999
990
960
913
857
787
692
585
466
338
215
86
-38
-158
-233
-272
-280
-267
-267
-258
-244
-219
-165
-90
-14
77
163
244
312
359
394
417
449
484
526
556
555
532
480
404
323
246
185
128
65
-7
-82
-163
-247
-327
-408
-462
-494
-500
-489
-484
-465
-457
-444
-423
-397
-350
-290
-238
-193
-151
-126
-112
-110
-109
-116
-124
-119
-110
-108
-122
-160
-217
-292
-370
-436
-490
-508
-500
-480
-496
-553
-633
-694
-703
-666
-599
-496
-365
-237
-136
-51
33
144
267
410
549
683
816
921
992
1004
981
947
901
858
814
763
704
606
484
337
180
37
-93
-178
-229
-255
-277
-311
-348
-381
-393
-368
-319
-240
-142
-39
54
115
156
187
232
295
364
442
511
554
552
503
434
359
294
250
214
187
148
86
4
-110
-224
-321
-386
-415
-422
-408
-398
-407
-434
-453
-463
-445
-392
-320
-229
-160
-112
-92
-86
-87
-77
-57
-36
-21
-16
-22
-51
-88
-134
-213
-304
-401
-474
-502
-495
-488
-537
-637
-755
-820
-817
-769
-694
-586
-449
-318
-209
-127
-27
99
249
418
586
777
956
1090
1164
1162
1118
1073
1035
991
944
883
801
680
525
352
184
49
-69
-161
-228
-261
-269
-277
-299
-332
-346
-329
-296
-230
-140
-46
42
106
148
183
214
246
290
340
387
425
433
401
325
243
170
107
59
11
-36
-81
-140
-219
-303
-381
-435
-455
-452
-416
-389
-371
-363
-366
-378
-380
-351
-302
-243
-192
-155
-132
-132
-153
-170
-177
-159
-125
-94
-78
-66
-60
-69
-108
-153
-194
-232
-278
-328
-351
-337
-328
-367
-468
-569
-610
-611
-591
-544
-462
-350
-237
-161
-93
-14
103
241
386
530
676
821
931
991
1002
998
997
990
966
929
880
795
674
520
367
243
139
50
-36
-121
-193
-228
-248
-286
-325
-350
-358
-350
-321
-271
-205
-141
-93
-69
-51
-25
20
87
147
208
267
304
309
293
265
235
222
202
182
158
116
71
-1
-74
-144
-205
-230
-245
-252
-260
-270
-286
-307
-316
-311
-286
-263
-238
-219
-200
-176
-164
-159
-159
-147
-114
-79
-46
-23
-10
-15
-24
-37
-56
-77
-95
-120
-158
-216
-252
-250
-245
-277
-370
-471
-539
-556
-551
-526
-471
-395
-315
-264
-217
-161
-63
63
188
320
434
550
654
719
754
774
788
796
784
746
709
656
574
473
362
268
194
125
49
-21
-63
-61
-64
-95
-139
-179
-204
-222
-225
-207
-171
-115
-76
-65
-69
-77
-70
-50
-14
26
67
107
120
104
74
48
41
52
58
73
95
94
67
18
-27
-55
-78
-87
-83
-79
-76
-85
-109
-144
-169
-181
-200
-207
-193
-175
-161
-165
-187
-206
-215
-212
-190
-163
-153
-149
-148
-153
-159
-158
-149
-148
-157
-181
-225
-254
-257
-236
-232
-277
-354
-409
-418
-412
-416
-415
-369
-306
-232
-165
-96
-2
106
221
335
456
569
680
756
803
827
841
853
845
826
806
782
743
680
594
509
434
353
260
171
113
78
36
-18
-99
-166
-216
-269
-309
-321
-309
-286
-276
-293
-313
-317
-305
-271
-232
-194
-154
-115
-97
-100
-94
-81
-51
-16
8
31
56
72
65
35
-1
-35
-61
-76
-81
-73
-76
-98
-124
-173
-214
-240
-255
-252
-245
-226
-214
-216
-217
-216
-218
-184
-145
-108
-67
-29
12
46
69
71
51
36
35
34
15
-34
-103
-137
-153
-173
-217
-283
-335
-360
-371
-379
-371
-324
-247
-177
-122
-74
2
102
212
307
399
487
561
617
663
697
724
738
716
689
660
626
572
493
405
318
224
130
34
-35
-81
-115
-151
-210
-268
-317
-356
-385
-401
-395
-351
-300
-268
-254
-241
-214
-193
-169
-142
-92
-27
35
76
88
87
97
119
147
175
194
198
190
146
95
61
35
22
10
-2
-13
-32
-76
-124
-162
-191
-205
-221
-197
-144
-100
-86
-112
-127
-117
-106
-71
-7
52
94
115
118
113
111
97
78
66
70
73
44
-14
-101
-175
-205
-233
-280
-353
-404
-418
-409
-425
-445
-432
-377
-302
-253
-187
-99
-2
96
175
246
325
413
510
580
633
660
658
633
585
527
482
444
385
301
204
105
8
-95
-185
-252
-281
-301
-341
-372
-393
-406
-434
-459
-450
-423
-360
-297
-250
-214
-195
-174
-141
-104
-55
13
68
113
152
183
228
259
282
289
296
305
299
285
270
269
257
235
218
204
189
177
132
113
104
68
39
21
30
50
33
45
55
30
40
27
53
77
91
86
76
82
75
69
50
25
-12
-39
-75
-99
-138
-192
-269
-335
-375
-381
-373
-413
-462
-526
-575
-602
-604
-571
-507
-420
-365
-324
-284
-248
-195
-126
-48
42
140
249
335
398
425
409
376
337
320
329
359
366
340
273
189
92
4
-53
-66
-74
-93
-114
-129
-158
-193
-231
-259
-239
-201
-147
-102
-65
-39
-33
-23
-2
46
111
181
247
308
352
366
360
356
372
391
425
466
473
453
416
359
317
283
267
268
260
258
246
199
131
68
42
-2
-14
-5
16
31
45
-2
-49
-69
-86
-52
-47
-44
-55
-47
-54
-94
-168
-198
-220
-247
-267
-293
-292
-340
-404
-501
-583
-617
-597
-589
-621
-670
-708
-709
-721
-722
-704
-621
-527
-443
-362
-287
-211
-156
-108
-43
56
162
258
317
370
408
423
413
394
381
383
402
398
380
342
291
219
131
71
51
70
85
70
29
-10
-39
-76
-86
-63
-18
35
70
88
96
100
103
118
150
213
277
335
373
403
416
398
388
406
442
484
511
530
517
465
387
332
305
286
260
240
218
187
141
77
33
-41
-53
-73
-88
-87
-112
-101
-148
-195
-195
-230
-213
-163
-155
-175
-197
-211
-247
-291
-268
-256
-287
-303
-335
-361
-419
-481
-523
-576
-620
-646
-634
-608
-635
-692
-739
-753
-736
-715
-669
-597
-494
-425
-387
-335
-275
-199
-132
-37
85
202
307
395
453
502
542
562
577
597
624
641
643
622
576
489
416
374
334
305
263
239
202
140
76
37
13
8
21
53
83
106
105
96
90
99
125
167
214
258
300
307
310
305
315
346
374
418
447
462
431
395
363
329
294
264
240
234
228
157
94
-24
-69
-120
-162
-181
-180
-189
-207
-235
-304
-332
-394
-371
-336
-321
-355
-354
-387
-428
-477
-512
-466
-487
-453
-472
-493
-527
-541
-559
-600
-620
-611
-597
-617
-589
-563
-511
-535
-579
-610
-608
-564
-520
-460
-382
-286
-247
-221
-189
-109
-11
88
192
300
402
501
584
633
687
708
739
771
780
802
810
799
741
644
553
513
504
480
435
389
342
288
227
185
154
127
126
114
125
131
125
115
96
107
143
181
240
270
277
299
315
326
348
361
390
403
426
448
437
389
345
287
212
196
180
152
41
-27
-76
-180
-239
-275
-302
-342
-411
-428
-426
-519
-515
-554
-632
-645
-637
-598
-612
-632
-594
-599
-674
-651
-655
-621
-606
-616
-604
-602
-616
-602
-580
-552
-540
-569
-515
-511
-489
-462
-439
-435
-451
-439
-392
-342
-294
-221
-172
-93
-35
25
97
159
229
330
440
536
612
672
765
829
888
932
940
939
916
875
849
825
783
708
633
586
545
485
440
395
317
232
170
128
113
108
70
42
27
13
-10
-40
-52
-58
-44
4
66
137
189
226
244
237
253
254
283
363
380
343
328
325
251
182
94
35
7
-21
-81
-154
-219
-286
-345
-429
-449
-511
-501
-590
-601
-598
-646
-640
-645
-581
-564
-616
-574
-511
-518
-530
-534
-458
-438
-386
-338
-332
-330
-320
-322
-310
-289
-248
-266
-280
-304
-316
-297
-299
-282
-296
-325
-349
-336
-308
-271
-244
-199
-109
-28
55
125
203
276
354
435
530
641
735
789
810
828
843
830
820
802
780
770
726
671
596
506
421
347
288
239
180
148
112
51
-4
-63
-83
-93
-105
-109
-67
-40
-51
-52
-10
24
49
95
144
200
232
235
278
269
258
303
309
293
260
266
202
154
69
20
-55
-85
-169
-236
-275
-311
-338
-446
-446
-516
-545
-598
-498
-526
-569
-543
-502
-512
-488
-456
-417
-412
-409
-318
-335
-300
-275
-235
-241
-259
-230
-149
-231
-215
-239
-236
-220
-246
-215
-277
-305
-369
-332
-301
-230
-258
-276
-277
-266
-208
-189
-82
-9
78
152
230
309
398
479
542
625
696
778
826
863
861
853
808
745
714
678
649
610
531
417
327
239
169
84
14
-6
-60
-110
-164
-193
-219
-235
-235
-220
-182
-134
-97
-71
-43
-12
13
73
140
186
228
233
254
266
254
268
274
277
286
203
208
119
41
-6
-129
-135
-186
-265
-268
-340
-399
-348
-462
-479
-503
-427
-387
-469
-358
-279
-337
-301
-299
-240
-162
-230
-161
-170
-172
-140
-149
-94
-126
-137
-68
-161
-173
-149
-179
-216
-263
-231
-253
-271
-306
-328
-316
-300
-266
-230
-235
-230
-253
-223
-170
-126
-40
19
114
159
198
267
334
377
425
490
534
580
624
660
647
620
575
511
481
439
406
391
337
237
148
78
6
-20
-42
-39
-67
-86
-94
-125
-136
-157
-142
-127
-102
-27
40
80
73
57
53
99
157
204
243
276
312
313
310
293
305
268
271
216
170
159
139
62
-48
-78
-171
-143
-223
-251
-237
-286
-307
-338
-315
-315
-243
-297
-275
-253
-212
-311
-208
-172
-220
-258
-198
-173
-283
-214
-201
-205
-244
-268
-251
-246
-235
-212
-251
-266
-272
-258
-263
-267
-236
-260
-269
-244
-194
-150
-170
-202
-206
-160
-143
-107
-53
10
91
148
170
206
253
277
305
357
418
471
500
518
525
481
450
422
378
331
325
325
279
221
148
66
31
30
0
-17
-14
-18
-58
-110
-106
-90
-95
-91
-56
-25
22
50
63
38
47
84
136
204
236
276
305
267
271
309
281
289
270
317
232
162
176
173
61
-14
-27
10
-59
-90
36
-66
-179
-160
-117
-169
-119
-103
-47
-160
-88
-149
-162
-134
-191
-157
-124
-178
-178
-207
-254
-227
-340
-234
-316
-293
-325
-301
-320
-372
-394
-375
-408
-380
-332
-347
-359
-348
-283
-295
-221
-261
-263
-278
-248
-216
-215
-167
-104
-26
-7
-2
46
101
122
165
174
246
288
287
305
309
302
279
254
220
203
199
218
210
169
128
93
81
68
70
107
98
64
57
63
69
58
90
140
163
196
222
235
238
245
260
306
399
440
435
462
478
432
403
404
424
418
405
391
357
275
286
228
111
61
8
96
-19
-49
-59
-133
-152
-266
-172
-239
-194
-233
-217
-292
-280
-327
-254
-312
-351
-321
-349
-295
-424
-329
-464
-320
-422
-410
-366
-323
-286
-348
-328
-313
-327
-348
-206
-291
-287
-336
-294
-334
-316
-259
-253
-292
-366
-317
-334
-326
-328
-265
-203
-144
-147
-109
-64
-14
23
79
166
228
302
353
376
426
451
440
446
443
513
521
531
491
445
408
361
293
255
253
257
257
199
168
111
71
18
0
-22
-15
54
44
49
58
63
56
104
178
272
276
330
379
374
439
397
441
414
428
447
376
333
273
182
89
105
48
-9
-92
-26
-172
-308
-285
-265
-355
-390
-256
-336
-414
-408
-265
-384
-451
-449
-338
-391
-378
-377
-345
-319
-416
-348
-298
-251
-276
-250
-212
-201
-246
-226
-193
-266
-232
-272
-286
-362
-360
-280
-284
-284
-356
-404
-377
-322
-359
-321
-266
-184
-143
-108
-53
-15
51
116
200
292
393
429
470
496
525
566
570
563
568
554
550
531
514
443
355
298
237
182
168
201
163
58
3
-20
-51
-88
-75
-22
-19
3
46
85
83
70
114
223
316
380
430
449
468
498
461
456
515
484
473
415
368
336
149
33
48
39
-150
-112
-171
-197
-341
-446
-452
-484
-449
-467
-481
-450
-378
-444
-388
-467
-357
-371
-344
-291
-299
-228
-231
-316
-206
-169
-211
-126
-163
-94
-164
-162
-114
-237
-160
-147
-221
-274
-351
-350
-297
-377
-327
-407
-518
-509
-510
-364
-375
-372
-280
-158
-100
-128
-81
79
155
182
285
434
489
479
486
511
543
546
551
546
562
520
459
445
380
309
256
189
171
107
107
109
88
30
-19
-43
-71
-32
-54
-55
-14
41
84
87
102
101
121
207
308
358
399
365
428
406
415
420
403
404
306
289
250
220
96
96
23
-45
-96
-139
-81
-243
-287
-348
-261
-342
-322
-309
-342
-232
-264
-257
-296
-165
-265
-151
-191
-106
-105
-105
-54
-182
-55
-155
-8
-41
-112
-88
-60
-112
-194
-217
-224
-256
-341
-296
-475
-432
-401
-386
-383
-520
-609
-595
-509
-515
-484
-438
-328
-269
-252
-244
-154
-80
-18
68
176
299
340
373
403
439
490
485
515
511
521
539
502
429
344
330
280
242
206
149
77
68
84
38
-45
-58
-10
-2
-10
-15
39
84
111
137
152
181
183
265
363
422
456
425
422
434
455
478
447
471
439
379
399
306
256
191
104
64
-8
-64
-131
-233
-289
-202
-312
-389
-369
-290
-320
-412
-386
-310
-235
-279
-274
-291
-143
-211
-227
-176
-224
-176
-173
-117
-138
-185
-157
-221
-244
-272
-271
-320
-309
-453
-429
-516
-583
-488
-449
-374
-552
-688
-709
-621
-599
-566
-498
-340
-260
-245
-237
-164
-42
45
145
260
435
509
513
556
597
632
662
680
718
672
632
610
524
449
381
345
339
262
157
98
126
94
-22
-55
-16
-20
-55
-72
-26
19
42
53
131
162
175
175
265
357
418
434
437
493
513
524
539
551
517
510
412
435
338
273
220
197
112
-46
-66
-194
-206
-267
-301
-335
-310
-432
-331
-385
-468
-488
-400
-288
-405
-399
-354
-267
-393
-320
-342
-306
-334
-245
-173
-217
-212
-245
-246
-289
-216
-329
-274
-309
-351
-477
-548
-543
-489
-338
-448
-605
-698
-671
-616
-595
-558
-459
-298
-203
-225
-250
-126
15
110
272
416
568
560
550
613
675
718
725
761
738
736
701
646
517
399
302
269
269
237
176
48
-46
-105
-103
-97
-66
-148
-185
-191
-181
-145
-95
-2
-8
19
67
166
239
277
330
412
485
536
560
548
539
526
515
531
527
540
501
423
235
198
210
89
20
-12
-59
-195
-229
-168
-170
-332
-337
-333
-351
-321
-362
-341
-339
-342
-346
-287
-277
-207
-279
-235
-269
-268
-223
-192
-226
-265
-298
-311
-308
-318
-297
-399
-510
-647
-609
-489
-313
-428
-687
-850
-786
-701
-645
-627
-502
-322
-214
-216
-219
-122
-22
122
279
477
597
628
606
634
694
744
824
825
778
714
663
600
456
374
313
242
168
69
-1
-84
-170
-255
-278
-243
-182
-181
-232
-266
-325
-262
-161
-70
-36
-30
52
123
179
240
271
347
417
540
633
627
605
560
555
562
619
646
598
474
312
201
195
196
157
81
-31
-81
-122
-142
-155
-228
-327
-289
-229
-278
-270
-277
-352
-363
-341
-262
-191
-231
-236
-246
-270
-218
-149
-106
-103
-168
-198
-201
-245
-276
-389
-591
-677
-486
-184
-220
-630
-946
-943
-778
-742
-750
-669
-514
-347
-375
-399
-358
-197
0
200
369
506
568
562
549
617
761
870
884
811
776
698
585
418
279
214
199
194
120
-29
-195
-348
-500
-484
-338
-144
-163
-388
-503
-428
-303
-212
-68
27
28
-5
49
228
290
228
327
520
711
747
688
638
531
614
754
869
929
798
658
493
442
451
426
417
326
194
113
13
-89
-247
-301
-253
-208
-167
-298
-428
-536
-555
-556
-415
-317
-271
-368
-420
-415
-399
-343
-241
-186
-220
-233
-245
-249
-330
-339
-348
-477
-720
-675
-340
-153
-462
-971
-1158
-895
-680
-718
-810
-762
-512
-421
-460
-505
-387
-114
153
383
525
627
628
547
622
835
1054
1101
967
820
742
722
631
524
386
319
256
178
20
-178
-270
-352
-339
-340
-329
-287
-315
-469
-603
-483
-217
-21
-8
-77
-104
-90
28
182
328
373
381
460
573
613
560
559
609
722
870
921
903
728
550
463
516
628
643
558
348
130
-13
19
59
-35
-160
-233
-273
-342
-369
-398
-462
-480
-433
-374
-356
-423
-480
-584
-533
-408
-199
-100
-203
-320
-409
-385
-327
-284
-346
-593
-819
-563
-173
-171
-703
-1176
-1161
-839
-681
-792
-907
-785
-563
-434
-442
-486
-293
-7
248
420
559
698
738
712
813
1080
1297
1228
990
824
791
813
740
567
430
362
251
97
-81
-205
-335
-502
-532
-422
-239
-365
-641
-785
-706
-490
-279
-121
-82
-236
-359
-248
2
235
208
206
339
549
604
472
463
512
676
828
936
961
859
727
548
520
665
802
760
526
290
208
144
126
61
22
-16
-136
-215
-344
-407
-483
-501
-424
-373
-348
-380
-514
-615
-532
-436
-355
-282
-231
-250
-402
-489
-414
-271
-309
-643
-871
-568
-114
-95
-757
-1385
-1287
-796
-536
-763
-947
-804
-562
-462
-592
-572
-306
-20
203
389
544
631
657
674
811
1141
1404
1351
1069
846
823
892
855
699
576
504
365
162
-82
-264
-344
-274
-151
-221
-378
-563
-662
-725
-687
-479
-265
-141
-155
-330
-476
-401
-121
174
287
239
248
370
434
401
400
532
794
900
856
788
753
697
595
616
740
842
741
517
327
239
199
192
189
170
89
-116
-321
-414
-322
-284
-347
-434
-471
-479
-521
-532
-512
-463
-448
-444
-403
-328
-348
-452
-564
-495
-343
-429
-753
-983
-676
-117
-114
-827
-1462
-1346
-780
-616
-841
-994
-781
-480
-480
-591
-572
-232
139
334
468
592
702
740
702
878
1262
1538
1444
1134
967
979
1005
863
694
632
596
489
266
-13
-194
-352
-409
-305
-119
-131
-505
-898
-916
-683
-491
-374
-282
-234
-398
-556
-492
-210
43
92
90
177
335
387
285
195
328
663
919
918
710
576
608
625
640
753
901
847
581
353
359
438
395
304
264
242
95
-130
-250
-242
-220
-211
-306
-404
-499
-546
-551
-562
-531
-494
-455
-470
-434
-402
-473
-587
-584
-416
-370
-670
-986
-806
-219
-48
-695
-1437
-1480
-872
-529
-798
-1106
-965
-552
-437
-641
-678
-364
68
338
452
592
752
797
740
841
1216
1556
1543
1211
970
965
1050
995
777
608
572
560
386
37
-248
-333
-299
-210
-102
-130
-446
-810
-874
-708
-505
-370
-310
-348
-507
-631
-538
-249
-17
-17
-79
-10
158
299
275
211
256
537
822
868
699
536
560
661
734
811
903
863
666
466
428
513
555
491
416
347
211
66
-9
10
12
-68
-226
-310
-348
-423
-502
-500
-425
-409
-485
-558
-534
-462
-497
-612
-596
-403
-454
-847
-1127
-801
-196
-209
-1023
-1687
-1478
-831
-674
-1020
-1217
-998
-666
-640
-745
-661
-361
-10
242
434
546
596
648
732
981
1303
1530
1435
1158
972
972
1078
1036
838
669
588
537
365
77
-158
-200
-57
1
-117
-336
-523
-656
-690
-549
-356
-260
-315
-428
-558
-629
-512
-240
-10
5
-148
-187
-30
135
216
221
347
544
632
636
559
590
686
751
754
748
756
712
617
516
567
619
582
413
304
241
144
33
0
105
125
-31
-301
-434
-382
-299
-312
-359
-363
-378
-429
-488
-440
-403
-428
-526
-478
-413
-642
-992
-990
-450
-30
-410
-1264
-1625
-1234
-699
-727
-1022
-1030
-692
-490
-698
-857
-648
-193
152
326
440
573
630
586
667
1008
1406
1509
1260
945
929
1057
1089
888
687
662
661
509
178
-68
-144
-86
-29
-90
-223
-363
-410
-466
-586
-577
-418
-276
-343
-497
-538
-491
-409
-280
-131
-122
-208
-215
-54
93
99
75
180
380
520
546
499
488
531
634
719
701
682
652
583
507
494
578
610
440
272
257
245
149
24
-6
79
43
-152
-316
-326
-226
-230
-310
-413
-401
-366
-384
-401
-452
-463
-447
-352
-450
-751
-976
-692
-132
-90
-807
-1486
-1378
-796
-567
-900
-1139
-965
-651
-633
-828
-773
-412
10
198
262
398
514
558
552
792
1222
1464
1300
945
856
995
1088
1001
811
686
653
607
436
115
-86
-59
164
236
7
-250
-417
-485
-536
-445
-232
-98
-236
-522
-652
-606
-444
-263
-131
-135
-257
-349
-298
-177
-93
-20
60
174
251
267
202
177
293
532
700
650
476
407
439
457
539
653
711
560
338
252
325
367
254
155
177
220
78
-144
-245
-166
-83
-129
-187
-235
-253
-297
-309
-343
-361
-357
-288
-313
-586
-884
-826
-348
-5
-405
-1166
-1461
-1089
-636
-709
-995
-1030
-740
-574
-756
-892
-699
-212
136
193
236
359
510
557
647
972
1313
1348
1064
828
862
1002
1039
873
678
584
557
511
298
-10
-124
67
297
212
-102
-398
-508
-492
-329
-97
-28
-150
-386
-530
-550
-446
-295
-180
-154
-222
-307
-320
-285
-203
-92
-31
9
32
82
74
62
151
321
470
440
353
297
324
331
379
491
566
509
332
237
275
371
325
240
194
183
96
-57
-196
-187
-92
-85
-176
-337
-391
-350
-262
-191
-288
-437
-486
-348
-323
-580
-798
-559
-65
20
-598
-1205
-1177
-687
-452
-679
-865
-709
-454
-476
-732
-775
-365
175
425
320
225
348
557
701
908
1208
1373
1211
876
742
889
1041
1006
765
547
507
512
395
64
-138
-46
226
336
107
-273
-545
-539
-320
-77
7
-60
-250
-450
-595
-547
-314
-128
-124
-234
-317
-293
-275
-263
-188
-75
-17
-35
-65
-34
1
46
134
239
313
303
239
149
124
203
323
400
380
281
185
143
156
193
243
258
233
137
-11
-102
-107
-41
-16
-75
-173
-280
-327
-256
-132
-162
-360
-525
-455
-299
-425
-714
-664
-221
2
-453
-1096
-1216
-774
-401
-559
-835
-774
-479
-386
-623
-768
-476
114
473
415
227
263
510
707
880
1132
1318
1239
900
709
821
1023
1059
820
549
442
426
330
108
-131
-196
-54
160
192
-77
-447
-594
-491
-227
-18
73
-4
-231
-461
-537
-348
-52
60
-59
-246
-306
-228
-191
-173
-104
66
154
51
-115
-132
23
196
300
310
300
284
207
105
97
283
506
477
303
163
174
238
220
171
184
268
225
61
-107
-132
-1
80
5
-124
-212
-265
-270
-214
-102
-130
-307
-528
-468
-340
-443
-669
-627
-254
-105
-565
-1180
-1288
-832
-465
-611
-859
-806
-515
-474
-740
-802
-373
239
540
383
205
287
547
747
913
1210
1445
1302
879
632
772
1028
1053
810
560
472
422
235
-59
-280
-260
-7
145
13
-330
-635
-697
-533
-238
-69
-33
-115
-315
-520
-557
-334
-17
90
-26
-243
-324
-220
-170
-155
-69
53
111
-6
-199
-187
44
240
244
149
158
245
193
66
58
231
389
351
181
113
182
213
171
139
231
336
255
37
-85
-19
136
178
61
-67
-131
-170
-123
1
149
58
-212
-399
-304
-138
-265
-542
-577
-223
33
-316
-967
-1240
-947
-515
-477
-644
-721
-610
-549
-680
-655
-304
201
455
363
283
389
574
688
865
1178
1430
1338
950
660
718
940
1010
851
623
445
268
51
-149
-201
-169
-107
-91
-190
-397
-666
-768
-663
-453
-248
-146
-198
-400
-619
-652
-471
-130
95
39
-184
-362
-312
-145
5
82
155
233
175
45
-22
78
226
311
304
279
273
165
44
20
172
393
450
306
105
24
43
90
180
276
295
178
-24
-130
-65
59
98
47
-50
-129
-178
-159
-67
31
44
-94
-278
-306
-192
-209
-475
-704
-545
-131
-61
-569
-1177
-1286
-933
-565
-562
-704
-792
-819
-778
-671
-398
-87
146
268
339
467
532
596
752
1063
1388
1443
1198
906
787
880
969
964
861
673
413
132
-53
-110
-48
-36
-120
-263
-356
-408
-539
-668
-627
-406
-201
-143
-283
-470
-614
-564
-329
-39
109
-2
-264
-410
-313
-30
177
202
158
134
153
140
151
253
367
433
421
394
349
242
156
203
359
461
398
232
72
-4
29
117
208
213
95
-58
-144
-118
-22
57
45
-32
-126
-173
-173
-122
-32
-31
-59
-128
-167
-238
-291
-318
-456
-560
-487
-261
-183
-506
-1035
-1284
-1107
-692
-538
-722
-981
-1017
-743
-510
-459
-441
-252
123
386
439
403
522
781
1020
1185
1297
1310
1188
984
861
913
1046
1031
788
458
231
159
100
14
-32
-32
-162
-386
-493
-376
-308
-451
-553
-454
-285
-248
-386
-496
-540
-407
-114
54
-1
-216
-273
-131
5
138
163
185
161
191
319
309
275
244
307
380
401
411
355
268
199
200
294
327
288
154
-8
-94
-46
80
95
8
-149
-229
-214
-188
-120
-109
-126
-171
-211
-177
-161
-216
-253
-259
-98
-6
-109
-347
-481
-397
-379
-538
-613
-394
-199
-407
-938
-1226
-1085
-809
-795
-858
-785
-591
-525
-633
-703
-477
-31
355
521
558
564
593
672
882
1227
1464
1424
1182
984
939
963
973
902
807
669
479
263
51
-35
-59
-92
-157
-217
-206
-277
-457
-650
-664
-427
-129
-15
-219
-479
-527
-369
-168
-19
77
136
104
-10
-81
20
207
371
466
473
457
419
325
291
345
493
590
557
447
318
155
68
187
362
384
156
-96
-179
-155
-126
-127
-115
-109
-192
-343
-448
-435
-355
-278
-239
-292
-379
-435
-422
-345
-288
-258
-217
-198
-299
-465
-567
-546
-574
-678
-683
-444
-246
-490
-1103
-1488
-1284
-766
-508
-603
-731
-676
-572
-622
-627
-340
189
553
547
384
419
640
819
933
1126
1391
1458
1222
918
829
943
1008
909
743
636
578
404
144
-68
-79
32
95
8
-218
-416
-470
-380
-327
-294
-207
-105
-121
-271
-395
-312
-90
114
129
62
62
145
217
215
287
399
514
567
513
453
398
411
460
529
577
552
467
358
265
167
135
168
226
199
61
-99
-180
-214
-284
-341
-306
-230
-251
-344
-484
-545
-537
-493
-432
-373
-331
-405
-507
-538
-499
-446
-418
-388
-398
-476
-598
-657
-606
-562
-624
-722
-706
-534
-444
-596
-816
-911
-770
-586
-441
-353
-335
-323
-279
-172
-31
85
200
349
541
694
686
636
671
864
1086
1113
952
791
791
874
865
734
590
514
506
453
310
239
192
127
29
-59
-99
-62
-8
25
-9
-77
-107
-98
-56
-37
25
79
114
105
90
109
112
116
172
235
248
208
177
212
268
232
176
202
295
289
140
15
40
157
211
132
44
42
20
-74
-153
-133
-13
22
-46
-157
-245
-283
-281
-232
-199
-230
-332
-407
-450
-492
-561
-579
-516
-471
-531
-680
-772
-742
-657
-603
-605
-556
-454
-427
-507
-587
-510
-290
-86
-28
-99
-178
-196
-155
-63
24
123
202
193
92
-16
15
144
242
273
271
272
266
222
212
285
391
405
345
349
453
513
412
265
284
477
559
468
330
302
343
329
281
297
345
309
148
4
33
113
103
-42
-124
-45
26
11
-53
-101
-102
-76
-33
64
146
187
166
175
242
319
336
283
264
316
431
504
418
263
148
128
177
221
211
170
93
-46
-208
-288
-230
-162
-202
-305
-372
-380
-404
-508
-628
-635
-555
-463
-450
-503
-562
-594
-594
-577
-514
-430
-369
-375
-406
-408
-411
-368
-229
-85
-41
-135
-256
-282
-162
-81
-80
-75
-48
-48
-150
-249
-185
-21
91
48
-34
13
140
226
222
193
201
269
384
498
537
463
403
408
473
529
535
539
485
375
271
262
365
421
343
181
68
53
91
92
20
-59
-64
-23
-1
-32
-120
-190
-194
-107
-11
46
50
51
59
50
42
104
229
317
291
231
213
229
223
178
197
235
236
170
59
-24
-92
-103
-53
-11
-66
-169
-255
-269
-243
-241
-290
-299
-291
-278
-319
-409
-426
-386
-323
-289
-305
-287
-275
-302
-343
-339
-283
-195
-109
-69
-104
-197
-219
-209
-148
-68
-15
-39
-150
-219
-175
-95
-59
-20
-16
-38
-89
-125
-73
33
200
260
213
110
85
177
320
412
413
365
294
262
230
240
288
341
348
264
166
129
148
168
77
31
12
44
10
-71
-118
-90
-92
-106
-110
-81
-49
-93
-127
-137
-80
-15
50
120
157
139
88
50
139
211
249
203
136
198
313
307
213
177
212
274
189
138
27
-27
104
246
232
71
-39
-163
-123
-172
-154
-127
-152
-203
-232
-228
-282
-325
-303
-246
-329
-332
-366
-250
-180
-185
-178
-266
-331
-264
-236
-297
-250
-157
-7
-62
-241
-337
-272
-141
-83
-60
-12
-56
-62
-99
-40
30
40
70
79
139
244
273
256
238
252
363
315
334
306
316
329
283
205
157
101
120
167
144
23
-158
-146
-68
-2
-14
-82
-156
-241
-295
-232
-160
-65
-13
-57
-57
-114
-162
-145
-87
36
75
127
108
124
147
147
120
100
145
175
251
264
260
218
228
213
177
110
47
102
158
221
211
185
83
-52
-145
-83
84
143
82
-18
-36
-25
-39
-110
-221
-273
-235
-174
-163
-179
-197
-220
-291
-382
-377
-348
-318
-271
-250
-184
-168
-157
-100
-139
-199
-247
-199
-82
32
95
116
106
65
-45
-145
-112
-56
53
147
222
221
124
0
-77
-46
55
132
132
126
111
81
31
24
106
172
162
79
55
137
259
305
277
256
250
249
236
242
264
288
285
259
237
205
135
32
-58
-90
-84
-73
-96
-149
-183
-265
-343
-413
-417
-310
-189
-159
-207
-201
-141
-75
-57
-20
64
189
233
198
178
244
324
297
225
189
228
213
136
50
26
30
-25
-123
-204
-246
-253
-274
-284
-291
-324
-386
-439
-414
-351
-333
-337
-285
-198
-146
-192
-232
-231
-227
-310
-468
-571
-490
-258
-67
-44
-157
-328
-485
-568
-610
-548
-319
29
361
514
519
482
543
693
830
899
918
1008
1192
1395
1474
1420
1292
1110
866
572
293
159
147
139
51
-126
-320
-509
-694
-849
-970
-1007
-978
-948
-889
-774
-612
-458
-412
-395
-377
-312
-196
-51
151
382
556
625
657
727
811
801
733
661
641
632
546
422
346
338
271
67
-231
-493
-673
-772
-827
-828
-798
-800
-851
-916
-887
-775
-681
-646
-590
-446
-223
-26
104
189
273
321
341
361
375
395
410
433
410
343
251
170
145
83
-41
-176
-315
-488
-710
-897
-969
-857
-672
-583
-643
-740
-793
-819
-826
-801
-652
-351
51
407
670
845
1008
1164
1284
1314
1288
1295
1375
1555
1682
1686
1575
1370
1095
748
363
38
-158
-257
-413
-628
-849
-940
-918
-935
-1059
-1201
-1275
-1261
-1189
-1118
-964
-715
-417
-179
-35
82
181
295
426
535
693
859
994
1049
1087
1169
1223
1159
972
765
639
600
523
390
222
65
-128
-349
-523
-613
-682
-807
-982
-1102
-1098
-1030
-943
-913
-838
-698
-569
-466
-404
-315
-183
-40
67
157
247
302
324
321
296
264
253
215
169
125
107
67
3
-110
-283
-476
-699
-923
-1053
-1035
-898
-774
-743
-759
-786
-790
-785
-730
-607
-397
-84
243
561
814
1035
1280
1513
1650
1642
1589
1604
1677
1718
1683
1597
1475
1250
970
635
316
37
-259
-578
-869
-1082
-1240
-1335
-1365
-1336
-1304
-1280
-1272
-1284
-1268
-1207
-1046
-791
-521
-256
-27
190
388
560
699
825
931
1019
1110
1166
1208
1243
1273
1230
1160
1050
917
784
597
381
166
29
-93
-245
-421
-593
-700
-760
-800
-857
-885
-872
-859
-870
-873
-774
-578
-374
-259
-209
-123
-7
72
109
137
214
290
260
156
85
101
138
132
83
11
-47
-131
-275
-393
-408
-382
-426
-582
-816
-980
-1006
-893
-747
-648
-559
-478
-423
-425
-483
-467
-308
-20
244
427
598
805
1104
1337
1439
1430
1385
1333
1299
1251
1184
1148
1012
787
542
276
108
-100
-313
-562
-812
-979
-1173
-1343
-1453
-1385
-1225
-1087
-1048
-979
-854
-652
-483
-390
-291
-181
-13
171
362
594
877
1135
1298
1344
1377
1423
1399
1306
1189
1108
1064
1003
908
804
690
553
353
105
-126
-325
-484
-657
-855
-1016
-1066
-1045
-1033
-987
-907
-809
-728
-677
-653
-571
-393
-221
-96
-17
78
242
422
497
491
473
449
399
301
205
189
212
167
57
-84
-177
-215
-264
-382
-533
-717
-930
-1102
-1131
-1009
-896
-835
-785
-670
-554
-530
-524
-424
-194
42
188
303
484
775
1094
1342
1447
1497
1491
1448
1345
1213
1088
917
645
324
105
-14
-142
-381
-676
-927
-1101
-1272
-1453
-1596
-1620
-1523
-1412
-1308
-1171
-962
-717
-485
-314
-154
33
237
437
602
775
988
1199
1342
1403
1487
1621
1708
1651
1475
1277
1116
992
850
696
527
371
197
10
-195
-360
-455
-590
-775
-1003
-1152
-1168
-1116
-1079
-1029
-904
-733
-604
-542
-438
-249
-32
120
206
269
364
461
524
537
557
589
588
566
485
395
301
226
128
15
-100
-253
-383
-446
-460
-523
-711
-968
-1115
-1086
-991
-967
-998
-943
-775
-656
-632
-576
-407
-166
5
124
290
533
820
1038
1185
1290
1368
1382
1300
1212
1153
1098
929
617
323
116
-42
-274
-577
-803
-941
-1104
-1329
-1493
-1501
-1427
-1347
-1311
-1256
-1114
-902
-642
-381
-109
126
300
438
605
815
1026
1212
1366
1458
1501
1524
1539
1561
1559
1493
1352
1135
915
721
534
335
143
-23
-181
-339
-543
-740
-869
-941
-968
-1023
-1098
-1149
-1120
-1034
-941
-836
-684
-479
-316
-200
-83
84
281
431
485
483
489
513
470
395
359
390
418
346
211
78
-21
-88
-169
-258
-329
-365
-397
-465
-591
-734
-842
-905
-883
-821
-756
-709
-656
-570
-493
-427
-324
-211
-89
39
159
273
413
615
839
1002
1050
1042
1039
1021
953
845
757
628
429
176
-52
-200
-323
-469
-646
-831
-981
-1059
-1096
-1085
-1033
-956
-891
-816
-701
-536
-331
-158
23
213
412
582
693
795
918
1055
1168
1231
1271
1312
1337
1349
1307
1230
1100
950
775
573
374
186
31
-105
-235
-366
-476
-578
-661
-715
-776
-794
-801
-795
-756
-723
-666
-555
-409
-260
-132
11
159
292
376
415
455
502
540
507
439
372
302
239
165
100
87
51
-34
-194
-350
-445
-511
-583
-637
-718
-859
-1072
-1252
-1262
-1149
-1017
-959
-921
-860
-756
-684
-576
-398
-178
0
80
144
256
482
751
977
1108
1180
1192
1166
1120
1068
1017
896
651
349
97
-76
-215
-382
-568
-731
-866
-982
-1024
-1000
-975
-962
-974
-941
-799
-595
-405
-207
-28
180
384
527
672
839
1021
1169
1242
1289
1318
1321
1326
1335
1310
1229
1092
914
758
598
431
276
95
-80
-258
-405
-506
-586
-627
-656
-682
-742
-781
-776
-721
-641
-563
-498
-412
-285
-148
-1
135
293
441
523
562
558
541
499
445
391
287
177
70
4
-49
-137
-258
-375
-442
-525
-615
-723
-795
-802
-809
-846
-888
-935
-979
-1015
-1001
-883
-748
-651
-586
-492
-374
-272
-218
-168
-58
123
298
412
492
591
711
802
864
939
1025
1062
1006
911
813
742
612
429
224
42
-114
-267
-392
-463
-513
-581
-681
-769
-818
-809
-733
-622
-480
-335
-196
-59
34
157
295
440
582
667
756
837
934
987
994
986
964
948
897
807
718
629
548
446
300
186
73
-45
-143
-221
-267
-330
-402
-475
-533
-587
-604
-615
-619
-604
-575
-495
-378
-231
-106
0
89
177
259
320
359
347
300
235
149
94
62
11
-63
-160
-243
-279
-298
-342
-421
-506
-560
-602
-638
-718
-823
-918
-977
-989
-994
-952
-876
-785
-682
-557
-434
-309
-186
-88
3
129
304
467
606
738
908
1073
1198
1260
1292
1300
1253
1137
986
812
637
436
216
-21
-237
-420
-582
-708
-800
-841
-857
-877
-883
-866
-797
-673
-536
-399
-275
-165
-43
113
311
494
604
701
826
964
1053
1074
1076
1078
1086
1041
963
850
738
629
503
371
222
94
-6
-99
-200
-301
-390
-475
-564
-604
-633
-640
-630
-646
-600
-522
-407
-278
-158
-52
28
122
209
288
364
405
388
334
260
187
104
26
-55
-150
-243
-343
-418
-451
-496
-589
-669
-708
-721
-722
-762
-767
-743
-698
-635
-577
-485
-378
-304
-273
-253
-209
-176
-147
-130
-121
-72
-5
49
64
78
119
191
257
294
350
400
467
506
535
567
571
546
501
486
488
474
413
325
221
140
71
-13
-110
-222
-326
-420
-479
-504
-521
-515
-463
-371
-258
-132
-19
112
265
395
504
581
677
777
850
907
929
956
969
961
956
937
891
797
685
550
450
345
230
111
-15
-134
-258
-353
-426
-493
-566
-652
-686
-698
-694
-679
-675
-616
-519
-402
-312
-259
-193
-124
-60
-36
-23
21
64
71
14
-63
-83
-64
-67
-130
-219
-311
-410
-519
-599
-646
-701
-786
-897
-979
-976
-926
-873
-850
-842
-774
-672
-557
-429
-287
-136
45
228
413
634
848
1005
1113
1193
1251
1282
1290
1268
1199
1065
896
687
476
275
64
-142
-330
-511
-660
-801
-899
-974
-1004
-990
-963
-899
-792
-645
-467
-275
-100
61
217
371
541
727
901
1030
1101
1129
1162
1196
1239
1244
1205
1119
979
843
711
571
384
197
32
-103
-222
-350
-456
-528
-586
-612
-630
-624
-596
-563
-515
-472
-397
-292
-190
-118
-61
-9
59
126
192
231
218
187
122
26
-71
-142
-195
-278
-390
-517
-595
-633
-657
-706
-744
-720
-679
-667
-672
-640
-579
-531
-513
-489
-414
-303
-225
-182
-116
-27
106
212
284
350
400
444
461
489
514
541
511
459
423
389
362
352
338
307
256
150
57
-15
-48
-79
-116
-157
-197
-249
-288
-293
-282
-235
-225
-224
-237
-232
-158
-40
87
183
227
263
306
371
459
545
612
645
657
648
663
663
638
602
567
538
501
432
357
282
199
126
62
7
-50
-114
-176
-210
-215
-240
-261
-275
-263
-222
-203
-224
-249
-221
-154
-141
-218
-334
-446
-522
-582
-592
-590
-616
-678
-742
-746
-732
-688
-650
-609
-537
-434
-312
-169
-16
130
262
362
449
551
668
743
758
734
684
631
544
426
298
160
53
-57
-182
-314
-419
-520
-599
-638
-637
-586
-512
-448
-375
-282
-180
-87
-6
79
150
229
290
337
353
366
381
413
456
474
491
486
470
449
411
353
254
140
46
-3
-26
-66
-140
-209
-249
-240
-213
-186
-138
-98
-51
-24
38
128
219
308
347
366
380
387
395
416
433
444
444
404
332
250
181
131
67
-37
-144
-238
-326
-418
-502
-558
-598
-618
-634
-633
-619
-586
-543
-524
-500
-477
-451
-393
-333
-282
-229
-175
-118
-79
-33
21
56
71
75
74
75
81
92
100
120
127
109
84
62
73
89
91
73
72
85
102
114
114
121
114
99
77
47
61
75
81
57
6
-3
2
8
14
13
16
22
-4
-52
-81
-88
-58
-32
-9
33
97
158
198
262
332
379
372
314
280
298
326
325
308
291
279
257
211
163
154
150
119
87
63
56
28
-14
-30
-19
11
25
21
26
43
48
33
25
26
56
62
13
-47
-119
-164
-198
-244
-310
-396
-486
-575
-633
-652
-644
-596
-545
-546
-558
-539
-488
-403
-320
-250
-163
-73
26
152
304
463
587
649
665
658
654
619
548
461
377
282
170
49
-55
-143
-238
-353
-474
-555
-600
-626
-648
-644
-601
-543
-470
-379
-278
-167
-49
42
124
211
301
397
455
477
479
482
505
520
511
477
409
329
261
195
137
75
-8
-101
-184
-250
-285
-328
-391
-433
-449
-443
-418
-367
-286
-188
-93
13
129
264
381
457
506
528
533
507
450
397
334
264
159
54
-40
-128
-228
-344
-437
-518
-550
-543
-510
-454
-369
-265
-142
-12
114
237
358
470
568
619
668
729
780
799
759
691
604
491
357
207
40
-131
-307
-473
-606
-688
-754
-821
-875
-874
-825
-750
-646
-541
-427
-330
-248
-140
-17
126
239
323
391
469
533
572
606
630
644
620
557
487
410
328
205
60
-92
-247
-387
-518
-626
-711
-762
-799
-811
-795
-731
-625
-514
-424
-314
-200
-88
8
103
206
312
402
460
531
589
625
621
571
504
430
346
251
143
43
-68
-210
-333
-402
-440
-454
-485
-507
-503
-475
-423
-361
-295
-223
-124
-25
55
138
227
306
384
448
490
529
556
573
579
573
547
492
418
324
228
138
65
7
-50
-103
-156
-193
-234
-266
-295
-332
-337
-327
-303
-272
-232
-176
-104
-36
16
75
119
148
177
183
157
130
102
80
58
30
-12
-60
-100
-143
-189
-220
-238
-248
-264
-301
-339
-353
-322
-282
-245
-217
-185
-137
-92
-44
12
77
117
144
154
174
228
281
328
355
352
351
333
297
262
233
212
174
117
49
-9
-49
-76
-97
-111
-119
-135
-169
-170
-159
-140
-128
-122
-120
-99
-55
-18
28
62
93
128
149
161
184
214
242
246
241
249
249
226
186
132
98
60
58
45
14
6
-17
-65
-101
-127
-133
-132
-139
-148
-143
-132
-119
-97
-63
-29
-6
-10
-50
-71
-91
-107
-122
-153
-154
-150
-155
-179
-213
-219
-226
-242
-262
-276
-292
-313
-349
-361
-349
-318
-285
-270
-257
-226
-176
-115
-65
-26
-5
14
33
44
62
74
75
95
124
146
163
195
212
195
170
161
164
169
186
179
184
208
235
264
283
304
328
341
349
356
367
377
360
341
304
284
260
241
247
242
240
209
161
103
60
28
-13
-54
-91
-131
-168
-172
-154
-117
-69
-54
-42
-38
-25
-2
-6
-1
-15
-34
-49
-59
-48
-27
-6
23
43
51
58
53
15
-15
-34
-67
-115
-175
-216
-240
-262
-291
-316
-328
-336
-341
-370
-392
-408
-429
-446
-462
-467
-456
-437
-426
-417
-401
-358
-294
-242
-187
-143
-84
-26
12
51
82
133
165
201
235
262
292
318
339
350
349
327
312
289
265
246
213
186
149
124
99
82
74
84
88
95
108
129
171
213
252
269
302
326
350
373
394
413
407
382
351
319
291
257
217
194
164
126
81
30
-26
-83
-134
-191
-250
-302
-332
-360
-374
-382
-394
-385
-356
-312
-273
-240
-209
-180
-172
-175
-190
-197
-197
-197
-212
-231
-238
-235
-247
-273
-287
-292
-297
-303
-295
-267
-222
-176
-139
-115
-87
-36
0
33
65
110
154
192
219
228
227
222
199
157
123
93
75
64
52
30
16
6
3
9
19
42
58
84
111
140
166
196
247
290
323
347
362
388
412
413
397
392
387
365
320
286
282
275
246
212
164
137
126
94
43
1
-13
-30
-53
-81
-90
-90
-99
-119
-145
-154
-167
-186
-232
-274
-316
-366
-414
-467
-500
-525
-544
-565
-585
-568
-553
-518
-478
-418
-346
-276
-180
-84
-3
66
112
143
171
202
245
264
279
292
274
262
253
224
193
159
123
62
-3
-68
-106
-127
-145
-153
-158
-153
-150
-134
-99
-56
-2
34
64
104
146
192
226
256
270
264
261
255
251
249
231
196
157
132
107
79
57
41
-7
-53
-79
-98
-120
-148
-159
-160
-154
-157
-156
-140
-109
-68
-29
-10
16
44
54
47
50
58
65
57
33
13
6
19
33
56
75
97
119
140
166
195
213
210
201
182
173
143
106
63
18
-27
-65
-101
-138
-164
-199
-220
-261
-294
-306
-328
-340
-333
-321
-296
-253
-208
-162
-111
-73
-25
3
33
78
115
141
146
148
148
153
158
167
179
176
162
134
98
79
67
66
43
20
7
-11
-23
-39
-43
-41
-43
-57
-82
-112
-123
-135
-149
-145
-150
-145
-148
-160
-162
-164
-166
-161
-157
-145
-125
-99
-72
-45
7
59
123
182
238
292
326
342
353
362
376
377
351
322
292
260
231
198
168
131
110
69
25
-14
-53
-69
-74
-72
-75
-77
-80
-67
-40
-7
37
67
73
79
70
71
79
70
53
13
-26
-54
-88
-145
-206
-255
-309
-357
-397
-421
-441
-445
-443
-452
-450
-446
-433
-412
-375
-334
-294
-246
-198
-152
-112
-69
-33
5
48
99
143
182
223
262
292
315
342
374
391
386
374
366
365
347
313
278
235
192
158
113
69
34
7
-16
-54
-79
-99
-116
-123
-121
-105
-63
-13
39
77
112
151
188
225
262
270
266
255
229
208
185
160
131
97
66
36
-6
-40
-68
-103
-140
-169
-214
-251
-277
-303
-306
-303
-294
-292
-279
-252
-218
-190
-168
-149
-139
-121
-111
-101
-93
-93
-94
-103
-103
-97
-80
-53
-28
-24
-17
-10
-4
10
23
32
38
53
64
79
87
89
92
87
74
61
37
37
39
23
19
10
15
19
32
39
48
72
99
138
177
223
272
314
337
343
353
374
387
374
347
318
284
238
178
112
53
-2
-61
-123
-183
-222
-262
-293
-326
-358
-368
-374
-376
-378
-380
-375
-375
-356
-326
-292
-263
-227
-189
-156
-122
-90
-61
-20
20
51
84
119
158
183
208
224
232
233
210
177
141
112
79
49
11
-25
-65
-105
-144
-176
-182
-185
-181
-177
-167
-134
-102
-63
-17
37
105
163
208
250
286
316
346
354
350
337
321
290
250
215
177
131
85
37
-1
-30
-60
-96
-139
-175
-211
-234
-242
-246
-252
-258
-255
-244
-230
-202
-167
-135
-100
-67
-19
30
77
124
164
207
238
254
269
280
287
280
264
231
199
166
121
82
34
-16
-67
-128
-185
-223
-241
-260
-282
-288
-296
-282
-260
-230
-193
-162
-119
-82
-53
-15
38
79
112
125
136
137
126
106
80
64
51
35
4
-16
-38
-45
-52
-73
-93
-113
-137
-162
-188
-209
-218
-221
-224
-214
-201
-173
-140
-113
-63
-4
51
99
143
191
238
281
298
310
324
315
303
283
261
235
218
179
136
106
71
39
-8
-48
-70
-100
-110
-117
-117
-101
-89
-75
-41
3
57
107
150
187
220
256
282
289
285
277
257
232
192
163
128
90
50
-3
-52
-107
-153
-207
-247
-295
-347
-392
-439
-472
-492
-503
-511
-518
-514
-489
-459
-418
-357
-279
-207
-131
-66
0
72
128
165
191
218
227
239
246
235
227
202
167
120
74
33
-8
-58
-101
-139
-171
-187
-191
-187
-172
-136
-98
-43
14
66
126
167
212
250
288
354
399
425
444
460
477
481
487
469
448
420
364
310
239
176
114
42
-38
-111
-173
-227
-274
-309
-330
-339
-340
-335
-316
-282
-230
-169
-111
-62
-3
51
92
119
146
174
194
200
187
176
164
138
101
58
15
-27
-79
-148
-210
-264
-296
-308
-314
-321
-325
-332
-329
-315
-293
-264
-240
-217
-201
-166
-129
-105
-73
-57
-42
-28
-18
9
18
29
37
35
27
22
21
6
-10
-30
-39
-47
-56
-62
-59
-47
-37
-19
6
35
69
92
110
135
156
173
189
207
235
252
259
271
279
282
282
262
240
216
186
159
129
100
75
68
49
34
32
34
43
50
51
50
59
70
68
63
55
54
49
46
44
43
43
40
32
31
28
16
-1
-20
-39
-60
-83
-102
-108
-125
-143
-156
-173
-183
-184
-195
-194
-185
-183
-166
-157
-150
-138
-127
-120
-108
-103
-97
-87
-90
-86
-95
-100
-107
-130
-148
-165
-180
-191
-194
-202
-206
-205
-198
-193
-182
-163
-146
-114
-89
-56
-15
33
87
141
188
239
281
312
342
358
364
353
342
336
306
287
267
244
220
179
137
90
43
-1
-32
-58
-81
-94
-101
-93
-68
-38
-11
16
53
88
115
143
178
198
212
210
211
208
191
182
145
108
62
9
-35
-75
-110
-149
-180
-217
-248
-275
-298
-311
-309
-306
-296
-283
-259
-231
-194
-159
-126
-80
-43
-4
31
60
83
101
120
128
122
108
91
70
40
9
-15
-34
-56
-74
-90
-109
-122
-130
-126
-125
-119
-104
-88
-73
-69
-53
-43
-26
-4
13
35
51
77
94
103
123
139
149
138
136
143
145
150
136
131
123
119
112
102
92
83
83
73
58
47
43
27
12
11
7
2
-1
-21
-38
-49
-61
-57
-55
-54
-58
-62
-64
-71
-77
-91
-99
-95
-92
-91
-90
-77
-55
-35
-13
9
36
65
83
91
92
98
98
97
95
77
67
48
20
-2
-19
-40
-57
-88
-125
-150
-172
-177
-175
-177
-180
-181
-175
-170
-149
-120
-92
-58
-33
-3
32
75
108
148
169
182
190
192
206
209
199
191
183
161
144
132
123
109
98
78
56
27
-6
-34
-57
-70
-84
-86
-77
-69
-56
-39
-28
-9
3
22
27
42
59
55
48
33
30
12
1
-14
-33
-58
-83
-98
-116
-125
-148
-166
-188
-195
-199
-199
-186
-167
-148
-127
-98
-74
-45
-20
5
21
36
50
65
82
98
107
120
136
134
137
137
132
134
129
113
93
76
58
35
23
3
-16
-33
-46
-48
-50
-48
-49
-57
-59
-53
-46
-33
-18
-5
10
24
18
9
15
22
35
31
20
15
11
3
-5
5
16
17
16
8
-6
-9
-15
-10
-11
-16
-32
-45
-48
-48
-37
-42
-33
-25
-24
-18
-11
2
10
18
24
40
42
44
61
58
59
58
50
56
45
47
46
36
27
9
-6
-17
-15
-18
-19
-32
-43
-60
-79
-87
-101
-112
-120
-127
-127
-142
-157
-160
-158
-146
-144
-136
-123
-107
-99
-83
-58
-35
-11
16
38
63
96
120
155
178
208
231
245
256
244
232
216
192
180
166
159
148
120
93
69
49
30
16
2
-9
-21
-30
-32
-48
-51
-50
-58
-57
-54
-43
-28
-9
10
21
36
52
56
66
73
67
63
52
46
47
42
31
21
11
-2
-19
-34
-37
-39
-50
-65
-76
-90
-99
-103
-107
-107
-108
-112
-118
-131
-134
-133
-139
-139
-140
-134
-133
-132
-119
-105
-86
-67
-50
-38
-31
-27
-34
-31
-36
-36
-33
-35
-34
-34
-37
-38
-43
-51
-56
-57
-66
-70
-83
-110
-120
-129
-134
-133
-119
-98
-74
-58
-34
-7
25
59
83
104
125
146
168
183
199
218
231
248
255
264
272
265
262
261
259
246
241
237
210
182
159
134
108
87
64
58
39
17
-8
-31
-39
-42
-42
-46
-55
-53
-51
-48
-39
-23
-12
-4
-4
0
12
13
20
26
24
21
19
15
-2
-17
-34
-44
-52
-62
-66
-76
-91
-104
-123
-133
-148
-168
-180
-189
-195
-202
-203
-207
-208
-215
-214
-208
-195
-193
-180
-169
-157
-134
-119
-101
-80
-60
-40
-23
-2
33
59
79
96
104
111
117
133
136
138
138
144
133
123
120
110
109
103
97
103
107
108
102
92
72
42
26
15
3
-10
-17
-20
-24
-27
-26
-24
-25
-15
2
22
37
49
63
74
80
70
67
65
61
61
56
52
46
34
18
8
6
-3
-8
-10
-23
-31
-29
-30
-33
-32
-28
-27
-20
-25
-22
-16
-16
-7
-6
-3
2
0
-1
-5
-9
-8
-12
-13
-17
-25
-28
-38
-46
-61
-72
-85
-95
-112
-129
-137
-144
-144
-146
-134
-116
-96
-86
-83
-67
-54
-42
-23
-1
25
51
76
86
92
111
121
120
114
107
97
86
72
53
43
25
13
13
6
3
-5
2
-1
9
16
24
38
44
51
57
63
66
81
92
105
102
103
98
99
96
95
96
82
70
61
54
38
28
15
-2
-20
-35
-57
-73
-84
-102
-113
-132
-150
-150
-147
-136
-127
-121
-108
-96
-83
-71
-49
-34
-18
-7
-2
2
4
20
34
50
59
64
60
55
52
52
56
52
41
29
19
11
-2
-6
-8
-13
-17
-22
-14
-19
-24
-26
-32
-36
-45
-51
-55
-59
-56
-49
-59
-60
-58
-67
-66
-61
-62
-53
-51
-49
-48
-41
-35
-29
-17
-5
10
18
23
36
44
56
63
69
75
75
72
66
63
49
34
22
13
6
3
-2
1
2
-4
-8
-4
-3
2
3
5
21
29
37
41
47
54
59
62
72
82
90
102
102
106
106
108
103
95
84
72
62
43
20
-8
-29
-53
-67
-81
-97
-105
-119
-119
-124
-129
-121
-118
-107
-97
-82
-68
-56
-48
-29
-16
-3
7
23
35
32
26
31
31
40
47
46
41
29
27
21
19
18
9
10
-2
-17
-17
-26
-24
-27
-21
-22
-31
-28
-19
-16
-11
-5
0
0
-1
10
20
31
44
52
58
59
58
54
56
52
47
37
30
25
10
-1
-13
-27
-32
-33
-38
-34
-28
-37
-38
-40
-41
-40
-44
-51
-50
-51
-47
-40
-39
-32
-19
-12
-12
3
8
21
23
29
39
33
23
18
11
3
3
-4
-15
-31
-31
-40
-46
-51
-64
-73
-80
-84
-91
-88
-85
-74
-69
-56
-34
-18
-4
10
19
30
44
56
60
56
53
60
69
68
66
64
63
66
69
72
78
78
72
74
72
73
78
73
75
73
67
59
52
44
43
43
37
38
31
22
20
17
16
15
11
1
-1
-7
-17
-19
-24
-36
-40
-43
-53
-60
-66
-75
-76
-89
-95
-102
-110
-106
-107
-104
-96
-85
-80
-74
-72
-74
-65
-52
-39
-29
-11
4
15
33
42
61
57
73
77
77
80
65
58
51
52
46
44
32
28
20
16
12
3
-4
-4
-7
-5
-11
-18
-17
-25
-22
-23
-16
-8
-5
6
21
34
35
37
43
39
34
33
33
33
27
19
15
11
6
5
1
-6
-16
-32
-38
-42
-52
-49
-51
-50
-40
-51
-59
-62
-65
-69
-66
-67
-68
-69
-63
-57
-60
-54
-41
-30
-22
-9
8
21
34
42
49
57
59
63
62
59
56
54
59
54
51
49
49
44
40
46
47
47
46
47
45
41
37
36
32
26
26
13
4
3
-3
-2
-12
-16
-12
-13
-17
-32
-28
-32
-40
-36
-36
-31
-30
-23
-23
-24
-23
-17
-7
0
8
12
19
14
17
20
13
17
13
11
7
7
6
3
4
4
-4
-4
-11
-16
-23
-25
-28
-33
-23
-15
-4
-2
5
20
24
34
43
52
50
59
55
52
53
52
51
50
48
38
36
22
15
1
-12
-28
-43
-58
-72
-87
-98
-109
-116
-120
-123
-121
-110
-109
-107
-108
-106
-100
-89
-80
-73
-64
-50
-43
-31
-19
-6
2
9
16
14
12
21
29
34
40
46
54
56
64
67
79
83
87
100
104
101
104
104
96
89
83
82
81
82
77
69
60
54
51
47
34
25
13
-1
-8
-19
-23
-32
-39
-44
-44
-51
-49
-53
-51
-47
-46
-48
-49
-44
-38
-27
-26
-11
-5
-5
-8
-7
0
4
1
2
-1
-6
-12
-12
-5
3
2
-3
-15
-19
-24
-33
-29
-30
-28
-26
-34
-37
-33
-28
-26
-24
-26
-22
-12
-8
-10
-3
0
3
14
17
18
18
16
15
22
16
18
20
14
15
11
6
9
8
6
14
6
5
1
7
9
4
7
9
7
-1
5
15
23
30
34
39
44
50
61
67
71
72
68
66
61
58
62
51
48
46
33
17
4
-14
-28
-38
-54
-63
-73
-80
-93
-103
-102
-107
-104
-101
-103
-96
-91
-84
-82
-79
-78
-72
-69
-59
-51
-44
-33
-30
-18
-7
-2
4
9
6
15
21
16
20
22
27
34
39
41
42
43
44
48
49
57
60
62
64
71
82
82
90
90
87
86
82
76
73
70
59
57
52
43
36
33
32
24
14
9
0
1
2
-3
-4
-18
-26
-29
-30
-22
-24
-31
-36
-42
-45
-51
-53
-55
-59
-67
-64
-69
-70
-67
-68
-62
-53
-50
-42
-40
-44
-43
-45
-43
-43
-48
-39
-32
-33
-31
-27
-23
-18
-9
-1
7
13
22
25
25
25
32
37
36
40
39
31
33
34
34
37
39
38
35
36
38
41
45
44
48
52
50
40
38
34
29
25
19
14
15
7
4
7
1
3
1
2
-2
-3
-3
-8
-13
-20
-23
-24
-29
-36
-37
-39
-41
-44
-50
-43
-41
-41
-43
-46
-54
-65
-72
-68
-63
-56
-45
-49
-46
-41
-30
-27
-22
-25
-20
-13
-7
-3
-2
7
10
13
9
16
27
28
35
39
44
49
52
57
59
59
52
49
49
49
52
51
51
54
47
43
38
30
29
29
25
26
26
21
23
16
12
1
-4
-8
-14
-19
-24
-26
-20
-16
-9
-3
5
10
13
16
14
12
11
18
17
27
34
32
37
33
38
38
37
37
33
22
14
-3
-15
-14
-26
-32
-45
-58
-69
-74
-77
-71
-68
-64
-63
-66
-67
-68
-73
-69
-61
-55
-47
-40
-33
-23
-13
-7
-3
3
7
3
12
17
20
22
19
15
7
6
-1
-8
-12
-17
-28
-29
-28
-32
-26
-26
-33
-34
-35
-33
-19
-8
1
13
19
17
11
14
19
13
10
3
6
17
25
31
34
40
39
32
38
45
54
57
58
54
53
58
63
65
58
53
52
46
36
36
29
21
19
16
13
10
14
14
15
15
13
11
5
8
12
8
1
-4
-12
-20
-20
-18
-11
-7
-4
-8
-12
-15
-14
-13
-17
-26
-32
-35
-39
-34
-31
-29
-31
-38
-38
-35
-33
-29
-29
-26
-20
-18
-13
-3
2
17
23
27
32
38
42
34
26
19
11
-2
-3
-10
-18
-25
-33
-44
-40
-44
-37
-45
-53
-56
-57
-55
-50
-43
-42
-33
-37
-37
-32
-25
-17
-14
-10
-6
1
-1
2
10
8
11
9
14
14
11
16
16
19
17
21
21
20
21
30
37
37
41
46
52
51
51
54
47
47
47
38
28
26
20
13
2
-4
-12
-29
-30
-38
-42
-42
-49
-54
-53
-50
-47
-42
-34
-29
-25
-19
-16
-14
-8
2
8
19
18
18
14
6
12
14
17
27
28
25
28
34
41
41
46
50
54
53
50
51
49
55
60
61
62
68
65
60
53
50
45
44
29
20
9
-1
-6
-22
-31
-41
-44
-54
-55
-55
-62
-66
-77
-78
-72
-72
-72
-66
-68
-68
-67
-67
-53
-46
-31
-28
-31
-35
-33
-27
-24
-16
-14
-1
3
8
15
22
20
21
26
27
24
23
27
21
19
16
25
30
30
31
30
37
35
38
36
30
26
27
21
14
16
16
16
3
-3
-6
-9
-9
-14
-12
-12
-24
-28
-32
-29
-25
-30
-37
-41
-48
-47
-41
-45
-44
-38
-40
-41
-41
-42
-41
-41
-38
-34
-32
-24
-20
-13
-4
2
9
14
23
32
34
36
41
44
50
58
66
64
63
60
58
64
72
77
78
73
60
51
36
36
34
32
24
17
11
-2
-2
-9
-13
-15
-12
-12
-14
-17
-27
-30
-38
-45
-44
-40
-33
-36
-35
-33
-33
-35
-27
-24
-25
-18
-18
-15
-13
-11
-12
-12
-8
-9
-9
2
7
10
12
14
18
15
19
21
21
23
20
19
26
21
25
18
13
11
1
3
-4
-6
-6
-2
-4
-7
0
2
10
11
-1
-7
-15
-18
-17
-21
-20
-21
-24
-29
-30
-14
-11
-8
-7
-5
-3
-5
2
6
5
-1
4
2
-1
-4
-7
-6
-12
-12
-12
-15
-16
-18
-15
-21
-24
-25
-26
-18
-10
-12
-15
-13
-8
-3
1
6
3
-1
5
3
9
14
12
14
8
10
22
34
13
-5
-6
16
47
51
44
32
15
-1
4
16
31
32
21
16
-1
-15
-21
-16
5
9
-3
-18
-34
-31
-15
8
17
7
-14
-37
-43
-35
-19
0
10
4
-9
-17
-16
-8
-4
0
-7
-21
-27
-20
-16
-8
-2
-4
2
1
1
4
11
14
18
25
25
27
30
29
32
40
45
47
45
50
51
45
49
52
47
45
41
34
25
18
16
15
15
18
20
22
20
14
11
5
4
3
-1
-3
-10
-19
-25
-28
-33
-41
-45
-53
-55
-54
-52
-49
-49
-47
-48
-57
-56
-53
-41
-41
-41
-36
-39
-37
-34
-26
-19
-23
-32
-33
-31
-29
-21
-13
-5
-2
0
9
13
19
17
20
20
19
24
18
20
16
11
11
15
15
19
22
20
16
13
28
31
30
33
38
42
35
33
32
27
27
25
22
18
15
17
19
16
8
6
3
2
1
-2
0
2
-1
-3
-7
-7
-8
-10
-6
3
-2
-9
-14
-21
-25
-23
-24
-24
-20
-23
-32
-32
-30
-25
-28
-26
-17
-21
-24
-31
-28
-17
-14
-9
-8
-23
-31
-32
-22
-11
-4
-3
-2
-10
-15
-10
-1
1
-6
-8
-18
-25
-26
-18
-8
-4
-1
-1
0
6
10
11
16
19
25
31
42
55
57
60
64
62
65
66
61
61
59
48
40
42
36
33
31
22
18
11
16
20
17
18
12
14
7
-1
7
6
9
11
12
4
-2
5
10
12
14
11
7
7
6
8
11
3
-8
-11
-20
-30
-30
-29
-33
-47
-55
-59
-59
-57
-57
-59
-65
-70
-74
-76
-70
-64
-66
-67
-66
-68
-66
-67
-57
-52
-42
-32
-27
-26
-20
-14
-12
-5
-3
4
3
-4
-13
-14
-5
-1
7
10
7
7
9
16
17
23
27
24
20
26
35
50
55
53
51
47
53
57
68
76
82
79
75
77
77
81
81
70
66
60
47
38
29
28
29
24
24
25
24
26
18
13
4
0
-2
-10
-16
-14
-18
-26
-33
-38
-36
-37
-39
-36
-34
-37
-33
-35
-31
-33
-42
-45
-55
-59
-59
-61
-56
-54
-55
-49
-54
-56
-54
-49
-46
-36
-28
-32
-22
-11
-9
-4
2
13
11
13
16
25
34
39
36
39
45
45
42
36
35
31
23
20
17
15
9
0
-4
-16
-18
-21
-18
-18
-25
-31
-33
-26
-21
-8
-3
-3
-12
-8
1
8
24
30
28
31
24
28
39
45
50
56
55
58
64
68
67
65
64
55
53
49
48
45
43
39
35
31
25
22
17
9
5
-2
-13
-22
-24
-32
-35
-45
-49
-46
-48
-42
-44
-47
-58
-65
-70
-68
-64
-67
-65
-66
-73
-76
-74
-66
-65
-56
-53
-49
-44
-51
-61
-56
-47
-36
-32
-34
-28
-30
-35
-35
-28
-24
-19
-20
-13
-10
-6
6
6
6
5
10
9
13
24
28
35
35
27
35
43
43
52
52
50
47
40
44
43
46
54
51
48
49
54
54
57
60
61
52
46
43
46
44
46
48
42
32
27
26
25
31
40
35
33
37
36
34
31
27
18
13
9
-2
-3
-8
-8
-17
-31
-31
-37
-41
-42
-46
-48
-46
-41
-41
-42
-38
-42
-39
-37
-34
-27
-23
-19
-16
-15
-16
-11
-6
5
11
12
12
8
13
16
16
16
15
11
6
3
-2
-5
-10
-18
-27
-23
-20
-22
-24
-25
-25
-24
-23
-30
-26
-29
-31
-28
-19
-15
-16
-16
-17
-17
-14
-11
-12
-17
-20
-19
-25
-20
-13
-7
-4
-7
-4
-4
-4
-5
-11
-9
-11
-10
-14
-6
-6
-11
-8
-11
-7
-2
5
13
22
32
34
30
25
31
33
37
37
25
24
23
25
22
21
21
20
13
17
12
11
12
11
15
10
9
10
10
14
9
5
4
3
-1
-3
-6
-2
-3
-7
-7
-10
-9
-10
-13
-14
-20
-18
-16
-11
-3
-4
-11
-18
-18
-12
-5
-5
-1
-2
1
4
3
10
19
26
34
33
34
35
33
28
31
32
31
34
31
24
22
13
9
1
0
-3
-3
-10
-7
-7
-16
-15
-12
-9
-8
-2
1
-3
-5
-2
-4
3
1
3
17
14
13
10
9
15
9
5
12
10
12
16
12
12
4
5
3
2
-3
-5
-8
-18
-17
-20
-20
-25
-27
-35
-38
-38
-36
-33
-30
-36
-44
-47
-49
-53
-60
-58
-60
-51
-48
-46
-42
-41
-42
-46
-40
-35
-20
-20
-15
-6
-5
-1
6
14
13
17
22
27
28
31
38
34
37
42
47
45
47
44
45
45
41
42
43
43
39
29
27
30
29
28
32
27
23
22
25
22
20
16
14
9
7
6
3
6
8
6
8
5
-2
-4
-12
-16
-18
-18
-17
-11
-12
-10
-17
-21
-18
-22
-15
-12
-15
-16
-18
-22
-22
-20
-24
-23
-22
-25
-23
-22
-17
-13
-14
-20
-20
-21
-20
-14
-17
-18
-21
-19
-18
-10
-8
-5
-1
0
-2
0
4
7
14
16
20
25
27
33
39
42
36
35
38
37
31
29
26
24
19
14
18
17
9
4
1
2
5
13
18
11
10
8
10
12
11
12
12
3
-5
-2
-5
-10
-16
-20
-26
-32
-35
-33
-37
-37
-43
-46
-42
-41
-33
-28
-25
-25
-21
-25
-26
-17
-19
-19
-21
-20
-20
-26
-22
-20
-19
-22
-21
-19
-14
-10
-5
3
11
11
15
18
17
22
23
26
24
25
23
22
22
26
23
20
24
21
24
22
23
29
35
36
37
33
32
36
36
34
32
33
29
22
28
26
21
23
19
16
17
18
17
14
14
7
5
2
-1
-5
-11
-19
-22
-22
-26
-25
-32
-29
-28
-23
-15
-15
-13
-4
0
1
-1
-5
-8
-8
-7
-7
-9
-12
-12
-15
-22
-25
-22
-25
-26
-23
-24
-27
-25
-23
-18
-12
-5
-5
-6
-4
-7
-9
-3
2
4
4
1
0
-4
-5
-8
-7
-9
-4
-5
-9
-5
-8
-13
-14
-11
-5
-7
-4
-4
-5
-1
-4
-4
-1
1
1
4
9
8
9
7
10
11
8
2
0
-2
-4
-1
-1
1
1
3
0
-3
-5
-7
-7
-4
-2
3
10
15
15
17
18
19
25
30
27
23
24
21
23
25
22
23
24
22
20
21
25
24
21
20
21
21
15
15
11
11
8
3
6
2
1
-1
-5
-9
-13
-16
-17
-23
-23
-23
-24
-29
-28
-30
-33
-33
-35
-33
-30
-32
-32
-30
-30
-30
-29
-28
-28
-24
-20
-19
-17
-16
-13
-12
-16
-16
-18
-16
-12
-9
-4
2
6
9
11
9
7
8
10
13
18
24
26
29
25
22
24
24
27
26
27
24
20
26
24
24
25
27
27
27
27
26
27
23
23
23
23
21
21
17
15
14
11
8
7
7
6
0
-1
-4
-6
-3
-6
-8
-9
-11
-11
-12
-15
-20
-23
-24
-23
-22
-24
-25
-26
-24
-28
-24
-23
-22
-21
-23
-23
-21
-20
-20
-18
-18
-16
-16
-12
-13
-15
-22
-24
-19
-17
-15
-17
-19
-20
-20
-19
-18
-14
-8
-4
0
1
1
0
5
4
8
13
21
20
20
25
27
31
31
31
32
33
36
38
41
43
37
30
32
26
27
29
31
32
31
33
31
32
28
28
26
26
26
27
24
21
20
18
13
12
10
7
2
-3
-9
-13
-17
-21
-24
-33
-31
-35
-39
-40
-36
-35
-36
-38
-40
-36
-37
-40
-39
-38
-39
-39
-39
-39
-42
-39
-40
-37
-37
-36
-32
-29
-27
-19
-16
-15
-12
-14
-15
-12
-5
-3
0
-3
-4
1
0
3
9
14
13
12
12
10
15
14
11
14
11
12
15
15
20
15
16
12
10
12
15
20
18
19
19
17
15
17
20
22
24
21
22
20
19
22
24
23
26
21
19
19
18
18
19
20
19
17
14
13
7
6
4
4
1
-1
3
4
4
4
5
3
1
2
3
1
-3
-1
-1
-2
-5
-6
-7
-13
-13
-14
-13
-14
-16
-14
-11
-11
-13
-13
-15
-16
-12
-10
-6
-5
-1
-2
-7
-12
-11
-10
-9
-8
-3
-2
3
3
1
4
0
-1
0
0
0
3
3
1
-2
-8
-7
-7
-9
-10
-10
-13
-9
-9
-15
-15
-14
-15
-12
-13
-10
-7
-7
3
4
2
5
1
-1
-3
-3
-5
-3
1
4
7
6
6
4
-2
-4
-6
-8
-7
-4
-6
-7
-6
-6
-7
-8
-12
-11
-8
-8
-4
-3
-1
1
-1
0
3
4
9
9
12
13
11
12
12
16
16
15
17
17
18
21
21
20
16
14
14
12
13
10
8
6
4
5
4
0
-2
-3
-6
-3
-2
0
0
0
-3
-4
-5
-7
-6
-10
-11
-12
-11
-10
-4
-2
-1
2
2
2
2
4
3
4
5
2
1
0
0
2
1
0
1
0
3
3
2
3
3
3
2
3
5
6
4
4
2
2
5
6
8
7
11
13
13
8
6
4
-1
-2
-5
-6
-2
1
0
2
2
-1
-7
-9
-14
-15
-18
-18
-15
-16
-13
-13
-14
-14
-17
-18
-20
-16
-15
-14
-14
-13
-12
-13
-11
-16
-16
-16
-17
-15
-14
-8
-7
-3
0
1
-1
-1
2
2
3
4
7
8
7
8
10
9
6
8
12
14
15
15
16
14
12
10
9
10
9
13
14
15
18
21
21
20
17
16
18
20
18
21
23
21
16
11
8
5
3
2
0
-3
-3
-3
-8
-8
-11
-17
-18
-18
-12
-14
-14
-11
-13
-13
-12
-10
-8
-7
-6
-2
-1
-3
-3
-6
-4
-8
-12
-12
-12
-14
-14
-16
-17
-15
-13
-12
-13
-14
-13
-13
-11
-7
-6
0
5
4
2
2
2
2
3
6
8
9
9
10
10
12
12
12
16
17
18
18
17
17
17
15
13
10
6
6
3
5
6
2
3
-1
-7
-6
-6
-7
-3
-1
1
1
3
5
2
-1
-5
-1
-1
1
2
3
7
10
11
12
8
6
6
5
6
6
5
6
4
-1
-2
-5
-7
-10
-9
-7
-6
-7
-8
-9
-10
-13
-14
-13
-15
-17
-18
-16
-15
-13
-14
-14
-18
-17
-16
-17
-17
-14
-12
-12
-12
-14
-14
-9
-5
-4
2
6
6
3
4
8
10
11
11
11
11
11
10
11
9
11
12
12
12
14
16
13
12
13
13
13
16
13
9
8
5
1
-2
-4
-3
-2
-3
-2
-6
-6
-5
-5
-3
-2
2
1
3
5
6
8
6
6
7
7
9
10
7
6
5
6
4
2
3
0
-1
-2
0
2
4
5
7
1
-1
-2
-9
-7
-7
-9
-8
-11
-13
-12
-11
-10
-12
-11
-12
-10
-10
-9
-6
-7
-6
-7
-5
-4
-3
-3
-2
-2
-2
-1
-1
1
1
2
3
2
3
5
7
5
6
2
0
0
1
2
-2
-1
-2
-4
-3
0
0
1
0
-3
-5
-4
-5
-3
-2
0
4
3
5
5
6
8
6
6
7
10
13
11
7
3
2
2
3
4
5
7
5
4
5
9
7
4
3
-1
0
-2
-2
-4
-4
-6
-5
-6
-8
-10
-11
-12
-14
-13
-13
-11
-8
-8
-4
-5
-5
-7
-9
-9
-10
-9
-8
-9
-10
-8
-7
-4
-4
-5
-3
-2
-1
1
3
8
10
11
14
16
16
15
12
8
8
9
9
10
10
6
4
5
4
4
6
9
7
8
8
9
10
8
7
4
3
4
4
6
6
6
5
3
0
-2
-1
-4
-4
-6
-6
-5
-2
-4
-6
-7
-9
-7
-6
-6
-6
-4
-5
-6
-6
-6
-4
-5
-3
-2
-1
-1
3
3
5
7
6
6
5
2
1
-3
-3
-4
-3
-5
-4
-4
-4
-5
-5
-1
-1
0
-1
2
4
6
6
7
8
6
5
3
4
3
1
0
-3
-3
-5
-6
-6
-8
-9
-10
-10
-9
-6
-5
-3
-3
-3
-3
-3
-2
-3
-5
-8
-11
-10
-8
-6
-6
-6
-5
-6
-5
-5
-5
-4
-1
-1
0
-1
0
1
-1
0
0
0
-1
-3
-3
-2
0
-1
-2
-1
0
-3
-2
-2
-1
-1
3
4
3
4
3
4
2
2
3
3
1
4
5
4
4
5
3
2
4
6
8
8
8
10
11
12
12
12
10
9
7
6
8
7
6
6
5
3
1
-1
2
5
5
5
8
7
7
7
7
8
10
11
12
13
13
12
11
7
6
4
3
2
0
0
-3
-4
-4
-6
-5
-6
-9
-9
-11
-11
-12
-13
-13
-14
-13
-11
-11
-10
-12
-12
-11
-10
-9
-9
-7
-5
-3
-1
0
1
-1
0
0
-2
-1
-3
1
0
-1
0
0
0
-4
-3
-2
-3
0
-1
-1
-2
-1
-3
-7
-8
-9
-10
-8
-5
-3
-2
-1
0
0
1
1
0
1
0
1
3
3
3
5
5
5
3
2
2
2
-1
-1
1
-2
-1
-5
-6
-6
-7
-7
-9
-10
-10
-8
-6
-6
-4
-6
-6
-4
-6
-5
-5
-4
-3
-2
1
0
2
5
5
6
5
8
8
8
10
10
9
9
11
11
12
11
12
12
12
13
14
14
14
13
12
13
12
13
14
15
14
11
11
9
7
5
4
4
5
6
5
5
5
3
1
0
-4
-6
-10
-9
-12
-10
-8
-11
-12
-13
-12
-14
-14
