-8
-5
-2
1
-1
-1
1
0
0
-1
-2
0
-1
5
5
11
11
12
16
13
14
14
15
10
7
7
6
7
10
12
10
11
5
3
6
9
8
6
12
7
6
6
5
4
4
5
-1
3
3
1
-1
2
4
1
-2
-3
-4
-3
-5
-7
-6
-6
-5
-3
-4
-1
0
-1
-3
0
4
2
-1
-3
-3
-2
-3
-3
0
-2
-4
-6
-9
-4
-5
-6
-5
-10
-8
-6
-4
-2
-2
-3
-5
-7
-5
-7
-6
-3
-5
-5
-3
0
-5
-5
-3
3
1
-2
2
0
1
0
-5
-7
-7
-6
-4
-4
-3
-4
-5
-6
-6
-4
-1
-2
1
3
-5
-4
-1
-2
1
3
3
3
4
9
7
5
2
4
5
1
3
3
6
7
10
6
6
9
11
9
8
12
10
10
9
7
5
4
3
3
6
7
9
8
11
10
9
10
11
13
10
10
10
6
7
8
3
-1
-3
-5
-6
-10
-13
-17
-16
-13
-10
-9
-5
-2
-1
1
0
1
-1
-1
-4
-3
-7
-6
-4
2
3
3
5
4
5
4
1
1
3
1
-2
-4
-5
-6
-4
-3
-6
-9
-8
-13
-13
-12
-13
-15
-15
-14
-13
-9
-6
-6
-4
-4
-9
-4
-3
-3
2
4
5
5
5
-1
-6
-7
-6
-6
-5
-1
3
4
6
3
-1
-2
0
0
1
3
4
1
-1
6
5
5
4
5
3
4
7
8
7
7
5
3
2
2
5
2
1
2
2
1
1
-1
-3
2
3
7
6
6
3
0
-3
-7
-5
-2
0
-9
-7
-2
-3
-3
-1
-2
-1
-5
-5
-5
-7
-6
-5
-5
-4
-4
-1
0
1
5
4
8
7
5
8
9
10
7
8
6
10
10
11
10
11
10
10
10
10
11
10
8
5
7
3
2
5
6
6
9
9
9
8
8
8
2
3
2
6
2
0
3
-2
-2
-4
-6
-2
-2
-1
-1
-4
-9
-11
-13
-15
-13
-18
-15
-14
-15
-15
-16
-15
-18
-14
-17
-14
-6
-9
-6
-8
-9
-7
-9
-9
-8
-6
-1
-6
-8
-11
-10
-7
-5
-6
-9
-7
-4
-1
2
0
2
2
8
4
1
-1
0
2
-1
2
0
0
1
4
3
3
5
4
4
5
4
4
2
3
1
0
4
6
7
6
8
6
7
9
6
11
11
10
13
11
10
10
9
10
6
6
5
5
5
5
4
1
-3
-4
-4
-4
-6
-6
-4
-6
-3
-2
-1
2
2
0
2
5
2
2
1
3
3
6
8
6
7
8
4
-3
-5
-4
-1
-2
-5
-3
-3
-6
-6
-4
-4
-1
-1
1
2
0
0
-1
0
-1
2
7
4
4
8
5
5
4
1
0
3
6
4
1
2
7
5
7
6
4
-3
-1
-1
0
4
6
4
-1
-2
-5
-5
-6
-3
0
-2
0
-1
-3
-5
-5
-10
-9
-15
-16
-15
-13
-13
-14
-13
-12
-9
-11
-10
-10
-9
-10
-10
-9
-7
-9
-9
-8
-9
-5
-2
-4
-5
0
-2
-8
-6
1
6
4
10
9
8
7
5
5
6
3
2
4
3
2
2
-1
2
4
5
7
8
5
4
5
0
0
2
2
0
1
5
7
9
7
0
-1
-5
-4
0
2
-1
-2
2
-4
-3
-3
-3
-1
-2
-1
-1
1
0
6
5
3
5
6
6
2
3
7
6
8
12
11
12
15
13
14
17
16
18
14
15
11
8
6
6
9
7
8
4
0
-2
-8
-11
-9
-9
-12
-11
-7
-9
-8
-6
-5
-8
-10
-10
-12
-13
-12
-9
-9
-7
-7
-6
-8
-13
-14
-10
-12
-8
-7
-6
-6
-5
-4
-6
-2
-2
-1
-1
-3
-3
-3
-5
-3
-3
-1
0
2
0
0
4
-3
-6
-7
-1
-1
-1
4
3
6
6
5
8
5
4
3
2
6
4
4
7
8
7
5
6
5
9
8
9
8
4
8
10
10
5
7
8
6
5
5
4
3
0
1
-3
-4
0
-3
-3
-4
-3
-3
-2
-3
-4
-8
-9
-9
-9
-6
-7
-8
-8
-7
-4
-7
-8
-9
-14
-6
-4
-3
-2
0
-1
-2
2
2
5
4
8
6
6
11
8
4
0
0
1
2
1
4
2
1
-1
-5
-5
-3
-1
2
2
2
6
2
3
5
3
7
8
7
4
4
3
6
2
-1
0
-1
-1
-1
0
1
-2
-3
-3
-6
-2
-2
-3
-5
-6
-2
1
0
2
3
1
2
1
2
-1
-2
-4
-2
-1
2
3
4
4
3
5
3
0
3
0
-5
-2
-4
-8
-7
-10
-10
-12
-14
-13
-9
-9
-2
1
5
6
4
6
3
3
1
4
9
6
6
5
4
3
3
4
5
1
2
3
1
-2
-6
-2
-5
-5
-3
-8
-7
-3
-2
0
2
3
4
-1
2
1
3
5
4
5
4
3
2
0
2
4
2
2
3
3
3
2
0
0
3
3
3
6
4
5
6
7
5
4
0
0
-1
-5
-3
-3
-4
-4
-8
-9
-8
-7
-7
-8
-12
-16
-16
-18
-15
-14
-12
-10
-5
-2
0
0
2
2
3
4
-2
-2
2
-2
-3
1
3
2
3
4
1
3
3
3
0
-4
-3
-6
-2
-1
-2
1
-1
1
3
1
4
6
6
9
2
5
6
-1
3
0
0
3
4
7
6
6
10
5
3
3
4
4
7
10
9
12
11
12
9
6
5
2
1
-1
-3
-1
-3
0
4
9
9
8
12
12
10
9
6
4
6
3
1
1
-3
-2
0
2
3
1
5
4
5
7
6
5
4
3
-2
0
2
-1
-1
-2
-6
-1
-1
-6
-6
-8
-10
-11
-14
-12
-11
-11
-12
-15
-14
-15
-15
-15
-20
-19
-24
-23
-22
-22
-18
-18
-15
-17
-16
-9
-10
-11
-12
-13
-11
-12
-9
-13
-9
-7
-5
-4
-4
0
-4
-4
-7
-7
-4
-2
0
-2
3
5
6
8
10
12
15
16
17
19
21
20
17
15
13
12
11
9
13
11
12
13
14
13
13
13
8
10
10
13
12
16
16
13
16
15
14
14
11
11
13
12
10
7
8
11
12
10
9
7
5
3
0
0
-2
-5
-6
-3
-2
-8
-6
-7
-5
-7
-9
-9
-8
-2
-8
-6
-9
-9
-5
-5
-5
-8
-6
-7
-6
-4
-4
-7
-2
-3
-5
-8
-3
-2
-2
-4
-4
1
-1
-1
-5
-4
-7
-6
-6
-5
-8
-11
-6
-10
-8
-8
-11
-11
-7
-5
-8
-7
-4
-5
-6
-3
-4
-4
-6
-7
-5
-7
-7
-10
-8
-7
-7
-4
-2
-5
-9
-9
-10
-11
-11
-10
-6
-2
1
4
0
-1
-3
-8
-9
-10
-12
-12
-7
-4
0
5
3
4
5
2
7
11
13
17
20
22
22
19
18
19
19
16
17
13
14
15
10
10
9
10
9
11
8
9
10
14
17
19
18
17
20
16
17
17
15
10
8
4
2
1
0
-6
-7
-8
-8
-4
-4
-1
1
-4
-5
-3
-6
-7
-12
-10
-10
-15
-18
-17
-13
-13
-9
-7
-11
-8
-2
-1
2
0
-1
-3
2
1
-2
0
-3
-4
-7
-11
-7
-3
0
0
-1
-5
-8
-9
-10
-10
-13
-8
-6
-4
-2
-6
-6
-5
-3
-2
-3
-2
-2
1
3
-1
1
0
2
4
2
6
3
0
0
0
0
4
4
8
7
1
2
-3
-3
-5
-4
-4
-3
-7
-6
-4
-3
-4
-1
-2
-3
-2
-3
-1
-1
2
3
2
4
4
4
3
3
2
-1
1
3
4
5
6
8
9
10
10
6
9
10
5
3
1
2
7
3
-2
-5
-4
0
1
4
2
2
-1
-1
-2
-2
-1
0
5
3
3
1
0
1
-1
-2
1
2
1
4
2
-1
-4
-4
-3
-8
-9
-7
-6
-3
-5
-3
0
3
2
0
2
7
5
4
3
-3
-3
-6
-7
-3
-4
-5
-5
-6
-7
-10
-10
-9
-3
-3
3
8
11
12
10
9
5
0
-1
2
3
2
4
1
-1
-3
-2
0
0
0
0
4
7
7
7
9
8
8
5
4
5
3
4
4
6
4
0
1
0
-1
1
3
-1
-3
-1
-1
0
2
-3
-3
-3
-4
-2
-4
-7
-8
-6
-4
-4
-4
-5
-7
-9
-8
-8
-10
-11
-10
-8
-11
-9
-8
-6
-5
-3
-3
-9
-9
-12
-9
-5
-5
-1
-1
-1
-3
1
6
6
9
12
11
14
13
10
10
13
10
12
13
11
14
13
12
8
7
5
1
1
3
4
4
3
6
6
7
8
5
7
6
1
0
-1
-2
-2
-3
-5
-3
-3
-8
-8
-9
-12
-12
-10
-9
-6
-2
-4
-2
-4
0
1
-1
1
1
3
0
0
-2
-2
-1
-1
2
1
1
3
1
0
1
2
5
6
5
1
-2
-4
-3
-7
-9
-7
-3
-3
-5
-7
-5
-9
-10
-6
-6
-5
-5
-1
1
1
2
0
4
3
1
0
2
-1
-2
1
-3
-2
0
-1
-2
-2
-3
-2
-2
-3
-5
-6
-6
-5
-9
-9
-6
-8
-8
-4
1
1
2
2
2
4
5
7
8
8
11
12
11
8
9
7
6
8
7
10
7
7
4
1
5
4
3
5
-1
0
5
4
4
3
2
8
4
4
7
8
9
10
10
9
9
11
11
12
10
11
13
8
9
7
4
8
8
5
3
4
4
4
1
1
-1
-2
3
1
-1
-2
-4
-7
-6
-8
-11
-13
-13
-18
-18
-16
-17
-16
-17
-15
-15
-20
-20
-19
-25
-24
-21
-21
-16
-16
-18
-14
-18
-12
-11
-13
-11
-10
-8
-3
-6
-6
-3
-5
-1
2
1
2
2
9
9
10
11
10
8
5
7
8
9
4
6
7
9
10
8
6
3
5
1
0
3
1
2
6
6
6
8
6
7
7
8
8
8
12
9
13
14
14
10
10
12
13
15
14
10
13
11
6
6
3
-2
-6
-5
-7
-5
-1
2
-3
-4
-5
-7
-6
-1
-4
-5
-1
-4
-6
-4
-1
-8
-4
0
-3
-7
-2
7
5
9
9
3
5
8
4
1
-2
-7
-10
-7
-5
-2
-4
-7
-8
-7
-5
-12
-6
-5
-3
1
2
2
3
4
3
1
-1
0
-4
0
2
3
4
2
11
6
9
6
9
9
1
2
-2
-4
-6
-8
-9
-8
-12
-10
-6
-11
-9
-7
-9
-8
-10
-6
-5
-1
-2
-11
-9
-6
-7
-8
-6
-7
-8
-9
-4
-11
-9
-4
-4
-2
2
-1
-6
-2
4
-1
-7
0
-5
-4
1
-1
3
2
4
3
6
9
9
8
7
15
16
19
19
15
12
12
14
7
5
0
-2
3
5
4
6
7
7
3
4
8
1
3
5
2
4
5
2
-1
4
4
-3
-1
5
-2
-3
4
3
-3
2
6
-2
-4
-7
-2
-8
-2
-1
-7
2
1
-1
1
5
-1
3
1
-3
0
3
2
3
4
1
4
-1
-5
-5
-3
-8
-8
-6
-3
-7
-5
-1
-13
-5
-7
-5
-2
3
-4
2
2
-5
7
6
7
1
2
-3
-1
6
1
2
3
2
5
6
-2
-6
-3
-3
-11
-6
-10
-10
-5
-3
0
2
8
1
2
7
0
4
12
4
0
3
0
-6
-2
-2
-8
-5
-1
-6
-4
-1
-6
-12
-6
-10
-21
-16
-13
-18
-15
-9
-10
-8
-10
-11
-10
-9
-12
-1
1
-2
3
7
3
7
14
8
2
14
10
5
16
11
4
18
21
11
15
27
13
11
22
13
7
19
12
8
13
8
4
5
3
-9
-1
-4
-11
0
3
0
-1
2
-3
-5
-5
-4
-8
-4
-2
-9
-3
0
-7
-4
2
-1
-2
4
-3
-8
3
-6
-7
3
-2
-6
-1
2
-6
0
9
7
-3
3
5
-2
3
2
-7
-8
1
2
-5
2
6
0
5
6
-2
-4
4
-6
-12
-4
-12
-13
-11
-12
-14
-8
-2
-16
-12
-9
-12
-6
0
-2
0
-3
2
1
1
5
2
7
5
7
16
8
3
12
7
-1
4
10
-1
5
13
8
4
15
7
0
5
1
-5
-3
0
-1
4
10
6
4
7
5
3
4
8
8
2
11
10
1
10
12
-4
7
11
-10
1
1
-17
-7
4
-12
-10
3
-6
-18
-8
-11
-23
1
0
-16
-2
-1
-5
-6
-2
-9
-9
3
-9
-11
1
-8
-11
-5
-13
-17
-13
-9
-20
-14
3
-7
-14
8
0
-11
4
1
-4
-4
5
5
-1
0
3
-3
-5
-2
-2
0
1
2
6
3
-1
7
8
-1
8
16
9
13
15
8
12
10
5
8
15
10
9
14
13
4
16
15
4
11
14
3
5
17
10
-1
15
8
-12
10
1
-14
-2
2
-11
-12
-4
-12
-13
-1
-2
-10
6
0
-7
7
5
-3
5
14
-2
0
14
-2
-6
-2
-20
-18
-1
-9
-15
6
2
-3
8
3
-1
7
1
-6
2
0
-5
7
3
-3
5
1
-3
-3
-3
5
2
5
-4
-1
-1
-7
-8
2
0
-11
-3
0
-9
-8
5
-5
-11
3
-6
-12
-5
3
-11
-2
20
-3
-6
6
5
-14
-14
15
-11
-14
14
2
-9
4
8
-19
-5
4
-13
-11
3
-4
-8
3
3
-12
-3
12
-11
-16
5
-2
-20
-11
2
-15
-27
13
-8
-13
8
1
-13
3
19
-2
5
19
3
-9
8
3
-7
0
11
0
-20
29
7
-29
16
14
-21
-8
13
-5
-18
15
18
-16
13
26
-9
16
29
11
4
33
20
2
18
35
5
-7
33
23
-11
18
38
-2
4
43
11
-6
35
13
-16
21
25
-27
1
40
-13
-24
39
14
-55
20
25
-53
-10
24
-28
-42
25
0
-54
7
13
-45
-25
15
-25
-38
32
2
-57
17
27
-49
4
28
-31
-26
29
-12
-47
28
8
-39
5
21
-44
-16
16
-30
-29
25
-3
-24
14
10
-28
-12
32
-16
-20
53
-2
-25
30
11
-38
0
32
-24
-20
29
-22
-28
26
-17
-30
22
14
-30
8
30
-31
-6
28
-22
-16
36
-12
-30
39
-12
-32
27
8
-49
18
33
-49
-3
39
-22
-30
50
-7
-58
48
13
-47
31
40
-51
14
53
-40
-3
51
-14
-10
46
-7
-18
33
2
-28
18
9
-38
4
23
-8
-9
28
16
2
7
17
8
4
13
17
7
10
27
0
22
22
8
14
16
8
-6
17
9
1
5
4
-1
-13
13
-9
-10
3
-8
-23
19
-5
-16
24
-6
-21
1
-1
-8
-15
6
-2
-16
20
-5
-41
9
-7
-48
15
7
-40
-15
29
-29
-33
25
-15
-24
6
-4
-11
14
6
-16
14
1
3
28
12
1
28
12
0
26
-2
10
17
3
14
1
20
0
-12
13
-11
-5
-15
-3
28
-48
-4
19
-44
4
-1
-14
-1
-3
-18
10
6
-3
-29
21
18
-61
18
13
-30
-14
4
6
-32
-8
-6
5
-26
-19
3
-6
-16
-22
2
-12
-27
-15
12
1
-14
1
15
-3
-23
4
18
-18
-14
16
10
-19
-18
44
-13
-16
33
9
-1
15
24
12
7
9
32
3
-8
19
21
-7
4
35
3
-5
13
30
-23
-3
42
-26
-1
33
-3
-12
2
20
-37
21
27
-29
19
34
-23
4
31
-11
-3
32
2
-22
39
12
-22
22
25
-21
10
31
0
-8
20
18
-37
10
6
-25
8
17
-18
21
27
-25
7
25
-14
-17
15
-1
-38
-5
24
-32
-14
17
-19
-23
-23
-8
-13
-35
-10
-29
-18
-34
-25
-7
-28
-16
18
-24
-29
6
-11
-39
-26
-6
1
-12
-26
28
-17
-1
-13
28
5
-14
63
-10
-13
44
29
-16
18
48
-5
21
28
-5
16
34
-6
-9
21
-29
-24
48
-46
7
34
-6
-16
19
18
-29
21
0
-17
6
14
-21
2
4
-7
3
-8
4
-7
4
-10
-9
11
7
-9
9
18
1
-5
16
-14
-21
33
-14
-1
9
-3
-16
-21
35
-42
-7
37
-43
-1
34
0
-18
19
11
-15
-2
2
-13
-8
16
-20
-21
26
-42
-14
32
-1
-5
7
25
-6
-24
63
-4
-11
36
1
9
2
6
42
-32
29
24
-30
24
-9
-17
33
1
-19
27
-31
29
-4
-29
28
-5
5
3
-1
14
-42
-2
44
-42
-32
97
-23
-92
88
-31
-70
18
5
-38
-17
49
-56
-12
33
-18
-33
46
-14
-39
44
4
-31
41
16
-43
19
51
-44
12
35
-21
-15
29
11
-43
46
13
-44
17
26
-52
19
8
-34
14
23
-41
-3
49
-64
-28
86
-68
-49
63
-8
-89
73
43
-104
19
53
-70
-45
95
-41
-60
59
-19
-57
53
-13
-47
44
-3
-42
31
11
-77
44
10
-40
2
32
0
-31
37
23
1
-6
49
-14
-15
57
1
16
42
24
13
14
47
-13
16
60
-17
2
57
-19
-6
63
-24
-7
78
-36
-49
77
-47
-65
43
2
-77
25
16
-50
-4
13
-34
-41
6
-27
-33
18
-43
-14
53
-71
-28
36
-37
-50
9
3
-84
-17
26
-78
-30
42
-46
-53
57
-42
-46
47
-15
-43
43
46
-64
9
101
-80
2
108
-71
5
96
-14
-3
78
43
-49
73
79
-87
49
134
-94
18
140
-83
13
113
-51
-16
84
-22
-77
92
-6
-77
61
2
-52
38
40
-82
38
45
-72
18
62
-54
-8
50
-43
10
41
6
-58
56
20
-76
35
68
-87
3
72
-76
1
35
-15
-63
55
19
-64
59
-5
-86
61
23
-89
52
-4
-97
23
13
-96
-5
43
-66
-57
89
-54
-99
133
-89
-58
119
-69
-77
102
-13
-105
69
-7
-45
-6
-11
-8
-20
-14
-3
18
-23
-43
68
-30
-54
112
-23
-13
45
23
-5
30
28
-21
56
25
-18
35
32
-20
-1
49
-1
-22
28
16
-48
-3
64
-69
-5
88
-59
-29
82
-5
-99
69
7
-97
29
31
-66
-23
49
-84
2
5
-74
22
19
-58
1
29
-22
-27
36
35
-89
37
58
-126
46
10
-55
7
30
-16
4
17
15
3
5
62
-34
-13
120
-65
-9
105
-67
-5
53
7
-57
66
78
-115
99
107
-117
76
137
-106
41
165
-108
29
189
-45
-96
191
27
-109
101
60
-97
50
96
-78
9
64
-94
-20
60
-59
-58
50
-39
-59
41
-39
-48
-13
34
-56
-35
87
-83
-35
39
-46
-60
25
-36
-79
8
-16
-121
-8
47
-157
-6
47
-110
-32
47
-66
-53
30
-37
-62
-4
7
-97
50
-39
-69
19
-29
-52
-17
25
-66
3
36
-48
2
67
-30
-1
97
14
-95
102
102
-140
86
121
-87
21
128
-62
-21
129
-54
33
84
37
-36
102
40
-108
122
-8
-74
97
26
-6
39
31
-14
2
48
1
-16
75
14
-30
62
-10
-57
44
41
-48
10
51
-7
-44
53
3
-69
29
-5
-14
56
-7
-5
86
-19
-55
45
33
-106
67
66
-109
78
48
-106
12
16
-60
-12
3
-19
16
2
-25
68
-58
14
41
-51
15
56
-15
-16
42
-28
-37
15
-42
-42
24
24
-72
54
8
-159
104
-35
-124
100
22
-65
35
78
-84
-57
85
-66
-103
140
-15
-86
71
28
-95
-48
30
-70
-119
81
-38
-62
28
-10
-83
3
-22
-33
-2
9
-2
-21
37
-28
0
-25
32
-21
-48
26
-25
4
-1
32
-26
-11
8
21
-2
-16
139
-7
-6
102
-9
-69
103
16
-67
124
-2
-8
80
31
-61
62
46
-60
58
97
-11
5
99
-31
12
50
-41
3
35
-31
15
-6
-35
30
-41
-57
17
5
-30
41
65
-42
27
79
-45
-51
93
-33
-54
73
31
-62
-28
69
-74
-73
72
-45
-141
96
-32
-125
109
-25
-107
48
7
-74
-22
112
-58
-81
84
5
-124
27
84
-118
8
126
-76
-36
67
4
-102
39
99
-88
-49
162
-5
-147
175
21
-191
188
37
-157
134
139
-151
26
174
-84
-76
122
-49
-98
121
26
-102
90
53
-167
12
75
-133
-84
153
-85
-142
65
0
-187
-21
52
-151
-16
62
-101
-10
36
-106
7
89
-94
2
95
-23
-14
103
70
-54
84
37
-47
82
44
-31
73
69
-12
-50
64
8
-59
42
73
-77
82
33
-100
39
33
-51
33
94
-16
-25
50
13
-25
-4
53
14
-23
78
-23
51
35
-21
-8
66
-37
-5
-3
15
5
-87
96
-2
-36
-2
13
43
-42
-49
53
-12
-141
60
-36
-101
11
-35
-49
-27
24
-27
-49
60
-33
-53
72
-32
-37
34
35
-81
35
18
-98
60
-15
-57
17
7
-38
-32
91
-94
-26
104
-17
-25
59
101
-59
11
41
-29
-5
53
-32
45
73
-113
-3
27
-85
-75
50
27
-93
-12
55
-65
-42
30
-48
18
27
-38
-41
47
5
-108
23
67
-69
-83
128
7
-144
106
13
-74
32
19
-7
-17
96
-36
-24
140
-65
-59
176
10
-98
133
71
-48
1
113
-20
-52
76
70
6
68
66
-20
88
-12
-21
49
-9
12
21
41
28
-41
26
14
-29
20
38
6
4
-17
44
28
-31
29
24
-25
-21
62
6
-8
-3
-10
-27
-76
-7
-63
-14
6
-61
-30
25
-117
-110
40
-74
-33
28
-7
-45
-21
22
-82
-46
14
-9
-55
16
24
-17
-8
-81
-10
-42
-76
10
-4
4
-27
58
13
-96
-10
7
-45
-28
73
23
68
-21
-29
101
-10
-86
103
63
-68
47
52
-54
-66
86
-27
-30
121
36
12
63
4
-49
31
6
-41
69
24
42
16
17
-37
-3
-5
-78
6
61
-40
-30
45
-79
-79
42
-52
-41
102
16
-30
39
22
-43
-27
60
-36
-45
81
-37
-24
48
26
-29
29
14
-21
28
-28
28
-3
-11
-19
17
-11
-83
50
-7
-46
59
9
-30
27
46
-63
-14
68
24
-33
74
59
-41
15
23
-27
-15
59
-5
-5
68
-20
-19
56
-7
-69
50
86
-33
25
72
-120
49
7
-63
10
-6
4
-37
-19
-17
-48
-68
38
26
6
18
79
-5
-69
78
-43
-46
35
78
9
-19
124
-108
-101
78
-42
-63
133
63
-77
25
28
-81
-69
117
37
11
156
-24
-11
32
-33
-34
28
54
-4
13
9
-74
-104
-78
-89
-59
-25
-43
-10
-68
-56
-65
-100
-22
-86
13
69
32
38
37
6
-6
14
65
66
44
104
69
-20
13
12
-55
-5
48
-5
-34
20
-32
-107
-37
-49
-75
-21
30
0
-33
-12
-20
-62
-12
-4
-66
40
62
-27
18
48
-56
-25
28
25
16
43
48
-2
-23
-24
-44
-50
15
-8
2
1
-11
-42
-56
-15
-40
-26
56
17
0
29
43
-13
-30
42
39
30
100
93
51
68
33
-3
21
70
49
32
88
50
-47
19
27
-32
22
44
13
37
36
22
-12
-16
17
13
4
26
-4
-33
10
-12
-50
20
19
-11
16
20
-8
-36
-16
-9
-21
34
32
-3
9
3
-11
-26
6
0
-20
51
0
-27
-16
-11
-57
-57
-6
-23
-24
-4
12
-19
-31
0
4
6
-3
13
3
-16
-6
-23
-37
-31
-27
-31
-29
-26
-26
-51
-12
-28
-54
-24
-21
-64
-56
-45
-43
-26
-20
-32
-11
-8
-81
-16
-1
-57
-18
21
-14
-27
13
-9
-13
40
32
2
6
30
-10
-35
0
-42
-37
-25
4
10
14
13
-2
16
35
-3
28
71
1
53
41
27
74
56
52
75
82
56
59
83
55
30
60
89
39
90
94
36
46
36
29
35
52
16
34
58
15
-3
19
-10
-36
20
-29
-31
4
-24
-34
-20
0
-27
-50
-30
-43
-30
-11
-46
-25
-55
-66
-84
-99
-57
-98
-111
-53
-101
-138
-97
-135
-153
-132
-112
-84
-81
-58
-44
-44
-60
-10
10
17
60
85
106
113
171
167
164
203
204
189
178
167
158
167
106
89
84
34
-9
4
9
-29
-32
-22
-51
-46
-26
-41
-41
-12
-31
-54
14
31
40
87
80
44
22
59
50
42
62
113
81
24
72
-18
-60
-6
-16
-77
-26
-54
-211
-278
-387
-548
-601
-477
-360
-320
-409
-497
-614
-701
-651
-603
-405
-114
106
158
152
128
99
224
459
723
973
1068
1035
918
770
653
610
624
656
619
490
236
-29
-323
-533
-524
-489
-504
-480
-517
-658
-740
-702
-573
-439
-207
27
106
167
206
241
382
527
718
899
978
978
864
741
681
675
667
639
533
415
206
-75
-228
-330
-464
-538
-549
-622
-777
-890
-1039
-1178
-1035
-1034
-1122
-1218
-1139
-934
-456
-304
-627
-643
-563
-384
-281
-160
81
455
733
703
472
361
477
621
835
1045
1181
1153
956
699
424
376
450
405
290
165
18
-282
-607
-807
-924
-886
-686
-637
-670
-719
-811
-939
-752
-396
-155
5
141
284
314
381
483
734
943
1037
1173
1290
1195
984
889
876
938
936
885
730
427
158
-22
-147
-236
-259
-364
-521
-643
-846
-994
-1060
-1046
-940
-885
-708
-578
-634
-596
-467
-292
-117
145
304
396
428
326
279
312
334
262
73
-182
-273
-138
-150
-465
-874
-1049
-914
-832
-930
-913
-696
-410
-317
-403
-426
-263
114
412
612
816
970
1017
888
818
872
1023
1124
1013
767
552
433
259
32
-148
-169
-145
-332
-569
-706
-768
-763
-727
-574
-559
-562
-656
-670
-471
-173
159
337
526
484
416
557
823
969
1094
1246
1208
1138
955
809
727
726
705
568
418
168
-115
-377
-542
-499
-512
-575
-597
-768
-956
-962
-849
-752
-511
-331
-245
-130
-139
-118
-36
93
131
166
180
182
124
-181
-440
-464
-207
-97
-456
-948
-1103
-980
-995
-1037
-991
-751
-376
-273
-543
-724
-500
-55
408
637
753
905
981
951
809
873
1178
1398
1260
874
667
564
457
228
24
11
64
-25
-313
-646
-768
-697
-943
-1009
-655
-147
-150
-589
-607
-364
-301
-270
224
540
605
756
956
997
667
754
1031
1255
1306
1195
1007
723
616
578
547
438
232
-92
-403
-538
-635
-762
-857
-913
-983
-1043
-1032
-1035
-1021
-893
-727
-500
-370
-289
-234
-110
133
297
458
524
456
273
158
156
197
41
-270
-337
-28
-9
-555
-1091
-1169
-1020
-967
-886
-833
-745
-628
-617
-798
-869
-457
129
503
633
627
688
851
1002
1008
1136
1491
1658
1387
966
820
702
635
604
404
258
217
-3
-397
-628
-688
-578
-457
-803
-1129
-985
-538
-370
-602
-521
-238
-219
-403
-188
339
622
722
799
811
626
582
849
1059
1176
1144
933
672
449
349
258
350
339
99
-254
-547
-659
-762
-755
-713
-657
-709
-845
-927
-899
-755
-550
-301
-161
-122
-92
-19
109
228
358
500
584
514
381
238
196
173
78
-111
-318
-404
-350
-246
-476
-1017
-1404
-1281
-1041
-1050
-1080
-966
-747
-687
-853
-1037
-827
-208
340
577
525
490
637
742
893
1123
1361
1517
1444
1125
783
742
893
921
730
452
302
201
20
-185
-273
-237
-150
-262
-402
-464
-478
-429
-368
-287
-243
-217
-271
-293
-177
41
240
338
364
292
272
358
482
595
665
701
666
582
547
528
371
250
267
224
73
-11
-114
-245
-365
-421
-445
-486
-464
-470
-507
-477
-455
-428
-379
-343
-319
-291
-240
-134
-98
-106
-60
-47
-38
-79
-112
-141
-133
-156
-279
-434
-466
-396
-315
-404
-610
-757
-844
-855
-775
-648
-562
-452
-467
-600
-618
-461
-177
171
411
458
404
441
586
718
844
997
1097
1044
889
695
646
738
774
786
690
480
224
59
-15
6
84
169
57
-164
-299
-347
-254
-179
-135
-93
-142
-166
-90
-63
-25
133
269
264
260
291
312
373
478
546
491
449
438
400
297
182
137
123
63
-101
-199
-214
-271
-353
-444
-489
-491
-517
-507
-405
-365
-478
-468
-293
-212
-255
-259
-164
-105
-179
-203
-201
-228
-100
31
-13
-121
-202
-299
-280
-228
-272
-319
-278
-261
-349
-412
-427
-375
-360
-404
-418
-404
-349
-326
-245
-78
-46
-38
51
153
231
355
520
604
702
764
707
709
785
797
764
745
661
553
475
354
239
246
242
160
43
-116
-205
-176
-127
-122
-145
-227
-202
-163
-175
-141
-79
-1
-18
-34
18
45
89
122
80
69
142
94
31
31
64
102
82
53
-15
-42
-81
-64
3
5
7
-91
-149
-123
-143
-128
-110
-69
-60
-104
-135
-107
-110
-169
-158
-105
-144
-171
-126
-94
-108
-159
-249
-231
-142
-185
-244
-245
-225
-224
-222
-190
-176
-170
-184
-181
-151
-152
-145
-98
1
16
-23
-40
41
121
89
56
92
166
131
119
140
115
120
151
150
134
118
79
17
45
85
125
152
140
102
36
69
139
141
146
165
165
138
160
162
217
264
292
290
227
230
242
266
238
243
274
247
191
136
57
63
116
92
70
-7
-99
-182
-200
-184
-150
-109
-155
-244
-305
-287
-285
-266
-193
-183
-236
-251
-243
-260
-208
-109
-115
-103
-38
-33
-51
-17
9
62
107
72
79
110
97
63
110
106
14
-31
-29
-10
0
-61
-116
-126
-148
-218
-237
-181
-202
-220
-147
-124
-216
-230
-177
-141
-95
-53
-50
-57
-65
-65
9
125
120
51
49
70
43
44
103
108
136
145
74
61
124
109
85
122
107
131
193
187
174
185
235
269
212
172
209
258
301
334
292
234
241
225
212
213
239
182
39
-45
-107
-123
-111
-160
-252
-349
-417
-469
-485
-462
-401
-389
-455
-421
-391
-429
-385
-250
-139
-79
-17
-11
-10
51
191
330
347
316
285
255
290
353
330
287
235
205
136
78
93
71
9
-72
-176
-218
-215
-228
-211
-169
-192
-268
-321
-283
-183
-135
-143
-28
90
43
10
31
116
231
269
282
287
248
199
211
278
307
299
224
198
186
118
29
77
156
92
12
19
1
-90
-134
-104
-60
-25
-27
-111
-175
-187
-142
-121
-52
-28
-109
-77
-43
-69
-82
-44
-41
-97
-124
-155
-158
-128
-124
-207
-240
-249
-245
-232
-280
-301
-271
-230
-238
-235
-220
-174
-100
-66
-35
36
54
49
115
165
209
257
237
215
211
201
177
197
204
172
128
94
41
-12
-16
-6
0
-23
-32
-68
-112
-115
-111
-64
-9
23
-6
-2
52
104
130
144
156
200
287
298
303
356
349
325
332
350
348
304
270
263
225
153
130
118
61
17
-9
-41
-78
-110
-152
-158
-134
-149
-162
-119
-130
-169
-151
-101
-95
-87
-15
5
-45
-59
13
25
-35
-123
-155
-148
-191
-256
-321
-335
-368
-404
-368
-363
-391
-403
-368
-350
-360
-325
-284
-233
-195
-194
-172
-120
-95
-51
-2
49
75
67
86
121
148
144
130
133
178
176
94
78
111
117
112
116
67
58
111
74
7
50
92
116
147
137
131
178
202
217
229
266
311
350
364
318
319
322
339
327
336
349
315
263
195
161
204
205
156
121
80
37
-9
-57
-43
48
92
23
-23
-25
-29
-35
-25
9
14
7
-71
-135
-133
-141
-175
-191
-227
-333
-407
-444
-496
-508
-433
-439
-516
-527
-514
-504
-401
-287
-279
-236
-201
-197
-184
-93
-3
15
53
52
25
28
81
152
169
139
115
62
1
-52
-53
-21
-33
-72
-124
-174
-187
-170
-159
-159
-120
-96
-141
-139
-93
-59
-32
41
111
112
140
176
217
276
309
326
398
460
454
487
533
517
469
421
418
440
456
464
405
336
287
203
169
199
221
245
189
105
58
25
25
39
56
48
10
-5
-54
-57
-7
-10
-44
-54
-109
-186
-204
-218
-228
-216
-261
-350
-404
-441
-450
-453
-408
-405
-432
-447
-432
-384
-383
-404
-371
-315
-303
-305
-239
-183
-154
-142
-112
-73
-74
-59
-5
49
67
48
22
39
98
114
111
106
118
106
79
34
20
54
104
122
105
52
24
58
62
75
87
106
134
147
116
88
118
189
240
230
235
251
257
243
268
316
356
363
323
240
192
220
220
247
203
137
98
42
-18
8
64
41
25
-4
-10
-28
-33
-10
-10
37
26
4
-6
-16
-60
-81
-51
-41
-44
-101
-132
-157
-170
-201
-203
-176
-181
-188
-214
-238
-249
-270
-297
-291
-293
-290
-290
-302
-323
-316
-310
-303
-256
-238
-236
-190
-146
-152
-127
-79
-35
2
50
61
66
103
110
114
100
90
98
70
62
73
33
45
16
-34
-50
-43
-23
-28
15
15
18
40
49
77
95
127
176
260
292
270
263
282
325
357
371
397
386
392
379
353
377
379
361
373
337
240
201
226
244
199
171
177
157
106
63
33
40
31
11
-39
-59
-86
-131
-162
-196
-185
-198
-240
-267
-296
-324
-334
-329
-334
-357
-355
-347
-353
-374
-407
-377
-313
-340
-356
-329
-291
-307
-346
-326
-305
-257
-217
-203
-176
-158
-143
-131
-75
-39
-40
0
44
16
0
14
32
47
34
41
89
129
109
96
120
119
96
133
176
175
181
195
183
175
212
239
235
211
236
244
240
247
264
232
186
177
143
158
163
159
161
161
170
169
151
138
133
138
179
215
214
206
165
120
100
75
109
133
119
66
15
-2
-42
-52
-31
-50
-88
-124
-160
-204
-256
-279
-258
-235
-259
-290
-311
-339
-324
-309
-337
-330
-271
-275
-292
-278
-252
-226
-204
-207
-198
-168
-146
-152
-123
-96
-110
-84
-42
-29
-48
-38
-1
25
3
-18
-9
33
50
46
86
106
101
75
75
108
106
92
124
158
162
196
208
212
209
195
222
262
270
281
301
295
277
270
265
211
185
179
178
150
141
95
43
42
38
30
10
13
-14
-37
-5
11
30
17
19
46
42
37
32
52
81
86
92
119
102
57
52
41
46
18
-24
-66
-94
-121
-165
-169
-196
-239
-269
-288
-318
-356
-371
-375
-379
-395
-420
-424
-438
-435
-429
-395
-364
-337
-293
-245
-212
-206
-189
-149
-97
-58
-3
22
32
71
122
146
135
138
162
198
205
184
174
169
162
162
171
174
185
183
173
141
137
120
127
185
212
202
182
191
180
168
194
230
257
260
215
168
186
195
180
160
153
141
130
145
154
140
116
112
137
131
97
79
77
86
44
-17
-14
0
-14
-41
-23
-3
-19
-56
-115
-131
-122
-98
-85
-83
-117
-147
-177
-207
-231
-221
-205
-193
-202
-237
-264
-260
-269
-284
-269
-239
-213
-220
-246
-234
-209
-183
-164
-151
-156
-157
-126
-118
-98
-85
-74
-51
-31
-36
-27
-9
7
37
49
33
39
72
75
72
107
101
115
142
121
128
112
98
124
148
147
144
153
160
154
130
137
171
205
214
220
220
196
169
179
195
201
232
254
229
184
196
183
164
171
153
142
128
85
40
22
-1
-40
-48
-75
-113
-116
-151
-195
-211
-203
-220
-233
-236
-248
-254
-264
-242
-236
-190
-147
-156
-171
-168
-162
-146
-128
-121
-103
-100
-110
-111
-121
-137
-148
-114
-76
-106
-144
-148
-111
-103
-99
-50
-19
-32
-49
-47
-15
25
40
55
87
106
103
112
109
142
221
146
148
254
178
131
218
181
54
141
210
77
88
195
78
25
98
-4
-19
101
90
52
120
131
70
83
120
94
123
197
179
212
237
209
226
221
194
161
169
164
92
83
74
62
67
49
-56
-51
18
-158
-95
-36
-193
-122
-62
-224
-229
-99
-214
-253
-133
-218
-255
-137
-228
-273
-172
-235
-264
-245
-281
-292
-256
-214
-238
-248
-228
-198
-230
-248
-200
-201
-198
-163
-158
-149
-83
-69
-95
-65
-44
-37
-16
19
51
65
89
85
74
93
143
187
168
203
228
200
167
177
170
174
221
229
187
150
138
118
116
124
132
120
111
120
91
78
105
97
98
123
127
108
110
133
151
155
187
189
173
174
164
156
173
173
121
89
70
93
58
8
41
20
-27
-46
-73
-71
-65
-101
-106
-85
-123
-166
-154
-135
-152
-145
-130
-155
-165
-166
-167
-158
-162
-173
-150
-152
-149
-142
-146
-164
-157
-158
-187
-162
-133
-166
-178
-146
-146
-166
-177
-163
-161
-133
-99
-106
-112
-93
-100
-71
-37
-28
-15
17
40
46
76
80
87
96
76
94
130
157
162
160
178
153
149
149
147
155
157
154
146
134
107
141
164
162
172
196
184
170
149
146
171
181
179
176
176
124
128
142
112
111
110
81
61
32
-15
-4
12
-12
-40
-90
-111
-117
-122
-113
-109
-94
-81
-79
-91
-94
-92
-64
-28
-16
-30
-61
-59
-67
-103
-96
-93
-99
-97
-102
-127
-185
-195
-185
-247
-271
-263
-266
-262
-256
-298
-315
-291
-284
-256
-225
-194
-192
-155
-135
-234
-195
-120
-59
44
171
305
389
402
378
311
213
230
196
263
335
380
458
474
409
321
211
105
5
-50
-61
-28
-62
-27
-11
-45
-51
-28
-29
-55
-39
-7
30
23
76
137
192
244
216
205
227
146
106
75
26
-26
8
10
20
-32
-84
-99
-162
-192
-192
-216
-233
-200
-204
-259
-216
-143
-107
-26
22
19
6
-18
-59
-63
-54
-25
-13
-7
-26
-56
-92
-101
-99
-147
-168
-158
-146
-168
-166
-126
-126
-172
-158
-183
-170
-50
-13
-30
31
66
13
66
155
115
112
239
221
247
293
283
231
246
209
119
164
165
88
129
142
-14
38
83
-173
-97
-14
-169
-65
3
-90
-20
-24
-53
24
-63
-4
29
144
157
211
278
121
118
236
123
41
290
194
28
161
218
31
40
87
-102
-36
-63
-160
-83
-35
-89
-180
-106
-338
-331
-119
-355
-152
87
-148
-136
2
-192
-398
-174
-37
-194
-50
215
-69
-34
6
-252
-286
-135
-144
-166
68
114
-65
-221
-190
-304
-358
-140
-29
49
169
159
84
-193
-37
47
-107
169
507
303
276
581
184
-45
178
84
-70
339
344
175
329
93
-91
-104
-49
-331
-20
110
-268
90
41
-225
-250
34
-117
-266
160
14
-26
258
164
35
86
166
-45
109
255
157
322
385
235
27
157
-7
-50
132
72
146
230
62
-60
-27
-188
-393
-165
-17
-242
-66
64
-143
-396
-292
-238
-443
-286
-25
-142
-110
-72
-110
-245
-403
-145
-163
-46
71
40
149
35
-164
-97
-49
-98
19
298
248
-1
88
143
-316
-175
138
-130
286
254
229
220
-117
41
77
-172
87
371
230
241
347
148
-76
26
116
-37
92
469
186
38
164
-76
-196
-144
15
90
5
231
127
-184
-162
-76
-215
-222
53
118
55
59
80
-146
-177
21
-177
34
232
158
60
123
56
-295
-35
118
-77
89
301
119
-123
9
-154
-330
-207
25
-76
-188
85
-129
-325
-373
-75
-382
-342
145
-194
-290
40
-121
-440
-89
-62
-216
35
155
65
-164
92
-62
-107
64
-39
139
185
194
71
165
47
-69
148
115
109
249
293
82
190
15
-27
192
81
15
175
282
20
-55
297
-33
-212
267
204
-238
132
318
-289
-157
241
-118
-213
261
-63
-399
112
-28
-531
21
216
-378
-74
327
-221
-179
265
-49
-152
138
143
-1
-6
285
23
-8
207
37
21
114
92
110
55
61
-49
-36
51
-173
83
56
-28
-94
-107
-84
-109
-125
-74
69
-140
-96
21
-147
-293
-62
-33
-190
21
187
-133
-107
32
-166
-115
238
-48
44
248
135
-152
-24
242
-39
1
303
270
9
140
222
-2
-145
251
100
-27
316
71
-189
217
-61
-271
254
-42
-13
-38
140
-99
-331
-13
-125
-118
-142
184
-155
-162
30
-290
-178
-166
-157
-144
25
-10
-157
28
-259
-206
-17
-68
120
-73
238
-4
-33
-21
-247
244
-7
8
389
198
-64
119
130
-178
113
192
20
90
379
9
-180
120
41
-237
-51
183
-90
-147
80
-102
-398
-68
-104
-334
22
83
-78
-52
14
-181
-233
60
-109
53
199
222
76
46
219
-39
56
135
210
124
282
166
47
141
46
-9
98
133
157
61
105
-25
2
-132
-89
148
-207
-44
211
-160
-170
148
-124
-144
161
27
-125
93
176
-220
17
206
-252
-48
263
-65
-170
195
-72
-126
-131
-14
-96
-87
43
-76
-19
-44
-78
-149
-32
-115
-28
73
26
-56
31
19
-85
1
-107
152
24
-80
111
69
-69
-23
27
-68
55
31
-35
-53
22
-46
-201
22
-38
-199
-27
45
-118
-57
52
-173
-184
93
-114
-96
15
49
-29
-142
197
-26
-134
123
72
-156
72
287
-108
34
395
-56
15
348
49
-58
262
343
-75
72
451
-95
-52
381
-42
-24
221
80
-81
143
11
-2
-39
16
77
-94
-74
23
41
-148
-47
25
-71
-28
-70
-40
-143
-56
-120
-126
-83
-129
-57
-15
-141
-101
-6
-186
-161
-166
3
-108
-90
31
-28
-106
-42
-25
-42
-30
75
178
-85
143
207
-18
-36
213
113
-65
263
197
-83
151
166
-149
29
224
-102
-6
158
12
-251
67
-1
-286
65
13
-130
28
17
-165
-85
-30
-90
-109
2
58
-29
-130
63
4
-91
-64
171
45
-127
136
90
-176
-80
146
-70
-108
121
61
-197
-11
-7
-135
-29
35
-61
-14
46
-136
48
35
-54
11
79
120
18
48
224
79
-48
248
153
-31
196
277
48
9
182
178
-87
36
213
10
21
39
98
-13
-35
12
-124
78
22
0
71
-22
13
52
-14
-84
100
57
-97
138
-52
-6
9
14
-76
-25
109
-137
-71
-21
-84
-214
52
-115
-121
10
-217
-109
-76
-146
-236
-39
-108
-190
-185
-59
-210
-177
-60
-242
-80
-81
-72
-113
-100
30
-180
-67
62
25
-164
202
129
-175
92
162
-87
-17
243
66
-38
175
14
10
125
26
-79
191
99
-138
70
128
-127
58
72
31
46
79
134
-78
128
-49
106
10
-24
195
82
80
123
118
113
81
-62
208
148
43
185
191
90
-18
172
124
-47
133
170
-18
74
-4
177
-59
-87
235
-14
-62
-90
200
-170
-124
85
-40
-174
-67
97
-120
-50
-2
74
-150
-201
84
-90
-277
9
95
-200
-110
-56
-211
-102
-108
-169
-100
0
-111
-143
12
-158
-164
-3
-85
-167
31
-145
26
-75
-239
82
4
-150
-22
114
-57
8
39
48
-29
26
85
-163
64
110
-90
-11
163
-8
-94
151
105
-202
90
257
-270
33
345
-131
-46
220
145
-251
204
384
-216
242
281
-199
227
217
-143
243
257
-48
114
391
-106
-152
409
84
-202
243
181
-217
238
38
-154
123
-26
-86
-84
-76
2
-64
-19
-191
51
-177
-198
-49
-90
-80
-129
-48
-39
-173
-181
-77
-126
-111
-59
-12
-67
-215
4
-131
-141
-18
-73
53
25
-41
-15
-28
24
-64
8
26
95
60
-44
7
116
-39
-130
82
178
-141
-27
318
-188
-111
264
-195
-170
153
96
-108
3
203
-51
-178
65
103
-208
125
142
-12
56
89
86
-20
47
137
22
96
204
87
45
34
183
125
-78
71
268
-58
7
253
33
-240
155
226
-256
54
275
-70
-124
61
12
-175
36
36
-69
-16
45
-57
-72
28
-62
89
-4
-66
93
-86
-68
7
-49
-64
-91
172
-160
-186
134
-99
-92
-67
102
-88
-146
97
-76
-1
-89
103
-96
-28
-56
65
8
-246
319
-92
-216
128
5
-143
-88
126
-220
19
-76
-13
-48
-134
114
-226
-21
-2
-265
-28
-77
-230
-79
-117
-101
-47
-103
1
2
-147
80
39
-79
98
78
123
17
88
249
-14
125
135
87
170
105
124
29
173
81
5
196
-2
95
93
77
-73
159
65
-13
88
71
-54
-18
147
-40
-2
137
-3
63
-11
73
133
-60
184
-17
-1
63
-48
24
-19
-28
61
-4
-194
5
-103
-134
-153
-36
-28
-192
33
-44
-103
-91
-10
-138
34
-62
-50
67
-98
161
-54
26
35
-1
4
-16
18
-33
68
-54
94
28
-152
103
44
-127
-85
129
-11
-258
39
24
-236
-91
97
-134
-45
57
-51
-129
-5
26
-224
18
149
-111
112
35
52
23
-9
102
21
32
128
147
-46
80
143
-73
-28
178
24
-16
133
66
-20
-27
15
20
-43
34
101
40
-30
-20
135
-98
22
93
-51
89
87
79
-62
133
-25
7
100
-32
148
41
-38
-28
-10
-50
-106
80
-186
-55
28
-153
-258
62
-118
-241
-25
-73
-164
-185
16
-122
-268
61
-32
-181
-83
59
-16
-33
-105
188
-25
-61
80
177
-55
-17
304
-63
-145
152
155
-175
9
288
-125
-17
152
20
-88
-19
51
50
-110
58
108
-16
-46
39
120
-115
80
118
61
-26
162
88
-50
33
82
143
-143
51
250
-46
-102
81
100
-121
-64
123
64
-171
208
48
-58
66
55
-74
138
15
8
115
70
-67
-10
183
-86
-112
107
15
-170
37
82
-199
-48
80
-117
-152
-72
41
-95
-199
-4
20
-306
-91
82
-286
63
7
-74
2
-85
36
-19
-104
-24
236
-101
24
222
-75
-48
32
101
-153
-20
213
-91
33
95
-59
7
81
-194
35
128
-123
15
73
46
-213
36
54
-171
71
84
-64
-18
160
-152
-24
154
-75
-25
66
115
-67
-30
129
-121
-44
190
-124
-60
173
-100
-16
5
-18
58
-1
12
41
49
48
-8
50
194
-89
26
128
74
-162
108
201
-167
36
131
20
-135
104
22
-78
24
78
-131
32
67
-141
-113
137
-86
-141
42
13
-73
-103
92
-117
-49
-62
13
-57
-131
33
-37
-139
37
-19
-108
60
-24
-43
-10
-37
-42
-6
0
-56
-23
117
-77
-167
308
-39
-113
82
46
-63
-94
129
8
-12
100
100
-25
31
80
-19
-26
84
101
-39
51
135
-57
-34
161
-25
-44
128
87
-123
51
164
-76
-9
230
90
-45
140
182
-64
2
260
22
-153
228
171
-167
98
163
-9
-23
-25
-10
7
-88
-40
-40
2
-103
-108
18
-215
-17
-56
-151
-86
-55
-170
-129
24
-206
-154
6
-105
-181
11
30
-149
-51
-1
-65
-78
-145
162
-91
-100
106
60
-79
-75
57
68
-122
-57
264
-50
-186
163
100
-238
1
151
54
-196
123
108
-115
47
22
-4
-27
17
113
49
15
76
70
36
-54
76
101
-47
69
162
-56
23
183
-94
-53
70
124
-84
97
222
-63
27
227
-101
-11
208
-27
14
112
-2
-27
114
-37
65
5
-1
53
27
-20
43
-37
11
47
-172
35
66
-51
-48
79
-51
-35
-60
-29
-54
-99
30
0
-21
-80
63
-94
-48
-3
-88
23
-35
3
-18
36
-39
-54
52
-82
-184
110
-29
-166
-4
-28
-201
-89
-29
-222
-49
-57
-99
-122
24
-188
-63
-26
-141
-31
-22
43
-11
-28
67
31
-37
94
123
38
14
140
85
28
65
89
120
44
69
163
117
-43
148
146
-50
94
187
84
-41
250
186
-75
161
132
37
12
111
94
16
47
10
59
-14
-89
74
21
-75
-65
53
-6
-195
-23
30
-190
-40
83
-127
-89
38
-96
-93
-84
-77
21
-174
-72
-38
-44
-134
-17
13
-61
-65
-28
59
-147
3
-27
-51
-80
-123
40
-99
-121
-21
15
-127
-108
87
-74
-185
22
4
-88
-20
45
-165
36
35
-131
127
43
-55
19
146
-3
-104
201
69
-160
75
207
-111
-41
232
25
-35
48
86
59
-31
130
154
86
28
126
150
24
29
179
134
-14
123
190
18
61
153
82
75
4
129
101
-23
39
168
-35
-5
74
40
-23
79
-21
-71
75
-48
-1
-55
-10
25
-79
-43
-12
25
-136
-63
9
-99
-195
21
-9
-310
-11
85
-265
-76
85
-258
-182
72
-116
-324
7
78
-273
-146
70
-210
-265
68
-142
-208
4
-38
-182
-75
-4
-139
-28
48
-100
-35
106
15
-98
53
88
-89
-18
197
-6
15
202
42
-11
127
42
-37
161
105
73
91
192
116
-51
154
133
-1
109
192
94
50
192
149
-25
138
146
44
106
212
107
43
176
80
-42
-10
181
-72
-19
166
11
-41
-10
20
-72
-146
-9
44
-124
-23
29
-96
-106
-53
-141
-76
-84
-101
8
-111
-122
-41
-165
-132
-123
-43
-80
-130
74
-73
-149
-44
-51
-143
-80
-22
-84
-17
-1
-34
-151
21
-8
-170
7
19
20
-99
7
31
-18
-41
19
117
-51
32
118
34
-39
105
141
-34
95
198
-21
21
109
63
-68
92
117
-28
50
126
26
-10
58
100
-9
28
34
5
9
1
41
9
-34
38
71
-33
6
38
-8
-48
-6
59
-22
4
109
12
-52
-2
89
-98
-96
86
17
-92
-4
91
-111
-70
38
-22
-82
-16
70
1
-49
85
67
-109
-32
91
-39
-164
118
74
-84
-39
96
27
-113
-54
74
-7
-108
54
29
-81
-8
49
-43
-87
19
37
-117
-61
68
-66
-89
27
-36
-65
-25
-64
40
-37
-144
43
56
-113
-52
103
83
-78
122
103
28
21
74
85
-6
63
89
86
-17
118
144
-22
-12
136
45
-131
37
89
-68
-60
85
24
-112
-35
41
-76
-102
-42
49
-31
-110
32
105
-71
-108
124
19
-123
22
107
-110
7
91
-31
-46
-2
60
-55
-101
100
11
-145
-48
26
-117
-152
-29
1
-57
-71
53
-14
-73
-7
-44
19
68
2
-26
105
-19
-119
29
49
-34
-29
65
-4
-73
5
-47
-66
-82
-26
-34
-65
-5
-1
-53
-107
-23
-20
-95
-36
16
49
-2
24
71
83
62
27
159
141
-1
105
172
9
30
157
86
66
119
142
119
111
62
-5
113
66
-12
89
156
53
40
120
54
4
39
30
69
62
81
84
31
41
-19
-11
-59
-8
43
-11
-1
-7
45
-61
-132
-68
2
-140
-122
15
-93
-162
-136
-88
-221
-179
-102
-125
-153
-96
-105
-156
-102
-102
-138
-83
-16
-48
-22
-20
-9
-21
-66
-60
-11
-43
-49
27
6
-79
-42
15
-101
-126
20
3
-90
-1
43
-60
-56
29
-11
-60
12
90
75
0
107
135
-27
25
107
72
32
113
174
111
98
142
112
107
85
101
142
130
162
106
111
66
81
62
55
168
113
28
136
105
-30
16
83
-13
-38
149
68
-87
3
36
-119
-109
-17
-25
-52
-79
-34
-32
-149
-145
-116
-173
-177
-61
-66
-169
-80
-28
-174
-203
-116
-45
-139
-97
-4
1
-86
-129
9
-101
-164
30
29
-16
19
51
9
-38
-25
7
10
6
36
35
14
-3
15
18
-38
-61
-2
40
-60
-48
94
13
-56
68
73
-6
15
82
80
32
115
142
78
81
150
123
65
207
160
71
140
179
56
61
184
80
30
145
95
12
83
89
-16
14
63
20
15
24
46
38
25
-1
2
14
-6
-13
-31
-15
13
-49
-26
-33
-72
-75
-80
-107
-94
-65
-83
-73
-94
-92
-146
-115
-116
-104
-87
-76
-62
-70
-77
-103
-125
-86
-55
-122
-85
-33
-98
-163
-54
-59
-106
-90
-42
-60
-100
-40
-69
-80
-75
-81
-6
-20
-74
-45
20
-77
-100
-38
-28
-85
-69
67
36
-58
65
126
-19
18
152
168
80
183
212
95
105
190
177
133
200
192
132
146
159
129
83
160
150
74
120
104
103
81
80
80
59
31
31
52
3
10
29
-32
-28
1
-44
-35
-17
-28
-75
-29
-17
-19
-60
-73
-14
-96
-83
-3
-29
-48
-41
-72
-67
-81
-64
-102
-73
-65
-82
-103
-67
-57
-142
-93
-39
-54
-111
-30
-30
-54
-45
-21
6
-58
-28
-12
-57
-43
44
-51
-51
-23
-13
-84
-50
24
-42
-40
14
46
-38
-4
46
-9
-21
-4
35
11
-8
63
49
37
36
111
79
67
156
138
100
130
166
108
108
187
162
101
149
187
108
72
116
96
21
63
59
39
6
-2
1
-64
-49
-37
-87
-66
-27
-61
-67
-83
-68
-60
-109
-78
-39
-74
-129
-44
-56
-124
-101
-68
-75
-129
-86
-77
-110
-101
-103
-104
-94
-99
-94
-37
-82
-105
-41
-91
-79
-30
-60
-63
-20
-49
-71
-23
-33
-54
-53
0
-12
-61
36
-1
-37
-4
36
14
-27
40
41
8
54
73
46
15
65
61
33
57
77
111
56
104
138
95
80
174
135
154
172
168
185
178
142
146
180
133
126
147
143
110
135
91
75
87
33
54
58
9
23
15
-29
2
-18
-29
-35
-30
-45
-46
-30
-57
-19
-56
-92
-72
-78
-66
-95
-98
-61
-118
-139
-88
-108
-125
-152
-85
-96
-143
-75
-54
-92
-113
-66
-83
-124
-122
-50
-93
-138
-82
-69
-113
-98
-15
-67
-60
-4
-9
-38
0
7
-29
-12
-4
-11
-34
19
32
-9
14
23
-28
-58
15
3
-24
51
65
25
36
90
27
25
95
115
77
100
186
114
84
125
137
77
74
154
123
58
112
131
38
55
91
35
23
57
36
34
28
52
30
-32
10
29
-9
-16
14
-25
-55
-45
-43
-71
-48
-45
-65
-63
-57
-60
-90
-55
-77
-89
-105
-59
-73
-118
-72
-91
-106
-92
-35
-97
-79
-39
-62
-89
-64
-28
-58
-91
-30
27
-26
-35
50
12
-46
26
49
12
10
71
72
30
62
94
58
35
61
59
50
74
66
72
74
35
71
50
31
81
109
68
83
115
73
28
33
84
37
25
57
65
39
43
51
23
45
40
83
81
50
85
52
67
33
70
52
16
61
13
-5
7
-6
-15
-41
-59
-34
-83
-81
-56
-79
-77
-96
-106
-83
-110
-128
-98
-93
-128
-143
-101
-125
-140
-92
-83
-113
-115
-91
-122
-103
-64
-74
-77
-71
-69
-95
-102
-68
-80
-80
-22
-55
-48
-15
-50
-54
-33
-24
-18
-14
15
29
29
29
37
58
70
72
64
102
122
104
100
98
91
64
90
84
65
67
71
57
58
46
55
34
25
45
52
34
69
74
73
78
70
95
77
92
95
88
92
111
120
105
96
119
96
73
68
78
55
16
55
50
-4
11
22
-31
-46
-6
-44
-100
-42
-47
-86
-91
-66
-86
-90
-84
-80
-67
-76
-65
-76
-78
-111
-115
-99
-74
-117
-92
-57
-97
-120
-83
-93
-128
-83
-70
-57
-36
-28
-20
-59
-60
-17
-61
-75
-5
-1
-46
-3
6
-12
-24
-19
15
30
-2
31
49
37
23
28
66
36
21
56
84
42
48
65
56
50
47
66
45
45
69
89
58
68
109
75
55
89
67
55
52
57
43
-4
44
43
-13
18
36
-1
-4
23
20
-7
6
39
21
11
33
-4
-27
-15
-21
-34
-31
-17
-36
-56
-48
-61
-61
-60
-33
-28
-37
-24
-25
-48
-48
-38
-58
-64
-43
-31
-51
-42
-7
-33
-95
-38
-34
-81
-41
-8
-22
-44
6
-3
-18
-21
24
31
-2
20
51
48
17
25
27
-8
-18
2
-9
-19
-32
8
6
-37
-37
-12
-37
-33
-1
31
21
17
61
39
11
29
62
36
64
91
78
54
40
78
75
41
75
86
64
67
75
80
68
45
67
48
21
24
30
5
10
15
-16
-10
-30
-46
-41
-50
-52
-54
-55
-55
-63
-33
-29
-53
-32
-27
-55
-48
-40
-34
-35
-14
-13
-54
-34
-38
-62
-81
-76
-59
-90
-72
-46
-30
-37
-28
-4
-19
-7
5
23
27
12
38
9
21
24
12
17
2
2
29
24
25
43
43
6
12
34
19
10
14
19
9
4
14
9
4
-2
13
-13
-5
14
-14
-6
10
4
12
15
4
32
33
-11
27
52
27
27
66
59
41
58
54
41
36
44
23
7
7
15
-20
1
21
-4
3
-5
-24
-19
-30
-31
-14
-3
2
9
-2
-1
6
-11
-28
-5
-7
-23
-15
-10
-36
-37
-21
-39
-29
-13
-28
-25
-17
-43
-35
-37
-56
-58
-49
-66
-83
-75
-70
-93
-95
-94
-79
-60
-50
-30
-34
-35
-31
-31
-37
-41
-15
-7
-5
10
19
14
12
13
22
41
44
59
85
68
62
109
57
47
84
86
70
52
77
79
54
76
90
78
84
95
77
69
77
69
56
55
74
59
42
53
48
36
39
41
38
16
21
33
12
16
8
-2
-25
-32
-17
-35
-44
-52
-25
-58
-63
-71
-55
-69
-79
-62
-63
-70
-92
-64
-72
-93
-94
-45
-57
-67
-45
-16
-55
-79
-34
-23
-65
-51
-1
-32
-47
-19
-32
-55
-47
-13
-20
-22
2
-12
-29
-12
-10
-20
-29
-31
-6
-7
-8
-2
9
17
14
17
20
20
-5
9
34
31
29
41
64
48
52
59
59
67
57
60
58
85
58
71
85
80
61
60
78
66
46
63
71
36
62
61
22
28
41
19
-4
5
8
-12
-18
5
-7
-14
-29
-22
-16
-36
-18
-29
-32
-31
-60
-54
-46
-55
-63
-62
-42
-59
-84
-82
-76
-89
-97
-99
-81
-105
-101
-78
-65
-61
-57
-26
-31
-31
-24
-1
-22
-34
14
0
0
28
37
-4
4
40
25
9
27
58
41
46
43
49
50
35
26
42
56
39
61
66
34
32
49
28
38
60
41
43
65
42
24
36
46
10
22
22
19
20
3
43
10
25
18
12
16
17
30
7
10
12
-8
-21
-13
4
-2
-21
1
14
-6
-2
12
-4
-4
-2
-17
-5
-2
-23
-9
-14
-43
-40
-37
-33
-36
-36
-22
-32
-49
-38
-49
-49
-50
-50
-56
-57
-33
-40
-42
-30
-26
-10
-10
-9
7
-7
-35
-9
-12
-29
-16
-17
-15
-12
-4
-15
5
7
0
0
11
27
20
38
27
39
29
14
16
13
-12
-9
15
-12
-3
29
10
-12
26
8
-5
15
26
16
21
38
18
17
32
24
22
22
7
19
23
20
21
29
36
30
32
47
46
35
51
36
36
22
34
40
25
31
23
10
-10
12
-13
-17
-4
-13
-32
-12
-24
-52
-17
-25
-44
-54
-38
-41
-52
-49
-24
-41
-43
-19
-25
-45
-50
-30
-36
-74
-43
-6
-64
-54
-21
-31
-39
-17
-19
-14
-21
-19
5
-23
-30
-14
-25
-39
-47
-31
-31
-42
-11
1
-2
2
19
26
29
34
43
54
43
43
48
63
50
27
38
29
23
28
39
55
52
43
56
52
47
35
46
52
59
65
56
66
61
65
53
67
47
55
58
40
40
55
40
17
36
36
4
-15
29
21
-9
3
12
-11
-47
-34
-25
-52
-55
-32
-56
-78
-81
-74
-95
-112
-84
-87
-117
-95
-62
-91
-111
-87
-73
-83
-69
-57
-36
-46
-24
8
-8
-5
3
11
-5
-15
17
16
2
33
24
16
23
34
14
11
23
9
-4
-8
4
-15
-14
-11
-3
2
-8
-3
1
-2
2
20
29
29
18
24
25
19
15
4
1
12
27
21
29
19
25
22
14
27
25
31
44
48
42
45
38
36
25
33
23
20
17
16
18
5
17
22
9
4
23
17
7
18
31
20
5
16
1
-10
-17
-9
-19
-44
-20
-22
-47
-40
-23
-56
-59
-43
-37
-57
-45
-18
-38
-31
-26
-22
-21
-25
-10
-2
-6
5
9
11
10
8
32
21
16
46
37
26
25
16
15
10
-1
7
11
13
6
-1
7
-9
-22
-16
-16
-9
-16
-5
7
-1
3
2
11
2
-1
5
9
0
20
13
-6
2
1
2
6
19
10
6
12
19
24
25
26
35
25
28
28
20
17
21
12
3
8
-3
-3
-9
-2
0
-7
-7
-12
-21
-28
-33
-38
-43
-32
-35
-47
-34
-40
-42
-40
-49
-50
-40
-23
-34
-31
-17
-13
-28
-16
-9
-14
1
-3
-4
-3
-13
-12
1
-3
-6
6
5
5
21
12
-13
6
16
16
22
30
30
17
17
12
10
9
19
15
9
7
-6
-8
-11
-1
-7
-6
11
15
7
13
24
14
19
13
19
20
18
27
30
22
24
33
22
26
22
23
9
8
14
-3
-4
7
12
2
1
7
9
-2
5
2
-2
2
11
-1
-3
8
1
-11
-3
-17
-15
-18
-23
-15
-17
-27
-32
-16
-25
-33
-23
-9
-15
-19
-4
0
-6
-2
17
9
7
14
4
0
15
10
2
14
10
6
6
8
-2
-2
-11
-4
-13
-15
-3
-13
-8
-3
-5
-11
-3
-5
-12
0
-13
-12
-10
-4
-4
-1
9
1
-13
0
-5
-14
-1
14
9
5
13
1
-10
1
11
-8
-6
11
3
-5
2
5
4
7
15
19
5
22
27
10
12
16
11
7
-5
1
-2
-5
-5
-13
-22
-28
-21
-23
-31
-23
-21
-22
-21
-13
-14
-26
-16
-13
-13
-3
0
-11
-9
-4
0
-3
-12
5
12
2
11
9
2
5
6
21
28
22
27
22
20
17
10
7
6
0
1
-7
-5
-9
-10
-9
-10
-11
-9
3
-6
-2
3
-1
0
2
8
8
6
4
16
13
6
20
24
27
31
30
26
29
29
29
28
24
21
17
13
16
14
8
1
7
2
-8
-6
11
8
7
0
-2
-5
-11
-10
-8
5
-7
-7
-4
-8
-15
0
2
-12
-12
-9
-10
-10
-2
-6
-6
-13
-18
-22
-16
-15
-12
-11
-9
-9
-4
-2
-7
-11
2
1
1
3
-4
0
8
8
-5
12
7
-17
-15
0
-6
-16
-7
-7
-21
-22
-5
-5
-9
-4
-6
-14
-15
-14
-4
-24
-27
-18
-30
-30
-30
-14
-28
-26
-22
-26
-28
-27
-17
-25
-25
-18
-18
-12
-10
-2
5
0
-3
6
-1
-11
-4
1
-4
-4
-2
2
3
4
10
19
24
20
24
30
31
23
27
29
23
29
45
40
28
39
44
36
30
33
31
26
31
30
23
19
18
23
15
13
13
4
3
4
-2
-5
3
2
-9
-10
-9
2
1
-4
4
-2
-5
-2
-3
-5
-5
-1
-3
-10
-8
-9
-11
0
5
6
11
4
-5
-1
-10
-16
-2
2
-3
1
5
4
6
6
15
2
-3
13
9
-1
8
11
10
8
14
12
9
4
-3
-6
-19
-24
-19
-21
-24
-21
-23
-24
-15
-12
-13
-13
-17
-14
-16
-12
-2
1
-4
-8
-8
-4
-5
-5
3
4
-4
-1
5
0
-4
-5
-11
-16
-20
-18
-20
-20
-16
-13
-14
-20
-20
-17
-21
-15
-11
-11
-4
-1
-4
-2
1
1
-4
-5
-1
-1
-2
4
16
6
1
13
11
7
12
14
4
1
13
1
-7
5
9
2
2
11
5
1
15
12
9
11
15
11
8
15
6
4
7
9
4
-2
5
9
-5
-11
-8
-8
-11
-7
0
5
9
12
17
17
8
5
2
1
-2
2
7
1
1
16
11
4
13
8
-1
8
13
6
11
16
14
8
9
14
12
24
28
23
19
19
17
15
13
3
4
2
-2
-4
2
1
3
3
10
10
8
4
-2
-8
-17
-12
-13
-20
-22
-21
-17
-12
-10
-17
-14
-16
-17
-18
-19
-13
-11
-14
-19
-18
-19
-24
-22
-21
-22
-18
-15
-13
-17
-16
-14
-24
-15
-9
-13
-8
0
-3
-4
-3
-4
-7
-6
-5
-14
-11
-10
-4
-5
-4
-1
8
4
9
15
7
13
13
20
23
20
25
25
18
14
16
9
11
9
0
4
0
0
3
2
4
12
10
3
-1
2
-1
-3
-1
-2
-3
-2
1
3
4
7
11
10
6
2
0
-6
-2
-3
-5
-3
-1
-1
-3
-4
7
7
0
5
2
-3
-6
-2
-5
-7
-9
-6
-8
-6
0
0
1
1
9
16
14
14
9
11
10
5
10
7
8
7
8
9
5
0
5
1
-4
-3
0
-5
0
4
8
6
6
11
8
5
4
4
12
12
8
9
9
15
9
4
6
3
5
9
2
5
-1
6
4
5
5
0
-1
-1
-3
-7
-3
-8
-3
-1
-6
-6
-7
-10
-17
-15
-16
-24
-19
-16
-18
-15
-14
-15
-16
-21
-19
-21
-24
-19
-29
-32
-36
-36
-37
-38
-35
-34
-27
-28
-26
-22
-22
-22
-17
-14
-10
-12
-7
-3
-6
-4
-3
-1
-1
1
2
3
11
12
14
24
27
28
34
33
31
30
30
32
28
30
27
23
22
23
25
26
27
19
23
25
25
23
22
25
25
28
26
29
25
23
26
22
24
22
21
17
20
19
14
9
9
7
-5
-5
-4
-2
-3
-3
-7
-14
-11
-11
-14
-9
-8
-10
-9
-6
-12
-17
-18
-20
-23
-20
-15
-16
-16
-18
-24
-29
-21
-23
-25
-22
-22
-26
-26
-26
-37
-33
-36
-41
-40
-33
-30
-29
-26
-19
-20
-23
-15
-15
-12
-5
3
3
9
10
15
19
21
18
19
19
16
14
15
19
22
21
14
17
8
3
6
2
-1
2
5
4
7
7
13
7
3
6
6
7
3
10
4
8
7
3
7
7
11
11
14
16
19
12
14
18
18
16
20
19
17
19
17
9
9
10
9
16
17
18
13
14
9
5
1
-7
-7
-3
-1
-2
-3
-6
-2
-7
-7
-4
-8
-10
-6
-6
-10
-10
-7
-11
-16
-12
-12
-18
-19
-13
-19
-20
-19
-21
-23
-26
-20
-13
-8
-6
-1
-2
-5
-9
-11
-14
-7
-6
-9
-8
-5
-7
-8
-7
-7
0
-5
-7
-4
-2
4
3
3
4
-7
-7
-5
-1
-3
-6
-2
0
-1
0
4
-2
7
-2
1
2
-1
0
0
2
0
7
6
5
6
9
8
6
15
10
11
13
11
6
4
5
1
2
5
12
14
10
12
15
7
5
4
0
-3
-3
0
-6
-8
1
3
-1
-2
3
2
1
2
2
3
-1
1
-1
-5
-8
-1
0
-7
-2
-4
-8
0
2
1
4
5
6
7
7
5
5
4
3
5
2
-2
-3
-8
-12
-8
-5
-5
-9
-6
1
1
2
5
8
8
10
14
14
9
14
16
14
14
16
20
18
19
20
19
15
20
16
11
13
12
9
3
8
4
-2
1
-3
-7
-12
-2
-7
-12
-13
-12
-12
-13
-6
-10
-10
-14
-13
-15
-10
-10
-12
-8
-8
-13
-17
-24
-24
-25
-29
-27
-32
-31
-33
-30
-33
-30
-28
-30
-22
-26
-24
-22
-19
-15
-24
-14
-5
-11
-7
-5
-8
-5
-2
6
5
5
12
9
12
11
10
7
11
13
13
12
15
18
17
18
18
16
14
17
13
12
16
12
17
18
24
26
23
30
29
28
30
38
36
37
40
33
34
29
30
25
20
19
12
7
6
3
-3
-11
-9
-11
-12
-10
-10
-11
-6
-5
-9
-2
-1
1
0
-4
-2
-10
-9
-10
-13
-8
-10
-5
-3
0
2
1
1
-1
-10
-8
-9
-11
-11
-11
-9
-14
-19
-18
-18
-21
-18
-16
-18
-22
-20
-24
-27
-26
-24
-22
-19
-19
-16
-17
-20
-17
-16
-18
-14
-8
-13
-9
-8
-12
-7
-8
-5
-7
2
6
4
8
9
13
17
22
21
21
26
25
16
17
17
14
15
20
19
16
15
17
14
11
13
10
12
10
11
11
8
6
7
4
6
8
8
11
7
5
3
2
-2
-1
3
4
0
0
2
-1
-3
-8
-8
-9
-9
-8
-7
-8
-13
-15
-16
-13
-16
-19
-16
-16
-18
-19
-17
-15
-12
-10
-7
-6
-6
0
-3
-8
-5
-3
-3
-1
5
4
2
4
4
-2
2
5
6
8
10
11
9
9
9
8
11
15
16
16
15
8
6
5
7
7
5
5
6
7
7
10
10
12
10
7
5
2
2
4
3
6
7
7
11
9
5
5
7
11
9
15
13
4
7
6
0
-1
-1
-2
-6
-9
-10
-13
-15
-12
-12
-17
-19
-14
-12
-13
-8
-4
-3
-6
-5
-5
-6
-6
-1
-3
-13
-10
-8
-14
-8
-7
-7
-6
-5
-3
-7
-5
-7
-8
-5
-5
-4
0
-1
-1
4
1
0
0
-1
-5
-6
-3
-2
-2
-2
-4
-5
-6
-5
0
6
1
4
4
7
7
8
7
6
8
5
4
0
-2
-3
-3
-3
-7
-4
-5
-2
2
2
3
4
9
5
9
11
11
7
6
5
5
7
8
8
9
12
9
8
10
10
8
1
1
-1
-3
-4
-2
-3
-7
-6
-10
-13
-14
-15
-15
-16
-17
-15
-14
-14
-19
-15
-17
-19
-20
-15
-13
-14
-11
-8
-10
-8
-6
-5
-4
-7
0
4
3
10
13
13
17
19
23
29
28
25
22
21
17
17
20
21
20
18
17
17
13
16
15
15
16
16
15
17
17
14
13
13
12
10
10
8
8
4
-1
-3
-5
-7
-12
-14
-8
-12
-10
-7
-8
-8
-11
-7
-4
-7
-6
-9
-7
-9
-10
-10
-11
-15
-19
-20
-22
-25
-25
-23
-22
-22
-22
-16
-13
-15
-9
-11
-10
-11
-11
-10
-12
-11
-12
-5
-9
-5
-4
-7
-7
-10
-12
-13
-6
-7
0
3
5
5
0
4
4
10
12
14
11
11
10
9
6
3
4
6
8
6
8
6
4
6
4
5
7
8
12
15
12
8
9
6
7
8
6
3
4
5
3
3
5
4
3
2
2
-1
4
6
9
11
11
15
11
12
13
13
10
13
14
10
13
10
13
10
10
9
6
6
5
1
-3
-1
-3
-7
-7
-6
-8
-4
-5
-6
-9
-6
-9
-10
-10
-10
-10
-10
-10
-10
-10
-8
-8
-6
-2
-5
-3
-3
-5
-10
-4
-6
-9
-9
-9
-11
-14
-10
-11
-11
-11
-10
-10
-11
-6
-7
-8
-4
1
0
-3
-8
-11
-10
-9
-4
-6
-2
-3
-1
-4
-6
-10
-11
-8
-7
0
2
3
2
9
11
15
20
21
18
18
21
18
20
19
19
13
7
8
4
4
6
10
12
11
12
16
15
13
13
13
12
11
11
7
6
3
-3
-5
-5
-10
-12
-14
-14
-20
-19
-20
-17
-18
-19
-17
-14
-14
-15
-18
-21
-18
-18
-16
-19
-19
-20
-20
-20
-18
-15
-14
-10
-8
-6
-3
-2
2
5
5
8
9
12
15
15
16
16
18
16
15
14
13
9
8
5
6
8
5
8
11
10
12
11
5
6
6
7
10
10
10
12
10
11
10
12
9
4
6
4
6
6
7
5
5
9
5
1
4
6
3
6
10
9
10
13
12
12
6
5
3
1
-1
-3
-6
-8
-5
-3
0
-3
-2
-2
-6
-4
-3
-4
-5
-6
-4
-6
-11
-11
-13
-15
-13
-16
-19
-17
-16
-19
-18
-18
-17
-13
-15
-11
-10
-7
-5
-6
-7
-2
0
2
3
-3
-9
-8
-3
-1
2
6
11
10
11
10
8
3
2
1
0
-2
-3
-4
-4
-3
-3
-5
-6
-6
-6
-4
-3
0
3
0
2
5
3
6
6
3
0
3
0
-2
-2
-2
-1
-4
-1
-3
-2
-1
0
1
1
-1
0
-3
-2
0
0
-6
-4
-1
-3
-7
-8
-6
-7
-7
-3
0
1
0
-2
0
1
2
2
3
5
6
7
8
6
9
11
14
12
16
20
18
18
18
18
15
14
10
11
9
10
8
4
6
3
1
3
2
2
1
-3
-2
-4
-7
-4
-6
-3
-4
1
1
-1
-1
-2
0
-1
1
5
4
2
6
3
-1
1
1
3
4
6
8
7
4
1
-2
-7
-7
-8
-8
-10
-8
-4
-6
-5
-6
-3
-3
-4
-4
-5
-4
-1
4
2
1
0
-4
-4
-7
-6
-4
-6
-4
-4
-3
-4
-7
-3
-7
-5
-2
-4
-2
-2
0
-3
-3
-3
-4
-10
-8
-7
-11
-9
-9
-11
-17
-17
-18
-19
-17
-19
-20
-19
-15
-14
-8
-9
-6
-4
-1
2
4
6
6
7
7
6
6
8
