-2
-2
-2
-2
-2
-2
-1
-2
-1
-2
-2
-1
-2
-2
-2
-2
-2
-2
-2
-1
1
1
1
2
0
1
1
0
0
2
2
1
2
3
2
3
3
3
3
3
4
4
4
4
3
3
4
4
4
3
2
3
1
1
1
1
1
0
0
1
0
-1
0
0
-1
0
-1
0
-2
-2
-2
-1
-2
-1
-2
0
-1
-2
-2
-3
-2
-3
-1
-1
-1
-2
-1
-2
-2
-2
-3
-3
-2
-2
-2
-2
-2
-2
-2
-1
-1
-1
-1
-1
0
0
0
0
1
0
0
1
0
0
0
0
0
1
0
1
1
-1
-1
0
0
-1
-1
-1
-1
-2
-2
-3
-2
-3
-2
-2
-2
-2
-2
-3
-3
-2
-3
-2
-1
-1
-1
-2
-2
-2
-1
-1
-1
-1
-1
-1
-1
-1
1
1
2
2
3
3
2
2
3
3
3
4
3
3
3
4
3
3
3
3
3
3
3
3
3
3
2
3
2
1
2
1
2
2
2
2
2
1
1
0
1
1
2
1
2
2
1
2
2
1
1
2
2
2
2
2
2
2
1
1
0
0
1
1
0
1
0
0
-1
0
-1
-2
-1
0
-1
-2
-2
-2
-2
-2
-2
-2
-1
0
0
-1
-1
0
-1
0
0
0
-1
-1
-1
-1
-1
-1
-2
-1
-2
-2
-2
-3
-4
-3
-3
-5
-4
-4
-3
-2
-3
-2
-2
-3
-2
-4
-2
-2
-2
-2
-1
-1
-1
-1
-2
-1
-1
-2
-1
-1
-2
-1
-2
-3
-3
-3
-3
-4
-4
-2
-2
-1
-1
-1
1
0
2
1
1
2
1
2
2
1
1
2
2
2
3
3
2
2
3
2
2
4
4
3
2
3
3
3
2
3
2
2
1
2
1
2
2
2
4
3
3
4
2
3
3
4
4
4
4
4
3
4
3
3
3
1
1
2
3
2
2
1
1
0
1
0
0
0
1
0
-1
-2
-2
-2
-3
-3
-2
-3
-4
-4
-3
-3
-3
-3
-2
-2
-2
-3
-2
-2
-2
-3
-3
-2
-3
-2
-3
-2
-1
-3
-2
-3
-3
-3
-2
-2
-1
-2
0
-1
0
0
0
0
-1
-1
0
0
0
-1
0
-1
-1
0
0
-1
1
0
0
1
2
2
2
2
2
2
1
0
0
-1
-1
0
-2
0
0
1
0
0
0
0
0
0
-1
-1
0
-2
-1
-2
-1
-1
-2
-1
-1
-1
-1
-1
-1
-1
-2
-2
-3
-2
-2
-3
-1
-2
-2
-1
-1
-1
0
0
0
0
2
1
3
1
1
1
2
1
2
2
3
2
2
2
1
2
2
3
2
4
4
3
4
4
5
3
4
3
3
4
4
3
2
2
1
1
1
0
0
0
0
0
1
1
0
1
-1
1
2
1
2
1
1
1
1
1
2
1
1
2
1
1
1
1
-1
0
0
-1
-2
-2
-1
-4
-3
-3
-3
-3
-4
-4
-3
-4
-5
-3
-3
-4
-3
-4
-3
-3
-2
-1
-2
-2
0
-1
0
1
1
1
1
1
2
0
1
1
1
2
0
0
0
-2
-2
-1
-3
-4
-4
-4
-2
-2
-2
-3
-1
-2
-1
0
0
-1
-1
0
0
1
0
1
1
1
2
3
3
3
3
1
3
3
3
2
2
3
3
3
3
2
2
2
2
2
2
0
0
1
1
2
1
2
1
1
2
2
2
1
1
1
1
1
0
-1
-2
-1
-2
-3
-3
-3
-2
-3
-5
-4
-6
-6
-7
-7
-8
-8
-8
-8
-9
-10
-10
-12
-11
-10
-10
-9
-9
-6
-5
-5
-4
-4
-3
-1
1
2
3
5
5
5
8
9
10
12
12
13
14
14
15
15
15
15
14
14
14
13
12
12
12
11
10
9
8
7
7
5
6
5
5
5
5
6
6
6
5
5
4
3
3
4
3
3
2
3
2
1
1
1
-1
-1
-2
-3
-4
-5
-6
-7
-8
-9
-10
-11
-12
-14
-14
-15
-16
-18
-18
-20
-20
-20
-21
-19
-20
-21
-21
-20
-22
-22
-22
-23
-22
-22
-23
-23
-23
-21
-21
-20
-19
-16
-15
-13
-11
-9
-7
-5
-2
-2
1
2
4
6
7
10
11
14
17
18
21
24
26
27
29
30
31
32
34
35
35
37
39
37
38
37
38
36
34
34
34
32
31
29
28
26
23
21
19
18
16
14
12
10
7
5
2
-1
-2
-5
-6
-6
-9
-10
-11
-15
-17
-19
-22
-24
-25
-27
-28
-28
-30
-31
-32
-32
-33
-34
-34
-33
-34
-33
-33
-33
-35
-35
-36
-37
-38
-39
-39
-40
-42
-42
-41
-41
-42
-41
-39
-37
-35
-31
-28
-24
-19
-12
-5
4
10
19
26
32
39
44
50
55
60
63
67
69
67
67
66
64
61
60
57
51
48
44
41
37
34
31
29
26
27
26
26
26
26
26
25
26
27
23
22
19
18
14
12
8
4
0
-5
-8
-12
-14
-20
-25
-29
-33
-37
-40
-43
-45
-47
-47
-47
-48
-48
-48
-46
-46
-45
-45
-45
-44
-43
-42
-41
-40
-40
-41
-43
-45
-52
-57
-64
-68
-74
-79
-83
-88
-90
-91
-90
-89
-87
-82
-75
-63
-47
-33
-15
2
22
44
65
86
103
121
137
150
160
165
165
163
160
154
146
136
123
110
96
83
71
62
55
51
45
43
41
42
41
42
43
46
46
48
49
47
46
42
38
34
29
27
24
16
10
4
-2
-10
-18
-26
-34
-40
-46
-51
-56
-64
-71
-77
-81
-83
-84
-86
-86
-87
-89
-89
-92
-91
-90
-88
-86
-82
-78
-74
-70
-66
-65
-62
-62
-66
-70
-75
-85
-93
-100
-110
-121
-133
-137
-138
-139
-141
-145
-145
-139
-128
-114
-99
-79
-60
-31
5
42
81
114
147
183
215
244
266
276
286
288
285
274
259
235
209
184
156
127
99
72
51
34
21
11
4
2
4
8
11
16
21
29
41
53
61
72
80
90
98
101
103
103
102
98
89
82
69
56
42
28
17
1
-16
-30
-44
-56
-71
-83
-94
-102
-103
-107
-110
-114
-117
-116
-114
-111
-108
-104
-103
-102
-102
-103
-105
-108
-106
-111
-108
-111
-113
-115
-119
-120
-123
-122
-123
-120
-120
-121
-126
-127
-127
-131
-134
-140
-143
-156
-170
-176
-179
-182
-183
-183
-182
-173
-159
-142
-125
-106
-84
-50
-5
45
96
143
191
237
285
330
364
388
401
410
415
414
400
383
361
333
301
264
226
180
140
106
82
67
51
36
31
31
30
29
31
36
40
51
67
82
91
104
116
130
140
145
147
139
136
131
125
118
107
86
72
57
38
15
-12
-36
-56
-73
-91
-105
-121
-135
-142
-150
-158
-160
-166
-165
-166
-165
-166
-168
-171
-168
-170
-172
-174
-175
-173
-174
-176
-179
-184
-190
-193
-198
-196
-201
-207
-213
-214
-211
-210
-209
-208
-207
-218
-230
-240
-256
-268
-278
-278
-271
-265
-255
-248
-238
-216
-191
-169
-139
-102
-53
9
71
137
203
262
322
379
435
476
508
530
544
550
550
527
492
447
408
367
316
264
211
160
120
87
60
39
17
17
21
31
36
39
52
65
84
106
127
141
152
170
184
200
210
212
220
225
221
216
197
179
158
135
109
83
57
34
13
-9
-25
-52
-77
-97
-117
-134
-155
-168
-188
-204
-211
-213
-219
-223
-219
-215
-213
-215
-212
-212
-217
-219
-218
-227
-237
-247
-252
-247
-245
-239
-229
-226
-225
-228
-230
-238
-262
-290
-335
-374
-398
-406
-413
-430
-448
-462
-456
-443
-435
-430
-420
-378
-310
-219
-110
3
105
208
324
437
534
608
664
713
753
787
796
764
712
658
598
528
459
373
285
205
133
73
19
-19
-56
-79
-95
-83
-74
-68
-58
-47
-15
10
23
44
64
81
110
145
168
189
191
191
191
192
187
179
162
139
128
113
110
95
75
53
29
8
-17
-32
-50
-61
-84
-100
-108
-129
-139
-143
-147
-159
-155
-155
-152
-151
-148
-141
-152
-153
-152
-153
-152
-156
-172
-188
-200
-209
-211
-213
-219
-225
-225
-222
-221
-212
-209
-202
-190
-194
-220
-261
-312
-355
-360
-349
-350
-373
-398
-400
-373
-346
-343
-347
-338
-298
-213
-123
-22
52
123
207
302
407
487
546
584
617
652
675
668
622
553
492
436
367
285
193
102
31
-22
-74
-105
-123
-137
-125
-94
-58
-24
-5
11
45
94
142
183
214
238
277
323
365
397
409
420
434
450
462
453
433
404
374
343
312
280
236
194
158
116
70
27
-17
-63
-97
-125
-162
-183
-217
-243
-258
-270
-280
-289
-300
-313
-320
-330
-338
-347
-347
-345
-346
-347
-344
-347
-347
-345
-344
-349
-353
-352
-349
-336
-323
-311
-304
-298
-291
-283
-296
-342
-401
-453
-477
-468
-458
-480
-499
-504
-474
-432
-422
-439
-447
-408
-325
-213
-103
-19
50
138
238
353
453
510
552
597
656
706
729
706
655
599
568
542
486
412
323
255
212
178
145
111
82
75
109
128
130
134
140
161
195
235
272
298
313
336
362
377
398
407
420
438
446
457
464
442
427
402
372
342
300
266
238
197
159
118
61
15
-37
-75
-119
-171
-216
-244
-264
-289
-311
-331
-346
-358
-356
-360
-363
-371
-375
-385
-385
-384
-389
-383
-384
-396
-415
-423
-427
-429
-428
-433
-430
-432
-435
-427
-417
-401
-382
-377
-393
-432
-500
-546
-560
-526
-495
-508
-539
-555
-515
-460
-426
-431
-453
-422
-339
-218
-94
3
78
166
290
426
547
620
664
712
781
850
880
859
791
730
696
666
612
509
402
316
262
235
204
157
115
102
145
189
228
234
220
235
271
324
360
377
378
393
424
462
484
484
481
477
481
485
481
450
393
344
318
292
254
206
152
107
68
20
-25
-84
-156
-212
-258
-304
-351
-387
-419
-437
-444
-462
-479
-503
-524
-525
-534
-549
-563
-565
-569
-563
-555
-546
-543
-536
-519
-508
-494
-486
-473
-466
-444
-415
-394
-370
-349
-331
-294
-256
-228
-229
-260
-323
-390
-397
-360
-313
-330
-390
-441
-414
-334
-282
-306
-356
-367
-292
-150
0
100
159
244
355
518
694
789
826
862
916
996
1061
1059
977
877
813
766
715
619
504
404
334
289
244
200
136
92
105
140
162
156
126
128
154
211
251
260
255
259
296
335
366
372
340
314
333
339
333
307
259
217
191
166
135
84
15
-37
-77
-130
-194
-251
-305
-347
-386
-418
-454
-502
-533
-554
-572
-592
-595
-602
-606
-581
-575
-576
-579
-548
-525
-512
-488
-489
-479
-443
-413
-384
-349
-334
-315
-294
-256
-229
-219
-200
-210
-184
-152
-119
-77
-58
-79
-143
-219
-272
-254
-193
-150
-190
-273
-315
-258
-190
-169
-199
-257
-221
-99
59
205
285
340
423
566
725
840
884
887
904
957
1019
1023
939
816
709
624
577
487
368
239
145
80
23
-29
-78
-119
-155
-118
-65
-30
-50
-70
-58
-11
51
102
112
95
109
148
200
215
200
180
166
194
225
237
211
153
121
106
89
70
16
-32
-57
-83
-121
-164
-195
-213
-228
-243
-277
-304
-323
-333
-338
-344
-334
-333
-323
-304
-272
-260
-249
-241
-229
-218
-212
-202
-194
-186
-153
-126
-129
-132
-144
-145
-141
-140
-132
-136
-149
-166
-168
-157
-140
-127
-128
-175
-275
-403
-490
-462
-369
-320
-362
-472
-516
-446
-341
-296
-333
-395
-381
-263
-89
96
192
246
309
443
616
739
796
787
781
818
879
909
858
739
619
541
462
373
260
150
38
-56
-98
-113
-130
-159
-159
-123
-53
-11
-5
-17
4
77
141
202
214
198
209
256
322
369
364
345
327
336
370
378
350
292
241
219
219
182
117
66
24
-11
-68
-119
-165
-199
-229
-248
-271
-313
-343
-357
-352
-354
-344
-354
-371
-374
-371
-343
-313
-304
-320
-319
-304
-283
-264
-237
-230
-235
-242
-252
-253
-249
-235
-236
-235
-250
-279
-298
-300
-287
-264
-248
-250
-295
-394
-503
-578
-542
-436
-377
-433
-540
-561
-449
-300
-227
-274
-359
-344
-200
14
203
298
323
369
501
674
804
839
805
788
829
910
958
934
810
666
591
540
469
357
226
116
35
20
25
9
-30
-42
-14
50
109
124
126
142
203
264
312
317
293
291
334
403
443
432
399
376
387
419
430
387
326
279
252
244
210
143
82
44
-6
-69
-119
-164
-205
-252
-316
-357
-400
-441
-460
-468
-467
-473
-476
-492
-491
-472
-454
-424
-419
-425
-421
-403
-380
-362
-352
-354
-348
-332
-314
-312
-324
-332
-333
-316
-299
-292
-303
-306
-296
-267
-241
-238
-273
-356
-477
-570
-556
-453
-371
-402
-514
-582
-509
-360
-277
-310
-390
-422
-317
-123
74
178
211
254
361
553
719
802
809
793
846
941
1020
1002
889
749
663
614
563
474
363
276
200
159
142
125
108
64
85
150
216
245
220
222
262
352
427
439
393
355
375
452
535
556
520
465
450
471
505
508
424
312
247
228
222
168
77
-29
-113
-157
-190
-210
-272
-359
-436
-492
-514
-542
-570
-604
-626
-590
-577
-579
-587
-582
-562
-536
-502
-489
-494
-489
-466
-422
-394
-374
-386
-388
-369
-328
-300
-294
-291
-291
-251
-223
-240
-264
-266
-237
-193
-170
-175
-199
-246
-350
-469
-500
-419
-302
-258
-352
-470
-474
-366
-245
-229
-273
-309
-247
-86
111
261
324
334
369
548
757
900
924
876
863
904
999
1016
939
811
657
557
513
487
412
272
116
33
46
98
107
64
33
72
164
280
300
278
265
286
347
388
402
373
350
366
435
482
481
434
413
410
381
348
260
137
30
-30
-30
-30
-91
-214
-333
-394
-424
-433
-470
-543
-616
-637
-612
-588
-586
-603
-622
-621
-590
-548
-503
-463
-436
-429
-420
-391
-362
-337
-300
-250
-203
-188
-201
-199
-194
-183
-181
-215
-227
-206
-194
-197
-210
-236
-233
-183
-120
-61
-73
-120
-202
-325
-450
-457
-313
-150
-126
-247
-406
-430
-277
-125
-113
-209
-302
-239
-30
192
328
328
300
335
534
773
936
973
909
863
891
971
986
897
710
531
455
466
495
421
275
106
18
70
135
154
100
103
180
293
382
365
293
238
238
318
413
447
413
325
302
349
403
373
287
216
218
284
268
141
-41
-194
-250
-222
-195
-215
-320
-435
-503
-499
-486
-520
-581
-662
-671
-621
-546
-521
-553
-591
-617
-584
-502
-418
-366
-352
-389
-408
-402
-389
-348
-318
-308
-274
-223
-202
-198
-201
-199
-199
-180
-154
-123
-108
-76
-59
-51
-6
71
91
73
103
67
-128
-463
-679
-571
-208
41
-33
-382
-704
-652
-388
-300
-504
-616
-380
115
510
529
312
152
274
619
951
1092
1120
1213
1423
1630
1614
1317
868
532
464
552
593
410
164
1
-110
-214
-429
-726
-925
-913
-657
-310
-42
33
-74
-178
-143
27
240
414
500
595
777
978
1073
981
763
609
624
782
901
846
633
324
106
9
-130
-383
-629
-752
-753
-731
-804
-1000
-1196
-1280
-1246
-1108
-954
-799
-652
-487
-293
-128
-21
37
123
259
426
566
617
574
487
424
351
258
114
-44
-161
-264
-368
-463
-587
-694
-793
-869
-873
-798
-700
-651
-557
-447
-326
-286
-524
-1187
-1964
-1972
-938
405
825
232
-457
-425
49
107
-409
-915
-548
651
1847
2128
1506
816
690
958
1037
813
628
689
916
1140
1166
825
143
-549
-955
-1005
-834
-642
-576
-597
-532
-223
170
299
147
10
180
611
1127
1550
1677
1477
1132
984
1054
1095
932
610
354
260
354
445
307
-46
-359
-407
-269
-208
-283
-383
-511
-607
-652
-611
-576
-647
-734
-698
-521
-408
-439
-533
-571
-439
-140
168
303
270
239
314
434
487
451
326
171
81
53
-12
-205
-510
-795
-961
-994
-932
-837
-813
-840
-810
-666
-504
-387
-308
-179
18
207
358
381
358
348
361
375
403
317
229
-22
-681
-1828
-2577
-2034
-752
124
-147
-592
-667
-259
-92
-538
-1103
-1101
103
1466
2108
1871
1671
1549
1219
790
502
623
668
750
776
853
856
697
146
-854
-1537
-1560
-1087
-673
-390
-105
67
158
238
305
240
98
189
621
1253
1817
1936
1483
812
451
490
597
512
374
364
549
799
821
433
-127
-455
-449
-286
-113
11
32
-110
-393
-637
-839
-1007
-1165
-1247
-1136
-818
-379
-105
-102
-240
-221
-11
220
392
499
643
835
978
969
703
250
-233
-543
-644
-654
-694
-872
-1082
-1198
-1175
-1139
-1148
-1145
-980
-622
-242
15
120
175
245
333
369
356
308
319
382
375
172
-418
-1480
-2619
-2865
-1943
-601
122
116
-37
69
276
-11
-743
-1269
-802
504
1743
2320
2335
2189
1874
1364
739
172
-235
-422
-237
283
901
1092
635
-209
-864
-1041
-1028
-1093
-1178
-921
-200
762
1462
1593
1228
712
446
513
791
1090
1266
1232
1136
1105
1094
910
384
-237
-590
-451
-9
410
556
473
308
121
-35
-173
-305
-497
-724
-834
-693
-379
-221
-451
-945
-1330
-1304
-1001
-722
-547
-373
-57
364
667
699
535
400
372
431
465
438
369
233
25
-274
-598
-938
-1246
-1469
-1484
-1235
-834
-498
-380
-405
-400
-253
-34
74
111
186
375
590
623
439
184
29
-12
-37
-101
-200
-267
-211
-474
-1335
-2418
-2538
-1561
-309
243
147
205
630
1084
717
-226
-956
-581
456
1243
1524
1623
1939
1961
1554
851
251
-135
-419
-498
-211
473
1055
1132
591
-167
-756
-1136
-1321
-1333
-1049
-532
129
755
1151
1188
1012
757
527
466
535
613
698
791
924
1018
913
617
224
-152
-335
-234
-74
-13
-35
68
283
388
218
-146
-487
-707
-810
-860
-862
-757
-624
-644
-792
-817
-694
-544
-453
-362
-118
249
577
700
737
823
882
833
607
305
103
-7
-129
-283
-451
-605
-734
-882
-950
-881
-760
-704
-659
-472
-163
110
195
146
74
104
140
74
-82
-200
-204
-151
-35
21
-26
-325
-987
-1946
-2741
-2653
-1654
-464
115
280
630
1238
1515
927
-207
-1033
-862
-70
654
1029
1392
1952
2337
2181
1443
427
-506
-1104
-1149
-640
53
565
771
791
702
424
-212
-1128
-1841
-1845
-1083
-91
670
1102
1409
1785
2000
1810
1190
522
153
76
195
444
747
937
914
693
411
173
-57
-321
-671
-827
-553
90
627
686
314
-173
-494
-642
-700
-874
-1061
-1086
-833
-445
-138
-25
-65
-112
-33
94
222
345
460
658
827
886
726
439
192
20
-148
-405
-684
-969
-1159
-1209
-1141
-1014
-918
-852
-805
-721
-626
-483
-320
-210
-134
-45
39
65
36
-46
-122
-88
-79
-166
-336
-361
-210
33
117
-395
-1467
-2430
-2168
-1089
-126
-60
-176
299
1222
1741
1085
-94
-903
-573
88
438
499
934
1793
2321
2231
1671
1047
435
-147
-543
-500
-61
458
602
448
229
191
42
-447
-1028
-1359
-1177
-690
-49
509
1057
1575
1862
1770
1308
932
638
285
-76
-269
-123
197
525
631
570
512
386
64
-429
-630
-394
-12
115
20
47
227
314
19
-423
-735
-839
-957
-1176
-1221
-915
-438
-97
71
240
416
487
370
268
383
609
687
481
194
144
242
197
-144
-633
-981
-1118
-1077
-1064
-1074
-1043
-907
-676
-538
-486
-438
-321
-212
-153
-123
-112
-60
-60
-144
-216
-165
-39
35
18
-66
-215
-516
-1101
-1868
-2217
-1808
-914
-234
125
541
1177
1560
1169
151
-757
-862
-357
168
395
762
1588
2529
2816
2194
1186
397
13
-153
-298
-399
-263
95
469
632
564
216
-375
-983
-1293
-1185
-873
-496
-13
645
1412
2044
2207
1872
1365
915
557
202
-118
-236
-156
0
142
277
358
263
5
-321
-541
-539
-342
-161
-177
-265
-217
-21
102
41
-209
-476
-649
-755
-853
-915
-807
-442
-4
334
500
534
535
525
531
460
347
177
81
124
254
325
130
-291
-799
-1120
-1248
-1292
-1289
-1225
-999
-747
-566
-511
-454
-383
-273
-136
-35
18
14
115
231
335
335
183
-1
-159
-242
-234
-182
-108
-211
-585
-1242
-1615
-1452
-1064
-839
-849
-438
336
1097
1151
586
-14
-103
275
478
476
601
1218
1965
2320
2114
1568
1028
605
252
-27
-262
-340
-334
-244
-145
-51
-40
-262
-552
-798
-780
-610
-304
80
527
964
1287
1442
1392
1311
1095
789
414
70
-131
-184
-113
16
175
311
396
357
227
123
75
36
-61
-229
-354
-332
-178
-28
5
-161
-470
-804
-1049
-1161
-1123
-939
-627
-233
139
384
471
557
649
688
551
293
101
103
300
417
337
93
-223
-525
-818
-1076
-1311
-1418
-1372
-1207
-1016
-896
-783
-615
-411
-265
-160
-135
-124
-96
17
136
183
175
80
-57
-377
-804
-1446
-2039
-2309
-1852
-975
-258
100
248
635
968
973
407
-205
-338
76
632
895
1083
1471
2088
2444
2271
1763
1150
566
19
-349
-467
-445
-324
-223
-58
141
399
450
196
-162
-432
-421
-233
43
306
650
1123
1634
1978
1959
1620
1100
597
226
-93
-321
-489
-538
-471
-205
126
307
240
18
-80
-40
-22
-170
-378
-498
-466
-415
-377
-378
-292
-219
-306
-610
-915
-978
-824
-593
-411
-142
212
513
615
553
418
293
184
17
-191
-285
-233
-162
-196
-364
-567
-761
-999
-1246
-1356
-1229
-894
-574
-465
-469
-354
-112
105
134
-11
-142
-188
-143
-68
3
86
146
108
12
-125
-208
-253
-265
-410
-884
-1586
-1928
-1559
-849
-387
-338
-63
646
1476
1528
774
-5
-55
570
968
886
758
1235
2053
2462
2141
1421
832
455
177
-124
-355
-348
-359
-398
-428
-216
99
188
-95
-466
-462
-142
247
352
284
400
818
1189
1244
1107
980
864
698
374
40
-296
-506
-590
-469
-182
108
267
203
189
264
333
93
-327
-575
-529
-305
-205
-275
-401
-488
-479
-536
-664
-786
-742
-520
-282
-36
175
350
426
453
487
494
419
222
-19
-115
-8
106
-63
-469
-783
-866
-953
-1194
-1467
-1493
-1160
-783
-611
-538
-269
189
548
564
371
199
139
51
-123
-252
-242
-139
-79
-285
-728
-1406
-2057
-2452
-2148
-1381
-610
-176
163
847
1447
1593
961
321
121
410
649
531
547
1013
1847
2384
2353
1933
1355
718
8
-480
-658
-626
-525
-455
-173
219
576
489
82
-342
-551
-544
-484
-281
67
612
1167
1607
1743
1578
1173
717
375
111
-98
-266
-315
-280
-161
-33
49
148
202
127
-66
-184
-131
-56
-129
-302
-410
-420
-426
-442
-413
-298
-254
-381
-597
-631
-459
-287
-238
-180
68
402
606
479
266
178
180
93
-134
-321
-325
-229
-208
-279
-435
-637
-882
-1083
-1169
-1092
-915
-747
-627
-524
-375
-162
109
303
340
251
161
212
286
210
1
-189
-195
-141
-192
-340
-470
-680
-1135
-1673
-1782
-1368
-728
-351
-182
140
694
1136
1040
631
376
602
915
904
702
750
1259
1757
1860
1596
1215
846
367
-188
-592
-606
-394
-237
-209
-169
33
165
132
-66
-211
-259
-265
-171
6
313
640
918
1048
1046
958
817
604
397
246
104
3
19
137
243
336
416
526
516
334
26
-210
-297
-321
-414
-500
-469
-404
-427
-497
-495
-445
-485
-679
-807
-696
-390
-160
-48
102
418
704
686
409
223
256
294
107
-272
-539
-564
-525
-615
-810
-938
-934
-982
-1139
-1240
-1166
-977
-809
-688
-543
-266
104
417
495
394
254
179
137
-50
-315
-660
-1036
-1572
-2028
-1972
-1408
-642
-131
241
664
1172
1286
729
-3
-195
353
929
1060
973
1203
1834
2193
1961
1302
751
533
424
192
-156
-344
-354
-247
-175
-82
66
104
-8
-178
-177
-26
125
149
183
422
815
1086
1118
1055
1028
978
726
313
-91
-264
-251
-137
-21
30
61
73
72
-9
-135
-202
-197
-183
-216
-237
-167
-78
-137
-347
-591
-702
-641
-574
-543
-505
-350
-117
43
72
120
301
528
659
613
472
351
286
126
-147
-452
-725
-915
-1017
-1003
-949
-858
-768
-706
-703
-719
-689
-622
-488
-361
-221
-113
-39
27
100
206
291
332
265
122
-42
-193
-439
-1032
-1812
-2225
-1912
-1167
-533
-233
11
420
797
725
200
-298
-274
158
585
850
1148
1701
2257
2439
2173
1636
1085
566
40
-387
-526
-331
-52
91
91
47
-24
-172
-429
-737
-924
-849
-445
128
705
1193
1528
1762
1807
1591
1065
414
-86
-252
-155
-53
-21
-50
40
174
277
238
78
-97
-246
-217
-104
31
85
142
178
101
-117
-417
-611
-726
-840
-961
-998
-792
-484
-177
-23
58
184
321
436
451
446
429
464
463
356
177
-59
-282
-549
-890
-1266
-1555
-1698
-1652
-1440
-1165
-816
-410
-7
266
370
308
172
66
71
131
191
168
122
145
258
331
242
-85
-573
-1160
-1881
-2453
-2583
-2007
-1100
-303
118
347
601
672
388
-167
-407
-59
649
1151
1355
1605
2079
2471
2271
1575
877
552
494
323
53
-81
118
478
615
391
13
-319
-611
-887
-1083
-985
-581
-75
358
724
1095
1422
1514
1317
992
756
608
501
464
515
635
678
577
408
252
113
25
-73
-128
-166
-230
-339
-395
-388
-428
-574
-840
-1017
-1051
-1000
-958
-883
-711
-512
-381
-362
-302
-58
275
562
737
815
824
754
606
413
267
114
-74
-381
-745
-1070
-1321
-1515
-1609
-1588
-1464
-1220
-874
-525
-239
-67
33
126
99
-5
-98
-118
-55
1
-8
-78
-129
-100
-43
12
23
66
41
-265
-883
-1438
-1468
-963
-355
-151
-211
-256
-25
219
115
-180
-320
23
544
912
1014
1142
1484
1832
1848
1447
1031
889
984
1019
819
640
664
773
642
199
-293
-628
-801
-975
-1104
-1017
-650
-88
383
691
892
1059
1227
1237
1109
891
728
653
578
447
234
64
-20
-14
-4
-6
53
157
242
221
154
115
87
23
-187
-456
-672
-781
-816
-898
-1048
-1174
-1169
-1017
-819
-659
-446
-220
4
199
317
429
540
619
638
604
543
430
188
-203
-589
-828
-968
-1131
-1377
-1544
-1511
-1272
-975
-721
-491
-280
27
217
218
51
-100
-93
-11
-38
-186
-292
-291
-286
-556
-1002
-1302
-1029
-503
-159
-265
-518
-501
-248
-55
-188
-204
122
887
1494
1647
1576
1499
1547
1407
1110
783
767
991
1129
1110
886
650
383
48
-344
-756
-931
-846
-544
-264
-123
-26
52
215
354
477
600
742
918
1057
1138
1087
989
781
538
345
270
266
197
112
9
-29
-40
-85
-153
-232
-239
-188
-87
-86
-231
-481
-720
-864
-946
-1001
-1090
-1038
-848
-603
-432
-366
-279
-131
35
143
236
372
580
714
680
569
526
560
430
36
-449
-795
-915
-999
-1175
-1378
-1457
-1383
-1209
-958
-608
-223
70
200
241
360
533
603
460
199
38
-19
-101
-251
-358
-273
-53
96
-187
-958
-1837
-1897
-1052
123
648
413
3
-169
17
-194
-721
-1086
-475
793
1711
1861
1393
1132
1018
881
497
308
671
1334
1839
1771
1481
1156
842
326
-301
-736
-877
-843
-860
-929
-931
-787
-615
-508
-473
-273
52
385
647
769
1042
1333
1511
1434
1194
1084
1087
1038
671
205
-187
-226
-177
-230
-264
-293
-118
-89
-211
-396
-483
-489
-626
-761
-811
-652
-540
-618
-787
-871
-682
-506
-445
-495
-361
78
528
772
769
673
648
740
826
780
508
131
-266
-594
-829
-1012
-1120
-1235
-1368
-1462
-1465
-1326
-1099
-814
-556
-285
-59
138
263
293
237
75
-91
-188
-114
-68
-15
-90
-483
-1157
-1593
-1248
-321
466
444
-161
-744
-814
-612
-543
-553
-208
630
1411
1614
1218
767
540
515
537
671
1072
1504
1672
1476
1215
1185
1191
995
579
323
339
280
-161
-910
-1482
-1533
-1129
-553
19
531
908
957
717
441
374
519
628
717
849
1162
1461
1419
953
321
-27
-26
154
262
266
164
-47
-248
-396
-425
-441
-552
-781
-946
-839
-681
-638
-858
-1119
-1168
-943
-564
-297
-196
-222
-206
-114
29
166
280
446
598
656
585
504
409
221
-125
-530
-817
-931
-954
-1034
-1150
-1235
-1175
-1067
-1006
-910
-737
-506
-303
-133
63
247
245
0
-261
-288
-107
76
102
43
-73
-345
-853
-1054
-607
113
526
287
-205
-572
-593
-566
-603
-460
37
696
899
660
315
391
778
1146
1425
1569
1709
1667
1419
1067
835
879
993
1043
954
822
570
124
-459
-980
-1135
-909
-484
-125
11
-25
-120
-107
70
378
691
920
1010
971
856
723
648
535
417
369
385
431
392
237
-56
-314
-425
-320
-135
-66
-193
-488
-723
-831
-771
-711
-764
-899
-1026
-1057
-1044
-995
-919
-777
-510
-232
-27
48
58
102
271
582
850
936
769
493
172
-152
-396
-571
-684
-802
-901
-950
-921
-851
-807
-771
-709
-612
-496
-377
-291
-234
-244
-307
-346
-316
-238
-209
-392
-715
-882
-567
-26
201
-101
-507
-455
-22
403
391
151
81
319
565
557
531
691
1066
1306
1306
1216
1214
1254
1092
843
764
986
1174
1004
552
123
22
91
91
-53
-205
-344
-569
-760
-781
-510
-57
388
659
771
869
977
1039
958
769
690
782
911
859
522
123
-76
16
160
120
-74
-282
-388
-484
-647
-831
-857
-731
-645
-659
-787
-891
-915
-823
-683
-539
-433
-454
-554
-707
-706
-541
-267
48
278
412
449
484
525
537
446
251
35
-137
-200
-179
-99
-150
-357
-692
-1016
-1122
-1032
-895
-852
-808
-629
-326
-47
86
31
-92
-205
-222
-176
-65
76
258
359
65
-580
-1020
-588
259
540
-207
-1153
-1316
-609
176
168
-323
-544
-73
370
298
24
122
721
1224
1366
1162
1006
977
1024
1172
1453
1864
1889
1377
608
155
239
426
359
-118
-597
-763
-717
-662
-652
-523
-290
-87
-3
87
325
591
691
587
538
682
851
834
546
302
370
680
868
731
406
59
-120
-107
12
50
-72
-339
-601
-646
-512
-383
-474
-659
-722
-581
-445
-536
-827
-1157
-1246
-1016
-609
-262
-106
-55
-1
204
519
723
687
436
201
86
154
247
222
63
-214
-440
-627
-749
-818
-811
-750
-686
-649
-637
-525
-398
-408
-548
-662
-539
-292
-192
-358
-594
-658
-599
-356
-63
61
-208
-729
-1031
-763
-147
161
-52
-485
-529
-131
245
309
244
437
922
1352
1468
1325
1087
988
1046
1239
1511
1661
1482
1002
547
369
413
409
206
-133
-419
-566
-585
-518
-433
-411
-444
-398
-121
333
703
752
647
640
876
1106
1027
704
367
347
568
780
765
544
315
132
45
-18
-39
-86
-285
-657
-1009
-1033
-762
-460
-472
-740
-947
-890
-659
-526
-540
-607
-568
-506
-447
-431
-380
-178
114
364
456
429
353
260
143
29
26
127
208
169
-19
-184
-232
-200
-285
-587
-915
-1014
-860
-629
-532
-559
-588
-581
-530
-471
-440
-377
-272
-209
-209
-304
-379
-354
-100
261
365
79
-293
-332
-104
36
-204
-590
-747
-460
-10
134
54
44
346
814
1088
1041
794
629
703
1005
1349
1477
1380
1220
1133
1117
1017
706
232
-199
-425
-379
-235
-174
-346
-572
-574
-297
78
258
230
154
179
318
507
677
773
714
575
497
539
636
582
400
266
292
383
320
77
-217
-343
-347
-321
-340
-350
-310
-281
-324
-532
-708
-851
-982
-1047
-929
-685
-467
-408
-536
-659
-656
-503
-242
39
243
309
194
78
87
243
419
489
408
189
-69
-261
-289
-255
-265
-419
-581
-591
-502
-452
-582
-761
-818
-714
-578
-581
-773
-1095
-1231
-864
-311
-182
-619
-999
-650
174
698
316
-497
-799
-260
426
525
213
57
418
974
1265
1208
986
915
1042
1264
1379
1291
1092
911
878
912
889
719
463
273
149
69
-111
-404
-622
-676
-494
-247
-36
38
87
173
288
462
561
558
531
584
726
893
1004
969
877
793
708
552
310
83
-39
-70
-119
-264
-453
-581
-627
-673
-813
-991
-1078
-980
-714
-478
-410
-534
-723
-799
-739
-601
-485
-369
-219
-71
-1
12
30
70
95
63
48
119
217
266
221
188
160
32
-205
-455
-527
-438
-343
-391
-518
-528
-446
-407
-505
-663
-689
-534
-350
-395
-671
-967
-932
-563
-170
-170
-575
-819
-514
76
314
-45
-559
-636
-215
205
246
78
28
269
568
694
716
821
1031
1184
1182
1055
887
824
921
1129
1290
1211
896
463
159
71
112
114
65
2
-97
-250
-367
-375
-184
105
266
303
288
437
694
897
888
695
554
590
739
852
852
766
640
443
243
100
43
-18
-162
-332
-467
-479
-476
-587
-741
-828
-794
-677
-589
-635
-713
-719
-692
-629
-594
-634
-683
-653
-520
-306
-120
-32
-32
-39
-34
-9
-64
-117
-16
153
263
194
-23
-236
-325
-272
-160
-104
-187
-362
-492
-489
-366
-265
-240
-303
-375
-397
-366
-366
-465
-583
-686
-684
-572
-417
-418
-616
-669
-381
100
275
-56
-541
-660
-336
-20
-62
-294
-247
222
785
963
805
751
957
1235
1282
1128
1007
1076
1275
1380
1317
1123
857
582
347
193
63
-74
-222
-289
-228
-161
-172
-255
-224
-28
185
271
200
206
364
567
700
684
673
736
793
775
722
713
742
710
549
304
76
-113
-322
-497
-558
-530
-523
-611
-778
-940
-1027
-1017
-960
-887
-781
-684
-606
-569
-550
-523
-487
-398
-251
-110
-21
-49
-109
-95
9
170
277
303
265
218
156
100
-105
-224
-27
-198
-470
-358
-242
-287
-347
-555
-627
-482
-368
-284
-357
-462
-607
-647
-548
-333
-252
-260
-131
-52
-55
-56
-9
-58
-162
-237
-251
-139
17
0
-214
-364
-291
-109
-46
-130
-170
12
366
525
438
409
594
936
1218
1306
1274
1290
1328
1283
1156
994
884
711
492
337
215
106
-3
-121
-230
-278
-359
-459
-404
-152
127
245
162
130
292
491
457
257
170
304
513
559
473
335
293
290
214
82
-25
-56
-68
-106
-153
-190
-218
-250
-340
-396
-414
-456
-520
-619
-706
-730
-700
-602
-514
-485
-466
-401
-309
-229
-182
-153
-56
106
213
178
37
-62
-3
153
284
284
184
33
-111
-238
-346
-417
-422
-407
-416
-450
-496
-506
-492
-486
-508
-551
-554
-513
-493
-536
-628
-613
-499
-411
-462
-613
-649
-458
-190
-67
-174
-417
-488
-290
1
92
39
133
402
707
817
786
853
1084
1321
1371
1299
1271
1320
1302
1176
991
815
712
554
322
90
-84
-108
-93
-82
-116
-238
-287
-228
-65
79
184
238
266
359
450
548
576
579
562
491
432
341
292
315
339
260
65
-172
-341
-381
-342
-313
-336
-377
-422
-462
-502
-508
-457
-411
-430
-506
-538
-466
-369
-304
-342
-409
-397
-315
-217
-149
-92
-38
48
134
188
207
131
35
-6
18
20
-1
-68
-198
-344
-434
-479
-518
-495
-444
-433
-455
-475
-472
-471
-529
-568
-561
-486
-347
-225
-167
-165
-120
-40
47
102
21
-158
-297
-290
-215
-257
-399
-473
-334
-32
153
86
-99
-175
-38
183
335
363
438
616
757
791
779
875
1056
1245
1267
1124
964
865
826
773
718
676
613
524
408
264
130
38
-13
-47
-89
-86
-60
-48
-6
54
110
150
121
-7
-102
-131
-77
57
176
162
38
-47
-19
93
119
49
-16
31
131
133
38
-83
-153
-197
-258
-335
-377
-381
-379
-407
-385
-376
-468
-548
-605
-585
-496
-444
-443
-487
-478
-399
-266
-129
-59
-59
-96
-121
-91
-55
-33
-7
1
-28
-106
-219
-361
-428
-422
-415
-444
-498
-497
-428
-342
-290
-272
-231
-203
-234
-313
-309
-240
-224
-331
-461
-503
-504
-457
-387
-212
-29
17
-95
-251
-181
46
273
416
603
877
1089
1124
1009
973
1168
1460
1574
1461
1243
1096
1033
964
843
675
535
403
215
8
-187
-259
-207
-144
-166
-276
-376
-389
-289
-113
68
232
310
270
173
52
13
39
53
22
-25
-39
-8
14
12
-4
-12
-7
-27
-55
-121
-203
-225
-236
-231
-196
-178
-201
-267
-337
-335
-314
-288
-226
-229
-275
-350
-409
-398
-322
-212
-168
-215
-267
-208
-54
38
10
-122
-258
-250
-153
-59
-12
-14
-54
-163
-291
-386
-374
-368
-475
-594
-595
-428
-261
-234
-328
-321
-128
32
21
-146
-245
-183
-100
-140
-233
-245
-164
-54
-23
-64
-105
-135
-200
-330
-367
-126
267
512
425
211
159
379
655
636
411
317
543
790
799
702
722
910
1086
1032
790
672
728
814
798
653
536
473
404
277
82
-70
-160
-162
-183
-250
-312
-368
-359
-345
-361
-379
-368
-295
-233
-209
-225
-239
-195
-133
-41
27
94
209
249
212
107
25
81
225
302
196
105
101
123
80
-45
-140
-164
-165
-234
-363
-457
-438
-348
-330
-402
-436
-368
-245
-200
-272
-381
-368
-238
-116
-91
-153
-179
-142
-115
-138
-194
-232
-217
-205
-227
-259
-223
-101
-66
-155
-264
-297
-255
-220
-295
-419
-489
-473
-427
-426
-429
-370
-258
-162
-122
-134
-110
-36
71
126
177
254
360
412
327
229
241
455
630
574
332
132
149
312
418
355
275
339
466
502
463
468
616
824
930
861
685
616
687
755
726
617
508
394
229
42
-87
-150
-224
-350
-486
-572
-560
-545
-573
-578
-530
-447
-387
-331
-241
-121
-26
-26
-23
13
69
132
220
291
327
369
420
424
365
253
142
72
104
169
116
-30
-172
-256
-251
-217
-197
-223
-309
-431
-531
-540
-499
-450
-438
-409
-366
-294
-277
-355
-429
-384
-206
-58
-32
-62
-78
-33
7
-42
-69
-66
-71
-127
-200
-259
-312
-360
-434
-506
-551
-541
-457
-350
-296
-352
-450
-450
-300
-84
76
178
277
374
474
515
498
441
354
296
282
283
226
197
262
341
340
220
65
63
195
306
302
253
317
463
592
637
679
774
858
821
680
554
475
456
425
333
210
106
-12
-153
-297
-398
-448
-477
-498
-503
-486
-463
-436
-431
-420
-369
-260
-157
-89
-46
37
171
264
322
353
365
393
440
434
384
311
267
217
137
43
-56
-85
-67
-50
-103
-214
-311
-386
-411
-391
-345
-280
-265
-317
-410
-460
-443
-394
-300
-193
-117
-113
-137
-150
-68
62
119
119
80
67
66
-12
-132
-232
-319
-382
-458
-510
-520
-453
-386
-389
-439
-499
-485
-403
-280
-145
-16
61
85
77
162
299
399
445
455
478
515
527
461
358
298
356
379
316
206
153
170
196
146
4
-119
-97
11
96
174
176
116
27
-69
-108
-63
30
87
78
61
81
106
88
80
113
193
289
350
338
290
240
188
114
22
-93
-174
-173
-151
-109
-108
-130
-147
-156
-149
-124
-88
-57
-29
11
82
133
154
161
205
227
226
183
122
122
143
156
107
64
79
86
38
-58
-97
-76
-87
-165
-264
-274
-210
-170
-222
-323
-332
-228
-120
-110
-172
-228
-203
-148
-153
-148
-163
-195
-215
-220
-209
-179
-151
-152
-167
-200
-213
-202
-154
-93
-32
22
68
108
98
74
77
108
173
231
232
151
48
-15
-29
5
-5
-82
-185
-237
-211
-152
-99
-39
49
76
102
160
225
260
213
162
176
228
274
280
234
218
250
260
255
224
190
201
235
240
224
191
114
29
-17
-54
-93
-130
-193
-234
-228
-208
-159
-94
-39
-58
-141
-154
-89
31
107
82
36
60
144
202
219
179
121
54
3
-5
27
89
81
51
22
-39
-110
-207
-263
-256
-215
-188
-200
-257
-305
-291
-208
-84
1
18
-14
-19
-12
-42
-76
-78
-44
-11
-27
-98
-150
-143
-113
-129
-185
-203
-153
-79
-35
-42
-11
51
101
96
64
53
59
77
69
92
152
241
285
260
222
164
104
45
-10
-35
-24
-44
-81
-54
-19
26
73
77
90
105
92
51
-3
-22
12
73
105
70
5
-74
-136
-178
-203
-194
-157
-88
-21
14
47
50
68
122
169
210
228
204
171
144
156
187
195
155
77
14
-7
-28
-64
-96
-131
-160
-157
-124
-95
-64
-19
-4
-30
-49
-58
-22
48
104
93
69
67
77
76
39
12
50
113
140
82
8
-22
-12
3
10
31
28
-21
-102
-148
-123
-88
-79
-157
-206
-220
-236
-246
-253
-230
-160
-95
-102
-145
-133
-61
2
22
22
69
151
223
230
166
107
103
117
109
81
37
18
4
-51
-101
-158
-203
-215
-213
-199
-169
-150
-128
-119
-95
-47
-18
-19
-22
5
68
134
118
47
-10
4
66
84
-7
-130
-175
-158
-150
-139
-153
-143
-88
-33
-13
-8
29
86
155
218
258
281
312
334
363
388
389
395
392
391
349
266
169
96
91
103
82
31
-35
-68
-23
26
44
17
-42
-84
-87
-59
-13
9
-15
-65
-70
-17
30
-15
-97
-124
-65
36
54
22
-22
-32
-15
-38
-84
-83
-63
-81
-151
-256
-290
-263
-262
-312
-360
-368
-315
-247
-231
-226
-166
-63
38
80
54
52
120
222
292
306
268
248
253
249
232
197
165
95
-1
-66
-116
-145
-142
-127
-143
-181
-199
-193
-184
-160
-148
-155
-140
-130
-128
-130
-129
-123
-119
-135
-162
-172
-174
-149
-121
-96
-69
-73
-106
-119
-80
-13
43
83
109
120
147
206
283
339
348
311
276
280
323
337
299
256
222
215
194
145
81
15
-26
-51
-84
-100
-89
-55
-20
-12
-11
-14
-14
-10
1
33
56
53
39
35
45
54
80
103
127
137
131
121
107
92
92
92
78
45
-24
-141
-227
-248
-238
-244
-292
-345
-363
-316
-263
-224
-179
-100
-25
22
47
74
107
139
148
149
190
273
334
351
345
308
268
216
133
45
-4
-50
-86
-100
-106
-123
-168
-222
-254
-254
-244
-237
-246
-272
-270
-241
-197
-152
-151
-179
-176
-165
-144
-142
-126
-75
-32
-29
-61
-104
-98
-42
-12
15
27
30
31
27
37
67
122
172
206
242
271
292
259
225
216
212
193
148
130
139
143
119
62
4
15
61
82
86
67
48
45
17
-14
-39
-26
-4
7
-22
-65
-107
-118
-105
-113
-132
-141
-117
-84
-63
-58
-62
-63
-48
-27
-43
-69
-92
-98
-118
-144
-159
-148
-128
-114
-126
-140
-127
-100
-64
-18
23
72
133
159
179
210
261
296
296
289
319
352
354
295
208
145
126
107
42
-28
-49
-46
-47
-78
-111
-108
-97
-98
-121
-133
-104
-91
-122
-148
-141
-92
-80
-111
-152
-163
-122
-91
-87
-93
-87
-65
-47
-13
39
100
136
111
68
26
36
57
45
28
20
-5
-32
-34
-23
-15
-32
-59
-105
-101
-63
-73
-83
-47
-19
8
31
32
32
73
114
115
94
64
71
109
135
161
155
120
78
48
61
98
115
73
-8
-98
-109
-53
-25
-24
-49
-72
-84
-84
-86
-110
-119
-122
-139
-190
-260
-303
-320
-294
-292
-302
-267
-196
-108
-44
-24
0
68
115
165
186
202
231
275
318
328
332
305
251
209
179
168
140
81
25
-10
-3
10
-11
-45
-62
-29
23
31
6
-39
-58
-43
-31
-30
-18
-6
-14
-42
-89
-124
-119
-106
-115
-131
-126
-106
-97
-114
-133
-130
-94
-42
-15
-11
15
74
130
154
159
170
176
185
183
179
173
145
93
43
7
7
-16
-55
-89
-117
-136
-142
-134
-94
-42
5
10
10
32
51
78
101
107
105
121
129
136
152
154
116
60
23
43
72
54
8
-54
-88
-106
-129
-149
-162
-152
-136
-158
-196
-241
-283
-288
-259
-233
-227
-213
-178
-167
-162
-162
-138
-74
-17
28
74
149
232
276
293
299
272
256
252
255
246
207
146
75
34
34
16
-28
-74
-77
-53
-44
-46
-66
-83
-93
-79
-82
-73
-67
-58
-60
-57
-25
3
-13
-34
-58
-57
-12
17
1
-18
5
56
108
118
97
91
124
152
140
111
93
131
169
153
86
20
-10
-39
-80
-111
-121
-133
-167
-205
-212
-189
-158
-137
-133
-87
-18
30
20
-8
12
75
132
141
139
144
171
183
182
158
150
153
155
149
139
134
103
53
-4
-50
-73
-103
-139
-192
-233
-266
-287
-310
-342
-346
-336
-322
-309
-278
-251
-230
-215
-188
-175
-149
-91
-23
46
82
107
118
144
189
208
203
211
219
251
266
247
203
168
160
147
118
73
61
85
116
115
101
93
97
105
101
77
63
52
12
-31
-71
-72
-38
-29
-52
-77
-83
-85
-89
-126
-164
-168
-137
-93
-79
-72
-69
-39
18
62
101
146
175
192
194
190
185
183
151
99
47
5
-18
-40
-80
-132
-148
-158
-139
-117
-91
-72
-62
-51
-35
2
32
45
40
21
26
66
83
91
87
100
110
100
71
64
73
64
49
22
26
38
15
-53
-134
-179
-210
-235
-268
-303
-299
-277
-273
-276
-283
-272
-246
-211
-190
-160
-117
-86
-62
-21
28
39
52
100
174
218
207
174
165
196
240
224
162
133
121
120
100
81
81
82
87
76
51
31
14
17
30
32
27
-11
-40
-39
-18
-3
-1
-7
-22
-24
-23
-26
-41
-51
-69
-81
-49
-2
32
27
-1
-4
28
86
117
125
139
155
142
128
97
78
77
52
2
-54
-65
-41
-34
-35
-35
-41
1
42
79
103
112
122
115
125
149
153
151
143
107
76
45
3
-32
-62
-68
-65
-61
-88
-137
-175
-181
-164
-123
-103
-103
-127
-164
-192
-243
-272
-272
-267
-272
-279
-273
-238
-217
-215
-223
-216
-161
-112
-93
-86
-76
-34
11
31
26
42
79
104
104
90
92
103
106
82
49
63
68
71
46
17
17
39
69
67
59
62
82
108
126
147
163
183
188
171
159
152
160
174
156
136
139
145
146
139
134
141
140
133
104
104
107
132
151
137
111
87
88
72
53
14
-12
-30
-48
-68
-98
-128
-143
-137
-132
-133
-138
-128
-87
-35
-10
14
16
17
37
60
76
85
90
94
80
44
4
-29
-44
-53
-61
-87
-124
-134
-148
-188
-218
-243
-246
-239
-243
-266
-286
-292
-294
-307
-319
-316
-310
-283
-265
-262
-245
-191
-130
-71
-57
-34
8
63
115
123
119
118
149
174
182
176
174
179
181
166
149
141
120
86
53
28
12
8
-7
-8
-22
-39
-64
-83
-75
-46
-17
-14
7
37
80
120
140
149
163
177
187
206
219
238
236
243
238
229
215
190
173
158
154
140
128
106
74
67
46
20
0
-18
-31
-48
-57
-45
-37
-20
-7
-2
11
15
38
49
52
67
94
122
136
139
132
142
156
152
129
98
90
85
61
22
-26
-49
-89
-138
-201
-252
-281
-282
-289
-326
-341
-338
-320
-328
-351
-375
-383
-373
-362
-351
-343
-310
-280
-276
-251
-218
-190
-146
-117
-102
-87
-53
-19
16
52
58
54
66
106
139
158
146
131
125
116
97
67
69
68
75
66
50
50
55
71
72
63
70
100
133
140
153
186
215
222
205
206
214
215
201
170
138
112
104
90
63
40
15
-20
-67
-104
-121
-117
-112
-102
-83
-82
-80
-64
-35
-14
-6
-6
1
12
11
17
31
48
82
101
101
87
76
100
121
137
144
149
159
167
157
160
165
181
172
136
105
79
78
72
44
10
6
3
11
-12
-50
-72
-71
-72
-96
-113
-132
-116
-132
-177
-211
-234
-237
-241
-244
-248
-249
-239
-238
-250
-229
-191
-153
-124
-107
-86
-62
-41
-42
-42
-24
13
43
56
62
56
59
46
25
15
-3
-5
-15
-20
-33
-48
-57
-72
-58
-53
-57
-39
-26
-26
-26
-32
-27
-17
4
10
25
43
53
69
72
71
59
57
51
37
33
32
33
27
12
3
16
44
53
64
76
102
113
124
117
115
139
164
174
163
137
132
153
142
133
128
134
143
163
167
153
149
145
142
148
149
142
128
104
84
62
48
32
12
-13
-43
-65
-92
-121
-152
-177
-188
-200
-225
-249
-245
-234
-239
-238
-249
-248
-237
-240
-238
-240
-223
-216
-211
-206
-207
-182
-155
-133
-129
-103
-80
-55
-31
-23
-9
20
48
62
74
79
74
58
47
24
1
-14
-23
-24
-34
-33
-38
-51
-52
-50
-42
-28
7
57
94
130
159
198
244
292
339
356
357
350
351
347
348
339
323
275
232
192
147
107
60
13
-14
-28
-43
-67
-88
-85
-71
-51
-44
-58
-56
-38
-27
-16
-30
-41
-40
-11
19
29
29
15
28
45
47
44
32
40
37
30
34
40
58
49
18
-11
-34
-57
-61
-90
-121
-129
-148
-172
-214
-240
-252
-259
-274
-285
-276
-263
-263
-270
-283
-278
-261
-240
-231
-239
-240
-225
-210
-210
-206
-203
-182
-165
-159
-158
-154
-141
-127
-98
-75
-50
-17
7
27
71
104
138
145
134
154
181
206
215
228
246
263
293
302
299
304
305
319
333
345
338
329
306
278
258
231
213
186
156
139
136
140
125
105
94
75
59
45
45
52
54
56
74
104
113
109
89
69
60
56
51
44
26
10
5
-16
-55
-90
-107
-112
-126
-166
-198
-216
-204
-191
-192
-182
-167
-149
-141
-144
-135
-113
-78
-64
-74
-96
-98
-93
-99
-112
-129
-127
-118
-116
-118
-122
-124
-136
-155
-175
-192
-193
-194
-203
-230
-258
-277
-286
-280
-276
-272
-268
-258
-237
-207
-162
-129
-95
-52
-6
41
84
131
167
219
288
330
363
399
431
455
456
456
442
433
424
390
365
328
281
228
171
115
67
32
2
-19
-31
-47
-75
-92
-82
-62
-47
-33
-46
-47
-39
-20
-6
-3
13
20
22
20
28
44
56
53
40
30
20
22
22
21
2
-6
-22
-42
-61
-78
-86
-107
-130
-153
-156
-155
-153
-164
-175
-171
-153
-137
-136
-137
-127
-102
-68
-45
-28
-24
-12
4
14
31
39
51
51
44
22
-1
-13
-21
-31
-51
-68
-72
-80
-94
-99
-114
-112
-110
-126
-146
-168
-179
-194
-190
-178
-174
-155
-140
-120
-91
-66
-53
-23
18
66
112
152
206
260
309
343
366
391
401
398
387
365
351
342
324
289
247
206
165
123
70
35
2
-14
-39
-59
-67
-83
-86
-84
-82
-72
-57
-52
-34
-29
-20
-7
11
36
36
37
37
31
26
20
13
1
6
5
9
14
9
-1
-7
-6
-33
-42
-56
-71
-70
-65
-65
-86
-118
-138
-145
-153
-134
-142
-160
-164
-170
-155
-138
-137
-129
-121
-106
-93
-92
-86
-85
-93
-108
-119
-122
-122
-129
-145
-161
-180
-196
-206
-209
-220
-219
-214
-195
-168
-163
-160
-158
-143
-128
-115
-93
-56
-24
-4
23
56
98
140
182
215
262
305
351
390
413
433
446
471
482
487
478
455
432
405
363
325
296
244
204
156
110
74
41
24
-5
-26
-35
-49
-59
-49
-43
-28
-19
-30
-38
-47
-41
-36
-39
-45
-43
-45
-41
-55
-67
-75
-95
-98
-106
-119
-134
-141
-152
-158
-159
-165
-158
-149
-151
-155
-145
-126
-109
-110
-118
-125
-124
-114
-97
-86
-89
-93
-87
-88
-84
-69
-58
-56
-55
-60
-62
-56
-56
-57
-69
-74
-75
-69
-80
-83
-99
-98
-111
-123
-127
-139
-141
-152
-154
-149
-138
-124
-104
-76
-44
-18
22
46
68
95
129
172
208
217
208
207
226
256
272
269
253
250
255
253
245
224
202
186
176
167
156
155
132
112
93
89
91
87
78
59
51
39
46
45
39
40
29
39
42
40
36
32
31
28
20
1
-9
-15
-19
-33
-42
-51
-58
-62
-70
-82
-101
-112
-124
-140
-142
-143
-147
-145
-160
-164
-165
-157
-144
-131
-95
-80
-70
-50
-40
-24
-18
-24
-22
-14
-11
-10
-18
-26
-33
-38
-53
-78
-88
-108
-114
-117
-121
-111
-105
-99
-105
-110
-115
-109
-100
-98
-92
-93
-96
-109
-109
-93
-86
-67
-58
-41
-27
-9
10
23
37
56
86
105
127
143
160
176
178
174
174
178
187
187
180
171
163
151
151
148
138
137
135
131
129
134
138
141
134
128
126
118
106
93
83
76
70
64
60
52
46
23
20
20
18
24
18
15
-2
-11
-26
-37
-52
-51
-53
-56
-60
-63
-75
-88
-90
-104
-97
-93
-100
-99
-90
-88
-81
-83
-69
-63
-50
-41
-30
-13
-8
3
2
3
-2
-14
-21
-37
-56
-61
-68
-76
-88
-109
-121
-125
-141
-150
-156
-163
-174
-165
-154
-145
-145
-146
-143
-148
-140
-139
-130
-126
-112
-101
-80
-68
-71
-64
-63
-61
-51
-33
-9
9
10
27
40
59
70
68
76
73
69
71
73
80
105
113
118
113
117
134
130
151
168
174
189
192
202
211
221
229
236
240
246
256
256
256
245
242
220
210
196
182
179
161
149
121
107
84
70
56
32
13
-11
-33
-54
-62
-84
-98
-106
-123
-125
-132
-144
-149
-154
-148
-156
-169
-183
-186
-175
-184
-189
-192
-186
-179
-174
-181
-183
-181
-183
-186
-192
-181
-192
-195
-193
-196
-192
-195
-183
-183
-177
-174
-173
-155
-133
-99
-66
-36
-16
8
37
67
84
104
130
141
164
173
174
180
178
190
190
179
164
142
139
137
126
109
96
87
71
66
64
52
52
45
36
38
40
48
52
48
43
39
51
61
69
86
92
94
95
106
125
140
149
155
145
136
135
132
125
108
90
78
58
51
41
28
8
-9
-9
-18
-28
-38
-33
-43
-56
-77
-85
-98
-105
-95
-109
-106
-107
-119
-127
-135
-146
-151
-159
-163
-171
-178
-175
-165
-161
-167
-174
-182
-180
-169
-166
-170
-172
-182
-193
-202
-201
-198
-193
-184
-182
-167
-149
-128
-111
-100
-85
-73
-46
-15
10
36
65
95
117
136
162
190
217
239
240
249
259
262
258
253
254
249
239
224
199
177
168
167
167
149
130
116
104
98
99
103
97
106
100
90
92
82
74
71
61
53
40
37
43
44
33
24
23
23
19
14
1
-10
-11
-13
-28
-43
-42
-36
-35
-45
-59
-64
-69
-78
-78
-77
-73
-79
-80
-94
-107
-109
-115
-119
-122
-135
-138
-144
-150
-151
-163
-171
-177
-184
-182
-185
-191
-189
-193
-199
-198
-187
-178
-164
-149
-143
-134
-114
-94
-73
-59
-36
-21
-7
4
13
29
46
61
63
75
78
83
97
102
102
109
126
139
153
179
196
206
216
220
220
223
239
236
230
228
222
207
178
163
141
126
106
90
69
51
48
34
27
11
0
-9
-10
-26
-35
-33
-33
-40
-51
-55
-52
-36
-37
-39
-50
-54
-66
-78
-83
-87
-84
-92
-99
-100
-98
-95
-100
-99
-107
-99
-90
-83
-76
-79
-73
-64
-65
-64
-62
-58
-52
-47
-40
-42
-27
-24
-21
-26
-19
-15
-10
4
0
-3
-6
-13
-15
-21
-29
-41
-53
-63
-58
-59
-51
-47
-32
-21
-24
-17
-6
17
35
47
58
62
68
81
79
85
92
96
106
107
114
127
133
134
123
116
116
120
118
111
103
101
96
96
87
74
65
55
54
46
37
33
30
14
-5
-19
-31
-27
-41
-44
-42
-53
-53
-65
-73
-85
-85
-88
-92
-91
-93
-98
-95
-91
-91
-78
-85
-87
-90
-86
-82
-93
-90
-90
-90
-81
-70
-71
-65
-69
-57
-39
-29
-12
0
11
8
11
17
27
45
59
57
64
61
62
62
63
63
57
55
55
49
49
45
37
40
31
26
18
5
-9
-11
-20
-27
-33
-35
-40
-42
-39
-37
-38
-35
-38
-33
-21
-7
11
17
24
40
53
64
71
78
80
77
67
66
71
73
75
65
54
40
31
20
9
13
12
4
5
6
18
33
43
38
30
30
28
26
24
22
21
12
5
-7
-13
-25
-37
-40
-41
-42
-45
-51
-61
-67
-71
-74
-69
-66
-71
-77
-77
-74
-77
-84
-90
-87
-85
-79
-72
-74
-67
-57
-57
-53
-43
-34
-28
-22
-17
-10
8
4
7
14
14
18
13
14
13
21
32
31
34
40
44
41
43
51
63
75
76
71
66
61
63
66
69
72
70
74
64
54
48
40
39
42
36
25
19
-2
-11
-16
-12
-9
-14
-8
-15
-26
-39
-37
-31
-20
-9
-11
-20
-19
-22
-25
-26
-14
-12
-5
-3
-9
0
0
4
20
31
47
56
49
41
40
45
49
42
30
17
6
6
-10
-23
-28
-33
-39
-44
-47
-50
-52
-50
-54
-59
-64
-57
-57
-63
-48
-36
-17
-6
-3
-4
-7
-4
-1
1
2
0
1
-2
2
-1
-10
-19
-29
-35
-37
-41
-43
-43
-48
-47
-51
-51
-52
-52
-43
-28
-24
-21
-13
-3
7
11
13
22
28
27
27
32
40
45
54
51
53
56
53
51
52
52
50
51
44
45
39
39
43
37
35
35
28
28
32
31
35
35
30
31
25
23
40
34
43
47
40
42
44
35
28
23
7
-3
-15
-14
-18
-13
-17
-11
-14
-7
-1
8
8
1
5
-1
2
1
-3
-16
-22
-27
-35
-42
-48
-49
-45
-43
-54
-57
-60
-59
-60
-62
-54
-44
-37
-44
-45
-52
-41
-35
-39
-37
-47
-44
-44
-46
-31
-28
-20
-15
-20
-20
-21
-9
0
4
6
15
18
25
24
21
27
25
27
19
19
25
26
32
27
26
27
30
21
18
11
10
9
1
-3
-8
-7
-6
-15
-13
-10
-8
-7
-11
-8
-5
1
2
-10
-4
-4
-4
-7
-3
4
15
25
29
32
28
32
39
42
43
49
49
50
48
41
42
36
26
26
22
10
4
0
-5
-5
-3
6
10
4
6
8
21
17
17
26
23
23
26
13
9
-1
-18
-17
-14
-16
-17
-14
-21
-29
-33
-40
-43
-43
-47
-39
-31
-42
-41
-35
-36
-32
-32
-36
-35
-33
-23
-17
-16
-17
-15
-21
-19
-14
-4
7
14
23
21
24
26
37
47
43
42
41
41
39
41
41
40
36
17
9
5
10
10
6
0
-12
-22
-18
-23
-24
-18
-31
-29
-27
-30
-34
-27
-26
-31
-34
-35
-34
-29
-36
-37
-23
-17
-12
-6
4
9
19
21
32
40
44
48
52
57
60
71
65
61
60
54
42
30
30
25
20
22
15
9
9
0
-2
-6
-15
-18
-16
-18
-25
-20
-22
-29
-23
-35
-43
-49
-55
-64
-65
-71
-69
-64
-73
-81
-89
-94
-97
-97
-96
-91
-91
-82
-77
-77
-72
-57
-51
-47
-37
-39
-29
-17
-5
4
17
29
50
63
75
91
90
95
97
99
105
98
99
95
85
88
88
81
74
64
60
52
49
51
51
54
56
51
50
51
43
42
41
28
24
12
4
1
-5
-10
-20
-27
-33
-27
-26
-28
-23
-19
-18
-10
-1
4
11
20
31
33
45
53
62
67
62
62
61
51
48
51
45
46
45
45
33
32
28
9
-5
-13
-16
-20
-13
-17
-32
-47
-53
-63
-68
-69
-75
-82
-92
-102
-113
-125
-119
-119
-114
-121
-119
-118
-116
-107
-114
-116
-117
-117
-108
-93
-94
-92
-84
-80
-78
-64
-51
-39
-36
-30
-27
-25
-24
-14
1
12
20
37
44
51
57
59
60
65
62
68
71
67
72
76
85
83
84
80
76
75
68
61
51
43
37
26
23
20
16
17
10
9
5
3
17
19
16
15
21
21
22
24
26
30
35
45
58
67
78
86
87
92
93
93
98
106
108
103
106
94
87
77
65
53
46
31
21
11
-3
-11
-24
-41
-54
-70
-78
-77
-80
-80
-82
-84
-86
-86
-88
-83
-80
-79
-69
-65
-62
-55
-50
-55
-61
-69
-68
-64
-60
-64
-59
-60
-61
-58
-49
-41
-37
-30
-29
-25
-20
-12
-4
6
9
10
10
4
-2
-7
-13
-11
-17
-16
-11
-13
-16
-20
-28
-26
-22
-22
-11
5
3
1
6
10
13
25
35
34
36
36
42
42
43
51
53
57
60
56
53
48
44
40
35
38
37
25
9
0
-5
-18
-22
-21
-33
-35
-35
-36
-35
-31
-21
-11
-1
9
20
36
48
52
60
71
79
83
87
87
84
69
62
57
55
48
37
29
19
5
-11
-20
-25
-22
-27
-37
-34
-39
-42
-52
-57
-57
-61
-62
-62
-62
-64
-58
-48
-46
-40
-34
-26
-24
-25
-19
-21
-18
-16
-16
-13
-4
4
6
1
-9
-11
-14
-11
-11
-10
-13
-6
-10
-19
-16
-14
-12
-5
-1
6
13
12
8
9
10
15
17
19
15
13
17
19
20
18
13
11
7
7
5
10
12
10
10
15
15
16
13
9
13
17
24
32
30
28
27
24
23
23
23
27
25
17
14
10
3
5
15
8
17
19
26
31
27
27
18
20
22
25
26
26
19
13
13
-1
-11
-14
-22
-24
-27
-24
-22
-27
-29
-39
-47
-59
-70
-64
-67
-63
-61
-52
-50
-56
-49
-44
-37
-31
-22
-11
-8
-4
-12
-3
-1
-11
-13
-15
-17
-17
-25
-23
-26
-34
-36
-34
-29
-32
-36
-34
-35
-35
-32
-21
-8
-3
0
-2
-6
0
8
18
30
34
45
52
62
66
62
65
59
49
50
45
45
44
38
32
29
25
23
25
23
21
21
24
26
34
37
30
27
17
18
21
23
34
33
26
25
21
24
25
24
22
24
24
29
38
38
42
38
25
26
20
14
12
13
14
9
5
-2
-3
-13
-10
-14
-20
-23
-35
-29
-25
-30
-30
-31
-34
-35
-35
-43
-44
-48
-49
-54
-49
-49
-55
-59
-59
-64
-66
-68
-72
-72
-66
-65
-62
-58
-55
-49
-57
-55
-47
-39
-38
-31
-19
-19
-12
-12
-7
-6
-6
-4
-7
-10
-10
-1
7
5
3
8
10
2
-5
-3
3
8
10
11
14
18
21
29
35
46
54
62
68
75
87
94
102
96
92
91
93
97
96
98
95
96
94
82
70
64
64
58
49
45
40
30
22
20
25
18
12
7
1
0
2
-3
-7
-3
-13
-23
-24
-37
-50
-52
-64
-68
-71
-74
-78
-87
-91
-101
-104
-107
-103
-98
-95
-85
-82
-70
-59
-56
-47
-41
-38
-23
-13
-12
-3
8
12
16
15
15
21
24
22
12
10
-1
-7
-14
-26
-31
-40
-44
-50
-55
-55
-55
-48
-41
-44
-37
-33
-28
-14
-5
3
12
15
21
28
33
37
42
46
48
51
51
51
58
59
66
78
76
72
69
62
62
68
70
65
63
67
63
66
69
69
66
65
61
59
61
56
50
50
41
29
26
17
12
1
-8
-16
-22
-27
-31
-30
-35
-36
-37
-36
-35
-29
-31
-33
-34
-45
-51
-48
-54
-52
-53
-52
-54
-53
-55
-57
-54
-56
-55
-60
-59
-60
-58
-56
-50
-42
-36
-30
-29
-22
-14
-5
1
-1
-5
-7
-6
-2
3
9
7
3
0
-2
5
3
5
4
3
5
6
3
4
2
2
-2
-5
4
12
12
6
3
-2
-1
3
3
15
15
14
9
10
17
24
34
37
37
29
32
33
34
35
39
37
36
30
30
31
22
15
12
11
9
14
13
17
19
19
11
7
-5
-4
-3
-1
5
11
11
7
7
9
13
15
16
21
18
13
14
9
14
12
11
9
6
2
-4
-6
-10
-4
0
7
3
-5
-9
-6
-12
-10
-9
-14
-13
-27
-36
-39
-39
-38
-48
-42
-44
-46
-47
-47
-49
-42
-31
-29
-23
-31
-30
-23
-21
-18
-13
-5
-7
-7
-5
-4
-2
0
-3
-7
-5
-9
-6
-10
-9
-5
-2
4
9
9
15
10
16
8
6
2
-7
-10
-11
-2
-3
-6
-10
-11
-6
-1
0
-4
0
6
13
24
31
45
48
49
51
57
69
78
81
84
77
77
71
68
72
76
72
65
59
55
53
39
40
26
18
7
-3
-6
-15
-22
-30
-32
-41
-43
-44
-43
-50
-51
-46
-50
-51
-55
-60
-63
-64
-65
-62
-58
-58
-55
-50
-51
-55
-55
-55
-56
-48
-50
-44
-40
-38
-28
-22
-14
-17
-16
-10
-11
-16
-17
-21
-17
-16
-21
-19
-19
-16
-12
-13
-8
-8
-5
-1
2
4
10
18
15
11
12
19
20
22
31
31
32
32
36
37
37
34
34
38
40
41
36
35
33
34
29
34
41
43
41
40
46
48
50
54
59
63
65
61
64
68
72
72
59
50
44
38
34
21
11
7
1
-6
-16
-21
-26
-29
-33
-44
-54
-54
-57
-55
-62
-57
-53
-59
-59
-55
-45
-39
-34
-32
-28
-28
-21
-12
-2
8
11
15
15
19
19
16
20
16
8
2
-2
-7
-17
-26
-27
-33
-35
-47
-51
-52
-61
-57
-61
-50
-40
-34
-35
-38
-40
-41
-38
-34
-24
-16
-14
-17
-14
-11
-4
-2
3
8
10
8
6
14
13
12
13
10
18
23
27
35
32
36
45
46
52
57
56
55
49
50
53
46
52
47
42
38
31
36
32
37
43
43
53
54
45
43
37
31
24
17
19
12
15
6
-3
-13
-18
-22
-24
-28
-31
-37
-52
-46
-50
-52
-51
-49
-43
-44
-42
-43
-40
-37
-46
-44
-42
-46
-47
-53
-57
-56
-60
-60
-56
-53
-48
-45
-40
-33
-30
-24
-21
-14
-17
-16
-13
-11
-6
5
12
11
14
23
19
18
25
25
28
28
28
27
21
21
17
18
18
11
20
22
24
25
36
42
45
49
53
59
59
60
62
62
62
62
59
61
55
51
38
32
24
23
24
18
13
7
8
5
8
7
-2
-1
0
2
4
4
4
5
0
0
4
0
-3
-1
1
1
4
-5
-14
-17
-21
-22
-18
-16
-19
-23
-29
-39
-40
-44
-43
-41
-43
-44
-45
-45
-54
-51
-49
-48
-45
-43
-44
-38
-37
-30
-34
-39
-34
-41
-35
-34
-36
-35
-30
-29
-27
-19
-22
-28
-27
-21
-15
-6
1
7
14
16
19
23
29
37
34
39
36
35
37
42
36
33
33
33
36
35
32
29
26
17
16
9
13
6
0
-5
-11
-9
-8
-2
-11
-4
-7
0
1
3
15
16
22
24
21
28
34
36
43
40
34
34
33
28
30
22
19
14
18
21
15
18
18
18
13
6
4
7
7
14
16
20
19
15
17
17
13
6
8
4
2
-4
-8
-9
-17
-21
-25
-32
-40
-46
-51
-57
-63
-70
-69
-62
-61
-55
-48
-46
-42
-43
-37
-30
-28
-17
-9
-9
-1
2
4
15
17
27
26
24
27
21
17
20
20
14
20
16
8
6
3
-2
-4
-4
-11
-14
-17
-23
-29
-25
-25
-24
-23
-17
-14
-11
-12
-6
0
-2
1
-3
2
2
8
13
16
16
16
21
20
18
21
19
18
19
26
28
28
24
17
21
18
15
12
13
12
12
3
0
-3
-10
-10
-10
-10
-10
-12
-12
-15
-21
-20
-19
-16
-19
-16
-11
-13
-10
-9
-3
-4
-1
3
6
3
6
10
8
8
9
12
6
4
6
8
11
9
16
16
18
18
26
26
23
24
17
18
16
13
10
12
10
6
1
-6
-6
-7
-7
-9
-9
-8
-9
-12
-16
-13
-8
-4
-1
-2
0
1
3
6
5
6
10
12
9
12
13
11
11
5
3
1
0
-4
-6
-10
-14
-18
-28
-25
-31
-27
-30
-31
-31
-28
-26
-25
-28
-22
-18
-20
-18
-12
-7
-4
-2
0
6
5
6
7
9
13
10
9
10
6
5
9
8
17
13
9
8
10
9
10
14
13
17
15
20
20
22
20
21
21
18
18
14
14
14
14
9
7
3
-1
-5
-9
-12
-15
-20
-22
-24
-27
-31
-33
-29
-34
-32
-29
-26
-20
-20
-18
-23
-21
-20
-16
-12
-8
-2
2
4
-1
-5
-5
-2
-4
-2
1
5
0
1
-5
-7
-7
-11
-12
-12
-8
-12
-10
-10
-4
-5
-5
-3
3
11
12
15
17
18
19
20
20
22
25
25
25
28
27
27
26
30
28
22
25
22
20
22
23
24
24
23
21
23
26
27
31
34
36
39
42
42
39
39
40
40
42
40
38
33
24
22
12
4
-2
-11
-18
-25
-37
-45
-50
-58
-63
-65
-63
-65
-64
-69
-70
-68
-57
-52
-54
-51
-50
-46
-40
-33
-31
-28
-26
-25
-18
-17
-9
-7
-7
-3
-3
-2
-5
0
2
-1
0
6
5
6
5
2
-2
-1
1
6
9
17
19
17
20
22
21
25
25
21
24
23
23
23
20
18
15
9
7
4
3
2
-3
-8
-7
-10
-11
-11
-12
-10
-13
-13
-15
-14
-9
-6
0
1
3
4
6
12
14
19
20
22
30
32
30
31
25
21
17
17
22
23
18
15
12
5
0
-2
-5
-11
-14
-17
-19
-21
-21
-20
-18
-16
-13
-14
-11
-11
-6
-2
-2
-5
-6
-4
-6
-7
-10
-7
-5
-9
-12
-12
-11
-12
-12
-11
-9
-7
-4
1
1
2
4
6
7
7
12
13
14
14
14
12
9
11
12
14
11
12
12
13
11
10
7
6
4
2
5
2
5
4
-2
-1
-3
-4
-7
-7
-4
-5
-5
-5
-4
0
-1
0
4
1
3
8
8
7
6
6
9
5
7
5
1
4
-3
-2
1
0
-1
-1
-2
-2
-1
2
3
1
3
0
0
5
3
4
6
6
5
3
-1
-6
-7
-11
-14
-16
-20
-20
-22
-27
-30
-30
-31
-29
-28
-28
-28
-25
-25
-25
-23
-24
-22
-20
-17
-12
-12
-9
-3
-2
-1
1
5
4
6
10
10
9
6
8
7
5
5
3
3
4
7
9
11
15
16
16
14
14
17
20
21
20
19
22
21
22
25
27
23
24
25
26
27
26
23
22
21
19
16
14
12
8
4
2
2
-2
-4
-2
-6
-6
-3
-7
-4
-6
-4
-3
-5
-4
-3
-5
-7
-6
-9
-10
-13
-14
-13
-15
-13
-18
-22
-18
-21
-23
-22
-24
-24
-19
-18
-18
-15
-14
-11
-11
-13
-10
-6
-2
-2
-2
-1
3
7
9
9
11
13
14
17
16
17
20
20
23
23
21
21
21
19
21
21
18
21
18
15
16
15
14
13
10
10
7
3
-2
-7
-7
-10
-13
-15
-18
-23
-25
-28
-31
-30
-29
-29
-31
-28
-24
-22
-19
-19
-16
-15
-12
-12
-8
-12
-10
-7
-6
-3
-4
-4
-1
-2
0
2
2
4
4
4
3
2
-3
-4
-6
-9
-8
-8
-9
-8
-7
-6
-2
0
5
6
10
11
14
16
15
14
14
17
20
19
18
18
15
12
11
9
9
10
10
8
6
4
5
1
0
-1
-4
-2
-1
-2
0
-1
-3
1
4
5
4
3
2
4
3
2
0
-2
0
-1
-3
-1
-2
-3
-4
1
6
4
5
5
5
6
8
8
11
10
12
16
16
20
20
19
17
18
16
14
11
9
7
2
0
-2
-7
-11
-14
-14
-20
-20
-21
-21
-25
-25
-21
-22
-20
-19
-20
-22
-23
-19
-15
-14
-15
-16
-15
-14
-10
-9
-9
-5
-2
-1
0
2
0
-1
1
0
2
3
4
3
0
1
0
-1
-3
-2
0
1
2
6
5
4
6
8
8
9
11
10
12
10
9
9
11
9
10
10
7
5
3
3
2
1
0
0
-1
0
0
0
3
4
8
6
8
9
10
12
12
14
17
15
12
10
9
8
6
1
1
2
-1
-5
-8
-7
-9
-9
-13
-10
-10
-11
-10
-14
-15
-17
-16
-17
-17
-19
-19
-16
-18
-18
-18
-17
-14
-9
-7
-4
-5
-10
-9
-7
-10
-8
-4
-3
-1
0
-1
-1
0
1
1
0
0
3
3
5
8
8
9
13
15
18
19
22
22
21
18
22
21
24
24
23
22
21
21
19
18
18
14
11
14
11
9
10
8
9
7
4
3
5
4
2
-1
-3
-1
-3
-1
-3
-5
-5
-3
-2
0
-1
-3
-5
-6
-8
-8
-8
-10
-12
-15
-17
-19
-19
-19
-18
-18
-18
-18
-18
-17
-18
-19
-22
-24
-24
-20
-20
-19
-18
-19
-18
-19
-16
-15
-15
-11
-10
-9
-8
-11
-9
-7
-3
-2
0
4
3
4
7
7
9
12
13
11
11
13
13
15
15
17
17
18
17
16
16
14
13
9
7
6
7
6
3
1
1
2
4
3
2
4
3
4
7
6
9
12
13
12
12
13
14
15
16
16
19
19
20
19
19
19
17
16
13
12
8
2
0
-5
-8
-12
-13
-15
-16
-16
-19
-18
-19
-17
-16
-20
-17
-17
-17
-16
-14
-14
-14
-13
-13
-13
-15
-14
-12
-13
-13
-13
-11
-11
-12
-11
-6
-2
0
0
1
3
4
5
8
9
8
9
10
9
8
8
9
7
6
7
8
6
6
1
2
3
4
3
4
3
3
0
-3
-4
-5
-6
-9
-8
-9
-8
-9
-10
-9
-8
-7
-7
-5
-4
-5
-3
-3
1
1
4
4
4
5
8
10
12
14
13
12
15
14
11
14
13
10
6
5
6
6
8
8
9
8
7
6
6
6
5
5
5
4
2
1
-4
-4
-7
-10
-10
-11
-12
-14
-15
-11
-11
-11
-10
-7
-7
-7
-8
-9
-6
-7
-8
-7
-4
-4
-4
-5
-4
-4
-5
-3
-3
-3
-3
-3
-3
-1
1
3
5
5
3
2
2
2
0
0
2
3
6
6
7
10
8
9
9
10
13
12
13
16
15
9
11
10
12
11
7
7
8
7
7
9
8
6
5
7
5
5
4
3
2
0
-1
0
-3
-6
-7
-10
-11
-13
-14
-14
-18
-19
-18
-20
-21
-20
-20
-19
-20
-19
-21
-22
-20
-18
-14
-14
-13
-13
-11
-11
-10
-8
-6
-8
-6
-5
-4
-3
-3
-4
-1
1
-2
-2
2
5
8
8
10
11
12
12
13
15
16
16
16
17
14
15
15
13
15
17
14
14
15
16
17
15
15
16
12
13
13
12
12
12
14
12
12
13
13
11
8
7
7
8
9
8
7
2
0
-1
-4
-7
