2
1
2
1
1
1
1
1
0
1
2
2
4
2
2
1
2
2
1
2
1
1
1
1
2
1
1
2
1
2
1
0
1
1
0
1
0
1
-1
-1
0
-1
-1
-2
-1
0
-1
1
0
-1
-1
1
1
2
1
1
1
1
1
0
1
0
-1
0
-1
1
-1
2
1
0
1
1
0
0
-1
-2
-1
-1
-1
0
-1
-2
-2
-1
-1
-2
-2
-2
-2
-2
-3
-2
-2
-1
-1
0
-1
0
0
0
-1
-1
-1
0
0
-1
0
0
0
-1
-1
0
-1
1
1
1
0
0
0
0
-1
0
-1
0
0
0
1
1
1
0
0
1
-1
0
0
0
1
2
2
2
2
3
2
2
3
1
1
2
1
3
2
2
3
1
0
0
0
0
-1
0
-1
0
-1
1
0
-2
-2
-3
-2
-3
-2
-2
-2
-1
-1
-1
-3
-2
-2
-1
-2
-1
0
1
2
1
2
1
2
2
1
1
1
-1
0
0
0
1
1
-1
-1
-1
-1
-1
0
0
0
-1
-1
1
0
1
1
2
3
1
3
2
3
2
3
3
2
3
2
3
2
4
2
1
2
0
0
-1
1
1
1
2
1
-1
-1
-1
0
0
-1
-1
0
-1
1
-1
0
-2
-2
-2
-2
-3
-3
-2
-2
-1
-2
-2
-2
-3
-3
-2
-2
-1
-2
-1
-2
-2
-1
-1
-1
-2
-1
-1
1
1
1
1
2
1
1
1
1
0
2
3
3
3
2
3
2
3
3
2
2
3
0
1
1
0
1
0
1
1
0
0
-1
-1
-2
-2
-1
-1
-1
-1
0
-1
-2
-2
0
-1
0
0
-1
-1
-1
0
-1
-1
-1
0
0
0
1
1
1
1
0
1
-1
-1
-1
-2
-2
-2
-3
-3
-2
-2
-2
-1
-1
-1
-2
-1
-1
-1
0
1
0
0
0
0
0
0
0
0
0
0
1
1
0
0
0
1
0
2
3
2
3
2
2
1
2
0
1
2
1
1
1
2
2
1
1
2
2
3
2
2
1
1
1
1
1
1
0
-1
0
-1
-2
-1
-2
-3
-2
-3
-3
-3
-3
-3
-2
-2
-2
-2
-2
-1
-1
-1
-2
-2
-1
-2
0
-1
0
1
0
2
3
3
3
5
4
3
3
2
4
3
2
2
2
2
2
2
1
2
2
3
3
2
2
2
0
0
0
1
-1
0
-1
-2
-2
-2
-2
-3
-5
-4
-5
-4
-5
-5
-4
-4
-5
-3
-5
-4
-5
-4
-5
-5
-3
-3
-3
-4
-2
-3
-2
-3
-2
-1
-1
-1
-2
1
0
1
2
0
1
1
2
2
3
4
3
4
3
3
3
3
1
2
2
1
2
1
3
3
4
4
2
3
3
3
2
3
3
2
4
2
2
1
1
2
1
3
1
1
0
1
0
0
-1
-1
0
0
0
1
0
1
1
0
0
0
0
-1
0
0
1
0
0
-1
0
0
0
0
-1
-1
0
-1
-1
-1
-1
-1
-1
-2
-2
-3
-3
-3
-2
-1
-3
-2
-2
-1
-2
-1
-2
-2
-1
-1
-1
2
1
2
2
4
3
3
2
2
2
2
2
2
2
1
1
1
0
1
0
1
0
0
0
-1
-1
0
0
0
-1
-1
-2
-3
-2
-2
-2
-1
-1
0
-1
-1
-1
0
-1
1
0
0
0
0
0
0
-1
-1
0
-1
0
0
-1
-1
-1
-1
-2
-1
-3
-2
-2
-2
-2
-2
-1
-3
-3
-3
-2
-3
-3
-2
-2
-1
-1
0
0
0
1
0
-1
-1
-1
0
0
1
0
1
2
2
1
2
3
2
1
3
3
3
3
4
3
4
3
2
3
3
3
3
4
4
5
4
4
3
4
3
2
3
3
3
3
3
4
3
3
1
1
1
3
2
2
2
2
1
1
-1
-2
-1
-2
-1
-1
-1
-1
-1
-3
-1
-4
-3
-2
-3
-3
-3
-4
-3
-4
-5
-5
-5
-4
-5
-3
-2
-3
-4
-4
-4
-5
-5
-5
-5
-5
-3
-4
-3
-4
-4
-4
-3
-3
-2
-1
-1
0
-1
0
-2
0
0
1
1
1
2
3
2
1
1
3
2
2
2
2
2
2
2
1
1
0
1
1
0
1
1
1
2
0
1
0
1
1
1
2
2
1
1
1
1
1
1
1
2
2
1
1
1
2
1
2
2
3
3
3
4
3
3
3
2
2
3
2
3
0
0
1
0
0
0
-1
0
-1
-2
-2
-1
-1
-2
-2
-2
-2
-1
-1
-1
0
1
1
1
0
1
0
1
2
0
0
0
0
0
0
-1
-3
-2
-3
-4
-3
-3
-3
-4
-3
-3
-1
-3
-2
0
0
1
2
4
3
3
3
3
3
3
2
2
2
2
2
1
0
0
0
-2
-2
-1
-2
-3
-3
-3
-2
-2
-3
-3
-4
-2
-1
-2
-2
-2
-1
-1
-1
0
-1
0
1
1
0
0
1
0
1
0
0
0
0
0
0
0
0
0
-1
-2
-2
-1
-1
-1
-1
0
1
1
1
1
0
0
0
0
1
2
1
1
0
0
0
0
0
0
0
0
1
0
0
0
-1
-2
0
0
-1
1
0
1
0
1
1
1
1
1
1
1
1
2
3
3
3
2
2
2
2
2
2
2
3
3
2
2
2
2
1
2
1
1
0
1
-2
-1
-2
-2
-1
-2
-3
-3
-1
-3
-2
-1
-2
-1
-1
0
0
-1
-1
-1
-1
-1
-1
0
-1
-2
-1
-1
-2
-2
-3
-1
-1
0
-2
-1
-1
-2
-2
-2
-2
-1
-1
-1
-1
-2
-1
-1
-1
0
0
0
1
1
0
1
1
0
0
-1
0
-2
-1
1
1
0
1
1
0
0
-1
-1
-1
0
0
0
2
2
3
2
3
2
3
3
2
2
3
2
1
1
2
2
2
2
1
2
3
2
2
2
0
0
0
0
-1
0
-1
0
-1
-1
-2
-2
-1
-2
-1
-2
-2
-3
-2
-2
-1
-1
0
0
-2
-1
-1
-1
-1
-1
-1
-1
-2
-2
-2
-1
0
-1
-1
0
0
0
0
1
1
2
1
1
1
1
1
1
1
2
2
2
2
2
2
3
3
3
2
2
2
2
0
0
1
0
0
1
1
0
-2
-1
-1
-1
-2
-2
-2
-2
-1
-1
-1
0
0
-1
-1
0
-1
-1
1
1
1
2
1
1
1
2
0
0
1
2
1
2
2
1
0
1
0
0
-2
-1
-1
-1
0
-1
0
-1
-2
-3
-3
-2
-1
0
0
1
1
1
1
0
0
-1
-1
0
0
0
0
0
0
-2
0
0
0
0
0
1
1
1
1
-1
-2
-2
-4
-2
-2
-2
0
1
2
1
1
0
-1
-1
-2
-3
-1
-1
0
-1
-3
-2
-2
-2
-2
-2
-2
-1
0
-1
-1
0
0
-1
0
1
2
2
2
1
3
4
3
3
3
2
5
4
3
4
4
2
2
2
2
0
1
2
2
1
0
0
-2
-1
-1
1
2
1
3
4
3
2
1
1
2
1
2
1
1
0
-2
-4
-5
-5
-5
-5
-5
-4
-2
-1
0
-3
-4
-3
-5
-6
-5
-4
-2
-2
-2
-1
-1
-1
-1
0
-1
-1
-1
-1
-1
0
1
0
0
0
2
1
1
0
1
2
1
2
3
3
3
3
3
3
1
2
2
4
3
1
1
0
-1
0
-1
-1
0
1
1
0
-1
0
2
0
-1
0
1
0
1
-1
-1
-1
-4
-3
-5
-6
-6
-4
-2
-1
-2
-3
-3
-4
-5
-6
-5
-4
-3
-3
-3
-2
-2
-1
-2
-2
1
1
2
5
8
11
14
13
15
15
14
13
14
15
14
15
14
10
10
8
7
5
3
2
0
-2
-1
-1
-2
-1
0
-3
-2
-4
-5
-8
-6
-5
-4
-4
-3
-3
-1
-2
-4
-4
-4
-4
-6
-4
-6
-6
-8
-11
-13
-13
-15
-16
-17
-18
-16
-16
-16
-15
-15
-13
-12
-12
-10
-9
-5
-4
-3
-2
-1
0
0
-1
1
1
1
4
4
4
4
3
4
3
2
4
5
7
6
7
7
8
11
11
11
15
15
15
13
12
12
11
11
11
11
11
10
8
9
8
6
6
6
6
4
5
4
2
0
0
-1
-3
-2
-2
-1
-1
-1
-2
-2
-3
-3
-5
-6
-4
-4
-4
-4
-3
-3
-5
-5
-6
-4
-4
-4
-5
-5
-4
-2
-2
-3
-2
-2
-1
1
2
3
4
3
3
4
4
4
3
0
0
-1
-3
-4
-4
-4
-5
-6
-26
-42
-39
-25
0
14
13
7
2
-8
-23
-42
-38
-14
27
60
60
44
33
43
53
58
51
58
70
78
66
37
14
6
12
14
3
-25
-37
-49
-61
-81
-107
-112
-103
-91
-90
-92
-94
-87
-81
-83
-83
-74
-45
-19
8
20
27
39
49
55
40
38
42
45
49
41
30
26
23
17
14
2
-2
-7
-5
-12
-22
-19
-22
-21
-11
-4
-7
-5
3
11
21
31
40
43
51
61
65
61
58
66
70
70
63
67
72
69
62
50
41
37
29
25
28
26
24
21
20
16
0
-3
-5
-11
-14
-5
-1
-13
-21
-26
-36
-42
-44
-47
-39
-35
-38
-41
-40
-49
-62
-67
-65
-70
-72
-78
-82
-87
-96
-100
-109
-108
-109
-107
-110
-109
-111
-106
-103
-97
-76
-56
-32
-4
22
41
61
82
93
100
109
132
160
177
185
176
165
148
128
101
84
77
69
59
40
30
18
3
-4
-8
-11
-15
-16
-17
-18
-14
1
14
29
44
48
48
42
43
49
45
52
66
67
66
71
58
45
37
18
1
-18
-30
-42
-59
-66
-82
-98
-111
-132
-148
-166
-190
-218
-260
-288
-289
-251
-207
-203
-195
-186
-166
-179
-191
-192
-163
-121
-86
-55
-25
47
121
176
199
211
242
274
283
278
296
332
350
342
306
269
234
198
147
90
40
10
-23
-47
-58
-54
-45
-33
-41
-52
-83
-107
-108
-106
-89
-75
-53
-35
-9
20
51
63
65
65
58
70
86
109
133
149
180
188
218
220
229
200
178
157
108
85
60
51
38
20
-6
-31
-52
-91
-123
-168
-201
-222
-232
-233
-229
-223
-226
-223
-240
-229
-242
-216
-195
-194
-183
-175
-170
-150
-152
-160
-195
-215
-234
-252
-244
-255
-236
-249
-249
-286
-312
-315
-302
-262
-226
-178
-130
-56
19
123
230
314
424
490
553
582
612
649
667
683
656
622
566
522
456
368
290
202
120
30
-61
-93
-125
-148
-265
-282
-340
-319
-324
-399
-314
-313
-258
-289
-267
-199
-95
-21
53
152
193
310
371
438
525
549
663
661
713
719
749
751
709
667
586
510
374
283
161
0
-133
-277
-337
-410
-492
-577
-616
-654
-700
-706
-797
-749
-733
-681
-667
-625
-612
-511
-444
-364
-535
-646
-707
-652
-503
-664
-558
-614
-447
-492
-570
-651
-610
-511
-507
-503
-571
-403
-199
-49
137
216
490
661
812
850
881
1040
1088
1157
1023
1029
1007
1020
948
807
687
584
479
342
177
90
53
38
-63
-127
-262
-280
-299
-394
-383
-479
-445
-439
-479
-367
-279
-166
-100
-55
-4
79
127
189
308
337
440
480
549
611
638
697
701
693
647
594
515
398
286
153
83
-61
-161
-227
-301
-347
-424
-489
-505
-562
-587
-559
-546
-530
-492
-472
-421
-352
-280
-281
-299
-333
-445
-574
-732
-717
-645
-603
-629
-633
-603
-571
-617
-700
-760
-750
-676
-635
-632
-518
-291
-64
121
286
465
688
856
931
992
1052
1167
1204
1187
1164
1136
1121
1046
920
811
692
559
417
263
121
16
-90
-204
-253
-367
-437
-468
-565
-497
-571
-526
-483
-474
-394
-362
-275
-229
-133
-67
71
175
225
334
398
475
520
536
610
631
661
622
619
564
554
482
412
310
171
97
-34
-153
-234
-293
-331
-376
-429
-434
-453
-463
-457
-437
-432
-390
-387
-378
-370
-335
-274
-332
-517
-681
-714
-667
-655
-755
-812
-759
-686
-712
-839
-908
-844
-785
-788
-816
-791
-596
-377
-213
-64
125
388
614
775
890
1035
1214
1328
1350
1319
1312
1328
1285
1184
1039
920
825
702
548
411
324
283
200
81
-55
-187
-250
-366
-403
-462
-460
-454
-478
-419
-366
-261
-243
-215
-161
-89
-38
-20
75
157
257
325
343
448
494
547
530
527
522
495
453
365
297
215
115
-16
-142
-189
-238
-294
-349
-402
-413
-425
-459
-497
-505
-497
-509
-548
-520
-503
-461
-414
-368
-344
-341
-420
-526
-644
-692
-673
-685
-716
-761
-742
-691
-700
-745
-778
-742
-700
-703
-690
-638
-486
-321
-143
-11
190
422
659
871
1038
1221
1362
1460
1463
1418
1394
1336
1288
1174
1042
912
798
719
606
503
399
315
214
107
5
-78
-252
-403
-506
-551
-516
-588
-523
-459
-407
-393
-390
-320
-234
-149
-89
16
44
104
215
248
353
387
488
542
526
527
531
549
469
420
309
224
109
-15
-106
-214
-313
-397
-455
-487
-519
-540
-519
-516
-550
-547
-597
-600
-552
-532
-455
-467
-490
-573
-654
-696
-707
-650
-652
-623
-638
-668
-684
-681
-666
-626
-612
-603
-562
-506
-405
-258
-106
89
232
397
552
726
900
1053
1190
1290
1355
1323
1310
1304
1265
1190
1099
960
804
660
563
502
425
362
308
203
109
11
-61
-135
-336
-425
-553
-584
-581
-642
-550
-530
-449
-397
-331
-271
-181
-84
1
49
70
143
197
251
313
373
475
504
591
615
640
595
493
426
288
163
-18
-128
-205
-310
-371
-442
-460
-477
-485
-486
-508
-541
-560
-578
-631
-646
-637
-566
-590
-614
-681
-726
-748
-755
-740
-749
-760
-734
-719
-713
-679
-656
-634
-615
-619
-599
-560
-499
-343
-207
-43
85
248
466
674
846
1004
1136
1232
1313
1345
1363
1365
1362
1330
1227
1129
989
887
783
672
573
443
371
307
202
130
54
2
-45
-123
-170
-266
-291
-321
-341
-344
-326
-302
-261
-197
-155
-68
17
101
147
158
178
194
219
201
201
216
267
310
266
250
238
218
157
57
-31
-131
-219
-322
-461
-570
-639
-602
-610
-623
-637
-597
-563
-571
-582
-575
-530
-493
-488
-542
-592
-666
-688
-742
-789
-762
-738
-710
-691
-677
-644
-611
-593
-574
-553
-576
-519
-457
-372
-218
-85
107
272
440
630
818
992
1089
1198
1281
1324
1339
1320
1293
1229
1162
1047
912
779
683
544
461
398
360
335
251
201
136
49
-18
-92
-160
-232
-316
-338
-339
-346
-318
-266
-221
-144
-90
-20
95
172
211
238
249
264
262
242
232
241
235
232
227
233
230
208
174
121
56
-37
-144
-264
-344
-463
-532
-590
-589
-573
-562
-568
-568
-570
-543
-519
-500
-467
-459
-496
-573
-729
-805
-839
-857
-799
-806
-729
-704
-638
-635
-601
-575
-540
-492
-530
-529
-474
-379
-229
-137
33
181
348
527
677
868
1012
1140
1193
1247
1244
1225
1196
1117
1051
970
873
775
665
613
549
523
460
454
418
399
355
261
214
101
21
-70
-149
-188
-194
-195
-210
-212
-211
-168
-128
-82
-39
43
119
158
176
166
176
176
171
133
104
116
121
98
73
45
53
45
-6
-53
-132
-211
-305
-443
-540
-616
-655
-687
-691
-686
-680
-675
-661
-615
-587
-528
-511
-528
-609
-703
-801
-802
-858
-865
-864
-831
-791
-776
-718
-643
-545
-469
-423
-427
-397
-326
-261
-170
-85
33
195
311
479
652
844
995
1120
1214
1275
1309
1315
1305
1267
1172
1074
920
805
703
629
577
529
476
466
460
415
426
381
358
298
216
162
92
65
17
-21
-41
-55
-63
-70
-25
-2
89
150
187
234
232
260
252
226
174
143
113
61
2
-71
-86
-119
-156
-183
-198
-182
-204
-257
-346
-429
-534
-621
-724
-805
-857
-892
-906
-905
-875
-806
-745
-665
-593
-542
-578
-641
-748
-801
-839
-908
-913
-949
-907
-891
-855
-800
-672
-573
-465
-398
-352
-294
-206
-134
-55
34
142
257
411
573
722
862
1005
1136
1217
1289
1319
1341
1312
1246
1134
1026
925
803
681
579
503
488
450
446
441
459
465
437
401
388
347
300
242
191
139
78
38
-17
-36
-19
21
50
91
135
192
225
254
246
239
200
143
86
20
-56
-109
-172
-230
-295
-324
-334
-331
-371
-389
-389
-433
-465
-560
-627
-681
-753
-809
-888
-908
-888
-860
-793
-719
-609
-494
-444
-490
-531
-599
-607
-684
-735
-829
-843
-824
-793
-749
-699
-585
-499
-418
-364
-296
-168
-54
40
112
187
340
469
605
693
824
949
1102
1178
1230
1284
1310
1330
1266
1178
1075
957
857
700
601
505
431
407
348
347
340
353
333
306
255
210
160
113
74
42
11
-20
-67
-100
-111
-78
-47
10
73
130
174
211
266
289
277
242
177
135
70
-11
-84
-172
-255
-340
-399
-459
-470
-497
-516
-541
-573
-617
-662
-703
-730
-787
-838
-894
-912
-929
-907
-874
-780
-690
-629
-604
-605
-609
-607
-568
-604
-648
-694
-687
-709
-722
-698
-610
-509
-407
-346
-244
-137
13
127
228
301
390
519
655
761
842
958
1057
1150
1192
1249
1284
1324
1323
1249
1165
1078
965
850
727
620
545
475
406
375
366
346
333
302
287
282
225
184
167
155
121
36
-15
-39
-59
-58
-43
-20
25
78
107
152
198
233
257
236
228
211
179
122
40
-26
-113
-202
-305
-378
-436
-495
-566
-625
-669
-713
-739
-765
-789
-854
-905
-969
-1000
-1022
-1033
-1026
-1017
-982
-939
-887
-855
-824
-770
-754
-714
-751
-783
-801
-798
-769
-763
-711
-660
-569
-497
-395
-290
-170
5
121
226
317
416
561
681
793
867
979
1058
1146
1224
1278
1336
1354
1362
1315
1243
1177
1117
1053
947
843
772
708
679
645
629
605
587
548
507
490
470
451
395
335
276
218
150
87
51
27
2
-16
-27
13
58
108
131
138
132
127
111
67
32
-24
-126
-231
-336
-424
-496
-566
-629
-700
-752
-786
-802
-848
-880
-900
-934
-983
-1053
-1076
-1094
-1091
-1089
-1092
-1065
-1022
-948
-883
-840
-800
-740
-717
-663
-660
-675
-664
-661
-601
-572
-537
-501
-418
-337
-249
-153
-49
129
259
351
452
572
740
868
962
1010
1109
1194
1252
1301
1319
1383
1407
1380
1310
1199
1113
1025
938
823
724
647
574
518
472
451
415
395
338
264
238
220
199
153
76
37
-9
-53
-89
-95
-99
-101
-111
-116
-78
-33
23
59
95
146
165
158
139
100
40
-52
-136
-241
-332
-404
-480
-536
-590
-635
-663
-681
-706
-721
-752
-786
-817
-852
-881
-914
-914
-924
-920
-904
-873
-840
-780
-725
-700
-680
-685
-650
-641
-650
-650
-630
-597
-576
-579
-568
-498
-432
-359
-265
-158
6
130
224
326
440
598
731
821
873
946
1028
1111
1196
1264
1319
1348
1333
1273
1188
1111
1046
958
860
751
680
606
543
495
465
449
407
354
308
320
323
326
297
257
236
194
156
115
83
58
31
13
-16
22
70
140
179
191
237
231
240
212
158
107
12
-110
-228
-339
-438
-536
-636
-729
-811
-884
-918
-934
-951
-969
-987
-1010
-1015
-1038
-1073
-1080
-1093
-1090
-1098
-1075
-1028
-946
-849
-803
-761
-746
-705
-663
-651
-618
-593
-533
-483
-472
-476
-435
-342
-265
-190
-109
1
144
255
362
461
596
724
829
914
1005
1119
1221
1315
1377
1431
1454
1454
1422
1374
1302
1227
1127
998
886
779
695
635
588
562
522
473
423
380
384
378
340
305
248
212
150
69
22
-11
-37
-97
-137
-154
-140
-111
-71
-51
-25
40
76
86
75
48
5
-84
-185
-299
-413
-514
-610
-705
-822
-911
-954
-976
-996
-1021
-1036
-1044
-1057
-1060
-1043
-1035
-1034
-1047
-1048
-1050
-1012
-941
-851
-769
-673
-587
-556
-521
-485
-422
-408
-415
-416
-386
-343
-307
-297
-267
-216
-158
-90
-9
81
206
315
399
482
568
692
826
959
1047
1145
1246
1368
1452
1493
1517
1521
1498
1445
1362
1274
1188
1086
960
827
712
621
552
480
424
386
350
307
271
245
217
181
140
79
8
-66
-133
-171
-213
-242
-255
-262
-236
-209
-182
-140
-95
-62
-38
-36
-54
-93
-155
-250
-355
-446
-541
-623
-719
-823
-903
-982
-1014
-1044
-1053
-1039
-1025
-1021
-1006
-992
-961
-927
-922
-892
-880
-838
-779
-717
-644
-571
-486
-392
-330
-290
-264
-207
-177
-183
-187
-184
-150
-102
-92
-112
-106
-63
-22
10
61
132
226
286
350
423
531
669
806
925
1033
1140
1259
1371
1447
1484
1504
1490
1444
1361
1259
1173
1069
938
787
641
548
469
413
361
320
292
255
213
198
194
168
118
49
-37
-100
-162
-222
-251
-300
-331
-360
-361
-306
-232
-178
-129
-91
-71
-64
-59
-87
-133
-198
-290
-401
-494
-576
-659
-730
-793
-843
-887
-918
-942
-946
-953
-959
-948
-940
-921
-888
-866
-828
-810
-778
-747
-713
-662
-605
-557
-491
-417
-366
-313
-303
-273
-246
-243
-232
-203
-170
-136
-135
-151
-129
-105
-44
-1
32
85
157
230
307
403
526
690
838
945
1068
1204
1353
1469
1540
1588
1597
1581
1536
1460
1382
1297
1169
1028
879
763
661
604
552
509
457
421
383
336
318
271
221
114
8
-87
-184
-264
-347
-408
-462
-494
-501
-497
-447
-390
-341
-316
-298
-288
-290
-313
-363
-406
-481
-559
-638
-695
-729
-772
-811
-868
-906
-928
-950
-945
-952
-943
-944
-936
-914
-869
-822
-771
-712
-673
-621
-587
-548
-484
-438
-409
-361
-285
-196
-141
-107
-86
-51
-20
-5
9
38
65
66
43
10
17
48
52
61
71
109
180
262
348
449
590
744
899
1015
1152
1296
1432
1535
1570
1599
1589
1555
1487
1364
1239
1111
991
849
711
587
505
444
393
347
326
308
275
234
178
118
40
-33
-130
-241
-332
-404
-455
-484
-519
-533
-565
-565
-565
-542
-531
-511
-500
-508
-512
-546
-577
-621
-653
-689
-725
-767
-798
-829
-861
-881
-898
-907
-895
-897
-878
-856
-801
-738
-690
-617
-555
-505
-452
-412
-355
-315
-272
-229
-194
-154
-103
-27
66
127
187
218
253
284
267
267
246
257
228
216
161
125
76
46
41
27
54
96
145
230
313
444
582
736
888
1004
1120
1223
1329
1385
1421
1406
1375
1325
1229
1116
991
872
751
634
545
458
401
342
289
233
182
131
67
24
-36
-92
-166
-252
-318
-386
-463
-523
-578
-627
-679
-711
-734
-751
-775
-792
-800
-792
-783
-764
-728
-695
-666
-670
-661
-657
-644
-648
-661
-671
-679
-682
-694
-696
-670
-614
-560
-514
-452
-383
-301
-232
-168
-102
-46
-16
2
25
46
76
89
109
141
186
251
301
336
356
350
340
332
331
302
280
244
191
121
47
3
-29
-43
-61
-75
-45
17
94
205
326
487
643
792
919
1031
1141
1241
1309
1330
1326
1315
1281
1211
1104
981
861
729
616
475
369
286
202
124
48
-27
-93
-150
-208
-250
-304
-324
-389
-472
-561
-649
-719
-800
-895
-957
-1007
-1040
-1068
-1099
-1075
-1040
-999
-938
-885
-816
-740
-690
-645
-629
-601
-593
-605
-611
-610
-579
-540
-525
-484
-432
-364
-273
-185
-110
-16
57
131
218
287
360
397
442
467
480
473
464
470
458
462
471
497
504
496
457
403
366
317
258
194
132
69
0
-100
-184
-229
-271
-284
-294
-264
-178
-108
0
124
254
404
552
692
833
949
1067
1175
1253
1281
1266
1225
1172
1094
986
879
752
622
472
323
176
67
-7
-77
-148
-204
-258
-293
-346
-377
-439
-501
-581
-685
-783
-884
-975
-1062
-1130
-1194
-1220
-1217
-1192
-1140
-1085
-994
-910
-821
-736
-647
-541
-478
-415
-392
-361
-330
-307
-263
-223
-187
-162
-137
-78
-14
54
134
207
285
370
436
509
585
640
657
649
629
604
583
550
502
450
409
366
339
321
309
274
239
186
171
116
56
1
-67
-125
-189
-261
-322
-360
-398
-415
-420
-399
-336
-255
-158
-28
98
269
445
624
762
904
1007
1100
1169
1206
1225
1207
1151
1053
930
788
665
509
350
205
61
-58
-155
-232
-291
-341
-415
-485
-566
-629
-685
-760
-858
-957
-1033
-1112
-1156
-1203
-1229
-1249
-1246
-1224
-1184
-1118
-1013
-891
-788
-687
-589
-472
-343
-238
-133
-64
16
78
132
191
243
297
339
380
412
476
543
602
653
688
741
780
799
816
810
800
748
705
634
556
476
389
284
206
138
82
49
24
6
-21
-50
-97
-102
-126
-157
-217
-259
-293
-324
-371
-414
-426
-455
-459
-449
-413
-324
-229
-114
-16
96
249
392
553
689
802
872
951
984
992
992
946
866
749
620
484
343
212
83
-56
-184
-310
-409
-491
-557
-611
-660
-705
-761
-764
-779
-807
-840
-888
-944
-987
-995
-1034
-1028
-1024
-1017
-978
-949
-873
-774
-649
-524
-386
-243
-106
23
131
249
326
412
479
546
602
632
672
694
711
719
719
730
752
781
795
793
791
761
730
697
649
584
510
423
331
225
131
39
-37
-90
-148
-187
-206
-192
-172
-170
-161
-158
-159
-179
-191
-215
-217
-226
-235
-260
-305
-333
-351
-349
-338
-323
-276
-211
-125
-20
106
225
334
450
531
609
671
731
766
745
702
614
532
421
275
146
-11
-146
-291
-420
-518
-596
-645
-673
-703
-733
-749
-760
-745
-745
-728
-726
-746
-766
-797
-802
-790
-795
-784
-787
-757
-699
-614
-508
-393
-264
-127
12
128
259
390
500
610
688
747
802
838
860
871
888
886
876
865
845
829
810
783
766
739
697
642
581
512
438
363
281
205
124
51
-43
-126
-188
-230
-265
-275
-277
-247
-219
-207
-179
-171
-162
-167
-175
-190
-214
-225
-257
-293
-333
-384
-422
-440
-430
-416
-370
-321
-254
-176
-86
17
107
210
283
340
384
401
423
415
374
321
243
147
45
-58
-179
-285
-375
-444
-507
-556
-592
-610
-613
-620
-614
-604
-589
-565
-547
-522
-518
-517
-524
-513
-498
-470
-426
-380
-321
-274
-186
-106
-11
99
198
293
384
483
584
670
737
790
842
872
890
887
873
853
816
788
742
698
662
601
554
507
455
419
372
327
284
241
198
148
102
60
6
-46
-96
-132
-169
-201
-214
-207
-198
-180
-152
-131
-116
-127
-133
-151
-174
-207
-243
-269
-307
-345
-416
-478
-521
-556
-566
-575
-571
-544
-511
-471
-410
-329
-256
-165
-104
-56
-15
20
51
65
72
58
28
0
-41
-92
-132
-182
-219
-264
-312
-344
-367
-371
-366
-354
-342
-302
-280
-247
-194
-154
-101
-66
-39
-18
18
40
61
75
82
113
151
199
254
320
385
448
506
565
637
707
776
813
817
823
797
782
761
718
665
603
527
467
424
381
361
319
277
252
221
198
179
177
147
114
84
51
20
-19
-58
-99
-142
-198
-231
-258
-285
-286
-286
-288
-288
-298
-318
-338
-364
-401
-449
-499
-542
-591
-648
-715
-787
-847
-883
-910
-923
-912
-897
-857
-800
-714
-622
-527
-407
-294
-182
-87
29
126
201
266
297
325
316
295
269
210
165
141
104
86
88
94
105
134
163
192
224
246
274
294
306
317
315
292
272
253
229
197
155
125
110
95
107
124
161
200
244
293
350
414
457
492
510
533
546
554
566
567
550
511
463
433
411
383
352
345
327
307
300
278
268
252
222
189
141
110
63
6
-46
-111
-170
-240
-301
-375
-413
-456
-485
-511
-521
-534
-535
-532
-564
-583
-636
-670
-708
-735
-781
-833
-897
-969
-1029
-1073
-1073
-1068
-1038
-999
-937
-835
-709
-559
-408
-262
-123
-7
117
238
357
463
537
589
607
615
613
600
590
562
513
469
431
403
394
397
402
406
400
395
397
410
425
425
406
368
301
244
174
116
51
-9
-67
-107
-102
-90
-47
-6
46
100
158
233
320
405
490
550
591
611
627
633
626
601
579
538
502
453
409
379
329
296
248
202
169
130
95
58
18
-38
-96
-159
-246
-331
-418
-501
-582
-652
-702
-744
-771
-790
-807
-805
-809
-802
-784
-758
-748
-735
-720
-723
-733
-762
-786
-821
-846
-864
-877
-871
-872
-847
-798
-716
-618
-518
-402
-268
-119
18
178
338
504
642
744
836
896
943
960
952
946
922
894
861
797
743
697
633
575
504
451
413
380
346
311
275
240
186
141
104
43
3
-51
-89
-96
-97
-84
-72
-55
-24
1
46
89
144
209
276
333
393
441
470
488
490
487
494
494
494
467
429
404
361
305
252
204
152
102
40
-13
-66
-132
-188
-240
-295
-361
-427
-482
-547
-608
-663
-708
-755
-794
-834
-864
-873
-874
-882
-867
-843
-819
-779
-737
-705
-689
-671
-652
-620
-591
-563
-543
-517
-486
-451
-403
-349
-305
-262
-210
-147
-86
-14
63
147
222
297
385
473
572
665
753
823
886
931
958
972
965
949
903
839
756
666
563
458
376
274
182
105
50
28
22
4
16
23
29
56
63
97
106
120
145
151
165
170
162
153
142
126
129
132
141
160
186
218
242
272
303
325
338
346
343
332
310
281
241
195
126
36
-58
-150
-234
-298
-367
-419
-460
-488
-504
-525
-525
-518
-516
-515
-510
-511
-516
-552
-604
-650
-694
-735
-770
-797
-818
-823
-795
-747
-678
-588
-489
-402
-310
-223
-137
-70
-21
13
23
25
12
-12
-41
-75
-110
-134
-165
-168
-149
-105
-39
35
140
252
371
493
604
698
791
849
903
935
945
927
870
806
727
647
567
481
392
317
243
179
146
131
149
171
206
234
242
261
271
254
243
203
156
113
55
-1
-52
-104
-133
-166
-185
-163
-137
-74
-13
38
94
161
206
244
254
256
232
180
118
43
-38
-107
-190
-264
-326
-387
-418
-441
-449
-466
-468
-447
-432
-411
-387
-370
-360
-376
-388
-419
-445
-460
-496
-516
-553
-579
-588
-595
-585
-543
-493
-429
-344
-272
-188
-96
-3
59
117
163
192
194
175
148
108
66
-13
-94
-160
-192
-221
-219
-184
-126
-42
61
166
287
396
500
603
689
763
826
860
858
841
792
742
671
607
530
455
381
315
272
221
161
109
85
62
44
39
26
10
0
-25
-59
-96
-126
-163
-221
-251
-278
-290
-281
-276
-249
-217
-182
-140
-99
-51
1
61
115
142
158
180
192
189
165
130
76
20
-34
-71
-100
-121
-142
-155
-153
-148
-134
-122
-101
-89
-77
-77
-80
-106
-139
-181
-232
-283
-344
-404
-444
-466
-478
-472
-466
-455
-437
-400
-345
-291
-247
-202
-156
-121
-99
-75
-62
-72
-103
-129
-146
-156
-157
-166
-162
-135
-98
-45
23
94
164
252
331
416
516
602
674
717
740
759
754
733
697
644
587
519
453
366
286
220
172
134
98
81
56
43
34
16
-24
-69
-122
-172
-209
-245
-273
-303
-342
-369
-390
-393
-374
-347
-312
-270
-219
-151
-85
-18
46
98
138
158
160
166
163
166
169
162
143
120
102
63
45
22
2
-14
-36
-27
-33
-34
-48
-81
-122
-156
-191
-211
-225
-256
-275
-303
-316
-344
-368
-386
-401
-407
-395
-360
-315
-271
-217
-171
-131
-92
-65
-56
-51
-54
-45
-25
-5
14
18
30
32
33
56
89
145
215
286
362
429
488
530
563
599
609
609
604
582
557
533
491
438
370
293
225
163
113
77
30
-15
-52
-78
-105
-152
-202
-248
-286
-317
-339
-339
-335
-344
-356
-367
-375
-387
-381
-359
-342
-308
-259
-210
-161
-115
-77
-37
-2
47
96
134
158
198
224
238
244
225
206
171
156
136
118
99
76
46
16
-8
-39
-66
-90
-113
-135
-146
-156
-169
-182
-195
-211
-232
-250
-258
-249
-238
-225
-188
-163
-144
-116
-95
-55
-11
7
16
28
35
45
58
81
98
98
99
94
101
118
130
136
142
142
154
173
186
205
224
246
265
278
287
279
267
263
255
245
222
188
165
131
96
68
32
-13
-68
-122
-152
-181
-201
-228
-253
-266
-287
-289
-294
-315
-300
-294
-279
-248
-227
-197
-153
-118
-84
-59
-45
-31
-9
4
33
71
90
116
137
160
180
201
206
204
189
176
186
193
200
187
162
128
88
59
29
0
-23
-37
-56
-74
-89
-101
-105
-112
-106
-97
-74
-54
-32
-15
-22
-25
-39
-52
-60
-55
-38
-25
-18
-5
-3
-6
8
17
28
28
25
26
19
16
14
-1
-13
-28
-37
-51
-62
-68
-68
-67
-73
-58
-48
-33
-17
-3
4
25
41
58
95
106
119
118
111
90
66
40
21
-6
-20
-34
-50
-58
-75
-91
-112
-125
-140
-151
-147
-144
-145
-125
-102
-92
-73
-58
-52
-45
-44
-24
-3
15
45
66
82
83
83
71
70
73
86
93
103
115
117
122
107
82
62
41
32
29
37
43
44
42
44
49
60
66
78
87
97
107
108
100
87
76
62
65
70
67
51
43
39
38
40
38
25
17
8
-6
-20
-38
-51
-75
-104
-117
-132
-151
-156
-162
-159
-166
-172
-174
-175
-170
-157
-137
-108
-84
-70
-56
-38
-22
-3
18
45
53
66
78
88
97
96
94
80
66
50
32
28
12
5
-2
-27
-41
-58
-66
-74
-89
-90
-106
-116
-131
-136
-128
-118
-105
-103
-79
-56
-23
-2
19
50
64
65
74
91
106
112
113
103
97
100
92
82
77
74
77
86
95
118
141
169
179
190
192
184
190
198
205
218
219
208
193
171
154
128
104
82
58
32
-3
-34
-63
-99
-118
-130
-154
-174
-186
-210
-221
-248
-272
-291
-313
-328
-338
-339
-335
-327
-326
-315
-304
-280
-250
-217
-177
-139
-108
-82
-51
-21
8
31
48
60
66
66
67
82
74
56
55
40
29
37
46
60
63
79
89
75
68
54
41
29
28
20
17
10
9
11
9
17
19
30
34
55
83
100
123
145
167
190
207
231
255
267
274
275
277
283
294
305
311
296
291
282
274
286
278
272
277
267
250
240
229
212
182
148
102
50
3
-42
-82
-133
-174
-212
-248
-284
-329
-357
-387
-415
-432
-446
-449
-453
-472
-477
-486
-487
-494
-487
-473
-449
-418
-386
-361
-334
-298
-262
-222
-187
-138
-95
-59
-11
26
63
98
116
127
130
133
138
134
130
131
122
121
117
124
122
105
98
88
82
77
72
75
75
73
73
76
78
72
53
50
43
48
54
53
59
58
71
78
94
113
138
169
204
240
274
282
300
309
309
313
314
320
323
310
299
300
293
293
281
277
270
262
254
234
222
205
181
145
108
57
1
-43
-86
-125
-176
-226
-274
-313
-341
-371
-397
-415
-433
-445
-434
-434
-410
-394
-390
-387
-385
-373
-367
-352
-345
-333
-320
-293
-265
-233
-198
-178
-145
-104
-68
-23
13
43
74
93
116
131
131
124
113
102
84
53
20
-5
-29
-46
-68
-79
-83
-83
-65
-43
-21
3
17
37
52
66
79
77
84
91
88
96
99
96
88
82
98
112
137
167
201
239
259
294
331
359
375
390
397
403
409
402
398
386
371
350
328
302
276
249
219
202
184
157
130
86
47
15
-21
-62
-105
-148
-209
-258
-306
-343
-386
-435
-473
-510
-528
-533
-515
-489
-488
-479
-463
-451
-419
-384
-345
-298
-256
-221
-199
-184
-172
-159
-141
-125
-97
-66
-48
-27
-5
25
60
91
113
146
165
198
225
239
244
236
233
218
201
174
145
105
75
50
34
31
19
24
26
27
42
55
71
85
100
126
146
168
178
176
161
139
123
110
95
90
91
95
94
92
97
112
137
172
208
237
262
270
286
291
285
258
228
202
174
127
86
49
15
-14
-59
-89
-122
-159
-184
-199
-214
-241
-258
-268
-280
-292
-306
-312
-315
-335
-347
-359
-371
-377
-389
-387
-372
-360
-344
-334
-316
-280
-245
-194
-147
-118
-87
-66
-46
-23
-10
8
26
47
63
75
87
93
102
108
123
131
148
150
166
184
196
215
225
229
238
238
229
212
199
187
168
160
149
137
130
121
117
138
154
162
172
181
192
200
196
184
169
158
138
123
106
87
66
44
19
-3
-19
-20
-24
-29
-17
-2
11
23
27
30
42
34
9
-16
-33
-42
-64
-81
-103
-129
-155
-188
-211
-227
-237
-247
-246
-237
-226
-220
-219
-223
-222
-225
-226
-227
-231
-223
-226
-221
-218
-218
-222
-219
-197
-186
-164
-144
-120
-93
-80
-62
-44
-30
-12
2
20
37
44
52
56
62
71
82
99
113
116
132
150
168
184
208
227
250
271
284
304
315
324
323
331
336
330
332
328
318
317
313
315
315
298
286
255
220
198
168
152
132
103
84
59
24
1
-29
-53
-84
-117
-141
-167
-184
-195
-202
-216
-230
-244
-255
-279
-291
-292
-293
-289
-287
-284
-292
-293
-298
-306
-307
-306
-289
-284
-275
-260
-249
-232
-226
-226
-217
-214
-206
-196
-176
-150
-136
-118
-100
-85
-70
-56
-33
-13
15
24
27
31
29
36
46
47
38
37
36
36
50
57
71
84
104
123
132
145
161
188
212
239
264
278
300
311
314
325
340
360
374
374
377
388
385
385
389
395
413
410
403
397
376
348
325
311
282
247
210
163
118
78
38
-9
-47
-85
-121
-159
-197
-228
-257
-278
-290
-311
-325
-337
-347
-355
-369
-366
-379
-389
-402
-412
-425
-433
-434
-440
-436
-424
-406
-387
-354
-327
-313
-301
-282
-255
-228
-198
-164
-133
-110
-102
-99
-97
-95
-76
-53
-37
-18
6
15
34
53
70
83
91
100
105
109
113
113
108
110
102
93
97
105
117
131
150
179
199
215
242
253
270
284
298
319
339
354
366
386
390
390
381
366
348
341
333
327
323
311
299
292
279
261
245
229
206
176
155
138
115
89
44
20
-11
-49
-84
-121
-143
-168
-186
-197
-220
-248
-297
-335
-364
-386
-405
-415
-421
-421
-418
-424
-421
-433
-434
-431
-428
-415
-400
-379
-360
-346
-326
-301
-277
-261
-247
-226
-202
-171
-133
-107
-73
-38
-22
-5
8
14
30
39
56
75
93
110
116
124
131
123
124
126
128
138
157
167
163
164
171
182
200
217
237
254
267
292
302
298
304
303
309
318
334
355
344
343
345
345
346
350
349
338
320
309
289
272
251
228
205
173
139
102
54
20
-5
-36
-66
-105
-133
-164
-193
-213
-233
-245
-258
-273
-281
-278
-284
-299
-306
-322
-342
-356
-374
-377
-377
-384
-380
-368
-364
-356
-358
-359
-353
-350
-344
-328
-309
-292
-270
-252
-236
-217
-194
-171
-151
-121
-100
-83
-56
-41
-8
7
35
70
98
122
143
164
179
188
202
211
210
224
224
223
228
228
230
222
211
206
203
204
204
205
212
220
226
237
243
252
263
275
284
303
322
336
338
348
351
343
327
307
291
272
257
240
219
197
176
147
124
90
63
33
5
-5
-26
-43
-66
-94
-123
-155
-195
-230
-259
-288
-305
-324
-341
-350
-356
-362
-370
-381
-389
-380
-380
-364
-337
-316
-296
-279
-277
-281
-295
-308
-308
-307
-293
-273
-240
-219
-194
-185
-180
-172
-169
-164
-150
-118
-87
-51
-16
7
24
35
37
42
55
80
110
132
153
173
172
162
159
158
171
182
198
218
233
252
267
270
279
275
268
274
280
291
302
305
312
315
310
306
296
287
289
290
286
289
290
275
267
249
230
210
179
145
121
101
83
70
43
21
-11
-45
-70
-97
-115
-140
-150
-156
-176
-192
-214
-249
-281
-315
-347
-364
-373
-375
-371
-377
-383
-387
-397
-405
-404
-391
-365
-338
-305
-275
-253
-236
-236
-228
-214
-196
-175
-159
-126
-108
-85
-59
-33
-16
3
21
38
57
66
80
95
103
112
125
125
135
144
149
164
167
168
170
171
182
189
194
196
204
201
201
211
226
230
243
257
273
278
273
264
245
244
231
218
207
196
180
161
144
133
120
111
97
90
90
90
73
68
57
40
30
29
21
-5
-20
-30
-49
-80
-97
-117
-128
-142
-150
-157
-163
-172
-193
-198
-207
-220
-229
-234
-231
-229
-228
-230
-237
-240
-240
-245
-242
-242
-243
-235
-217
-209
-198
-178
-176
-167
-162
-154
-141
-122
-99
-79
-58
-39
-25
-3
1
7
11
23
45
50
74
83
96
97
95
94
92
105
103
111
127
144
159
168
175
171
171
166
169
177
177
181
179
188
185
171
162
151
142
143
142
145
152
151
150
153
152
151
140
127
108
95
85
75
70
62
59
40
15
-6
-32
-54
-72
-86
-88
-92
-92
-97
-109
-124
-138
-142
-157
-162
-164
-174
-159
-153
-149
-149
-155
-158
-152
-146
-135
-112
-104
-102
-101
-107
-112
-123
-128
-132
-136
-140
-136
-130
-131
-137
-134
-120
-109
-96
-85
-79
-58
-42
-28
-10
0
12
33
49
68
96
114
124
148
169
177
191
188
185
193
193
199
208
217
216
211
199
191
173
157
141
132
135
133
125
117
113
103
96
77
55
39
37
27
14
8
-7
-20
-35
-33
-45
-53
-64
-81
-100
-109
-119
-123
-124
-123
-113
-118
-118
-124
-129
-131
-135
-133
-127
-117
-121
-123
-116
-120
-125
-126
-122
-120
-113
-90
-76
-62
-61
-63
-55
-46
-29
-21
-26
-26
-27
-23
-21
-17
-13
-17
-18
-19
-20
-17
-11
-9
-7
-11
-5
5
10
15
26
37
46
50
48
51
54
69
91
106
128
138
151
168
186
210
227
241
246
253
268
266
265
261
246
227
202
185
172
150
134
114
93
71
44
13
-16
-34
-50
-65
-77
-83
-89
-102
-110
-127
-118
-125
-156
-192
-205
-185
-183
-197
-218
-235
-238
-216
-215
-224
-234
-232
-212
-200
-190
-186
-186
-176
-147
-129
-133
-140
-139
-113
-86
-67
-63
-57
-54
-39
-21
-12
-10
-3
27
55
86
105
113
117
112
118
132
141
137
125
119
109
106
100
82
56
40
41
45
56
66
68
77
81
98
100
93
86
94
114
125
139
149
157
162
166
167
175
172
167
180
197
203
206
201
184
171
154
135
111
90
71
60
44
26
2
-32
-64
-96
-116
-138
-162
-185
-195
-201
-212
-216
-222
-238
-259
-273
-282
-283
-289
-290
-292
-286
-285
-291
-283
-284
-279
-274
-268
-255
-230
-205
-178
-149
-128
-102
-71
-49
-14
9
34
60
72
91
104
122
138
154
163
173
188
200
208
211
208
206
201
199
193
189
180
174
164
144
125
101
100
98
103
100
96
87
85
88
81
77
77
73
85
94
104
121
129
133
135
130
124
108
92
82
82
75
68
70
78
77
72
70
59
51
31
17
14
13
8
-14
-33
-47
-71
-86
-106
-130
-141
-155
-164
-176
-193
-207
-223
-238
-256
-267
-272
-272
-274
-268
-266
-267
-263
-264
-261
-256
-257
-250
-234
-217
-193
-169
-150
-132
-106
-77
-52
-28
-8
18
50
73
96
114
121
128
129
134
145
147
154
149
151
142
140
147
141
134
135
138
145
150
154
163
168
167
160
154
149
146
147
151
164
175
172
173
168
172
170
168
161
155
149
142
151
148
137
122
103
83
78
68
54
39
25
11
-7
-21
-30
-51
-73
-86
-93
-106
-109
-121
-131
-138
-163
-183
-199
-202
-217
-219
-224
-227
-235
-253
-267
-285
-297
-298
-302
-295
-283
-269
-251
-254
-250
-238
-218
-199
-181
-169
-148
-132
-103
-84
-59
-33
-15
-9
-7
20
43
64
86
111
124
145
158
173
183
181
179
179
176
179
184
182
187
182
183
181
174
170
163
167
163
171
183
189
202
222
222
227
225
221
222
219
221
217
210
212
216
213
212
188
175
157
138
124
105
89
69
44
21
1
-26
-48
-69
-94
-110
-129
-146
-161
-172
-183
-198
-211
-224
-237
-256
-266
-273
-282
-294
-306
-320
-329
-334
-344
-342
-342
-348
-341
-326
-314
-301
-277
-262
-248
-224
-206
-190
-172
-149
-124
-96
-71
-44
-16
8
21
48
71
75
93
109
126
137
144
151
158
163
163
164
168
172
184
191
195
198
195
196
198
194
188
184
178
183
188
193
193
199
195
183
179
176
173
168
170
175
179
185
195
201
195
185
179
180
171
160
153
144
134
123
105
85
75
57
31
6
-12
-32
-60
-78
-99
-123
-133
-149
-165
-178
-201
-213
-226
-235
-241
-259
-278
-297
-303
-303
-303
-298
-298
-298
-296
-294
-292
-277
-263
-250
-237
-230
-213
-200
-183
-171
-156
-138
-120
-98
-77
-62
-46
-30
-18
-9
9
26
42
64
80
96
103
111
119
131
141
148
152
157
166
168
162
152
149
142
131
126
138
144
150
151
156
158
160
160
162
168
164
169
180
195
206
207
201
197
190
188
179
174
172
172
169
166
154
136
130
119
111
110
91
74
59
33
15
-10
-34
-54
-74
-100
-118
-135
-152
-174
-201
-219
-236
-249
-263
-285
-296
-309
-312
-312
-303
-285
-279
-276
-271
-264
-250
-232
-228
-217
-207
-196
-178
-161
-144
-119
-95
-70
-49
-25
3
18
40
57
72
80
85
81
87
91
93
96
96
101
101
105
105
101
93
93
94
89
85
84
88
93
93
99
95
85
70
61
61
75
86
92
101
115
128
130
131
130
129
136
143
156
175
186
193
191
187
183
172
164
151
145
144
135
126
117
94
77
50
26
9
-15
-26
-43
-59
-85
-113
-135
-162
-177
-191
-208
-229
-239
-248
-261
-263
-265
-268
-272
-270
-274
-266
-251
-248
-233
-215
-199
-183
-166
-147
-130
-109
-98
-82
-64
-38
-20
-6
10
25
36
33
45
57
70
79
86
85
96
99
92
88
87
83
75
79
79
72
69
66
64
62
60
60
52
45
39
38
46
59
64
74
92
92
101
112
112
124
130
141
150
153
158
159
155
153
148
147
147
147
146
148
142
137
127
118
112
99
95
87
74
54
35
19
-7
-37
-60
-78
-95
-116
-133
-155
-179
-201
-226
-234
-241
-247
-243
-250
-250
-243
-237
-235
-236
-228
-223
-215
-201
-188
-176
-164
-149
-130
-113
-94
-73
-57
-37
-16
-1
12
32
51
72
84
95
101
104
106
113
122
121
118
112
102
98
94
91
74
67
66
63
63
56
64
70
62
55
54
48
50
56
64
73
72
75
60
56
56
59
62
73
77
78
86
94
93
97
99
95
95
92
88
83
78
73
57
46
38
29
21
15
10
-4
-10
-17
-28
-46
-61
-80
-97
-113
-119
-123
-133
-138
-144
-155
-161
-164
-173
-179
-172
-163
-165
-157
-146
-134
-119
-119
-112
-110
-110
-99
-89
-72
-56
-46
-45
-38
-31
-18
-1
8
22
26
32
46
48
59
60
58
63
62
63
73
82
82
79
74
67
59
53
55
59
59
68
66
69
76
69
60
55
58
68
77
82
90
98
104
105
103
103
102
108
109
114
117
116
119
113
99
84
60
56
50
38
36
29
20
5
-14
-34
-44
-62
-63
-67
-66
-69
-72
-73
-74
-92
-111
-114
-125
-130
-135
-130
-129
-125
-119
-120
-134
-142
-143
-147
-143
-141
-138
-135
-125
-116
-109
-113
-110
-107
-102
-85
-70
-39
-19
-3
4
16
25
28
32
36
49
61
69
80
88
93
92
86
75
66
53
50
45
49
52
53
58
50
48
45
45
51
54
64
74
85
87
93
93
92
89
89
99
97
104
103
93
97
91
82
80
79
81
84
89
91
80
73
66
59
50
38
31
24
16
6
-7
-11
-25
-49
-63
-73
-79
-82
-90
-91
-98
-100
-105
-115
-120
-124
-126
-134
-133
-128
-120
-119
-121
-121
-125
-118
-119
-111
-102
-100
-90
-85
-74
-61
-48
-39
-37
-35
-33
-25
-21
-13
1
17
20
20
22
14
13
18
19
22
21
23
30
28
35
40
31
25
20
23
25
32
46
52
61
63
68
66
62
62
58
61
61
66
70
74
75
77
83
82
81
85
91
93
94
101
105
106
103
100
94
90
84
77
65
59
57
43
36
28
14
-2
-18
-25
-36
-46
-52
-57
-66
-80
-93
-105
-116
-127
-146
-150
-156
-166
-161
-159
-152
-157
-155
-148
-144
-135
-129
-113
-97
-82
-63
-57
-47
-35
-25
-18
-4
12
25
39
46
47
49
48
51
50
52
64
68
67
63
58
55
62
59
64
55
53
53
48
42
39
29
21
20
14
8
9
17
19
28
31
36
28
30
41
38
46
53
59
60
56
51
45
42
46
46
47
49
56
61
65
69
71
68
62
60
53
44
33
23
15
1
-5
-15
-26
-35
-48
-60
-71
-80
-93
-101
-104
-108
-117
-119
-125
-133
-135
-142
-145
-142
-133
-124
-114
-108
-108
-102
-102
-97
-84
-73
-65
-49
-32
-17
-1
12
16
26
34
42
53
64
70
81
85
81
80
73
65
56
56
50
48
43
47
37
35
34
28
25
14
12
12
11
8
6
8
6
2
3
0
-2
5
6
9
16
16
16
20
22
28
32
37
47
55
72
81
83
89
91
93
97
99
97
102
102
94
91
86
81
72
63
54
48
44
34
26
12
3
-11
-21
-26
-33
-49
-67
-71
-81
-93
-107
-113
-116
-124
-128
-137
-142
-140
-143
-144
-139
-138
-132
-133
-127
-111
-103
-89
-74
-60
-41
-27
-14
-3
6
18
27
33
40
46
54
56
56
58
57
54
51
47
44
39
37
32
30
29
20
7
0
-10
-17
-22
-24
-17
-12
-2
-3
-4
-4
-7
-11
-9
-4
3
-2
8
16
19
21
25
27
31
36
37
48
52
64
75
82
84
85
74
67
62
55
60
53
50
49
42
33
28
19
9
7
4
-6
-11
-19
-36
-48
-64
-61
-68
-70
-73
-79
-78
-79
-77
-79
-81
-84
-86
-80
-80
-76
-66
-58
-43
-42
-32
-24
-24
-21
-14
-7
4
14
29
33
41
49
46
45
43
49
54
59
62
65
65
61
60
57
53
55
48
45
49
45
44
40
35
40
36
31
25
17
11
10
15
16
9
13
12
7
4
10
11
10
6
10
12
16
20
17
15
6
8
4
5
6
4
5
9
5
-1
-13
-23
-32
-47
-53
-61
-66
-77
-81
-91
-96
-102
-108
-106
-110
-104
-103
-98
-93
-88
-91
-83
-82
-80
-67
-60
-53
-53
-51
-51
-49
-41
-33
-26
-17
-5
7
23
32
39
45
54
55
54
58
62
63
71
79
79
81
78
82
83
85
85
81
82
87
82
73
68
69
67
62
56
51
43
38
32
19
12
13
8
-3
-8
-12
-16
-7
-1
3
7
6
5
6
7
11
12
13
17
22
30
30
22
14
15
11
14
10
6
7
3
2
2
0
-5
-14
-17
-18
-25
-24
-26
-27
-29
-30
-39
-43
-50
-53
-56
-59
-59
-66
-68
-73
-76
-69
-70
-75
-72
-78
-81
-79
-71
-65
-62
-59
-58
-50
-43
-43
-38
-29
-21
-11
-5
-6
-4
2
7
13
15
18
24
27
28
32
34
32
33
35
32
39
46
45
50
44
49
45
49
51
52
61
64
69
66
68
60
54
52
52
54
55
51
47
55
58
58
54
46
45
46
43
47
53
55
56
56
53
52
41
44
43
36
39
25
20
14
2
-17
-28
-47
-67
-74
-84
-87
-94
-99
-108
-112
-115
-124
-126
-123
-127
-129
-121
-124
-119
-116
-108
-101
-101
-98
-93
-88
-84
-69
-56
-44
-32
-23
-23
-16
-8
-6
2
6
12
16
17
28
30
31
34
36
40
42
44
53
58
63
78
84
84
86
81
75
80
79
78
72
64
60
59
62
60
57
59
58
53
47
48
49
60
61
68
72
69
69
63
76
74
77
77
81
74
72
69
54
44
26
18
10
-3
-11
-19
-30
-37
-43
-52
-65
-80
-87
-94
-106
-111
-117
-119
-120
-128
-125
-123
-125
-120
-116
-115
-115
-111
-107
-109
-101
-95
-80
-72
-61
-50
-39
-31
-29
-21
-8
-3
6
16
19
25
25
28
26
25
31
37
39
45
48
53
56
60
64
68
70
56
50
45
43
34
24
19
8
5
-10
-13
-12
-16
-10
-10
-8
0
7
11
13
21
24
32
38
42
48
50
59
52
59
60
63
64
65
68
71
70
64
69
67
69
67
67
63
60
50
43
38
29
25
20
12
2
-13
-27
-29
-45
-53
-60
-66
-71
-84
-92
-98
-103
-106
-116
-120
-120
-118
-120
-120
-117
-112
-102
-96
-97
-90
-76
-72
-61
-50
-38
-31
-23
-23
-20
-13
-9
-5
3
12
14
29
31
34
40
38
42
39
37
43
42
40
44
48
56
61
61
53
50
42
38
40
38
41
38
36
35
30
24
26
23
16
27
28
34
39
45
50
50
49
56
61
61
70
69
74
86
87
90
91
87
84
74
72
71
66
61
59
54
43
36
19
5
-7
-20
-33
-45
-58
-74
-88
-101
-111
-115
-126
-132
-138
-139
-138
-144
-137
-132
-135
-128
-128
-125
-123
-119
-110
-101
-94
-90
-84
-83
-75
-71
-61
-50
-39
-34
-28
-11
-1
6
22
34
36
36
41
48
52
62
68
76
79
83
79
79
86
81
79
81
81
71
66
59
57
51
44
41
34
28
28
30
28
32
39
36
33
32
34
36
29
37
44
39
45
48
50
50
48
47
45
54
55
57
55
53
54
46
40
31
30
24
16
8
-3
-12
-23
-23
-34
-44
-49
-63
-69
-76
-80
-83
-88
-98
-106
-111
-119
-116
-120
-123
-129
-133
-138
-128
-116
-106
-95
-86
-82
-76
-67
-63
-48
-33
-24
-17
-6
-2
4
9
16
25
28
30
30
35
32
33
40
46
47
49
59
68
73
72
76
74
74
69
69
75
71
69
72
67
57
56
55
57
53
50
45
44
47
44
43
40
37
37
31
29
27
19
14
16
15
12
8
9
7
3
-2
-1
-3
-5
0
-5
-2
-2
-6
-1
-7
-8
-13
-20
-25
-33
-34
-39
-44
-45
-47
-51
-48
-47
-48
-49
-49
-51
-55
-54
-57
-53
-47
-45
-39
-42
-45
-45
-43
-42
-38
-40
-38
-34
-35
-30
-34
-36
-38
-35
-29
-24
-22
-18
-9
2
6
5
13
17
13
10
13
16
21
24
35
41
42
47
48
45
36
38
35
30
32
32
34
36
37
29
31
34
36
37
51
62
60
68
71
72
75
77
74
72
68
66
66
61
56
58
51
43
35
28
20
13
13
9
1
-3
-11
-23
-30
-45
-56
-64
-69
-72
-73
-75
-74
-74
-71
-71
-70
-66
-70
-66
-61
-62
-58
-53
-57
-60
-61
-62
-66
-73
-74
-70
-63
-54
-49
-42
-44
-44
-39
-37
-36
-31
-29
-21
-14
-10
-7
-4
-4
-4
-12
-14
-10
-4
-2
1
4
6
3
-4
-4
0
0
0
5
15
24
34
44
49
55
62
60
65
73
81
96
100
99
102
101
103
108
110
111
108
110
110
108
105
103
97
89
82
77
72
66
60
56
46
38
31
17
7
-3
-14
-21
-24
-34
-44
-55
-70
-75
-73
-81
-90
-96
-99
-105
-108
-106
-110
-113
-119
-122
-121
-116
-112
-107
-100
-95
-87
-78
-68
-56
-44
-39
-32
-31
-23
-15
-7
1
4
8
6
7
5
1
-1
-4
-3
1
3
12
17
20
18
25
27
24
25
25
30
37
40
42
40
38
41
39
36
41
42
41
46
45
41
38
36
32
32
36
39
36
43
43
38
41
34
37
38
36
38
40
37
37
34
30
32
29
27
21
18
16
11
7
7
0
-6
-6
-19
-21
-30
-36
-39
-48
-47
-50
-48
-46
-49
-44
-42
-47
-51
-56
-57
-57
-64
-61
-56
-51
-55
-52
-48
-49
-48
-48
-40
-38
-32
-27
-29
-22
-24
-26
-22
-15
-2
7
23
30
33
43
48
47
52
51
56
48
49
55
55
57
54
53
53
46
37
39
38
30
22
20
12
13
14
6
3
2
0
-3
-4
-9
-5
0
4
9
8
9
9
4
4
8
10
13
15
17
20
27
28
26
22
23
17
13
8
6
11
5
-1
-7
-12
-22
-36
-44
-46
-50
-55
-64
-71
-71
-73
-75
-78
-78
-80
-83
-85
-88
-87
-84
-76
-75
-75
-65
-57
-51
-44
-36
-27
-18
-8
2
7
19
28
36
44
52
59
60
66
63
63
65
67
66
69
68
70
67
67
69
64
64
65
65
69
65
67
71
63
60
56
48
47
38
34
35
30
26
24
24
23
18
10
5
3
3
-7
-11
-15
-13
-13
-14
-20
-22
-22
-26
-26
-25
-27
-27
-33
-34
-38
-35
-30
-34
-31
-35
-36
-33
-35
-37
-43
-43
-49
-56
-58
-61
-60
-60
-66
-65
-63
-66
-64
-66
-64
-58
-55
-46
-34
-28
-19
-13
-8
-5
-1
0
3
-1
-3
-2
2
5
11
11
13
15
12
14
16
17
18
18
15
18
23
25
26
28
28
35
40
47
49
53
64
68
67
67
68
69
71
72
75
74
71
69
62
57
55
52
51
44
48
44
40
40
34
34
26
24
21
18
14
9
2
-7
-10
-15
-17
-23
-29
-36
-50
-62
-64
-68
-76
-82
-83
-90
-95
-97
-102
-100
-96
-92
-91
-92
-84
-79
-76
-66
-57
-46
-40
-31
-27
-27
-22
-18
-21
-23
-20
-23
-9
-7
-4
-2
-3
-6
-8
-2
3
10
12
19
25
30
34
34
35
43
47
48
55
57
60
60
63
59
59
56
51
44
44
48
50
55
55
50
41
33
23
25
23
29
30
32
24
27
24
24
31
28
27
23
21
22
26
24
24
19
16
16
9
6
7
-1
-5
-6
-6
-7
-14
-15
-25
-26
-33
-38
-40
-42
-40
-47
-51
-51
-49
-47
-42
-44
-48
-53
-57
-54
-44
-47
-47
-50
-50
-49
-54
-54
-54
-53
-48
-46
-48
-46
-48
-41
-30
-25
-20
-12
-2
-2
7
8
13
15
28
32
34
43
44
53
57
64
63
60
56
57
54
51
49
41
42
34
33
25
25
23
15
12
11
7
8
9
6
2
3
-1
-1
7
4
3
2
-1
4
1
-3
-4
-13
-15
-23
-21
-23
-26
-26
-23
-23
-19
-14
-10
0
3
4
6
5
9
9
5
6
8
6
5
3
5
1
0
-8
-15
-13
-13
-16
-11
-7
-14
-10
-12
-14
-15
-16
-18
-18
-15
-14
-11
-8
-11
-9
-10
-16
-7
-5
-3
3
4
4
9
12
11
17
11
17
24
30
33
37
37
34
32
30
33
32
34
26
26
27
24
25
29
27
27
17
16
17
13
12
2
-1
-7
-11
-15
-22
-23
-28
-36
-39
-33
-29
-29
-32
-25
-22
-11
-5
-4
1
-8
-10
-1
6
5
9
4
7
5
4
2
3
6
7
7
11
15
11
9
3
5
0
-3
-4
-4
-4
-7
-13
-17
-22
-26
-31
-38
-42
-48
-51
-60
-60
-63
-70
-74
-72
-70
-67
-64
-61
-58
-53
-43
-40
-35
-30
-27
-23
-15
-9
3
14
23
27
33
42
46
45
52
59
62
67
60
63
61
60
57
53
56
52
51
50
43
42
43
44
45
42
40
41
40
35
34
35
34
33
32
29
23
22
21
22
20
15
14
17
16
16
14
7
-1
-7
-7
-9
-5
-10
-8
-9
-13
-19
-24
-30
-34
-30
-36
-34
-34
-38
-33
-39
-34
-31
-22
-23
-22
-21
-24
-24
-31
-34
-40
-42
-45
-42
-40
-44
-43
-41
-41
-39
-35
-29
-26
-18
-13
-11
-3
-6
-6
-7
-10
-11
-8
-1
-2
7
8
8
6
3
6
3
5
8
11
11
10
11
13
14
16
20
25
25
32
39
39
44
41
40
45
43
32
25
27
23
23
18
19
20
16
15
17
19
15
9
11
12
6
10
11
12
12
14
11
10
9
11
7
3
5
-3
-9
-23
-30
-40
-44
-40
-42
-45
-46
-48
-43
-42
-41
-40
-38
-40
-45
-38
-34
-33
-22
-18
-23
-14
-16
-15
-12
-7
4
8
13
8
10
12
12
17
22
19
22
27
21
21
27
21
25
24
26
30
27
34
36
32
38
38
39
41
42
41
35
31
27
25
20
14
13
11
7
5
0
-3
-12
-15
-13
-18
-25
-20
-15
-16
-14
-14
-12
-10
-8
-7
-2
0
3
0
-3
-4
-2
-3
-6
-6
-6
-7
-10
-11
-19
-27
-30
-36
-37
-31
-28
-22
-19
-20
-23
-27
-30
-33
-31
-28
-25
-20
-17
-18
-10
-9
-6
-9
-9
-11
-16
-14
-13
-10
-10
-13
-12
-7
-4
-8
-6
-7
-4
0
2
5
6
6
4
9
12
16
21
28
25
26
21
21
21
16
18
17
17
19
26
23
20
22
19
25
24
22
20
18
13
11
11
8
10
9
11
10
15
15
15
14
11
16
16
24
19
16
20
15
16
12
14
14
14
17
10
11
11
8
7
9
6
3
0
-1
2
-5
-9
-7
-10
-11
-17
-23
-27
-26
-25
-27
-25
-31
-31
-34
-32
-38
-37
-36
-38
-36
-45
-42
-43
-46
-43
-43
-42
-44
-39
-34
-34
-30
-28
-24
-22
-15
-6
-4
4
10
13
15
18
13
14
20
21
23
17
25
26
31
32
32
29
32
36
38
39
38
44
42
37
36
37
43
39
37
38
39
39
37
32
26
25
25
27
25
23
21
18
15
15
15
11
13
12
8
5
-1
-2
-1
-2
-8
-12
-11
-14
-16
-23
-27
-27
-25
-27
-29
-30
-32
-37
-39
-42
-45
-49
-52
-52
-57
-57
-56
-55
-56
-58
-59
-54
-52
-47
-45
-38
-39
-34
-30
-27
-23
-20
-18
-12
-11
-12
-8
-5
1
2
2
9
9
15
19
19
21
23
29
31
31
32
34
36
38
39
43
45
46
45
47
51
53
56
58
54
53
55
54
53
50
46
44
38
34
31
24
19
17
9
4
2
-6
-4
-9
-8
-7
-12
-13
-14
-13
-15
-20
-25
-31
-28
-31
-27
-23
-22
-19
-24
-23
-30
-27
-26
-26
-21
-21
-21
-21
-21
-22
-21
-23
-23
-20
-17
-12
-10
-11
-15
-17
-16
-15
-12
-8
-10
-11
-9
-6
-9
-8
-12
-13
-13
-15
-13
-15
-13
-8
-9
-8
-3
1
-3
-5
-4
-6
4
5
6
8
9
12
14
17
17
21
17
18
18
11
14
18
19
18
20
18
18
17
16
15
18
20
21
21
25
26
23
24
24
24
22
21
22
24
24
23
25
21
21
19
13
17
21
20
18
13
10
7
3
-4
-10
-11
-11
-11
-10
-14
-12
-16
-14
-12
-18
-19
-24
-22
-23
-26
-27
-31
-34
-32
-31
-34
-32
-33
-35
-32
-30
-31
-33
-30
-29
-27
-28
-25
-26
-24
-21
-20
-17
-15
-15
-17
-16
-12
-11
-8
-4
-2
1
2
6
8
8
9
9
7
8
8
14
12
12
14
16
20
20
24
22
27
34
39
42
41
40
39
39
35
38
40
39
39
38
37
33
31
26
27
22
20
19
18
18
15
14
12
6
0
-5
-6
-9
-11
-12
-15
-20
-20
-28
-30
-29
-32
-28
-27
-26
-21
-24
-25
-27
-28
-26
-27
-26
-24
-24
-27
-26
-25
-29
-24
-23
-23
-24
-23
-24
-23
-24
-27
-22
-19
-16
-14
-13
-7
-8
-7
-8
-3
2
2
12
11
12
14
12
17
16
17
19
21
22
21
24
23
29
28
31
30
30
29
25
23
19
20
17
16
16
16
13
12
11
8
5
6
3
3
-1
-5
-8
-5
-3
-3
-1
-5
-6
-5
-6
-8
-8
-11
-13
-12
-12
-14
-15
-18
-19
-18
-19
-18
-14
-15
-14
-12
-10
-9
-7
-7
-4
-6
-10
-11
-2
1
0
0
1
2
-1
-1
-1
2
4
7
9
10
11
9
11
10
9
7
7
6
4
3
5
1
0
1
4
7
9
8
5
6
7
8
10
14
14
15
16
15
15
12
12
10
10
9
5
2
-1
-2
-1
1
1
3
2
2
0
-2
-1
-3
-6
-8
-7
-10
-11
-16
-14
-19
-20
-23
-27
-24
-22
-17
-15
-13
-11
-8
-7
-6
-6
-10
-9
-9
-9
-7
-5
-3
-2
1
1
3
2
3
5
2
5
5
3
5
4
3
3
6
6
3
5
5
6
5
5
5
4
3
3
4
5
8
9
14
15
14
14
12
13
10
10
11
9
14
10
9
6
5
4
3
1
-1
1
-5
-7
-7
-8
-10
-9
-7
-5
-10
-11
-11
-11
-12
-13
-10
-11
-8
-5
-3
2
1
6
3
5
5
5
7
9
12
12
12
13
11
13
12
10
11
9
6
3
4
1
-1
0
-2
-1
-2
-1
2
1
1
2
0
-1
-4
-8
-9
-12
-13
-16
-17
-16
-18
-18
-20
-22
-22
-26
-23
-25
-27
-27
-30
-28
-27
-24
-20
-18
-15
-13
-13
-11
-13
-12
-7
-4
0
3
9
12
13
12
13
14
14
15
16
17
16
19
18
21
21
20
20
19
18
16
17
17
16
15
15
16
18
19
22
23
22
21
22
16
14
15
13
15
16
14
13
13
13
9
12
10
7
7
4
6
1
0
-4
-5
-3
-7
-7
-4
-8
-6
-7
-7
-8
-8
-9
-12
-13
-12
-10
-12
-14
-14
-19
-19
-18
-19
-19
-19
-21
-23
-22
-23
-22
-23
-24
-24
-21
-21
-18
-15
-13
-12
-14
-13
-12
-10
-10
-7
-6
-6
-1
-1
0
2
1
4
5
8
10
13
14
18
15
16
17
15
13
11
13
9
11
9
8
5
2
2
-1
0
4
3
6
4
3
6
3
6
4
5
6
6
8
7
7
8
7
7
8
5
6
3
3
2
1
7
9
8
6
1
0
-5
-4
-6
-7
-2
-2
-4
1
1
2
1
2
5
4
5
5
6
7
8
8
7
7
8
6
6
8
6
6
2
-1
-1
-3
-4
-4
-5
-5
-7
-8
-4
-5
-4
-5
-5
-1
-1
0
-1
-2
-2
-2
-2
-1
-1
-1
-5
-7
-8
-7
-8
-9
-8
-9
-9
-11
-13
-15
-13
-11
-12
-10
-8
-4
-6
-3
-3
-3
-1
0
2
3
5
4
2
3
2
3
5
4
7
7
6
6
6
5
4
4
4
3
1
0
-1
0
-2
-2
-3
0
1
-1
0
-2
-1
-4
-3
-4
-3
-3
-6
-3
-3
-5
-2
-3
-1
-2
-3
-3
-2
-3
-5
-5
-4
-7
-11
-9
-13
-13
-15
-13
-14
-13
-13
-14
-10
-8
-5
-6
-6
-6
-3
-1
1
4
7
4
6
6
5
6
7
10
10
14
16
20
19
21
24
24
24
24
26
24
25
26
26
26
24
23
22
20
17
18
19
18
17
18
15
15
18
16
13
11
8
5
2
3
4
1
3
1
-5
-5
-9
-10
-9
-13
-11
-13
-16
-16
-18
-21
-23
-25
-26
-25
-24
-25
-23
-22
-25
-23
-23
-22
-21
-19
-17
-19
-19
-20
-22
-22
-22
-18
-18
-17
-17
-17
-13
-12
-11
-3
-5
-10
-8
-4
7
-1
-8
0
7
13
8
5
5
18
19
15
15
17
18
16
16
17
16
16
18
16
16
13
13
17
16
15
11
10
19
18
15
14
13
14
12
8
1
0
3
2
-2
-3
0
-1
0
-2
-4
-3
-1
-2
-4
-6
-5
-3
-7
-7
-8
-11
-14
-11
-13
-16
-17
-13
-9
-12
-12
-13
-12
-11
-10
-13
-12
-8
-11
-10
-13
-11
-10
-10
-9
-11
-12
-11
-6
-3
-3
-1
-2
-1
2
1
1
-1
0
0
2
4
2
4
6
5
6
6
5
11
15
14
13
10
13
15
15
16
15
18
17
16
16
16
18
18
21
21
22
21
17
17
17
17
15
16
15
14
13
11
9
6
2
-2
-2
-6
-7
-7
-9
-9
-12
-12
-13
-13
-12
-11
-7
-11
-9
-7
-7
-8
-11
-13
-9
-8
-7
-6
-7
-6
-5
-6
-6
-7
-8
-6
-7
-8
-9
-8
-8
-12
-11
-13
-12
-13
-16
-15
-14
-16
-18
-15
-16
-16
-14
-13
-13
-10
-13
-10
-10
-8
-7
-7
-7
-3
-1
0
0
1
4
3
4
5
4
5
6
8
9
8
8
11
11
10
15
15
16
16
15
16
15
14
13
14
11
13
12
12
10
11
14
10
11
11
11
10
9
11
11
10
12
13
11
10
8
11
10
8
6
6
2
1
3
2
-1
0
0
-3
-2
-1
-4
0
2
-2
-5
-6
-7
-8
-8
-7
-3
-7
-8
-10
-10
-9
-10
-10
-10
-9
-7
-10
-8
-10
-15
-13
-13
-15
-17
-18
-19
-21
-21
-23
-25
-24
-24
-26
-28
-26
-24
-24
-20
-14
-15
-9
-7
-8
-4
-1
3
7
7
12
14
11
13
14
16
17
17
22
23
24
22
22
21
18
18
18
18
21
22
19
18
16
14
13
11
12
12
12
10
11
12
14
14
12
9
11
6
5
3
0
0
-3
-5
-8
-7
-9
-8
-7
-9
-9
-10
-7
-9
-7
-7
-6
-8
-8
-7
-8
-8
-7
-8
-10
-13
-12
-12
-12
-11
-10
-9
-10
-10
-11
-10
-9
-11
-12
-11
-11
-9
-6
-4
-2
0
0
2
1
2
4
1
2
1
1
1
1
4
6
4
4
4
4
5
9
10
12
13
11
11
7
9
8
8
8
8
8
7
9
6
4
3
2
3
0
0
1
1
3
3
4
3
5
2
3
1
3
0
-3
-1
0
-4
-2
-3
-1
-3
-5
-3
-3
-1
0
-1
-1
2
0
-4
-4
-5
-4
-4
-5
-7
-4
-3
-4
-3
-3
-3
-3
-3
-1
-1
-2
-4
-1
0
-1
0
-2
1
2
-1
-2
-1
-2
-1
-2
-3
-2
0
-2
-2
-1
1
1
2
1
0
1
2
2
1
2
-2
-1
-1
-4
-4
-2
0
1
0
3
4
3
5
6
4
7
7
9
9
9
9
6
6
7
3
2
1
0
0
1
1
-1
0
-3
-4
-5
-5
-5
-8
-5
-6
-4
-5
-7
-7
-5
-7
-8
-7
-8
-8
-5
-6
-4
-2
-5
-4
-6
-6
-6
-5
-5
-5
-6
-6
-6
-7
-6
-8
-8
-7
-6
-4
-4
-6
-5
-5
-4
-2
-4
-5
-1
0
-1
0
1
4
5
6
9
11
10
11
11
11
13
15
15
12
12
13
11
9
9
10
11
13
13
12
11
11
9
9
9
9
10
9
7
7
6
6
5
4
5
3
5
4
4
5
3
3
2
1
0
1
0
1
-1
-1
0
-2
-4
-6
-7
-7
-8
-11
-12
-13
-12
-10
-9
-7
-9
-7
-5
-5
-7
-7
-9
-6
-7
-9
-9
-10
-10
-10
-9
-7
-7
-9
-9
-8
-6
-8
-6
-8
-10
-10
-9
-9
-10
-9
-8
-8
-9
-7
-4
-3
-2
-1
1
3
2
3
5
6
6
4
5
4
5
5
5
4
3
6
4
3
4
4
4
4
7
4
3
5
5
7
8
8
9
9
10
8
11
11
12
14
14
15
13
14
12
11
11
9
7
5
6
6
5
6
6
6
6
2
5
3
0
-1
-2
-1
-2
-3
-2
-2
-4
-3
-3
-3
-4
-4
-2
-2
-2
-3
-3
-5
-3
-2
-4
-7
-6
-7
-10
-9
-10
-11
-12
-11
-12
-14
-14
-13
-13
-11
-7
-6
-10
-9
-9
-9
-7
-8
-8
-7
-6
-3
-4
-3
-3
-2
-1
-1
3
4
2
4
4
6
4
7
5
7
7
7
10
9
11
11
7
7
9
5
5
4
6
5
5
5
3
4
3
2
3
1
1
3
2
1
0
0
0
1
0
1
0
-3
-3
-3
-4
-5
-4
-4
-4
-3
-3
-4
-2
-3
-2
-2
-1
-1
-3
-3
-2
-3
-3
-1
-2
-1
1
1
0
1
1
1
-1
1
0
3
3
2
1
0
-2
-3
-4
-4
-3
-5
-5
-4
-2
-1
-1
-2
-1
2
3
4
4
4
5
5
5
2
5
4
4
2
3
3
2
6
2
1
1
1
0
3
1
3
3
3
4
2
4
3
3
4
4
4
3
0
1
1
1
1
-1
0
-1
1
2
1
0
-2
-2
-3
-4
-5
-5
-3
-5
-5
-5
-3
-2
-3
-2
-1
1
1
0
-1
0
2
0
-1
0
-1
-1
-1
-4
-2
-4
-7
-6
-7
-7
-6
-6
-5
-5
-6
-5
-6
-5
-4
-5
-3
-5
-3
-2
-3
-1
-1
0
2
3
3
3
4
6
6
7
7
7
9
7
7
6
7
7
8
10
10
8
8
8
9
8
7
7
5
4
6
7
8
6
6
5
5
5
5
6
3
3
1
1
0
-1
-2
-3
-4
-3
-4
-4
-3
-6
-4
-3
-4
-5
-7
-8
-9
-8
-7
-9
-9
-10
-13
-12
-14
-16
-14
-14
-11
-10
-8
-9
-8
-8
-9
-7
-6
-5
-6
-5
-5
-6
-4
-2
-3
-2
-2
-1
-1
-2
-1
0
0
2
2
2
1
0
2
3
2
5
5
7
6
6
8
9
11
11
12
12
11
14
13
10
9
12
11
11
10
10
10
8
8
6
6
6
5
3
1
2
-1
1
0
2
1
2
2
2
4
3
1
1
2
1
0
2
1
0
0
-2
-1
-1
-3
-4
-7
-9
-10
-11
-11
-13
-14
-14
-14
-15
-13
-12
-11
-10
-10
-7
-7
-7
-7
-7
-5
-5
-5
-4
-2
-3
-2
-1
0
-1
-1
-2
-1
-2
-1
0
0
-2
-1
0
1
1
1
1
0
2
5
5
4
5
4
5
6
5
6
7
9
9
9
10
10
8
8
8
6
7
6
8
7
7
8
6
7
6
7
6
5
5
4
2
0
1
-2
-2
-4
-5
-5
-7
-6
-5
-5
-5
-6
-4
-6
-6
-4
-5
-5
-3
-2
-1
-1
2
2
2
4
3
4
2
1
1
1
-1
-1
-2
-3
-2
-5
-3
-5
-6
-7
-6
-4
-5
-5
-4
-3
-3
-2
-1
0
-1
2
2
1
2
2
3
3
3
4
4
4
4
4
3
3
0
0
-2
-1
-2
-6
-6
-7
-6
-4
-5
-6
-5
-5
-2
-1
1
2
3
4
4
2
4
5
6
4
5
4
4
3
3
2
2
1
0
1
0
2
-1
1
1
1
1
0
1
1
1
0
2
2
2
1
2
2
1
0
0
1
-1
-1
-1
-2
-3
-3
-4
-3
-2
-2
-3
-4
-2
-3
-2
-2
0
0
-1
-2
-3
-2
-2
-2
0
-1
1
0
-2
-2
-1
-2
-4
-6
-6
-6
-7
-7
-7
-6
-4
-3
-2
-1
0
0
0
0
2
3
4
4
5
6
7
8
7
8
9
9
9
8
8
10
8
8
6
5
5
5
4
4
4
3
3
3
3
1
0
0
0
-1
-1
-1
-1
0
-2
-2
-1
-2
-3
-6
-5
-5
-7
-6
-7
-8
-9
-9
-7
-7
-8
-7
-8
-7
-8
-7
-5
-6
-4
-5
-5
-4
-5
-5
-5
-5
-7
-4
-3
-3
-1
-2
-2
-3
-3
-3
-2
-1
-1
0
-1
0
0
1
4
4
6
7
6
5
8
8
8
7
8
7
7
7
8
5
7
8
5
7
7
6
7
7
8
7
6
4
5
5
4
4
6
5
6
5
6
7
6
5
3
4
3
2
1
0
2
-2
-1
-3
-4
-4
-5
-6
-6
-6
-7
-6
-6
-4
-6
-5
-5
-5
-4
-5
-3
-2
-2
-2
-2
-3
-3
-4
-6
-7
-7
-7
-5
-5
-6
-4
-5
-5
-5
-5
-6
-7
-6
-5
-8
-6
-4
-5
-3
-3
-4
-4
-5
-4
-2
-1
0
0
2
1
0
1
0
0
-1
-1
0
0
0
3
3
4
3
4
4
4
5
7
8
10
8
7
7
8
7
6
5
5
5
4
4
3
4
3
3
3
2
2
3
3
3
2
3
1
1
-1
1
1
3
3
2
0
1
1
-1
2
0
0
-1
-2
-2
-2
-3
-3
-4
-5
-4
-4
-6
-5
-4
-5
-4
-2
-1
-1
-1
1
1
1
1
2
2
2
1
1
0
1
1
0
1
1
2
2
1
1
-1
0
-1
-1
-1
-2
-2
-2
-4
-3
-1
-2
-2
-1
-2
-1
-2
-3
-3
-3
-2
-4
-4
-4
-5
-4
-4
-3
-3
-2
-2
-1
2
1
1
0
0
0
2
1
3
4
2
2
1
1
0
0
3
3
2
1
1
2
2
3
3
3
3
3
4
4
3
3
2
0
-1
-1
-1
0
0
2
1
0
2
0
0
-1
-2
-2
-2
-2
-2
-2
-3
-3
-4
-5
-4
-5
-6
-5
-5
-4
-5
-6
-4
-5
-6
-5
-4
-3
-3
-1
-2
-1
-1
0
1
1
1
2
2
1
2
1
3
3
5
6
6
6
7
7
9
8
8
9
9
9
8
9
7
8
7
7
6
6
6
5
5
4
4
3
1
3
2
1
2
2
3
3
3
3
3
0
1
1
0
-1
-3
-3
-4
-4
-3
-4
-3
-3
-3
-4
-7
-6
-7
-8
-9
-7
-9
-8
-7
-7
-8
-7
-8
-10
-8
-8
-8
-8
-8
-9
-8
-9
-6
-6
-6
-5
-4
-2
-3
-1
0
-1
0
1
0
1
1
1
0
1
3
3
2
4
2
1
2
3
3
4
5
4
5
5
7
6
6
5
6
6
4
6
5
6
6
4
5
3
3
3
3
2
3
3
4
2
2
0
0
0
-1
0
-2
-1
0
-1
0
0
0
0
0
1
-1
-1
-1
0
0
-2
-3
-3
-3
-3
-4
-4
-5
-5
-5
-5
-5
-5
-3
-2
-3
-1
-2
-1
-1
-1
0
1
0
0
0
-2
-3
-3
-4
-2
-3
-3
-1
-1
-2
0
1
0
1
0
1
0
1
2
0
0
2
3
3
3
3
4
5
6
8
7
7
7
8
7
7
5
5
4
3
4
3
4
3
4
2
1
2
0
0
1
1
1
1
0
1
0
0
-1
0
0
-1
1
1
0
1
0
0
-2
-3
-2
-4
-5
-6
-6
-6
-6
-7
-7
-8
-6
-6
-6
-5
-5
-4
-2
-3
-1
-2
-2
-3
-2
-1
-1
-3
-3
-2
-2
-1
-2
-2
-1
-1
-2
-1
0
0
-1
-1
0
1
1
2
2
0
0
1
1
1
3
4
4
3
4
4
3
2
2
3
2
1
2
2
2
2
-1
-1
-1
-1
-1
-2
0
1
-1
-1
-1
-1
-1
0
1
0
0
0
0
0
0
0
0
-1
1
3
2
2
1
1
3
2
3
4
3
3
1
2
3
3
2
2
1
-1
0
2
1
0
1
-1
1
0
1
2
1
1
1
0
0
-1
-2
-1
-2
-2
-2
-1
-4
-2
-2
-3
-2
-2
-2
-3
-2
-3
-2
-3
-2
-2
-2
-1
-1
1
1
2
2
3
3
3
3
3
1
2
2
3
1
2
2
2
1
2
1
1
2
2
1
1
0
1
0
-1
1
0
-1
-1
-1
0
-2
0
-1
-1
0
0
0
0
-1
-1
-2
-3
-5
-5
-4
-6
-7
-7
-6
-8
-7
-8
-7
-4
-5
-5
-3
-3
-2
-3
-2
-2
-3
-3
-3
-2
-2
-3
-3
-3
-2
-1
-2
-1
1
2
2
1
1
2
2
1
2
4
4
4
5
6
6
7
6
5
5
6
6
5
5
6
4
4
5
6
5
5
5
6
5
5
5
5
5
4
3
3
3
3
3
2
2
1
0
1
0
0
0
0
-1
-2
-2
-2
-3
-3
-2
-2
-2
-2
-2
-1
-1
-1
0
0
-1
-1
-2
-1
0
1
0
-1
-1
-1
-1
-2
-4
-3
-4
-4
-4
-3
-3
-5
-5
-4
-3
-5
-3
-4
-3
-3
-2
-1
-3
-2
-3
-2
-2
-2
-2
-2
-1
0
0
0
0
1
0
-1
0
-1
0
0
-1
-1
-1
-1
0
0
0
0
0
0
0
0
-1
-2
-1
-1
-3
-2
-2
-1
1
1
2
3
2
3
2
4
2
2
2
2
3
3
2
3
1
1
1
-1
0
-1
-1
-1
1
1
1
3
2
3
2
3
2
1
2
1
1
0
0
-1
0
-1
0
1
1
1
2
1
2
1
1
2
2
2
2
1
0
0
-1
-1
-2
-1
0
1
0
0
0
0
-1
0
-1
-1
-1
0
0
0
1
