-2
-1
-1
-2
-1
-1
-1
-3
-2
-2
-2
-2
-3
-3
-4
-2
-3
-2
-2
-4
-2
0
0
1
-2
-1
-1
-1
-1
-1
0
0
-1
0
-1
-1
-1
-2
-3
-1
-1
-1
-1
-1
0
0
2
1
2
2
3
4
3
3
3
3
3
3
3
4
3
3
3
3
2
1
0
1
1
1
1
1
1
0
0
0
0
0
1
-1
1
2
1
2
1
2
1
1
1
0
1
2
2
2
1
0
0
2
1
1
1
-1
-1
-2
-1
-1
-1
-3
-2
-2
-2
-2
-2
-1
-3
-2
-2
-3
-3
-3
-2
-2
-1
0
-1
-1
-1
-1
0
-2
-1
-1
0
-2
-2
-1
-1
-1
-1
-1
-2
-1
0
0
0
1
1
2
1
0
1
0
0
2
1
1
1
1
2
1
1
1
0
0
0
0
1
1
2
0
0
0
0
0
-1
1
2
1
1
2
1
1
0
-1
-2
0
-1
0
0
0
0
0
1
0
1
0
1
2
2
2
1
0
0
0
0
0
-1
-1
-3
-2
-2
-1
-1
-1
-2
-1
-2
-1
-1
-1
-2
-1
0
0
0
-1
-1
-1
0
0
0
0
1
1
2
3
3
3
3
4
2
2
1
2
1
1
2
2
3
0
1
1
2
1
0
1
1
0
0
1
1
1
0
0
0
-1
-1
-2
-2
-2
-2
-1
-1
-1
-2
0
-1
-2
-2
0
0
0
1
0
-1
-1
0
1
0
0
0
-1
0
-2
-1
0
-1
-1
-1
0
0
-1
-1
1
1
0
0
1
1
0
1
1
0
0
0
-1
0
-1
0
-1
-1
-2
0
-1
-1
-2
-1
-1
0
-2
0
-1
-3
-2
-3
-2
-2
-2
-2
0
-1
0
0
1
-1
-1
-1
-1
0
0
-1
-1
-1
-2
-1
-2
-2
-2
-1
-1
0
0
1
1
0
0
1
1
1
2
2
2
2
1
2
2
3
3
3
3
3
2
3
3
2
3
2
2
3
3
3
2
2
2
2
1
2
1
2
4
4
3
2
1
1
2
2
2
2
1
1
1
1
1
-1
-1
0
-1
0
0
-1
0
-1
-1
-2
-2
-1
-3
-3
-2
-2
-3
-2
-4
-4
-2
-3
-2
-2
-2
-2
-2
-2
-1
-3
-1
-2
-2
-1
-2
-3
-2
-2
-1
-1
-2
-1
-2
0
1
0
0
-1
-1
-1
0
0
0
1
1
1
2
1
1
1
2
2
3
2
1
1
0
2
2
2
2
1
1
1
0
1
-1
-1
-1
-3
-1
-2
-1
-1
-1
0
-2
-2
-3
-2
-1
-1
-1
1
0
1
2
1
1
1
0
0
0
1
1
2
1
0
1
1
1
2
1
1
2
1
1
1
1
2
0
-1
0
1
0
0
-1
1
1
0
1
2
0
2
2
2
2
1
2
1
1
1
1
1
1
2
3
3
3
1
1
-1
-1
-1
-1
-1
-1
-1
-1
0
1
0
0
1
0
0
1
0
0
0
0
1
0
0
0
-1
-1
-1
-1
-1
-2
-2
-3
-2
-3
-2
-2
-3
-3
-2
-2
-3
-3
-3
-3
-3
-3
-2
-2
-3
-3
-2
-3
-3
-2
-1
0
-1
0
0
1
2
2
2
1
0
2
3
2
2
1
2
0
1
1
2
1
1
2
3
2
0
0
-1
-1
-2
-1
-2
-1
-2
-1
0
-1
0
0
0
0
0
0
-1
0
0
0
0
0
0
0
-1
0
0
0
0
0
1
0
0
0
1
1
2
1
2
1
0
1
2
0
1
1
1
0
0
2
1
0
1
1
1
0
1
0
1
1
1
1
0
-1
0
0
0
-1
-1
-1
-2
0
-1
-1
-3
-2
-2
0
1
0
0
1
2
2
3
1
1
1
1
1
1
-1
-2
-1
-2
-2
-1
-3
-3
-3
-2
-2
-1
-1
-1
-1
-2
0
-1
-1
-2
-2
-1
-1
-1
0
0
1
0
1
0
1
1
0
1
0
0
0
1
1
2
2
0
0
0
0
1
1
1
1
1
1
1
2
1
3
2
2
0
2
2
1
2
2
3
1
2
2
1
0
1
1
0
1
0
0
0
0
0
-2
-2
-2
-1
-1
-1
-2
-3
-1
-1
0
-2
-1
-1
-2
1
0
-1
0
0
-1
1
0
-2
-2
-3
0
-1
-1
-1
-2
-1
-2
0
0
-2
-2
-2
0
1
1
2
1
1
1
1
1
2
1
1
0
2
4
2
2
1
1
0
1
1
0
0
1
0
0
1
-1
0
0
1
1
0
1
-1
-2
1
1
0
0
-3
1
0
-3
-3
-1
-4
-2
-1
0
-2
-3
0
0
-1
-1
0
1
0
0
2
0
-2
-3
-1
0
-3
-2
-1
-1
-1
1
1
0
0
0
0
1
2
2
1
1
-1
-1
-1
1
-1
-2
3
1
-1
0
1
2
0
2
3
1
-1
1
1
-2
2
2
-1
0
2
1
-1
1
0
-1
2
3
1
0
1
2
0
-1
2
2
2
-1
0
2
0
-2
1
-1
-1
0
2
1
-1
1
-2
-1
1
-1
0
1
2
2
1
0
1
0
-2
1
1
-3
-2
-2
0
-3
1
3
1
-1
-2
0
-3
0
2
1
-2
0
-1
-3
-4
0
1
-3
-2
2
-3
-5
2
3
-1
-2
0
0
-1
1
4
1
-1
2
2
0
-1
1
-2
0
1
1
0
-2
0
-1
-2
-1
1
0
-3
0
0
1
-2
-3
1
0
-1
0
2
-2
-4
0
3
-4
-3
1
-3
-4
-2
6
-1
-6
4
4
-7
-6
9
1
-10
1
10
-4
-14
7
8
-12
-4
16
0
-14
10
16
-7
-5
19
4
-17
9
18
-10
-12
18
12
-18
0
26
-4
-19
16
19
-22
-9
25
-3
-29
12
26
-26
-16
32
4
-31
15
29
-24
-18
34
11
-33
7
37
-22
-29
33
12
-41
3
41
-23
-32
36
13
-45
7
39
-27
-29
36
14
-44
4
39
-26
-33
37
13
-48
4
43
-28
-33
45
11
-48
12
41
-31
-23
44
3
-44
22
38
-32
-16
42
-5
-43
24
34
-36
-18
48
-8
-45
33
29
-49
-10
52
-19
-42
37
22
-49
-2
51
-28
-34
36
10
-49
3
44
-26
-31
35
8
-48
4
37
-26
-31
32
13
-45
-1
41
-23
-29
34
9
-40
4
29
-16
-23
20
17
-31
-6
34
-6
-31
21
24
-28
-7
39
-2
-31
18
23
-24
-10
31
0
-26
8
23
-10
-21
30
6
-35
15
28
-21
-18
45
-6
-27
28
21
-36
12
24
-21
-1
26
-14
-2
10
-10
5
1
5
-4
16
-11
2
6
1
-20
15
8
-21
9
12
-16
-7
21
-13
-8
18
-1
-18
12
13
-25
4
20
-22
-7
24
-11
-20
21
8
-27
14
22
-28
4
32
-27
-2
29
-30
-5
28
-25
-12
42
-22
-18
34
-8
-43
29
14
-50
15
33
-43
-2
32
-26
-7
24
-13
-6
21
-13
-2
25
-11
-18
31
-1
-32
23
19
-37
0
33
-19
-9
23
-1
-7
5
0
1
4
-12
3
15
-18
-13
18
-1
-25
7
14
-17
-12
16
-3
-15
1
8
0
-8
1
10
1
-17
6
14
-9
-15
10
7
-21
-4
25
-11
-16
14
18
-18
-8
30
-4
-20
17
21
-11
-6
14
12
-10
-3
26
8
-22
5
33
-20
-24
28
9
-35
8
37
-27
-13
26
-6
-22
-2
10
-1
-19
-4
20
-8
-34
22
22
-39
-19
55
-18
-51
47
22
-60
10
42
-19
-23
11
33
-29
-32
44
13
-58
15
36
-29
-33
28
28
-43
-17
61
-12
-52
35
48
-59
-11
65
-7
-54
31
46
-43
-17
54
10
-37
7
41
-11
-37
33
29
-33
-12
44
5
-44
8
45
-30
-30
54
17
-62
20
42
-41
-27
49
9
-51
23
29
-26
-15
25
7
-24
-3
26
-5
-32
24
4
-21
1
2
5
-13
-9
23
-16
-28
26
-8
-23
12
-3
-5
-9
-5
22
-22
-10
35
-9
-26
34
7
-38
20
21
-29
-6
27
-15
-26
22
12
-35
4
31
-28
-33
40
8
-49
10
45
-36
-41
65
11
-77
31
73
-69
-35
92
-8
-88
51
68
-79
-28
100
-15
-89
70
50
-77
-14
73
-8
-73
48
54
-63
-21
82
-5
-82
53
54
-83
-10
84
-32
-65
61
29
-60
6
59
-17
-48
46
21
-55
4
48
-20
-34
32
22
-52
-14
54
-28
-49
60
13
-65
21
49
-38
-33
49
13
-54
11
57
-41
-37
55
9
-77
28
58
-66
-28
75
-9
-79
54
53
-74
-19
82
-20
-76
53
54
-83
-13
94
-28
-75
71
39
-96
-2
100
-61
-72
109
16
-110
60
91
-110
-19
131
-46
-97
106
42
-125
36
108
-99
-51
115
-15
-111
62
78
-100
-15
118
-42
-86
97
25
-109
43
83
-91
-13
101
-45
-53
68
14
-62
14
51
-40
-33
61
-12
-63
44
33
-69
6
56
-44
-28
55
10
-73
21
51
-64
-18
79
-36
-57
61
15
-77
21
62
-64
-26
78
-19
-70
55
34
-77
10
75
-41
-48
68
9
-71
31
53
-55
-34
70
-9
-69
47
44
-79
-3
76
-56
-50
78
-7
-84
49
59
-84
-18
90
-43
-86
80
32
-121
34
98
-99
-52
116
-18
-125
85
73
-125
-11
151
-71
-96
140
32
-147
54
117
-110
-43
143
-3
-125
83
96
-112
-26
134
-23
-105
94
77
-135
31
132
-98
-57
122
-15
-119
89
65
-114
4
104
-86
-37
125
-28
-75
88
25
-110
60
74
-114
5
123
-83
-68
130
-25
-117
63
80
-112
-36
142
-59
-134
151
35
-156
77
108
-144
-30
151
-68
-110
130
19
-164
73
99
-156
-4
150
-102
-63
152
-21
-121
114
55
-133
42
125
-108
-47
137
-34
-102
108
26
-125
62
67
-120
10
92
-91
-31
113
-64
-78
108
-22
-108
92
38
-133
38
95
-118
-23
143
-56
-121
125
23
-149
60
96
-122
-21
122
-64
-83
88
19
-129
66
76
-136
27
112
-123
-11
114
-69
-69
146
-61
-97
125
-8
-124
83
55
-132
12
112
-100
-65
134
-40
-108
105
15
-136
72
70
-116
22
97
-77
-53
107
-14
-101
89
51
-139
54
115
-140
-3
162
-82
-91
213
-40
-144
173
40
-191
121
120
-171
10
199
-123
-89
246
-45
-169
167
105
-238
88
183
-170
-33
200
-55
-163
185
31
-202
111
129
-215
46
156
-142
-62
195
-97
-112
147
16
-181
128
100
-216
73
132
-176
-5
168
-119
-103
166
-37
-147
142
-10
-133
89
40
-133
57
83
-159
10
150
-155
-28
197
-107
-150
246
-53
-228
250
39
-266
170
132
-254
53
211
-214
-62
239
-163
-160
263
-32
-222
244
27
-272
145
122
-235
70
192
-174
-35
208
-75
-167
171
33
-237
150
123
-248
68
170
-176
-44
202
-110
-100
133
-38
-93
77
4
-56
8
71
-72
-3
89
-89
-27
101
-85
-34
79
-9
-86
63
48
-132
27
105
-144
11
159
-138
-23
165
-87
-162
234
-56
-258
261
51
-339
232
170
-376
97
283
-309
-39
346
-155
-185
326
-56
-226
222
61
-200
98
180
-235
2
255
-191
-101
289
-54
-251
325
31
-267
229
138
-240
50
255
-275
-40
312
-224
-128
308
-118
-186
236
-22
-172
119
95
-165
39
171
-184
15
147
-134
-65
206
-183
-62
217
-218
-69
212
-110
-179
285
-92
-281
324
28
-366
278
195
-405
147
327
-396
54
322
-265
-78
305
-177
-146
288
-125
-175
220
-50
-181
183
15
-197
100
109
-210
8
226
-201
-126
356
-186
-269
423
-106
-367
321
57
-382
177
176
-289
-12
268
-175
-188
335
-112
-281
288
-5
-258
122
156
-271
31
246
-237
-49
277
-233
-38
258
-136
-185
290
-22
-314
331
62
-370
225
248
-499
236
341
-502
135
490
-546
75
442
-371
-109
388
-156
-246
377
-66
-304
330
50
-346
265
189
-434
229
308
-421
95
385
-327
-57
415
-235
-112
293
-32
-311
363
43
-389
294
166
-396
128
328
-372
17
267
-107
-277
335
-3
-423
367
44
-428
290
161
-472
152
313
-416
42
265
-204
-158
361
-186
-182
354
-112
-287
290
97
-439
234
212
-395
13
317
-267
-208
439
-231
-249
330
36
-375
191
316
-507
143
423
-422
-74
480
-335
-114
366
-150
-267
375
-44
-391
336
172
-515
297
217
-406
133
287
-341
11
302
-220
-122
393
-202
-196
386
-95
-289
326
41
-263
111
171
-165
-136
310
-179
-162
335
-202
-131
327
-177
-122
156
107
-248
71
241
-281
0
269
-249
-25
253
-167
-150
279
-107
-219
275
-46
-114
40
154
-202
44
149
-229
84
129
-226
39
218
-222
-56
284
-182
-161
390
-176
-264
449
-37
-521
612
-72
-456
364
211
-483
95
488
-485
-92
597
-388
-276
644
-247
-359
554
-188
-276
303
-13
-228
80
186
-307
131
69
-158
38
141
-128
-111
252
-107
-199
253
-33
-168
34
213
-330
76
199
-262
-5
258
-150
-238
382
-47
-401
362
69
-429
359
22
-192
12
245
-194
-120
368
-304
-18
287
-165
-57
201
-10
-234
194
79
-223
33
262
-236
-56
387
-316
19
221
-144
-137
198
76
-285
216
73
-174
-37
247
-193
-142
372
-294
-1
187
-104
-115
104
63
-120
-84
219
-108
-144
215
-41
-174
153
88
-353
339
-174
-8
85
-204
297
-216
-107
447
-416
14
302
-304
47
137
-133
41
53
-55
113
-182
198
-16
-156
247
-111
-86
220
-138
-91
290
-217
5
108
2
-105
7
208
-171
-86
360
-208
-184
462
-248
-243
448
-129
-306
333
45
-299
124
190
-137
-146
259
13
-360
316
75
-442
311
207
-473
106
409
-373
-237
616
-254
-371
454
-54
-273
128
129
-208
-53
281
-211
-168
356
-163
-239
298
12
-276
138
98
-168
21
9
36
-74
-36
74
-57
-24
14
39
-111
74
10
-75
-50
155
-49
-140
191
100
-233
80
165
-91
-152
185
33
-155
46
128
-102
-85
291
-193
-136
350
-143
-279
420
-6
-337
300
50
-140
51
49
87
-174
65
205
-284
85
280
-381
66
297
-319
6
264
-199
-29
172
-168
135
30
-225
208
50
-311
190
221
-333
42
252
-213
-103
182
-18
-268
240
66
-344
254
95
-324
100
242
-282
-17
261
-173
-92
181
53
-268
173
120
-352
220
86
-149
-105
286
-148
-193
293
2
-205
61
214
-220
-32
229
-145
-74
125
54
-151
84
85
-149
11
171
-127
-49
110
-11
-127
79
109
-117
-59
128
37
-193
130
90
-256
92
212
-246
20
182
-85
-175
203
95
-289
78
219
-254
-97
297
-133
-205
285
-41
-226
181
51
-281
128
156
-239
-5
180
-127
-196
207
23
-244
153
81
-168
40
99
-101
-24
91
-26
-104
47
85
-99
-54
140
13
-115
46
37
-28
-62
4
117
-17
-99
130
36
-102
83
60
-59
75
-5
7
22
-13
19
-20
-2
44
-2
-98
60
82
-169
61
58
-55
-12
11
33
23
-25
27
15
-24
70
-13
-87
201
-36
-115
151
46
-115
-34
87
-52
-14
-45
83
35
-65
14
95
-52
-12
37
-78
69
-15
-38
33
57
16
-16
-28
71
-49
-37
41
0
23
-36
-6
45
-16
-105
96
32
-132
56
40
-126
82
53
-58
-31
58
-15
-67
22
47
-50
-38
21
-16
-29
-48
-2
15
-10
-58
-16
-8
-38
-16
-13
75
-45
-53
58
-17
-85
-21
56
-81
-31
129
-74
-74
114
-93
-67
121
-2
-92
1
69
-27
-75
139
-10
-97
120
16
-50
93
-46
-6
44
-23
29
2
-26
25
-6
-27
24
27
-62
9
45
56
-38
4
48
6
-85
76
99
-141
57
109
-39
-13
102
-53
-28
87
-9
-54
60
46
-73
-57
163
23
-142
135
65
-115
70
41
-85
25
35
-78
31
111
-97
-62
42
-27
-70
-10
35
-26
-10
45
11
-43
37
-6
-82
71
48
-44
6
55
1
-76
57
40
-63
-25
9
6
-57
-45
65
-61
-80
46
10
-81
57
30
-86
30
47
-65
55
56
-91
14
84
-42
-50
91
-20
-104
66
22
-126
32
120
-136
-43
169
-39
-92
114
77
-142
46
110
-116
-3
88
-64
-51
90
-5
-151
66
23
-164
20
88
-136
-5
77
-88
-24
84
-59
-55
73
-19
-24
32
56
23
-35
46
65
-81
1
58
-67
-11
36
-29
-43
-42
8
-55
-28
35
-37
12
30
-18
-9
40
29
11
26
45
-53
41
105
-74
48
123
-40
32
166
55
-70
134
77
-48
114
87
-36
28
53
-79
10
48
-36
-60
60
-4
-147
-26
23
-142
-34
116
-101
-59
136
-119
-141
85
-60
-122
57
82
-90
-30
93
-138
-163
43
-122
-155
72
-29
-158
104
35
-170
39
78
-104
-6
138
-46
-42
137
1
2
127
78
-3
98
65
-61
53
100
-52
11
80
-29
-36
4
-9
-102
34
19
-97
31
40
-95
-42
37
-13
-24
15
63
34
29
86
81
73
59
80
97
51
72
78
43
5
66
88
-26
-34
44
-53
-160
64
-16
-192
6
63
-139
-17
121
-90
-124
38
-9
-130
21
-4
-162
14
24
-135
-44
66
-93
-133
-17
-63
-120
-62
38
-48
-80
29
-15
-6
18
43
19
7
74
47
48
105
127
78
53
103
48
-35
109
9
-123
50
-18
-125
24
-3
-176
-6
-2
-79
-14
56
-2
-48
104
128
6
132
232
62
187
254
102
121
197
139
67
140
171
-28
9
55
-75
-66
-18
-169
-224
-104
-177
-249
-151
-229
-354
-242
-210
-281
-116
-96
-303
-164
-139
-365
-343
-299
-425
-452
-326
-322
-317
-214
-140
-94
0
-12
29
196
282
444
618
711
761
838
831
764
785
747
666
586
590
482
250
198
-30
-282
-391
-514
-660
-724
-728
-819
-782
-723
-692
-565
-357
-204
-76
182
384
439
622
805
759
792
855
824
790
797
658
452
398
238
-34
-106
-168
-471
-551
-524
-745
-800
-632
-743
-816
-632
-501
-501
-350
-61
-17
55
301
229
-144
-683
-1191
-1020
-254
372
393
40
-155
-250
-622
-1135
-1321
-1120
-577
335
946
822
609
506
432
389
509
549
698
1239
1538
1616
1625
1331
540
-101
-220
-467
-649
-649
-843
-991
-918
-1054
-1280
-1242
-1180
-1298
-989
-299
194
508
793
851
726
820
1079
1295
1553
1623
1475
1388
1355
1120
739
562
191
-34
2
-99
-312
-581
-1004
-1444
-1485
-1373
-1335
-1176
-934
-860
-766
-469
-404
-412
-253
-147
54
655
976
968
1040
977
769
711
729
577
401
367
207
42
6
-321
-684
-805
-909
-912
-773
-709
-769
-809
-1018
-1474
-1730
-1522
-1014
-525
-193
-61
1
43
-108
-330
-410
-125
346
967
1463
1571
1506
1374
1284
1225
1136
1099
1052
1113
1326
1299
990
657
-16
-704
-959
-1189
-1360
-1419
-1422
-1487
-1541
-1471
-1433
-1324
-1151
-817
-391
145
734
1033
1197
1328
1440
1515
1608
1853
1868
1742
1626
1326
1003
749
428
37
-213
-408
-689
-892
-1025
-1208
-1480
-1519
-1476
-1452
-1173
-885
-745
-469
-228
-85
205
436
532
746
975
1071
1171
1188
1063
807
612
448
227
180
26
-294
-435
-452
-664
-792
-768
-950
-1126
-1010
-1060
-1624
-2075
-2123
-1744
-860
-97
-67
-399
-355
-313
-544
-627
-520
-106
800
1699
1850
1689
1527
1308
1224
1230
1182
1161
1490
1636
1501
1359
945
254
-385
-994
-1440
-1536
-1641
-1778
-1810
-1840
-1769
-1650
-1525
-1279
-1030
-688
-164
500
1250
1743
1721
1722
1819
1752
1822
1975
2020
1927
1652
1333
1062
594
123
-349
-702
-896
-1071
-1069
-1256
-1514
-1752
-2011
-1947
-1706
-1442
-1117
-867
-502
-168
73
365
478
504
794
1225
1591
1846
1821
1551
1269
1080
924
673
438
280
86
-2
-171
-597
-1042
-1460
-1757
-1801
-1510
-1302
-1137
-986
-922
-866
-669
-508
-244
147
372
591
850
1035
1065
915
439
-122
-417
-256
73
209
186
-18
-305
-568
-894
-1286
-1368
-1022
-408
214
589
700
547
516
601
659
775
961
1194
1380
1597
1652
1292
787
278
-125
-398
-405
-502
-797
-918
-1143
-1305
-1185
-1113
-1129
-926
-657
-424
-87
259
440
497
594
764
871
1069
1219
1179
1118
940
722
552
392
190
13
-170
-313
-440
-636
-749
-806
-900
-926
-860
-700
-459
-202
-53
-3
30
105
271
368
417
529
562
613
651
484
258
109
-87
-279
-208
-166
-262
-213
-125
-194
-334
-449
-588
-873
-1422
-2187
-2542
-1537
-21
572
135
-512
-738
-749
-732
-977
-1073
-50
1364
2215
2291
1836
1375
1231
1249
1146
1029
1241
1714
1868
1703
1489
892
78
-749
-1521
-1844
-1683
-1426
-1449
-1553
-1676
-1766
-1715
-1520
-1262
-936
-458
201
1049
1792
2128
2044
1731
1446
1338
1438
1670
1798
1638
1174
672
216
-139
-427
-896
-1380
-1616
-1588
-1443
-1307
-1349
-1650
-1960
-1849
-1399
-784
-179
180
261
409
640
782
812
834
894
1054
1448
1786
1846
1605
1007
363
-54
-164
-120
-172
-295
-445
-749
-928
-1093
-1526
-1855
-1893
-1644
-1142
-623
-387
-309
-230
-88
125
380
754
1022
1035
940
621
30
-351
-247
116
444
376
0
-310
-558
-865
-1365
-1581
-1131
-364
359
720
734
750
781
751
674
651
653
896
1366
1681
1860
1767
1232
392
-268
-685
-969
-1010
-926
-997
-1053
-998
-1093
-1190
-1177
-1301
-1307
-834
-203
350
863
1112
886
691
700
754
944
1244
1329
1126
1080
975
620
432
174
-360
-636
-597
-598
-501
-469
-819
-1254
-1274
-1120
-1013
-599
-346
-462
-208
183
290
382
463
275
303
805
1080
1095
1206
1098
702
590
549
244
85
25
-225
-350
-313
-509
-786
-911
-1078
-1217
-1029
-684
-425
-187
-46
-206
-442
-849
-1587
-1892
-1230
-57
817
971
570
107
-122
-567
-1257
-1425
-744
480
1461
1713
1426
1174
1102
885
495
289
408
907
1474
1747
1821
1541
820
-202
-1050
-1436
-1434
-1201
-1115
-1163
-1055
-859
-903
-993
-1073
-1337
-1237
-574
162
910
1574
1708
1376
1148
846
526
565
854
1106
1212
1224
906
505
164
-425
-1007
-1154
-996
-794
-488
-338
-578
-881
-1119
-1397
-1322
-836
-352
37
414
518
468
551
572
504
579
711
813
1093
1350
1242
1028
666
164
-189
-335
-384
-360
-289
-419
-643
-779
-1057
-1206
-1060
-925
-842
-596
-300
-122
165
355
248
296
553
451
103
-281
-931
-1215
-598
270
636
579
207
-450
-857
-955
-1240
-1227
-462
342
627
768
875
827
886
852
448
297
686
1017
1247
1517
1675
1526
1177
552
-184
-589
-755
-947
-1070
-1101
-1131
-1137
-1186
-1202
-1185
-1217
-1349
-1360
-997
-487
39
464
645
658
665
663
749
1013
1205
1140
1029
1107
1268
1390
1323
876
348
-4
-144
-116
-154
-336
-656
-961
-1136
-1138
-950
-784
-874
-1024
-928
-694
-348
-48
34
104
305
595
869
1153
1296
1240
1081
950
899
881
850
605
328
59
-252
-484
-721
-949
-1100
-1137
-1212
-1172
-934
-755
-643
-466
-276
-193
-137
-234
-769
-1295
-1227
-647
245
1030
1182
846
406
-44
-523
-824
-628
-42
625
1000
1012
971
1081
1134
858
294
-71
-49
262
635
862
1017
968
566
-127
-862
-1296
-1469
-1557
-1466
-1190
-928
-697
-597
-604
-629
-626
-586
-482
-178
339
811
1092
1202
1056
918
833
737
672
658
576
437
394
419
462
542
494
166
-218
-397
-378
-355
-319
-379
-538
-524
-472
-524
-459
-252
-173
-280
-320
-308
-231
-10
169
297
519
728
816
960
996
919
803
672
562
529
573
430
211
104
-104
-417
-665
-825
-1014
-1049
-918
-738
-459
-293
-339
-496
-521
-519
-627
-864
-1137
-1088
-641
58
561
728
581
138
-336
-704
-913
-691
-89
447
630
575
524
672
860
829
513
176
148
348
701
1058
1291
1286
996
438
-221
-654
-905
-1120
-1240
-1330
-1322
-1133
-1013
-1052
-1075
-989
-968
-979
-876
-572
-114
326
575
655
846
1009
1106
1225
1294
1259
1117
963
868
993
1196
1148
946
660
339
88
-105
-292
-398
-377
-481
-595
-722
-790
-703
-629
-570
-553
-501
-437
-389
-188
131
355
522
759
875
933
1084
1097
985
894
823
666
568
520
328
84
-97
-410
-723
-835
-963
-1141
-1205
-1145
-1041
-868
-676
-686
-775
-769
-868
-948
-955
-878
-655
-245
231
454
418
237
-127
-463
-631
-543
-262
83
358
517
547
547
620
650
575
411
297
300
471
682
794
860
799
548
215
-126
-395
-576
-760
-934
-1004
-931
-847
-757
-618
-509
-454
-390
-349
-337
-243
-57
90
300
536
717
857
937
933
836
780
718
653
723
957
1195
1291
1257
999
605
253
51
-23
55
149
31
-106
-133
-245
-501
-781
-1030
-1120
-1051
-883
-649
-352
-33
145
200
189
203
356
520
589
640
737
695
602
510
301
68
-153
-330
-478
-479
-427
-544
-713
-845
-981
-1019
-980
-987
-848
-635
-476
-347
-334
-399
-488
-568
-605
-546
-353
-97
71
132
41
-112
-204
-253
-277
-137
87
231
358
492
615
749
800
724
604
558
585
566
533
503
441
390
351
229
80
-96
-342
-550
-687
-712
-643
-531
-405
-259
-56
78
88
-50
-219
-350
-330
-213
-35
271
539
652
607
564
610
687
788
843
892
1021
1123
1116
985
810
638
439
264
211
257
208
34
-202
-491
-693
-720
-705
-810
-868
-743
-584
-476
-437
-495
-527
-388
-243
-210
-134
20
114
164
255
263
209
175
62
-39
21
129
131
89
54
-105
-353
-600
-796
-814
-709
-662
-635
-551
-481
-429
-455
-656
-909
-997
-890
-661
-323
10
201
296
324
116
-84
0
169
286
501
659
767
945
996
777
557
508
388
270
248
304
417
541
451
215
144
121
-39
-197
-338
-504
-530
-470
-416
-317
-157
-87
-65
-35
-81
-181
-234
-230
-157
50
331
511
652
779
822
819
740
610
532
557
679
776
859
900
738
435
102
-131
-206
-240
-297
-350
-391
-359
-260
-243
-360
-465
-492
-521
-500
-369
-190
-193
-284
-347
-451
-468
-440
-408
-327
-170
-29
41
55
30
-3
-79
-120
-86
39
156
112
-40
-210
-327
-374
-458
-563
-648
-620
-525
-387
-220
-194
-299
-484
-746
-848
-596
-264
-51
128
341
491
504
396
157
-6
-8
103
243
410
640
827
837
631
337
213
231
255
272
281
332
500
608
552
393
257
53
-216
-370
-401
-343
-203
-119
-173
-127
-23
-26
-112
-100
-64
-48
51
115
154
319
477
455
420
393
327
274
266
276
326
428
431
323
242
209
90
-17
-105
-195
-197
-76
-23
-69
-104
-182
-288
-331
-345
-403
-452
-470
-524
-567
-525
-477
-448
-450
-399
-344
-230
-23
150
240
271
255
155
136
216
231
160
69
33
-9
-23
-16
-106
-210
-236
-257
-210
-61
98
135
17
-167
-381
-516
-543
-554
-516
-348
-101
28
72
-23
-284
-511
-593
-532
-283
25
251
417
508
489
465
579
668
643
599
573
606
737
868
857
733
531
222
-61
-234
-380
-565
-646
-682
-747
-691
-558
-521
-485
-374
-350
-353
-231
-113
-44
126
236
282
419
576
645
658
736
725
626
631
637
629
676
708
584
444
382
244
77
-2
-88
-217
-245
-268
-388
-488
-492
-591
-773
-840
-864
-873
-759
-584
-448
-283
-162
-105
-83
7
199
342
453
495
474
482
495
433
329
234
117
-76
-243
-280
-285
-312
-365
-441
-462
-397
-325
-276
-219
-123
-158
-415
-629
-699
-614
-429
-229
-62
82
97
-25
-199
-366
-385
-259
-91
97
265
439
583
731
842
819
700
544
422
381
493
692
862
938
822
491
144
-166
-444
-649
-788
-884
-857
-745
-634
-533
-437
-418
-567
-707
-699
-545
-288
2
218
303
438
583
643
735
747
674
667
746
864
1027
1145
1113
948
709
486
296
194
110
20
-99
-198
-306
-445
-575
-741
-919
-1017
-1034
-1034
-973
-814
-591
-379
-234
-148
-38
131
272
408
513
608
700
738
741
714
701
636
473
259
63
-96
-182
-222
-342
-465
-558
-687
-764
-749
-655
-560
-581
-695
-861
-1029
-1062
-933
-695
-416
-155
16
82
50
-120
-348
-400
-159
147
382
565
646
716
888
1038
1009
859
625
362
245
381
600
727
690
413
46
-209
-391
-578
-750
-924
-1100
-1075
-832
-588
-386
-262
-313
-455
-500
-446
-322
-62
217
388
542
738
896
962
1006
925
787
823
961
1052
1144
1174
1025
814
612
355
124
-26
-152
-315
-433
-508
-639
-740
-793
-883
-932
-916
-903
-824
-635
-395
-162
13
131
254
354
498
606
661
721
764
787
779
763
672
527
324
102
-57
-146
-242
-379
-532
-688
-816
-866
-836
-793
-715
-587
-485
-463
-590
-904
-1261
-1387
-1160
-727
-242
125
264
170
-63
-349
-540
-535
-254
161
496
726
870
1041
1207
1166
896
589
398
309
347
556
784
867
736
364
-112
-546
-819
-990
-1101
-1134
-1083
-937
-764
-610
-517
-456
-495
-599
-589
-362
57
523
861
1019
1027
1005
1101
1153
1102
1065
1068
1121
1188
1234
1158
942
639
312
49
-108
-176
-192
-292
-431
-558
-731
-850
-909
-955
-909
-795
-687
-562
-405
-231
-104
50
211
316
372
437
484
550
650
675
621
588
540
428
309
183
7
-160
-307
-514
-664
-713
-758
-875
-938
-940
-909
-774
-619
-487
-420
-482
-777
-1219
-1405
-1178
-648
-10
425
500
354
81
-268
-565
-676
-411
148
672
963
1060
1151
1229
1148
884
530
262
259
507
826
1111
1234
1024
527
-83
-633
-975
-1081
-1134
-1165
-1101
-927
-733
-577
-532
-561
-578
-612
-513
-233
257
779
1178
1320
1256
1120
1037
1044
1003
958
911
870
839
835
774
591
315
-53
-398
-579
-587
-514
-477
-564
-714
-825
-839
-741
-597
-486
-352
-202
-90
58
211
330
385
443
504
570
721
849
878
792
597
377
238
185
114
-17
-160
-349
-588
-781
-912
-1027
-1073
-1057
-1023
-915
-755
-653
-567
-491
-391
-309
-297
-518
-942
-1154
-927
-333
324
684
614
266
-122
-521
-852
-930
-631
38
728
1077
1120
1056
1020
886
627
341
190
311
598
905
1196
1329
1060
463
-268
-882
-1156
-1131
-1042
-1023
-941
-831
-756
-662
-575
-529
-500
-417
-229
126
605
1035
1247
1248
1147
1061
1111
1181
1201
1140
975
794
685
639
557
378
109
-161
-319
-394
-418
-465
-588
-812
-980
-960
-769
-520
-282
-181
-181
-125
-91
-51
64
188
312
461
585
657
694
723
661
466
226
27
-57
-49
-45
-68
-197
-404
-659
-915
-1083
-1121
-1035
-911
-788
-578
-339
-241
-267
-309
-284
-161
42
199
53
-288
-612
-653
-275
207
404
224
-160
-513
-724
-871
-865
-614
-51
525
777
752
716
767
800
728
556
522
688
974
1206
1328
1246
868
297
-262
-666
-850
-902
-982
-1112
-1140
-1047
-950
-900
-910
-871
-758
-529
-220
114
476
740
888
943
1004
1089
1141
1181
1184
1106
970
842
775
741
657
430
95
-183
-319
-327
-329
-416
-585
-817
-967
-943
-768
-501
-283
-184
-168
-145
-91
-12
62
132
258
463
644
780
848
808
662
467
332
252
225
220
201
109
-32
-232
-498
-710
-844
-907
-936
-850
-668
-486
-430
-511
-637
-658
-524
-312
-79
48
-66
-453
-866
-917
-505
8
205
59
-158
-268
-308
-404
-517
-406
12
527
869
954
912
845
772
663
534
553
695
797
846
848
762
539
163
-292
-704
-930
-978
-971
-987
-989
-1004
-989
-922
-836
-646
-375
-97
149
388
633
807
938
979
923
894
979
1075
1097
1028
841
621
494
419
260
62
-177
-384
-444
-359
-286
-290
-384
-570
-682
-585
-347
-137
-5
59
71
123
198
219
259
329
426
519
616
670
576
424
276
166
117
81
38
20
-30
-147
-319
-531
-728
-875
-922
-875
-769
-593
-467
-503
-598
-720
-754
-646
-471
-239
5
230
378
297
-73
-628
-997
-862
-362
125
335
300
192
-4
-372
-778
-935
-655
-23
595
871
832
775
741
628
454
307
246
341
606
822
934
884
512
-27
-434
-635
-736
-777
-782
-833
-807
-683
-545
-421
-272
-200
-202
-101
109
478
902
1148
1161
1062
933
845
864
923
935
860
733
583
465
374
220
3
-195
-312
-285
-198
-187
-309
-502
-615
-588
-440
-264
-198
-196
-144
-95
-10
77
129
183
269
328
332
353
393
361
294
258
215
193
189
112
-71
-262
-404
-537
-679
-779
-814
-747
-671
-653
-676
-715
-760
-756
-668
-564
-337
-83
128
317
328
44
-517
-947
-898
-385
188
429
379
193
-59
-408
-803
-998
-756
-126
506
824
825
687
547
428
338
223
205
373
581
807
1008
993
678
228
-208
-492
-577
-544
-561
-635
-683
-666
-562
-406
-352
-374
-319
-193
12
330
686
873
885
823
767
795
896
970
967
876
662
512
496
485
351
167
-21
-150
-98
16
56
-100
-334
-466
-440
-293
-175
-126
-112
-117
-137
-169
-182
-163
-92
-13
32
105
189
230
164
65
48
134
231
255
212
134
60
-98
-263
-386
-485
-530
-554
-550
-512
-498
-581
-763
-917
-946
-805
-581
-362
-163
-8
100
166
109
-197
-651
-908
-716
-194
274
421
255
9
-154
-366
-615
-712
-509
-43
470
755
695
511
384
277
161
130
227
455
708
863
887
751
511
230
-1
-149
-268
-341
-345
-305
-191
-128
-140
-207
-315
-344
-317
-227
-48
233
499
647
668
618
544
480
490
515
526
561
585
576
538
431
271
169
149
160
177
161
32
-112
-186
-217
-167
-103
-113
-213
-269
-273
-273
-253
-259
-298
-278
-191
-138
-92
-48
-16
55
127
158
134
157
245
277
245
179
83
-53
-237
-381
-409
-333
-257
-338
-562
-761
-811
-744
-647
-556
-435
-330
-223
-137
-107
-194
-460
-739
-795
-517
-118
115
141
57
-50
-170
-329
-430
-361
-99
217
424
491
464
410
384
332
247
227
290
363
430
519
609
594
439
211
5
-123
-182
-230
-230
-205
-204
-173
-111
-123
-240
-323
-293
-162
26
229
397
488
480
444
450
458
469
512
574
640
694
696
627
506
337
216
184
207
215
165
130
86
28
-45
-130
-214
-319
-402
-359
-219
-108
-119
-176
-204
-238
-265
-243
-180
-113
-9
109
183
211
188
114
44
17
6
0
-31
-83
-189
-258
-260
-255
-304
-424
-551
-601
-553
-456
-395
-376
-399
-421
-381
-301
-245
-198
-216
-243
-209
-201
-178
-153
-193
-249
-273
-272
-206
-128
-102
-144
-200
-239
-244
-196
-132
-78
-34
50
61
-17
-57
19
150
285
361
389
460
546
620
620
604
584
573
581
603
632
605
460
237
19
-131
-180
-150
-100
-77
-64
-57
-17
33
66
74
43
50
78
130
230
304
309
320
301
288
314
395
435
362
302
284
279
278
276
225
188
178
103
-6
-44
-45
-52
-126
-214
-299
-311
-239
-187
-228
-326
-413
-457
-412
-313
-272
-301
-362
-405
-363
-268
-154
-109
-150
-200
-231
-257
-247
-216
-221
-241
-258
-216
-118
-82
-135
-235
-310
-388
-428
-425
-462
-491
-485
-479
-473
-405
-324
-328
-381
-393
-360
-278
-126
-11
85
154
256
354
408
483
524
590
659
727
786
861
870
809
728
665
618
528
448
353
280
192
59
-122
-290
-397
-431
-387
-297
-187
-119
-96
-94
-43
71
140
143
122
136
214
317
407
435
410
373
315
308
348
355
321
219
109
35
-27
-53
-58
-65
-105
-126
-126
-82
-48
-90
-179
-273
-310
-271
-143
-26
-7
-81
-200
-301
-303
-220
-128
-127
-156
-173
-155
-88
-63
-86
-127
-159
-200
-253
-276
-273
-252
-237
-251
-274
-230
-169
-142
-183
-218
-210
-194
-151
-147
-198
-286
-385
-430
-377
-243
-140
-151
-239
-309
-306
-227
-171
-164
-158
-116
-34
35
53
76
123
222
364
486
530
524
540
622
755
865
910
874
794
732
688
557
335
83
-93
-164
-181
-175
-189
-234
-302
-344
-318
-222
-81
-6
8
47
79
129
149
123
118
142
169
236
322
390
391
322
213
102
82
139
177
207
233
224
194
134
19
-124
-225
-246
-232
-143
-41
-11
-52
-163
-288
-396
-446
-434
-381
-294
-243
-232
-239
-269
-300
-341
-372
-390
-339
-226
-137
-94
-103
-149
-229
-303
-318
-271
-180
-97
-90
-123
-100
-70
-72
-112
-176
-259
-278
-199
-73
18
26
-87
-232
-321
-316
-249
-196
-152
-127
-64
19
126
185
155
118
149
261
411
543
632
657
656
673
739
785
791
735
635
538
393
241
97
-48
-161
-266
-306
-300
-304
-337
-411
-435
-393
-280
-130
-17
67
114
94
86
128
201
260
303
359
417
480
517
452
345
280
256
249
260
283
269
212
148
49
-66
-184
-283
-336
-302
-214
-131
-91
-122
-200
-307
-394
-415
-364
-288
-226
-193
-179
-162
-171
-235
-293
-309
-267
-170
-77
-58
-79
-103
-129
-174
-255
-271
-271
-234
-177
-131
-85
-79
-140
-241
-324
-336
-268
-153
-24
69
77
21
-112
-268
-367
-363
-266
-174
-92
-34
8
33
23
-36
-76
-68
17
141
222
260
243
186
160
232
353
447
492
509
557
615
599
463
285
185
140
164
243
268
197
40
-145
-303
-358
-316
-231
-139
-54
42
119
165
154
118
116
124
156
267
412
500
492
425
329
237
166
137
147
197
235
234
206
147
46
-38
-81
-119
-106
-39
36
74
48
-16
-112
-181
-203
-234
-279
-277
-284
-276
-263
-256
-295
-373
-412
-411
-378
-307
-248
-230
-226
-243
-253
-234
-176
-111
-73
-85
-132
-172
-226
-268
-265
-210
-143
-87
-32
-9
-12
-28
-98
-186
-241
-244
-179
-95
-44
-63
-136
-202
-252
-244
-207
-172
-116
-19
84
127
109
41
-2
52
180
295
397
475
491
487
435
347
265
238
294
377
445
457
348
155
-78
-230
-239
-182
-121
-73
-18
36
83
118
101
60
53
72
154
308
439
476
434
329
185
113
89
90
142
254
344
384
391
311
176
52
-36
-54
43
152
206
211
141
42
-94
-196
-278
-370
-385
-375
-334
-255
-220
-268
-372
-461
-490
-441
-335
-236
-147
-88
-50
-32
-20
-41
-61
-62
-53
-1
58
58
-31
-135
-216
-238
-197
-180
-176
-179
-176
-170
-183
-159
-123
-128
-141
-187
-233
-250
-255
-284
-305
-290
-259
-195
-163
-175
-219
-225
-168
-93
-11
48
72
89
177
304
377
375
308
250
261
370
468
516
517
445
364
274
185
130
80
33
-16
-39
18
45
28
-7
-34
-6
65
189
278
316
320
273
181
110
83
84
116
188
236
273
326
350
334
270
227
213
226
265
302
327
323
242
106
-18
-142
-233
-308
-363
-391
-389
-371
-336
-338
-353
-380
-424
-399
-339
-258
-180
-130
-126
-119
-88
-70
-77
-78
-77
-82
-73
-70
-103
-148
-204
-261
-272
-267
-258
-255
-244
-238
-224
-196
-158
-115
-74
-56
-27
-5
-26
-103
-191
-232
-212
-145
-111
-127
-133
-155
-162
-136
-115
-42
31
91
137
145
120
58
32
62
138
207
261
307
352
427
492
473
410
347
318
290
253
230
212
208
164
89
20
-2
-14
-8
0
29
73
109
129
106
110
124
153
177
208
220
243
290
319
313
281
256
244
273
303
303
284
234
182
121
56
3
-71
-145
-214
-245
-255
-256
-249
-249
-264
-282
-264
-254
-239
-231
-247
-233
-238
-227
-242
-264
-263
-245
-206
-187
-174
-186
-227
-260
-245
-205
-167
-148
-131
-137
-170
-187
-177
-168
-161
-132
-98
-60
-41
-41
-70
-112
-141
-124
-130
-156
-165
-187
-198
-225
-250
-235
-219
-186
-162
-136
-126
-106
-77
-39
-2
13
18
29
109
258
393
450
438
422
439
484
542
547
494
424
387
368
349
325
243
148
83
63
45
-7
-64
-113
-114
-74
-6
64
113
138
162
161
164
196
205
201
185
219
278
319
340
312
266
258
258
226
200
168
115
53
8
-79
-178
-218
-225
-216
-180
-139
-143
-165
-177
-183
-197
-221
-250
-286
-291
-252
-212
-193
-209
-260
-312
-313
-283
-253
-210
-183
-168
-157
-152
-160
-191
-201
-210
-204
-158
-108
-74
-57
-63
-103
-140
-129
-85
-39
28
49
-6
-104
-155
-146
-133
-94
-109
-139
-153
-151
-141
-148
-167
-212
-217
-158
-105
-73
-45
-6
70
156
241
256
259
271
319
394
475
500
454
428
396
378
363
324
265
207
139
98
65
53
40
23
63
116
143
142
112
88
83
89
102
107
99
101
120
144
150
127
109
95
109
139
138
103
56
15
9
3
4
-3
-32
-60
-68
-58
-59
-69
-86
-108
-139
-172
-199
-207
-208
-223
-245
-266
-286
-301
-296
-278
-265
-241
-204
-194
-183
-157
-135
-130
-135
-117
-77
-27
25
42
15
-30
-66
-84
-61
-5
35
53
43
20
-3
-27
-32
-15
11
14
-2
-12
-28
-36
-48
-77
-104
-130
-121
-95
-33
21
40
43
27
15
23
58
83
114
144
162
174
173
155
137
130
131
149
184
196
181
145
100
71
58
76
97
113
135
141
136
118
98
59
33
20
27
64
92
108
101
73
35
-10
-29
-50
-66
-57
-62
-65
-40
-7
8
-2
-8
-4
6
11
35
61
63
57
40
28
1
-9
-51
-94
-122
-132
-127
-131
-131
-142
-159
-188
-211
-209
-189
-154
-134
-137
-122
-114
-119
-96
-92
-127
-150
-174
-186
-188
-179
-161
-153
-158
-148
-149
-153
-120
-92
-27
40
81
133
160
159
146
161
186
196
225
239
257
280
282
271
231
182
147
134
131
117
78
25
-4
-19
-43
-62
-80
-95
-61
-17
23
20
3
-32
-67
-73
-52
-9
21
65
118
165
191
204
181
147
121
112
131
160
186
197
163
108
49
-9
-64
-107
-130
-147
-160
-172
-193
-198
-202
-213
-206
-180
-156
-140
-101
-47
12
69
89
94
61
30
9
-25
-42
-64
-73
-77
-96
-113
-131
-138
-139
-145
-144
-142
-132
-96
-66
-72
-85
-109
-136
-148
-142
-116
-90
-73
-72
-80
-67
-59
-64
-72
-79
-45
52
143
193
213
218
223
247
279
301
324
334
345
349
353
341
279
216
138
100
68
46
5
-57
-95
-141
-173
-197
-219
-223
-209
-160
-90
-38
-5
-19
-56
-97
-117
-99
-90
-73
-41
4
52
95
132
129
113
109
112
134
155
183
201
197
176
122
71
15
-28
-55
-61
-43
-39
-35
-67
-108
-137
-147
-149
-141
-112
-75
-43
-1
19
33
60
62
68
63
47
25
7
-15
-53
-86
-124
-163
-206
-211
-204
-224
-227
-223
-218
-189
-178
-175
-172
-155
-131
-116
-86
-87
-98
-97
-98
-91
-68
-50
-35
-16
-13
13
46
78
124
137
138
145
158
168
166
152
150
146
165
192
210
220
210
161
120
120
118
120
126
105
74
46
43
32
21
29
24
29
49
82
84
64
26
-11
-20
-29
-38
-30
-17
-14
-7
11
30
39
32
13
17
50
100
149
160
145
109
77
66
65
73
63
40
24
9
-6
-17
-41
-67
-96
-108
-90
-66
-44
-40
-41
-40
-58
-87
-123
-150
-166
-152
-130
-146
-174
-210
-233
-249
-261
-273
-283
-286
-281
-271
-259
-251
-230
-214
-207
-191
-176
-162
-138
-118
-91
-51
-21
0
17
13
32
60
83
126
177
218
264
303
313
326
320
302
286
272
275
273
269
241
218
196
175
124
88
49
22
28
51
71
75
78
59
40
26
13
17
40
55
81
100
92
60
27
-4
-28
-34
-36
-30
-13
10
20
8
-23
-59
-85
-87
-70
-51
-27
-19
-26
-34
-48
-73
-105
-112
-103
-99
-81
-67
-65
-68
-70
-101
-121
-108
-78
-29
3
14
1
-30
-66
-83
-92
-96
-99
-99
-105
-126
-143
-165
-209
-251
-295
-298
-265
-245
-206
-183
-173
-173
-154
-133
-101
-56
-20
12
45
98
136
179
200
209
224
254
293
326
343
369
376
364
356
333
298
273
215
189
173
141
95
40
2
-14
-19
-31
-33
-26
-17
-25
-23
-5
11
29
49
82
114
128
138
141
131
111
111
119
128
137
132
101
59
7
-48
-93
-134
-164
-167
-165
-158
-151
-169
-191
-202
-222
-240
-226
-187
-162
-141
-121
-118
-111
-106
-93
-93
-111
-103
-82
-60
-44
-34
-27
-34
-49
-61
-77
-85
-96
-111
-115
-103
-101
-135
-160
-184
-196
-176
-165
-168
-177
-194
-213
-202
-174
-154
-123
-99
-90
-77
-46
1
43
93
135
146
146
153
209
275
311
304
265
235
235
245
270
290
302
291
275
267
225
182
153
170
209
231
182
104
45
20
48
78
87
68
51
38
21
35
53
62
76
89
91
92
92
99
105
97
70
29
0
-7
-2
-8
-19
-46
-88
-120
-148
-175
-175
-172
-174
-155
-134
-130
-150
-168
-193
-211
-196
-169
-144
-129
-120
-108
-93
-92
-103
-104
-115
-117
-123
-101
-73
-56
-36
-40
-55
-84
-97
-117
-129
-121
-116
-113
-121
-138
-166
-175
-182
-171
-168
-148
-105
-88
-68
-59
-48
-45
-21
-8
12
69
108
145
194
225
248
257
255
263
270
263
272
271
276
266
252
249
223
198
180
159
155
152
139
108
77
53
38
24
-6
-13
-17
-11
-2
5
-2
-2
-5
-4
9
6
17
12
12
28
52
68
69
64
41
6
-13
-22
-28
-27
-34
-59
-92
-133
-159
-176
-180
-171
-178
-170
-149
-138
-133
-125
-134
-149
-140
-131
-116
-96
-80
-76
-73
-69
-65
-60
-61
-71
-80
-82
-64
-34
-27
-26
-56
-78
-76
-68
-47
-49
-46
-43
-38
-41
-48
-72
-100
-120
-124
-103
-77
-52
-41
-49
-62
-48
-20
15
60
109
144
179
205
205
214
226
243
259
288
311
317
312
298
277
243
219
196
174
159
140
122
113
98
76
51
25
-2
-16
-3
2
2
-3
-23
-44
-44
-27
-12
-4
3
17
32
42
49
45
26
14
13
16
34
44
34
18
0
-15
-43
-68
-111
-147
-165
-176
-175
-189
-206
-240
-273
-295
-298
-267
-239
-218
-210
-198
-175
-158
-164
-160
-148
-133
-109
-81
-60
-50
-53
-51
-43
-48
-39
-31
-20
-8
-5
-7
-10
-8
-13
-13
-5
-16
-24
-15
2
0
-17
-34
-33
-28
-8
12
23
33
36
53
88
137
184
221
223
227
236
255
270
281
299
298
299
291
273
253
234
211
187
152
131
102
82
54
40
22
-1
-23
-37
-39
-45
-38
-32
-35
-64
-80
-84
-89
-78
-66
-60
-48
-24
-17
-23
-22
-36
-55
-59
-51
-34
-10
20
17
4
-7
-33
-48
-57
-61
-58
-57
-53
-59
-69
-88
-118
-144
-160
-154
-135
-109
-94
-89
-99
-118
-145
-170
-186
-177
-168
-160
-133
-117
-119
-138
-143
-155
-139
-117
-95
-67
-47
-18
-5
11
12
8
23
44
65
91
97
82
60
55
49
44
49
51
57
59
75
86
90
86
87
97
112
128
146
166
185
175
173
181
199
213
202
195
179
162
153
147
141
119
92
73
50
30
9
6
-8
-14
-23
-30
-37
-33
-33
-36
-29
-18
-9
-2
5
9
19
16
23
30
33
29
29
31
38
46
51
53
45
55
37
23
4
-21
-40
-55
-69
-71
-71
-80
-87
-103
-117
-138
-142
-145
-145
-154
-166
-174
-186
-192
-195
-200
-223
-231
-228
-214
-201
-193
-181
-174
-179
-174
-163
-139
-103
-75
-45
-28
-14
-10
-13
-10
1
9
16
19
12
8
15
17
22
26
25
23
35
45
66
73
70
61
56
69
85
102
124
144
157
161
165
170
183
207
218
229
229
232
235
228
223
215
194
184
170
164
162
153
145
130
112
95
68
59
47
26
31
33
36
27
19
5
-14
-25
-26
-34
-42
-43
-42
-40
-43
-48
-58
-65
-69
-70
-70
-60
-51
-54
-60
-72
-77
-87
-88
-87
-90
-88
-84
-86
-104
-125
-146
-163
-164
-154
-151
-155
-170
-187
-188
-188
-200
-197
-186
-179
-183
-180
-176
-170
-155
-152
-140
-121
-111
-87
-61
-41
-35
-32
-17
-4
14
38
53
49
57
54
43
44
51
55
63
63
70
77
74
82
81
86
101
111
120
122
120
124
123
122
119
124
127
126
122
124
123
126
122
120
132
133
140
142
159
164
169
174
164
150
139
143
140
134
135
134
123
119
109
89
65
49
32
4
-4
-14
-27
-41
-65
-83
-101
-106
-107
-111
-95
-83
-70
-72
-83
-95
-99
-91
-88
-76
-79
-85
-87
-85
-82
-89
-100
-111
-126
-134
-138
-151
-171
-187
-200
-224
-228
-231
-218
-211
-219
-206
-194
-177
-172
-160
-142
-129
-106
-86
-59
-27
-7
17
30
41
58
67
73
76
78
85
93
92
89
84
85
84
74
62
54
66
64
61
61
49
48
45
49
59
57
66
73
90
108
120
131
129
136
133
142
152
166
175
180
184
199
203
209
204
175
167
157
151
157
153
140
130
111
95
76
52
34
14
3
-8
-10
-15
-34
-49
-64
-83
-92
-99
-102
-103
-104
-102
-99
-97
-110
-122
-137
-150
-151
-149
-144
-157
-158
-157
-158
-163
-162
-160
-166
-175
-173
-158
-162
-155
-148
-153
-144
-133
-120
-121
-119
-107
-108
-101
-101
-91
-73
-63
-47
-19
-3
5
20
30
36
58
65
67
68
65
71
80
76
66
54
58
48
38
45
40
42
41
52
47
53
54
46
55
57
70
80
89
105
108
110
116
109
115
127
131
137
144
150
154
155
154
152
153
161
146
144
135
128
124
105
84
62
48
38
37
32
12
-3
-16
-31
-41
-36
-25
-18
-5
-4
-8
-22
-29
-40
-54
-51
-54
-43
-46
-58
-70
-93
-108
-114
-118
-112
-106
-113
-104
-111
-128
-128
-132
-129
-126
-120
-126
-124
-129
-130
-129
-124
-130
-142
-142
-130
-125
-114
-98
-89
-82
-68
-52
-31
-9
8
20
34
42
41
49
45
34
30
33
33
31
29
18
9
-7
-22
-25
-25
-21
-17
-17
-9
-5
1
4
-3
5
8
19
27
34
54
60
61
69
73
76
93
112
119
132
147
156
162
165
164
169
169
164
154
151
151
139
129
109
91
71
45
22
5
-10
-23
-31
-20
-13
-10
-13
-9
-2
-4
-13
-27
-38
-36
-36
-30
-32
-37
-44
-50
-55
-61
-56
-60
-66
-73
-67
-57
-51
-50
-52
-51
-46
-43
-41
-43
-46
-37
-31
-26
-30
-43
-61
-73
-85
-86
-77
-74
-66
-64
-51
-40
-30
-24
-12
4
20
28
26
26
28
26
22
24
24
17
6
2
-10
-18
-27
-43
-48
-45
-37
-41
-36
-28
-28
-33
-29
-39
-39
-32
-28
-13
-11
-2
-3
0
6
11
29
46
50
67
74
85
90
92
96
97
100
101
101
98
103
97
97
100
88
73
58
38
28
14
6
9
5
10
0
-12
-17
-19
-17
-15
-8
-19
-18
-15
-13
-20
-26
-20
-29
-39
-49
-59
-57
-52
-49
-47
-61
-62
-58
-55
-54
-38
-33
-28
-22
-27
-21
-22
-24
-30
-25
-28
-26
-29
-33
-26
-20
-13
-14
-7
5
11
16
20
19
24
20
24
35
31
35
30
18
7
2
0
-4
-5
-12
-32
-34
-38
-39
-39
-40
-40
-45
-33
-41
-28
-26
-28
-31
-25
-2
7
13
26
34
41
45
40
40
39
49
50
53
56
58
48
45
44
47
47
49
53
58
68
70
70
63
46
48
45
27
33
43
43
45
45
37
26
24
12
8
6
-2
0
5
13
5
-1
-21
-37
-50
-56
-59
-71
-75
-83
-88
-100
-95
-94
-95
-88
-87
-74
-61
-53
-54
-49
-48
-44
-30
-24
-5
4
10
6
9
7
8
9
11
15
25
26
23
17
2
-9
-16
-20
-30
-31
-21
-16
-23
-29
-27
-30
-32
-31
-29
-32
-34
-31
-24
-18
-20
-16
-11
-17
-16
-21
-12
0
9
23
27
40
35
25
21
24
19
17
19
12
10
10
16
24
23
24
28
38
40
48
63
73
89
97
96
106
111
107
109
103
100
100
99
95
91
84
76
70
71
67
57
50
35
41
37
27
13
3
-6
-17
-23
-19
-23
-25
-28
-30
-25
-25
-32
-46
-46
-49
-57
-53
-48
-48
-47
-43
-43
-42
-39
-41
-49
-62
-63
-69
-69
-73
-80
-91
-96
-102
-104
-103
-108
-115
-117
-114
-115
-101
-92
-78
-78
-77
-71
-64
-59
-57
-53
-47
-35
-33
-29
-18
-14
-16
-12
-12
-10
-4
0
14
17
19
23
26
33
34
45
47
35
32
34
41
37
30
25
23
31
42
48
55
49
51
56
63
80
94
99
88
101
113
122
129
122
116
117
124
130
128
124
111
106
98
92
88
80
68
55
54
52
44
33
24
10
6
13
11
0
-1
-9
-14
-17
-22
-33
-39
-37
-36
-38
-41
-40
-54
-64
-70
-68
-66
-65
-64
-71
-75
-86
-89
-93
-103
-102
-102
-112
-120
-115
-121
-132
-133
-134
-131
-124
-112
-107
-96
-87
-79
-78
-72
-72
-76
-69
-59
-55
-46
-34
-26
-5
-5
-2
2
2
5
8
25
40
54
62
74
73
69
66
60
59
66
75
74
68
70
72
69
68
68
65
57
56
67
68
75
81
86
81
80
95
101
100
95
97
94
91
92
89
83
73
74
69
55
48
41
32
22
18
16
10
0
-3
1
-7
-16
-14
-21
-35
-38
-36
-33
-39
-37
-34
-46
-50
-50
-53
-61
-74
-79
-78
-71
-63
-67
-72
-78
-78
-80
-83
-84
-88
-89
-82
-83
-76
-74
-76
-86
-93
-103
-102
-89
-77
-72
-67
-63
-71
-60
-51
-51
-45
-37
-27
-15
-3
7
16
13
21
28
39
54
61
64
62
63
61
71
78
86
94
91
90
80
87
89
84
87
78
77
81
77
73
68
66
69
63
61
64
66
59
58
58
54
50
56
57
51
44
47
51
56
52
41
44
39
37
31
30
22
4
-1
-5
-4
-9
-10
-20
-32
-29
-35
-39
-41
-51
-57
-54
-53
-61
-64
-77
-86
-84
-89
-88
-90
-90
-91
-92
-88
-88
-96
-98
-100
-95
-88
-83
-74
-75
-75
-73
-65
-63
-66
-69
-70
-71
-63
-57
-52
-57
-59
-62
-63
-57
-49
-45
-45
-23
-4
13
29
25
20
30
27
41
53
62
67
73
73
70
75
73
76
80
86
90
95
100
97
95
88
81
79
82
85
82
75
70
66
62
61
58
58
55
62
65
72
64
65
69
69
75
73
78
84
81
77
74
62
60
57
51
59
49
32
23
0
-11
-14
-14
-11
-23
-38
-46
-47
-48
-54
-57
-64
-81
-91
-94
-85
-88
-97
-103
-108
-115
-113
-110
-114
-109
-117
-111
-107
-96
-89
-91
-91
-86
-85
-81
-90
-90
-84
-85
-77
-79
-79
-78
-85
-85
-81
-70
-62
-61
-56
-46
-45
-34
-19
-13
-1
4
7
18
19
17
28
37
47
51
67
71
69
72
70
77
83
94
101
115
114
104
106
98
94
100
98
97
102
98
98
91
90
82
78
76
78
75
71
68
54
46
39
27
24
19
13
19
10
12
8
-1
-3
-5
-7
-9
-6
4
2
-3
-6
-4
-11
-9
0
-1
2
-4
-5
-12
-14
-11
-16
-22
-20
-19
-27
-26
-33
-34
-26
-27
-30
-24
-26
-31
-26
-26
-38
-39
-48
-51
-57
-54
-48
-55
-55
-45
-44
-48
-51
-58
-58
-56
-48
-44
-44
-42
-41
-39
-36
-43
-47
-50
-51
-55
-43
-36
-41
-34
-29
-23
-20
-10
-1
-2
-5
4
11
10
14
8
9
17
24
40
44
48
47
49
52
48
65
63
64
60
52
56
61
56
52
45
49
42
33
31
24
18
7
2
-5
-4
2
8
5
5
11
19
20
13
9
8
7
2
10
10
4
4
3
3
0
2
0
-3
-2
-5
2
1
5
6
-3
2
-4
-6
-14
-17
-25
-23
-22
-20
-14
-15
-17
-16
-23
-22
-14
-12
-8
-16
-15
-15
-10
-13
-18
-20
-22
-20
-14
-16
-15
-19
-21
-23
-22
-17
-21
-18
-15
-13
-8
-3
-6
-2
-1
-3
-1
-11
-10
-3
0
2
2
3
0
3
2
10
16
29
35
41
41
36
38
35
43
46
52
51
50
46
43
44
39
28
26
26
27
32
35
32
15
9
7
5
2
0
-7
-13
-11
-16
-27
-26
-33
-40
-41
-39
-31
-38
-45
-49
-50
-46
-50
-46
-47
-43
-43
-46
-37
-36
-38
-34
-33
-30
-19
-16
-17
-7
-5
0
6
7
-4
2
5
18
29
30
20
12
8
7
19
16
19
16
8
3
5
0
3
0
-6
-1
-2
4
1
4
5
-6
-7
-10
-15
-20
-16
-14
-11
-13
-6
-7
-12
-8
-6
2
4
12
11
9
9
6
7
10
15
21
24
33
38
42
45
42
42
42
46
46
53
51
47
41
46
46
36
35
30
25
16
11
5
4
2
-2
-13
-21
-16
-19
-16
-22
-27
-35
-45
-47
-43
-38
-38
-36
-28
-27
-27
-18
-13
-13
-15
-14
-17
-11
-6
2
12
1
-7
-6
0
14
14
14
8
5
7
2
9
8
4
9
2
1
2
-8
-9
-13
-17
-18
-16
-11
-4
-5
-10
-11
-12
-10
-15
-6
-4
-12
-18
-15
-15
-15
-23
-29
-24
-24
-27
-25
-22
-21
-26
-26
-18
-7
1
-2
-1
-3
-6
-4
3
7
12
20
37
49
50
48
48
46
43
51
49
53
47
48
50
49
42
31
25
14
5
3
8
6
10
10
2
-2
-2
-9
-13
-6
-1
-9
-6
-10
-23
-26
-32
-34
-34
-33
-32
-33
-34
-37
-42
-47
-45
-44
-38
-34
-36
-29
-30
-30
-26
-20
-16
-14
-13
-6
-4
-3
2
-2
1
7
4
0
7
20
22
31
30
24
24
28
31
26
31
30
26
23
24
25
22
19
8
7
1
1
0
-2
1
-6
-9
-6
-8
-12
-11
-12
-5
-11
-13
-4
0
9
6
3
8
19
19
21
30
29
29
40
48
46
45
47
39
42
41
39
38
27
35
30
20
15
7
6
-3
2
0
-5
-5
-11
-14
-12
-7
-16
-17
-15
-21
-28
-32
-28
-27
-30
-40
-41
-42
-50
-56
-59
-59
-57
-51
-59
-57
-59
-59
-50
-49
-56
-54
-52
-53
-48
-42
-42
-30
-24
-22
-21
-21
-15
-26
-19
-16
-14
-2
4
6
11
12
13
13
18
15
11
8
11
16
20
25
19
19
11
8
12
18
24
22
28
29
24
20
21
20
18
19
22
26
18
21
26
27
36
40
41
44
44
46
50
60
71
70
69
65
65
62
65
62
59
56
49
37
33
38
34
37
33
31
22
8
7
11
8
9
2
2
-3
-8
-10
-13
-20
-25
-22
-18
-10
-12
-11
-21
-25
-30
-33
-32
-42
-41
-44
-44
-40
-46
-46
-48
-52
-52
-54
-56
-59
-62
-75
-76
-67
-76
-70
-58
-52
-43
-43
-41
-44
-41
-42
-39
-31
-17
-7
-6
-1
1
-1
-1
6
3
4
7
13
16
19
22
24
29
30
34
35
34
32
36
37
33
28
24
22
22
27
27
22
20
22
17
26
27
22
21
11
15
16
16
19
19
20
20
22
27
26
17
13
11
10
8
10
13
1
-3
-4
-3
-1
0
1
1
6
3
3
1
4
1
-5
-5
-6
-5
-12
-19
-21
-12
-8
-9
-7
-9
-12
-10
-19
-16
-26
-32
-35
-40
-39
-38
-39
-44
-40
-45
-48
-45
-43
-41
-45
-43
-42
-39
-30
-25
-22
-19
-15
-12
-8
-5
1
7
7
13
21
26
25
21
28
28
30
31
36
35
32
29
32
29
33
42
36
43
38
36
35
35
32
33
35
32
33
33
37
36
38
29
30
29
25
24
22
17
16
20
19
12
8
8
8
6
0
2
2
3
4
3
1
2
0
3
0
-4
1
-6
-11
-19
-20
-20
-22
-21
-18
-12
-16
-17
-17
-22
-23
-32
-39
-42
-37
-34
-34
-28
-30
-32
-34
-33
-38
-39
-35
-26
-27
-22
-22
-25
-26
-26
-22
-34
-28
-31
-35
-36
-34
-29
-29
-28
-22
-16
-13
-11
-10
-11
-14
-12
-8
-4
0
2
7
12
18
19
17
13
13
15
20
28
33
36
29
27
33
39
39
40
38
42
43
45
46
43
41
39
35
41
42
41
44
43
34
34
37
38
32
27
29
20
19
12
16
10
6
1
-1
-3
-10
-13
-19
-21
-25
-27
-29
-29
-30
-36
-39
-42
-41
-30
-28
-29
-27
-31
-33
-32
-28
-14
-15
-12
-16
-17
-10
-11
-2
-5
-4
5
5
8
10
6
7
3
-2
3
10
7
6
7
0
0
0
2
1
2
6
-3
-3
1
8
10
5
8
3
3
8
5
6
3
-2
-3
-4
1
4
2
-2
-1
-8
-8
-5
1
3
-3
-10
-13
-11
-5
-6
-8
-9
-10
-7
-12
-7
-9
-7
-6
-7
-7
-6
-2
3
4
4
9
15
13
14
8
6
9
2
2
-1
-3
-7
-10
-10
-9
-7
-7
-6
3
1
-2
-2
2
5
1
2
0
2
4
2
3
8
2
3
0
-2
4
4
1
0
3
6
3
8
13
11
11
8
5
1
-2
-6
-5
-4
-5
1
1
-2
-10
-5
-1
-1
-7
-10
-6
-7
-2
0
1
-1
-6
-5
-8
-6
-4
-7
-6
-5
-3
-7
-8
-7
-4
-6
-4
-5
-4
2
2
2
-2
-7
-5
0
3
9
14
17
12
8
7
5
3
8
12
16
17
17
19
14
17
17
11
13
17
14
17
9
10
8
12
17
19
18
19
12
7
11
14
5
-5
-4
-11
-14
-14
-16
-19
-21
-24
-23
-22
-23
-26
-28
-22
-20
-15
-13
-19
-15
-17
-15
-12
-16
-8
-11
-15
-11
-8
-3
6
6
7
10
16
19
15
13
11
4
6
10
7
6
3
5
6
5
7
4
-2
4
4
5
10
10
6
8
7
6
5
9
4
0
-1
-5
-1
-1
1
2
12
15
14
4
3
3
-3
-4
-2
3
-2
-1
1
-6
-4
-8
-10
-4
-6
-5
-5
-1
-1
-3
-3
-4
1
1
-3
-2
0
-3
-3
-7
-9
-10
-11
-7
-11
-10
-8
-7
-6
-12
-11
-9
-5
-3
-3
0
-2
-5
-1
-1
-3
-2
-3
-5
-1
1
0
4
4
10
12
12
9
10
13
11
13
11
9
10
12
10
10
11
7
4
1
1
-2
0
1
0
-2
5
5
6
8
5
1
-1
1
0
-1
-7
-5
-6
-12
-9
-6
-1
-3
-9
-12
-18
-17
-13
-14
-15
-13
-14
-16
-16
-13
-12
-9
-9
-7
-4
-9
-9
-6
-5
-8
-6
-4
-7
-7
-5
-5
2
4
8
8
9
10
12
15
9
11
12
14
13
13
15
14
17
16
20
19
18
18
16
16
15
12
13
12
17
12
9
9
9
3
4
10
9
7
7
11
6
8
6
5
3
3
-1
4
1
-3
-5
-9
-3
-4
0
-1
-2
-3
0
-2
-5
-1
1
-2
-4
0
-1
-1
2
-4
-8
-10
-6
-11
-13
-8
-10
-8
-14
-18
-20
-23
-18
-13
-17
-18
-21
-21
-20
-22
-21
-23
-22
-19
-20
-15
-12
-11
-12
-17
-20
-18
-17
-15
-17
-19
-14
-15
-13
-7
-4
-1
-3
0
5
5
2
4
5
8
10
14
12
11
10
13
16
20
20
18
23
19
24
28
27
29
24
25
24
24
21
22
19
18
19
22
22
16
14
7
4
4
4
1
3
6
5
-2
2
2
0
-3
-4
1
0
4
7
4
2
2
-1
2
2
5
5
6
6
4
3
2
0
1
3
-1
-2
-4
1
-1
-1
-1
-2
-3
-4
-3
-2
-6
-11
-10
-11
-16
-18
-19
-20
-16
-14
-10
-5
-7
-6
-7
-6
-7
-6
-7
-7
-9
-10
-9
-10
-11
-11
-15
-12
-11
-6
-8
-11
-10
-10
-11
-16
-15
-14
-12
-13
-11
-9
-6
-5
-4
-1
0
-3
-3
-2
-2
-2
3
8
8
4
9
6
4
3
6
7
8
9
9
16
16
16
13
14
15
13
15
15
12
10
8
4
6
10
8
9
10
9
5
3
5
1
0
-1
-1
-2
-4
-2
-5
-4
-5
-7
-9
-9
-7
-8
-8
-8
-5
-5
-4
-4
-3
-1
1
0
0
-1
0
0
1
-5
-3
-3
-3
1
-3
1
2
2
3
1
1
2
3
6
6
7
7
5
8
3
2
1
-2
0
2
4
3
2
-1
-2
-4
-2
-1
-1
0
0
-1
-4
2
1
1
1
-2
1
0
1
4
8
9
10
8
8
11
7
7
11
11
7
10
10
11
10
9
7
3
3
1
2
0
-1
0
1
1
-1
0
-2
-1
1
1
-3
-2
-3
-6
-7
-5
-6
-7
-9
-11
-10
-12
-14
-12
-12
-10
-6
-5
-6
-5
-5
-9
-10
-10
-12
-12
-10
-11
-13
-10
-10
-11
-12
-12
-11
-9
-9
-7
-6
-7
-9
-8
-10
-10
-8
-8
-9
-11
-8
-7
-4
-7
-5
-4
-5
-4
-2
1
-1
0
1
2
4
5
5
5
5
6
9
10
9
10
12
13
12
12
8
8
8
5
8
7
7
9
8
10
12
11
13
13
14
16
18
18
17
15
12
9
12
13
14
15
12
13
11
9
10
11
10
9
9
6
8
8
10
8
8
8
7
8
10
10
8
5
5
7
3
4
4
1
1
3
0
1
1
-3
-6
-8
-10
-14
-11
-11
-14
-13
-16
-17
-19
-22
-24
-24
-24
-22
-23
-23
-22
-20
-21
-18
-18
-19
-18
-17
-15
-15
-16
-16
-17
-18
-17
-13
-10
-10
-6
-6
-4
-1
0
-1
3
2
3
-1
2
2
0
2
-1
-2
-2
-2
-4
-3
-4
-3
-3
-1
1
2
1
5
4
5
5
10
13
13
13
15
16
15
12
12
14
13
11
11
15
13
13
14
16
14
13
12
12
12
10
9
9
9
7
6
5
8
6
4
4
6
5
4
6
5
4
3
2
5
6
5
8
7
7
6
3
1
-2
-3
-3
-4
-6
-5
-9
-9
-8
-8
-11
-10
-9
-8
-6
-8
-6
-3
-6
-9
-8
-11
-11
-13
-10
-10
-10
-10
-12
-12
-11
-10
-9
-10
-12
-10
-11
-9
-8
-7
-7
-4
0
1
1
0
0
-2
-2
-4
-2
-1
0
-1
0
1
5
2
2
3
-1
3
5
3
5
8
10
12
12
11
11
10
8
7
6
8
6
5
4
5
3
0
2
3
6
7
8
7
5
1
3
3
4
3
1
3
1
1
2
4
1
3
3
3
3
1
1
1
0
1
1
0
2
3
-2
-3
-1
-2
-2
-1
-2
-3
-3
-3
-6
-5
-9
-8
-11
-9
-9
-11
-8
-9
-10
-10
-10
-10
-9
-8
-10
-13
-8
-5
-5
-4
-4
-4
-4
-4
-4
-4
-1
-2
-2
0
-4
-1
-1
-1
-1
-1
-1
1
2
1
2
1
3
1
1
0
0
0
2
5
5
4
5
6
3
2
4
6
7
7
12
13
12
15
18
16
17
19
15
14
13
11
12
14
12
12
12
11
10
9
11
12
11
9
9
9
9
9
7
5
7
4
3
3
2
1
-1
0
0
-2
-2
-4
-6
-5
-4
-5
-4
-6
-6
-6
-7
-9
-10
-15
-14
-13
-13
-13
-15
-17
-20
-19
-17
-18
-14
-13
-11
-11
-14
-12
-11
-10
-12
-9
-11
-8
-8
-9
-9
-9
-9
-10
-10
-10
-10
-11
-10
-9
-9
-9
-10
-7
-5
-7
-7
-8
-7
-7
-8
-5
-2
-2
-1
1
1
0
1
4
5
7
8
7
7
7
6
6
5
7
8
10
9
7
8
9
9
8
9
9
7
8
8
11
11
10
10
6
7
10
12
14
14
14
15
17
18
18
13
13
14
16
17
16
16
16
14
12
10
10
6
4
5
2
2
4
2
0
-2
-7
-8
-7
-7
-5
-7
-6
-8
-9
-9
-9
-12
-12
-12
-12
-10
-9
-7
-8
-12
-13
-14
-14
-10
-9
-6
-6
-7
-5
-7
-6
-6
-5
-5
-6
-4
-6
-4
-2
-2
-2
-1
1
1
2
0
-2
0
-2
-1
1
4
3
4
7
5
4
5
6
4
6
5
5
4
2
3
6
6
4
6
4
4
4
4
5
5
2
4
3
1
-1
-2
0
-2
-1
-1
0
0
-3
-6
-7
-7
-9
-5
-4
-3
-4
-5
-6
-5
-5
-5
-4
-6
-3
-2
0
1
0
0
-2
-3
-5
-5
-6
-4
-3
-3
-2
-2
1
0
1
2
0
-1
0
2
3
2
1
0
0
0
-2
-2
-4
-3
-3
-1
0
2
5
6
8
11
10
9
11
8
7
9
11
11
9
7
4
1
2
4
5
7
4
3
2
4
2
0
-2
-4
-5
-7
-8
-5
-4
-3
-1
0
0
-2
-1
-3
-2
-1
-1
-1
0
0
1
-1
-4
-4
-1
-2
-2
-1
0
0
0
1
1
1
3
2
0
0
0
2
-2
-4
-3
-3
-2
-1
0
-1
-3
-4
-4
-4
-2
0
2
2
3
1
0
-1
-2
-1
-1
1
-1
-1
0
-2
0
-3
-1
-3
-4
-4
-3
-3
-4
-2
-2
-1
-4
-2
-2
-4
-3
-3
-1
-1
0
2
2
3
3
3
0
1
-1
-1
0
0
