-2
0
0
-1
-1
-2
-2
-2
-2
-2
-3
-1
-2
-2
-2
-2
-2
-1
-1
-1
0
-2
-1
-1
-1
-1
-1
-1
-1
-1
-1
-1
-1
-1
-2
-1
-1
-2
-2
-1
0
-2
0
0
-1
0
1
1
1
1
2
1
0
0
0
1
1
0
-1
0
0
0
-1
-2
-1
-1
-1
-1
-1
-1
-3
-3
-1
-2
-3
-1
-2
-1
-2
-1
-2
-2
-1
-1
-1
-2
-2
-1
-2
-1
0
1
1
1
1
0
1
1
2
2
2
2
3
4
4
4
5
3
3
3
3
3
4
4
3
2
4
4
2
3
2
3
3
2
1
2
2
1
1
1
0
1
0
1
1
0
0
0
0
0
-2
-2
-3
-4
-4
-2
-3
-4
-4
-4
-5
-4
-6
-6
-6
-5
-5
-5
-4
-5
-4
-4
-4
-3
-3
-2
-2
-2
-1
-1
0
0
1
2
2
3
4
3
5
3
3
4
5
5
6
5
5
5
5
5
4
3
4
3
2
2
2
1
1
0
0
0
0
-1
-1
-2
-2
-2
-3
-2
-3
-4
-3
-4
-4
-4
-2
-4
-3
-4
-4
-4
-3
-3
-3
-3
-2
-1
-2
0
1
1
2
1
3
3
2
3
3
3
2
3
3
3
4
4
3
4
4
3
3
4
2
3
3
2
1
1
2
1
0
-1
-3
-2
-2
-2
-3
-3
-2
-4
-3
-2
-4
-4
-4
-4
-4
-4
-5
-4
-2
-2
-4
-3
-3
-2
-3
-1
-1
0
-1
-2
0
0
1
1
2
3
2
2
3
2
4
3
2
4
3
3
2
3
3
2
3
2
1
1
-1
-1
0
-2
-3
-2
-2
-2
-2
-3
-3
-2
-3
-2
-3
-3
-2
-3
-2
-2
-1
-1
-2
-1
-2
-2
0
0
0
1
1
1
0
0
0
2
2
2
3
4
4
3
3
4
3
3
4
5
5
6
5
5
6
5
5
3
3
4
3
2
4
1
1
1
1
1
1
0
0
0
-1
-2
-2
-1
-2
-3
-2
-3
-3
-3
-5
-4
-3
-2
-4
-3
-4
-4
-4
-4
-4
-3
-4
-3
-2
-2
-2
-2
-1
-1
-1
-1
-1
1
0
1
0
2
2
0
0
1
1
0
1
1
1
0
0
0
1
1
2
2
2
2
2
1
1
1
1
0
0
-1
-1
0
-1
-1
0
0
-1
0
-1
-1
-1
-1
0
-1
-1
-1
0
-2
-1
-1
-1
-3
-3
-2
-2
-1
-3
-1
-2
-2
-2
-1
-1
-2
-2
1
0
0
-1
-1
-1
0
-1
1
1
2
2
2
2
1
1
2
2
2
1
1
2
2
3
3
3
3
3
3
3
3
3
3
3
3
2
1
1
1
0
-1
-1
-1
-1
-1
0
-1
-1
0
0
0
0
-1
0
-1
-1
-2
0
0
-1
-2
-1
-2
-4
-3
-2
-3
-2
-2
-2
-3
-2
-2
-1
-1
-1
0
1
0
1
2
2
3
3
5
3
3
1
2
2
3
3
2
2
2
2
1
1
-1
0
0
1
1
1
-1
-1
1
0
-1
-2
0
-2
-2
-3
-3
-2
-4
-3
-3
-3
-3
-1
-3
-3
-3
-1
-2
-1
-2
0
1
0
1
1
1
0
3
1
2
3
3
4
3
4
3
4
5
5
3
4
3
3
3
2
1
1
1
0
0
0
1
0
-1
-1
-1
-1
-2
-2
-3
-3
-4
-4
-5
-5
-5
-4
-5
-5
-4
-5
-5
-4
-5
-5
-5
-4
-3
-2
-2
-2
-1
-1
-1
0
2
1
2
2
3
3
4
4
5
4
5
4
4
5
4
3
4
4
5
5
5
4
5
4
3
4
1
1
0
-1
-1
-2
-3
-3
-3
-3
-3
-4
-4
-2
-2
-2
-3
-3
-2
-2
-3
-3
-3
-3
-3
-3
-3
-2
-3
0
0
0
0
0
1
2
3
3
4
5
4
5
5
4
5
5
5
5
5
5
5
6
6
5
6
4
5
4
4
3
3
2
1
2
1
1
-1
0
0
-2
-2
-2
-3
-4
-5
-5
-6
-7
-6
-8
-8
-8
-9
-8
-7
-7
-7
-7
-6
-8
-7
-6
-5
-4
-4
-5
-4
-3
-2
-1
-1
0
0
1
2
2
3
5
6
5
4
5
4
4
5
7
6
5
4
4
4
4
4
5
4
3
4
3
3
2
1
2
0
1
1
-1
-2
-1
-3
-3
-3
-3
-3
-3
-3
-3
-4
-5
-5
-5
-4
-4
-4
-4
-3
-4
-4
-4
-3
-3
-2
-1
-1
-1
-1
0
0
0
1
3
2
2
3
2
3
1
2
3
3
4
6
5
5
6
5
5
7
5
5
6
5
6
4
3
5
4
3
3
3
3
2
2
3
2
1
1
0
-2
-3
-3
-3
-5
-4
-5
-4
-5
-5
-4
-5
-4
-4
-4
-3
-4
-4
-4
-3
-1
-3
-3
-3
-3
-3
-3
-2
-1
-1
0
-1
0
-1
-1
0
-2
0
-1
-2
-1
0
0
2
1
1
1
1
1
1
1
1
1
2
0
0
0
0
1
0
0
-1
-2
-1
-2
-1
-1
-1
-2
-1
-2
-2
-3
-2
-1
-1
0
-1
0
-1
0
0
1
1
2
2
3
3
2
3
3
3
3
4
2
2
3
2
2
2
2
2
2
3
4
4
4
3
3
1
2
3
2
2
2
1
1
0
0
0
0
0
1
-1
-2
-2
-2
-4
-3
-3
-3
-4
-4
-2
-5
-4
-4
-4
-2
-3
-2
-1
-1
-3
-1
0
-1
1
-1
0
0
0
1
0
0
2
1
1
4
4
3
4
3
5
3
3
4
4
4
3
2
2
2
2
3
2
3
1
1
2
1
0
-2
-1
-2
-2
-1
-1
-2
-2
-2
-3
-4
-3
-4
-3
-3
-3
-4
-4
-3
-4
-5
-4
-3
-4
-5
-5
-4
-5
-4
-3
-3
-2
-2
-2
-1
0
-1
1
1
2
2
2
4
4
5
4
5
4
5
6
7
7
7
8
6
6
7
7
6
6
7
7
6
4
4
3
2
1
1
1
0
0
-1
-2
-4
-5
-6
-6
-8
-9
-10
-11
-10
-10
-10
-9
-9
-10
-10
-9
-9
-9
-9
-9
-8
-9
-10
-8
-8
-9
-8
-7
-7
-6
-4
-4
-2
-2
-1
-1
0
1
3
4
4
6
6
6
8
8
7
8
9
9
9
9
11
11
11
10
10
11
11
10
10
9
9
9
9
9
8
8
8
8
8
8
8
8
7
6
5
4
4
3
3
3
3
3
2
1
1
1
0
0
-1
0
0
0
-1
-3
-3
-4
-5
-4
-4
-4
-3
-5
-5
-6
-5
-5
-5
-5
-5
-5
-6
-7
-6
-6
-8
-7
-10
-9
-9
-10
-10
-12
-10
-11
-12
-11
-11
-11
-11
-11
-12
-11
-12
-12
-11
-9
-8
-7
-6
-4
-5
-3
-3
-1
-1
-1
2
3
4
5
5
8
8
7
9
10
10
10
11
11
11
11
11
12
12
12
12
12
13
13
12
12
11
10
10
10
9
9
8
6
8
6
6
5
6
4
3
2
0
-1
-2
-3
-3
-6
-6
-7
-7
-8
-8
-9
-11
-12
-12
-12
-13
-14
-14
-15
-13
-14
-13
-13
-13
-13
-12
-12
-11
-10
-8
-8
-7
-8
-6
-4
-3
-3
-4
-2
-1
-2
-1
0
0
2
3
5
6
7
8
8
9
9
10
10
10
12
13
13
15
15
17
18
18
20
19
19
18
18
17
16
16
15
15
13
12
11
11
8
9
10
8
9
8
9
7
7
6
6
3
3
3
1
0
-1
-2
-5
-6
-7
-7
-9
-10
-11
-12
-13
-14
-15
-16
-17
-17
-20
-21
-21
-22
-23
-24
-24
-25
-25
-25
-26
-27
-26
-26
-26
-27
-27
-26
-27
-26
-27
-27
-26
-28
-27
-27
-28
-25
-25
-22
-22
-19
-16
-13
-11
-7
-6
-3
-1
4
7
11
15
23
28
31
37
42
46
49
52
56
58
56
58
58
57
57
55
51
51
47
44
41
39
39
32
31
30
26
24
20
18
16
15
15
14
12
10
9
7
6
3
2
-1
-2
-5
-7
-10
-12
-13
-16
-19
-20
-22
-24
-27
-28
-27
-28
-30
-32
-33
-33
-32
-33
-34
-37
-38
-37
-40
-41
-41
-41
-43
-43
-45
-46
-47
-47
-50
-50
-53
-53
-56
-58
-60
-62
-62
-60
-60
-57
-53
-51
-45
-42
-35
-28
-22
-11
0
13
26
37
51
63
75
87
98
107
115
122
127
128
128
123
118
112
106
96
86
78
68
58
49
40
33
26
23
20
20
19
17
16
16
15
14
15
14
16
13
11
11
9
7
7
8
4
2
-2
-10
-18
-21
-28
-30
-35
-44
-46
-54
-60
-65
-69
-75
-80
-81
-86
-87
-86
-89
-89
-86
-84
-81
-78
-75
-72
-67
-65
-61
-57
-55
-51
-49
-48
-53
-54
-60
-69
-73
-76
-74
-73
-69
-67
-61
-53
-48
-43
-33
-19
-3
18
44
67
88
111
134
157
179
191
203
210
217
218
218
209
196
181
164
148
126
106
83
57
39
21
4
-7
-15
-22
-24
-28
-22
-21
-15
-11
-6
-3
0
6
11
19
25
30
38
43
45
46
45
44
38
29
20
7
-11
-24
-39
-53
-66
-82
-97
-109
-116
-123
-124
-128
-126
-125
-121
-111
-99
-90
-83
-74
-65
-59
-51
-42
-36
-25
-22
-19
-14
-16
-19
-17
-20
-20
-22
-26
-31
-38
-44
-49
-54
-59
-65
-71
-83
-96
-110
-124
-124
-124
-121
-119
-116
-107
-98
-89
-88
-84
-72
-53
-22
8
40
73
105
142
175
206
232
253
270
287
300
305
296
282
263
238
215
189
162
126
96
61
35
13
-4
-12
-20
-17
-15
-11
-5
0
1
5
11
20
25
35
43
50
54
63
74
78
84
79
78
76
70
61
50
35
13
-6
-22
-39
-58
-81
-93
-103
-118
-125
-130
-135
-137
-141
-141
-137
-138
-130
-128
-119
-111
-108
-104
-103
-95
-95
-87
-82
-79
-79
-80
-81
-80
-82
-83
-84
-90
-91
-97
-93
-95
-101
-99
-100
-109
-114
-124
-144
-160
-171
-167
-162
-162
-158
-151
-134
-114
-111
-109
-99
-78
-36
9
58
107
155
208
258
312
354
387
411
437
457
468
465
449
412
367
333
293
254
197
140
94
46
3
-21
-45
-67
-73
-72
-72
-62
-65
-50
-54
-40
-31
-17
8
28
49
76
104
121
139
148
154
151
153
162
150
132
112
84
62
41
14
-14
-33
-68
-85
-105
-132
-165
-181
-206
-213
-215
-229
-215
-223
-206
-195
-179
-167
-159
-148
-147
-120
-104
-101
-87
-84
-84
-84
-87
-81
-96
-97
-97
-106
-100
-108
-101
-123
-122
-109
-129
-121
-126
-136
-172
-208
-234
-254
-259
-265
-254
-267
-272
-249
-240
-227
-229
-222
-187
-130
-69
4
64
135
208
289
355
414
487
516
561
601
621
627
603
552
504
465
408
359
296
222
144
84
26
-29
-61
-94
-124
-122
-119
-119
-101
-95
-81
-67
-37
-7
20
58
90
133
158
196
223
243
250
263
275
267
270
254
233
216
192
166
139
103
67
39
12
-39
-74
-105
-161
-180
-205
-225
-244
-266
-272
-268
-259
-243
-225
-218
-201
-194
-165
-156
-135
-136
-136
-132
-136
-114
-136
-150
-153
-165
-186
-189
-201
-205
-226
-231
-232
-251
-259
-255
-265
-276
-303
-332
-368
-416
-432
-410
-381
-373
-361
-350
-311
-279
-252
-232
-217
-173
-114
-39
43
127
218
283
369
436
508
558
597
635
667
677
674
646
580
511
452
403
332
262
171
83
8
-39
-77
-110
-127
-144
-135
-114
-98
-73
-58
-38
-10
28
88
119
164
204
241
296
334
378
415
439
452
463
454
448
428
409
378
345
328
280
243
184
124
72
14
-40
-105
-168
-213
-251
-289
-313
-322
-340
-353
-349
-343
-340
-334
-338
-343
-313
-310
-303
-291
-288
-283
-279
-269
-270
-264
-270
-269
-263
-260
-262
-272
-275
-283
-281
-278
-275
-273
-295
-310
-342
-386
-423
-456
-456
-431
-424
-415
-418
-404
-374
-365
-365
-354
-330
-265
-190
-101
-9
72
176
277
368
450
524
581
646
694
742
770
751
714
662
615
577
534
459
398
331
262
216
179
148
114
94
86
102
117
124
127
124
126
156
179
211
236
259
288
315
356
381
386
398
413
412
418
412
390
342
309
278
234
194
140
95
46
0
-43
-101
-170
-229
-293
-321
-354
-378
-409
-425
-440
-435
-430
-438
-429
-432
-413
-407
-389
-378
-374
-377
-389
-374
-367
-368
-360
-358
-357
-351
-350
-355
-357
-365
-353
-345
-338
-329
-329
-315
-327
-335
-356
-384
-413
-436
-429
-403
-378
-375
-362
-365
-331
-292
-277
-265
-231
-185
-102
-2
104
203
296
405
511
600
672
733
780
823
851
883
877
846
765
713
659
600
537
457
362
282
218
166
140
99
73
59
68
84
116
126
118
131
154
186
223
256
273
308
340
363
405
412
405
423
394
430
417
391
350
305
266
218
192
111
65
-33
-81
-146
-225
-283
-368
-415
-481
-505
-521
-558
-601
-623
-641
-627
-639
-584
-596
-597
-557
-564
-530
-489
-471
-469
-403
-391
-366
-328
-315
-285
-271
-253
-241
-211
-216
-203
-176
-193
-165
-146
-158
-117
-114
-133
-146
-166
-234
-274
-271
-282
-271
-270
-287
-276
-250
-227
-199
-189
-177
-109
-21
68
166
253
345
462
556
647
729
759
802
824
858
876
888
832
766
706
643
575
506
410
308
230
147
117
76
24
-4
-24
-24
-7
25
41
40
40
64
99
144
163
179
196
225
267
300
319
322
325
327
309
293
271
215
160
102
71
33
-19
-78
-144
-214
-253
-315
-369
-432
-476
-533
-556
-562
-597
-585
-602
-605
-574
-553
-525
-505
-467
-455
-406
-358
-338
-305
-293
-276
-251
-223
-185
-173
-160
-154
-136
-109
-101
-77
-92
-83
-74
-78
-60
-52
-53
-45
-59
-76
-108
-156
-178
-219
-225
-214
-204
-203
-217
-203
-165
-139
-126
-91
-83
-32
60
153
259
343
442
527
603
675
726
761
779
806
828
829
807
747
679
614
545
491
406
305
199
105
47
0
-36
-77
-115
-164
-157
-142
-113
-108
-118
-115
-110
-80
-52
-22
-4
18
47
94
129
155
169
168
192
194
195
183
135
100
79
58
21
0
-37
-94
-148
-196
-211
-255
-293
-347
-377
-394
-408
-395
-392
-392
-385
-354
-332
-313
-299
-267
-246
-212
-179
-152
-120
-120
-103
-84
-63
-49
-64
-62
-50
-60
-51
-65
-72
-73
-103
-111
-106
-110
-115
-111
-106
-135
-174
-188
-238
-305
-344
-357
-345
-321
-324
-320
-315
-293
-249
-217
-210
-199
-154
-88
-23
59
140
217
305
409
475
550
566
585
633
641
669
676
651
589
519
444
381
312
226
153
81
37
7
-28
-32
-43
-63
-62
-49
-7
11
32
56
66
122
154
168
195
206
230
268
313
369
373
388
376
374
395
389
371
325
272
225
195
177
147
93
29
-31
-88
-131
-164
-216
-279
-317
-350
-356
-366
-381
-379
-395
-400
-376
-362
-346
-336
-328
-312
-295
-265
-263
-260
-243
-246
-221
-205
-206
-207
-203
-228
-225
-218
-225
-234
-257
-250
-258
-256
-264
-257
-255
-267
-275
-290
-323
-372
-408
-419
-410
-390
-361
-354
-372
-345
-334
-298
-270
-251
-218
-159
-86
-6
80
172
258
365
464
537
593
643
684
733
793
822
821
778
709
662
613
554
486
407
327
251
204
162
131
104
80
58
51
74
95
116
133
142
145
167
202
226
243
266
292
320
344
367
363
342
342
338
319
295
258
218
172
137
101
40
-15
-83
-159
-192
-238
-282
-337
-399
-433
-461
-465
-465
-477
-492
-513
-516
-494
-481
-444
-438
-428
-394
-382
-346
-297
-287
-293
-263
-236
-209
-190
-177
-182
-179
-182
-188
-195
-207
-221
-233
-244
-238
-230
-245
-262
-261
-268
-269
-297
-324
-350
-393
-375
-348
-325
-302
-301
-296
-278
-236
-190
-171
-146
-125
-54
32
110
203
309
412
519
623
708
764
809
855
899
914
927
917
863
800
746
685
609
528
433
329
264
209
174
159
134
104
88
71
66
91
95
111
118
132
148
178
208
224
223
234
246
246
271
251
223
191
150
119
95
90
47
3
-54
-105
-147
-221
-273
-327
-394
-437
-469
-494
-523
-562
-579
-596
-599
-593
-595
-582
-564
-543
-517
-485
-472
-454
-429
-402
-344
-304
-264
-238
-214
-197
-177
-132
-136
-130
-141
-130
-128
-128
-109
-109
-119
-142
-146
-139
-123
-129
-128
-133
-163
-180
-210
-229
-249
-243
-219
-206
-201
-193
-191
-169
-127
-94
-61
-29
26
97
188
283
383
480
576
674
754
825
873
899
922
949
972
968
943
884
814
737
652
560
464
345
256
180
116
82
48
20
-29
-47
-65
-64
-47
-45
-47
-43
-36
-10
21
29
18
10
11
30
39
52
32
-21
-41
-49
-46
-51
-74
-108
-130
-156
-187
-226
-241
-278
-328
-361
-404
-410
-440
-458
-465
-463
-464
-483
-487
-494
-476
-440
-392
-353
-337
-312
-293
-244
-169
-123
-86
-85
-96
-66
-38
0
9
-5
5
-6
-8
-10
-7
0
-13
-33
-42
-59
-53
-54
-66
-80
-95
-113
-159
-211
-256
-317
-327
-301
-284
-244
-247
-261
-251
-233
-170
-130
-101
-41
16
120
206
266
338
409
491
598
701
760
798
816
828
828
857
859
800
738
638
576
511
408
317
191
70
-25
-79
-79
-69
-82
-94
-106
-108
-135
-114
-100
-120
-84
-66
-25
0
11
26
30
45
92
125
130
136
124
114
123
145
127
96
38
-7
-48
-52
-72
-97
-121
-219
-294
-325
-360
-382
-384
-391
-421
-457
-455
-468
-425
-409
-381
-326
-318
-277
-222
-181
-124
-102
-115
-96
-102
-78
-45
-33
5
-16
-39
-44
-43
-33
-29
-25
-56
-101
-132
-158
-184
-199
-249
-269
-272
-274
-312
-338
-357
-395
-423
-396
-319
-249
-198
-185
-196
-206
-175
-127
-56
23
96
162
229
323
383
455
547
662
755
808
868
877
887
906
926
915
823
688
570
452
370
315
217
118
-13
-139
-184
-199
-200
-185
-196
-215
-169
-156
-147
-125
-135
-129
-146
-137
-80
-19
64
137
142
150
152
158
191
161
184
232
260
281
233
199
153
79
41
31
12
-32
-94
-154
-257
-284
-353
-445
-475
-490
-483
-435
-395
-381
-336
-329
-310
-296
-253
-192
-107
-21
20
45
34
-5
-24
-58
-90
-127
-147
-145
-144
-134
-151
-201
-271
-355
-382
-352
-355
-326
-264
-239
-248
-296
-429
-630
-820
-966
-952
-745
-422
-113
4
-84
-199
-274
-277
-182
-22
249
571
902
1095
1190
1135
995
924
956
1051
1111
1145
1152
1129
1030
843
537
149
-207
-431
-510
-451
-355
-385
-446
-526
-552
-589
-567
-465
-290
-32
238
533
647
613
549
436
404
457
549
660
690
693
678
617
484
314
176
59
5
46
94
69
-46
-261
-434
-589
-677
-720
-703
-697
-626
-525
-466
-474
-516
-589
-548
-385
-148
74
256
353
378
377
337
294
197
123
7
-42
-73
-140
-286
-473
-656
-829
-891
-893
-850
-780
-751
-679
-596
-545
-435
-364
-269
-180
-76
41
194
269
310
339
340
287
92
-280
-786
-1178
-1188
-791
-232
295
406
303
57
-207
-366
-424
-198
312
939
1425
1587
1437
1189
923
759
705
707
751
824
903
920
872
604
175
-325
-684
-768
-659
-465
-240
-76
1
52
-26
-145
-236
-242
3
327
665
856
831
573
247
-15
-143
-219
-183
-45
146
382
459
421
249
32
-96
-97
71
279
359
354
191
-46
-259
-459
-675
-804
-803
-680
-493
-332
-276
-328
-441
-537
-453
-253
17
284
472
578
514
406
242
23
-192
-331
-409
-386
-388
-447
-544
-721
-858
-957
-940
-803
-605
-406
-218
-53
21
43
9
23
37
67
128
202
275
277
211
108
37
-54
-120
-257
-583
-1055
-1348
-1424
-1050
-358
300
723
771
622
309
35
-170
-121
247
796
1330
1560
1457
1182
922
669
473
348
320
357
490
641
742
692
379
-67
-571
-841
-975
-886
-635
-347
-36
177
264
174
-16
-96
-55
106
387
680
835
825
625
313
31
-181
-290
-329
-127
197
429
545
432
253
-24
-197
-184
-106
67
212
290
222
96
-174
-474
-767
-922
-828
-613
-319
-117
-51
-62
-121
-188
-176
-99
-7
156
324
441
461
364
107
-212
-511
-676
-728
-676
-550
-501
-506
-591
-668
-715
-691
-572
-433
-214
30
253
357
355
318
188
65
-28
-65
-52
-9
49
116
111
45
-68
-323
-719
-1261
-1587
-1613
-1099
-359
419
913
985
870
404
-18
-398
-408
-39
547
1137
1447
1483
1346
1117
852
606
354
192
162
302
515
742
762
538
147
-369
-805
-1120
-1237
-1104
-766
-264
181
436
452
351
216
137
126
214
341
491
604
597
493
250
23
-161
-263
-233
-18
297
558
678
570
379
233
186
191
187
244
252
249
198
39
-207
-480
-718
-823
-717
-553
-400
-308
-221
-130
-48
43
78
95
53
67
145
176
163
35
-182
-405
-566
-647
-703
-791
-838
-876
-832
-736
-649
-546
-444
-350
-248
-141
-5
84
118
101
61
33
-13
-53
-90
-92
-91
-37
12
61
10
-215
-723
-1284
-1653
-1627
-1031
-273
497
922
1102
1034
663
132
-328
-444
-147
447
996
1309
1426
1432
1325
1107
800
380
119
59
197
457
702
766
649
329
-146
-619
-1070
-1260
-1168
-812
-267
307
678
846
842
687
566
518
443
450
423
457
537
568
401
69
-292
-455
-325
-149
82
230
412
457
400
337
186
88
-4
-50
-109
-131
-112
-232
-437
-638
-785
-812
-775
-713
-606
-504
-394
-231
-9
165
258
309
272
189
115
50
8
-64
-116
-222
-302
-410
-479
-591
-782
-882
-899
-811
-685
-517
-320
-175
-46
34
56
33
23
43
59
46
21
54
46
59
106
148
199
227
24
-424
-1111
-1636
-1881
-1525
-805
-20
648
962
1123
937
511
-87
-486
-454
-12
620
1061
1303
1468
1601
1553
1286
821
353
52
-40
53
293
509
611
549
269
-146
-632
-1123
-1406
-1373
-995
-340
311
780
980
999
896
784
645
403
139
-17
19
124
216
217
96
-33
-145
-122
-25
89
88
24
-38
40
309
471
513
423
271
93
-78
-337
-705
-973
-1064
-913
-612
-402
-246
-239
-305
-317
-219
-99
86
271
358
425
418
396
254
4
-286
-477
-587
-657
-577
-562
-580
-564
-599
-575
-571
-576
-461
-248
-67
87
191
209
158
103
44
-71
-164
-230
-227
-155
17
239
384
471
387
86
-463
-1204
-1789
-2073
-1606
-748
142
774
1079
1138
874
390
-202
-564
-447
97
745
1198
1446
1668
1827
1789
1468
933
412
65
-91
-61
63
233
336
311
35
-406
-871
-1314
-1550
-1465
-992
-343
320
831
1110
1268
1266
1138
860
468
97
-143
-221
-160
-71
-17
9
-4
46
114
215
219
50
-183
-254
24
268
499
548
530
389
220
-158
-663
-1035
-1292
-1262
-1054
-712
-368
-111
-93
-138
-182
-205
-65
97
250
432
539
562
504
278
-96
-377
-632
-807
-812
-756
-635
-493
-412
-450
-447
-484
-456
-332
-223
-29
194
313
325
268
185
72
-65
-181
-304
-304
-195
-20
215
378
459
422
152
-480
-1249
-1983
-2206
-1573
-542
433
990
1240
1239
992
455
-257
-683
-523
139
796
1202
1441
1677
1899
1862
1491
900
387
4
-171
-201
-81
157
307
257
-114
-595
-1119
-1547
-1753
-1711
-1232
-496
249
803
1111
1269
1321
1229
935
495
65
-186
-228
-178
-83
-9
53
142
184
233
186
136
93
28
-25
91
376
541
593
478
240
-50
-316
-640
-986
-1224
-1235
-978
-633
-305
-81
-36
-83
-89
-45
95
307
484
609
667
657
522
304
-42
-419
-665
-737
-698
-583
-541
-515
-486
-523
-548
-570
-563
-519
-373
-93
140
304
398
364
271
145
-15
-202
-324
-393
-329
-103
187
378
548
624
440
-63
-882
-1718
-2305
-1998
-1077
-16
758
1081
1241
1108
652
-124
-783
-869
-368
409
942
1159
1467
1811
1913
1702
1103
534
135
-147
-288
-123
103
346
408
68
-509
-1117
-1652
-1924
-1946
-1587
-829
-16
656
1069
1308
1450
1414
1110
683
222
-97
-212
-137
-47
54
170
265
284
337
300
312
146
-30
-214
-238
-65
245
452
507
412
241
62
-332
-754
-1154
-1302
-1126
-816
-481
-132
57
190
204
182
253
386
526
667
684
705
664
461
187
-87
-354
-551
-590
-646
-616
-638
-654
-695
-753
-795
-822
-693
-468
-192
78
294
420
403
334
255
166
25
-104
-176
-146
49
250
402
508
670
616
389
-378
-1419
-2277
-2417
-1605
-527
367
727
895
874
639
4
-800
-1113
-731
54
778
1101
1338
1664
1939
1842
1343
733
246
-39
-251
-267
15
356
470
184
-448
-1125
-1744
-2095
-2186
-1881
-1117
-202
664
1188
1435
1488
1410
1213
758
288
-57
-141
-58
81
244
350
347
219
107
39
131
204
181
59
75
264
492
596
440
229
-9
-186
-469
-795
-1051
-1128
-964
-719
-522
-379
-284
-196
-134
-83
98
354
652
788
759
694
611
469
294
32
-225
-359
-398
-343
-398
-429
-511
-666
-828
-994
-1032
-923
-611
-245
81
340
491
566
518
392
254
148
16
-92
-54
88
249
434
499
559
481
165
-536
-1550
-2382
-2552
-1826
-650
433
957
1178
1124
750
77
-767
-1151
-755
74
885
1304
1515
1714
1809
1621
1034
343
-183
-365
-381
-232
116
537
742
485
-234
-1025
-1647
-2043
-2132
-1794
-1012
-90
801
1298
1454
1445
1254
996
606
166
-129
-68
116
302
488
547
528
417
237
100
36
5
-22
-27
-41
8
196
197
130
-22
-173
-299
-475
-728
-892
-873
-791
-616
-487
-388
-286
-152
-92
44
215
474
811
957
924
759
534
354
200
54
-119
-231
-329
-372
-369
-471
-594
-803
-1049
-1225
-1301
-1096
-704
-263
111
365
530
555
530
459
348
212
114
37
47
175
340
502
560
547
351
-143
-1079
-2035
-2704
-2507
-1494
-275
605
921
888
579
152
-588
-1224
-1206
-462
561
1332
1642
1769
1788
1696
1313
684
188
-52
10
149
369
658
863
797
335
-503
-1325
-1905
-2144
-2060
-1557
-735
162
891
1152
1187
1099
993
834
588
352
216
283
411
510
457
381
322
190
120
135
229
367
362
203
66
-4
2
59
25
-28
-64
-117
-269
-544
-877
-1018
-938
-779
-596
-453
-347
-243
-124
23
227
462
684
785
744
609
528
529
497
396
226
42
-98
-205
-261
-392
-565
-774
-993
-1210
-1287
-1152
-832
-458
-173
50
203
335
423
418
352
223
72
-1
14
135
304
493
580
421
-151
-1162
-2228
-2966
-2799
-1792
-449
583
958
926
561
18
-653
-1149
-1010
-249
867
1642
1906
1859
1639
1474
1098
566
73
-95
45
279
489
654
689
533
61
-550
-1109
-1529
-1689
-1580
-1242
-656
78
594
799
832
759
786
876
876
849
707
592
522
414
259
117
24
-29
55
228
558
813
737
509
159
-118
-227
-276
-269
-253
-145
-37
-98
-342
-729
-1059
-1193
-1126
-817
-456
-72
156
179
165
169
266
414
559
609
603
594
598
603
494
307
100
-130
-319
-381
-376
-369
-385
-523
-723
-875
-994
-979
-776
-511
-230
18
265
441
497
420
262
38
-181
-295
-149
92
336
517
522
323
-386
-1645
-2724
-2837
-1916
-529
371
652
591
480
107
-645
-1286
-1171
-98
1114
1742
1729
1414
1266
1175
884
474
330
476
629
598
470
385
306
106
-351
-753
-954
-935
-949
-1034
-1090
-881
-448
-117
158
304
534
921
1272
1383
1195
928
648
344
134
39
97
168
218
212
281
495
667
670
424
85
-187
-270
-211
-214
-195
-85
-99
-171
-331
-607
-830
-970
-953
-780
-422
-55
158
136
-62
-148
-39
228
538
730
796
801
698
562
407
265
131
2
-77
-106
-98
-143
-358
-682
-970
-1141
-1213
-1132
-924
-583
-271
-52
62
119
279
423
479
527
466
282
-238
-1012
-1689
-1947
-1336
-399
429
574
202
-374
-996
-1441
-1596
-1100
5
1245
1979
1837
1143
460
84
142
374
758
1182
1506
1527
1151
692
163
-350
-802
-1173
-1193
-1003
-701
-419
-304
-277
-350
-467
-616
-703
-497
-2
681
1228
1391
1303
1008
753
586
488
536
574
644
539
370
120
-158
-345
-527
-426
-127
310
761
910
753
280
-245
-615
-784
-680
-453
-146
-28
-67
-176
-358
-527
-687
-679
-489
-148
297
584
606
513
341
223
238
332
454
486
423
240
16
-205
-380
-515
-658
-668
-546
-330
-128
-41
-82
-227
-355
-470
-534
-499
-353
-148
41
175
258
343
435
369
56
-686
-1545
-2092
-1937
-1021
-58
453
258
-202
-609
-822
-906
-896
-470
310
1027
1289
968
545
269
337
650
943
1349
1543
1420
904
278
-41
-121
-35
-77
-156
-164
-228
-386
-797
-1255
-1440
-1242
-711
-208
226
521
569
496
345
239
290
485
731
945
1191
1355
1363
1144
743
402
152
93
160
220
256
144
-83
-305
-462
-402
-274
-99
0
-79
-184
-376
-485
-562
-637
-629
-559
-357
-130
-16
37
34
99
209
342
398
342
267
154
202
276
280
246
155
46
-170
-378
-530
-647
-673
-667
-635
-513
-321
-143
-97
-116
-117
-48
88
67
-106
-303
-312
-113
144
145
-77
-468
-869
-1088
-967
-489
-149
-70
-357
-742
-812
-551
-211
89
378
665
745
430
-101
-383
-91
599
1271
1541
1444
1069
604
217
13
149
404
473
200
-258
-565
-588
-496
-513
-535
-508
-467
-484
-556
-591
-410
-17
401
678
722
703
688
640
555
552
668
840
960
894
705
571
535
537
576
632
629
390
-68
-594
-943
-966
-769
-426
-201
-66
1
-161
-446
-765
-927
-862
-579
-304
-102
93
224
296
202
22
-97
-23
238
466
559
461
250
11
-217
-350
-301
-168
-82
-125
-319
-549
-683
-710
-684
-617
-480
-255
-16
134
148
188
192
197
171
40
-211
-546
-769
-912
-869
-667
-223
98
67
-349
-802
-823
-506
-79
135
152
237
336
343
240
197
501
868
1141
1122
905
713
553
494
532
708
878
730
220
-381
-720
-707
-551
-429
-355
-255
-188
-281
-413
-419
-147
145
228
150
-36
-88
29
235
492
761
998
1048
791
378
80
131
401
748
1030
1115
1075
816
431
-11
-225
-232
-255
-353
-599
-849
-1011
-1023
-992
-935
-743
-474
-295
-298
-393
-458
-321
-111
20
29
57
196
366
495
493
455
369
216
-5
-210
-263
-110
15
-31
-189
-306
-342
-392
-496
-638
-651
-512
-322
-194
-142
-82
-78
-39
-1
66
101
-4
-318
-644
-736
-596
-431
-558
-796
-776
-270
287
474
316
74
92
276
316
149
29
260
692
1072
1199
1010
650
279
97
225
482
710
623
295
0
-138
-134
-182
-274
-408
-497
-483
-520
-510
-440
-264
88
396
526
392
133
-57
-51
180
543
710
604
339
89
118
307
574
703
668
614
577
536
397
299
220
193
194
102
-38
-241
-437
-559
-641
-735
-879
-942
-938
-868
-661
-377
-151
36
124
76
-1
-19
-4
4
94
198
351
423
413
287
71
-130
-210
-219
-193
-114
-114
-228
-436
-551
-538
-417
-265
-145
-118
-289
-496
-639
-596
-412
-221
-70
-1
-49
-141
-176
-335
-510
-572
-443
-172
-24
-89
-270
-257
90
392
423
383
519
834
1053
1003
653
406
513
808
1044
974
714
315
-19
-152
-159
-100
-156
-364
-546
-590
-542
-568
-670
-700
-580
-361
-84
96
156
166
276
479
637
671
636
631
708
795
772
596
399
234
179
274
406
497
491
388
245
176
193
198
65
-172
-416
-535
-511
-436
-350
-319
-326
-367
-488
-646
-749
-759
-645
-516
-354
-164
12
163
265
347
302
237
127
31
-30
-101
-144
-67
29
43
-42
-221
-407
-552
-579
-545
-435
-268
-84
16
-6
-189
-427
-626
-661
-545
-453
-335
-272
-149
-198
-367
-470
-391
-158
-50
-134
-232
-94
277
396
196
-61
-16
351
640
808
765
702
822
1039
1243
1256
1045
693
356
143
91
51
-30
-94
-151
-272
-464
-657
-805
-826
-753
-629
-474
-289
-141
4
108
218
351
496
589
591
672
767
901
987
995
895
730
628
653
643
537
367
189
86
34
-16
-117
-221
-254
-296
-391
-508
-669
-777
-788
-733
-580
-459
-417
-418
-480
-419
-268
-105
11
8
-93
-178
-177
-78
124
267
343
313
226
96
-15
-84
-165
-263
-413
-479
-503
-545
-538
-510
-401
-300
-193
-160
-166
-281
-379
-454
-524
-584
-569
-465
-498
-562
-591
-397
-211
-220
-315
-300
-113
173
212
102
143
399
717
825
821
706
624
616
648
721
812
902
881
757
622
488
382
273
183
37
-97
-173
-241
-300
-398
-498
-528
-387
-187
-152
-186
-184
-32
147
201
181
139
215
410
616
810
961
1025
944
813
780
771
791
844
804
672
485
307
69
-238
-421
-557
-627
-631
-667
-728
-786
-789
-753
-725
-646
-564
-516
-485
-411
-287
-186
-160
-196
-255
-256
-154
-35
80
151
82
-69
-281
-395
-285
-144
10
87
118
96
-108
-366
-627
-777
-767
-697
-575
-473
-352
-203
-203
-254
-347
-346
-450
-626
-728
-618
-372
-282
-366
-418
-240
67
235
106
4
140
442
642
692
724
803
928
990
1008
1048
1066
1057
961
810
697
564
414
244
50
-144
-161
-77
4
0
-106
-255
-306
-221
-125
-138
-245
-250
-88
56
103
157
228
294
341
384
349
417
626
759
694
687
723
694
725
748
677
531
480
414
220
39
-56
-148
-244
-364
-540
-736
-873
-907
-1017
-1100
-1126
-1108
-1037
-804
-499
-284
-121
-47
-118
-263
-296
-218
-93
14
112
109
35
-32
-131
-236
-374
-502
-486
-406
-321
-247
-182
-131
-175
-285
-378
-460
-438
-456
-466
-461
-413
-353
-452
-512
-436
-215
-95
-223
-455
-494
-321
-130
-119
-113
66
259
421
427
536
727
911
1026
1040
1107
1087
1039
917
814
732
659
617
545
456
285
158
-13
-117
-214
-322
-351
-283
-156
-99
-39
33
119
100
33
-39
-45
-37
55
125
160
251
375
458
556
704
775
785
769
688
578
551
527
573
619
601
499
305
68
-110
-275
-399
-423
-434
-500
-549
-566
-663
-807
-954
-1069
-1073
-962
-767
-566
-410
-301
-232
-217
-196
-164
-173
-149
-115
-44
87
178
158
17
-144
-268
-302
-274
-189
-123
-134
-270
-496
-638
-680
-630
-587
-531
-506
-451
-507
-639
-649
-490
-314
-315
-465
-497
-315
-98
-52
-129
-97
121
298
302
255
371
630
848
960
1008
1111
1182
1124
970
862
841
794
707
449
185
-4
-77
-108
-210
-335
-368
-274
-87
-7
-16
-72
-83
-68
-84
-56
21
192
326
438
397
326
308
303
262
248
268
340
475
606
705
735
746
695
515
303
172
164
247
333
311
195
51
-134
-325
-519
-654
-695
-661
-613
-601
-546
-513
-529
-590
-639
-616
-547
-468
-364
-271
-205
-133
-90
-125
-161
-138
-72
16
33
29
25
14
-39
-98
-136
-83
-90
-132
-206
-337
-384
-496
-557
-675
-753
-796
-914
-932
-715
-495
-408
-456
-475
-306
-92
-31
-116
-173
-100
50
140
245
436
642
818
870
891
991
1017
983
903
817
759
714
606
446
313
127
7
-116
-255
-382
-495
-456
-388
-322
-332
-362
-238
-29
128
232
309
412
444
430
389
408
482
586
662
684
751
728
606
458
338
325
399
460
437
337
247
232
249
235
205
133
3
-90
-177
-235
-274
-271
-279
-371
-516
-637
-693
-720
-719
-671
-560
-395
-314
-317
-438
-530
-486
-388
-304
-284
-230
-192
-167
-140
-125
-108
-114
-140
-176
-224
-203
-121
-95
-76
-126
-209
-313
-417
-512
-593
-538
-525
-563
-599
-551
-556
-627
-737
-730
-566
-356
-257
-186
-13
125
182
165
220
373
575
687
791
936
1065
1188
1164
1090
1041
948
791
609
504
403
288
113
-150
-334
-479
-515
-447
-341
-270
-239
-197
-101
20
89
97
163
253
305
378
525
716
845
881
802
697
664
650
559
481
529
602
591
431
307
196
89
27
-53
-117
-151
-124
-122
-167
-204
-212
-220
-278
-370
-476
-527
-486
-435
-439
-497
-529
-530
-470
-409
-442
-428
-366
-352
-327
-294
-241
-226
-277
-346
-370
-294
-215
-172
-183
-214
-209
-215
-212
-199
-162
-87
-91
-124
-250
-358
-428
-418
-389
-509
-547
-500
-401
-438
-515
-574
-583
-519
-464
-400
-310
-173
-86
-51
-23
115
305
508
685
816
941
1016
1024
980
932
895
894
859
728
572
389
199
58
-75
-170
-291
-377
-406
-425
-351
-254
-165
-96
-5
110
208
292
364
484
544
511
513
544
607
695
821
868
875
939
890
716
539
448
368
289
300
403
365
244
91
-69
-220
-264
-591
-692
-538
-633
-577
-409
-346
-423
-468
-544
-610
-646
-732
-675
-425
-269
-250
-257
-357
-396
-384
-352
-255
-205
-205
-163
-195
-282
-295
-224
-168
-230
-310
-345
-291
-213
-128
-73
-137
-182
-219
-300
-342
-343
-358
-415
-460
-429
-345
-308
-334
-408
-484
-456
-384
-296
-259
-135
-12
71
114
192
324
462
570
615
737
837
909
973
1075
1079
981
798
615
420
303
247
149
92
-10
-108
-159
-183
-208
-188
-201
-228
-222
-222
-203
-82
153
206
252
345
458
546
508
515
572
626
659
671
679
712
762
698
564
447
342
189
59
53
34
30
1
-38
-123
-299
-422
-519
-550
-554
-522
-528
-607
-616
-638
-650
-642
-666
-612
-545
-509
-456
-329
-209
-209
-189
-170
-150
-132
-169
-185
-168
-171
-137
-89
-50
-35
-95
-171
-233
-258
-250
-232
-157
-59
31
75
15
-84
-205
-274
-338
-352
-323
-246
-202
-211
-239
-338
-347
-409
-469
-450
-412
-275
-142
7
130
223
350
438
538
649
706
761
753
694
707
736
771
734
584
451
321
223
163
96
43
25
24
45
53
43
59
99
86
56
4
-49
-23
40
144
218
313
360
334
381
465
570
610
584
521
476
438
411
409
393
334
282
173
65
-27
-75
-98
-112
-144
-199
-256
-354
-446
-529
-547
-543
-581
-569
-615
-648
-684
-691
-622
-539
-497
-487
-453
-411
-260
-121
-30
-20
-71
-132
-229
-271
-208
-149
-103
-63
-55
-50
-64
-91
-135
-171
-213
-204
-127
-55
-24
-63
-163
-260
-344
-376
-349
-302
-250
-256
-280
-355
-395
-365
-344
-306
-283
-249
-222
-165
-95
55
279
447
577
630
701
764
796
815
814
789
719
665
681
670
610
502
331
215
115
70
80
86
108
79
45
3
-8
20
25
24
54
69
36
15
10
35
96
167
280
392
464
494
499
513
456
393
317
223
192
215
202
163
126
54
-9
-99
-145
-144
-169
-209
-202
-209
-293
-424
-551
-641
-684
-634
-549
-496
-492
-494
-510
-485
-430
-362
-304
-224
-159
-126
-79
-51
-5
13
2
-59
-129
-149
-115
-81
-105
-134
-116
-100
-87
-151
-191
-214
-202
-192
-236
-291
-299
-273
-305
-314
-385
-401
-422
-408
-350
-325
-244
-185
-166
-201
-220
-203
-150
-127
-25
141
310
497
629
659
664
690
714
736
709
714
750
751
696
620
526
418
329
232
156
111
98
119
129
89
50
82
86
88
72
38
65
74
66
71
67
81
93
107
160
207
268
322
358
371
336
324
289
171
86
41
35
69
68
22
-10
-27
-57
-153
-208
-256
-323
-365
-345
-350
-380
-395
-459
-499
-549
-551
-504
-482
-439
-382
-324
-283
-240
-220
-197
-175
-158
-124
-139
-98
-75
-79
-66
-51
-44
-40
-16
-31
-59
-61
-80
-86
-112
-101
-79
-87
-114
-174
-254
-325
-376
-403
-380
-336
-356
-377
-371
-352
-313
-268
-247
-262
-271
-226
-141
-60
13
28
106
241
394
522
602
674
710
746
755
793
832
809
768
694
607
569
518
456
344
259
195
142
139
104
89
77
35
1
-29
-30
-15
28
27
9
48
44
28
42
79
148
215
279
312
309
328
356
370
321
197
127
90
64
37
-21
-76
-129
-185
-199
-200
-207
-228
-270
-343
-382
-388
-371
-368
-376
-382
-422
-437
-471
-443
-406
-380
-378
-359
-326
-293
-232
-187
-180
-165
-113
-130
-100
-95
-48
-12
1
11
-14
-78
-141
-166
-200
-201
-209
-241
-252
-237
-209
-165
-166
-210
-289
-379
-435
-436
-351
-266
-214
-216
-239
-221
-208
-210
-242
-264
-182
-22
88
140
209
263
347
423
485
573
698
796
843
877
883
897
847
808
756
697
647
545
472
425
350
299
243
151
75
41
21
-29
-36
-15
5
-2
-23
-50
-38
-19
-18
-7
-5
25
43
82
103
124
162
185
203
203
179
111
77
22
-44
-106
-132
-138
-162
-178
-210
-241
-246
-269
-292
-286
-287
-284
-301
-318
-345
-360
-385
-434
-451
-444
-465
-481
-479
-421
-320
-224
-170
-137
-130
-143
-124
-91
-32
2
52
89
53
10
-45
-85
-126
-170
-208
-243
-252
-224
-178
-132
-142
-177
-162
-170
-192
-186
-201
-217
-224
-223
-223
-251
-246
-228
-202
-129
-62
-41
-13
24
95
164
216
248
271
335
472
603
696
728
775
837
846
840
807
781
742
690
636
574
527
453
377
273
201
142
85
40
-20
-83
-89
-73
-77
-79
-98
-109
-106
-101
-104
-116
-117
-115
-111
-73
-51
-26
29
82
110
137
161
143
89
-6
-77
-131
-122
-84
-72
-88
-116
-137
-168
-184
-163
-179
-202
-234
-255
-252
-263
-279
-319
-366
-383
-407
-408
-373
-329
-276
-194
-141
-124
-125
-147
-129
-108
-79
-44
-40
-63
-109
-143
-185
-222
-269
-302
-343
-372
-368
-334
-263
-226
-218
-210
-180
-178
-163
-120
-79
-63
-54
-62
-75
-72
-98
-89
-84
-53
-25
-7
20
51
75
50
43
97
205
275
352
398
436
475
525
599
655
713
760
784
756
684
636
588
558
574
520
450
365
286
246
222
215
160
57
-44
-113
-151
-141
-142
-137
-132
-160
-173
-164
-145
-155
-145
-107
-45
-15
42
97
111
148
157
138
116
93
67
55
23
15
8
10
-4
-86
-141
-161
-191
-226
-269
-296
-292
-262
-230
-258
-277
-316
-343
-336
-351
-337
-319
-273
-194
-130
-132
-172
-214
-264
-271
-261
-233
-180
-116
-113
-165
-219
-248
-298
-351
-390
-382
-340
-278
-222
-170
-132
-114
-86
-104
-135
-115
-54
4
69
90
94
75
34
-29
-57
-66
-47
-5
18
38
68
98
100
99
106
114
151
222
280
326
343
369
416
464
512
540
556
557
524
531
536
549
572
580
577
525
460
356
265
177
81
4
-53
-87
-145
-174
-188
-209
-204
-217
-208
-186
-177
-128
-97
-81
-56
18
91
136
153
133
126
139
159
142
110
105
122
113
83
36
-28
-96
-143
-154
-141
-121
-68
-37
-23
-74
-147
-184
-207
-208
-209
-213
-237
-269
-280
-283
-284
-274
-294
-331
-342
-329
-290
-258
-251
-250
-246
-264
-290
-333
-351
-344
-324
-292
-299
-300
-263
-223
-188
-166
-152
-121
-89
-18
44
74
92
84
58
47
49
66
94
83
81
57
39
40
61
55
17
16
11
47
64
87
108
153
201
229
261
309
346
352
383
414
472
511
526
509
489
492
489
496
464
398
359
317
237
177
85
14
-15
-64
-110
-146
-188
-226
-241
-211
-145
-105
-71
-46
-16
19
40
66
73
84
69
88
79
57
53
47
65
63
25
-4
-14
-30
-37
-37
-24
-23
-20
-1
-28
-84
-136
-194
-235
-263
-280
-308
-314
-331
-333
-301
-284
-296
-302
-300
-280
-248
-225
-179
-156
-149
-175
-223
-264
-265
-257
-213
-165
-151
-153
-180
-188
-182
-155
-100
-40
5
19
39
66
68
74
58
38
38
55
55
49
63
78
101
109
101
88
88
65
33
20
39
93
132
157
150
146
153
183
185
188
184
202
232
205
213
249
266
283
307
324
313
291
296
317
303
295
267
220
198
157
141
117
57
13
-11
-31
-58
-68
-58
-66
-78
-64
-66
-65
-43
-32
-48
-53
-82
-113
-112
-101
-67
-28
16
43
39
54
68
60
58
62
49
26
4
-26
-73
-121
-168
-203
-220
-244
-254
-257
-258
-239
-225
-214
-201
-182
-171
-181
-164
-181
-191
-183
-190
-173
-177
-179
-182
-190
-186
-208
-202
-185
-161
-134
-104
-103
-98
-109
-102
-86
-67
-56
-78
-87
-86
-82
-63
-52
-26
17
29
35
37
40
45
69
80
109
159
203
235
232
231
223
246
255
245
241
220
222
205
171
124
86
77
84
112
132
132
144
183
210
258
270
268
264
257
282
282
286
272
226
162
131
102
91
71
34
4
-24
-53
-73
-75
-81
-58
-50
-55
-74
-103
-116
-122
-117
-89
-47
-31
-30
-21
-7
-30
-33
-31
-41
-31
-23
-35
-51
-66
-86
-87
-103
-110
-115
-142
-148
-140
-123
-90
-59
-81
-121
-125
-114
-119
-87
-55
-72
-87
-120
-149
-165
-156
-147
-150
-160
-216
-241
-234
-211
-182
-175
-206
-220
-232
-238
-205
-209
-205
-171
-163
-139
-121
-97
-63
-45
-24
-7
33
55
91
121
161
206
246
266
284
301
320
329
315
307
277
242
209
168
121
57
10
-15
-11
-2
-15
-19
-9
-29
-31
-28
-6
3
-3
21
25
33
63
92
122
145
169
183
204
225
232
231
230
234
222
226
196
169
131
85
55
24
0
-9
-22
-36
-45
-65
-65
-88
-75
-56
-54
-84
-98
-94
-88
-84
-77
-54
-56
-62
-51
-44
-10
20
27
47
37
33
48
63
77
65
40
25
11
0
-5
-17
-21
-38
-72
-98
-121
-141
-140
-152
-181
-212
-243
-282
-287
-316
-334
-307
-293
-271
-243
-210
-201
-194
-169
-159
-128
-79
-54
-21
-4
6
48
75
111
126
140
167
164
175
174
165
185
162
133
121
84
48
35
-8
-36
-53
-61
-66
-88
-77
-87
-88
-97
-84
-86
-93
-88
-85
-54
-10
22
59
104
115
140
173
192
229
251
259
276
293
329
307
263
248
202
184
173
142
103
47
-4
-51
-67
-81
-89
-73
-79
-88
-95
-100
-91
-96
-88
-66
-73
-68
-51
-20
12
12
53
78
76
68
67
85
92
106
109
117
102
96
111
89
65
57
36
27
8
-20
-32
-32
-49
-76
-123
-141
-154
-182
-193
-225
-223
-229
-252
-247
-234
-205
-194
-189
-171
-152
-132
-118
-95
-82
-58
-19
14
27
5
17
29
27
35
34
46
65
66
68
62
67
69
60
67
56
59
49
43
24
16
16
0
-15
-27
-44
-41
-50
-51
-53
-59
-56
-49
-56
-68
-68
-77
-68
-48
-21
-10
-4
-2
6
24
43
54
65
74
88
98
109
109
135
143
122
111
98
90
75
71
61
56
36
15
-4
-37
-46
-45
-72
-75
-64
-37
-8
10
32
58
80
89
102
118
128
144
158
192
202
221
224
225
228
212
217
191
172
151
112
89
66
36
10
-38
-80
-89
-101
-128
-140
-148
-147
-140
-131
-136
-111
-94
-95
-91
-92
-105
-112
-108
-110
-109
-108
-108
-120
-132
-147
-166
-148
-140
-149
-158
-165
-151
-122
-103
-108
-118
-130
-139
-143
-162
-154
-183
-200
-197
-197
-196
-200
-222
-217
-203
-199
-184
-162
-133
-110
-83
-58
-36
17
63
125
179
224
258
291
336
374
408
404
404
389
364
348
352
314
277
225
159
109
54
20
-6
-34
-55
-87
-107
-108
-89
-67
-62
-51
-48
-48
-33
-4
26
59
94
110
127
139
163
179
183
177
161
176
178
161
162
149
125
111
92
57
36
14
-23
-41
-69
-70
-71
-70
-52
-49
-59
-57
-47
-45
-31
-5
-3
13
29
32
22
-9
-15
-24
-52
-59
-75
-88
-98
-122
-138
-167
-208
-213
-234
-243
-241
-246
-236
-251
-240
-209
-195
-163
-157
-154
-148
-147
-138
-123
-129
-136
-131
-112
-88
-77
-65
-44
-21
-14
-18
-15
-3
8
28
55
52
48
65
49
44
58
59
61
72
62
51
58
63
60
46
32
24
19
38
12
-15
-12
5
6
3
16
29
52
63
82
82
99
119
125
126
123
132
153
171
174
159
155
158
161
158
160
163
183
188
176
165
153
156
155
164
137
128
130
108
97
93
88
96
105
99
115
115
119
132
130
125
117
122
119
107
86
69
42
40
23
-6
-40
-76
-100
-123
-140
-178
-200
-221
-264
-299
-315
-331
-346
-357
-379
-386
-382
-363
-354
-343
-323
-308
-292
-271
-256
-240
-222
-217
-204
-191
-195
-192
-195
-188
-181
-171
-165
-160
-138
-136
-104
-89
-80
-47
-41
-20
-3
-1
38
71
81
117
138
175
213
244
268
286
310
311
296
298
300
292
285
269
249
249
228
194
189
162
152
152
140
120
116
98
80
71
65
59
52
55
49
37
27
42
33
39
48
55
75
89
91
107
117
111
119
125
113
100
91
102
98
80
96
88
99
103
95
78
57
72
61
53
28
3
-10
-25
-41
-67
-83
-95
-109
-142
-163
-168
-175
-187
-213
-235
-254
-250
-252
-285
-300
-303
-321
-329
-329
-322
-303
-281
-276
-268
-262
-263
-237
-201
-197
-187
-173
-154
-134
-136
-133
-108
-101
-89
-73
-66
-67
-50
-8
22
46
75
104
134
156
168
183
198
211
216
218
224
233
245
237
219
209
198
191
185
179
167
172
185
182
178
152
141
142
131
134
132
128
129
105
78
68
43
47
42
31
31
27
30
13
-3
-8
-13
-13
-2
-20
-22
-15
-10
13
18
27
41
44
47
55
41
48
69
76
87
86
94
98
103
95
90
86
82
82
68
54
34
27
-5
-23
-43
-77
-81
-95
-125
-147
-167
-185
-201
-217
-238
-242
-244
-249
-253
-268
-272
-262
-264
-263
-274
-266
-266
-264
-246
-234
-230
-224
-208
-204
-215
-207
-188
-177
-151
-142
-120
-100
-78
-51
-15
21
44
75
88
94
106
112
135
156
161
164
185
197
204
203
204
205
201
213
206
201
204
210
225
211
189
191
190
174
163
153
133
142
133
118
118
111
108
111
95
78
68
65
67
67
65
50
53
36
19
16
5
2
6
-4
-12
-10
-13
-9
-20
-28
-24
-30
-26
-19
-16
-5
14
14
6
19
20
17
20
19
14
14
16
25
19
6
-15
-40
-61
-76
-98
-127
-145
-154
-179
-196
-204
-217
-217
-214
-221
-221
-216
-205
-191
-191
-164
-140
-134
-133
-126
-129
-122
-100
-100
-79
-73
-65
-50
-45
-47
-38
-26
-20
-6
-3
0
9
15
25
43
48
56
69
69
69
70
77
83
86
96
95
89
92
95
79
86
84
82
86
86
88
79
73
82
79
74
93
89
97
99
98
95
85
88
75
67
83
81
80
89
94
91
101
94
95
97
86
89
82
82
71
51
42
39
29
20
10
9
-2
-20
-42
-39
-14
-20
-8
2
-8
-16
-24
-30
-34
-34
-29
-29
-37
-49
-40
-37
-56
-75
-72
-91
-92
-99
-111
-102
-107
-115
-109
-128
-148
-151
-147
-143
-134
-127
-122
-112
-113
-106
-99
-103
-104
-90
-90
-82
-67
-55
-50
-48
-48
-45
-38
-25
-25
-17
0
23
36
41
37
41
43
45
56
54
67
66
75
73
69
72
73
87
91
86
84
86
82
65
71
71
61
77
66
44
40
35
37
42
34
40
51
44
46
55
64
93
92
86
102
90
77
95
87
77
71
80
80
68
70
59
49
41
43
34
12
4
15
7
-8
-22
-35
-31
-43
-57
-75
-76
-73
-85
-88
-102
-121
-112
-104
-106
-102
-101
-92
-84
-102
-113
-110
-113
-97
-100
-104
-94
-71
-63
-46
-41
-44
-27
-19
-13
-18
-12
-3
3
5
2
-13
2
6
15
16
10
28
37
34
28
32
31
40
56
68
61
66
72
67
45
39
48
48
40
39
39
49
57
48
45
29
15
9
1
-6
-29
-39
-27
-51
-59
-68
-69
-73
-61
-68
-89
-75
-69
-82
-84
-92
-89
-87
-63
-44
-40
-26
-6
11
6
14
34
57
75
84
100
114
126
124
117
112
108
118
133
127
121
111
102
94
73
71
59
42
30
15
-8
-24
-33
-40
-48
-62
-65
-73
-89
-91
-110
-103
-98
-97
-85
-83
-74
-59
-42
-42
-36
-35
-18
-13
-23
-15
2
6
29
48
53
46
55
58
52
62
63
67
65
56
59
61
70
85
91
75
58
55
56
49
48
49
38
29
22
10
4
-3
-4
-12
-29
-28
-36
-20
-21
-35
-28
-31
-45
-34
-53
-55
-49
-53
-55
-74
-85
-89
-87
-95
-105
-119
-131
-126
-133
-142
-142
-132
-115
-120
-114
-103
-101
-90
-69
-73
-66
-48
-27
-13
-12
7
18
27
32
39
38
45
63
65
71
70
56
63
72
68
72
90
96
89
87
85
66
61
78
70
50
35
35
27
17
5
-9
11
14
17
25
21
40
47
49
48
37
56
66
75
64
56
58
60
54
55
60
60
64
66
75
53
66
60
52
72
51
65
71
62
63
61
48
44
42
40
38
40
37
33
31
34
28
21
20
7
3
-13
-18
-19
-34
-51
-52
-62
-63
-72
-93
-92
-103
-121
-127
-144
-145
-155
-173
-179
-192
-194
-181
-181
-194
-197
-193
-179
-161
-157
-141
-126
-117
-113
-124
-117
-101
-91
-81
-78
-77
-63
-56
-41
-33
-26
-14
5
8
10
24
28
39
52
67
80
88
98
109
113
117
116
124
128
136
143
141
145
141
144
149
118
109
111
105
97
78
83
83
79
60
61
66
45
43
37
20
12
19
19
9
0
12
-2
-6
-10
-18
-12
-5
18
26
40
37
47
59
57
60
78
88
82
85
82
77
70
87
88
84
86
95
93
78
69
57
52
49
33
25
9
-13
-23
-33
-53
-73
-105
-122
-130
-149
-154
-151
-154
-168
-176
-194
-186
-179
-167
-166
-168
-165
-163
-156
-153
-141
-121
-110
-105
-97
-87
-84
-85
-75
-56
-54
-53
-38
-34
-28
-28
-25
-14
-19
-14
-11
10
13
24
34
31
34
42
59
71
91
103
116
123
136
132
137
145
150
150
145
151
154
153
135
133
121
106
96
97
88
87
84
60
48
27
17
2
-18
-27
-54
-70
-67
-86
-97
-93
-102
-103
-108
-111
-103
-98
-77
-59
-60
-44
-35
-30
-6
-6
9
25
33
55
64
74
90
89
91
95
84
91
86
86
84
70
63
59
34
33
18
9
-3
-7
-4
-33
-47
-55
-68
-65
-91
-95
-89
-104
-109
-112
-105
-104
-114
-106
-109
-112
-96
-90
-78
-80
-75
-61
-63
-57
-56
-52
-46
-46
-46
-41
-36
-39
-26
-32
-28
-24
-26
-16
-11
-12
-10
13
18
29
46
48
66
67
60
75
80
76
88
70
84
87
90
103
106
103
94
89
83
90
81
69
74
86
83
67
78
66
67
56
26
13
7
6
-5
-16
-20
-28
-31
-35
-32
-25
-32
-17
-18
-13
-7
-13
13
17
16
16
18
30
33
31
36
37
35
38
26
28
22
25
31
26
18
14
15
12
10
1
-12
-16
-21
-28
-36
-60
-57
-60
-67
-72
-88
-87
-77
-81
-89
-96
-92
-91
-90
-86
-87
-79
-70
-71
-81
-84
-80
-78
-66
-73
-72
-52
-45
-35
-32
-26
-9
-12
4
4
9
9
6
12
19
19
20
25
16
17
3
5
12
20
14
15
22
17
21
17
6
0
-2
7
13
9
25
34
35
49
47
46
63
59
66
71
75
79
71
79
68
56
50
57
56
36
30
28
34
23
30
28
28
29
27
24
11
13
16
30
20
24
28
29
34
24
17
15
18
23
23
16
19
13
9
19
-2
-10
-3
-8
-5
-9
-14
-22
-28
-30
-45
-48
-47
-44
-40
-42
-53
-52
-48
-53
-52
-56
-43
-35
-38
-22
-35
-33
-26
-30
-23
-30
-26
-19
-15
-3
-12
-10
4
16
9
16
10
8
4
-2
-9
-20
-17
-14
-14
-31
-46
-37
-34
-41
-48
-56
-59
-50
-40
-47
-57
-58
-47
-50
-49
-54
-48
-30
-26
-21
-23
-9
14
31
26
26
29
39
50
48
56
54
62
81
79
68
66
78
91
86
81
80
87
77
85
76
74
83
82
85
65
58
54
52
54
40
23
18
11
2
-11
-29
-34
-38
-52
-66
-73
-70
-70
-69
-75
-84
-88
-81
-70
-73
-77
-75
-68
-54
-50
-51
-48
-35
-28
-19
-22
-17
0
5
15
21
19
35
42
56
58
53
60
57
49
44
32
36
46
40
38
34
33
26
30
30
16
9
8
8
-1
0
0
0
-7
-12
-14
-28
-26
-33
-33
-41
-57
-57
-65
-75
-81
-78
-75
-82
-83
-82
-78
-74
-71
-58
-61
-55
-46
-40
-33
-29
-19
-14
-15
-8
0
5
23
29
39
46
55
78
78
74
80
84
93
95
97
93
96
107
105
96
95
93
103
103
86
82
83
66
53
47
25
20
15
-6
-17
-36
-43
-45
-40
-58
-78
-79
-73
-75
-81
-75
-73
-70
-66
-68
-72
-71
-69
-59
-42
-44
-33
-12
-5
-4
-6
4
14
22
39
44
46
60
75
70
65
61
67
71
62
61
57
55
58
44
35
38
23
18
11
-1
-5
-13
-21
-22
-41
-54
-54
-54
-49
-70
-82
-78
-92
-92
-95
-101
-98
-93
-89
-87
-90
-79
-67
-66
-72
-67
-59
-50
-40
-34
-27
-29
-20
-14
-7
-13
-12
-2
1
7
15
20
29
29
21
24
25
34
43
42
42
50
51
57
57
55
56
64
67
67
64
74
76
68
66
58
57
57
49
47
34
31
31
25
21
15
14
19
18
7
9
7
7
6
-1
-11
-16
-16
-11
-15
-7
-11
-4
6
6
2
-2
6
11
15
23
28
41
47
40
40
44
49
53
54
56
52
44
35
36
19
7
9
2
-4
-14
-23
-22
-35
-47
-55
-72
-75
-77
-82
-90
-98
-111
-119
-120
-125
-124
-128
-111
-109
-115
-109
-105
-94
-93
-91
-74
-58
-51
-35
-37
-33
-23
-13
-4
-3
-1
4
16
20
19
13
23
31
33
37
47
51
58
68
77
80
81
91
97
90
79
87
91
86
83
81
76
79
75
57
51
39
43
42
34
19
20
19
20
10
-8
-9
-18
-28
-40
-45
-52
-47
-37
-44
-50
-34
-34
-24
-21
-31
-19
-7
4
4
-1
0
8
26
29
29
34
36
49
48
42
39
60
64
62
65
64
77
83
61
57
53
41
47
39
23
17
22
21
14
-6
-29
-40
-40
-58
-62
-78
-78
-82
-93
-106
-124
-123
-119
-121
-127
-124
-123
-116
-99
-93
-101
-95
-87
-75
-74
-68
-58
-44
-31
-28
-24
-14
3
19
26
28
28
36
47
57
58
53
61
72
60
56
56
58
50
53
47
39
41
39
44
28
27
29
38
38
28
19
19
12
15
8
5
13
12
13
3
-4
-5
-3
-1
-3
-7
-16
-16
-9
-13
-22
-19
-13
-10
-1
2
0
15
24
18
29
28
40
45
45
45
43
48
45
47
43
40
45
45
40
32
37
31
38
40
28
23
24
23
17
13
10
-4
-6
-16
-21
-29
-32
-32
-45
-46
-48
-42
-49
-46
-50
-52
-43
-50
-57
-58
-51
-48
-49
-43
-52
-47
-44
-51
-46
-49
-50
-47
-44
-50
-35
-33
-28
-25
-31
-33
-37
-29
-24
-29
-23
-20
-3
2
4
13
17
15
20
18
1
5
-1
-1
-1
-6
4
-2
0
5
-3
-8
2
10
10
10
14
21
29
26
20
15
13
22
9
13
11
20
29
22
28
35
47
55
59
60
54
60
76
76
73
74
84
96
90
79
72
75
79
81
75
72
72
66
65
53
46
44
41
35
31
26
21
22
10
4
-11
-25
-30
-35
-49
-53
-50
-53
-61
-62
-70
-71
-69
-68
-75
-79
-75
-72
-70
-65
-59
-62
-51
-47
-53
-52
-55
-43
-43
-41
-47
-51
-42
-39
-42
-43
-39
-32
-28
-36
-39
-43
-30
-24
-29
-28
-28
-18
-6
-8
-20
-22
-21
-15
-21
-23
-19
-17
-13
-12
-17
-20
-18
-22
-18
-17
-11
-11
9
16
11
15
18
13
14
9
-1
10
5
9
5
0
-1
7
13
0
1
3
-3
12
18
15
30
36
43
51
41
46
46
50
65
52
63
64
63
73
66
66
78
77
71
71
66
71
66
62
57
53
44
40
40
37
21
18
23
11
8
3
9
10
9
5
1
-5
-4
-10
-15
-11
-11
-13
3
-2
-7
0
5
4
-13
-3
-4
0
0
2
3
-2
4
-3
-5
-12
-22
-21
-22
-33
-37
-31
-34
-38
-50
-56
-55
-63
-56
-60
-62
-64
-59
-60
-61
-61
-66
-59
-56
-61
-62
-54
-50
-47
-44
-48
-53
-46
-39
-42
-34
-30
-22
-8
-7
-1
0
13
14
10
3
5
13
15
13
5
10
9
8
15
5
17
28
18
32
33
33
34
41
41
45
44
42
40
39
30
35
37
42
47
40
42
45
45
39
45
41
39
51
40
37
31
29
24
20
21
19
20
18
17
8
10
3
-1
-1
-11
-13
-10
-18
-19
-20
-26
-22
-18
-27
-33
-35
-41
-39
-39
-41
-40
-38
-28
-27
-36
-19
-24
-30
-27
-29
-24
-13
-12
-7
-16
-11
-5
-6
1
0
-2
4
5
1
-1
-6
1
1
4
1
11
12
14
12
1
0
2
7
12
12
12
14
19
22
9
10
9
12
17
16
12
15
15
10
5
1
-3
2
2
-5
-12
-9
-5
-11
-11
-17
-21
-16
-15
-20
-27
-23
-19
-17
-21
-21
-18
-12
-2
-2
-3
1
3
10
5
7
13
11
17
22
18
15
28
34
33
27
23
26
30
27
23
26
24
21
21
13
11
12
13
13
3
-1
5
8
11
9
4
-1
-3
-2
-11
-9
1
-2
3
2
-13
-4
-3
-2
-7
-18
-16
-13
-23
-13
-11
-22
-14
-17
-22
-27
-28
-26
-32
-32
-33
-36
-32
-20
-32
-30
-28
-32
-30
-28
-34
-36
-32
-28
-28
-24
-20
-11
-5
1
1
5
10
6
8
15
16
16
28
26
25
26
23
30
20
15
11
10
12
12
8
3
6
10
4
-5
3
0
9
6
-6
1
-1
1
3
-3
-2
5
7
9
8
18
27
34
42
49
38
30
44
40
30
29
36
36
37
37
42
47
48
46
42
42
37
39
40
35
33
35
27
28
27
17
10
3
-1
-9
-20
-24
-27
-30
-36
-34
-36
-37
-34
-39
-33
-40
-38
-33
-40
-44
-41
-40
-41
-44
-49
-43
-46
-46
-49
-40
-39
-48
-35
-31
-33
-32
-27
-30
-31
-31
-31
-22
-22
-18
-10
-20
-14
-13
-14
-17
-25
-22
-22
-26
-22
-21
-22
-19
-20
-18
-25
-16
-9
-5
1
5
7
4
13
6
8
7
5
7
6
4
9
11
14
20
21
27
28
32
33
41
39
35
40
43
41
38
37
37
42
37
42
33
34
33
28
40
37
39
44
49
51
51
41
41
41
41
45
40
39
37
34
35
29
25
22
24
26
24
27
23
22
21
13
11
12
6
-3
-12
-21
-34
-34
-33
-40
-39
-44
-41
-43
-34
-37
-35
-27
-30
-29
-37
-37
-36
-36
-32
-32
-30
-28
-27
-37
-41
-38
-34
-34
-37
-32
-37
-34
-42
-42
-41
-47
-50
-50
-51
-45
-46
-52
-46
-48
-43
-39
-35
-29
-32
-23
-17
-19
-15
-8
-6
-2
3
12
12
27
23
17
20
32
29
22
31
30
31
25
25
22
21
21
17
25
19
20
22
14
15
17
20
19
9
10
10
6
14
15
11
24
30
41
36
37
36
38
41
44
47
52
57
54
58
49
45
49
36
33
37
34
36
31
29
20
24
16
18
15
16
10
11
14
6
6
12
13
8
6
4
-5
2
3
-7
-7
-1
-4
-10
-7
-14
-7
-17
-18
-20
-29
-33
-36
-40
-45
-48
-48
-48
-53
-54
-48
-57
-49
-42
-45
-54
-58
-56
-58
-53
-46
-43
-46
-37
-46
-45
-44
-49
-41
-39
-43
-42
-32
-33
-32
-26
-21
-22
-14
-7
-8
0
0
5
5
12
10
12
20
17
22
24
25
32
30
28
27
29
37
26
33
38
29
33
29
25
29
28
29
31
34
31
31
39
41
37
35
44
37
30
37
32
26
27
29
33
34
37
35
35
35
32
38
34
35
34
35
23
27
31
25
27
20
18
16
8
4
1
-7
-4
-6
-12
-14
-19
-25
-33
-28
-33
-34
-30
-29
-35
-34
-41
-44
-52
-46
-41
-49
-45
-45
-51
-53
-50
-48
-57
-55
-49
-51
-49
-50
-50
-45
-47
-46
-35
-34
-33
-30
-28
-26
-22
-16
-18
-16
-13
-13
-3
-3
-2
-3
-4
-4
-2
0
1
12
5
7
16
7
13
14
13
19
17
20
18
18
16
15
16
21
20
21
23
30
25
30
35
32
33
36
37
33
38
36
41
40
44
39
36
33
31
33
32
29
29
32
30
21
25
27
25
25
26
27
26
24
30
33
24
23
24
23
24
20
17
17
7
8
1
-1
-4
-12
-7
-11
-11
-16
-17
-22
-22
-25
-20
-22
-27
-29
-32
-34
-36
-33
-29
-32
-27
-26
-26
-26
-27
-28
-27
-27
-29
-27
-28
-22
-24
-25
-25
-22
-23
-24
-26
-20
-27
-32
-31
-32
-30
-25
-23
-28
-23
-25
-24
-25
-25
-18
-16
-16
-7
-3
-6
0
0
7
3
10
7
9
11
14
18
16
23
21
24
22
22
26
23
26
24
26
25
23
24
25
21
20
24
24
22
26
24
24
23
23
20
24
28
24
25
26
25
27
27
26
26
28
28
20
28
18
7
14
13
2
1
-5
3
2
-5
-5
-14
-11
-14
-22
-23
-27
-24
-25
-26
-28
-33
-35
-30
-33
-43
-40
-38
-29
-31
-35
-32
-29
-22
-21
-23
-19
-23
-21
-12
-17
-17
-16
-13
-14
-13
-12
-3
3
-1
4
5
2
2
6
6
7
5
6
12
15
10
11
8
4
4
3
2
2
2
-1
-6
1
4
2
5
9
12
8
11
19
15
16
21
23
21
19
17
14
16
13
12
14
9
9
10
9
9
8
4
4
7
10
6
6
5
4
0
-1
6
2
-1
5
9
4
2
6
7
9
5
9
13
9
10
13
14
12
7
9
5
3
2
-3
1
-5
-5
-8
-8
-7
-9
-10
-14
-12
-8
-11
-14
-9
-8
-13
-13
-15
-13
-11
-13
-15
-17
-16
-16
-18
-15
-21
-19
-19
-17
-19
-18
-14
-17
-8
-3
-6
-9
-8
-5
-5
-8
1
-1
-2
-2
-4
-1
-8
-1
-4
-3
-4
-4
1
-2
4
3
6
6
5
0
3
3
3
9
8
7
6
8
12
10
12
11
7
13
8
9
10
10
10
10
8
5
6
8
10
8
7
7
8
9
9
1
5
4
6
3
5
10
13
14
15
15
14
14
16
18
16
16
17
16
17
9
10
9
5
4
0
-3
-3
-5
-6
-13
-13
-8
-11
-7
-7
-10
-13
-9
-14
-11
-13
-11
-8
-9
-11
-12
-3
-5
-8
-3
-10
-14
-11
-9
-14
-11
-11
-13
-10
-7
-9
-9
-8
-10
-11
-13
-14
-11
-12
-8
-11
-11
-6
-8
-3
-3
-1
-1
1
1
1
4
6
5
4
5
7
11
11
13
10
10
9
11
10
8
8
9
9
8
7
3
3
1
1
2
-3
-2
-4
-5
-13
-15
-12
-14
-9
-12
-13
-13
-9
-7
-11
-2
-3
-3
3
2
1
4
4
8
5
7
5
3
8
12
8
10
12
12
15
11
15
13
14
20
15
14
13
12
8
4
3
0
0
-1
-2
0
-2
-2
-3
-4
-4
-3
0
-2
-3
-2
1
1
0
6
5
2
5
5
2
3
4
-1
2
3
2
1
-2
-2
-3
-5
-9
-8
-11
-13
-9
-11
-12
-9
-11
-9
-10
-8
-9
-5
-7
-5
-6
-8
-6
-4
-5
-9
-4
-2
-1
-4
3
3
0
-2
0
-1
-1
-1
-1
-1
2
2
2
3
1
7
3
1
3
4
0
5
1
1
4
2
1
1
1
-2
0
0
1
1
3
0
4
4
-3
-1
0
0
-2
-1
-1
-2
2
2
1
-2
2
2
1
1
1
7
4
3
0
2
2
2
4
6
1
3
3
2
1
0
4
4
5
3
4
4
4
5
5
5
9
8
7
9
6
4
6
8
3
5
10
3
1
3
2
1
2
2
-2
1
-1
-3
-3
-3
-7
-8
-7
-8
-9
-8
-7
-9
-8
-10
-12
-15
-12
-13
-16
-15
-13
-15
-15
-13
-13
-14
-13
-13
-11
-10
-10
-10
-7
-6
-5
-1
-3
2
-1
2
7
6
3
10
10
9
11
9
11
12
11
12
12
8
7
6
8
10
6
3
6
6
6
8
4
4
2
4
6
2
0
6
7
5
8
8
8
12
8
8
9
9
5
4
3
1
3
2
1
1
-5
-3
-6
-5
-8
-8
-3
-5
2
-4
-1
2
-1
-3
0
-7
-4
0
1
3
4
6
5
5
7
5
5
3
0
2
-1
-1
-3
-4
-3
-8
-6
-7
-9
-4
-8
-8
-5
-6
-7
-7
-5
-5
-7
-4
-3
-5
-3
-2
-3
-6
-5
-6
-8
-6
-3
-5
-3
0
-1
-2
-2
0
-3
-1
-4
-2
-2
-5
-5
-7
-6
-6
-6
-4
-4
-7
-7
-8
-11
-10
-10
-8
-8
-7
-5
-5
-6
-6
-1
-5
-4
-1
-3
-1
1
-3
-1
0
3
6
6
6
9
9
7
9
8
6
9
9
10
9
9
13
15
17
16
17
18
16
16
16
17
12
11
12
10
9
9
8
10
10
9
12
10
13
8
10
10
5
8
6
4
5
4
3
2
0
-1
1
-1
0
-1
0
-1
-3
-3
-3
-3
-5
-5
-5
-5
-7
-9
-6
-8
-12
-10
-9
-10
-8
-6
-10
-8
-8
-9
-8
-10
-7
-6
-7
-9
-7
-8
-12
-10
-8
-12
-14
-11
-15
-16
-13
-13
-11
-9
-10
-9
-6
-5
-6
-3
-3
-3
-1
1
-1
-1
1
1
0
3
0
1
2
2
-1
0
0
-2
1
-1
0
2
2
2
1
-2
0
1
0
-1
0
0
1
1
6
4
2
4
3
3
3
2
5
4
5
6
8
6
7
9
8
6
7
7
7
7
5
8
8
6
5
3
3
1
2
3
4
5
7
6
7
6
6
7
8
8
9
6
8
9
5
7
3
4
5
4
2
-2
-2
-3
-6
-6
-5
-6
-3
-6
-5
-4
-7
-3
-6
-7
-5
-3
-5
1
-2
-1
-3
-1
-2
-1
-1
-2
-1
-1
-2
-3
-4
-2
-1
-3
0
-6
1
-5
-4
-1
-6
-3
-6
-4
-2
-6
-3
-6
-5
-8
-8
-5
-9
-10
-4
-5
-8
-5
-5
-4
-6
-2
-2
2
1
-1
2
3
4
6
5
3
4
3
4
2
3
4
4
3
4
5
2
5
2
3
4
4
4
2
3
1
2
2
5
5
6
4
4
4
5
6
4
9
4
7
10
9
8
6
7
6
4
4
5
2
0
-1
-3
-3
-5
-4
-6
-7
-8
-5
-6
-8
-5
-9
-9
-9
-9
-8
-10
-8
-7
-9
-11
-12
-10
-12
-12
-12
-12
-9
-7
-8
-5
-5
-2
-2
-1
-1
-2
-1
-2
2
1
1
5
5
4
10
8
8
10
11
13
12
11
10
9
10
9
7
7
5
5
4
5
7
6
3
4
6
3
2
1
2
0
-2
2
0
0
-1
1
0
0
-1
0
0
-2
-1
0
-2
1
1
0
0
1
-1
1
0
-4
-2
1
1
-2
1
-2
-1
-1
1
-1
-2
0
-3
-2
-1
-1
-1
0
1
-1
-1
0
-1
0
-1
-3
-2
-1
-1
-4
-2
-1
-2
-3
-1
-2
-3
-4
-3
-4
-6
-5
-5
-7
-6
-7
-8
-8
-9
-8
-10
-8
-6
-8
-6
-6
-5
-3
-6
-6
-4
-3
0
0
-2
1
2
2
2
2
3
5
3
5
5
5
5
6
8
4
6
8
5
4
5
2
3
1
3
2
1
2
0
1
1
-2
0
2
1
0
1
1
0
1
4
2
3
3
3
5
4
6
7
9
10
10
11
10
11
12
10
8
10
10
10
13
11
11
9
7
5
3
3
1
-1
-2
-4
-3
-3
-4
-4
-7
-6
-5
-4
-6
-6
-7
-7
-9
-8
-8
-8
-7
-7
-5
-6
-4
-5
-5
-3
-5
-5
-3
-3
-2
-2
-3
-2
-4
-5
-6
-7
-6
-7
-6
-8
-7
-10
-8
-9
-9
-8
-10
-9
-6
-5
-5
-4
-2
-3
-4
-3
-2
0
-2
2
2
0
3
1
2
0
1
1
0
2
0
0
2
0
0
2
3
4
5
4
5
5
3
5
4
6
5
6
6
4
4
3
3
6
6
4
5
6
7
6
5
7
5
6
5
3
3
4
2
3
2
2
2
2
1
0
0
4
0
-1
-1
-3
-1
-2
-2
-3
-3
-3
-2
-1
-1
0
0
-1
1
1
1
4
4
4
4
4
4
6
6
3
4
4
5
3
4
3
0
1
1
-3
-4
-3
-3
-7
-6
-7
-8
-9
-10
-9
-10
-8
-9
-9
-6
-6
-8
-9
-8
-10
-9
-7
-7
-7
-7
-6
-4
-7
-5
-4
-5
-4
-4
0
-1
2
2
1
5
4
2
4
5
4
5
4
8
5
5
7
7
9
9
6
6
6
7
7
7
4
7
7
3
5
3
4
4
5
2
2
1
2
4
1
0
1
1
2
2
1
1
0
0
0
1
0
-2
2
0
-2
-1
0
-3
-2
2
0
-3
-2
-3
-2
0
-1
1
-1
-2
-2
-2
-3
-2
-5
-3
-3
-2
-1
1
1
0
1
-1
0
-2
-3
-2
0
-4
-3
-2
-4
-3
-3
-4
-5
-6
-4
-6
-7
-7
-7
-8
-9
-9
-8
-6
-6
-5
-5
-5
-6
-4
-3
-3
-2
-2
1
2
2
2
3
2
2
2
4
6
7
6
6
8
8
7
10
8
8
7
8
8
8
7
6
5
2
3
3
2
2
2
2
2
1
0
-1
0
0
1
0
-1
0
0
-2
0
-3
-3
-1
-2
-2
-2
-3
-3
-3
-4
-2
-2
-4
-2
-2
-1
-1
-1
0
0
-1
0
2
0
2
2
-1
-1
1
3
1
2
1
5
2
1
1
-1
0
0
1
1
0
0
1
3
2
2
2
0
1
2
0
-1
-3
-2
0
-4
-1
-1
-2
-1
-1
-2
-2
-3
-3
-2
-2
-1
-2
0
-1
0
-1
-2
-1
0
-1
0
0
-2
-2
-1
-2
1
-1
-3
-1
-3
-4
-4
-3
-3
-2
-1
-1
-2
-3
-1
1
0
2
1
2
1
1
1
0
3
0
1
2
1
2
1
1
2
1
2
2
3
4
3
3
2
1
1
1
1
1
1
-1
-2
-2
0
0
1
1
1
3
2
1
1
0
1
1
1
0
1
-1
1
0
-1
-2
-1
-1
0
-1
0
-1
-1
-1
-3
-2
0
1
0
0
-3
2
1
0
1
3
3
3
3
4
3
3
4
4
2
1
1
1
1
0
2
1
1
0
-2
-1
-2
-4
-2
-4
-4
-5
-5
-7
-8
-8
-6
-6
-7
-7
-8
-7
-7
-5
-6
-5
-6
-5
-2
-2
-3
-1
0
0
0
1
1
1
2
1
-1
2
2
1
3
4
4
5
4
6
4
4
4
5
6
5
7
7
8
9
9
7
9
8
6
8
7
8
6
5
7
4
3
3
1
2
0
-1
-1
-1
-2
-3
-2
-1
-2
-2
-2
-2
-3
-3
-3
-2
-2
-2
-1
-1
-2
-3
-4
-4
-4
-5
-7
-5
-5
-5
-4
-3
-2
-3
-3
-3
-1
-1
-2
-1
-3
-3
-3
-2
-2
-2
-1
-1
-2
-2
-3
-1
-2
-2
-1
-1
0
-2
0
-2
-5
-2
-3
-3
-3
0
0
1
1
0
1
-1
2
1
2
2
2
4
3
4
3
5
2
4
3
2
2
2
2
2
4
3
4
4
3
3
0
1
0
0
-1
-2
-1
-1
-1
0
1
-1
-3
-4
-5
-4
-3
-5
-2
-3
-2
-3
-3
-3
-2
-1
-1
-1
0
-1
0
2
1
2
0
4
4
3
3
3
4
3
3
5
3
3
3
3
4
3
5
2
4
2
2
2
2
2
3
2
3
2
1
2
0
3
2
1
3
2
3
2
2
3
1
2
1
2
4
2
2
3
2
0
1
1
0
-1
0
0
-2
-1
-2
-2
-3
-5
-4
-5
-6
-5
-7
-7
-7
-9
-7
-8
-10
-8
-9
-10
-9
-9
-8
-9
-7
-8
-7
-5
-5
-3
0
-1
1
3
1
2
2
4
4
5
4
5
6
8
5
5
6
4
4
4
3
3
3
3
3
1
0
0
-1
-2
-1
-3
-2
-1
0
-2
-1
-1
-1
0
-1
-1
0
0
0
0
0
0
-1
-2
1
-1
-1
0
2
1
0
2
2
2
1
2
1
2
