1
0
1
-1
1
-4
-2
0
-3
-4
-2
-3
-2
-3
-1
-2
0
0
0
-1
-2
-3
0
-2
-1
-1
2
3
0
0
0
5
1
1
1
0
0
3
1
1
2
4
3
1
3
2
4
7
7
7
6
4
6
4
3
4
5
5
1
4
2
2
3
1
1
3
5
4
4
4
5
4
4
6
3
4
7
5
7
3
2
1
-1
0
-1
-2
-2
-2
-1
-3
-6
-5
-4
-4
-6
-4
-3
-2
-2
-2
-1
-3
-4
-5
-5
-7
-6
-6
-6
-7
-4
-6
-5
-5
-3
-3
-3
-3
-5
-4
-1
-2
-2
-3
-5
-1
-1
-1
-3
-3
-2
-2
-1
-1
-4
-1
1
1
1
0
2
2
0
1
1
1
1
0
1
3
3
3
2
2
2
1
4
3
5
3
3
4
5
3
4
6
5
6
4
5
4
3
2
4
1
2
2
1
3
3
2
0
1
1
3
3
3
2
1
1
2
0
-2
-1
-1
-1
-2
-4
-1
-2
-2
-2
-2
-1
-3
-4
-2
-2
-2
-1
-4
-4
-3
-3
-3
-2
-2
-2
-2
-4
-4
-4
-3
-4
-3
-2
-3
0
0
1
0
2
1
0
4
3
3
4
3
4
2
2
0
1
1
0
2
2
1
2
3
3
2
2
2
2
3
2
3
3
4
2
0
1
1
1
0
-1
-2
0
0
-1
-2
-1
-1
-2
-3
-3
-3
-2
-3
-2
-2
-2
-3
-1
-3
-2
-1
-2
-1
-1
1
0
1
0
1
-1
1
2
2
3
1
1
2
3
4
1
0
1
3
3
3
3
2
1
3
4
2
1
4
3
4
2
-2
1
-2
0
-2
-2
-2
-3
-2
-2
-1
-3
-4
-2
-2
-3
-3
-4
-4
-6
-3
-3
-2
-1
-1
-3
-4
-3
-4
-1
-5
-4
-4
-2
-3
-5
-5
-3
-2
-3
-1
-4
-1
-4
-2
-5
-3
-1
-3
1
-1
-1
-3
-4
-3
-3
-2
0
2
2
0
1
2
2
3
2
2
5
5
5
4
5
7
6
8
7
5
5
5
4
4
5
8
5
4
4
3
0
2
1
0
3
2
-1
0
1
-2
-1
-3
1
-1
1
0
-2
0
1
0
0
-1
1
3
5
3
4
1
2
2
1
2
2
3
3
5
1
1
-3
-2
-2
1
-2
-2
1
-1
0
0
1
1
1
0
0
-1
0
0
-1
-2
-3
-1
-2
-3
-2
-1
-2
-4
-5
-3
-5
-7
-4
-3
-3
-2
-3
-1
-2
-1
-1
-2
-2
0
-2
0
-2
-3
-4
-5
-5
-4
-4
-3
-2
0
0
0
0
-3
0
-2
-2
0
-1
-1
0
0
-2
0
-2
-2
-3
-2
-1
0
2
2
1
2
4
5
4
5
5
5
7
4
5
5
6
3
3
4
3
3
4
5
5
7
6
4
2
3
2
3
3
4
3
4
2
1
0
-1
-1
0
-1
-3
-3
-2
-2
-1
0
0
1
-2
-2
-4
-3
-2
-2
-2
-2
-3
-5
-6
-7
-6
-7
-5
-5
-4
-4
-4
-4
-4
-4
-3
0
1
-1
0
-1
-3
-2
-1
-1
0
-1
0
-1
-2
-4
-5
-4
-2
-2
-3
-2
-2
0
-1
-1
1
1
1
1
1
1
1
2
2
3
2
4
3
1
2
1
3
4
2
3
0
1
2
3
0
1
2
1
3
3
5
6
6
6
8
5
2
3
4
5
5
7
8
6
6
5
3
2
3
1
0
1
1
0
0
0
0
0
-1
-3
-2
-3
-4
-3
-2
-4
-4
-3
-6
-5
-5
-6
-4
-4
-4
-5
-3
-6
-7
-5
-2
-2
-2
-1
-3
-4
-4
-5
-5
-4
-1
-1
-3
-1
-1
-2
-1
0
1
1
2
1
1
1
2
0
1
1
1
2
2
1
0
1
0
0
-2
0
-1
-3
-2
-4
-4
-5
-4
-3
-2
-3
-2
-1
-1
1
0
-1
0
0
2
1
1
0
1
2
0
1
0
1
0
1
1
1
0
1
3
3
3
4
4
4
6
6
7
7
6
4
5
5
7
7
4
3
3
3
2
4
3
5
4
4
3
2
1
2
2
-1
-1
-2
-3
-4
-3
-5
-5
-2
-4
-5
-4
-3
0
2
1
2
2
5
5
6
7
9
8
7
5
3
-3
-4
-6
-6
-5
-7
-8
-6
-7
-7
-8
-9
-10
-10
-13
-15
-15
-14
-10
-7
-3
0
5
5
5
3
6
7
8
10
8
9
8
7
3
2
2
1
-3
-4
-3
-5
-7
-8
-10
-8
-11
-11
-10
-8
-3
2
1
3
3
3
3
4
6
7
10
8
11
11
8
6
3
1
0
-1
0
-2
-2
0
2
3
6
5
1
1
-3
-4
-3
-3
1
4
4
4
4
2
2
0
0
-1
-1
2
4
5
8
9
8
7
4
2
2
0
-2
-3
-5
-7
-11
-13
-10
-11
-12
-10
-7
-4
0
-2
-1
2
3
5
5
7
9
10
10
8
6
5
1
0
-3
-3
-4
-7
-5
-8
-6
-6
-9
-12
-13
-13
-15
-13
-13
-12
-12
-13
-11
-10
-8
-7
-4
3
3
6
6
5
7
8
9
11
12
10
12
10
8
8
7
9
10
11
9
8
9
8
7
8
8
9
9
9
12
10
12
13
15
16
16
14
14
11
8
8
9
6
2
0
-2
-7
-13
-16
-19
-19
-20
-21
-20
-20
-20
-25
-29
-31
-35
-36
-40
-46
-47
-48
-46
-43
-39
-32
-26
-15
-6
7
16
26
37
44
53
59
63
66
64
57
45
38
28
14
0
-15
-26
-39
-48
-53
-55
-53
-51
-46
-36
-25
-7
11
29
50
68
82
93
100
105
106
102
91
81
68
52
35
17
5
-12
-25
-35
-42
-48
-50
-46
-37
-26
-18
-17
-28
-56
-117
-204
-287
-330
-332
-315
-289
-242
-172
-93
-28
16
71
141
207
243
256
284
340
404
438
451
474
496
477
398
289
165
7
-197
-433
-655
-835
-955
-1044
-1080
-1018
-862
-645
-407
-153
116
393
635
819
950
1056
1120
1112
1057
980
890
791
658
481
298
125
-42
-219
-393
-542
-669
-776
-835
-845
-785
-676
-538
-374
-209
-41
112
229
316
381
424
417
394
365
322
286
218
142
84
17
-54
-117
-168
-202
-223
-243
-251
-241
-224
-214
-214
-210
-202
-195
-220
-265
-345
-507
-774
-1121
-1417
-1532
-1478
-1347
-1169
-912
-553
-181
100
290
515
789
1014
1091
1065
1125
1263
1387
1433
1434
1473
1475
1342
1048
692
329
-92
-605
-1161
-1623
-1928
-2091
-2154
-2062
-1775
-1322
-784
-254
280
775
1211
1543
1756
1871
1925
1914
1796
1616
1448
1275
1049
776
474
139
-197
-502
-822
-1060
-1188
-1258
-1278
-1186
-1016
-803
-526
-250
-6
219
415
549
649
679
679
656
608
537
440
368
261
116
-20
-113
-211
-326
-422
-441
-417
-368
-285
-204
-131
-72
-72
-143
-224
-315
-412
-540
-651
-726
-836
-1010
-1207
-1374
-1444
-1420
-1272
-1009
-665
-334
-66
169
406
626
756
851
943
1012
1047
1026
997
1029
1074
1028
866
665
449
185
-141
-513
-839
-1128
-1347
-1511
-1558
-1426
-1190
-930
-622
-210
244
627
926
1164
1359
1530
1631
1616
1554
1513
1399
1188
952
693
405
89
-230
-539
-756
-870
-941
-930
-856
-727
-555
-406
-259
-108
11
101
147
165
211
267
309
334
358
370
357
297
224
132
4
-107
-236
-304
-280
-187
-65
62
197
296
400
431
346
82
-417
-1139
-1807
-2124
-2094
-1917
-1745
-1467
-1018
-478
-86
101
308
632
898
908
799
808
1039
1324
1444
1461
1557
1674
1560
1118
557
56
-435
-1049
-1715
-2157
-2260
-2173
-2036
-1791
-1300
-646
-45
367
638
947
1211
1357
1362
1369
1463
1500
1422
1236
1077
993
805
405
-34
-382
-608
-808
-960
-989
-857
-601
-336
-123
110
374
489
424
267
120
4
-125
-280
-399
-396
-323
-279
-276
-213
-156
-138
-203
-301
-313
-237
-134
-35
96
330
583
739
786
747
688
535
254
-133
-523
-910
-1286
-1562
-1673
-1592
-1397
-1173
-917
-631
-361
-132
77
295
509
640
697
761
894
1049
1125
1121
1053
910
709
431
127
-146
-350
-520
-694
-815
-800
-722
-646
-534
-402
-254
-121
-23
30
104
260
463
645
804
962
1078
1109
1041
901
730
515
255
-26
-210
-293
-263
-165
-89
11
111
179
167
124
77
10
-93
-235
-316
-306
-228
-144
-82
-25
17
24
-23
-114
-221
-328
-410
-469
-445
-337
-167
4
134
262
374
419
166
-602
-1650
-2291
-2189
-1692
-1310
-1105
-682
56
628
589
205
177
542
663
275
-122
126
908
1476
1491
1416
1659
1865
1498
666
-93
-496
-850
-1480
-2083
-2135
-1616
-1061
-823
-646
-207
323
603
613
564
698
903
949
914
1082
1431
1595
1419
1060
797
576
203
-316
-788
-931
-836
-744
-651
-387
50
495
729
733
693
636
479
151
-189
-311
-320
-329
-341
-326
-204
-115
-151
-324
-497
-583
-629
-665
-543
-207
205
540
750
952
1111
1086
848
422
-41
-459
-887
-1274
-1506
-1504
-1397
-1324
-1222
-1008
-681
-378
-267
-234
-150
-21
80
160
337
607
827
889
777
497
74
-522
-1170
-1640
-1755
-1619
-1363
-1058
-652
-222
128
352
489
721
1005
1175
1205
1262
1416
1585
1652
1531
1297
1057
768
343
-133
-512
-800
-1011
-1194
-1184
-971
-669
-380
-202
-48
192
504
740
891
1038
1182
1278
1214
1044
904
870
637
70
-452
-760
-885
-926
-937
-875
-522
14
338
495
731
945
949
767
459
240
260
289
90
-103
-90
-92
-217
-396
-604
-803
-961
-1132
-1295
-1196
-879
-584
-320
31
414
746
943
985
921
794
649
387
88
-116
-226
-394
-537
-583
-643
-1035
-2056
-3308
-3764
-3010
-1821
-1000
-537
127
1039
1597
1246
504
374
907
1144
630
117
480
1490
2033
1733
1178
1017
964
320
-770
-1471
-1370
-1113
-1224
-1360
-961
-71
532
454
85
14
210
200
-23
-54
340
896
1228
1394
1595
1769
1572
895
79
-463
-699
-902
-1093
-1013
-506
177
693
856
815
786
701
410
5
-199
-184
-117
-71
-14
167
421
425
155
-207
-483
-628
-743
-796
-717
-457
-141
117
368
650
859
860
657
449
332
258
174
97
67
-1
-164
-414
-648
-874
-1175
-1525
-1760
-1667
-1305
-884
-472
-21
486
930
1190
1260
1063
486
-426
-1370
-1926
-1814
-1252
-609
-160
78
141
0
-298
-664
-892
-859
-589
-184
394
1120
1882
2462
2645
2398
1865
1180
462
-254
-810
-1080
-1093
-946
-754
-565
-471
-461
-601
-798
-925
-882
-669
-366
123
816
1535
2043
2258
2143
1731
1104
308
-417
-803
-799
-647
-485
-264
-17
174
258
147
-123
-314
-381
-378
-225
165
647
1013
1163
1109
923
655
211
-376
-914
-1213
-1257
-1118
-841
-474
-130
84
155
140
110
36
-110
-245
-217
-24
183
319
411
430
363
211
15
-154
-290
-411
-517
-527
-396
-438
-1051
-2099
-2838
-2638
-1656
-623
-29
325
706
979
637
-199
-726
-446
263
595
543
703
1464
2207
2249
1742
1276
1028
633
-52
-584
-507
-89
110
-145
-446
-419
-333
-570
-1048
-1268
-994
-519
-115
295
853
1368
1588
1461
1215
1022
845
508
72
-90
90
331
331
142
-47
-163
-237
-388
-618
-689
-499
-210
106
389
545
553
394
49
-365
-653
-769
-819
-834
-800
-668
-433
-200
-102
-186
-368
-548
-638
-523
-180
272
741
1174
1390
1370
1199
907
500
23
-446
-832
-994
-921
-762
-650
-608
-604
-593
-551
-493
-373
-239
-365
-977
-1771
-2013
-1442
-404
433
790
813
757
522
-146
-959
-1297
-916
-150
515
1013
1563
2203
2589
2385
1773
1140
678
266
-163
-376
-231
-41
-166
-590
-1075
-1346
-1494
-1633
-1649
-1374
-787
-125
524
1122
1583
1858
1928
1729
1474
1406
1426
1359
1156
918
624
275
-104
-474
-781
-916
-965
-1094
-1148
-996
-686
-380
-172
-155
-154
4
153
220
248
291
281
141
-42
-208
-363
-471
-607
-723
-663
-411
-151
53
225
375
439
462
452
398
376
337
339
343
340
162
-168
-484
-789
-1071
-1264
-1268
-1137
-907
-627
-367
-340
-841
-1795
-2450
-2137
-892
406
1086
1270
1288
1100
429
-472
-844
-258
748
1229
1045
916
1219
1545
1254
477
-112
-161
-40
-23
129
613
1150
1011
115
-853
-1234
-1128
-1064
-1100
-904
-293
430
851
949
1048
1046
689
194
90
558
1245
1687
1609
1301
1092
732
-12
-755
-1026
-899
-671
-531
-433
-283
-176
-382
-840
-1061
-881
-633
-516
-405
-157
129
247
47
-257
-335
-236
-222
-268
-60
314
511
396
109
-42
35
137
120
194
479
708
565
149
-203
-423
-636
-1029
-1400
-1386
-1010
-655
-491
-330
-61
120
88
23
-4
-223
-835
-1514
-1460
-401
925
1500
1210
717
307
-275
-1145
-1660
-1164
219
1450
1808
1724
1798
1923
1580
824
324
449
923
1161
1031
908
877
482
-575
-1741
-2315
-2175
-1762
-1413
-1032
-393
306
643
530
232
150
297
580
958
1517
2167
2414
2036
1282
521
-137
-763
-1256
-1461
-1264
-883
-761
-944
-1216
-1470
-1697
-1762
-1510
-884
-77
564
869
970
1047
923
565
216
90
150
205
122
-76
-212
-322
-538
-801
-858
-672
-435
-231
-16
290
565
619
401
163
147
263
286
299
384
463
358
42
-291
-473
-478
-452
-390
-456
-834
-1620
-2283
-1999
-769
627
1210
994
556
254
-52
-497
-517
308
1580
2234
1837
1040
608
550
417
145
147
611
1113
1096
668
281
49
-415
-1183
-1776
-1722
-1024
-320
-10
-5
-56
-101
-266
-513
-546
-179
330
667
824
1053
1374
1476
1133
561
139
-27
-138
-351
-492
-353
-97
-85
-386
-689
-750
-618
-508
-471
-351
-77
140
33
-246
-367
-270
-164
-140
-102
50
228
204
13
-130
-138
-99
-126
-129
-17
156
275
350
499
672
702
473
137
-94
-180
-330
-540
-673
-643
-520
-510
-554
-508
-343
-205
-163
-50
58
-171
-782
-1251
-1016
-91
804
939
433
-163
-547
-871
-1071
-701
387
1702
2334
1931
1035
388
234
377
727
1276
1855
2069
1651
832
107
-365
-742
-1159
-1378
-1201
-804
-609
-852
-1369
-1720
-1670
-1342
-800
-212
361
810
1002
974
919
1017
1120
1050
876
714
564
371
124
-109
-220
-296
-528
-923
-1316
-1492
-1434
-1223
-901
-524
-175
-30
-162
-341
-360
-249
-98
86
347
647
839
818
576
293
109
38
30
63
177
298
396
487
525
438
211
-59
-191
-120
-28
-35
-73
-57
-22
-72
-160
-146
-46
76
130
178
182
-104
-807
-1543
-1603
-765
388
952
615
-136
-705
-938
-988
-755
4
1022
1677
1436
589
-143
-191
388
1157
1860
2291
2335
1783
798
-145
-598
-513
-273
-159
-214
-338
-604
-1147
-1835
-2345
-2302
-1775
-1097
-502
-202
-152
-206
-163
12
403
939
1310
1338
1127
938
751
627
693
848
937
753
201
-562
-1167
-1437
-1405
-1111
-664
-338
-345
-680
-1084
-1295
-1168
-748
-243
262
617
774
730
621
545
518
580
670
719
665
584
466
423
479
525
451
302
190
118
35
-155
-391
-495
-423
-307
-241
-234
-197
-156
-186
-174
-2
176
-29
-724
-1531
-1732
-1106
-142
376
187
-324
-727
-838
-754
-440
177
955
1459
1206
440
-169
-84
625
1495
2110
2271
2050
1431
605
-96
-314
-98
102
-10
-428
-844
-1161
-1489
-1816
-1902
-1550
-920
-426
-319
-455
-608
-632
-578
-385
132
742
1061
869
437
181
235
519
919
1260
1378
1167
597
-78
-476
-392
25
449
556
244
-338
-902
-1197
-1143
-817
-432
-201
-181
-349
-586
-712
-610
-299
105
466
693
753
713
667
682
762
841
858
739
560
408
305
216
112
39
-22
-61
-160
-327
-501
-596
-577
-445
-257
-14
116
-159
-846
-1475
-1423
-678
164
310
-340
-1129
-1413
-1100
-622
-216
200
653
900
640
7
-385
-75
782
1656
2089
2037
1656
1100
548
235
300
623
838
627
104
-389
-734
-985
-1193
-1302
-1252
-1172
-1278
-1595
-1871
-1984
-1775
-1279
-544
174
619
674
402
134
186
588
1050
1450
1671
1654
1384
966
619
525
752
1068
1103
694
-48
-820
-1316
-1346
-963
-493
-169
-152
-429
-744
-827
-618
-254
20
45
-84
-202
-114
147
476
750
905
900
806
704
632
612
624
660
707
689
660
636
508
273
61
-61
-133
-184
-238
-327
-403
-627
-1144
-1820
-2205
-1874
-1066
-459
-568
-1178
-1573
-1401
-895
-548
-468
-245
250
732
802
514
338
659
1300
1794
1776
1351
886
600
601
730
838
841
665
257
-299
-774
-1065
-1145
-1135
-1017
-821
-637
-577
-780
-1192
-1562
-1548
-1058
-488
-254
-342
-464
-432
-226
142
574
923
1084
1087
999
926
931
1064
1330
1618
1702
1441
982
585
428
495
583
553
366
76
-277
-590
-724
-655
-480
-438
-611
-892
-1037
-956
-704
-448
-228
-5
186
242
172
191
407
703
876
907
909
975
1034
959
783
661
673
713
649
452
188
-130
-499
-909
-1344
-1749
-1984
-1787
-1237
-712
-685
-1185
-1680
-1739
-1463
-1330
-1399
-1257
-659
71
309
-117
-689
-704
-23
893
1477
1501
1262
1097
1198
1424
1584
1620
1527
1296
870
410
93
-55
-135
-261
-418
-591
-895
-1384
-1851
-2011
-1758
-1268
-831
-627
-700
-889
-934
-726
-367
48
443
722
819
794
696
635
774
1105
1429
1521
1355
1027
808
833
1063
1296
1307
1084
731
447
304
239
185
123
-4
-204
-442
-632
-671
-616
-598
-622
-687
-782
-890
-955
-850
-569
-218
101
350
527
630
635
601
655
871
1166
1364
1284
922
452
74
-111
-123
-46
-70
-319
-817
-1250
-1248
-883
-633
-879
-1423
-1773
-1704
-1512
-1465
-1403
-1080
-678
-605
-938
-1282
-1085
-251
689
1192
1103
726
485
488
735
1038
1276
1449
1608
1739
1670
1344
809
315
43
-39
-159
-492
-971
-1314
-1320
-1035
-781
-756
-943
-1135
-1296
-1374
-1259
-935
-504
-144
72
135
181
329
526
736
879
940
930
905
934
1000
1068
1201
1378
1509
1528
1411
1240
1097
951
765
524
317
212
105
-114
-438
-672
-748
-768
-883
-1056
-1130
-1038
-811
-623
-512
-422
-315
-175
7
252
503
745
831
708
447
171
26
50
200
384
491
375
87
-204
-481
-780
-1065
-1094
-814
-630
-831
-1330
-1586
-1300
-912
-959
-1391
-1510
-1018
-376
-285
-794
-1176
-864
-46
569
672
467
338
549
951
1326
1549
1547
1318
1010
766
719
842
978
1059
1063
932
613
83
-440
-666
-606
-475
-501
-655
-793
-793
-793
-779
-676
-538
-416
-419
-418
-382
-257
20
278
506
631
696
659
565
577
730
993
1162
1183
1087
909
778
666
675
712
684
514
269
82
-62
-118
-197
-246
-277
-312
-406
-538
-626
-652
-648
-647
-600
-426
-233
-99
-54
-130
-287
-409
-406
-311
-123
37
73
-25
-153
-155
-6
234
480
478
81
-508
-850
-658
-253
-174
-592
-1090
-1140
-796
-568
-711
-922
-828
-563
-595
-1047
-1435
-1174
-285
598
928
749
499
490
636
719
718
771
948
1121
1147
1008
849
732
648
566
453
276
38
-171
-240
-105
100
199
41
-207
-392
-467
-473
-400
-349
-377
-410
-442
-444
-383
-280
-170
-61
158
388
456
349
159
130
350
685
914
1022
1049
1040
993
896
791
674
560
434
288
122
-34
-181
-233
-190
-143
-192
-336
-449
-444
-381
-410
-587
-810
-920
-835
-608
-338
-155
-143
-269
-428
-518
-472
-370
-291
-202
-81
71
146
166
167
143
-3
-250
-292
-63
167
28
-430
-806
-817
-660
-692
-928
-963
-648
-295
-364
-797
-1098
-848
-141
460
628
425
230
310
652
1035
1258
1236
1046
880
823
858
878
882
884
933
921
748
387
-41
-283
-209
41
207
158
-185
-567
-753
-611
-428
-445
-577
-716
-775
-770
-600
-345
-96
66
106
95
113
156
273
559
883
1005
866
620
464
527
678
776
707
523
284
93
18
58
141
119
-25
-214
-289
-295
-311
-409
-559
-632
-650
-617
-574
-506
-461
-482
-534
-555
-471
-278
-128
-60
-135
-296
-367
-229
85
358
486
467
397
250
-37
-317
-356
-148
38
-102
-494
-822
-827
-647
-585
-641
-633
-389
-142
-246
-611
-845
-626
-77
452
635
499
332
275
411
623
810
929
919
821
678
584
594
660
745
794
806
751
576
340
159
97
82
4
-162
-410
-661
-751
-685
-624
-545
-492
-516
-625
-730
-743
-658
-469
-234
31
250
366
385
348
393
558
764
861
773
605
454
437
579
766
829
678
407
200
187
263
329
323
214
60
-162
-355
-453
-425
-390
-472
-693
-896
-862
-599
-348
-290
-409
-571
-623
-574
-457
-271
-106
5
72
115
175
188
159
54
-117
-308
-465
-464
-310
-170
-203
-425
-688
-737
-556
-367
-389
-559
-696
-666
-582
-529
-507
-431
-220
98
366
431
381
335
420
644
926
1192
1332
1269
1037
840
816
984
1142
1135
971
686
351
-5
-235
-251
-146
-203
-445
-677
-711
-623
-582
-543
-479
-401
-366
-422
-442
-348
-129
47
65
24
15
73
188
258
281
325
388
482
617
712
758
768
727
712
700
694
639
551
456
327
181
-8
-192
-302
-375
-403
-428
-505
-550
-545
-585
-664
-771
-813
-733
-556
-321
-189
-158
-196
-273
-278
-184
-53
-25
-159
-303
-312
-165
6
-14
-233
-454
-449
-243
-72
-134
-362
-583
-689
-644
-548
-431
-305
-251
-311
-515
-741
-801
-638
-302
61
300
407
428
442
572
799
1036
1185
1187
1117
1038
1058
1159
1219
1145
929
678
401
116
-110
-218
-213
-207
-279
-385
-417
-443
-595
-772
-739
-438
-105
-20
-220
-471
-516
-237
123
311
250
47
-78
-24
185
395
559
683
769
780
727
674
703
827
909
867
700
515
349
181
35
-87
-151
-174
-249
-475
-744
-945
-1007
-962
-862
-740
-630
-546
-508
-455
-370
-216
-92
-46
-77
-153
-199
-192
-142
-69
-12
-23
-106
-183
-205
-202
-211
-306
-467
-556
-507
-305
-96
-96
-305
-544
-651
-568
-428
-334
-299
-315
-355
-414
-414
-246
72
422
590
562
468
429
529
757
1022
1200
1211
1050
820
658
609
648
731
789
743
516
194
-55
-176
-193
-213
-300
-360
-370
-381
-486
-597
-572
-404
-234
-226
-389
-564
-542
-348
-87
106
219
292
288
259
239
340
539
687
715
647
562
563
622
638
554
366
176
41
12
30
-24
-177
-321
-387
-377
-319
-328
-393
-462
-517
-518
-494
-434
-353
-282
-257
-264
-265
-254
-209
-166
-116
-101
-79
-1
67
54
-52
-187
-271
-244
-129
-20
-23
-256
-583
-725
-573
-284
-131
-195
-361
-500
-573
-539
-401
-200
-47
-30
-138
-201
-100
138
436
691
822
766
556
413
417
616
902
1111
1173
1079
874
625
502
529
587
519
313
77
-84
-235
-372
-407
-332
-249
-334
-597
-880
-939
-840
-671
-523
-420
-374
-342
-308
-234
-119
86
315
416
424
353
322
352
438
513
480
401
313
269
300
334
290
213
116
52
3
-72
-121
-106
30
186
250
222
136
43
-61
-147
-221
-277
-232
-160
-139
-159
-237
-293
-280
-214
-207
-255
-333
-395
-356
-232
-41
92
102
12
-152
-285
-331
-360
-386
-393
-355
-278
-202
-131
-145
-282
-509
-688
-684
-510
-268
-60
55
52
-45
-168
-199
-29
234
418
484
448
392
370
422
527
687
810
832
763
625
493
395
319
276
276
262
156
-48
-276
-388
-349
-278
-253
-273
-316
-347
-420
-543
-604
-503
-286
-59
81
155
210
307
356
329
276
250
310
434
550
594
552
475
406
333
277
225
245
305
335
280
168
85
80
87
52
-49
-161
-220
-172
-48
26
46
-53
-194
-271
-281
-288
-286
-288
-249
-204
-195
-213
-254
-283
-362
-447
-523
-507
-436
-362
-297
-287
-305
-345
-319
-269
-258
-348
-468
-532
-443
-226
-13
56
5
-104
-219
-280
-299
-213
-24
185
334
317
204
65
-4
21
150
317
455
530
564
535
500
491
499
493
445
398
328
228
125
62
43
31
-17
-106
-244
-352
-381
-310
-204
-180
-205
-187
-129
-53
-42
-133
-241
-250
-151
-15
121
240
257
186
40
-100
-135
-50
143
369
540
565
466
341
307
370
457
514
498
458
433
385
303
214
171
134
91
-36
-193
-262
-253
-174
-89
-83
-128
-176
-235
-298
-351
-398
-396
-323
-266
-223
-255
-322
-343
-352
-330
-316
-345
-392
-402
-335
-198
-24
38
-25
-133
-205
-244
-212
-138
-32
94
127
42
-105
-165
-189
-207
-178
-134
-15
140
214
157
46
-37
-67
2
139
277
373
326
197
153
187
265
282
246
162
110
98
100
79
30
21
47
85
83
19
-85
-185
-203
-137
-63
-19
-25
-60
-108
-163
-194
-178
-102
23
150
247
278
276
231
187
238
368
479
538
544
531
500
474
428
392
366
314
242
147
83
68
91
138
132
46
-52
-174
-265
-335
-398
-448
-427
-369
-341
-372
-448
-530
-596
-630
-637
-595
-499
-393
-336
-293
-270
-219
-169
-113
-48
-8
14
-15
-19
12
59
85
55
26
-15
-96
-161
-163
-80
30
38
-50
-153
-234
-239
-179
-79
46
110
79
38
2
18
57
67
104
155
207
240
246
270
319
349
343
304
260
247
239
213
184
165
157
127
106
83
35
-49
-161
-174
-96
37
107
74
2
-9
51
98
133
176
244
312
348
335
292
242
211
188
186
178
178
170
181
211
200
162
122
101
81
47
-15
-82
-98
-86
-75
-97
-151
-223
-286
-289
-316
-369
-429
-456
-437
-430
-472
-515
-515
-406
-278
-217
-211
-215
-205
-195
-202
-188
-126
-23
41
25
-5
-64
-99
-60
24
91
108
54
-28
-61
-48
-23
0
-25
-54
-57
-44
-15
6
56
89
124
119
88
72
87
120
142
153
156
206
267
308
292
225
120
59
73
114
136
94
5
-79
-133
-140
-89
-57
-52
-75
-104
-83
-38
-14
-28
16
133
224
274
274
269
278
272
220
179
188
207
250
252
225
238
226
192
162
150
129
80
52
65
95
88
16
-50
-94
-112
-108
-130
-185
-253
-306
-326
-322
-333
-363
-358
-300
-249
-245
-265
-272
-259
-262
-278
-274
-222
-167
-124
-163
-254
-314
-298
-239
-160
-85
-67
-73
-68
-71
-83
-58
-26
23
49
9
-34
-27
32
107
167
188
202
216
198
190
196
230
236
257
280
301
360
395
396
340
279
261
235
185
103
51
29
25
20
9
-1
-24
-67
-118
-133
-102
-27
51
81
70
53
54
89
107
88
31
-16
-36
-25
38
98
138
134
127
95
62
40
26
38
56
99
101
33
-37
-104
-115
-101
-123
-193
-287
-361
-383
-380
-355
-317
-290
-274
-261
-219
-154
-102
-67
-41
-44
-83
-130
-113
-49
14
34
-14
-84
-131
-159
-151
-146
-158
-164
-146
-119
-81
-60
-71
-66
-47
-6
25
47
59
58
85
96
144
175
197
224
252
264
244
242
265
301
340
378
415
434
401
331
256
198
216
219
190
123
38
-16
-60
-82
-128
-162
-207
-273
-345
-362
-303
-209
-113
-57
-37
-38
-59
-63
-22
24
62
79
57
11
-27
-15
36
91
100
81
63
34
22
20
28
29
13
-51
-112
-139
-120
-70
-53
-43
-73
-132
-202
-269
-283
-263
-240
-188
-109
-33
-7
-9
-41
-85
-73
-1
79
113
104
79
53
42
41
29
-7
-40
-86
-122
-123
-105
-95
-106
-142
-197
-225
-242
-222
-167
-86
2
73
111
119
140
181
252
326
386
407
394
365
361
374
397
410
372
304
248
215
191
191
200
202
185
133
58
-6
-54
-89
-134
-171
-207
-236
-229
-195
-198
-203
-238
-291
-302
-295
-252
-193
-147
-145
-148
-133
-92
-33
22
42
64
87
94
94
74
59
28
-35
-88
-134
-149
-143
-151
-160
-176
-185
-188
-175
-146
-111
-112
-139
-116
-45
59
132
128
80
30
-5
-6
-15
-6
15
36
29
2
-16
-16
6
31
49
60
58
26
-14
-50
-28
26
74
80
41
26
7
-16
-29
-20
-2
31
76
87
86
80
120
179
260
329
331
301
266
315
374
392
330
259
179
129
118
99
108
94
54
-27
-95
-122
-137
-139
-154
-169
-179
-187
-162
-135
-136
-142
-155
-175
-178
-168
-120
-102
-150
-194
-209
-211
-183
-159
-136
-129
-110
-71
-42
-14
-2
-13
-36
-61
-44
4
55
84
106
85
41
-11
-78
-116
-161
-176
-159
-109
-81
-75
-74
-100
-89
-51
-43
-59
-49
-11
37
82
99
86
78
90
93
103
120
101
78
55
43
61
77
85
83
82
108
125
109
74
55
91
157
190
163
136
122
148
160
145
125
103
110
129
134
122
96
70
61
68
111
148
157
129
88
37
-9
-43
-40
-36
-57
-86
-124
-152
-185
-203
-199
-191
-202
-239
-270
-296
-273
-223
-180
-168
-180
-190
-186
-151
-97
-53
-45
-61
-72
-73
-71
-82
-92
-99
-93
-83
-55
-17
25
58
68
52
36
24
21
30
49
88
118
148
171
172
137
112
73
31
4
32
61
65
47
6
-21
-27
-14
9
21
24
20
9
21
29
69
96
116
122
124
134
135
114
55
34
45
89
102
56
2
-16
-3
16
23
43
76
106
127
114
109
106
99
92
95
93
112
132
118
82
15
-31
-59
-73
-100
-114
-100
-91
-110
-155
-170
-163
-134
-94
-88
-112
-158
-191
-185
-176
-185
-202
-217
-230
-234
-244
-259
-270
-275
-245
-184
-133
-103
-100
-136
-139
-110
-54
20
94
135
137
115
70
47
58
79
100
92
75
71
81
113
159
177
163
152
142
167
212
237
217
178
132
117
106
85
87
90
82
65
54
29
23
24
18
47
85
103
120
124
128
132
134
136
133
125
108
64
16
-16
-40
-37
-38
-49
-76
-110
-111
-98
-99
-113
-136
-153
-128
-65
-20
-12
-41
-61
-86
-92
-91
-86
-59
-58
-70
-98
-116
-109
-107
-105
-122
-151
-146
-126
-108
-94
-80
-72
-56
-63
-87
-101
-118
-132
-130
-125
-135
-141
-149
-166
-172
-160
-149
-127
-80
-13
48
75
57
37
37
75
128
175
213
262
301
310
295
269
262
258
250
249
266
276
264
225
177
124
91
82
85
103
82
53
2
-44
-53
-33
5
33
58
78
83
68
62
51
55
57
51
47
38
44
48
51
40
8
-23
-54
-84
-99
-107
-108
-106
-122
-150
-153
-160
-151
-132
-132
-131
-141
-155
-160
-141
-115
-107
-111
-133
-168
-175
-146
-84
-31
-11
-10
-42
-61
-70
-60
-37
-27
-32
-50
-61
-78
-70
-49
-48
-51
-57
-66
-82
-82
-111
-152
-178
-179
-162
-141
-115
-101
-105
-106
-104
-89
-62
-15
28
49
69
86
112
152
189
222
228
241
256
270
307
325
330
301
254
226
223
223
228
225
193
131
90
79
87
94
72
52
31
30
24
-7
-32
-40
-24
11
45
55
61
28
-17
-31
-45
-42
-25
-8
3
-1
-18
-39
-69
-87
-114
-109
-98
-89
-90
-126
-166
-195
-192
-211
-207
-214
-212
-214
-223
-223
-214
-166
-129
-105
-102
-120
-122
-104
-59
-3
48
74
68
51
71
102
141
155
135
124
132
126
132
115
67
40
2
-9
-15
-23
-11
-18
-50
-96
-132
-128
-108
-78
-55
-46
-38
-25
-4
15
38
58
100
140
168
195
219
225
227
234
245
252
244
251
246
224
191
136
82
43
24
3
-33
-58
-59
-60
-83
-104
-104
-105
-85
-71
-61
-50
-63
-73
-76
-70
-38
-13
-11
-22
-44
-42
-50
-68
-86
-110
-117
-119
-108
-96
-86
-94
-117
-170
-204
-196
-204
-200
-194
-200
-198
-181
-180
-173
-171
-162
-151
-143
-102
-73
-39
7
50
92
124
143
176
213
247
267
267
252
260
288
292
260
210
175
164
158
154
135
96
53
11
-25
-38
-52
-67
-75
-81
-91
-98
-108
-120
-131
-111
-74
-50
-44
-33
0
34
53
67
73
68
77
107
140
163
159
119
81
67
74
70
60
28
-1
-23
-48
-70
-76
-47
-37
-43
-55
-82
-100
-100
-91
-74
-65
-57
-56
-49
-43
-23
10
34
45
29
1
-23
-15
14
28
26
-8
-37
-43
-47
-57
-74
-95
-134
-168
-196
-222
-205
-172
-130
-97
-101
-115
-127
-120
-114
-107
-77
-44
-7
41
75
99
108
120
157
197
225
233
216
205
213
236
260
263
245
213
185
156
117
90
65
48
25
13
0
-25
-62
-98
-113
-123
-124
-119
-119
-112
-107
-99
-92
-70
-42
-6
15
29
40
29
15
-18
-25
2
45
58
37
21
3
-2
-6
-28
-39
-39
-59
-75
-93
-94
-88
-86
-88
-83
-77
-77
-76
-83
-80
-85
-76
-67
-62
-73
-66
-65
-61
-34
-23
-24
-41
-41
-25
-11
-9
-25
-26
-19
-5
1
-18
-14
0
12
12
-7
-23
-32
-33
-21
-31
-43
-39
-20
14
43
66
91
118
131
140
153
173
203
239
274
292
320
323
302
292
288
277
250
215
194
183
152
123
97
81
60
0
-77
-124
-162
-171
-165
-163
-167
-199
-212
-229
-235
-215
-191
-196
-208
-203
-196
-163
-133
-102
-88
-93
-89
-89
-98
-95
-90
-71
-52
-32
-13
-25
-44
-69
-70
-61
-54
-43
-49
-47
-56
-70
-85
-94
-92
-82
-79
-66
-49
-26
-6
26
51
78
124
141
136
126
132
120
111
114
118
142
151
149
142
127
114
98
88
91
83
80
61
38
51
52
69
76
83
66
49
36
28
37
53
54
55
62
58
63
52
64
83
80
64
30
14
24
51
66
77
59
22
-15
-64
-96
-114
-123
-138
-163
-177
-199
-222
-246
-259
-256
-254
-242
-240
-237
-238
-225
-192
-161
-150
-142
-132
-119
-92
-60
-52
-42
-39
-19
17
28
35
28
19
31
52
74
87
82
86
87
69
63
56
58
67
61
78
100
119
130
139
149
164
189
193
188
191
186
185
193
199
204
210
200
182
169
164
142
118
104
88
62
38
14
2
10
-2
-8
-21
-40
-43
-62
-97
-126
-145
-132
-103
-80
-66
-66
-86
-92
-87
-62
-34
-24
-26
-26
-1
25
48
50
19
-14
-24
-41
-54
-51
-40
-42
-70
-106
-128
-158
-171
-175
-182
-187
-195
-205
-205
-196
-185
-158
-151
-163
-169
-164
-141
-125
-111
-106
-97
-98
-104
-92
-77
-66
-66
-63
-62
-52
-46
-42
-26
-6
10
27
58
75
78
76
100
121
123
134
134
123
127
148
170
196
207
205
192
187
186
200
217
239
243
251
253
244
234
222
225
210
193
179
160
146
134
124
107
90
58
24
8
-12
-19
-27
-46
-49
-54
-42
-46
-58
-51
-52
-52
-44
-44
-43
-40
-34
-23
-27
-19
-19
-34
-53
-80
-96
-105
-113
-112
-117
-121
-133
-153
-172
-187
-208
-226
-230
-234
-236
-229
-226
-226
-231
-250
-248
-229
-203
-187
-179
-192
-202
-184
-166
-129
-100
-85
-73
-53
-26
-1
11
23
38
55
74
94
122
146
158
159
153
149
154
167
177
189
197
199
196
207
222
232
245
226
218
210
205
212
214
220
232
244
231
210
189
182
168
161
156
157
145
115
79
45
25
15
8
2
-14
-42
-70
-92
-114
-113
-115
-129
-131
-148
-165
-172
-168
-165
-167
-159
-164
-172
-172
-171
-172
-168
-151
-128
-99
-106
-120
-124
-126
-123
-125
-114
-98
-80
-69
-68
-75
-81
-101
-104
-96
-94
-112
-127
-138
-128
-106
-89
-77
-75
-79
-94
-84
-78
-74
-69
-41
-8
20
55
66
55
48
66
92
127
156
153
145
135
129
143
148
156
147
139
139
134
139
152
143
138
126
106
92
92
113
143
161
159
155
149
147
147
168
168
159
158
144
131
126
108
103
93
85
77
71
60
55
35
11
-1
-25
-49
-84
-107
-114
-118
-119
-140
-158
-176
-186
-203
-213
-204
-206
-205
-196
-184
-177
-155
-140
-126
-110
-96
-77
-75
-65
-42
-26
-21
-22
-35
-45
-42
-47
-48
-65
-88
-113
-133
-134
-142
-138
-138
-133
-137
-152
-148
-130
-107
-84
-78
-59
-29
6
32
34
25
7
-1
-1
17
55
74
84
97
97
106
112
100
102
121
145
151
169
176
162
165
154
159
170
171
180
178
175
177
172
191
186
180
168
142
129
119
125
141
152
146
109
84
72
52
53
60
52
46
23
-20
-47
-68
-86
-88
-93
-101
-120
-136
-157
-165
-168
-165
-160
-168
-168
-165
-163
-165
-150
-134
-113
-104
-111
-120
-127
-120
-121
-112
-96
-78
-75
-71
-62
-60
-53
-43
-35
-37
-34
-37
-25
-21
-21
-18
-16
-19
-25
-14
-6
-7
-16
-37
-40
-36
-32
-14
-5
-2
11
16
34
32
27
21
2
3
12
42
68
82
84
93
106
116
113
114
118
114
129
141
143
152
144
130
119
116
116
97
73
50
43
47
63
68
68
55
39
47
44
44
50
51
52
46
52
60
66
73
74
69
55
40
25
2
-18
-22
-31
-53
-69
-88
-89
-93
-100
-124
-155
-166
-163
-152
-142
-140
-148
-154
-141
-136
-129
-128
-125
-124
-127
-111
-96
-83
-61
-46
-32
-28
-33
-34
-41
-26
-14
-20
-11
1
10
15
25
22
25
13
-1
-14
-19
-19
-12
-17
-9
-8
-16
-7
-18
-20
-21
-21
2
26
48
61
66
64
75
90
89
77
66
70
74
86
88
82
69
55
62
66
71
86
99
86
79
81
69
66
66
69
72
69
62
42
27
28
30
22
20
14
5
-5
-7
-5
1
11
7
4
-3
-8
-6
-13
2
9
14
13
1
-20
-35
-36
-47
-45
-49
-57
-63
-75
-77
-77
-77
-60
-63
-76
-86
-88
-88
-87
-77
-55
-33
-36
-39
-47
-43
-36
-25
-11
-14
-13
-17
-19
-15
-18
-21
-14
-14
-5
3
9
11
1
-6
-2
-11
-21
-32
-33
-24
-26
-32
-28
-29
-33
-35
-38
-32
-16
1
8
37
66
81
78
62
58
60
75
80
88
85
80
75
56
37
34
38
32
30
25
13
7
4
-3
9
13
2
-1
-5
4
-4
-7
-14
-16
-5
10
13
17
20
18
20
6
-1
-4
-7
-18
-30
-30
-13
10
25
32
26
17
13
11
16
13
14
19
17
16
9
7
3
-4
-15
-26
-33
-33
-30
-35
-37
-43
-46
-44
-29
-13
4
14
14
24
29
25
30
31
35
21
-5
-12
-10
-8
-8
-10
-19
-28
-28
-29
-35
-51
-38
-24
-26
-24
-14
9
25
28
32
27
31
27
2
-5
-3
7
15
18
24
15
-4
-14
-14
-13
-5
4
1
4
12
12
8
17
16
14
8
-2
-21
-23
-25
-34
-28
-21
-22
-26
-29
-31
-29
-28
-24
-21
-11
-11
-14
-16
-22
-25
-18
-2
9
10
20
16
19
11
4
17
27
32
21
22
27
25
23
12
3
10
10
19
9
2
2
1
8
12
20
23
34
33
31
34
30
35
25
41
48
43
37
33
33
31
24
18
17
10
2
-10
-23
-23
-25
-36
-44
-37
-33
-41
-52
-70
-71
-76
-63
-67
-60
-57
-55
-45
-38
-38
-49
-58
-65
-71
-69
-56
-45
-29
-29
-38
-45
-49
-43
-35
-24
-11
4
2
13
16
11
16
11
13
11
8
6
6
23
24
31
36
26
28
19
11
15
28
41
50
57
55
48
52
57
46
58
75
64
58
65
62
68
69
59
52
49
43
37
39
32
20
23
26
24
34
37
33
31
21
18
12
6
9
5
5
8
11
4
-9
-14
-23
-28
-33
-43
-47
-48
-50
-56
-61
-64
-60
-52
-39
-37
-35
-33
-40
-38
-34
-33
-38
-31
-30
-23
-18
-20
-27
-33
-46
-37
-27
-13
-7
-8
-1
-6
-2
-3
-4
0
6
21
29
27
25
25
29
22
14
13
10
10
2
2
9
12
17
4
-7
-5
-7
-8
0
1
1
3
1
-3
-5
-15
-11
-4
-11
3
11
14
13
12
-1
9
10
1
4
10
12
13
23
20
19
12
8
19
15
7
10
-1
-14
-15
-7
0
3
9
4
5
9
12
16
12
3
3
9
7
13
22
23
18
9
8
3
-5
-24
-38
-46
-43
-41
-37
-24
-21
-17
-16
-18
-22
-18
-22
-11
-10
1
3
5
4
-1
12
-1
-3
-12
-14
-10
-15
-14
-10
-10
-6
-8
-9
-13
-14
-7
2
9
4
10
13
10
11
14
2
1
7
3
2
-5
-4
2
6
20
26
21
18
12
16
19
21
25
22
20
25
27
30
38
28
26
28
39
45
43
37
30
27
27
28
20
18
17
22
20
15
0
-4
-8
-15
-4
10
20
23
19
13
10
3
-10
-20
-31
-29
-38
-37
-37
-37
-33
-36
-46
-49
-53
-51
-47
-50
-40
-38
-42
-47
-44
-43
-45
-47
-60
-70
-81
-77
-72
-62
-52
-50
-58
-51
-44
-37
-20
-5
2
4
2
6
13
19
27
37
45
46
53
55
50
43
50
47
53
54
60
65
65
63
55
49
46
51
58
57
58
51
50
42
26
27
16
11
11
10
9
3
-8
-11
-16
-15
-15
-18
-11
-6
-11
-18
-20
-25
-25
-38
-43
-49
-52
-61
-60
-52
-43
-36
-35
-33
-34
-30
-32
-33
-26
-23
-12
-11
-13
-10
-17
-9
-6
2
17
17
13
13
16
22
27
34
26
10
11
1
2
8
8
14
12
15
12
12
14
25
33
30
35
38
38
42
39
46
41
32
35
33
30
25
22
26
31
34
36
34
31
35
46
44
50
51
46
49
37
36
30
33
20
10
-5
-17
-21
-24
-33
-41
-47
-49
-48
-41
-42
-40
-39
-45
-46
-47
-44
-49
-45
-39
-36
-33
-27
-34
-32
-33
-41
-30
-31
-36
-34
-28
-26
-24
-16
-16
-18
-17
-18
-24
-25
-26
-35
-37
-37
-40
-37
-35
-38
-40
-40
-34
-31
-34
-24
-19
-24
-20
-12
-18
-16
-20
-14
-3
2
8
13
4
0
-4
0
4
7
8
-2
5
4
14
19
27
30
28
28
32
43
54
73
75
90
93
85
80
75
79
85
95
94
84
68
54
48
50
45
52
50
48
48
43
41
36
31
25
19
5
1
0
1
-13
-24
-27
-28
-36
-35
-39
-44
-40
-38
-37
-39
-35
-31
-27
-24
-29
-35
-29
-30
-26
-26
-22
-18
-27
-36
-39
-45
-46
-49
-52
-50
-51
-55
-53
-50
-46
-43
-45
-38
-30
-20
-30
-34
-46
-43
-39
-48
-45
-44
-44
-40
-38
-45
-36
-32
-32
-27
-28
-19
-15
-12
7
7
13
19
25
31
28
22
29
31
34
37
43
54
51
60
63
61
61
60
66
75
85
99
94
97
101
97
101
96
93
88
77
74
68
73
71
65
55
44
32
25
15
10
9
-4
-11
-22
-22
-25
-33
-39
-42
-46
-52
-57
-58
-55
-52
-58
-74
-77
-80
-85
-83
-82
-76
-72
-78
-77
-72
-73
-72
-63
-57
-63
-62
-56
-52
-52
-59
-51
-48
-42
-32
-32
-27
-33
-26
-22
-15
-1
6
12
22
22
20
28
33
36
36
43
41
42
31
28
27
29
34
29
35
32
30
33
39
44
49
51
49
51
52
48
44
41
40
38
45
42
44
44
44
39
36
36
30
44
48
52
55
57
53
53
51
47
45
40
38
34
30
22
23
14
3
-10
-19
-25
-34
-38
-44
-45
-49
-50
-56
-54
-59
-53
-56
-63
-55
-64
-60
-46
-42
-39
-38
-45
-40
-42
-39
-41
-39
-47
-46
-38
-37
-32
-27
-23
-20
-12
-19
-32
-36
-36
-38
-42
-46
-45
-42
-45
-42
-41
-38
-40
-42
-38
-41
-41
-27
-21
-13
-14
-13
-1
3
7
8
9
7
12
14
9
5
0
2
5
1
9
13
19
24
29
31
39
42
45
40
43
50
52
61
58
73
74
75
71
69
75
78
84
89
97
99
100
104
101
107
108
102
99
93
89
76
60
49
43
28
13
2
-18
-25
-35
-41
-43
-54
-63
-67
-65
-60
-55
-49
-53
-49
-55
-58
-58
-57
-50
-48
-51
-53
-52
-52
-53
-56
-51
-52
-59
-61
-54
-63
-53
-54
-49
-53
-57
-54
-49
-41
-37
-29
-37
-35
-41
-34
-26
-20
-14
-17
-16
-13
-11
-8
-8
2
1
6
3
7
13
13
22
26
27
31
29
26
25
24
24
20
15
17
12
16
20
21
33
33
31
29
35
48
51
54
60
65
69
63
69
69
61
58
55
49
46
43
42
35
25
21
16
17
8
1
0
-6
-7
-11
-16
-27
-34
-37
-42
-45
-45
-53
-54
-52
-52
-50
-56
-62
-59
-56
-55
-57
-58
-57
-55
-51
-54
-56
-53
-47
-38
-36
-35
-31
-38
-38
-30
-20
-6
0
2
3
9
18
29
29
32
42
40
39
36
44
53
55
62
68
74
71
70
66
71
67
56
52
52
51
53
52
49
44
24
20
18
20
18
9
0
-16
-14
-17
-14
-12
-16
-17
-22
-23
-29
-32
-30
-36
-28
-28
-31
-34
-31
-27
-25
-23
-20
-20
-26
-28
-38
-37
-39
-28
-27
-25
-21
-19
-21
-19
-8
-4
-3
3
9
2
-5
-6
-13
-16
-15
-18
-14
-13
-13
-10
-9
-8
-7
-2
-3
-7
-7
-8
-6
6
14
19
24
26
32
32
35
46
49
50
52
46
47
45
38
44
40
39
34
36
37
32
27
19
15
11
11
8
7
3
6
5
-2
5
9
8
8
6
-4
-13
-7
-12
-11
-8
-8
-19
-27
-35
-48
-47
-51
-51
-50
-51
-51
-47
-51
-47
-45
-43
-36
-35
-31
-35
-30
-25
-19
-9
-3
4
1
5
8
14
16
19
15
23
28
22
25
19
25
23
17
11
4
-4
-15
-20
-25
-28
-35
-40
-46
-52
-58
-60
-59
-52
-46
-51
-56
-53
-52
-59
-58
-49
-37
-26
-12
-5
2
10
11
18
29
36
30
38
42
43
45
47
50
46
40
38
45
47
49
45
51
57
61
64
64
70
65
64
65
70
74
70
72
73
70
62
67
65
61
65
61
52
53
48
46
41
30
26
24
22
23
8
1
-10
-24
-29
-36
-41
-42
-52
-62
-59
-61
-60
-60
-52
-51
-50
-45
-40
-39
-43
-44
-41
-45
-45
-53
-48
-51
-60
-56
-58
-56
-53
-51
-58
-59
-54
-59
-61
-63
-62
-59
-57
-56
-56
-54
-50
-52
-46
-39
-39
-30
-28
-13
-11
-13
-7
0
10
15
16
21
23
20
27
35
41
50
51
57
63
64
74
74
82
84
77
78
70
73
63
52
49
45
45
46
46
48
49
44
40
32
29
26
18
14
17
16
13
4
2
1
-7
-1
-12
-16
-11
-19
-21
-29
-23
-23
-34
-37
-42
-41
-35
-29
-31
-25
-27
-26
-24
-23
-15
-19
-13
-14
-18
-9
-1
0
-2
4
1
-1
0
1
-1
-9
-5
-8
-5
-2
-4
9
-1
-5
-2
-7
-5
-13
-12
-12
-16
-20
-30
-28
-26
-22
-12
-11
-11
-15
-10
-9
0
6
7
19
19
19
18
22
19
22
22
22
27
27
29
27
25
28
23
19
19
23
19
2
3
-2
-2
6
9
11
9
10
7
3
0
-3
-4
-1
9
9
5
4
3
1
-1
-3
-10
-17
-24
-29
-26
-25
-25
-27
-25
-33
-34
-37
-36
-33
-30
-30
-27
-25
-24
-19
-27
-22
-13
-16
-12
-11
-3
7
10
15
14
15
15
9
7
8
8
6
8
13
23
19
22
25
18
14
21
19
13
11
7
6
7
9
4
5
-1
0
-4
-10
-13
-17
-22
-15
-8
-8
-8
-6
-3
1
1
7
19
19
28
31
28
28
29
23
21
17
15
13
7
9
4
5
-1
-5
-9
-12
-12
-11
-10
-12
-14
-18
-22
-18
-13
-19
-19
-25
-23
-20
-20
-27
-27
-23
-20
-18
-12
-5
-10
-5
-3
7
9
18
15
15
14
11
10
6
1
-10
-8
-14
-10
-10
-14
-12
-6
6
12
15
18
25
27
24
27
28
34
45
51
53
56
52
44
37
38
37
38
33
32
34
35
38
38
31
27
20
11
7
0
-11
-16
-22
-26
-27
-31
-31
-33
-36
-33
-34
-38
-35
-41
-42
-38
-29
-29
-32
-40
-41
-38
-46
-43
-44
-37
-43
-39
-40
-31
-15
-13
0
4
5
6
8
12
12
12
7
3
5
2
1
5
10
6
5
6
-3
-7
-2
0
2
2
-2
1
2
-2
-5
-15
-15
-19
-20
-23
-22
-25
-22
-15
-21
-21
-21
-31
-27
-16
-9
-6
-4
1
2
4
4
7
11
18
27
31
37
41
46
55
58
66
76
80
79
74
77
76
70
66
59
54
48
43
40
35
30
23
23
19
17
12
8
2
-3
-5
-13
-15
-23
-28
-31
-39
-44
-46
-51
-62
-62
-62
-61
-58
-61
-56
-49
-50
-49
-46
-46
-39
-35
-35
-33
-31
-34
-32
-35
-39
-29
-31
-33
-33
-26
-21
-16
-3
3
7
13
18
18
20
27
24
26
24
21
21
24
22
16
16
15
16
16
18
13
14
15
17
20
22
22
26
20
14
13
5
6
5
1
-1
-1
3
3
7
7
11
12
16
18
26
33
25
30
28
32
30
24
28
27
30
27
22
18
15
15
12
17
17
15
11
3
3
-4
-8
-11
-16
-23
-27
-30
-31
-35
-31
-27
-28
-20
-24
-24
-27
-28
-25
-24
-28
-26
-27
-31
-28
-32
-38
-35
-34
-27
-27
-33
-32
-29
-26
-24
-22
-23
-23
-21
-26
-21
-14
-14
-1
3
8
10
15
18
15
17
17
22
23
21
25
20
13
15
16
12
10
14
16
21
20
17
22
20
17
15
14
14
12
12
12
11
7
7
10
10
12
12
8
6
8
11
11
13
15
11
13
8
8
11
11
13
15
14
7
5
4
-1
-2
-4
-9
-5
-10
-13
-5
-5
-4
0
1
1
0
-3
1
-2
-7
-7
-2
-2
-10
-7
-10
-13
-18
-22
-20
-20
-14
-14
-11
-10
-9
-7
-10
-8
-5
0
1
2
2
-2
-8
-10
-13
-9
-8
-10
-10
-6
-6
-1
3
8
15
23
21
17
20
18
22
30
33
31
26
22
18
15
14
19
18
13
15
8
7
8
5
8
0
1
-1
-5
-1
0
-3
-5
-3
-3
0
-3
-2
-5
-7
-10
-9
-10
-10
-8
-7
-12
-12
-8
-9
-7
-11
-6
2
3
2
-2
-6
-9
-11
-13
-16
-20
-26
-29
-29
-30
-35
-31
-34
-34
-33
-32
-31
-32
-30
-27
-31
-34
-34
-29
-30
-30
-26
-26
-20
-20
-14
-11
-7
-1
1
5
10
11
12
12
14
15
16
19
23
29
26
24
21
20
22
27
31
30
35
34
35
35
38
47
51
49
46
47
47
51
47
43
46
40
34
29
30
26
22
20
17
11
7
8
6
7
2
-3
0
-4
-6
-4
-6
-8
-12
-15
-16
-20
-18
-19
-19
-20
-25
-28
-29
-33
-29
-31
-33
-33
-35
-36
-32
-28
-28
-26
-26
-23
-23
-20
-17
-13
-7
-11
-15
-16
-17
-19
-19
-17
-17
-19
-14
-14
-17
-13
-12
-14
-15
-12
-9
-8
-6
-4
-3
-4
-2
-3
-5
-3
-5
-8
-8
-9
-7
-7
-2
1
2
4
9
12
15
19
18
24
26
30
31
39
42
41
43
44
43
42
39
34
34
31
32
29
29
31
26
23
23
23
19
19
16
10
8
6
2
-1
-4
-8
-9
-14
-16
-20
-24
-24
-28
-28
-27
-30
-28
-30
-29
-28
-25
-23
-22
-25
-24
-23
-24
-19
-18
-15
-14
-14
-14
-11
-10
-5
1
6
6
8
7
5
8
10
11
12
9
8
5
3
1
0
-4
-2
0
2
10
11
17
13
14
17
15
13
15
15
16
16
11
9
6
4
5
-2
1
-2
-1
6
3
7
5
9
10
8
8
7
7
9
5
3
3
1
1
0
-1
-1
-2
2
1
5
11
13
10
9
8
3
-1
0
-4
-4
-8
-11
-13
-15
-15
-15
-13
-18
-17
-18
-17
-20
-18
-19
-17
-21
-22
-23
-21
-19
-21
-23
-24
-19
-18
-18
-13
-7
-9
-7
-7
-8
-6
-3
-4
-3
-3
-1
-2
-5
-5
-10
-9
-11
-14
-12
-13
-11
-9
-9
-9
-7
-3
-3
0
4
5
6
2
3
5
5
7
10
15
17
15
13
15
16
17
19
20
21
24
29
33
36
36
32
29
29
29
24
27
23
18
19
16
17
11
12
12
14
10
8
9
11
10
10
10
9
8
4
3
1
-3
-2
-7
-8
-8
-14
-14
-16
-20
-21
-21
-18
-16
-15
-15
-14
-12
-9
-6
-4
-1
1
-2
-5
-9
-7
-8
-7
-7
-6
-8
-12
-11
-6
-6
-8
-9
-7
-3
-4
-3
-5
-9
-12
-8
-11
-13
-14
-17
-14
-14
-14
-11
-14
-15
-11
-9
-8
-5
-3
-3
-3
2
3
7
4
6
8
8
7
5
6
6
5
4
2
2
5
2
7
7
6
10
8
6
6
8
7
8
6
6
10
8
8
7
5
2
-1
1
1
-4
-3
-2
-3
-2
-4
-4
-1
-1
-2
-3
-3
-2
-4
-4
-4
-5
-4
0
-1
-1
-2
-1
2
-1
-2
-2
-2
-1
-4
-5
-2
1
5
6
3
5
8
12
11
13
16
17
15
14
16
15
12
10
12
13
16
18
22
22
18
18
16
17
16
13
13
12
10
10
5
4
3
1
-4
-5
-3
-5
-10
-6
-5
-8
-9
-8
-10
-10
-13
-11
-12
-10
-7
-10
-10
-11
-12
-12
-12
-14
-16
-14
-15
-17
-16
-20
-18
-16
-18
-19
-18
-16
-16
-13
-13
-11
-14
-14
-10
-12
-7
-12
-12
-11
-9
-5
-3
-2
0
-1
-2
1
1
3
5
5
7
9
10
9
4
-2
-5
-5
-5
-5
-5
-5
-6
-6
-9
-10
-11
-9
-8
-7
-1
-1
4
4
5
6
7
8
6
7
8
8
9
7
11
10
11
14
11
15
14
13
13
14
17
18
15
16
17
16
19
20
20
19
20
18
18
18
17
13
14
10
9
10
10
10
12
8
6
7
7
5
5
6
3
3
1
-3
-4
-5
-4
-5
-10
-11
-14
-17
-16
-17
-16
-18
-18
-21
-22
-20
-21
-20
-18
-20
-22
-22
-22
-21
-23
-24
-22
-22
-22
-22
-20
-20
-19
-17
-19
-17
-18
-17
-15
-11
-7
-5
-2
-4
-4
-3
-2
1
0
4
5
10
13
11
16
16
16
15
18
18
17
20
17
15
15
17
16
17
22
23
23
24
26
21
19
20
18
20
19
19
16
15
15
16
16
15
13
14
12
10
10
5
4
1
-1
-2
-4
-7
-8
-10
-13
-15
-15
-16
-19
-17
-18
-20
-16
-18
-17
-15
-13
-12
-11
-10
-10
-8
-7
-8
-7
-7
-7
-5
-6
-3
-1
1
1
4
3
5
6
6
5
4
6
4
2
2
3
3
1
2
2
4
4
2
3
2
4
2
1
-1
-3
-3
-2
1
1
1
2
3
2
2
1
-1
-2
-3
-3
-3
-2
-1
-4
-5
-4
-1
-3
-3
-3
-3
-4
-4
-2
1
-2
-2
-2
-2
2
2
1
0
-1
-2
-3
-3
-2
-4
-5
-5
-2
-4
-2
-2
-3
-7
-3
-4
-3
-3
-3
-3
-2
-1
-3
-1
-3
-4
-5
-5
-3
-1
0
-1
0
-1
-2
-2
1
3
1
4
4
4
4
6
8
3
5
3
1
1
1
2
2
5
4
4
3
4
4
0
2
1
2
2
3
-1
-1
-2
-4
-4
-4
-2
-2
-3
-2
-3
-2
-2
-2
-1
0
-1
1
1
2
3
2
6
5
7
9
6
10
8
7
8
9
11
9
11
9
12
11
10
11
13
12
14
12
9
7
5
5
4
2
1
1
-1
-3
-2
-2
-7
-8
-11
-13
-13
-15
-12
-15
-16
-16
-17
-15
-14
-15
-14
-14
-12
-12
-11
-12
-11
-10
-7
-8
-8
-8
-10
-8
-6
-5
-4
-3
-3
-4
-2
-2
0
3
4
4
7
9
8
9
11
11
11
11
9
10
10
7
8
6
4
4
5
5
5
3
1
2
1
0
1
-1
-2
-2
-4
-6
-4
-7
-7
-6
-5
0
2
4
4
2
3
4
3
6
8
7
8
7
8
7
9
10
7
5
5
7
6
5
4
2
4
6
3
4
1
-1
-4
-5
-5
-5
-4
-4
-6
-5
-6
-9
-6
-4
-7
-6
-4
-3
-2
1
2
0
0
-2
-2
-3
-2
-1
-2
0
1
3
1
1
1
2
-1
-1
3
2
5
7
7
8
6
7
8
6
8
8
5
6
2
1
1
-2
-2
-3
-5
-5
-4
-6
-5
-5
-5
-3
-4
-5
-7
-7
-8
-8
-5
-6
-7
-8
-9
-8
-11
-11
-11
-9
-8
-8
-8
-5
-6
-5
-5
-6
-6
-4
-5
-5
-3
-4
-6
-3
-1
-2
-2
-4
-3
-1
0
2
3
7
8
7
7
7
6
9
10
9
10
13
11
10
9
9
8
8
8
7
7
5
5
6
4
5
7
5
8
7
3
5
7
4
5
5
4
4
2
1
2
0
0
0
-2
-2
-1
-2
-4
-6
-5
-4
-3
-1
-2
-1
-1
1
2
0
1
2
4
4
6
9
5
6
5
4
5
5
4
1
-1
-1
-3
-5
-5
-4
-5
-6
-4
-6
-5
-7
-7
-6
-6
-7
-8
-5
-7
-10
-11
-11
-9
-10
-11
-11
-10
-7
-6
-7
-8
-7
-5
-4
-4
0
0
0
0
-3
-3
-3
-5
-3
-2
-3
-2
-1
0
4
5
5
5
3
3
2
2
2
2
0
0
1
4
2
2
6
4
5
4
1
1
2
-1
-1
-2
-1
-2
-2
-2
-1
0
1
0
1
0
0
3
4
5
3
5
4
5
4
5
5
6
7
8
8
6
8
7
8
8
7
7
5
5
4
2
2
2
2
1
1
1
4
5
5
6
6
5
6
4
3
2
0
0
-1
-1
-4
-2
-3
-4
-3
-3
-3
-5
-6
-7
-6
-3
-4
-3
-4
-4
-4
-3
-5
-5
-5
-6
-6
-5
-6
-7
-6
-7
-8
-7
-7
-7
-3
-4
-4
-4
-4
-3
-3
-3
-2
-2
-1
1
0
2
2
2
3
1
1
-1
0
3
3
5
5
7
6
6
7
8
7
7
8
5
6
7
6
6
4
4
1
1
0
0
-2
-2
-2
-2
-2
-1
-1
0
0
1
0
0
-1
-1
-1
-2
-2
-4
-5
-5
-5
-6
-5
-7
-7
-7
-7
-7
-4
-5
-4
-5
-7
-5
-5
-5
-5
-3
-1
-2
0
1
0
1
3
3
3
2
0
2
2
2
2
2
1
0
1
3
3
5
3
1
2
2
2
2
2
1
1
2
2
2
0
2
0
1
0
0
-1
-1
-1
-2
0
0
1
0
2
3
2
3
2
2
0
2
2
3
1
3
5
3
3
1
3
2
2
0
2
1
1
2
0
1
0
-1
-2
0
-1
0
-1
0
-1
-2
0
-2
-1
-1
0
1
-2
-1
0
0
-1
-1
-1
0
2
1
-1
-1
0
-1
-1
0
-2
-1
-2
-2
-3
0
0
0
0
0
0
1
0
-1
0
3
1
0
3
0
-1
-1
-2
-1
-3
-2
-1
-3
-2
-1
-1
1
2
2
3
3
5
5
4
4
4
1
1
0
-1
-1
-2
-1
-1
-2
-3
-3
-3
0
0
-1
-2
-1
-3
-2
-3
-2
-3
-2
-3
-3
-2
-3
-3
-3
-3
-3
-1
0
2
2
2
2
0
2
2
2
2
4
4
3
2
3
2
1
-1
0
0
-1
-2
-3
-2
-2
-3
-3
0
-1
1
0
-2
-2
-1
-3
-3
-2
-2
-2
-4
-1
-1
-2
-2
-1
-2
0
-1
-1
0
-1
-1
0
0
0
-2
1
2
3
5
4
5
4
3
4
4
6
6
7
5
6
7
6
4
5
5
5
6
5
5
2
3
3
1
1
2
1
-1
-2
-2
0
-3
-1
-1
-2
-3
-1
-2
-3
-1
-1
-2
-3
-2
-5
-6
-5
-5
-6
-5
-6
-4
-4
-5
-5
-8
-7
-8
-10
-9
-10
-11
-10
-8
-6
-4
-4
-5
0
0
-1
2
3
4
3
4
5
5
4
5
5
5
7
8
8
8
8
7
10
8
7
8
6
7
7
8
6
5
4
4
4
5
5
4
3
3
2
3
2
0
-1
-4
-3
-3
-3
-5
-5
-5
-5
-4
-3
-4
-3
-4
-2
-3
-3
-2
-2
-1
-2
-3
-4
-4
-5
-5
-3
-1
-1
0
-3
-2
-3
-2
-2
-2
-3
-3
-1
0
2
2
1
0
-2
-3
-3
-3
-3
-2
0
-2
-2
-3
-3
-4
-3
-3
-3
-3
-3
-2
-3
-1
-1
-3
-1
0
1
1
2
3
3
2
2
2
2
2
3
1
2
2
2
2
2
2
3
3
4
4
5
4
3
4
4
6
5
5
5
4
6
3
3
3
1
1
1
1
1
3
2
4
4
3
3
2
3
3
4
5
5
5
5
4
4
5
4
3
3
2
2
1
0
-1
-2
-3
-2
-2
-3
-2
-2
-2
-1
-1
0
-2
-2
-4
-4
-5
-6
-8
-9
-7
-8
-9
-10
-10
-11
-11
-11
-10
-9
-10
-8
-6
-8
-6
-6
-7
-7
-5
-5
-4
-4
-2
-1
1
1
0
0
1
-2
-2
0
-1
1
-1
-1
0
-1
-1
-2
0
-1
0
1
1
0
0
2
0
1
1
1
0
2
2
4
5
6
5
4
5
5
4
5
6
5
7
7
9
9
9
10
8
8
8
7
8
7
7
7
6
6
5
5
6
4
5
6
4
3
3
3
1
0
-1
-3
-1
0
-2
-1
-2
-2
-2
-3
-1
-3
-2
-4
-2
-2
-3
-3
-2
-2
-4
-4
-6
-6
-6
-7
-8
-8
-10
-8
-6
-4
-2
-2
-2
-1
0
1
0
3
4
3
2
4
3
3
4
2
2
3
2
2
1
3
5
3
5
6
5
6
7
6
6
7
