5
5
4
4
3
3
4
3
2
2
2
2
1
1
0
0
-1
0
-1
-1
-2
-2
-3
-2
-2
-2
-2
-1
0
-1
0
-1
-1
-1
-1
-2
-2
-1
-1
-1
-1
-1
-2
-1
-2
-1
-2
-1
-1
-1
-2
-2
-2
-3
-3
-3
-2
-2
-1
-2
-2
-2
-2
-2
-2
-2
-2
-1
-2
-2
-3
-2
-2
-2
-2
-2
-1
-1
-1
0
-1
0
0
-1
-1
0
-2
-2
-2
-2
-1
-1
-2
-1
-2
0
-2
-2
-2
-1
-2
-1
-1
-1
-1
-2
-1
-1
0
-1
0
0
-1
0
1
2
2
2
2
1
1
0
0
2
2
3
2
2
1
0
1
0
1
0
0
0
-1
-1
0
0
0
0
2
1
1
1
2
3
2
3
2
3
2
1
2
2
1
2
1
2
3
2
2
2
1
2
3
2
2
2
1
2
1
2
2
2
2
2
2
2
2
1
0
1
0
0
0
0
0
1
0
0
1
0
1
1
0
1
0
0
0
0
0
0
0
0
-1
1
0
0
0
-1
0
0
1
1
1
0
1
0
-1
-1
-2
-1
-1
-1
-1
-1
0
0
-1
-1
-2
-1
-1
-2
-1
-1
0
0
0
0
0
-1
0
-1
-2
-2
-2
-2
-2
-4
-3
-4
-5
-4
-5
-3
-4
-4
-3
-3
-2
-3
-2
-3
-3
-3
-3
-4
-3
-3
-3
-3
-3
-4
-4
-5
-4
-2
-2
0
0
0
0
1
-1
1
1
1
-1
-1
0
0
1
-1
0
0
0
1
0
0
1
1
2
2
2
3
2
3
3
3
4
4
4
4
4
4
4
5
4
5
6
5
6
6
5
4
4
5
5
5
4
6
5
4
4
4
3
3
4
4
3
2
2
1
1
2
2
1
1
1
2
1
0
0
-2
-2
-1
-2
-2
-2
-2
-2
-2
-1
-2
-2
-2
-2
-3
-3
-3
-3
-4
-3
-2
-3
-3
-4
-3
-4
-4
-4
-4
-3
-4
-2
-2
-2
-1
-3
-3
-3
-2
-2
-2
-2
-2
-1
-1
-1
-2
0
-1
-2
-2
-1
0
1
0
0
0
0
0
1
1
1
1
1
2
3
2
2
1
1
1
0
-1
0
-1
0
1
-1
0
0
-1
-1
-1
-1
-2
-1
-1
-1
0
-1
-1
0
-1
-1
-1
-1
0
-1
-1
-1
-2
-2
-1
-3
-2
-2
-1
-1
-1
-3
-3
-2
-2
-1
-2
-3
-2
-2
-1
-1
0
-1
0
0
0
1
1
2
3
2
2
3
3
3
3
4
3
4
2
1
2
1
1
1
2
2
2
3
2
2
3
3
2
3
2
2
3
3
4
3
4
4
4
3
3
4
4
4
3
3
1
2
2
1
2
1
0
0
0
-2
-1
-2
-2
-1
-1
-1
-1
-3
-2
-2
-2
-2
-2
-2
-2
-2
-3
-3
-3
-3
-3
-2
-1
-2
-2
-2
-2
-2
-2
0
-1
0
1
0
1
1
1
1
1
0
0
0
0
-1
1
0
1
0
0
0
-1
-1
-1
-1
-1
-1
0
-1
-1
-2
-1
-1
-3
-3
-2
-2
-2
-2
-2
-3
-2
-2
-3
-2
-2
-2
-3
-2
-3
-2
-2
-2
-2
-1
-1
-1
-2
0
-1
-1
-1
0
0
0
-1
0
0
0
2
0
0
1
1
2
1
0
1
1
1
2
2
1
2
2
2
2
3
2
1
1
1
1
0
2
0
1
1
2
2
3
3
3
3
2
3
3
2
2
2
2
2
2
0
1
1
0
0
1
1
0
1
0
1
1
0
0
0
0
1
1
1
1
1
2
1
2
0
1
2
2
1
1
1
1
0
0
1
0
0
0
0
-1
0
0
-1
-1
-1
0
-1
0
0
-1
-1
-1
-2
-2
-1
-1
-1
-2
-2
-1
-1
-2
-1
-2
-2
-2
-2
-2
-1
-2
-3
-2
-2
-1
-2
-1
-1
0
-2
-1
-2
-1
-1
-1
-1
-1
-1
-1
-1
-1
0
-1
-1
-1
-2
-1
-1
0
-1
0
-1
0
-1
-2
-1
-1
0
0
0
1
1
0
1
1
0
1
0
2
1
1
0
0
1
-1
0
-1
0
0
-1
0
0
0
1
1
1
-1
1
0
1
1
1
1
0
2
1
0
1
1
1
1
1
1
2
2
1
1
1
0
1
0
0
1
0
1
1
1
0
1
0
0
0
2
2
1
0
0
1
1
2
-1
0
0
-1
0
0
0
1
0
0
0
0
0
0
1
0
0
1
0
0
-1
-1
-1
-1
-1
-1
0
1
-1
-1
0
0
0
1
2
1
0
1
1
0
1
1
1
1
0
1
1
0
1
1
1
1
1
2
1
1
1
1
0
0
0
0
0
0
-1
-1
-1
-1
-1
-1
-2
-1
-1
-1
-1
-1
-1
0
-1
-1
0
0
-1
-2
-2
-1
-1
-1
-1
0
-1
0
0
-1
0
-1
-1
-1
0
0
0
0
-1
1
-1
-1
-1
0
0
0
0
1
0
0
-1
1
0
0
-1
0
0
0
1
0
0
0
0
1
1
1
0
0
0
-1
0
-1
0
-1
-2
-1
-1
0
0
0
-1
-1
-1
-1
-1
-1
-2
-2
-2
-2
-1
-1
-2
-1
-1
-2
-1
-2
-2
0
-1
-2
-1
-1
0
-1
-1
-1
-2
-2
-3
-2
-1
-1
-1
-1
-1
0
0
0
0
-1
0
0
-1
0
1
1
1
0
2
2
2
2
2
2
3
4
2
4
3
3
5
4
5
4
3
3
5
4
3
3
2
2
1
2
2
2
2
2
2
0
1
0
0
1
2
1
0
-1
-1
-1
-1
-1
-2
-2
-3
-3
-4
-2
-2
-1
-1
-2
-2
-2
-2
-2
-2
-3
-2
-2
-2
-2
-1
-1
-2
-2
-1
-1
-1
0
-2
-1
-1
-1
0
0
0
0
1
0
1
1
0
0
0
0
0
1
1
0
0
0
2
1
0
0
0
1
1
1
1
1
1
1
2
1
1
1
1
-1
0
1
1
0
0
1
1
0
0
0
0
0
0
0
-2
-1
-1
-3
-3
-3
-3
-4
-4
-3
-4
-4
-3
-4
-5
-4
-3
-4
-3
-3
-2
-2
-2
0
-1
0
1
1
2
1
1
2
1
1
3
2
3
2
1
2
1
2
1
2
3
3
2
3
2
3
3
4
3
3
5
5
3
4
4
4
3
3
4
3
2
0
1
0
1
0
0
0
-1
-1
-1
0
-1
-1
-2
-1
-2
-1
-1
-3
-1
-2
-2
-2
-1
0
0
0
-1
-1
-1
-1
0
1
1
1
1
1
1
1
1
1
2
1
2
1
2
3
3
3
3
2
2
1
2
1
1
0
1
0
0
0
-1
-1
-2
-3
-1
-2
-3
-3
-3
-3
-4
-3
-4
-2
-4
-3
-3
-3
-4
-4
-4
-4
-5
-5
-4
-4
-4
-4
-3
-4
-5
-5
-4
-5
-4
-5
-3
-3
-4
-2
-2
-1
-2
-1
0
1
2
1
1
1
2
1
1
1
3
3
2
2
3
4
4
2
3
2
3
2
2
3
3
3
3
2
2
2
1
3
2
3
2
2
3
3
2
2
3
2
2
2
2
2
1
1
1
2
1
3
3
2
2
3
3
4
2
2
1
2
2
1
1
0
0
-1
-1
0
0
1
1
0
-1
-1
-1
-1
-2
-2
-2
-3
-2
-2
-2
-3
-2
-2
-2
-2
-1
-2
-1
-1
-2
-1
0
0
-1
-1
-2
-1
-1
0
-1
1
0
1
1
1
1
2
2
1
2
2
0
2
1
1
0
1
1
1
0
0
0
0
0
0
0
0
-2
-2
-2
-1
-2
-3
-2
-2
-2
-2
-2
-2
-3
-2
-3
-3
-2
-3
-3
-2
-2
-2
-3
-2
-1
-2
-2
-2
-2
-2
-3
-1
-3
-3
-2
-1
-2
-2
0
-1
0
0
0
1
1
1
3
2
1
1
2
2
2
2
2
3
2
3
2
1
2
3
3
2
3
2
2
2
2
2
1
0
1
1
1
2
2
3
2
3
2
3
3
2
3
3
3
2
3
1
2
1
1
1
1
0
0
0
-2
0
-1
-2
-2
-2
-3
-4
-2
-2
-2
-2
-1
-1
-1
0
0
-1
0
-1
0
0
1
0
2
0
1
1
1
1
1
2
2
2
2
1
2
2
3
3
3
3
3
3
2
2
3
3
2
1
2
1
1
0
0
-1
-1
-2
-1
-2
-2
-2
-2
-2
-2
-2
-3
-2
-2
-2
-3
-4
-3
-3
-5
-4
-3
-4
-4
-4
-3
-1
-3
-3
-3
-2
-3
-3
-3
-3
-1
-2
-1
-1
-1
-1
-1
-2
-2
-2
-2
-2
-1
0
0
0
0
1
0
0
0
0
0
1
1
2
2
2
2
1
1
2
1
1
1
2
1
2
1
1
0
2
2
1
2
1
0
-1
-2
-3
-4
-2
-3
-3
-3
-3
-3
-2
-3
-2
-2
-2
-3
-1
0
-1
0
0
-1
0
1
0
1
2
2
2
3
4
4
3
4
4
4
5
5
5
5
6
6
7
6
7
6
6
6
5
4
5
4
4
4
3
4
3
3
3
3
3
4
2
2
3
3
2
2
1
0
0
0
-1
-1
0
-1
-1
-1
-3
-4
-3
-4
-5
-4
-5
-3
-4
-4
-4
-5
-6
-6
-7
-7
-5
-6
-5
-6
-5
-5
-5
-5
-4
-4
-3
-4
-3
-3
-3
-3
-3
-2
-3
-4
-2
-3
-2
-2
-2
-1
-2
-1
-1
-1
0
0
1
0
1
1
2
1
1
1
1
2
1
2
2
3
3
2
3
2
3
4
2
3
3
2
2
2
3
3
3
2
2
1
2
0
0
0
-1
0
-2
-2
-1
-1
0
-1
0
1
-1
0
-1
0
0
-1
0
-2
-1
-2
-1
-1
-1
-1
-2
-2
-2
-1
0
-1
-1
-1
-2
0
1
0
0
3
-2
0
0
0
2
0
2
3
1
3
1
1
3
2
2
3
1
2
2
2
4
2
4
4
2
5
3
4
4
3
4
3
4
4
3
2
3
2
2
4
3
3
5
4
4
4
6
4
5
4
5
5
4
4
3
3
1
2
2
0
0
-1
0
-2
-3
-4
-5
-7
-7
-7
-8
-8
-7
-7
-8
-7
-8
-8
-8
-10
-8
-9
-8
-8
-8
-9
-7
-7
-8
-7
-8
-7
-7
-8
-7
-5
-4
-4
-3
-4
-2
-3
-2
-1
0
0
2
1
2
2
2
4
2
3
4
4
5
5
5
6
5
5
6
6
6
6
7
4
5
6
5
5
6
4
4
4
4
3
3
2
1
0
-1
0
0
-1
0
0
1
0
0
0
-1
-1
-1
1
1
1
1
1
0
1
0
-1
0
-1
0
1
0
1
1
1
0
2
1
1
1
0
0
0
0
0
-1
-2
-2
-2
-2
-2
-1
-2
-1
-4
-2
-2
-2
-1
-1
0
-1
-1
0
1
1
1
1
2
2
2
3
3
3
2
3
2
2
2
3
3
3
3
2
2
1
0
2
2
3
4
3
3
3
3
2
4
3
4
5
4
5
6
5
5
3
3
2
1
0
0
-1
-2
-2
-3
-3
-4
-3
-3
-2
-2
-1
-1
-2
-2
-2
-3
-3
-4
-4
-4
-4
-6
-6
-7
-7
-9
-10
-11
-12
-13
-13
-15
-16
-17
-18
-17
-18
-17
-18
-18
-17
-19
-19
-19
-19
-18
-16
-14
-12
-12
-10
-8
-7
-4
-2
-2
1
3
4
5
7
10
11
13
15
17
20
22
23
26
28
30
31
32
33
34
36
36
36
35
36
35
35
35
33
31
30
28
26
27
24
22
19
18
16
14
10
7
3
0
-3
-6
-7
-11
-14
-16
-18
-20
-21
-23
-25
-25
-26
-26
-27
-29
-29
-30
-31
-30
-30
-31
-32
-33
-34
-33
-33
-33
-31
-31
-28
-27
-27
-26
-25
-23
-23
-22
-21
-21
-20
-19
-18
-18
-18
-21
-24
-26
-28
-27
-25
-24
-23
-20
-15
-8
-4
3
7
13
18
24
30
36
42
49
53
56
61
65
71
75
79
82
84
85
86
84
82
79
75
70
64
60
54
48
44
38
32
26
20
13
8
0
-6
-13
-18
-24
-31
-36
-41
-45
-49
-54
-55
-57
-57
-58
-59
-60
-61
-62
-62
-62
-64
-63
-62
-60
-57
-57
-53
-49
-48
-43
-40
-37
-35
-32
-30
-30
-25
-23
-20
-16
-13
-12
-9
-5
-5
-4
-9
-18
-28
-39
-45
-52
-58
-60
-59
-56
-47
-33
-16
-1
10
19
26
33
40
50
59
67
75
82
91
101
112
122
133
140
150
156
160
160
159
156
146
130
111
92
73
57
44
32
24
18
11
7
7
6
1
-5
-13
-23
-34
-43
-51
-59
-65
-70
-69
-68
-64
-58
-53
-48
-44
-38
-38
-38
-42
-45
-49
-54
-57
-61
-63
-63
-62
-57
-50
-45
-40
-39
-37
-35
-34
-36
-38
-44
-50
-58
-64
-67
-68
-67
-65
-58
-52
-44
-33
-25
-16
-6
0
4
6
6
6
3
-6
-22
-46
-72
-88
-97
-96
-95
-94
-90
-78
-57
-30
-2
15
22
22
24
33
50
67
79
86
89
100
114
133
152
169
184
197
213
225
232
233
231
221
208
195
177
157
134
114
96
79
63
50
40
29
25
17
7
-6
-22
-38
-55
-75
-93
-107
-119
-123
-126
-122
-121
-115
-108
-102
-94
-87
-85
-89
-92
-95
-95
-93
-94
-94
-94
-87
-80
-71
-60
-53
-49
-43
-38
-35
-33
-36
-40
-46
-54
-57
-63
-67
-69
-72
-69
-66
-63
-56
-48
-44
-38
-34
-35
-34
-30
-23
-12
1
14
25
39
54
73
95
110
120
110
82
50
18
0
-16
-34
-51
-69
-70
-55
-27
8
36
44
44
45
49
65
75
78
67
51
40
37
47
57
72
87
105
133
164
192
211
227
231
231
216
200
179
151
116
80
52
23
1
-16
-30
-38
-40
-40
-48
-59
-78
-99
-126
-152
-172
-195
-209
-226
-230
-229
-221
-206
-188
-160
-134
-108
-90
-74
-59
-46
-27
-15
-8
-2
1
5
16
28
39
50
55
59
67
72
72
69
57
43
25
10
-3
-14
-26
-39
-47
-50
-47
-35
-21
-11
2
19
35
52
75
98
116
125
131
134
135
133
119
82
26
-36
-92
-127
-164
-194
-224
-246
-245
-233
-199
-166
-147
-144
-147
-141
-123
-99
-75
-64
-60
-63
-58
-39
-10
22
56
85
131
188
239
290
330
355
379
383
378
366
343
316
271
220
174
136
91
54
12
-27
-62
-91
-115
-135
-154
-180
-205
-223
-233
-232
-230
-226
-215
-210
-201
-194
-174
-148
-117
-87
-54
-21
15
51
79
111
137
160
181
197
212
216
220
220
213
203
185
173
152
135
112
84
53
25
-2
-32
-61
-90
-118
-136
-154
-163
-170
-180
-188
-192
-186
-175
-152
-125
-100
-79
-59
-38
-12
16
41
59
76
82
61
16
-47
-96
-138
-180
-226
-275
-311
-317
-298
-258
-218
-195
-190
-201
-198
-169
-124
-79
-49
-30
-22
-5
31
82
129
164
193
238
307
386
441
470
495
509
517
518
509
490
444
373
297
231
178
127
51
-23
-82
-134
-175
-219
-259
-309
-360
-393
-397
-375
-350
-327
-319
-305
-272
-246
-211
-170
-112
-65
-13
40
89
152
205
249
284
316
341
357
358
355
353
332
300
260
225
189
149
109
72
27
-15
-65
-104
-146
-185
-222
-267
-295
-320
-319
-312
-303
-295
-276
-237
-200
-155
-101
-46
0
43
88
128
164
201
225
236
236
192
87
-60
-181
-253
-323
-420
-520
-598
-641
-624
-572
-486
-426
-393
-365
-324
-245
-141
-42
40
92
120
134
169
226
291
327
345
382
453
560
632
669
690
709
712
681
631
566
485
363
224
103
-2
-86
-181
-269
-331
-358
-369
-385
-389
-387
-388
-403
-410
-375
-321
-276
-243
-201
-119
-60
1
70
153
231
279
335
382
446
484
508
517
499
486
458
435
413
391
345
280
211
182
166
125
67
-2
-61
-130
-191
-235
-281
-337
-413
-465
-506
-514
-503
-497
-491
-487
-461
-428
-390
-346
-291
-240
-215
-190
-133
-80
-35
6
46
107
149
173
134
30
-139
-282
-367
-462
-585
-724
-810
-815
-755
-647
-532
-441
-361
-271
-150
-22
125
255
365
433
469
491
504
530
554
567
563
581
641
704
719
715
728
761
755
684
605
522
423
311
193
77
-32
-140
-229
-323
-364
-373
-360
-340
-342
-320
-285
-249
-221
-191
-140
-108
-74
1
73
153
205
284
354
415
450
456
460
447
456
440
404
361
302
244
185
127
68
14
-50
-106
-134
-167
-201
-247
-288
-327
-385
-430
-458
-473
-492
-524
-554
-550
-531
-500
-466
-438
-392
-349
-325
-298
-263
-215
-176
-135
-99
-50
8
70
149
212
274
318
296
137
-124
-357
-464
-522
-673
-892
-1074
-1056
-916
-693
-488
-318
-171
-61
121
306
507
653
732
773
745
722
685
660
653
645
625
579
605
699
773
752
701
728
755
703
549
394
261
119
-39
-196
-324
-446
-507
-537
-521
-441
-354
-282
-264
-229
-151
-94
-89
-89
-57
-7
11
30
94
136
158
161
225
314
356
327
263
210
194
182
141
67
0
-62
-86
-86
-79
-47
-42
-76
-77
-48
-32
-58
-109
-160
-237
-313
-366
-409
-472
-553
-624
-632
-619
-587
-534
-472
-427
-374
-299
-247
-230
-198
-123
-60
-11
54
132
215
300
418
545
657
680
482
105
-268
-404
-402
-570
-915
-1243
-1230
-976
-626
-278
-78
72
162
393
671
915
1054
1051
1020
935
836
747
650
563
484
394
321
317
418
531
523
428
408
468
482
314
86
-76
-205
-321
-441
-526
-609
-631
-589
-488
-336
-162
-22
-3
18
84
142
137
65
26
12
-43
-108
-93
-55
-55
-135
-118
-38
27
37
-14
-58
-91
-44
-9
-17
-38
-32
0
32
60
124
166
127
85
89
98
46
-72
-210
-339
-469
-551
-583
-607
-651
-666
-644
-598
-506
-406
-298
-253
-247
-191
-131
-85
-27
62
170
249
327
465
633
763
899
987
1060
969
583
-4
-530
-719
-762
-978
-1389
-1748
-1607
-1169
-651
-189
69
267
368
635
914
1125
1146
1027
888
721
577
450
422
394
380
332
287
343
505
665
592
375
247
204
135
-131
-425
-630
-759
-833
-836
-733
-650
-499
-315
-61
180
398
578
545
402
210
118
-13
-195
-333
-403
-425
-386
-248
-28
113
141
189
241
324
286
187
36
-71
-61
0
70
115
211
344
472
562
654
704
643
470
263
76
-124
-354
-587
-781
-886
-877
-798
-682
-581
-476
-323
-196
-123
-78
-68
-119
-243
-327
-335
-325
-319
-257
-101
90
297
533
768
953
1068
1100
1121
1022
544
-268
-1170
-1619
-1632
-1686
-1991
-2375
-2247
-1556
-674
170
664
950
1001
1136
1330
1447
1372
1041
745
484
335
234
271
352
450
496
460
491
613
737
543
36
-411
-647
-734
-953
-1240
-1394
-1340
-1090
-744
-286
119
489
777
1035
1192
1237
1174
866
468
66
-205
-393
-525
-537
-456
-320
-181
16
237
362
289
148
64
-33
-167
-362
-457
-432
-272
1
294
608
868
1105
1218
1223
1102
849
455
-14
-410
-732
-986
-1171
-1216
-1121
-942
-645
-330
-57
105
173
185
114
-17
-210
-362
-540
-668
-695
-583
-365
-111
161
404
621
800
909
929
838
717
560
440
345
302
121
-536
-1446
-2137
-2082
-1620
-1525
-1766
-2015
-1582
-648
290
1013
1167
1107
839
854
957
1111
1113
916
809
755
865
926
1012
970
829
544
119
-169
-334
-560
-991
-1489
-1623
-1506
-1235
-1029
-797
-418
-9
410
786
1170
1351
1349
1131
974
890
785
522
120
-133
-246
-232
-249
-199
-42
64
10
-64
-81
-93
-282
-518
-660
-594
-402
-303
-84
187
596
923
1141
1255
1245
1133
814
412
-12
-326
-627
-925
-1086
-1082
-906
-668
-415
-158
17
105
126
104
18
-138
-402
-692
-841
-794
-593
-454
-328
-174
53
230
340
411
419
323
94
-96
-190
-177
-145
-119
17
199
437
433
-174
-1071
-1829
-1789
-1437
-1425
-1697
-1945
-1401
-467
639
1450
1728
1684
1364
1290
1310
1431
1344
1032
722
508
503
523
547
492
375
-1
-538
-859
-966
-949
-1258
-1612
-1630
-1284
-756
-326
178
659
1114
1410
1619
1747
1746
1534
1106
762
450
298
98
-84
-113
-52
2
-82
-45
58
86
-129
-461
-661
-786
-839
-875
-741
-393
18
390
664
977
1273
1397
1189
783
406
68
-327
-730
-942
-970
-847
-699
-458
-176
89
237
239
164
-8
-245
-528
-758
-893
-916
-887
-841
-689
-410
-116
21
38
43
-7
-130
-313
-380
-352
-309
-284
-194
50
364
644
801
911
967
977
788
69
-1049
-2168
-2613
-2260
-1819
-1622
-1636
-1184
-143
1035
1996
2276
2057
1360
747
454
472
580
509
444
469
709
954
1126
1109
780
179
-691
-1428
-1799
-1806
-1733
-1809
-1599
-987
-70
780
1422
1871
2028
1921
1596
1262
937
617
235
-51
-102
131
469
673
748
632
444
33
-444
-809
-1099
-1312
-1590
-1548
-1174
-610
-15
481
1023
1387
1452
1204
817
502
190
-188
-579
-732
-545
-218
92
334
542
645
551
259
-141
-516
-855
-1141
-1316
-1302
-1062
-744
-366
-34
203
254
72
-249
-539
-688
-816
-936
-954
-799
-432
3
409
743
976
1001
865
639
461
332
178
131
215
444
612
466
-354
-1423
-2276
-2293
-1840
-1635
-1694
-1776
-1106
-14
1152
1989
2188
1869
1126
647
552
812
1030
984
897
821
929
1039
1068
777
208
-618
-1433
-1884
-1937
-1682
-1483
-1214
-761
-126
551
1083
1485
1609
1396
1016
770
699
755
722
645
667
838
1062
1043
713
146
-442
-1051
-1526
-1855
-1830
-1524
-1262
-885
-514
134
620
888
945
787
638
267
2
-162
-27
154
226
368
555
864
936
734
321
-84
-458
-848
-1214
-1458
-1351
-1123
-844
-613
-345
-74
86
71
-82
-295
-562
-830
-1010
-881
-571
-198
89
311
579
782
898
832
766
676
488
291
190
317
516
638
698
702
683
252
-896
-2285
-3222
-2951
-2203
-1633
-1355
-949
14
1041
1875
2270
2159
1479
422
-259
-242
453
1221
1692
1869
1802
1643
1329
885
154
-819
-2029
-2982
-3147
-2557
-1602
-914
-304
368
980
1245
1165
1035
855
492
70
-82
329
1070
1645
1857
1761
1568
1155
443
-484
-1354
-2036
-2497
-2547
-2032
-975
40
684
921
930
773
360
-128
-519
-663
-702
-539
12
914
1881
2299
2121
1552
948
371
-370
-1106
-1618
-1712
-1507
-1063
-471
111
512
555
245
-241
-704
-1061
-1278
-1318
-1112
-753
-290
215
627
875
840
617
276
-42
-295
-418
-333
-17
470
892
1136
1151
1050
839
541
160
-119
-319
-412
-656
-1442
-2480
-3199
-2707
-1567
-735
-543
-553
-110
621
1247
1493
1365
980
364
-76
14
805
1866
2614
2663
1976
1014
131
-511
-1033
-1633
-2357
-2933
-2794
-1822
-599
232
548
648
687
521
200
88
277
576
814
1012
1382
1999
2361
2223
1506
660
-133
-877
-1379
-1606
-1510
-1515
-1410
-993
-154
542
610
200
-261
-432
-408
-167
243
816
1197
1298
1285
1398
1605
1435
764
-145
-735
-821
-720
-585
-489
-422
-494
-644
-752
-714
-638
-700
-836
-894
-692
-317
118
401
470
384
113
-142
-247
-118
56
109
161
288
499
557
481
368
274
124
-120
-267
-200
6
173
189
270
328
289
-175
-1320
-2733
-3674
-3271
-2053
-823
-225
77
543
1152
1515
1368
877
289
-136
-272
118
1030
2175
3149
3358
2568
1026
-619
-1741
-2235
-2276
-2283
-2221
-1781
-809
356
1040
1029
555
-105
-805
-1135
-825
94
1143
1892
2295
2515
2551
2161
1394
349
-584
-1217
-1487
-1267
-719
-167
140
94
-11
-154
-277
-490
-765
-815
-616
-153
496
1241
1805
1824
1240
434
-100
-179
-123
-216
-374
-390
-218
0
90
-17
-366
-774
-1067
-1133
-873
-438
27
260
285
152
-61
-151
-195
-181
-196
-266
-252
-112
108
224
137
-87
-318
-512
-573
-405
-24
422
673
687
529
350
184
-2
-154
-196
-66
74
-87
-941
-2157
-2938
-2461
-1309
-497
-446
-543
-91
656
1111
985
694
443
351
439
798
1432
2089
2538
2503
1840
670
-701
-1688
-1945
-1517
-940
-666
-525
-390
-251
-366
-590
-648
-618
-680
-684
-117
1059
2261
2746
2433
1760
1162
636
137
-241
-190
74
225
281
352
398
-122
-931
-1525
-1297
-823
-527
-310
6
526
695
644
479
419
127
-362
-639
-382
421
970
891
476
168
61
-240
-659
-887
-709
-429
-312
-164
-33
23
-151
-344
-429
-339
-248
-201
-33
254
473
244
-314
-865
-1035
-957
-758
-410
89
515
618
529
475
483
325
-37
-310
-252
72
426
641
791
831
535
-366
-1767
-3045
-3301
-2258
-788
78
127
36
228
505
458
75
-221
-216
171
898
1785
2466
2650
2312
1560
566
-453
-1237
-1543
-1237
-603
-36
177
41
-364
-1047
-1750
-1984
-1421
-440
312
741
1216
1860
2203
1897
1148
442
12
-163
-13
458
1108
1285
830
140
-279
-560
-1025
-1426
-1340
-641
85
428
385
190
-198
-720
-966
-638
66
471
412
332
652
1149
1131
446
-272
-444
-217
-2
176
378
435
140
-274
-468
-439
-426
-484
-365
-8
398
438
53
-433
-720
-846
-1013
-1094
-838
-293
171
454
624
725
508
-48
-488
-479
-32
359
512
509
578
652
542
306
140
108
-59
-770
-1860
-2719
-2576
-1399
-245
86
-388
-631
-279
294
491
228
-46
-105
223
849
1622
2168
2236
1918
1351
741
108
-506
-949
-1143
-1017
-753
-527
-413
-493
-828
-1284
-1285
-622
221
603
605
711
1027
1291
1217
968
779
715
658
667
870
1181
1071
362
-372
-605
-573
-781
-1118
-959
-408
-4
-7
-215
-328
-601
-897
-867
-222
559
770
516
245
438
902
1015
577
43
7
219
223
83
54
-11
-374
-702
-603
-218
-78
-175
-170
20
133
-132
-577
-941
-1019
-855
-728
-626
-463
-118
133
119
169
290
223
-195
-460
-165
395
700
662
576
579
532
372
287
266
189
-253
-1118
-2075
-2332
-1440
-205
229
-401
-1034
-873
-251
109
-59
-284
-98
457
1120
1655
2032
2077
1805
1307
705
188
-223
-471
-577
-432
-246
-189
-305
-495
-740
-1045
-1141
-794
-53
504
548
477
632
984
1046
741
481
542
739
768
699
737
824
532
-59
-510
-494
-384
-558
-776
-686
-313
-217
-498
-686
-642
-491
-491
-284
245
675
683
308
180
440
758
714
383
222
340
445
207
-205
-441
-468
-499
-516
-320
-14
80
-107
-248
-236
-292
-613
-989
-1030
-688
-285
-88
-54
-25
30
8
-33
4
87
31
-145
-107
209
520
542
312
97
64
144
238
380
562
668
378
-402
-1371
-1880
-1529
-784
-388
-625
-939
-764
-161
289
134
-252
-296
131
680
985
1145
1285
1377
1187
694
156
-187
-219
-74
49
93
133
209
74
-365
-827
-910
-563
-122
134
181
254
429
606
607
412
274
273
321
353
468
708
791
481
-26
-360
-392
-369
-485
-534
-368
-92
8
-122
-258
-312
-378
-506
-482
-116
332
519
423
371
586
781
737
417
96
-29
-118
-245
-380
-292
-112
-44
-40
-49
-8
-40
-149
-262
-341
-363
-445
-501
-450
-248
16
76
-38
-205
-208
-116
6
94
125
57
-105
-131
35
279
336
241
217
334
464
469
387
322
269
153
-103
-430
-701
-783
-764
-673
-492
-319
-248
-375
-546
-580
-405
-121
57
37
-95
-111
102
334
359
186
-51
-185
-209
-183
-145
-136
-123
-108
-119
-188
-239
-169
40
261
434
536
591
628
592
463
397
481
600
607
509
445
529
652
598
364
135
35
-5
-43
-104
-142
-144
-128
-151
-116
-113
-214
-380
-445
-198
210
470
426
272
204
275
310
206
12
-175
-332
-398
-257
9
257
321
236
132
59
-10
-92
-181
-323
-460
-572
-548
-388
-221
-155
-237
-384
-492
-525
-500
-450
-365
-266
-250
-232
-123
36
155
143
110
211
350
404
350
261
243
254
189
-44
-353
-588
-681
-665
-605
-498
-435
-502
-655
-695
-552
-254
48
203
179
101
171
399
536
371
80
-94
-76
34
86
125
221
341
389
273
108
15
102
234
322
362
366
409
400
368
330
368
449
545
563
500
489
556
612
494
313
203
213
281
250
156
51
-24
-61
-71
-74
-71
-105
-185
-200
-48
155
192
-9
-258
-325
-213
-72
-51
-88
-145
-211
-173
-7
213
314
198
-6
-149
-142
-120
-163
-260
-360
-439
-521
-515
-426
-374
-437
-576
-668
-641
-555
-474
-433
-355
-288
-275
-286
-252
-123
10
98
153
297
529
640
567
466
407
341
106
-209
-391
-495
-616
-799
-858
-622
-262
-95
-269
-538
-599
-350
30
239
222
74
-4
35
162
270
267
193
149
233
335
393
406
412
408
357
288
235
201
166
151
151
176
227
240
203
157
202
358
548
614
556
477
407
340
279
251
259
269
292
328
388
416
362
276
170
103
-20
-223
-427
-500
-397
-229
-139
-162
-237
-267
-223
-126
-23
-13
-104
-250
-258
-63
206
372
319
158
16
-29
-60
-147
-251
-339
-431
-513
-512
-413
-308
-324
-461
-576
-601
-589
-561
-508
-378
-317
-293
-299
-212
25
250
394
465
620
780
744
514
270
195
216
158
0
-112
-129
-193
-403
-691
-801
-652
-424
-352
-447
-506
-358
-108
42
43
-42
-127
-211
-233
-151
84
303
407
414
403
473
514
525
443
306
189
113
65
-7
-58
-33
78
213
319
344
296
230
188
170
134
84
63
64
92
167
336
553
697
669
540
383
256
135
19
-52
-95
-143
-299
-440
-433
-255
-111
-176
-303
-337
-240
-170
-186
-206
-142
-24
99
229
380
513
510
405
273
185
93
-27
-124
-187
-158
-140
-173
-245
-326
-390
-461
-524
-571
-592
-595
-581
-516
-429
-322
-286
-303
-220
-9
240
343
331
354
441
460
310
110
46
92
126
89
23
15
-40
-177
-350
-449
-428
-373
-325
-282
-232
-166
-159
-260
-371
-410
-345
-257
-199
-132
-31
110
261
370
427
437
428
416
393
321
149
-11
-45
46
145
239
335
459
576
523
319
63
-108
-191
-230
-222
-37
255
502
602
624
639
636
578
420
261
168
149
129
112
107
113
29
-138
-285
-316
-284
-300
-384
-431
-308
-114
14
28
35
61
124
246
387
472
420
218
-1
-72
-19
8
-60
-139
-180
-226
-282
-340
-386
-426
-500
-581
-644
-642
-585
-540
-489
-425
-350
-281
-240
-167
-21
142
229
212
172
180
172
123
65
80
158
141
28
-50
-72
-85
-166
-237
-228
-158
-123
-201
-339
-381
-306
-259
-337
-500
-592
-558
-459
-316
-100
153
342
424
406
380
376
330
241
150
111
124
201
321
460
565
589
549
435
246
23
-150
-216
-147
-39
13
60
122
216
302
334
356
431
525
578
586
565
545
501
402
300
229
176
89
-31
-85
-82
-88
-213
-370
-423
-339
-158
18
152
204
168
98
36
84
162
182
96
19
46
139
210
170
50
-96
-195
-260
-304
-326
-345
-341
-377
-478
-641
-799
-813
-701
-534
-393
-315
-265
-217
-148
-84
-90
-94
-54
2
23
9
69
212
313
230
20
-147
-185
-145
-108
-67
36
122
140
24
-155
-296
-405
-569
-756
-799
-636
-376
-236
-215
-177
1
225
332
284
135
-16
-98
-50
100
259
352
363
401
498
586
591
508
365
200
27
-120
-173
-160
-131
-81
20
182
338
401
369
327
370
465
547
559
551
561
569
574
567
554
471
266
52
-85
-94
-44
-27
-83
-127
-89
-6
66
43
-30
-104
-134
-106
-54
-1
27
52
108
143
128
59
-35
-95
-115
-115
-71
-74
-165
-277
-381
-409
-439
-526
-642
-690
-622
-485
-376
-325
-327
-352
-341
-317
-243
-161
-77
-34
-46
-66
-25
85
164
99
-16
-58
11
94
98
36
-20
-7
19
-5
-83
-177
-275
-400
-521
-570
-541
-496
-464
-390
-234
-50
49
-1
-93
-138
-94
9
122
234
350
415
444
510
553
525
404
294
201
111
14
-66
-80
-27
30
28
55
134
262
336
338
347
387
467
507
522
560
630
670
674
624
560
492
401
292
189
100
28
-32
-63
-63
-64
-44
-58
-49
-41
-14
2
28
49
77
111
121
94
16
-55
-82
-56
-55
-110
-195
-247
-287
-313
-336
-372
-414
-500
-587
-626
-583
-492
-449
-470
-499
-478
-452
-452
-438
-369
-240
-112
-66
-76
-53
45
187
251
169
36
-71
-70
-2
61
70
34
-20
-76
-81
-60
-66
-126
-237
-326
-343
-252
-146
-135
-205
-285
-290
-243
-185
-122
-59
-21
50
199
420
575
567
421
268
193
192
223
179
92
-3
-70
-58
-13
6
-28
-82
-67
46
202
317
321
267
273
369
479
567
604
587
548
515
524
529
489
390
268
177
119
92
57
31
13
-22
-30
-4
67
113
97
72
52
51
41
50
81
116
123
40
-22
-61
-85
-151
-224
-245
-264
-306
-370
-357
-318
-305
-378
-498
-510
-414
-300
-261
-293
-361
-397
-412
-400
-324
-224
-151
-93
-60
-1
87
172
211
113
-41
-144
-153
-113
-94
-85
-84
-74
-51
-31
-51
-107
-191
-267
-304
-284
-226
-173
-167
-159
-113
-46
-8
-41
-94
-105
-57
35
166
275
311
264
191
167
170
182
158
100
42
-28
-104
-158
-171
-157
-140
-115
-48
43
121
149
165
217
299
374
407
441
496
546
585
582
541
488
398
311
264
235
207
143
91
92
107
126
131
115
89
79
76
74
72
92
125
152
159
129
68
-1
-71
-91
-60
-33
-54
-121
-172
-251
-304
-317
-296
-294
-347
-410
-400
-321
-236
-223
-296
-363
-397
-386
-361
-307
-199
-81
-26
-18
-8
25
37
-4
-75
-144
-162
-114
-27
63
101
73
20
-21
-50
-93
-177
-276
-310
-259
-177
-104
-90
-106
-100
-47
22
52
47
18
-8
-12
42
118
137
62
-66
-87
-4
108
140
66
-40
-122
-151
-165
-156
-182
-242
-277
-246
-109
63
190
210
158
118
148
245
334
411
463
509
547
555
551
502
448
378
297
225
139
76
77
158
243
265
234
212
227
235
200
156
106
88
87
95
118
136
131
91
86
109
120
54
-51
-108
-125
-114
-113
-120
-145
-181
-209
-239
-259
-258
-282
-321
-346
-330
-290
-254
-253
-248
-234
-227
-250
-301
-318
-295
-254
-232
-239
-262
-261
-239
-200
-163
-123
-95
-86
-94
-138
-186
-248
-286
-252
-227
-199
-174
-133
-70
-29
2
19
20
-12
-18
0
39
86
114
126
85
24
-24
-11
44
89
73
26
-30
-77
-98
-103
-73
-19
3
24
56
102
160
164
141
149
196
278
372
462
526
567
590
585
521
437
355
280
246
228
230
231
241
281
309
272
197
139
127
151
141
109
89
104
145
163
148
105
72
42
36
59
78
60
-12
-65
-80
-65
-60
-83
-132
-210
-265
-303
-303
-294
-282
-250
-224
-188
-196
-242
-319
-355
-339
-331
-333
-325
-302
-260
-201
-169
-165
-177
-199
-216
-227
-208
-163
-92
-53
-78
-143
-221
-262
-216
-133
-90
-108
-144
-149
-116
-70
-47
-68
-103
-134
-161
-115
-7
108
160
137
63
3
3
28
30
0
-55
-105
-128
-108
-77
-52
-33
-23
0
52
131
182
154
92
69
97
172
284
374
418
422
426
412
368
320
267
226
223
260
294
305
288
269
286
311
289
228
180
159
152
150
141
159
166
171
171
150
156
148
131
117
103
77
10
-34
-32
-4
26
0
-42
-77
-101
-120
-126
-135
-174
-203
-219
-231
-243
-284
-347
-412
-453
-444
-398
-326
-237
-171
-171
-210
-257
-273
-259
-245
-256
-253
-206
-127
-64
-50
-78
-129
-186
-220
-196
-119
-67
-89
-141
-166
-154
-160
-188
-178
-116
-70
-25
5
39
90
126
115
63
26
33
82
125
129
89
38
-16
-59
-57
-26
23
63
84
101
135
188
195
177
161
154
176
223
265
270
276
266
250
236
205
166
179
212
233
229
211
216
235
243
211
176
164
175
186
163
117
57
48
97
173
217
227
216
180
151
142
151
112
41
-28
-37
14
52
47
-4
-35
-60
-75
-87
-107
-133
-171
-225
-274
-327
-405
-458
-470
-438
-361
-292
-258
-217
-182
-190
-234
-270
-282
-260
-237
-235
-224
-173
-100
-74
-91
-147
-195
-215
-214
-166
-119
-83
-102
-147
-155
-133
-87
-50
-35
-16
-18
-49
-71
-51
-13
14
9
-10
-6
49
121
145
131
73
-12
-80
-87
-59
-22
19
68
116
155
176
178
172
163
185
211
226
228
213
202
174
163
168
184
164
119
111
142
188
215
199
171
182
201
218
210
180
176
169
142
131
150
206
260
265
232
198
203
202
179
150
139
149
133
102
97
120
122
100
66
58
54
44
-12
-70
-100
-129
-173
-255
-331
-392
-400
-378
-340
-295
-280
-277
-278
-237
-184
-187
-222
-242
-247
-233
-225
-185
-147
-120
-129
-174
-208
-227
-226
-226
-213
-167
-119
-119
-143
-159
-150
-137
-118
-85
-44
-33
-56
-82
-73
-10
45
43
4
-8
9
41
21
-27
-78
-90
-60
-22
25
81
139
158
156
132
118
112
98
81
89
112
126
140
128
107
72
57
59
57
56
40
34
48
75
100
118
119
117
123
130
151
177
205
206
169
143
134
156
190
208
214
195
179
161
139
140
162
176
162
174
212
257
250
224
202
182
180
135
66
-6
-46
-60
-89
-134
-193
-242
-244
-230
-198
-160
-146
-141
-149
-142
-130
-139
-167
-184
-183
-170
-145
-120
-96
-96
-119
-157
-192
-216
-250
-276
-269
-247
-210
-202
-199
-183
-156
-137
-125
-93
-51
-21
-21
-46
-37
-12
13
15
-14
-47
-77
-85
-95
-103
-116
-109
-82
-65
-24
20
75
114
123
113
70
41
38
37
48
40
17
17
21
39
54
60
52
45
37
31
25
30
40
43
62
84
111
127
132
134
147
186
213
201
188
176
183
199
198
191
169
155
140
120
132
173
199
203
211
243
287
310
303
282
273
267
242
179
104
52
25
-17
-55
-110
-145
-145
-157
-165
-171
-163
-156
-161
-159
-160
-173
-177
-195
-195
-200
-217
-212
-206
-216
-239
-267
-282
-274
-290
-313
-314
-278
-242
-249
-283
-295
-276
-239
-221
-192
-144
-111
-96
-94
-69
-23
14
16
-36
-77
-70
-50
-41
-55
-68
-56
-19
15
49
90
143
189
202
178
138
108
100
103
93
80
58
55
52
60
60
62
62
51
55
67
90
132
182
209
232
224
217
208
221
244
271
297
286
268
237
220
209
205
182
142
116
121
140
146
148
149
125
99
103
127
176
185
205
226
245
256
229
162
77
7
-30
-72
-124
-156
-176
-188
-184
-193
-201
-200
-209
-227
-239
-231
-236
-231
-238
-248
-267
-276
-271
-273
-281
-292
-285
-282
-288
-319
-352
-348
-293
-242
-228
-250
-267
-253
-204
-162
-137
-125
-122
-111
-104
-65
-27
-10
-23
-53
-78
-61
-27
-8
-14
-8
5
50
105
133
140
138
150
156
161
146
132
142
168
179
168
132
81
44
14
0
15
33
56
81
97
134
164
184
188
178
178
179
192
219
242
237
229
230
215
194
156
125
112
103
104
98
89
82
83
101
123
118
100
83
93
133
160
178
196
205
200
188
155
119
82
50
15
-23
-42
-51
-59
-85
-123
-144
-157
-149
-154
-152
-154
-154
-139
-131
-123
-129
-148
-172
-184
-217
-220
-217
-202
-198
-232
-265
-286
-261
-228
-231
-253
-260
-241
-215
-214
-207
-198
-183
-176
-173
-138
-96
-61
-42
-56
-50
-52
-28
1
17
35
47
70
89
97
104
109
101
97
96
65
41
37
46
55
37
17
0
5
12
16
6
3
19
37
56
68
83
110
137
147
159
184
207
220
217
185
163
152
129
106
90
86
92
108
122
121
105
81
61
60
73
81
81
84
120
172
207
221
229
199
168
143
89
57
47
41
40
28
39
32
5
-58
-129
-165
-172
-160
-142
-122
-125
-107
-84
-73
-64
-90
-127
-140
-130
-136
-154
-151
-140
-131
-145
-176
-206
-202
-189
-204
-213
-204
-186
-190
-202
-198
-174
-147
-132
-116
-105
-83
-55
-40
-32
-37
-25
-9
7
24
35
40
51
55
46
46
27
30
24
5
-8
-23
-13
17
27
16
1
-6
0
22
42
50
58
46
43
60
71
72
86
105
121
137
135
141
153
157
143
119
104
103
100
84
69
88
113
110
101
93
95
98
108
125
135
155
179
211
226
234
239
222
194
164
144
120
119
114
109
103
91
72
44
14
-37
-94
-134
-152
-139
-113
-100
-93
-100
-99
-100
-116
-142
-150
-150
-146
-144
-141
-137
-145
-158
-202
-258
-290
-279
-258
-250
-251
-244
-225
-235
-250
-255
-244
-215
-193
-166
-143
-117
-87
-67
-64
-58
-41
-39
-29
-24
6
42
48
51
42
29
19
13
4
0
-10
-21
-8
11
29
35
22
20
36
58
80
89
101
102
123
119
108
99
88
93
106
118
147
168
176
174
155
136
120
121
124
124
122
143
163
169
157
131
112
99
121
148
169
183
188
201
199
195
181
169
158
147
137
123
118
115
120
109
73
32
5
-16
-50
-85
-104
-110
-106
-94
-94
-99
-109
-124
-142
-164
-161
-154
-155
-147
-158
-159
-155
-158
-172
-217
-261
-265
-234
-206
-187
-181
-177
-188
-195
-208
-221
-214
-194
-152
-129
-91
-66
-52
-45
-62
-72
-69
-56
-27
-3
20
44
57
51
25
12
-7
-4
2
1
-5
4
23
42
49
31
6
4
11
28
42
36
32
29
28
47
62
58
61
52
50
53
57
68
63
42
36
50
79
112
129
144
154
175
199
186
162
137
128
131
146
183
199
195
194
191
196
182
154
137
141
154
173
174
168
149
120
78
35
3
-5
-15
-40
-50
-57
-38
-38
-51
-62
-74
-82
-90
-93
-102
-106
-106
-102
-109
-122
-151
-164
-165
-179
-200
-229
-226
-202
-180
-169
-178
-190
-205
-213
-232
-226
-206
-182
-168
-158
-139
-132
-126
-130
-139
-138
-115
-82
-50
-34
-36
-31
-34
-33
-32
-45
-50
-41
-8
23
36
45
43
44
39
38
40
36
41
56
68
81
91
100
106
97
102
105
111
121
112
105
101
122
152
177
178
171
188
218
234
227
221
224
241
240
239
236
226
210
206
201
196
184
160
137
120
113
107
104
93
88
75
61
41
22
-1
-38
-72
-93
-94
-90
-110
-130
-149
-147
-150
-159
-157
-167
-162
-149
-134
-138
-143
-146
-151
-151
-166
-194
-208
-203
-207
-205
-208
-204
-190
-162
-154
-165
-161
-168
-172
-176
-174
-155
-142
-117
-107
-106
-108
-121
-115
-107
-101
-78
-48
-18
-5
-7
-6
3
6
3
-3
12
40
68
97
112
96
90
89
84
83
81
93
95
89
97
96
99
103
94
87
71
68
73
75
74
70
84
96
102
107
117
130
145
149
152
152
162
189
202
215
213
202
185
179
196
192
185
168
148
133
116
103
77
66
71
67
61
67
58
45
25
0
-26
-41
-49
-77
-90
-112
-127
-140
-147
-148
-152
-145
-139
-133
-112
-119
-140
-145
-153
-161
-172
-185
-179
-173
-164
-160
-155
-145
-140
-144
-152
-169
-176
-171
-174
-160
-150
-142
-123
-105
-87
-81
-82
-86
-88
-79
-79
-81
-66
-59
-49
-35
-20
-5
-6
-7
-6
-4
9
25
46
56
53
55
68
83
85
90
101
109
120
117
125
123
117
130
119
96
94
104
108
112
118
126
134
140
136
132
125
122
125
129
139
148
161
160
161
166
161
161
152
145
139
125
106
103
87
66
49
33
43
50
53
38
29
10
-14
-44
-67
-85
-101
-109
-125
-135
-145
-147
-146
-148
-160
-160
-158
-158
-153
-150
-153
-145
-132
-120
-113
-112
-104
-97
-84
-71
-81
-86
-89
-90
-89
-89
-93
-101
-99
-84
-70
-55
-42
-35
-34
-35
-33
-44
-57
-62
-52
-39
-22
-4
-12
-26
-34
-30
-13
-11
-14
-10
-2
0
12
25
31
21
21
26
43
62
56
53
43
44
45
45
54
62
57
45
44
55
71
74
63
55
60
67
81
95
99
102
101
96
99
112
123
142
144
144
149
137
138
134
125
127
114
100
98
95
90
86
91
90
99
105
89
82
60
37
22
10
-8
-20
-30
-38
-42
-60
-68
-81
-89
-93
-97
-96
-85
-89
-97
-108
-116
-111
-97
-81
-78
-74
-61
-69
-79
-96
-105
-98
-104
-106
-124
-126
-125
-113
-108
-111
-112
-127
-135
-145
-141
-135
-150
-156
-149
-127
-98
-78
-62
-69
-86
-94
-98
-88
-83
-74
-61
-57
-36
-18
0
8
0
-2
7
19
22
21
19
26
26
34
41
48
61
67
65
70
86
103
101
102
106
110
133
139
143
146
147
147
145
153
165
183
182
189
196
179
165
143
129
123
118
116
117
115
118
123
120
113
111
110
105
89
77
66
48
42
38
33
29
11
-1
-23
-39
-47
-53
-54
-62
-66
-63
-58
-53
-59
-74
-80
-79
-61
-54
-51
-51
-62
-76
-79
-75
-85
-84
-82
-88
-101
-115
-123
-139
-148
-158
-184
-197
-201
-199
-198
-197
-198
-199
-190
-180
-169
-151
-136
-134
-122
-114
-109
-92
-72
-59
-54
-39
-25
-14
-3
-5
-4
-5
0
13
19
24
25
27
36
39
39
58
65
79
86
88
100
109
117
117
123
129
143
145
145
142
138
131
128
141
147
153
150
146
143
130
115
103
96
98
95
94
100
104
109
107
101
100
96
96
97
100
87
75
72
61
49
37
31
18
-2
-9
-22
-28
-37
-41
-52
-59
-64
-66
-68
-73
-73
-74
-74
-81
-73
-77
-82
-87
-90
-93
-90
-82
-78
-71
-85
-103
-111
-121
-130
-137
-143
-158
-176
-189
-189
-187
-190
-197
-192
-189
-181
-169
-159
-147
-137
-128
-113
-104
-89
-71
-52
-21
-12
-3
10
20
32
37
52
57
62
59
56
66
77
80
85
87
100
118
127
142
148
154
163
168
170
173
179
177
183
187
185
178
166
150
143
155
158
153
151
143
119
99
84
81
81
79
70
61
59
56
51
41
39
39
29
23
28
22
15
0
-17
-23
-29
-34
-39
-49
-58
-64
-69
-70
-73
-72
-81
-87
-84
-87
-83
-85
-82
-86
-85
-88
-91
-97
-98
-106
-114
-103
-111
-106
-112
-126
-130
-140
-145
-144
-143
-143
-157
-170
-174
-173
-173
-170
-168
-173
-162
-150
-130
-119
-105
-91
-78
-67
-59
-54
-34
-15
-1
20
27
35
34
33
35
47
58
62
60
59
59
70
84
91
102
115
117
128
135
146
152
146
146
153
169
176
175
166
159
150
141
137
132
133
129
136
137
130
125
114
99
91
85
82
84
77
69
61
52
42
39
26
19
18
21
27
27
29
15
6
0
-4
-5
-18
-24
-33
-35
-39
-35
-39
-42
-55
-67
-66
-58
-47
-45
-42
-40
-39
-28
-26
-27
-20
-25
-33
-44
-49
-54
-51
-67
-67
-78
-88
-93
-106
-103
-112
-124
-139
-141
-142
-145
-147
-155
-157
-152
-146
-150
-146
-133
-134
-136
-132
-123
-114
-100
-87
-73
-67
-53
-40
-32
-25
-13
3
3
11
18
20
42
48
59
75
77
82
82
94
105
102
109
117
119
129
129
129
127
131
130
125
117
116
118
117
120
121
116
102
87
74
64
57
58
52
38
28
15
5
0
-4
-8
-3
6
11
24
27
21
18
16
7
-2
-2
-5
-7
-9
-15
-5
-3
-10
-9
-8
-9
-10
-1
7
9
8
10
17
14
7
0
1
-9
-13
-19
-21
-21
-30
-34
-40
-48
-51
-51
-64
-79
-86
-93
-98
-94
-95
-95
-99
-94
-91
-88
-92
-92
-97
-98
-85
-90
-87
-86
-75
-63
-54
-37
-26
-13
-13
-3
6
18
24
27
29
26
32
43
55
60
66
60
62
59
64
64
56
54
52
59
67
76
70
67
59
53
51
44
49
48
44
43
37
37
39
36
22
19
10
4
10
1
-1
0
6
6
7
0
7
17
18
25
26
30
35
38
39
37
42
40
43
48
54
53
54
48
44
37
31
36
36
43
48
49
47
30
27
15
3
-2
-15
-26
-35
-40
-51
-52
-60
-73
-80
-86
-92
-102
-109
-115
-124
-126
-125
-130
-127
-135
-137
-131
-129
-130
-133
-129
-130
-125
-134
-134
-122
-114
-109
-94
-84
-65
-55
-58
-55
-42
-29
-23
3
11
16
28
36
51
53
61
57
54
69
78
87
95
99
94
96
99
99
102
102
94
95
88
94
97
102
107
102
98
90
90
81
75
73
62
62
63
58
60
60
61
64
58
56
57
62
70
67
65
64
65
55
55
52
50
48
42
33
33
29
28
30
26
26
21
13
18
22
9
10
5
0
-12
-25
-25
-27
-29
-30
-38
-48
-57
-67
-78
-92
-102
-108
-116
-119
-123
-129
-121
-130
-137
-135
-141
-143
-140
-130
-131
-133
-127
-129
-128
-129
-132
-123
-119
-112
-104
-89
-76
-75
-70
-62
-52
-38
-26
-6
17
26
36
36
32
37
41
45
52
56
59
65
63
73
78
69
68
58
51
52
59
62
61
59
60
63
61
63
63
61
64
62
56
60
54
61
69
66
71
72
78
77
69
73
68
70
65
62
67
68
65
62
56
48
45
35
46
45
43
43
45
34
24
26
16
15
19
22
20
13
16
21
8
0
-11
-19
-27
-29
-41
-47
-51
-61
-66
-73
-72
-76
-80
-89
-91
-94
-97
-87
-85
-91
-89
-90
-93
-93
-86
-94
-94
-93
-86
-82
-85
-81
-82
-84
-87
-87
-80
-74
-63
-51
-43
-30
-19
-5
9
14
15
21
27
30
38
49
56
59
62
56
57
59
58
53
47
38
46
45
45
55
59
61
63
67
60
64
63
68
69
74
76
67
56
52
50
46
47
54
51
58
61
60
62
56
54
52
44
31
22
14
8
-1
1
-5
-11
-9
-19
-25
-26
-25
-17
-19
-28
-35
-46
-50
-45
-40
-43
-42
-38
-42
-49
-45
-39
-46
-42
-48
-48
-49
-40
-32
-43
-44
-50
-50
-43
-43
-47
-48
-46
-43
-40
-35
-27
-19
-18
-20
-22
-30
-33
-34
-32
-39
-41
-39
-36
-32
-25
-27
-24
-17
-20
-12
-7
0
3
6
14
21
29
31
30
27
29
29
29
30
28
34
29
25
29
27
23
13
7
12
6
10
15
20
25
24
27
28
24
28
26
25
27
28
36
48
52
53
54
53
55
56
62
71
70
82
82
83
88
79
75
62
52
43
34
28
30
29
23
20
13
3
-10
-20
-23
-37
-37
-33
-32
-30
-26
-23
-30
-31
-34
-39
-36
-26
-28
-34
-40
-33
-37
-37
-45
-52
-53
-59
-53
-50
-44
-40
-39
-39
-33
-32
-36
-37
-47
-48
-48
-45
-40
-42
-44
-56
-66
-73
-74
-70
-63
-61
-46
-33
-26
-7
-6
0
4
1
2
10
17
21
19
26
27
25
29
18
22
22
17
11
5
5
9
-3
-2
4
-1
-7
-4
-3
-8
-9
-11
-10
-7
4
2
-2
0
6
14
20
29
39
43
46
55
60
65
81
88
96
99
101
95
90
86
77
67
61
57
50
48
43
35
30
23
8
-1
-8
-8
-17
-14
-15
-11
-18
-28
-31
-32
-37
-33
-20
-15
-6
-4
-8
-9
-9
-20
-21
-24
-27
-21
-16
-7
-10
-14
-28
-34
-34
-34
-32
-29
-31
-36
-33
-35
-40
-37
-44
-53
-54
-56
-56
-56
-47
-42
-43
-35
-28
-19
-7
0
9
9
7
8
5
7
0
5
4
-1
-6
-12
-8
-14
-13
-20
-20
-20
-19
-14
-4
6
12
10
8
5
1
0
1
8
16
20
21
18
11
14
16
22
22
32
43
55
59
59
66
62
60
56
62
60
60
66
73
67
57
58
46
43
35
30
26
24
19
10
11
5
1
-8
-10
-16
-20
-18
-19
-19
-25
-25
-19
-9
-7
-7
-15
-21
-19
-19
-25
-26
-26
-22
-23
-26
-21
-24
-26
-33
-30
-34
-38
-39
-41
-48
-48
-45
-43
-50
-53
-59
-66
-74
-67
-66
-61
-56
-55
-56
-54
-57
-49
-42
-40
-42
-38
-24
-22
-9
-6
-4
-4
-3
4
4
0
6
13
16
19
26
25
26
30
25
26
27
27
26
33
37
40
48
54
56
56
53
47
45
46
52
49
51
58
71
76
80
77
77
86
79
78
80
80
77
75
66
57
42
38
32
21
13
8
4
1
4
0
4
-2
-6
-1
-5
-13
-14
-16
-21
-22
-20
-18
-18
-22
-17
-19
-22
-27
-36
-35
-38
-33
-30
-23
-21
-22
-26
-30
-29
-41
-40
-38
-39
-39
-34
-34
-40
-48
-43
-47
-51
-63
-62
-59
-62
-62
-65
-66
-71
-75
-78
-70
-72
-58
-53
-47
-39
-35
-29
-35
-29
-27
-24
-13
-9
-6
4
7
11
14
17
20
10
7
8
9
17
16
12
13
7
14
12
13
12
14
23
19
22
28
35
44
49
56
57
60
63
64
73
83
96
97
100
95
90
87
84
78
74
73
66
59
52
45
37
39
29
19
12
6
-1
-2
-1
1
10
4
0
0
-1
-4
-7
-14
-18
-13
-9
-19
-29
-27
-32
-35
-36
-41
-40
-44
-41
-40
-49
-49
-57
-63
-65
-66
-63
-63
-59
-62
-57
-50
-49
-47
-49
-51
-51
-50
-46
-38
-38
-34
-29
-29
-29
-29
-27
-23
-27
-18
-4
-4
-1
2
4
10
8
12
9
5
11
14
16
14
18
14
10
2
9
13
12
12
18
20
20
17
23
23
25
28
23
29
23
26
35
42
48
51
54
57
57
62
67
65
70
78
73
68
66
61
63
59
59
59
50
45
42
39
39
32
25
22
15
10
2
1
-7
-14
-21
-26
-26
-31
-32
-34
-37
-35
-41
-45
-36
-43
-47
-42
-47
-48
-54
-65
-65
-66
-69
-70
-66
-68
-67
-63
-62
-57
-52
-49
-44
-38
-34
-29
-31
-28
-28
-29
-31
-42
-37
-33
-37
-29
-23
-18
-16
-14
-15
-20
-20
-19
-11
-11
-13
-18
-15
-15
-11
-6
-10
-7
-6
-3
-3
-1
5
6
16
22
34
38
30
30
33
30
22
28
32
40
32
32
37
40
42
42
53
52
65
70
72
72
65
68
66
72
78
75
76
70
62
59
48
52
49
43
41
40
35
35
28
26
30
25
18
17
13
10
12
9
7
0
-1
-7
-8
-7
-10
-11
-9
-8
-10
-10
-7
-8
-15
-14
-20
-19
-20
-27
-25
-23
-21
-22
-22
-26
-28
-35
-36
-40
-43
-41
-43
-49
-54
-56
-64
-69
-69
-72
-72
-68
-65
-62
-62
-63
-62
-61
-67
-68
-63
-63
-61
-55
-53
-51
-41
-46
-41
-45
-46
-45
-40
-38
-35
-33
-36
-32
-29
-26
-25
-16
-15
-7
-6
-1
7
8
14
17
16
20
29
30
37
40
41
49
49
54
65
70
69
69
70
69
69
71
73
70
76
73
72
74
70
68
70
79
76
75
78
71
63
60
60
56
52
48
52
56
53
48
40
42
38
30
32
21
20
19
15
14
14
10
6
2
2
0
-5
-11
-17
-13
-12
-14
-22
-30
-35
-47
-53
-55
-55
-49
-46
-51
-53
-55
-53
-59
-68
-66
-67
-63
-60
-54
-52
-53
-53
-58
-56
-52
-56
-57
-49
-53
-47
-39
-39
-36
-38
-37
-37
-33
-39
-42
-43
-42
-37
-41
-33
-35
-34
-35
-35
-29
-29
-24
-14
-10
-5
2
7
16
24
32
41
44
51
57
54
55
56
57
52
47
51
43
40
43
49
48
47
50
55
58
57
57
56
53
51
47
41
41
46
43
40
41
39
35
29
26
21
21
19
16
15
16
21
17
11
8
3
-1
-7
-5
-7
-8
-11
-14
-21
-24
-25
-32
-34
-43
-46
-49
-48
-48
-45
-45
-43
-49
-56
-58
-65
-70
-64
-55
-52
-49
-48
-48
-47
-41
-38
-35
-30
-30
-26
-23
-24
-29
-24
-16
-18
-15
-19
-15
-9
-6
2
6
11
6
6
3
6
11
10
13
20
21
22
28
30
36
37
38
42
39
39
38
40
41
43
47
43
44
42
39
36
29
29
30
29
36
39
43
41
42
42
34
33
30
30
35
40
46
48
48
42
44
32
23
26
26
28
22
17
18
13
4
-1
-6
-15
-17
-14
-18
-7
-7
-5
-11
-8
-14
-28
-32
-37
-39
-37
-32
-28
-30
-37
-40
-49
-55
-56
-57
-57
-57
-55
-55
-54
-55
-60
-71
-73
-73
-71
-67
-59
-46
-41
-38
-38
-40
-42
-39
-43
-42
-40
-43
-35
-28
-18
-16
-17
-19
-26
-24
-19
-16
-16
-7
2
6
10
10
13
5
4
8
6
9
14
18
23
29
32
34
38
34
32
34
44
47
46
53
50
57
64
61
55
51
50
50
54
59
61
66
69
64
64
67
63
63
60
56
54
50
49
48
47
48
43
36
32
24
23
24
19
24
15
12
10
6
9
2
-1
1
3
8
4
3
-3
-7
-15
-20
-23
-24
-23
-25
-29
-34
-42
-46
-53
-57
-60
-57
-61
-64
-63
-69
-66
-64
-65
-68
-69
-65
-65
-62
-55
-48
-45
-46
-43
-39
-36
-33
-25
-27
-24
-20
-21
-26
-23
-23
-30
-30
-30
-29
-29
-23
-18
-18
-13
-11
-9
-11
-11
-7
-6
-2
3
4
9
17
17
30
35
37
38
32
38
40
42
41
38
40
44
44
42
43
44
50
42
39
44
48
47
47
48
50
48
39
37
39
36
43
46
41
39
33
27
21
14
10
9
0
2
2
3
-1
-6
-8
-14
-12
-14
-16
-20
-19
-19
-23
-26
-29
-37
-43
-40
-42
-44
-39
-35
-36
-32
-33
-33
-33
-30
-33
-27
-27
-26
-25
-23
-7
-6
-4
0
4
3
6
10
9
10
4
4
1
-2
0
-1
5
4
-2
-6
-2
-5
-8
-10
-10
-7
-15
-8
-5
-8
-4
-9
-12
-11
-4
-2
-3
-5
-3
0
9
9
9
9
10
16
24
23
20
20
19
13
13
21
22
21
22
26
31
34
33
31
35
33
34
36
38
37
39
46
44
47
42
36
34
27
28
19
12
7
2
0
4
0
-7
-10
-10
-10
-19
-15
-21
-21
-24
-30
-28
-29
-32
-33
-30
-27
-26
-23
-23
-25
-25
-28
-27
-28
-31
-31
-27
-23
-24
-25
-31
-37
-43
-38
-39
-39
-37
-41
-38
-42
-39
-41
-43
-43
-40
-38
-30
-22
-13
-8
-8
-4
1
0
-5
-2
-3
2
6
14
18
14
15
13
11
12
12
13
14
19
24
20
18
12
13
13
18
20
24
30
30
22
21
23
22
16
18
20
25
27
27
28
31
37
36
33
35
30
34
32
30
30
25
22
22
21
22
26
25
19
15
20
13
12
13
8
14
13
10
13
16
11
4
3
2
-2
-6
-10
-11
-9
-8
-14
-9
-13
-20
-20
-23
-22
-23
-21
-18
-16
-21
-22
-21
-21
-26
-25
-32
-30
-25
-27
-21
-15
-13
-11
-8
-15
-17
-19
-21
-18
-18
-14
-8
-11
-11
-14
-16
-19
-18
-14
-10
-5
-4
2
2
0
-2
-7
-10
-15
-14
-8
-7
-2
-4
-6
-3
-4
0
-2
-3
-1
1
0
3
1
0
1
-2
4
2
1
3
3
6
7
4
5
9
5
7
10
11
9
9
9
6
9
11
10
12
17
17
20
20
20
19
17
22
23
27
25
23
28
22
20
23
16
13
13
14
11
10
11
7
9
6
1
-3
-3
-8
-9
-10
-11
-12
-14
-11
-16
-20
-22
-23
-24
-22
-20
-21
-22
-19
-17
-18
-14
-13
-12
-16
-16
-14
-10
-9
-6
-5
-7
-8
-7
-8
-6
-6
-5
-5
-2
0
-7
-6
-1
-1
-3
-4
0
1
4
5
6
3
4
3
6
7
11
14
16
22
19
17
17
18
17
19
21
22
21
21
22
17
17
12
7
10
7
9
14
14
16
15
11
10
8
8
10
14
19
21
18
18
14
10
8
5
9
7
4
1
-1
-4
-10
-7
-8
-12
-12
-15
-9
-13
-17
-16
-18
-15
-14
-15
-15
-14
-17
-17
-13
-17
-13
-15
-17
-13
-22
-19
-27
-30
-28
-32
-33
-36
-34
-33
-33
-34
-34
-36
-35
-32
-30
-25
-25
-26
-21
-19
-15
-13
-11
-12
-11
-9
-3
-1
0
1
5
7
6
7
12
9
8
14
12
11
10
7
8
7
9
9
9
12
13
16
18
18
17
20
28
28
31
33
33
29
28
27
24
25
28
28
29
30
26
27
26
24
25
23
25
21
17
17
20
21
18
19
16
9
6
1
1
1
4
8
7
9
6
5
4
1
-3
-2
2
0
2
2
1
1
-4
-4
-9
-9
-5
-8
-9
-7
-10
-13
-11
-11
-9
-18
-21
-18
-18
-22
-23
-24
-25
-27
-27
-25
-26
-29
-35
-35
-35
-31
-32
-27
-21
-16
-17
-18
-15
-12
-10
-8
-8
-6
-7
-9
-5
-5
-5
-3
-2
0
-1
0
5
4
6
6
5
9
6
7
12
11
13
14
15
12
12
12
11
12
15
15
12
16
18
16
17
15
17
17
17
18
17
16
16
17
18
18
20
20
20
20
17
16
15
11
8
6
3
3
2
2
2
2
2
4
3
2
-1
-2
0
-4
-4
-7
-7
-8
-10
-13
-16
-18
-24
-23
-22
-21
-21
-20
-21
-20
-21
-22
-23
-23
-23
-23
-25
-24
-25
-25
-25
-22
-20
-19
-21
-19
-17
-16
-14
-13
-12
-13
-9
-7
-3
-4
0
0
1
4
5
6
8
8
12
14
12
14
13
15
13
12
14
15
16
15
17
16
13
12
15
17
13
13
14
10
11
12
12
14
11
16
17
18
19
17
17
17
15
15
17
15
13
12
12
12
10
4
4
3
2
2
6
9
7
7
9
9
5
6
-1
-1
-2
-1
-3
-4
-2
-4
-4
-4
-5
-6
-5
-6
-9
-10
-11
-14
-13
-11
-11
-9
-8
-11
-12
-14
-13
-9
-6
-5
-5
-6
-6
-10
-9
-10
-12
-12
-9
-11
-15
-13
-15
-12
-14
-18
-17
-18
-18
-15
-13
-11
-11
-10
-9
-8
-5
-7
-3
0
-1
-1
2
2
3
2
1
0
0
-1
-1
1
2
4
4
4
2
3
2
2
-3
1
1
-2
1
4
7
6
8
3
4
4
4
6
6
8
8
12
12
12
12
12
7
9
11
14
16
15
16
16
14
13
10
9
7
7
6
8
6
7
8
6
8
8
8
6
8
8
7
8
5
5
9
3
2
7
5
4
8
7
9
7
9
10
6
7
6
6
5
3
3
5
2
3
3
-1
-1
-4
-6
-6
-10
-9
-10
-11
-13
-13
-13
-15
-15
-14
-15
-16
-19
-19
-19
-15
-12
-12
-14
-15
-16
-19
-21
-21
-19
-20
-21
-18
-14
-16
-16
-14
-14
-10
-10
-11
-11
-5
-7
-6
-3
-6
-5
-4
-3
-2
1
1
2
3
5
5
8
3
5
6
8
8
8
10
11
11
11
12
14
12
10
12
12
11
8
8
4
8
7
8
10
7
5
7
5
4
4
8
6
5
6
5
8
7
6
8
6
5
4
2
1
-1
1
-2
-2
-3
-5
-2
-3
-2
0
1
4
6
5
3
3
2
1
-1
-1
-3
-4
-5
-6
-2
-2
-1
-3
-4
-7
-9
-11
-11
-11
-11
-10
-9
-10
-9
-6
-7
-7
-5
-5
-7
-3
-3
-2
-2
1
0
0
-2
1
2
2
4
5
7
8
10
14
14
11
7
6
4
4
3
4
1
3
5
4
8
7
6
6
7
10
9
13
15
15
16
14
14
12
9
7
7
8
10
8
6
5
2
3
2
1
-1
-1
-1
0
3
4
2
-2
-4
-2
-4
-3
-3
-4
-4
-1
-3
-5
-6
-7
-11
-9
-10
-11
-11
-14
-13
-12
-11
-11
-12
-12
-13
-13
-12
-12
-11
-10
-8
-9
-9
-12
-14
-16
-17
-13
-15
-14
-14
-13
-12
-10
-9
-9
-13
-11
-13
-14
-11
-10
-8
-6
-4
-3
-3
-2
-4
-1
-1
-2
-1
1
0
0
-1
-3
-4
-3
-2
1
7
10
13
15
16
17
17
15
13
15
10
13
12
14
19
16
15
15
13
13
11
12
14
13
14
15
16
19
18
16
14
13
13
12
12
11
9
8
7
4
3
6
6
5
7
5
2
0
-1
-2
0
1
-1
-3
-3
-3
-5
-6
-3
-4
-4
-6
-6
-3
-2
-4
-2
-1
-3
-2
-5
-5
-2
-1
0
-2
-2
-2
0
1
-3
-2
-2
-2
-3
-3
-5
-4
-3
-5
-3
-5
-6
-7
-8
-6
-6
-7
-7
-8
-7
-7
-9
-8
-10
-9
-8
-10
-9
-10
-12
-13
-11
-10
-8
-6
-5
-7
-8
-7
-9
-7
-9
-9
-9
-7
-6
-5
-7
-4
-6
-5
-4
-6
-8
-6
-6
-5
-1
1
3
4
5
3
6
6
10
8
9
12
11
8
9
8
4
4
3
3
5
6
8
5
3
3
1
2
1
3
5
3
1
2
1
2
5
6
6
5
5
5
4
5
6
4
2
1
3
5
4
7
7
6
10
7
9
10
6
8
8
8
6
5
3
2
0
-3
-3
-2
-2
-1
1
2
5
4
4
3
4
3
3
3
4
-1
-2
-2
-6
-4
-2
-2
1
0
0
-1
-1
-2
0
3
1
1
0
-1
-2
-4
-3
-4
-3
-3
-3
-3
-1
-1
-2
-2
-4
-3
-1
-1
3
4
2
1
0
0
-2
-2
-2
0
-1
1
1
-2
-3
-4
-8
-10
-7
-6
-5
-4
-3
-1
-3
-4
-5
-7
-9
-11
-13
-13
-11
-8
-5
-4
-3
-4
-5
-5
-7
-6
-5
-3
-1
4
6
5
4
0
-1
-1
-1
-1
2
3
3
4
5
6
5
5
5
5
3
3
4
2
0
1
0
2
1
0
2
1
1
1
2
1
1
0
2
2
1
2
-2
0
-2
-1
0
2
3
3
4
4
2
0
0
-2
-1
0
-3
-1
1
-2
-1
-2
1
-1
-4
-1
-4
-5
-5
-4
-2
-1
-1
1
0
0
0
0
1
0
2
3
4
4
6
5
6
7
7
7
7
6
6
5
7
6
6
6
6
7
8
7
7
7
4
5
3
3
1
-2
-1
-1
-1
-1
-1
1
1
2
2
1
1
1
0
1
2
0
0
1
0
0
-1
-1
-2
0
0
1
2
1
-1
-3
-3
-4
-6
-7
-6
-8
-6
-5
-5
-5
-7
-8
-10
-8
-8
-6
-7
-4
-5
-5
-4
-4
-4
-5
-4
-3
-2
-2
-3
-3
-4
-2
-1
-1
2
0
0
-1
0
-1
-4
-4
-5
-7
-6
-5
-5
-4
-3
-4
-6
-6
-6
-3
-3
-2
1
0
2
3
4
3
3
1
2
1
2
1
-1
-1
-1
-2
1
2
2
4
4
3
2
2
4
4
5
5
5
4
4
4
3
3
3
3
5
5
6
6
3
4
4
4
5
3
4
5
7
7
7
7
7
8
6
7
9
7
5
5
6
4
4
4
2
0
0
-2
-1
-1
1
2
1
0
-1
-2
-1
-2
-1
-1
-1
0
0
-1
-2
-3
-2
-5
-6
-6
-5
-3
-3
-2
0
0
-2
-2
-2
-5
-4
-4
-3
-1
-2
-3
-5
-8
-9
-10
-9
-10
-7
-3
-1
-1
-1
-4
-6
-7
-7
-8
-7
-3
-3
-1
0
1
1
1
0
0
2
2
2
4
1
2
3
2
2
1
3
5
5
5
2
0
-1
-1
-2
-2
-2
-2
-1
1
1
2
4
3
4
3
1
1
-2
-1
-2
-2
-3
0
-1
0
0
0
2
3
1
0
0
1
1
0
0
-2
-3
-3
-5
-4
1
-1
-1
2
0
1
2
0
2
2
1
0
-1
-4
-4
-4
-4
-5
-6
-3
-3
-1
1
2
1
0
0
-1
-1
1
2
5
6
7
6
4
4
4
3
4
3
2
3
1
3
3
2
2
2
1
1
1
2
3
3
2
1
2
0
-2
-2
-1
-2
0
0
1
0
0
0
-2
-1
-1
-1
0
0
1
1
0
0
-2
-3
-5
-6
-4
-5
-3
-4
-5
-4
-4
-3
-2
-1
0
1
0
0
3
3
4
4
2
2
2
3
1
1
3
3
4
5
2
2
1
0
0
0
0
1
1
-1
-1
0
1
-1
-3
-3
-5
-4
-4
-2
-3
-1
-2
-2
-2
-3
-1
-1
0
-2
-1
-3
-3
-3
-3
-2
-1
-2
-3
-4
-3
-4
-4
-4
-5
-4
-3
-1
0
-1
-3
-3
-6
-4
-3
-2
-1
1
1
1
2
0
-1
-3
-2
0
0
1
0
1
0
1
0
-1
-1
0
1
4
4
5
6
5
5
5
4
1
1
-3
-1
-1
-2
1
1
3
4
4
3
3
2
1
1
3
3
5
7
8
9
10
10
10
10
9
8
7
7
7
4
5
3
2
0
-1
-2
-3
-1
-2
-1
-1
0
0
1
1
1
2
0
0
-1
-1
-1
-1
-2
-1
-2
-2
-1
-2
0
1
0
1
0
0
0
0
0
-3
-3
-5
-5
-4
-2
-2
-1
-1
-2
-1
1
-1
-3
-3
-7
-6
-6
-6
-5
-7
-7
-8
-8
-5
-6
-5
-4
-3
-3
-2
-2
-2
-3
-4
-4
-3
-2
-2
-1
-2
-3
