1
0
1
0
-1
-1
1
1
0
0
0
0
1
1
2
2
1
2
2
2
1
0
1
1
2
1
1
1
2
0
0
0
-1
-1
-1
-1
-1
-1
-3
-1
-2
-3
-2
-2
-2
-3
-4
-4
-3
-4
-2
-3
-1
-1
-2
-2
-3
-2
-3
0
0
0
-1
0
-1
0
-1
-1
0
0
1
0
1
0
2
2
3
3
2
2
3
4
5
4
4
5
5
4
4
4
4
4
4
5
6
5
6
7
5
6
6
6
5
5
5
5
5
4
3
3
2
2
2
1
-1
0
-1
-2
0
-2
-3
-3
-4
-5
-3
-4
-3
-4
-4
-5
-5
-5
-6
-5
-5
-4
-5
-5
-5
-4
-3
-4
-4
-5
-3
-5
-5
-4
-4
-4
-5
-5
-4
-3
-3
-3
-1
-2
-2
-2
-1
-1
-1
0
-1
0
-1
0
1
2
2
2
2
2
1
1
2
2
1
1
2
1
0
-1
-1
-1
0
-1
-1
0
0
2
1
0
0
-1
0
1
0
0
0
1
1
1
2
1
1
1
2
2
1
1
1
1
2
1
1
3
2
3
4
4
3
2
3
3
3
3
3
3
2
4
3
4
5
4
5
3
3
2
2
1
1
1
1
1
1
0
0
1
0
0
-1
1
0
0
0
0
0
0
-2
-2
-2
-3
-3
-4
-4
-3
-3
-2
-2
-2
-2
-2
-3
-3
-3
-4
-3
-3
-3
-3
-4
-4
-5
-4
-4
-5
-5
-4
-4
-4
-4
-3
-3
-3
-2
-2
-1
0
0
0
0
1
-1
-1
0
1
2
2
3
3
3
2
3
3
3
2
3
3
3
2
3
1
3
2
2
3
3
2
1
1
1
1
1
1
0
1
2
2
2
1
1
1
2
2
1
2
0
1
0
-1
-2
-1
-1
-2
-2
-1
-1
-1
-1
0
0
0
0
1
0
0
0
0
-1
0
0
0
1
1
0
0
1
1
0
1
0
0
2
2
2
2
1
2
2
2
2
2
3
2
2
1
1
0
1
0
-1
-1
0
0
-1
1
0
1
1
1
0
1
-1
-1
-1
0
-1
-1
-3
-2
-1
-4
-2
-3
-3
-4
-3
-4
-3
-2
-2
-3
-3
-3
-4
-4
-4
-3
-3
-3
-2
-2
-2
-2
-2
-3
-1
-2
-1
-1
-1
0
-2
0
-1
-1
-1
-1
-1
-1
0
0
0
2
2
2
1
1
1
1
-1
0
0
1
0
0
-1
-1
0
0
0
-2
-1
-1
-1
-2
-1
-1
-1
1
1
1
3
3
3
3
3
4
3
2
1
1
1
1
1
1
2
1
1
-1
0
0
-1
-1
-2
-1
0
0
2
3
3
2
3
3
3
3
4
3
5
5
4
3
3
3
1
2
2
2
2
2
2
3
2
1
3
2
2
3
2
2
3
3
3
1
1
2
2
1
1
1
1
1
0
0
-1
0
0
0
1
0
-1
-2
-3
-3
-3
-3
-2
-3
-2
-2
-3
-3
-3
-3
-4
-3
-2
-3
-3
-2
-3
-3
-3
-3
-3
-3
-3
-2
-2
-2
-1
-1
-2
-1
-1
0
0
-1
-1
-1
0
0
-1
1
0
0
0
0
-1
0
0
0
1
-1
0
-2
-2
-2
-1
-1
-1
-1
-1
-1
-1
-1
-1
0
0
-1
-2
-3
-2
-2
-3
-3
-3
-4
-4
-5
-4
-4
-3
-3
-3
-3
-3
-3
-3
-2
-2
-2
-2
-1
0
0
0
1
1
0
0
0
1
1
2
2
2
3
3
3
3
3
5
4
4
5
5
6
5
4
5
5
5
3
4
5
5
5
4
4
3
4
3
4
5
4
5
5
6
5
5
4
4
3
3
3
4
2
0
0
-1
0
0
0
1
1
1
1
1
1
1
1
0
0
0
0
-1
-3
-3
-1
-3
-4
-4
-4
-5
-4
-5
-5
-5
-4
-5
-6
-5
-5
-5
-5
-5
-4
-3
-5
-5
-5
-4
-5
-5
-5
-3
-5
-4
-4
-2
-3
-3
-1
-1
1
0
0
-1
-2
-1
-2
-1
-1
-1
0
0
1
1
0
1
1
2
2
2
3
3
4
3
3
2
3
2
2
3
3
3
3
2
3
2
2
3
2
2
2
2
1
1
3
2
2
2
2
2
2
1
2
2
2
1
-1
0
0
0
0
-2
-1
0
-1
1
1
1
1
2
1
2
2
1
1
1
1
1
1
1
1
1
1
1
0
0
0
1
0
0
0
1
0
0
0
1
0
0
-1
0
-1
0
0
-1
0
1
1
-1
0
-2
-1
0
-1
-1
0
0
0
0
1
0
1
2
1
1
0
2
2
-1
0
0
-2
-2
-2
-2
-3
-4
-3
-4
-3
-3
-1
-2
-1
-3
-2
-2
-3
-3
-3
-3
-3
-3
-3
-3
-4
-5
-5
-5
-5
-5
-4
-5
-4
-3
-3
-4
-3
-4
-4
-4
-4
-3
-3
-2
-2
-2
-1
-1
-1
0
1
2
1
2
3
3
3
4
5
4
4
4
3
3
3
2
2
2
3
3
2
3
3
4
5
6
5
6
5
5
5
6
5
5
6
5
4
5
4
3
3
4
4
4
2
3
2
1
1
2
2
2
3
3
3
2
1
1
0
0
0
-1
-1
-1
-1
-1
-2
-1
-2
-1
-1
-1
-1
-1
-1
-2
-2
-1
-2
-3
-3
-2
-3
-2
-2
-3
-2
-2
-3
-2
-4
-4
-4
-5
-5
-5
-4
-4
-5
-2
-3
-1
-2
-3
-3
-3
-3
-2
-3
-3
-4
-4
-3
-3
-3
-1
-1
-1
-1
-1
-2
-2
-2
-3
-2
-2
-2
-1
-2
-2
-3
-3
-3
-2
-2
-2
-1
-1
1
1
0
1
1
1
2
0
1
1
1
1
2
1
2
2
3
3
5
4
5
6
5
6
5
6
6
6
6
5
6
5
5
5
4
3
4
4
4
3
3
3
1
2
1
-1
1
0
0
1
0
0
0
0
-1
-2
-3
-1
-2
-2
-3
-2
-2
-2
-2
-2
-2
-2
-3
-3
-2
-1
-2
-2
-1
-2
-1
-1
-2
-2
-1
0
-1
-1
-2
-2
-1
0
-1
0
0
0
1
1
1
0
1
0
0
1
0
0
1
1
0
0
-1
-1
-1
-3
-1
-2
-2
-2
-2
-1
0
-1
0
0
0
1
1
0
-1
-1
-2
-3
-2
-3
-3
-3
-3
-4
-3
-4
-3
-3
-1
0
-1
1
0
0
0
0
-1
0
1
2
1
1
1
0
2
0
1
1
1
2
1
2
2
3
3
4
5
4
4
2
3
4
3
3
3
2
2
3
2
1
2
1
0
0
0
1
0
1
0
2
1
-1
-1
0
0
-1
-2
-2
-3
-4
-5
-3
-4
-4
-3
-3
-3
-3
-2
-4
-4
-3
-3
-2
-3
-3
-3
-4
-2
-3
-2
-4
-2
-2
-2
-1
1
1
0
1
0
-1
-1
1
0
1
0
0
-1
1
1
1
1
1
1
0
1
2
1
2
1
1
-1
-1
-1
-1
-2
0
-1
0
-1
0
2
1
1
1
1
1
2
0
1
1
0
1
1
1
0
0
1
2
1
1
1
2
3
1
2
2
2
1
1
2
3
3
2
2
2
3
2
3
2
1
1
1
1
2
3
3
3
3
4
4
3
4
4
4
5
4
3
3
2
3
2
1
1
1
0
1
0
1
-1
-1
-1
-2
0
0
0
-1
-1
-2
-1
-2
-2
-2
-2
-2
-3
-1
-1
-2
-1
-1
-2
-1
-2
-1
-1
-2
-1
-2
-3
-3
-3
-3
-2
-1
-2
-2
-2
-2
-1
-1
-1
-1
-1
-1
-1
-2
-2
-2
-3
-2
-3
-4
-4
-4
-5
-7
-6
-7
-7
-6
-5
-5
-6
-5
-4
-5
-4
-4
-3
-3
-3
-3
-3
-2
-3
-3
-4
-4
-3
-3
-3
-3
-3
-1
-1
-1
0
1
1
1
1
3
2
2
2
3
5
5
7
5
6
5
5
5
5
5
6
5
5
5
5
6
6
6
6
5
6
5
5
5
5
4
4
4
4
5
6
5
4
5
6
6
6
6
4
3
2
1
1
2
1
1
0
-2
-2
-2
-2
-3
-2
-2
-2
-2
-1
-3
-3
-3
-4
-4
-3
-3
-3
-3
-4
-5
-4
-4
-5
-4
-3
-4
-4
-4
-6
-6
-6
-6
-5
-6
-5
-6
-4
-4
-3
-2
-1
0
-1
-2
-1
-1
0
0
0
0
0
0
-1
0
1
0
0
-1
1
0
0
0
1
1
1
1
1
2
1
0
1
1
1
0
1
1
0
2
1
0
0
0
1
1
1
1
1
3
1
2
3
2
2
3
2
4
4
4
3
3
2
2
3
3
4
2
3
2
2
2
2
3
2
2
1
1
0
0
0
-1
-1
-1
-1
0
-1
-1
0
0
0
-1
-1
1
1
1
1
1
3
2
1
2
1
2
2
1
1
1
0
1
0
1
2
2
2
2
2
2
1
0
1
1
1
1
-1
0
-1
-3
-2
-1
-2
-3
-4
-4
-4
-5
-4
-5
-6
-5
-5
-5
-6
-7
-7
-7
-8
-7
-8
-7
-8
-8
-8
-7
-7
-6
-5
-5
-3
-3
-1
0
0
0
1
2
1
1
1
0
1
1
0
2
1
1
2
1
-1
0
0
-1
-1
-1
0
0
0
0
1
0
-1
0
-3
-3
-3
-4
-4
-3
-4
-4
-2
-3
-2
0
0
2
4
4
5
6
8
9
10
13
12
13
12
14
13
12
12
11
9
8
7
5
4
3
3
3
3
2
0
0
0
-1
-1
-2
1
2
1
2
3
4
5
4
2
-3
-6
-2
2
3
-1
-7
-13
-16
-15
-14
-11
-8
-5
-5
-8
-7
-4
2
7
11
12
13
12
10
10
15
17
17
15
9
6
2
0
-1
-1
-3
-5
-11
-15
-18
-20
-21
-19
-15
-13
-12
-13
-12
-10
-6
-1
3
5
3
1
1
2
6
9
11
12
10
7
5
6
4
4
4
3
-1
-4
-7
-9
-8
-7
-6
-6
-6
-8
-9
-10
-8
-4
-1
1
1
2
2
5
7
8
8
6
3
1
0
0
0
-4
-4
-6
-7
-10
-14
-16
-16
-18
-17
-18
-18
-18
-17
-17
-16
-13
-10
-6
-2
2
7
10
16
21
27
30
32
33
31
30
27
26
22
21
20
17
14
11
7
4
2
1
-1
0
1
0
-4
-5
-7
-8
-5
-3
1
3
2
1
-1
0
-2
0
1
2
2
0
-3
-6
-6
-7
-8
-10
-11
-13
-13
-13
-13
-13
-12
-14
-12
-11
-8
-4
-3
0
-1
2
5
3
5
6
6
6
5
6
6
4
5
4
2
2
1
-1
-4
-5
-5
-4
-4
-3
-5
-3
-5
-2
-1
-3
-3
-3
-3
-2
-3
-3
-4
-5
-4
-5
-5
-4
-4
-6
-8
-9
-9
-6
-5
-3
-3
-3
-5
-4
-3
0
0
1
3
5
6
8
11
12
14
14
13
13
15
17
17
19
19
19
18
18
15
13
11
8
7
5
5
4
3
1
1
0
0
-2
-1
-1
-3
-1
-2
-1
0
-2
-2
-3
-2
-1
-1
1
2
3
4
5
1
-5
-18
-29
-32
-21
-9
-11
-27
-44
-51
-49
-41
-33
-26
-19
-17
-21
-25
-18
-1
20
35
45
49
45
42
44
53
63
66
58
39
19
6
-2
-8
-14
-23
-40
-60
-77
-78
-73
-66
-61
-54
-48
-45
-35
-23
-5
15
38
56
64
71
75
81
86
95
100
94
82
67
52
40
30
20
6
-13
-30
-46
-60
-64
-68
-69
-69
-67
-62
-57
-47
-46
-56
-65
-56
-28
1
16
4
-14
-24
-19
-8
1
9
16
18
5
-9
-15
-6
13
31
42
43
40
32
26
32
51
66
69
50
22
0
-12
-17
-16
-17
-22
-35
-54
-73
-77
-67
-50
-35
-22
-10
-1
6
12
27
49
74
91
94
90
79
76
78
84
90
87
73
48
29
20
13
5
-8
-23
-36
-50
-65
-79
-91
-97
-95
-86
-75
-64
-55
-54
-47
-36
-17
5
21
31
36
42
51
66
71
68
62
50
43
31
27
15
0
-20
-43
-56
-67
-75
-85
-90
-98
-100
-101
-90
-83
-77
-71
-60
-40
-24
-6
-2
2
11
27
45
60
52
34
39
65
79
66
42
24
14
10
20
28
29
22
15
3
-12
-5
10
19
15
17
7
-14
-25
-16
3
15
18
4
-16
-33
-34
-21
-8
17
31
25
7
-1
5
19
35
47
47
31
23
16
10
8
12
17
9
-2
-15
-21
-23
-24
-19
-25
-23
-27
-34
-37
-34
-26
-24
-23
-26
-24
-20
-12
-4
4
17
21
24
25
31
39
42
46
49
53
51
45
38
34
35
28
17
5
-7
-18
-25
-26
-19
-20
-33
-47
-55
-46
-29
-17
-14
-14
-10
-4
5
13
18
19
22
16
11
16
20
17
10
1
-4
-5
-3
-2
-2
-12
-24
-27
-19
-9
-7
-8
-13
-20
-15
-4
6
4
-3
-11
-16
-13
-9
-6
-10
-12
-12
-13
-16
-19
-17
-15
-16
-16
-21
-23
-25
-20
-16
-10
-2
4
7
0
4
12
28
43
39
32
23
19
17
13
6
6
11
14
16
17
10
0
-4
-10
-7
1
4
4
4
5
4
2
5
6
14
19
19
23
19
9
-10
-9
-9
1
14
6
-12
-30
-42
-41
-33
-23
-25
-41
-60
-71
-69
-61
-49
-39
-31
-31
-32
-28
-19
-4
20
41
57
72
75
74
72
79
89
95
95
90
82
79
74
61
44
27
19
12
3
-11
-25
-36
-39
-39
-38
-34
-41
-43
-45
-36
-12
13
27
30
33
38
39
38
52
69
74
70
60
60
62
44
5
-34
-34
-70
-161
-253
-218
-108
-67
-189
-348
-377
-296
-210
-222
-230
-168
-70
-35
-89
-99
17
193
296
310
318
342
346
329
337
388
440
401
273
139
51
21
-32
-102
-165
-233
-297
-388
-469
-482
-439
-374
-341
-326
-311
-255
-188
-126
-34
101
255
330
359
377
429
502
565
605
604
573
490
400
343
335
324
247
114
-22
-118
-187
-251
-335
-382
-418
-455
-479
-486
-492
-470
-436
-382
-300
-208
-127
-82
-35
32
124
222
296
323
306
289
297
336
344
288
177
41
-52
-117
-152
-198
-289
-395
-498
-563
-569
-559
-525
-505
-504
-501
-455
-364
-269
-182
-83
42
163
254
319
378
440
501
560
597
631
634
603
558
505
475
443
396
308
220
130
57
-10
-62
-98
-179
-234
-260
-270
-294
-292
-243
-204
-154
-127
-101
-77
-36
43
111
177
236
280
303
296
254
208
225
279
287
188
69
15
-31
-72
-123
-164
-200
-228
-239
-261
-272
-392
-676
-975
-895
-343
115
-19
-578
-908
-788
-470
-238
-141
-34
112
147
-14
-132
36
415
727
828
854
822
675
516
477
668
880
874
569
134
-138
-216
-256
-346
-426
-493
-591
-805
-1006
-1048
-915
-765
-667
-512
-327
-196
-180
-169
-52
259
637
865
842
756
764
787
830
929
1081
1104
924
657
480
446
438
351
157
-76
-258
-401
-560
-686
-773
-821
-895
-912
-888
-830
-799
-755
-633
-485
-241
-45
65
7
-53
-4
191
386
412
257
50
55
156
111
-177
-487
-570
-489
-473
-615
-727
-648
-496
-406
-412
-335
-66
251
377
427
566
765
946
1011
1073
1132
1181
1138
955
730
555
467
401
269
71
-134
-350
-551
-658
-675
-641
-648
-686
-678
-618
-513
-409
-295
-142
10
160
280
360
479
617
731
823
875
936
939
910
825
737
653
500
293
159
126
59
-141
-413
-628
-716
-738
-789
-873
-979
-1025
-999
-942
-879
-799
-677
-532
-384
-197
-69
35
159
258
333
360
424
501
519
471
363
216
8
-210
-325
-310
-278
-365
-604
-870
-1025
-1033
-980
-900
-803
-700
-592
-542
-460
-287
-42
221
487
712
841
904
933
995
1140
1327
1389
1312
1094
852
655
542
482
419
256
-31
-329
-573
-691
-708
-675
-672
-682
-697
-721
-721
-636
-441
-184
37
164
203
261
400
569
726
828
920
986
971
896
794
723
682
625
506
320
99
-138
-345
-480
-532
-576
-641
-728
-819
-847
-836
-749
-825
-1200
-1521
-1274
-370
342
201
-676
-1275
-1028
-325
112
48
18
286
506
255
-131
-4
669
1313
1439
1208
989
938
878
799
885
1199
1460
1183
452
-276
-525
-333
-167
-270
-620
-1032
-1373
-1642
-1719
-1491
-1102
-812
-849
-959
-920
-735
-473
-269
55
507
959
1018
769
656
826
1255
1603
1736
1554
1176
883
791
909
1054
1050
720
225
-141
-261
-296
-417
-549
-725
-922
-1115
-1264
-1351
-1388
-1261
-1121
-972
-829
-717
-616
-587
-413
-58
370
695
770
685
605
700
878
1075
1083
943
340
-558
-1134
-564
826
1134
-182
-2127
-2697
-1762
-882
-952
-1517
-1449
-822
-689
-1374
-1842
-1033
527
1410
1240
860
925
1245
1377
1535
2091
2832
3066
2278
1168
575
779
1244
1200
783
179
-358
-793
-1331
-1729
-1795
-1336
-865
-1077
-1724
-2158
-2000
-1550
-1200
-756
-203
127
80
-200
-158
332
1082
1707
1883
1803
1659
1479
1328
1401
1808
2066
1754
1122
531
332
269
177
-31
-402
-683
-1000
-1297
-1542
-1544
-1385
-1314
-1283
-1253
-1208
-1147
-978
-662
-208
235
512
488
362
406
690
1038
1236
1249
1086
776
515
369
370
349
-24
-757
-1387
-1211
-502
-301
-1176
-2378
-2741
-2123
-1482
-1512
-1867
-1733
-1126
-782
-984
-1143
-528
542
1231
1341
1314
1521
1734
1767
1819
2143
2644
2758
2179
1360
862
846
945
794
373
-134
-608
-1090
-1469
-1656
-1498
-1287
-1269
-1476
-1641
-1530
-1291
-1010
-694
-311
45
251
310
448
838
1346
1641
1637
1617
1673
1673
1582
1470
1517
1548
1353
883
334
68
53
73
-153
-549
-858
-1079
-1257
-1431
-1501
-1407
-1278
-1143
-1098
-1064
-981
-853
-610
-224
198
504
566
518
612
784
888
849
728
573
267
-118
-295
10
405
31
-1097
-2073
-2077
-1421
-1065
-1314
-1701
-1717
-1512
-1437
-1422
-1087
-261
503
730
600
627
1036
1503
1865
2116
2339
2390
2114
1582
1106
996
1152
1179
791
152
-457
-779
-918
-1041
-1155
-1138
-1011
-978
-1243
-1566
-1549
-1191
-682
-322
-15
121
65
42
216
671
1126
1399
1370
1227
1213
1366
1477
1404
1264
1218
1204
1026
685
306
6
-83
-72
-227
-619
-1065
-1357
-1479
-1424
-1299
-1169
-1156
-1225
-1317
-1368
-1163
-709
-211
59
75
43
117
372
756
1018
1064
1005
1009
1013
868
601
450
461
530
413
73
-489
-1031
-1405
-1299
-751
-418
-812
-1916
-2637
-2446
-1685
-1192
-1192
-1259
-1112
-904
-860
-784
-237
678
1367
1518
1390
1404
1613
1808
2012
2359
2677
2658
2109
1434
986
880
1000
941
659
94
-555
-1114
-1506
-1592
-1377
-1092
-1037
-1339
-1737
-1896
-1720
-1244
-732
-326
-49
168
212
119
269
791
1378
1718
1803
1708
1465
1261
1323
1601
1881
1800
1255
540
127
122
198
78
-215
-645
-1173
-1581
-1660
-1452
-1241
-1193
-1274
-1411
-1424
-1264
-946
-534
-134
139
250
263
369
468
502
628
881
989
564
-83
-228
316
727
186
-1077
-1736
-1384
-838
-1080
-1807
-2000
-1533
-1124
-1391
-1801
-1466
-453
353
437
221
340
846
1363
1718
2099
2450
2418
1869
1248
1141
1508
1793
1489
727
-33
-355
-323
-366
-635
-964
-1016
-878
-891
-1211
-1498
-1422
-1056
-748
-546
-359
-310
-439
-413
-15
575
993
1067
938
802
901
1212
1471
1608
1633
1458
1029
670
652
781
712
384
2
-335
-627
-938
-1186
-1286
-1243
-1197
-1288
-1391
-1413
-1376
-1386
-1239
-798
-361
-119
-80
-99
-34
129
477
888
1191
1249
944
566
407
578
853
885
682
298
-510
-1331
-1468
-271
888
293
-1684
-2997
-2269
-806
-484
-1345
-1832
-1151
-357
-704
-1468
-1176
303
1544
1419
802
801
1276
1646
1671
2066
2829
3132
2476
1215
631
1019
1618
1678
1016
192
-442
-859
-1059
-1198
-1229
-1151
-1150
-1382
-1751
-2018
-1976
-1801
-1458
-924
-514
-419
-691
-812
-452
267
943
1168
1103
963
875
955
1231
1724
2086
1843
1176
677
768
1209
1331
973
456
122
-42
-395
-752
-790
-663
-676
-1066
-1426
-1462
-1310
-1218
-1243
-1097
-739
-469
-500
-657
-657
-280
194
644
849
806
561
228
172
256
337
185
124
357
372
-342
-1440
-1905
-1306
-502
-574
-1379
-1961
-1786
-1306
-1142
-1107
-795
-145
326
270
176
451
1099
1618
1748
1846
2031
2093
1772
1266
1179
1552
1854
1565
676
-177
-427
-201
27
-159
-607
-885
-888
-855
-1044
-1239
-1155
-827
-529
-447
-537
-552
-507
-346
-91
202
540
825
919
768
637
853
1301
1554
1510
1239
993
935
968
896
616
384
300
181
-93
-403
-523
-507
-570
-818
-1109
-1174
-981
-865
-942
-1006
-913
-771
-769
-770
-549
-183
73
69
-98
-100
61
285
357
395
424
402
325
234
138
-449
-1078
-1160
6
1102
448
-1491
-2795
-2103
-651
-328
-1138
-1652
-1138
-477
-900
-1711
-1440
-4
1198
1081
398
396
842
1195
1262
1715
2624
2898
2129
833
400
1185
2021
1987
1133
203
-256
-394
-392
-401
-459
-495
-668
-1000
-1211
-1255
-1139
-1043
-916
-571
-352
-402
-582
-556
-164
369
737
829
683
612
744
979
1263
1481
1484
1234
900
825
962
1064
960
581
225
5
-85
-188
-349
-448
-561
-813
-1101
-1244
-1109
-976
-962
-972
-952
-911
-929
-979
-881
-512
-39
290
170
-55
-66
74
261
302
377
244
-155
-535
-458
144
317
-357
-1392
-1758
-1166
-596
-802
-1461
-1760
-1421
-1055
-1001
-937
-476
185
487
361
344
754
1336
1717
1857
2095
2293
2173
1798
1508
1584
1825
1814
1427
793
305
120
119
28
-273
-577
-673
-611
-751
-1096
-1348
-1200
-875
-668
-626
-654
-624
-651
-653
-461
-6
542
745
489
225
349
768
1090
1205
1150
938
672
516
528
642
652
420
65
-258
-443
-594
-657
-588
-557
-767
-1137
-1302
-1199
-1075
-1019
-920
-753
-686
-681
-625
-413
-137
3
77
169
382
597
635
563
532
588
680
755
720
456
-337
-1004
-908
277
1074
81
-1815
-2810
-1861
-505
-446
-1357
-1845
-1304
-693
-1020
-1484
-957
455
1318
976
344
449
995
1412
1654
2191
2906
2853
1914
842
799
1752
2489
2178
1065
49
-284
-216
-107
-193
-339
-517
-725
-1219
-1542
-1493
-1120
-746
-778
-670
-623
-641
-735
-641
-169
473
805
656
152
-56
373
883
1189
1163
891
516
57
13
402
732
732
141
-380
-562
-492
-405
-561
-636
-613
-699
-847
-924
-870
-785
-849
-830
-577
-329
-296
-478
-542
-179
211
382
235
134
309
546
567
333
168
196
255
-95
-446
-466
23
273
-417
-1499
-1949
-1333
-533
-678
-1494
-1870
-1353
-566
-429
-659
-599
-51
521
786
872
1123
1417
1580
1658
1829
2224
2389
2137
1655
1344
1506
1764
1627
1072
399
132
116
22
-267
-581
-587
-561
-750
-1036
-1219
-1196
-968
-715
-556
-618
-778
-796
-665
-403
-58
159
295
258
132
55
134
529
838
760
458
269
323
313
156
128
230
223
-86
-495
-592
-412
-303
-478
-807
-935
-805
-635
-552
-572
-589
-590
-576
-439
-258
-104
-19
-27
-18
79
149
249
272
281
324
408
445
375
120
-148
-478
-788
-640
-102
570
196
-1135
-2104
-1657
-368
154
-610
-1424
-1285
-476
-85
-503
-741
-159
815
1261
1018
723
818
1056
1445
1972
2538
2594
1872
1029
844
1457
2073
1877
967
189
-74
37
40
-179
-346
-561
-635
-796
-908
-881
-799
-740
-772
-597
-357
-365
-642
-670
-446
-126
-4
-9
-64
-179
-223
-145
35
282
374
202
-154
-308
-40
201
179
-61
-189
-198
-193
-270
-336
-321
-231
-247
-440
-560
-450
-277
-234
-299
-264
-162
-206
-271
-201
87
263
106
-160
-207
37
310
302
189
81
33
-146
-366
-387
-373
-317
-167
73
-83
-707
-1295
-1155
-545
-219
-543
-982
-805
-272
-171
-564
-641
63
892
1049
673
480
769
1143
1453
1697
1942
1888
1496
1117
1175
1597
1779
1409
797
436
390
295
103
-11
5
64
-164
-601
-904
-917
-653
-340
-274
-348
-675
-1010
-1091
-780
-208
68
-220
-759
-988
-599
-31
150
-53
-294
-233
-105
-116
-173
-27
225
304
115
-97
-21
180
268
146
-25
-23
14
-124
-313
-322
-87
108
-15
-280
-438
-396
-272
-157
-23
93
-25
-323
-589
-478
-76
135
37
-191
-212
-126
-141
-215
-209
-313
-352
-266
146
385
-107
-834
-1028
-356
250
19
-711
-854
-275
236
-34
-627
-503
318
1032
1025
501
353
686
1194
1573
1650
1629
1386
1102
990
1135
1411
1446
1060
473
132
118
262
175
-129
-284
-369
-371
-580
-834
-727
-530
-372
-614
-895
-861
-792
-707
-599
-490
-427
-505
-653
-629
-539
-361
-188
-174
-180
-234
-381
-464
-314
136
438
272
-120
-403
-215
169
405
359
120
-66
-153
-201
-17
376
566
387
-28
-238
-57
215
394
406
252
14
-239
-279
22
270
240
-32
-138
30
43
-163
-297
-81
38
-57
-218
-70
91
-225
-762
-864
-363
2
-411
-979
-800
-63
229
-368
-910
-588
353
843
640
303
416
852
1191
1351
1486
1668
1653
1379
1138
1200
1400
1388
1027
627
429
436
371
79
-243
-384
-441
-605
-820
-896
-831
-868
-1040
-1148
-1096
-996
-987
-1042
-988
-818
-752
-860
-816
-531
-255
-342
-638
-644
-263
101
104
-95
-163
8
212
233
129
110
267
397
332
129
-41
-3
152
314
348
291
186
37
-52
45
341
510
347
41
-90
45
182
152
93
124
259
203
16
-112
-5
197
286
143
-12
-278
-563
-478
44
680
409
-564
-1234
-849
26
221
-419
-838
-471
84
-49
-774
-931
-81
953
1195
596
55
196
712
1241
1526
1642
1580
1220
788
694
973
1362
1338
845
259
-84
-121
-85
-175
-366
-433
-517
-640
-962
-1208
-1257
-1017
-663
-542
-811
-1277
-1361
-997
-619
-487
-573
-632
-579
-564
-547
-492
-280
3
28
-166
-245
-93
123
139
92
213
376
429
239
12
59
390
657
615
392
277
337
427
483
446
444
484
408
273
135
174
310
317
212
55
-29
-37
-15
28
40
-18
-175
-374
-484
-495
-409
-212
-9
-132
-625
-1024
-843
-334
-147
-481
-811
-614
-206
-184
-541
-584
39
780
866
403
190
585
1188
1477
1420
1342
1308
1170
1038
1038
1144
1092
765
397
140
32
-91
-230
-206
-194
-352
-747
-1025
-979
-766
-574
-533
-618
-809
-1019
-1095
-909
-602
-403
-433
-649
-780
-769
-629
-428
-207
-6
8
-131
-271
-248
-42
207
379
348
183
63
124
300
376
341
252
267
362
378
304
287
403
497
430
289
283
403
448
332
157
172
306
344
221
77
58
82
10
-126
-168
-49
18
-58
-220
-274
-276
-345
-308
-197
68
20
-394
-679
-550
-164
-163
-652
-934
-601
-72
-3
-464
-691
-270
321
479
206
32
333
698
823
800
799
951
951
811
694
710
777
634
331
77
17
89
71
-107
-392
-536
-552
-535
-514
-524
-482
-532
-721
-776
-650
-404
-353
-484
-548
-452
-292
-353
-459
-431
-173
-22
-122
-228
-198
-67
-45
-70
28
189
233
125
18
36
123
202
275
418
498
432
273
211
384
521
582
567
596
684
612
474
379
468
629
678
539
320
158
132
188
257
220
74
-114
-400
-534
-508
-289
-45
-103
-512
-893
-951
-735
-610
-673
-647
-512
-413
-589
-935
-956
-378
352
597
168
-351
-263
352
916
1033
811
622
624
692
652
530
540
648
620
351
4
-239
-281
-243
-136
-66
-165
-445
-802
-874
-547
-115
-67
-442
-799
-785
-535
-372
-391
-372
-258
-176
-271
-504
-530
-237
129
165
-105
-324
-245
14
200
203
117
72
91
107
116
208
353
406
337
238
217
358
530
635
606
524
506
575
646
674
710
734
688
557
424
398
438
402
278
134
36
-23
-122
-224
-289
-273
-250
-357
-586
-812
-708
-344
-13
-246
-926
-1204
-730
-45
-99
-799
-1134
-637
63
12
-669
-935
-261
605
716
115
-314
2
563
793
712
624
664
590
375
222
338
561
553
222
-161
-305
-279
-267
-325
-344
-357
-461
-604
-594
-479
-441
-508
-557
-431
-241
-199
-265
-279
-129
17
7
-37
19
148
191
120
94
194
272
244
162
116
177
226
201
132
153
217
256
212
183
272
363
383
305
297
416
592
623
462
360
500
714
734
539
406
433
511
450
266
130
121
161
107
-43
-286
-505
-682
-694
-532
-334
-280
-472
-824
-1038
-994
-722
-503
-533
-654
-687
-633
-632
-722
-689
-345
72
216
-61
-359
-199
279
666
704
571
488
442
377
329
321
396
416
264
-37
-328
-423
-306
-137
-127
-214
-391
-517
-506
-361
-58
221
204
-40
-264
-251
4
257
401
464
399
218
40
-6
177
427
508
379
119
-75
-104
19
200
242
87
-172
-330
-286
-128
-16
28
46
-26
-137
-159
42
309
448
425
338
366
470
580
621
633
617
545
437
329
285
278
256
270
231
61
-177
-343
-326
-254
-260
-296
-320
-327
-445
-641
-635
-346
20
-86
-613
-936
-629
-43
-10
-565
-962
-618
-25
40
-518
-877
-473
219
375
-80
-461
-259
253
425
217
-31
12
186
241
118
1
28
101
127
38
-65
-136
-123
-25
63
102
68
-58
-83
22
126
148
88
117
164
112
25
45
159
261
245
144
64
34
80
184
271
274
81
-163
-204
-19
217
240
90
-30
-28
4
19
83
250
427
403
246
158
234
388
431
405
465
574
579
358
96
64
253
387
253
-5
-171
-140
-61
-97
-202
-244
-266
-312
-395
-445
-344
-262
-219
-248
-317
-428
-557
-571
-453
-347
-386
-513
-639
-646
-585
-502
-371
-272
-231
-249
-322
-332
-224
-3
240
268
116
-69
-64
152
345
362
223
67
23
70
140
214
246
166
26
-29
60
217
317
361
337
192
23
0
204
437
476
271
61
40
140
186
120
88
165
212
44
-187
-217
-14
161
125
-37
-109
-66
-42
-86
-55
98
260
262
78
-43
20
200
346
388
339
236
120
97
204
331
324
208
107
65
37
-70
-128
-28
78
30
-170
-375
-373
-226
-127
-174
-277
-330
-348
-371
-378
-298
-198
-211
-342
-366
-237
-76
-176
-434
-428
-126
102
-124
-523
-572
-228
58
-77
-476
-584
-248
82
11
-325
-463
-130
305
407
168
-110
-55
236
435
410
277
246
310
342
282
213
239
321
354
271
98
-21
11
159
243
208
105
-4
-21
14
62
148
201
174
64
-42
-25
70
81
20
18
63
60
-39
-85
16
137
175
114
89
159
210
200
180
223
299
298
181
65
76
177
233
153
29
-69
-109
-140
-148
-107
-37
-57
-184
-314
-294
-155
-65
-93
-181
-175
-111
-74
-80
-132
-109
-33
0
-66
-147
-131
-40
-22
-127
-243
-214
-143
-233
-410
-489
-355
-232
-311
-471
-484
-368
-311
-400
-436
-217
24
32
-175
-273
-98
113
178
152
186
204
126
14
25
159
244
221
187
221
225
148
43
67
273
465
437
263
111
110
216
282
267
258
237
167
71
26
139
273
287
139
-20
-25
103
214
210
152
144
155
144
113
139
213
223
164
67
41
59
57
47
-2
7
28
-22
-80
-115
-47
35
9
-103
-208
-185
-106
-63
-47
-26
-53
-134
-216
-185
-31
67
17
-119
-188
-119
-11
30
0
-15
-38
-106
-159
-146
-70
-47
-139
-274
-316
-244
-182
-231
-348
-410
-390
-365
-384
-451
-412
-328
-302
-371
-470
-432
-288
-181
-192
-230
-185
-92
-82
-112
-88
35
141
129
40
53
192
308
289
203
246
367
458
409
325
318
373
389
337
304
331
368
319
206
109
126
211
239
238
203
143
91
38
70
176
217
253
226
127
70
101
131
115
153
262
312
201
-20
-124
11
218
247
137
43
-8
-25
-48
-10
83
111
50
-96
-146
-37
9
-6
-72
-85
-26
-14
-67
-106
-95
-50
-27
-78
-135
-176
-190
-205
-194
-186
-213
-278
-374
-407
-377
-338
-380
-474
-508
-473
-449
-488
-545
-541
-465
-366
-304
-286
-310
-323
-276
-156
-23
24
7
-28
6
91
164
170
185
202
202
221
228
242
248
197
160
210
271
286
216
206
302
381
377
304
270
319
388
397
368
341
341
342
280
220
223
253
237
147
60
21
10
29
20
-27
-108
-186
-137
-43
16
-19
-80
-96
-37
-18
-47
-60
-2
120
152
87
-17
-36
70
187
218
147
67
44
59
60
48
64
70
-25
-162
-209
-112
-27
-72
-187
-220
-174
-189
-281
-340
-266
-148
-143
-285
-408
-410
-331
-253
-234
-205
-170
-212
-338
-441
-397
-245
-158
-215
-326
-383
-327
-262
-235
-210
-194
-168
-165
-179
-146
-79
7
52
95
138
188
202
202
220
305
405
431
364
273
286
345
378
345
294
285
310
319
259
175
146
171
233
258
211
129
46
45
107
175
160
89
57
99
140
86
50
91
189
214
113
9
10
113
193
176
97
84
90
93
66
66
119
102
16
-77
-53
58
124
48
-45
-66
-40
-35
-103
-145
-115
-97
-113
-148
-192
-201
-202
-172
-154
-193
-249
-266
-230
-164
-172
-250
-282
-250
-216
-263
-338
-310
-205
-167
-238
-351
-342
-269
-238
-271
-309
-272
-203
-185
-216
-243
-154
-44
-29
-77
-79
40
140
165
131
125
168
206
201
228
285
324
277
203
196
271
354
350
279
190
124
85
107
152
169
92
-33
-94
-70
-34
-27
-42
-68
-88
-129
-151
-74
20
61
8
-63
-37
64
187
226
201
169
160
179
193
213
239
267
271
240
205
175
154
113
85
113
127
68
-60
-154
-114
11
32
-74
-185
-160
-47
29
46
47
45
21
-27
-30
23
82
97
59
21
-37
-82
-89
-75
-65
-96
-177
-264
-299
-297
-274
-250
-212
-194
-240
-301
-313
-272
-171
-85
-69
-86
-120
-122
-107
-56
-29
0
26
29
5
-43
-29
58
111
68
-27
-64
10
82
93
32
7
-15
-58
-70
-41
13
8
-56
-96
-54
-28
-58
-99
-43
80
130
72
2
10
83
185
257
294
253
166
154
205
293
362
351
292
240
247
239
191
167
151
145
123
74
12
-53
-94
-93
-77
-72
-94
-145
-186
-175
-149
-154
-188
-171
-112
-74
-80
-107
-64
-14
-2
-11
-5
8
-13
-61
-79
-48
6
6
-85
-165
-227
-216
-148
-88
-104
-185
-237
-202
-147
-143
-164
-137
-57
-9
-29
-46
-7
67
124
97
77
108
158
209
207
191
181
200
198
176
165
146
159
176
149
83
-8
-45
-21
22
17
-70
-180
-205
-144
-86
-111
-162
-146
-84
-43
-61
-59
-4
74
86
66
88
160
225
184
130
173
257
272
168
74
62
116
144
69
-22
-43
-5
-25
-102
-162
-133
-102
-145
-188
-183
-134
-107
-167
-218
-179
-91
-28
-25
-12
8
8
-9
-8
32
81
76
30
-2
29
40
-4
-57
-86
-98
-96
-122
-125
-94
-83
-100
-136
-131
-52
33
18
-38
-45
14
71
93
93
70
78
68
80
104
94
67
24
34
54
28
-25
-76
-46
-6
-22
-42
-72
-87
-77
-67
-42
-20
-18
-34
-39
2
46
67
47
59
68
96
134
155
163
127
107
149
199
208
166
114
113
117
98
59
73
135
152
103
-13
-74
-46
-14
-58
-159
-188
-146
-131
-192
-282
-290
-222
-161
-154
-175
-169
-119
-100
-89
-19
86
145
71
-8
22
125
187
131
31
26
54
31
-29
-73
-46
-27
-50
-113
-154
-145
-120
-101
-79
-63
-42
-29
-33
-21
10
74
141
170
149
88
49
103
188
240
225
165
139
167
175
144
84
59
61
80
64
7
-46
-65
-89
-107
-121
-112
-91
-127
-188
-230
-201
-124
-53
-43
-82
-118
-84
0
62
66
37
41
101
143
143
150
176
194
145
94
90
145
179
107
19
-20
1
8
-59
-161
-200
-149
-111
-119
-158
-168
-146
-131
-102
-39
13
19
-11
-19
21
58
54
19
6
11
10
-16
-46
-31
-20
-49
-105
-133
-122
-112
-114
-126
-138
-132
-133
-162
-155
-112
-51
-21
-48
-62
-38
9
36
48
86
143
161
127
100
140
195
210
182
143
105
96
101
125
147
118
47
-3
-19
-1
-19
-61
-85
-64
-60
-95
-132
-166
-160
-107
-42
-16
-9
-27
-35
-1
49
107
145
177
157
134
137
177
244
236
174
104
83
106
127
113
63
26
21
21
-14
-60
-96
-84
-67
-92
-116
-113
-93
-72
-107
-155
-122
-55
-15
-40
-102
-106
-83
-77
-81
-83
-56
-47
-60
-83
-87
-81
-80
-77
-85
-71
-80
-107
-131
-130
-101
-63
-47
-58
-58
-25
22
59
70
68
106
161
185
167
130
133
197
247
237
209
172
159
149
139
130
101
77
31
-20
-57
-82
-63
-36
-60
-119
-192
-185
-120
-81
-96
-143
-156
-112
-81
-93
-121
-82
16
62
36
0
43
123
158
136
97
78
101
93
62
44
41
50
36
-16
-49
-40
-11
14
-5
-40
-87
-107
-98
-76
-43
-5
11
-14
-59
-95
-53
14
47
-1
-66
-72
-31
3
-13
-11
30
66
46
-14
-81
-85
-40
-2
7
-26
-68
-92
-79
-58
-42
-30
-31
-21
-10
14
40
70
103
115
104
78
67
86
114
135
151
119
82
67
73
97
76
49
42
31
25
-18
-68
-79
-42
6
-26
-108
-161
-170
-130
-98
-85
-96
-129
-154
-145
-89
-29
-7
-36
-63
-72
-47
-21
-7
18
41
50
36
9
-2
18
58
107
150
155
105
35
20
56
114
139
111
94
92
97
80
54
36
49
49
38
-17
-42
-5
17
13
-22
-40
-42
-65
-90
-73
-20
31
20
-16
-59
-79
-58
-48
-33
-15
-2
-6
-16
-14
-10
-8
-17
-23
-25
-38
-48
-48
-31
-3
36
39
21
4
2
17
51
83
106
90
61
55
55
59
57
42
7
-3
19
35
11
-22
-33
-39
-70
-100
-103
-74
-62
-95
-140
-137
-95
-72
-107
-156
-143
-101
-96
-133
-137
-95
-44
-54
-72
-69
-27
10
7
0
15
75
97
97
67
71
90
94
81
93
124
135
102
84
85
114
142
117
104
71
49
40
44
36
42
24
-2
-4
-2
-6
-16
-15
-8
21
18
-31
-67
-40
31
55
18
-40
-55
-62
-63
-67
-61
-3
18
-45
-132
-149
-70
15
26
-13
-47
-30
10
21
29
45
80
75
34
7
13
49
79
117
117
87
38
0
13
45
74
45
-5
-31
-47
-59
-78
-85
-77
-100
-142
-171
-157
-130
-143
-158
-171
-125
-75
-84
-113
-122
-70
-10
17
23
37
66
86
80
58
69
92
98
85
60
80
125
144
134
85
70
79
82
71
62
52
34
27
26
26
17
22
48
60
63
42
20
41
66
80
95
90
75
61
38
42
58
59
38
12
7
0
-30
-87
-116
-109
-93
-104
-144
-166
-158
-125
-99
-120
-145
-142
-107
-73
-52
-34
-30
-13
4
2
-3
11
37
60
50
32
30
30
24
17
25
39
20
-19
-53
-65
-41
-26
-28
-53
-86
-103
-104
-88
-80
-82
-106
-107
-72
-35
-9
-17
-25
-30
-5
3
-7
-11
-9
14
34
22
-2
0
33
43
25
33
59
65
42
29
47
84
101
83
58
69
117
146
127
108
123
159
184
182
183
175
175
163
148
150
160
157
128
102
96
106
100
45
-19
-32
2
31
8
-36
-83
-101
-97
-93
-121
-143
-146
-156
-168
-182
-187
-173
-144
-131
-136
-164
-169
-139
-95
-66
-39
-21
-27
-42
-88
-106
-89
-51
-38
-55
-64
-57
-64
-81
-82
-68
-48
-75
-114
-125
-101
-58
-40
-45
-51
-62
-57
-59
-53
-26
-1
-3
4
29
50
57
52
54
60
87
94
82
79
65
87
111
110
82
50
40
58
81
97
97
63
61
99
130
139
128
126
145
159
154
157
182
205
191
151
134
166
204
173
116
73
99
130
105
57
30
18
-8
-33
-60
-72
-84
-101
-142
-145
-129
-124
-158
-200
-207
-187
-154
-152
-150
-148
-121
-92
-93
-101
-107
-77
-59
-63
-49
-28
-26
-49
-78
-88
-75
-74
-95
-120
-118
-97
-90
-104
-105
-96
-72
-77
-108
-105
-71
-30
-15
-20
-6
17
14
2
-2
40
74
49
10
5
47
81
75
49
17
9
4
-1
9
37
57
46
9
3
13
34
60
65
79
95
117
125
142
174
183
183
182
178
179
199
232
242
256
249
228
192
165
151
165
174
157
108
66
47
13
-27
-42
-33
-47
-76
-131
-160
-153
-149
-134
-96
-88
-115
-162
-165
-124
-84
-73
-91
-92
-79
-65
-66
-91
-98
-106
-127
-154
-175
-139
-123
-133
-176
-194
-175
-160
-154
-149
-123
-111
-116
-147
-141
-109
-78
-53
-52
-39
-28
-16
-7
-7
13
41
47
28
34
51
74
69
64
67
68
55
49
49
60
62
34
14
16
28
23
13
14
27
48
71
58
54
60
70
100
130
154
173
172
169
172
179
203
217
242
252
247
223
181
173
157
139
99
58
52
46
37
20
-6
-10
-22
-70
-104
-122
-114
-111
-123
-132
-130
-124
-135
-153
-153
-144
-137
-136
-135
-127
-116
-116
-140
-142
-131
-116
-136
-167
-153
-118
-84
-98
-131
-142
-122
-101
-98
-114
-110
-89
-88
-88
-72
-33
-26
-32
-11
29
74
76
60
82
133
160
146
118
112
137
155
152
131
125
127
116
108
68
58
51
52
50
45
50
58
63
61
63
68
77
65
68
84
105
134
117
97
109
131
150
134
109
112
121
109
69
28
24
21
11
-8
-28
-25
-27
-50
-83
-93
-82
-87
-102
-110
-104
-102
-99
-118
-127
-134
-139
-136
-116
-85
-73
-95
-116
-118
-113
-114
-125
-126
-122
-119
-116
-111
-109
-123
-137
-136
-112
-82
-78
-112
-148
-148
-118
-64
-50
-74
-96
-98
-74
-38
2
25
24
19
24
51
83
97
101
122
141
159
151
133
132
157
173
156
132
125
118
108
99
83
71
64
66
40
34
35
43
48
37
41
45
51
69
94
95
88
87
99
126
127
107
95
102
122
111
72
53
78
94
81
33
-6
28
53
55
25
-3
6
-1
-9
-36
-38
-24
-28
-60
-108
-94
-74
-88
-110
-121
-115
-112
-124
-147
-165
-151
-135
-142
-153
-162
-155
-143
-122
-114
-133
-140
-151
-136
-116
-126
-144
-162
-161
-152
-128
-119
-117
-106
-66
-31
-4
19
30
45
72
94
124
146
164
169
164
176
203
211
189
154
135
142
137
120
103
83
89
84
58
32
28
45
55
38
19
28
45
55
32
4
-3
26
37
29
30
30
33
22
7
7
22
28
36
40
42
42
28
28
25
36
26
-3
-16
-13
0
-1
-25
-47
-54
-52
-68
-81
-75
-63
-57
-73
-79
-88
-81
-62
-71
-79
-80
-81
-86
-78
-77
-83
-90
-106
-109
-126
-147
-149
-152
-140
-146
-167
-180
-186
-179
-161
-149
-124
-95
-78
-62
-25
8
35
47
65
82
114
143
149
147
149
155
167
174
169
178
177
159
149
151
166
160
130
110
99
109
127
134
128
122
106
78
60
47
51
50
53
41
32
33
9
-2
-9
-4
3
15
20
12
-5
-9
-7
-6
-4
-9
-1
12
15
31
32
15
-16
-47
-47
-34
-12
-1
-5
-25
-51
-64
-55
-29
-1
-5
-19
-35
-49
-48
-46
-59
-73
-93
-101
-111
-127
-140
-148
-144
-145
-160
-179
-200
-195
-175
-152
-126
-108
-120
-132
-125
-104
-57
-44
-28
-23
-5
31
59
86
78
-42
-127
-35
144
222
136
22
37
174
258
167
24
8
165
331
293
98
-10
112
293
317
142
-22
-58
-5
19
-29
-63
-48
-55
-113
-182
-233
-214
-143
-104
-100
-88
-46
2
-9
-48
-15
92
171
152
90
59
67
77
51
39
51
77
75
19
-25
-42
-1
33
31
7
23
55
31
-35
-94
-51
37
64
43
-3
-13
-6
-12
-5
-11
2
26
27
-5
-32
-20
10
27
24
13
36
25
-34
-87
-67
-36
-19
-14
-45
-57
-91
-115
-96
-74
-49
-13
17
19
-6
-7
6
35
59
81
83
92
85
78
56
44
56
91
103
57
10
-1
24
29
14
3
-5
4
-10
-37
-41
-34
-39
-25
-22
-15
-11
-7
-29
-74
-78
-66
-44
-45
-60
-74
-92
-109
-120
-114
-83
-71
-53
-74
-98
-97
-77
-36
-24
-11
-3
-2
-13
-33
-21
18
67
90
68
24
-10
-8
14
38
55
68
72
67
55
59
74
63
42
38
43
39
37
32
21
5
1
7
0
-2
-13
-41
-48
-44
-22
-3
4
-2
14
38
27
7
2
34
59
62
73
79
80
71
41
19
17
46
57
49
51
26
11
-5
-6
21
31
23
-1
-23
-14
-4
11
21
20
10
2
-22
-43
-45
-29
4
2
-33
-55
-66
-69
-75
-77
-74
-54
-25
-22
-33
-58
-85
-95
-78
-51
-27
-23
-35
-59
-70
-69
-62
-51
-54
-36
-25
-29
-26
-24
-5
17
23
28
34
27
30
32
27
48
69
84
88
84
66
49
45
49
58
67
79
65
33
3
-6
4
9
22
36
44
36
8
8
28
57
75
58
46
47
67
69
50
31
20
33
44
22
14
21
22
3
-43
-60
-55
-39
-39
-68
-67
-64
-60
-55
-65
-55
-29
-29
-51
-72
-70
-32
-25
-39
-54
-49
-26
-46
-59
-44
-23
0
-16
-42
-71
-84
-74
-52
-46
-49
-53
-64
-64
-52
-51
-52
-50
-40
-33
-17
-7
-11
-15
-11
-5
-7
-11
-3
8
32
63
61
49
33
25
28
41
38
31
19
24
38
51
67
64
42
42
53
73
76
81
92
75
61
50
49
74
99
107
123
123
112
88
65
69
78
75
61
50
54
62
38
23
9
18
26
13
-5
-22
-14
-20
-28
-27
-33
-45
-54
-75
-76
-63
-50
-51
-57
-64
-59
-61
-47
-50
-46
-34
-34
-40
-39
-32
-36
-26
-39
-41
-51
-60
-67
-59
-54
-62
-63
-69
-65
-52
-40
-41
-29
-24
-31
-30
-30
-22
-20
-21
-31
-45
-34
-40
-42
-34
-34
-23
-15
-18
-30
-33
-18
-2
15
21
11
-8
-2
-2
15
27
28
31
16
7
3
22
27
36
44
55
36
34
59
84
118
119
124
113
99
104
102
98
93
90
90
72
42
37
47
44
45
36
20
2
-11
-7
2
-7
-21
-42
-45
-30
-29
-6
-6
-15
-26
-26
-27
-22
-11
-12
-27
-41
-25
-8
-9
-14
-19
-25
-21
-35
-56
-68
-56
-50
-48
-63
-80
-82
-73
-60
-51
-40
-48
-54
-55
-52
-32
-22
-21
-44
-52
-46
-29
-11
-14
-8
13
32
27
14
-1
1
0
-11
-6
-12
-1
9
6
6
-3
-2
2
6
8
15
25
35
43
56
61
69
64
64
67
69
80
102
114
111
106
96
84
70
43
41
46
36
30
6
10
19
8
-15
-27
-25
-9
5
-4
-21
-24
-21
-21
-27
-32
-36
-22
-16
-15
-31
-51
-45
-43
-35
-23
-33
-37
-27
-21
-22
-12
-3
-6
-8
-26
-50
-45
-44
-44
-45
-53
-57
-69
-61
-51
-41
-34
-43
-50
-50
-35
-29
-21
-18
-8
-5
-10
-20
-22
-11
-12
-5
6
13
21
29
15
-1
-5
2
17
21
32
52
51
41
49
55
70
63
47
46
55
82
94
91
76
60
66
67
54
35
28
19
19
26
20
15
24
26
27
29
38
30
24
31
27
30
35
26
14
7
0
-10
-22
-16
-17
-14
-20
-27
-45
-57
-62
-78
-77
-80
-72
-53
-46
-50
-57
-69
-70
-60
-47
-52
-58
-57
-52
-54
-61
-70
-75
-67
-51
-46
-47
-56
-54
-40
-19
-5
4
22
17
3
-11
-7
12
15
17
16
25
25
20
9
1
-7
-11
0
-2
5
10
28
43
46
43
45
56
53
61
72
78
70
72
62
58
49
24
14
11
22
27
26
26
25
32
42
47
40
41
51
55
50
53
46
41
34
13
16
14
-1
1
0
0
-1
-5
7
4
1
1
5
8
10
7
2
3
3
0
-7
-13
-25
-23
-25
-46
-50
-59
-68
-70
-69
-74
-79
-76
-79
-71
-66
-58
-49
-49
-63
-61
-52
-44
-44
-51
-51
-45
-25
-23
-33
-40
-35
-28
-22
-32
-38
-27
-26
-7
10
3
-3
-3
-13
-15
-2
10
24
36
35
35
27
29
35
26
26
11
8
19
31
38
40
54
69
67
63
48
28
31
39
58
61
58
56
38
27
25
26
40
35
21
14
7
20
28
17
3
5
13
42
44
44
49
50
55
48
33
18
11
13
12
3
-1
-19
-30
-32
-45
-50
-47
-29
-30
-37
-49
-57
-56
-51
-51
-58
-58
-46
-36
-32
-34
-43
-33
-39
-38
-39
-38
-43
-52
-60
-58
-44
-36
-37
-27
-10
-1
-4
-4
6
20
23
5
8
20
16
15
21
16
19
18
11
13
11
20
30
38
47
48
58
65
53
45
60
70
76
82
83
74
60
48
31
20
23
23
12
-2
-10
-22
-21
-12
-26
-31
-41
-47
-37
-23
-15
-20
-13
-3
5
1
-19
-31
-36
-37
-30
-30
-22
-20
-20
-23
-37
-41
-46
-42
-40
-36
-29
-28
-20
-35
-33
-23
-12
-1
-4
-6
-20
-24
-15
-12
-11
-19
-21
-29
-42
-35
-32
-22
-5
0
-2
-3
0
4
18
31
43
45
51
44
27
17
13
13
7
3
3
-11
-21
-17
-12
14
25
28
34
35
39
41
55
59
70
79
80
75
61
49
45
46
47
34
29
15
-2
-5
-8
-4
11
15
8
-7
-10
-7
-2
4
9
11
5
-7
-13
-19
-16
-14
-24
-37
-43
-25
-22
-30
-40
-45
-44
-44
-44
-37
-21
-17
-28
-28
-34
-37
-27
-24
-18
-18
-11
-9
-12
-13
-16
-12
-17
-29
-35
-30
-27
-30
-22
-5
2
-10
-22
-18
-1
17
31
35
22
19
5
-4
-13
-21
-21
-20
-5
-1
-9
-14
-19
-26
-22
-7
5
10
9
13
21
41
60
63
55
57
63
67
60
54
49
53
54
44
31
28
27
22
31
30
26
26
29
22
6
1
-1
2
1
-4
-5
-10
-11
-14
-26
-36
-34
-25
-20
-25
-42
-47
-43
-48
-40
-34
-24
-21
-21
-20
-12
-10
-8
-9
-8
-6
-7
-2
-13
-9
-11
-11
-22
-24
-23
-17
-12
-1
-2
4
3
-7
0
-4
0
-3
-5
-12
-10
-2
-5
-15
-22
-29
-41
-43
-45
-30
-23
-19
-19
-21
-21
-15
-14
-9
6
13
25
25
27
26
33
28
33
44
34
43
42
48
49
41
37
38
35
39
39
41
37
37
40
38
31
34
39
33
32
25
26
25
30
21
16
10
17
13
6
0
0
-1
-12
-7
4
-1
-1
0
0
-10
-24
-16
-15
-6
-7
-7
-7
-3
0
2
-10
-20
-31
-27
-22
-34
-36
-38
-42
-32
-27
-31
-28
-28
-29
-29
-26
-21
-21
-28
-46
-43
-30
-20
-18
-32
-35
-34
-33
-44
-50
-42
-37
-31
-23
-30
-31
-30
-17
-8
-10
-10
-8
-1
7
9
16
15
13
14
21
32
39
42
41
44
42
45
35
29
31
37
42
33
27
28
18
15
8
6
4
0
3
5
4
9
3
-6
-13
-15
-5
1
1
-9
-15
-15
-11
-12
-12
-9
-7
0
7
8
6
2
-7
-10
-9
-2
7
20
18
11
16
14
7
-8
-17
-15
8
24
27
21
18
17
15
8
1
6
20
14
12
18
17
12
10
5
0
-2
-14
-14
-11
-3
8
1
-10
-20
-15
-17
-18
-11
4
7
4
-2
1
9
8
4
-1
-4
4
4
4
-3
-4
6
9
6
7
9
8
0
-7
-2
7
4
3
14
6
5
6
9
2
-8
-10
-10
-10
-16
-18
-17
-25
-28
-23
-22
-1
3
7
10
2
4
2
6
4
1
-2
4
-2
-7
-14
-15
-14
-15
-6
-7
-9
-7
-2
-8
-7
-8
-13
-13
-13
-11
-13
-13
-21
-23
-8
-8
-14
-20
-20
-21
-17
-14
-16
-24
-22
-3
9
6
-3
3
-2
2
4
5
3
9
11
7
-2
-7
-8
3
3
2
5
9
12
10
9
17
25
22
39
43
44
36
31
26
13
15
29
41
35
34
31
23
4
-1
-1
2
8
6
-1
-7
-11
-19
-27
-23
-26
-16
-5
-4
-4
11
18
12
13
-1
1
2
3
3
4
5
5
7
5
10
21
29
28
17
1
-9
-13
-13
-3
2
8
8
0
-5
-18
-15
-16
-17
-26
-38
-34
-35
-34
-30
-28
-32
-35
-27
-24
-9
0
5
7
-2
-10
-18
-14
-10
-13
-12
-8
1
-2
-4
-17
-16
-7
6
12
13
26
30
36
30
34
32
30
42
43
39
50
53
46
48
44
32
22
10
0
-5
-1
12
8
1
2
-5
-20
-28
-25
-40
-39
-33
-35
-39
-40
-50
-59
-63
-69
-61
-45
-38
-32
-24
-20
-16
-20
-23
-24
-17
-16
-17
-18
-19
-11
-13
-10
-16
-20
-20
-20
-12
0
16
23
15
4
5
0
1
7
4
7
3
6
3
2
5
17
31
35
38
36
41
42
46
49
46
37
21
11
11
10
14
22
26
25
28
29
39
40
39
39
33
39
40
57
65
65
66
55
39
42
35
26
23
18
13
12
9
3
-8
-13
-20
-24
-23
-28
-23
-22
-28
-34
-38
-44
-54
-71
-88
-92
-89
-87
-85
-69
-52
-44
-41
-40
-33
-35
-34
-30
-25
-22
-11
-3
6
16
19
13
8
7
12
15
24
28
19
13
-1
-14
-12
-9
-6
1
4
16
21
23
22
17
9
6
2
7
6
14
28
15
20
3
-12
-18
-21
-17
-14
-17
-25
-21
-19
-18
-21
-21
-17
-3
13
22
29
29
34
28
22
15
12
22
24
22
24
19
12
7
8
11
14
22
32
34
20
12
5
6
14
11
7
-1
-13
-23
-20
-23
-24
-20
-18
-19
-17
-6
-5
-6
-6
-1
-6
-5
-1
1
-1
7
10
8
12
-1
-12
-18
-9
1
9
19
27
26
20
15
6
4
3
1
6
7
5
8
11
12
4
2
-2
-12
-17
-13
-14
-17
-21
-31
-22
-25
-22
-18
-22
-21
-25
-19
-20
-16
-11
-13
-15
-14
-10
1
19
25
25
12
5
0
-6
0
9
15
10
7
7
16
20
26
32
30
25
30
33
32
26
24
32
25
19
21
15
16
13
6
-5
-9
-12
-10
1
4
0
-9
-14
-23
-34
-30
-35
-31
-26
-28
-24
-29
-32
-35
-38
-45
-36
-32
-22
-18
-24
-28
-26
-22
-25
-23
-20
-12
-5
2
4
10
10
10
4
6
3
4
1
-3
-4
4
11
10
11
5
-6
-13
-9
-2
1
12
21
18
24
24
21
17
13
14
17
17
19
17
20
22
20
22
24
20
22
24
27
30
28
26
27
27
31
28
28
27
28
23
12
8
0
-2
-7
0
-1
-1
2
2
-2
-3
-1
-5
-5
-4
-6
-10
-17
-14
-14
-18
-25
-29
-26
-29
-32
-35
-39
-39
-39
-34
-27
-21
-26
-28
-26
-25
-19
-23
-22
-18
-17
-11
-10
-4
-2
0
2
-3
-10
-15
-14
-13
-4
0
5
9
5
10
12
11
16
13
14
13
16
15
15
14
15
15
14
17
24
26
25
24
21
16
15
20
24
22
25
18
12
10
3
5
7
-2
-8
-13
-17
-19
-19
-16
-7
-7
-3
4
3
13
7
8
11
11
12
12
16
21
26
24
20
13
10
5
5
5
4
1
3
2
-7
-15
-15
-19
-22
-22
-23
-14
-16
-19
-18
-17
-15
-12
-7
-7
-6
1
-7
-11
-11
-13
-12
-10
-13
-15
-16
-9
-3
-4
-4
-8
-19
-20
-20
-21
-15
-10
-3
-2
-5
-6
-11
-13
-17
-14
-13
-10
0
9
7
6
7
5
10
10
12
13
11
6
6
12
13
12
5
3
-4
-3
-2
-3
-2
-2
-2
-2
-7
-1
6
12
19
19
20
21
27
30
38
40
42
39
39
36
25
18
11
5
6
4
3
2
0
2
0
-2
0
4
4
7
10
12
9
8
6
4
4
-2
-3
-3
-2
-2
-4
-10
-11
-16
-18
-19
-23
-21
-19
-16
-14
-18
-21
-23
-27
-28
-25
-26
-24
-20
-25
-27
-31
-31
-32
-34
-28
-23
-14
0
2
6
10
13
13
11
14
13
10
10
9
5
9
6
2
-2
-4
-9
-11
-10
-12
-8
-9
-6
-5
-4
-2
3
7
11
15
16
23
21
28
30
30
27
26
23
19
17
14
7
3
4
3
5
5
3
2
-3
-4
-3
-5
-3
-1
3
5
9
9
5
3
2
2
12
14
16
16
11
9
3
-4
-9
-12
-8
0
-2
-4
-5
-13
-11
-15
-12
-11
-10
-9
-11
-11
-17
-18
-19
-19
-24
-18
-12
-11
-2
0
-2
-3
1
3
4
6
8
11
11
10
9
7
5
-3
-8
-10
-14
-13
-12
-15
-19
-21
-18
-10
-8
-3
5
13
14
15
10
12
13
13
17
14
11
10
8
2
-2
-7
-3
-1
-2
-2
-1
0
2
1
0
-2
-2
3
1
3
7
8
9
4
1
-2
-3
-2
-5
2
10
10
11
11
11
6
5
3
6
11
14
19
16
9
1
-5
-12
-16
-13
-16
-17
-17
-16
-15
-21
-21
-20
-15
-10
-5
-2
10
12
9
5
5
4
5
13
11
15
18
13
10
-1
-7
-10
-11
-13
-10
-9
-4
-7
-11
-15
-22
-17
-12
-7
-1
2
8
13
15
12
10
12
13
14
13
14
13
11
8
5
1
-1
3
4
2
1
1
3
3
1
0
3
9
11
8
8
6
6
5
2
2
3
4
7
3
2
-3
-8
-12
-12
-8
-2
5
6
2
-2
-3
-5
-2
-10
-11
-13
-18
-16
-16
-16
-12
-16
-17
-19
-20
-12
-9
-2
4
2
-1
-4
-7
-7
-4
0
5
10
9
6
1
-6
-8
-13
-18
-13
-8
-11
-6
-7
-5
-6
-8
-7
-9
0
5
11
12
12
13
10
11
6
6
3
6
7
5
9
4
4
-1
-2
-1
2
13
13
15
19
15
16
18
19
18
17
14
13
10
8
9
8
1
-3
-4
-2
3
3
6
3
4
3
5
11
12
10
8
5
4
-2
-1
1
-3
-5
-9
-10
-8
-7
-8
-10
-15
-17
-17
-16
-12
-9
-6
-6
-12
-14
-15
-15
-13
-9
-6
-8
-8
-9
-11
-14
-12
-11
-9
-9
-7
-7
-8
-7
-7
-7
-8
-11
-6
-2
5
13
18
20
11
9
4
3
3
5
8
13
13
9
8
4
5
5
5
5
7
8
9
7
12
10
14
14
11
12
9
7
1
0
-3
-4
-6
-9
-10
-12
-15
-11
-12
-13
-11
-7
-5
-3
0
4
6
7
4
3
1
-2
-2
-6
-3
-2
1
2
5
2
1
-1
-4
-4
-2
2
4
2
3
2
2
1
5
7
6
3
4
2
3
3
-3
-3
-6
-6
0
3
7
11
9
6
3
-1
3
2
4
3
5
8
6
4
4
3
1
2
1
0
-1
-2
-3
-7
-10
-13
-9
-4
-1
7
9
9
6
4
4
3
6
8
10
12
11
9
3
1
-3
-7
-10
-8
-5
-6
-3
-8
-11
-9
-9
-8
-9
-8
-6
-10
-13
-13
-10
-10
-9
-10
-7
-6
-4
-2
-4
-10
-11
-12
-11
-7
-6
2
2
2
0
-5
-6
-7
-9
-8
-5
-4
-2
0
-3
-2
-2
-3
1
-1
-4
0
2
3
5
6
8
10
15
16
15
18
19
17
10
7
5
3
5
3
3
4
4
2
1
0
-7
-5
-8
-9
-8
-5
-1
-1
-1
-1
-1
1
1
1
6
7
9
5
8
7
7
7
5
4
8
10
7
5
6
4
4
5
4
6
6
6
4
1
-1
-4
-4
0
2
7
9
8
7
2
-2
-7
-8
-11
-10
-5
-1
2
2
0
-2
-7
-9
-10
-10
-6
-6
-7
-5
-11
-9
-10
-8
-7
-2
0
2
6
5
8
5
8
1
2
4
0
4
3
6
9
8
7
3
-1
-4
-5
-5
-5
-7
-7
-9
-10
-8
-7
-7
-3
0
-2
-2
-3
-3
-2
-1
-1
2
5
6
6
6
7
4
2
3
-1
-1
-2
-2
-2
-5
-3
-2
-4
-3
-5
-6
-5
-3
-3
-5
-4
-3
-1
0
2
4
6
5
1
-2
-6
-7
-7
-1
1
0
2
0
-2
-5
-7
-9
-8
-8
-4
-4
-2
-1
0
3
2
2
-2
0
1
3
5
9
10
10
10
10
12
13
14
13
11
15
16
11
8
5
5
6
5
5
5
3
0
-4
-4
-11
-12
-12
-10
-7
-4
1
2
5
3
2
-1
0
-2
1
3
6
5
4
4
0
-3
-5
-3
-3
-2
-4
-4
-6
-4
-2
2
4
3
3
2
0
-1
1
0
3
3
0
1
-2
-4
-8
-10
-7
-7
-6
-2
1
-1
-3
-4
-6
-10
-7
-5
-5
-5
-5
-9
-10
-8
-10
-5
-6
-4
-3
1
4
3
1
-1
1
0
3
5
7
6
7
3
2
3
3
5
3
1
-2
-2
-2
2
3
6
4
4
4
0
1
0
-1
-1
-1
0
2
4
4
4
6
5
4
6
5
4
2
3
0
-1
-1
-3
-2
-4
-1
0
1
0
-3
-7
-8
-9
-8
-4
-2
1
3
2
-1
-3
-5
-6
-8
-6
-6
-6
-6
-3
-1
1
4
3
0
1
0
-1
1
1
2
1
1
1
2
4
2
3
5
4
4
6
8
11
10
11
10
9
10
7
6
4
5
7
8
9
7
7
5
4
4
3
4
5
2
2
-1
-1
-1
-1
0
2
0
0
0
-3
-5
-8
-7
-6
-5
-6
-4
-4
-4
-4
-4
-6
-9
-11
-13
-14
-14
-10
-10
-10
-6
-8
-8
-6
-7
-7
-6
-4
-3
1
2
2
3
3
2
2
-1
-1
-1
-3
-1
0
1
1
2
2
1
2
5
6
6
2
0
-3
-4
-4
-1
0
1
1
3
1
2
3
2
3
3
4
4
3
3
2
1
1
-1
-3
-2
-2
-5
-5
-5
-5
-6
-6
-4
0
3
4
7
4
3
-1
0
-1
-2
0
3
5
6
6
5
3
3
2
4
6
7
9
9
9
8
7
6
6
5
2
3
2
3
4
1
1
-2
-3
-1
2
3
5
4
2
-2
-6
-9
-9
-8
-4
-6
-6
-6
-5
-5
-5
-6
-7
-8
-6
-7
-6
-4
-4
-3
-3
-3
-3
-3
0
0
0
1
2
1
1
0
1
0
2
3
3
2
1
2
0
0
-3
-5
-2
-2
-2
-5
-4
-4
-3
-2
-1
3
2
3
3
3
4
3
5
6
6
8
8
8
8
8
7
3
1
3
4
5
7
7
4
3
0
-2
