1
2
0
1
2
2
1
1
1
1
0
-1
-1
-1
0
1
0
0
1
0
0
1
1
0
-1
0
-1
0
-1
-1
-1
-1
-2
-2
0
-3
-1
-2
-2
-1
-1
-1
-1
-2
-2
-2
-2
-2
-3
-2
-2
-3
-2
-2
-2
-2
-2
-1
0
1
1
1
1
0
1
1
1
2
2
3
1
2
3
3
2
2
3
2
3
3
2
2
3
2
2
2
1
1
1
3
2
1
1
1
1
1
1
1
1
1
1
1
2
0
1
0
0
-1
0
1
0
-1
0
-1
-1
-2
-2
-2
-2
-2
-2
-1
-1
0
-1
-1
-2
-1
-1
-1
0
0
0
0
0
0
-1
-1
-1
-2
-1
-2
-2
-1
0
0
1
0
2
2
0
0
-1
-1
0
0
0
0
0
-1
-1
0
-1
-2
-2
-1
-2
-1
-1
0
0
0
-1
-1
-1
0
0
-1
-1
0
0
0
1
-1
0
-1
0
0
0
0
1
2
2
1
1
0
0
-1
0
0
-1
0
0
-1
-1
0
-1
0
-1
0
-1
0
2
1
0
2
1
1
1
0
-1
1
0
1
1
1
1
0
0
1
1
1
2
2
2
2
1
1
1
2
2
2
2
1
3
2
2
2
2
2
3
3
3
2
2
2
2
1
1
1
0
0
-1
-1
0
0
-1
-2
-2
-2
-2
-3
-2
-1
-2
-2
-1
-2
-1
-1
-2
-1
-1
-2
-1
0
1
0
0
-2
-2
-2
-2
-2
-1
-1
0
-1
-2
-2
-2
-2
-2
-1
0
-1
0
0
-1
0
0
0
1
0
0
1
1
0
2
2
3
1
1
1
2
1
1
1
2
1
1
2
2
2
2
2
2
1
0
0
-1
0
0
0
0
0
-1
-1
-1
-2
-3
-4
-3
-3
-2
-1
-1
-2
-2
-3
-2
-2
-2
-2
-1
-2
-2
0
0
-1
0
0
0
0
0
0
-1
0
0
0
0
1
1
1
1
0
1
2
1
2
2
2
2
2
3
3
2
2
2
3
2
2
3
2
2
3
1
2
1
1
1
1
1
0
0
0
-2
1
1
-1
-1
-1
0
0
-1
0
0
0
0
-1
0
-1
-1
0
-1
0
0
1
0
1
-1
1
0
-1
-1
-1
-1
-1
-1
-1
0
1
0
0
-2
-2
-1
0
-1
-1
-2
-1
-1
-1
0
0
1
-2
-1
-1
-1
-1
-1
0
0
0
1
0
0
-1
-1
-2
-1
-1
-1
-2
-2
-1
-1
-1
-1
-1
0
1
1
1
2
1
1
1
2
2
2
0
0
1
0
0
0
0
-1
0
1
-1
-1
0
0
-1
0
-1
0
1
0
1
1
-1
-2
-1
-1
-1
0
-1
-1
-1
-1
0
1
0
0
-1
-1
1
0
2
1
0
1
0
0
1
2
1
0
1
2
1
1
0
0
0
1
1
0
2
2
1
1
1
1
0
1
-1
0
-1
-1
-1
-1
0
-1
-1
-2
-2
-1
-1
-1
-2
-1
0
-1
-1
-1
-1
-1
-1
0
0
-1
-1
-2
-2
-1
-1
0
0
1
1
1
1
1
0
0
0
1
2
2
1
2
2
1
2
1
1
1
1
3
2
3
3
2
3
2
1
1
2
1
2
3
2
1
2
1
0
-1
-1
-1
-1
0
-1
-1
0
0
0
1
-1
-1
0
-1
0
0
0
-1
-1
-1
0
-2
-1
-1
-2
-1
-2
-2
-1
-1
-1
-1
0
-2
-3
-2
-1
-3
-2
-3
0
-1
-1
-2
-2
-1
-2
-1
-1
-2
-1
-1
-2
-2
-1
-1
-2
-1
-1
-2
-1
0
-1
0
1
1
1
0
-1
0
0
-1
0
0
0
0
0
0
1
0
-1
0
1
0
1
1
-1
3
1
1
1
1
2
1
0
0
1
0
0
0
0
1
0
1
1
1
1
1
0
0
0
0
0
0
-1
1
2
1
2
1
1
2
1
1
1
2
1
2
1
2
2
2
3
2
2
2
3
3
2
3
3
3
1
3
2
2
2
1
1
0
0
0
0
1
-1
-1
0
-1
-1
-1
1
0
2
1
1
1
0
1
0
0
1
0
1
0
-1
-2
-3
-1
-2
-1
-1
-2
-1
-2
-1
-1
-1
-1
-1
-2
-3
-4
-2
-3
-2
-4
-4
-4
-3
-3
-3
-2
-2
-3
-2
-3
-2
-2
-2
-1
-2
-1
-1
-2
0
-2
-2
-2
-2
-1
-3
-1
-1
-1
0
-1
0
0
0
0
0
1
2
3
2
2
2
0
2
1
1
2
1
2
1
1
1
1
2
0
-1
1
1
0
2
1
2
1
0
-1
0
-1
0
0
1
1
0
1
1
0
0
2
1
1
1
2
3
2
0
1
0
0
1
1
0
1
-1
-1
0
0
1
2
1
1
2
1
1
1
3
2
3
3
2
3
2
1
1
1
1
0
1
0
0
1
0
0
-1
-1
-1
-1
-1
-1
-1
0
-1
-1
-1
-1
-1
0
0
0
1
1
-1
-1
0
0
-1
0
0
-1
-1
0
-1
-1
-2
-1
-2
-2
-1
-1
-2
0
0
-1
0
0
0
0
0
0
0
1
-1
0
0
0
1
1
0
0
1
1
1
2
2
2
2
1
1
1
1
1
1
0
1
0
-1
0
0
-1
-1
-2
-1
-1
-2
-3
-3
-4
-3
-4
-3
-3
-3
-4
-4
-4
-4
-4
-2
-3
-2
-3
-4
-3
-3
-3
-2
-1
-2
-2
-1
-1
-1
1
0
-1
-1
-1
-1
0
0
0
0
0
1
2
2
1
1
1
2
2
3
3
3
4
2
2
2
2
2
3
2
3
2
2
3
3
2
2
2
2
2
3
3
3
3
3
2
2
1
1
0
0
0
0
2
2
1
0
0
1
2
1
1
2
2
3
3
2
1
2
2
3
3
4
2
1
2
2
2
2
2
2
2
1
2
2
2
2
2
2
0
1
0
0
0
0
0
-1
-2
-1
-2
-2
-3
-3
-3
-4
-3
-4
-3
-4
-4
-3
-5
-3
-6
-6
-5
-5
-5
-5
-5
-6
-5
-4
-5
-5
-5
-5
-4
-4
-4
-4
-3
-3
-3
-3
-3
-3
-3
-2
-3
-2
-3
-1
-1
0
0
0
1
0
0
2
2
3
3
4
3
3
3
2
3
2
3
3
5
3
4
4
3
4
4
4
4
4
4
4
3
4
3
2
2
3
2
2
2
0
1
1
1
1
0
0
1
0
0
0
0
0
0
1
0
-1
0
1
0
0
-1
0
0
0
-1
-2
-1
-1
-1
-2
-1
-1
-1
-1
0
0
1
0
-1
0
0
0
1
2
1
1
2
2
2
2
2
0
1
0
1
2
1
0
1
-1
-1
-3
-2
-2
-2
-2
-1
-1
-1
-1
-2
-2
-2
-2
-2
-2
-2
-1
0
0
0
0
0
-1
-1
-1
-2
0
0
1
2
2
1
1
1
1
1
1
2
1
2
3
2
3
3
3
2
2
3
2
3
3
3
1
1
2
1
1
-1
0
1
0
0
1
0
0
-1
-2
-2
-2
-3
-2
-2
-2
-3
-3
-2
-2
-3
-3
-4
-3
-4
-5
-5
-7
-6
-6
-5
-5
-5
-6
-6
-6
-6
-5
-5
-5
-4
-4
-4
-5
-3
-2
-3
-2
-1
-2
-1
-1
1
1
1
2
2
2
1
2
2
2
3
3
5
5
5
5
5
5
5
4
4
4
4
5
6
5
5
4
6
7
7
6
6
7
6
6
7
7
7
6
6
5
3
4
3
3
3
3
3
3
3
2
2
1
1
1
0
-1
0
-1
-1
-1
-3
-2
-3
-3
-3
-3
-3
-4
-3
-3
-3
-3
-2
-3
-2
-3
-3
-3
-4
-3
-3
-3
-4
-4
-4
-4
-5
-5
-5
-5
-4
-6
-4
-6
-5
-4
-4
-4
-4
-3
-3
-4
-3
-3
-3
-4
-3
-3
-3
-5
-4
-5
-4
-4
-2
-1
-2
-1
-1
-1
-1
0
1
1
1
3
2
1
3
3
2
3
3
2
3
3
3
2
2
3
3
4
5
6
5
5
5
5
4
5
5
4
5
4
5
7
5
5
6
4
4
5
4
3
2
3
2
3
4
3
3
2
2
0
1
0
0
-1
-2
-2
-1
-1
-3
-1
-2
-2
-2
-3
-4
-4
-3
-3
-3
-4
-2
-4
-4
-3
-3
-2
-2
-3
-2
-3
-3
-2
-3
-1
-3
-4
-2
-3
-2
-1
-2
-1
-3
-2
0
0
-1
-2
-2
-2
-2
-2
-2
-2
-3
-2
-2
-2
-2
-3
-2
-3
-2
-1
-2
0
0
-2
0
0
1
1
0
2
2
3
3
1
3
2
4
5
5
5
6
6
7
8
7
9
8
8
7
7
7
7
7
7
8
7
7
5
5
5
5
4
3
3
4
3
2
2
1
1
0
0
-1
-2
-2
-2
-3
-4
-4
-6
-6
-6
-7
-6
-7
-6
-6
-8
-7
-7
-8
-8
-8
-8
-7
-8
-8
-8
-7
-8
-8
-8
-8
-7
-8
-7
-7
-7
-7
-6
-6
-5
-5
-5
-5
-3
-3
-3
-1
-1
-1
-1
0
-1
1
2
2
3
2
4
3
4
3
4
3
4
4
4
4
4
4
5
5
4
4
4
3
3
3
2
2
1
1
2
2
3
2
2
2
2
4
4
5
5
6
6
7
7
7
8
7
7
6
7
7
7
7
8
8
7
6
5
5
7
5
6
6
6
5
5
5
5
4
3
3
1
1
0
2
0
-1
0
-2
-1
-2
-3
-3
-3
-3
-4
-5
-6
-6
-7
-6
-7
-9
-9
-9
-11
-10
-11
-10
-11
-12
-11
-11
-10
-10
-9
-8
-8
-8
-8
-7
-6
-6
-5
-5
-4
-3
-4
-4
-3
-2
-3
-3
-3
-3
-2
-2
-3
-3
-4
-4
-4
-4
-4
-5
-4
-5
-4
-4
-2
-2
-2
-1
-1
0
0
1
3
3
4
6
7
8
9
9
9
10
11
13
13
13
15
16
18
18
19
20
20
19
21
19
20
18
17
16
14
12
12
10
7
6
4
5
2
-1
-2
-4
-4
-4
-4
-6
-7
-7
-8
-9
-9
-11
-11
-11
-12
-11
-12
-11
-11
-11
-11
-10
-12
-10
-11
-11
-10
-9
-9
-8
-8
-7
-6
-7
-6
-6
-6
-7
-6
-5
-5
-6
-6
-5
-4
-4
-5
-4
-5
-4
-3
-3
-4
-3
-3
-4
-3
-2
-1
-2
-2
-3
-4
-5
-5
-6
-6
-7
-6
-7
-6
-5
-6
-5
-5
-2
0
1
3
3
4
6
6
8
8
9
12
14
18
20
22
25
27
29
30
29
28
27
27
26
26
26
27
24
24
20
17
16
14
12
10
8
7
4
2
1
-1
-4
-4
-7
-9
-12
-14
-13
-14
-14
-15
-15
-17
-17
-18
-18
-17
-17
-18
-19
-19
-19
-19
-18
-17
-17
-17
-14
-14
-12
-12
-11
-10
-13
-13
-14
-15
-14
-13
-13
-13
-15
-15
-15
-15
-15
-13
-13
-11
-11
-9
-6
-5
-4
-4
-4
-5
-3
-2
-2
-2
-3
-5
-7
-10
-12
-13
-17
-18
-19
-18
-20
-20
-20
-17
-16
-14
-9
-3
4
10
17
27
34
44
53
61
67
73
82
87
89
90
92
93
92
90
89
82
77
70
65
58
49
40
31
20
12
3
-7
-17
-26
-34
-41
-45
-47
-51
-55
-58
-59
-59
-57
-55
-51
-51
-49
-49
-47
-44
-41
-39
-39
-36
-38
-37
-35
-35
-32
-30
-29
-28
-23
-21
-20
-19
-20
-19
-18
-16
-16
-11
-8
-6
-4
-5
-5
-5
-7
-7
-2
-1
0
1
3
5
8
10
7
4
0
-6
-11
-22
-40
-58
-77
-89
-99
-108
-113
-109
-96
-76
-52
-25
6
34
61
89
113
133
144
158
164
164
161
155
147
136
131
130
130
133
132
130
129
123
116
103
89
69
38
9
-14
-42
-65
-90
-101
-104
-103
-97
-92
-83
-75
-69
-59
-50
-44
-43
-46
-45
-47
-48
-50
-50
-49
-44
-31
-23
-18
-8
1
2
3
-3
-9
-13
-23
-27
-29
-29
-31
-38
-41
-39
-33
-28
-26
-26
-22
-15
-15
-18
-19
-23
-27
-29
-24
-25
-25
-23
-19
-14
-3
3
9
21
21
29
30
30
30
22
0
-47
-100
-155
-196
-222
-256
-287
-307
-277
-225
-158
-100
-40
28
87
154
214
276
315
336
338
339
331
306
281
249
228
218
214
221
227
243
255
278
294
300
288
256
217
154
93
20
-68
-161
-244
-317
-360
-384
-395
-387
-349
-285
-218
-156
-92
-38
-2
27
46
65
63
35
-7
-41
-48
-66
-81
-97
-99
-92
-86
-68
-48
-29
-12
-2
9
20
39
50
42
29
28
28
22
14
-3
-15
-24
-38
-50
-66
-76
-92
-108
-115
-113
-111
-117
-107
-95
-73
-51
-43
-33
-27
-6
12
25
40
57
78
100
126
143
144
106
-10
-171
-301
-367
-400
-483
-596
-645
-576
-428
-289
-172
-58
77
199
322
471
583
629
602
576
548
498
422
340
286
211
218
233
284
325
353
414
434
484
508
489
394
267
167
69
-70
-269
-434
-536
-564
-587
-577
-519
-429
-283
-148
20
124
182
205
174
147
98
61
-35
-147
-253
-313
-341
-345
-336
-305
-232
-211
-127
-29
65
120
121
163
200
235
226
224
221
210
212
207
215
159
93
24
-37
-68
-127
-156
-221
-275
-302
-300
-283
-285
-253
-217
-155
-119
-72
-21
-9
15
52
137
183
199
224
234
262
258
235
146
-99
-458
-766
-950
-1000
-1116
-1334
-1438
-1314
-954
-601
-340
-92
139
374
559
772
940
976
917
795
714
676
600
473
355
269
298
373
473
590
650
718
731
755
757
663
484
220
10
-121
-281
-468
-651
-762
-776
-703
-584
-454
-303
-148
1
167
295
359
345
244
113
47
-3
-77
-213
-361
-411
-412
-361
-304
-227
-201
-151
-76
16
159
250
271
275
330
422
510
547
516
465
424
395
323
216
68
-90
-241
-356
-412
-475
-514
-588
-613
-558
-478
-397
-353
-304
-269
-216
-151
-99
-74
-85
-57
-3
88
178
267
336
388
423
424
410
248
-119
-609
-973
-1133
-1187
-1363
-1613
-1656
-1406
-928
-542
-180
126
426
676
867
1098
1191
1181
965
785
661
584
511
396
355
340
441
571
733
886
918
904
793
753
668
487
188
-151
-345
-509
-585
-691
-718
-708
-622
-497
-306
-72
5
92
90
136
168
130
83
-101
-187
-246
-214
-194
-207
-228
-259
-189
-116
31
76
75
30
31
155
269
411
403
440
487
582
714
711
632
444
322
176
15
-184
-406
-598
-790
-860
-874
-814
-770
-736
-679
-601
-456
-317
-221
-232
-248
-213
-163
-90
-52
-9
52
144
307
433
541
576
559
536
495
344
4
-562
-1144
-1466
-1541
-1585
-1820
-1895
-1678
-1140
-533
-77
374
673
924
1015
1135
1211
1164
995
734
569
473
500
508
542
606
702
882
989
1115
1106
984
738
446
283
23
-258
-581
-756
-790
-743
-655
-472
-290
-186
0
117
266
212
140
57
-142
-202
-297
-248
-277
-311
-215
-54
185
239
278
229
185
120
115
147
78
31
-24
114
280
516
713
751
803
827
917
805
577
285
-28
-296
-583
-757
-898
-976
-1079
-1036
-886
-707
-510
-407
-344
-349
-291
-224
-194
-245
-338
-344
-295
-198
-89
77
190
285
410
517
589
552
473
327
177
-100
-705
-1409
-1925
-2005
-1869
-1926
-2011
-1784
-1134
-316
307
792
1119
1267
1245
1176
1177
1074
833
543
385
375
464
604
761
884
959
1029
1076
1058
953
674
311
-66
-269
-427
-560
-681
-712
-539
-351
-93
131
297
329
289
275
204
42
-224
-419
-543
-597
-560
-441
-269
-184
-34
184
446
521
410
257
63
-17
-96
-31
51
105
201
369
646
948
1161
1134
974
749
584
419
101
-275
-624
-839
-960
-945
-866
-826
-804
-774
-630
-461
-307
-254
-277
-305
-299
-222
-121
-8
12
29
64
161
268
311
285
220
195
173
150
69
-27
-181
-297
-524
-999
-1621
-2088
-2077
-1805
-1703
-1677
-1376
-676
167
808
1289
1586
1640
1478
1281
1223
1125
903
592
383
345
391
516
606
630
603
551
538
518
419
199
-127
-384
-425
-346
-287
-249
-152
66
255
452
630
724
522
125
-119
-272
-328
-519
-673
-704
-670
-455
-233
9
45
-23
-34
21
125
93
24
-69
-68
38
266
487
614
659
657
746
814
882
752
450
158
-16
-27
-95
-213
-421
-630
-745
-729
-633
-638
-768
-924
-906
-714
-446
-233
-82
29
96
238
382
496
452
256
27
-95
-54
-44
-70
-228
-277
-267
-256
-240
-280
-300
-638
-1268
-1944
-2267
-2109
-1810
-1708
-1593
-1070
-161
839
1544
2069
2318
2211
1851
1485
1355
1078
687
250
47
91
167
296
371
457
413
269
140
49
-40
-196
-425
-571
-355
-38
280
468
659
944
1108
1149
1008
805
457
56
-357
-714
-871
-932
-898
-967
-894
-651
-440
-313
-381
-317
-272
-262
-277
-181
32
131
282
533
879
1060
989
802
652
572
429
249
12
-110
-161
-129
-70
-33
55
-94
-362
-617
-760
-826
-926
-1003
-1006
-872
-595
-186
259
582
694
714
715
657
525
298
76
-110
-249
-263
-117
23
47
-5
-107
-166
-269
-419
-838
-1511
-2335
-2730
-2515
-1899
-1483
-1182
-646
214
1200
1903
2362
2450
2084
1491
1049
996
972
781
443
293
346
403
381
253
11
-377
-781
-992
-914
-694
-568
-528
-280
324
980
1371
1441
1373
1261
1009
686
375
154
-224
-563
-757
-593
-344
-287
-355
-618
-862
-1104
-1171
-1266
-1390
-1387
-1121
-519
101
681
1065
1279
1361
1276
1160
906
558
78
-244
-223
86
449
607
587
498
446
307
18
-353
-825
-1217
-1418
-1311
-964
-585
-259
8
271
477
571
553
388
151
-53
-101
106
371
639
778
854
892
824
572
196
-304
-765
-1133
-1330
-1360
-1495
-1953
-2398
-2431
-1884
-1214
-974
-796
-468
132
699
1128
1503
1617
1461
1175
1181
1515
1790
1786
1481
1162
762
268
-269
-695
-1062
-1454
-1656
-1458
-854
-196
273
586
882
1163
1289
1260
1096
908
654
463
456
555
576
489
341
233
5
-295
-661
-1198
-1648
-1955
-1970
-1885
-1688
-1271
-748
-136
378
732
842
722
492
202
93
198
389
537
667
911
1231
1471
1387
979
396
-245
-782
-1113
-1193
-1155
-1050
-844
-494
-41
287
312
96
-240
-575
-786
-805
-615
-329
26
453
1016
1517
1809
1755
1437
964
471
-24
-432
-742
-878
-945
-835
-648
-636
-1097
-1908
-2360
-2266
-1814
-1644
-1457
-1027
-276
507
1088
1623
1876
1672
1162
806
944
1220
1380
1261
1083
868
570
266
-131
-569
-1125
-1560
-1666
-1303
-684
-122
349
709
1037
1232
1338
1299
1180
901
646
603
752
849
738
535
278
17
-346
-742
-1197
-1602
-1857
-1881
-1675
-1335
-950
-614
-295
-11
115
113
-37
-220
-419
-377
23
558
1010
1230
1404
1556
1628
1431
939
330
-252
-637
-799
-716
-483
-288
-230
-214
-175
-159
-289
-568
-871
-1075
-1094
-798
-355
131
474
708
941
1209
1368
1267
1021
744
541
299
165
40
16
-147
-284
-536
-949
-1727
-2443
-2607
-2214
-1661
-1382
-963
-406
276
665
834
990
982
699
307
300
897
1532
1828
1734
1546
1184
475
-319
-910
-1194
-1449
-1604
-1361
-580
224
610
654
595
520
278
69
109
377
634
927
1354
1730
1926
1716
1229
468
-272
-842
-1320
-1517
-1541
-1347
-1096
-806
-469
-315
-402
-592
-777
-929
-1044
-1080
-925
-609
-148
354
746
1000
1053
1028
976
898
791
663
591
504
440
353
313
166
-96
-395
-629
-740
-796
-809
-791
-768
-712
-624
-523
-333
-112
92
209
392
633
911
1056
1075
978
841
688
399
206
-11
-32
-240
-541
-1172
-1769
-1955
-1662
-1152
-971
-710
-447
-88
15
34
187
379
422
329
387
810
1335
1622
1545
1228
698
27
-620
-924
-814
-583
-374
-190
160
454
566
416
116
-195
-469
-548
-285
271
790
1105
1256
1392
1428
1219
773
358
74
-118
-228
-272
-203
-210
-364
-676
-958
-1027
-1036
-1022
-994
-925
-828
-841
-802
-740
-626
-535
-479
-349
-124
154
448
757
1036
1201
1193
1051
874
760
634
503
332
215
125
-38
-241
-512
-748
-931
-1061
-1099
-1002
-736
-439
-144
36
204
334
467
586
619
579
573
578
595
531
477
406
211
-322
-1121
-1499
-1277
-614
-319
-243
-133
114
116
-266
-497
-452
-327
-363
-287
246
926
1331
1242
1000
751
232
-426
-892
-695
-223
185
408
638
831
631
123
-352
-485
-445
-419
-361
-97
303
610
660
501
279
175
80
90
319
718
1031
1018
835
623
346
-80
-591
-919
-1005
-879
-683
-572
-553
-665
-970
-1355
-1537
-1429
-1122
-811
-485
-104
249
512
594
649
713
724
680
721
983
1258
1346
1179
845
465
39
-310
-545
-622
-646
-661
-658
-573
-516
-552
-607
-632
-582
-505
-252
95
482
723
793
717
557
421
300
92
-321
-937
-1158
-799
16
460
452
302
274
261
-38
-265
-285
-141
-122
-153
141
515
672
447
203
40
-195
-423
-479
-105
339
571
528
425
394
124
-236
-483
-310
-10
243
371
484
497
251
-145
-496
-443
-315
-131
34
457
896
1014
871
516
326
161
21
-32
19
254
267
108
-200
-503
-820
-1266
-1568
-1655
-1348
-957
-743
-662
-618
-471
-435
-358
-203
111
475
720
943
1135
1204
1073
832
620
473
395
372
361
362
270
52
-204
-433
-659
-863
-909
-804
-630
-511
-414
-293
-291
-302
-355
-282
-113
88
227
131
-134
-431
-405
-23
370
465
365
408
580
619
397
168
119
115
85
124
376
582
503
216
36
8
-140
-421
-518
-173
336
623
586
454
330
72
-204
-353
-166
67
164
121
139
253
204
-7
-263
-267
-81
143
226
306
507
581
433
97
-85
-94
-79
-53
19
244
341
224
-60
-382
-525
-619
-659
-762
-750
-668
-647
-705
-829
-828
-798
-768
-693
-444
-99
88
169
228
409
542
553
601
719
867
869
737
595
462
339
115
-58
-81
-30
-10
-151
-206
-220
-293
-507
-737
-739
-713
-703
-622
-355
-101
-98
-391
-650
-501
56
565
685
542
482
618
666
472
200
137
217
252
260
386
492
451
137
-169
-224
-144
-7
103
367
620
734
612
328
99
-124
-281
-388
-289
-16
173
211
144
82
-119
-417
-559
-413
-116
84
224
336
421
424
288
102
-35
-23
1
-29
-16
-23
-26
-173
-371
-549
-634
-599
-495
-302
-124
-47
-116
-265
-328
-326
-358
-406
-412
-349
-265
-215
-293
-371
-370
-303
-209
-55
167
402
534
467
326
263
297
348
355
371
459
527
512
385
255
104
-76
-267
-360
-309
-206
-104
-55
-7
36
43
-39
-115
-165
-135
-34
48
100
95
59
20
44
115
119
30
-147
-338
-434
-424
-367
-332
-257
-99
105
261
394
487
527
454
288
128
100
166
215
206
197
241
293
223
70
-49
-69
-16
32
96
236
423
515
524
456
374
251
165
121
124
179
174
129
47
-22
-128
-287
-480
-620
-661
-637
-574
-483
-377
-285
-239
-225
-160
-96
-83
-126
-230
-313
-382
-426
-409
-372
-329
-289
-187
-63
43
47
2
-29
-82
-67
-5
123
237
315
421
519
518
409
262
132
-4
-111
-178
-156
-101
-80
-71
-89
-139
-225
-267
-268
-299
-379
-439
-400
-272
-118
18
104
101
70
-1
-45
-7
62
107
112
157
238
370
446
481
503
575
638
633
578
541
546
523
465
363
248
128
-20
-130
-225
-255
-211
-127
-8
89
164
169
165
131
84
-5
-123
-183
-210
-206
-190
-110
-67
-118
-230
-313
-309
-272
-285
-360
-385
-390
-420
-446
-435
-342
-248
-170
-86
-20
6
-95
-240
-346
-333
-224
-106
-47
24
165
244
234
184
100
14
-53
-28
81
238
405
510
561
591
531
407
245
126
61
7
6
86
187
220
126
-30
-131
-143
-132
-183
-308
-466
-525
-486
-386
-312
-271
-276
-300
-314
-260
-103
-3
45
6
10
123
238
281
192
141
163
230
304
347
376
399
430
489
523
507
449
283
140
50
12
-18
-57
-77
-89
-32
33
71
46
7
22
56
62
-5
-85
-168
-197
-232
-269
-263
-238
-203
-243
-274
-265
-202
-156
-191
-289
-335
-296
-242
-202
-189
-200
-259
-410
-465
-461
-354
-200
-99
29
187
398
475
426
270
95
24
33
80
103
147
222
289
335
370
399
337
189
47
8
66
91
32
-90
-112
-60
-38
-97
-156
-124
-9
79
63
2
-93
-175
-259
-283
-256
-249
-276
-339
-329
-225
-55
28
61
139
212
287
245
207
170
176
167
151
225
291
337
327
320
346
320
229
143
176
249
270
223
181
150
93
26
-56
-67
-76
-72
-19
46
71
14
-57
-144
-157
-157
-181
-185
-193
-184
-217
-264
-281
-289
-300
-306
-256
-185
-127
-144
-179
-227
-320
-468
-632
-704
-660
-523
-356
-186
-60
35
95
129
144
149
168
235
306
327
312
290
306
308
270
249
272
330
342
344
367
363
285
132
47
40
29
-13
-111
-180
-128
19
171
220
160
92
93
138
172
132
26
-90
-158
-171
-162
-157
-194
-208
-183
-103
-60
-88
-144
-182
-133
-13
121
185
168
86
-27
-31
34
105
130
90
90
139
242
303
306
248
126
39
-31
-42
-65
-99
-130
-194
-228
-229
-187
-187
-238
-263
-263
-223
-205
-236
-297
-340
-327
-280
-168
-54
-13
-53
-110
-129
-111
-137
-190
-256
-274
-239
-203
-158
-120
-126
-152
-125
-56
32
79
125
208
318
397
438
461
451
449
462
507
536
524
475
419
393
387
390
346
269
182
100
37
-50
-151
-263
-367
-368
-250
-71
8
-12
-75
-92
-30
1
20
16
-2
-77
-129
-122
-79
-98
-187
-250
-259
-208
-179
-155
-154
-122
-80
-31
-4
-39
-102
-117
-40
106
200
178
95
80
152
228
281
279
245
174
128
144
130
93
-6
-104
-134
-128
-122
-196
-246
-284
-297
-280
-243
-190
-155
-116
-99
-63
-44
-54
-117
-185
-194
-162
-114
-91
-57
-35
-32
-49
-75
-122
-191
-203
-198
-149
-144
-159
-152
-114
-29
17
38
97
203
325
398
415
425
448
435
429
465
533
575
495
363
206
63
-37
-94
-74
-57
-83
-157
-230
-236
-213
-181
-184
-231
-288
-259
-163
-43
70
90
96
42
-11
-33
-50
-64
-80
-72
-34
19
33
19
-52
-85
-81
-40
-22
-54
-94
-71
-24
9
41
69
132
180
223
263
280
260
235
208
189
165
128
131
164
165
99
21
-74
-188
-278
-318
-288
-231
-162
-136
-144
-128
-119
-137
-185
-226
-245
-246
-220
-175
-153
-161
-166
-132
-80
-95
-159
-209
-203
-156
-172
-216
-240
-203
-146
-140
-132
-85
14
117
154
169
245
365
461
535
613
697
744
675
545
412
329
256
212
213
237
238
193
132
40
-35
-142
-247
-289
-291
-244
-211
-185
-149
-140
-136
-145
-126
-101
-113
-145
-202
-209
-168
-126
-100
-108
-86
-23
-9
-72
-131
-134
-109
-118
-123
-100
-43
20
34
40
37
14
-40
-75
-41
49
145
196
233
270
302
299
224
141
51
-15
-63
-127
-136
-98
-63
-74
-110
-143
-171
-168
-177
-166
-158
-154
-168
-193
-170
-126
-79
-51
-28
-29
-50
-60
-86
-131
-197
-228
-199
-115
-43
-33
-56
-74
-62
-63
-64
-59
-1
141
279
434
548
633
673
623
559
491
442
401
333
279
232
198
175
134
88
63
66
8
-84
-186
-273
-315
-380
-416
-403
-325
-261
-247
-255
-258
-210
-198
-208
-180
-117
-83
-123
-151
-116
-28
16
0
2
34
75
64
29
36
69
69
19
-55
-47
-1
42
70
88
106
63
28
66
178
278
301
309
333
375
371
322
269
178
62
-3
-12
-4
-47
-124
-194
-210
-225
-255
-262
-280
-274
-224
-153
-81
-53
-89
-185
-257
-272
-246
-184
-157
-131
-87
-79
-85
-124
-137
-147
-175
-184
-182
-117
-45
37
104
141
185
225
267
282
279
282
315
347
340
325
325
299
279
241
191
149
110
59
-13
-54
-81
-89
-115
-144
-147
-125
-166
-259
-331
-342
-292
-246
-218
-210
-179
-143
-96
-45
-30
-32
-63
-115
-122
-74
-17
-8
-40
-49
0
54
84
98
101
115
114
80
46
-3
-45
-45
19
125
217
268
281
287
302
304
291
293
300
274
268
247
224
180
112
29
-39
-78
-107
-145
-206
-226
-212
-207
-216
-220
-244
-273
-281
-311
-322
-304
-254
-197
-161
-128
-100
-54
-29
-39
-51
-44
-1
25
60
93
169
229
235
235
184
146
84
71
109
164
219
238
274
291
290
279
237
175
96
8
-45
-57
-65
-96
-123
-129
-89
-76
-104
-165
-193
-187
-204
-220
-256
-320
-375
-361
-304
-222
-172
-146
-131
-122
-121
-127
-142
-144
-148
-158
-138
-78
-16
8
22
25
23
13
-2
6
39
98
148
186
226
258
254
214
199
210
253
302
334
405
442
428
401
375
348
310
270
219
194
166
130
96
53
10
-63
-137
-208
-253
-297
-374
-418
-402
-353
-303
-284
-298
-313
-318
-295
-265
-224
-182
-144
-104
-38
19
66
86
91
94
86
61
32
29
25
28
53
98
144
181
221
243
276
280
253
193
136
92
39
-29
-89
-123
-128
-137
-149
-174
-196
-190
-166
-134
-124
-142
-158
-155
-144
-134
-155
-179
-173
-149
-109
-53
19
59
71
65
63
49
37
35
18
-17
-57
-57
-27
4
28
46
48
53
56
49
46
60
81
121
172
214
243
257
271
276
272
276
267
273
311
382
403
396
371
323
294
238
184
96
8
-83
-147
-176
-221
-236
-260
-296
-359
-386
-387
-375
-386
-394
-376
-361
-346
-331
-271
-215
-175
-147
-116
-75
-58
-52
-61
-65
-56
-54
-2
62
117
174
211
233
250
268
252
237
208
188
180
154
119
77
24
-34
-84
-109
-125
-141
-158
-162
-157
-156
-165
-176
-153
-139
-109
-83
-55
-37
-24
-9
-2
25
45
33
17
11
44
79
82
59
10
6
2
-14
-19
-33
-60
-99
-156
-177
-182
-162
-149
-112
-49
-13
4
27
66
106
149
182
217
272
339
391
451
484
489
482
448
401
363
335
305
239
177
141
103
38
-42
-116
-173
-237
-278
-302
-315
-317
-351
-377
-399
-388
-347
-301
-282
-284
-267
-234
-195
-162
-118
-84
-69
-40
-1
45
88
105
118
116
132
171
209
247
272
280
270
240
202
142
68
-4
-44
-32
-26
-46
-90
-107
-126
-146
-204
-231
-238
-250
-248
-233
-177
-116
-67
-29
23
71
88
60
21
14
3
-20
-35
-30
-12
14
28
46
74
81
54
-8
-57
-91
-130
-146
-133
-110
-87
-102
-109
-110
-77
-42
10
72
117
171
221
265
293
328
349
375
395
402
428
427
401
352
300
256
221
177
119
73
16
-29
-57
-97
-138
-184
-241
-299
-335
-340
-330
-327
-338
-331
-320
-300
-280
-249
-193
-159
-147
-154
-139
-108
-84
-72
-57
-18
18
69
123
156
182
188
184
171
149
125
103
86
58
43
35
32
7
-19
-38
-50
-62
-80
-105
-128
-141
-152
-146
-117
-70
-31
0
16
29
41
27
8
10
35
44
58
68
78
65
33
15
-4
-21
-34
-33
-29
-11
-16
-6
-19
-60
-126
-170
-166
-128
-101
-82
-52
-16
12
24
51
84
128
175
218
254
282
281
276
248
227
227
237
258
256
264
256
229
192
138
89
38
-8
-28
-55
-90
-125
-157
-195
-215
-218
-229
-225
-218
-194
-158
-122
-117
-128
-143
-147
-134
-106
-70
-50
-21
-3
0
7
27
49
65
55
56
76
81
75
50
25
2
-11
-25
-21
-27
-34
-36
-50
-89
-98
-86
-82
-50
-20
3
10
3
-27
-46
-62
-57
-50
-39
-32
-7
19
51
43
9
-13
-43
-42
-45
-49
-61
-65
-67
-76
-82
-98
-109
-139
-150
-128
-97
-74
-97
-103
-106
-95
-68
-44
-6
39
66
97
111
116
120
104
89
104
163
221
262
278
282
291
290
268
235
228
222
218
188
147
109
46
-7
-36
-39
-46
-44
-48
-57
-48
-66
-74
-91
-108
-115
-111
-82
-54
-26
-22
-28
-34
-40
-40
-51
-55
-54
-46
-24
-10
-23
-34
-14
9
23
12
-14
-30
-48
-68
-63
-47
-37
-42
-39
-22
11
42
20
1
-7
-6
-6
3
6
6
0
-5
-7
-7
2
5
-4
-20
-13
13
35
37
20
0
-15
-26
-59
-74
-71
-60
-43
-44
-53
-79
-98
-104
-108
-108
-110
-96
-93
-89
-77
-79
-91
-92
-78
-59
-34
-11
23
29
21
29
49
62
80
116
170
230
259
264
242
212
176
150
122
99
101
100
88
73
61
47
8
-44
-64
-83
-81
-71
-47
-29
-35
-21
-13
-1
5
-10
-32
-42
-37
-39
-52
-64
-62
-42
-26
-3
14
24
28
18
5
0
-3
-5
-4
4
15
41
59
70
62
50
45
30
17
22
31
22
5
-14
-26
-31
-25
-21
-32
-45
-58
-55
-67
-92
-101
-98
-90
-89
-94
-93
-87
-73
-78
-68
-62
-66
-71
-80
-95
-109
-130
-149
-144
-158
-151
-146
-135
-121
-95
-76
-63
-44
-36
-33
-38
-19
-2
20
41
63
109
136
162
174
175
186
196
190
205
245
284
308
312
302
281
246
197
170
141
117
96
85
90
88
98
81
73
55
50
54
34
25
15
5
-19
-51
-60
-68
-84
-94
-97
-81
-65
-71
-83
-98
-95
-90
-102
-113
-124
-120
-95
-79
-70
-64
-58
-57
-51
-37
-33
-37
-51
-81
-88
-90
-91
-79
-85
-78
-40
-26
-16
-13
-19
-29
-42
-53
-48
-40
-52
-57
-49
-35
-24
-19
-11
-11
-9
-26
-64
-96
-130
-159
-186
-193
-190
-181
-162
-129
-103
-88
-86
-90
-80
-62
-50
-47
-39
-20
-1
3
7
16
21
26
30
63
109
151
183
217
238
251
250
257
259
254
261
254
248
237
218
203
173
164
148
134
144
155
174
165
155
140
109
84
56
25
2
1
16
36
51
32
23
-4
-17
-26
-45
-64
-91
-116
-134
-127
-115
-114
-120
-117
-106
-85
-74
-70
-80
-83
-93
-98
-97
-95
-84
-84
-75
-54
-36
-16
-13
-17
-23
-28
-38
-44
-63
-74
-81
-76
-67
-60
-61
-64
-67
-64
-63
-81
-97
-122
-140
-157
-172
-175
-176
-170
-159
-159
-137
-104
-81
-80
-78
-73
-53
-45
-50
-50
-40
-29
-35
-29
-20
-3
8
13
32
45
63
73
96
127
166
198
229
256
270
275
266
259
260
252
243
256
271
282
293
291
261
239
213
179
147
130
111
105
91
90
96
71
40
16
1
-13
-42
-70
-97
-113
-131
-146
-139
-135
-144
-153
-164
-161
-154
-147
-131
-136
-143
-157
-156
-139
-140
-152
-153
-154
-146
-114
-86
-61
-32
-23
-8
-2
5
6
-15
-21
-49
-61
-48
-51
-47
-49
-55
-65
-94
-99
-109
-129
-137
-145
-136
-107
-94
-82
-57
-35
-17
-25
-34
-33
-24
-21
-26
-18
-11
-9
-8
-2
8
-4
-29
-41
-49
-68
-70
-73
-68
-37
2
47
79
123
155
175
204
225
248
263
274
289
313
323
323
322
316
302
278
244
211
178
162
143
127
127
120
115
91
79
75
59
50
38
24
7
4
-14
-23
-38
-56
-69
-92
-112
-118
-118
-124
-135
-143
-148
-158
-169
-178
-189
-198
-203
-190
-166
-124
-80
-71
-48
-36
-33
-18
-29
-20
-23
-13
-26
-34
-18
-23
-32
-51
-61
-76
-85
-120
-142
-151
-150
-151
-139
-132
-117
-106
-100
-79
-74
-67
-74
-76
-86
-87
-84
-83
-71
-73
-66
-62
-51
-66
-83
-109
-142
-156
-167
-157
-154
-131
-101
-74
-54
-23
8
37
63
84
123
174
224
257
293
309
318
319
329
328
320
306
295
287
273
260
243
218
191
156
135
121
121
136
145
156
150
146
151
141
123
104
75
40
24
19
29
11
-9
-31
-67
-86
-102
-118
-127
-136
-152
-161
-136
-109
-94
-95
-89
-79
-82
-63
-56
-53
-45
-45
-43
-34
-27
-28
-37
-47
-46
-47
-50
-71
-83
-99
-110
-120
-133
-121
-133
-154
-152
-151
-160
-160
-155
-150
-145
-140
-128
-116
-101
-91
-100
-102
-83
-84
-84
-91
-95
-98
-112
-115
-112
-97
-91
-105
-103
-93
-79
-71
-59
-33
-4
41
70
98
123
145
146
153
176
197
223
239
252
267
276
280
269
248
223
205
190
195
208
202
210
215
216
218
205
190
183
169
158
142
121
112
101
79
53
21
-10
-38
-71
-87
-109
-131
-138
-157
-174
-174
-180
-184
-180
-185
-176
-165
-150
-134
-123
-123
-118
-106
-87
-65
-65
-57
-47
-46
-42
-45
-38
-55
-83
-75
-70
-66
-63
-58
-56
-57
-65
-80
-83
-87
-82
-86
-74
-45
-25
-12
-11
0
5
-1
-15
-17
-24
-39
-48
-48
-46
-52
-70
-85
-97
-97
-94
-93
-91
-88
-67
-48
-29
-22
-10
-4
-15
-10
-2
32
64
85
113
132
145
152
155
157
165
173
182
189
198
211
210
220
218
200
190
180
177
172
183
187
186
183
167
158
137
121
107
101
100
100
87
60
37
14
-10
-28
-46
-58
-68
-76
-88
-105
-105
-119
-133
-145
-140
-122
-108
-98
-95
-87
-82
-95
-113
-124
-132
-122
-117
-106
-90
-79
-75
-80
-91
-103
-116
-125
-136
-131
-112
-103
-88
-77
-65
-66
-62
-56
-67
-72
-70
-60
-57
-61
-61
-70
-84
-101
-110
-112
-118
-122
-116
-108
-88
-73
-59
-63
-53
-52
-44
-45
-48
-28
-15
1
10
27
40
58
58
58
62
81
103
111
127
147
171
191
207
212
207
211
212
217
229
235
233
232
215
200
195
192
192
198
202
194
187
176
167
144
127
101
80
67
58
60
52
27
-9
-48
-82
-102
-121
-125
-123
-113
-110
-120
-117
-112
-119
-126
-135
-131
-121
-118
-107
-108
-113
-111
-117
-115
-117
-138
-139
-132
-117
-102
-93
-88
-76
-71
-68
-57
-38
-26
-21
-13
-3
2
-6
-15
-29
-38
-41
-52
-53
-41
-31
-33
-35
-26
-23
-23
-39
-48
-50
-56
-58
-65
-66
-63
-63
-67
-77
-79
-79
-85
-80
-80
-71
-54
-42
-15
12
25
20
38
46
62
76
83
98
94
96
100
110
122
121
118
130
154
181
187
185
180
171
178
179
186
183
179
181
175
179
182
167
146
112
86
65
48
35
38
30
22
14
7
11
-2
-16
-28
-34
-35
-40
-45
-49
-63
-73
-82
-93
-108
-122
-135
-145
-142
-140
-146
-143
-121
-116
-120
-115
-106
-95
-99
-109
-102
-81
-77
-79
-85
-91
-91
-100
-104
-106
-104
-94
-86
-75
-73
-65
-68
-72
-73
-74
-78
-80
-75
-75
-68
-69
-68
-64
-67
-59
-58
-49
-43
-34
-27
-24
-3
19
37
54
70
80
100
107
115
122
122
106
102
100
116
126
135
147
148
153
151
160
163
154
153
157
158
166
164
156
156
166
157
148
138
130
117
104
96
90
91
91
91
82
71
62
52
38
34
11
-4
-30
-50
-55
-57
-72
-92
-102
-110
-116
-121
-125
-134
-130
-132
-150
-147
-139
-150
-148
-136
-116
-116
-102
-98
-90
-82
-79
-84
-80
-76
-87
-85
-74
-49
-44
-40
-25
-19
-14
-15
-16
-21
-27
-32
-48
-56
-56
-68
-71
-61
-68
-70
-64
-66
-72
-79
-89
-88
-83
-78
-64
-48
-27
-7
10
20
29
30
35
48
58
59
61
57
60
61
63
70
74
70
76
91
93
100
97
98
103
100
108
114
117
115
112
105
97
93
94
103
105
100
102
107
105
105
98
106
103
102
91
80
66
43
27
-1
-19
-39
-46
-46
-60
-68
-69
-64
-58
-62
-59
-60
-63
-61
-53
-38
-25
-15
-23
-16
-16
-26
-30
-36
-29
-37
-40
-30
-28
-25
-21
-22
-19
-12
-22
-24
-23
-31
-40
-42
-45
-47
-50
-55
-61
-70
-79
-85
-87
-99
-100
-102
-106
-109
-111
-101
-90
-84
-79
-78
-61
-51
-41
-31
-19
-21
-10
-5
0
5
7
4
-5
-1
-3
15
20
25
24
4
9
22
31
40
43
54
59
71
77
85
94
98
103
102
109
113
107
106
110
113
116
124
127
130
118
102
90
71
52
36
25
14
19
15
11
-2
-12
-17
-20
-21
-20
-29
-35
-28
-27
-30
-23
-20
-7
-5
-6
-19
-25
-34
-46
-56
-52
-41
-25
-7
-2
8
18
17
16
12
8
9
0
-4
-9
-3
-10
-22
-39
-53
-54
-54
-59
-61
-65
-80
-80
-87
-97
-102
-101
-105
-105
-95
-82
-72
-67
-66
-63
-55
-53
-50
-48
-45
-46
-37
-33
-23
-12
-2
6
0
4
13
7
10
5
-8
7
15
24
30
26
29
29
31
39
42
50
53
64
73
79
85
93
105
102
95
74
63
57
45
37
36
43
45
45
38
45
43
47
44
36
31
30
34
35
38
38
43
53
60
66
64
55
47
40
22
16
3
-12
-10
-5
1
8
18
20
21
24
21
31
38
34
39
44
44
42
25
21
10
1
4
-8
-11
-21
-31
-36
-51
-72
-91
-99
-107
-105
-101
-99
-101
-104
-106
-114
-111
-108
-109
-111
-103
-94
-84
-81
-80
-77
-69
-67
-67
-65
-65
-65
-68
-66
-61
-59
-60
-53
-45
-40
-33
-33
-32
-29
-38
-30
-17
5
23
32
52
62
68
70
63
67
61
58
56
49
56
52
54
52
58
65
69
62
57
49
52
59
56
58
55
52
56
68
72
79
77
70
60
45
37
38
32
26
14
8
2
-3
-6
-14
-16
-19
-10
1
9
26
36
46
50
50
48
48
47
51
49
53
51
47
34
18
1
-6
-11
-25
-35
-39
-47
-50
-57
-65
-59
-57
-51
-43
-41
-46
-42
-40
-36
-31
-19
-9
-8
-6
-9
-12
-11
-24
-37
-36
-49
-54
-61
-64
-53
-54
-52
-49
-43
-41
-38
-32
-23
-9
-5
4
18
22
23
29
28
18
14
15
15
11
15
13
7
13
8
11
18
14
8
5
0
0
-5
-8
-5
-4
-7
-5
-3
0
-11
-15
-15
-15
-15
-16
-17
-22
-33
-34
-34
-50
-53
-47
-37
-35
-20
-8
0
9
5
10
20
21
27
39
48
59
63
66
79
80
82
82
76
82
75
67
61
49
46
47
39
28
27
20
13
9
5
-4
-6
-5
0
10
17
19
21
17
12
12
0
-5
-20
-30
-38
-44
-40
-41
-49
-59
-68
-73
-70
-70
-70
-63
-60
-56
-48
-49
-47
-38
-38
-42
-33
-43
-42
-36
-38
-38
-36
-28
-30
-21
-11
-4
9
11
15
29
22
19
20
14
27
30
27
26
28
28
31
34
33
39
43
49
52
49
42
28
17
15
10
15
18
11
12
1
-5
-10
-12
-12
-16
-14
-3
2
12
21
22
30
36
41
35
39
47
51
46
46
37
28
32
26
21
11
4
-5
-5
-10
-13
-13
-9
-5
-2
3
11
13
7
12
10
14
11
7
0
-6
-13
-16
-19
-17
-19
-16
-13
-13
-15
-14
-14
-15
-15
-14
-8
-10
-12
-14
-16
-17
-14
-20
-30
-26
-33
-40
-47
-51
-55
-56
-58
-59
-59
-65
-66
-62
-52
-40
-36
-26
-29
-35
-28
-31
-24
-26
-31
-28
-23
-23
-18
-17
-17
-10
-17
-16
-11
-14
-4
-3
-10
-10
-2
-7
-9
-11
-18
-15
-3
1
10
24
26
32
39
45
45
39
36
35
30
46
42
42
42
43
44
40
42
36
38
39
37
40
42
36
41
38
37
39
52
61
67
73
76
85
87
95
95
88
81
74
69
59
50
46
46
42
36
29
21
21
27
24
15
17
10
8
8
0
-1
-11
-14
-24
-33
-39
-41
-51
-62
-70
-82
-89
-106
-111
-106
-106
-107
-98
-95
-85
-80
-73
-63
-54
-48
-43
-44
-45
-43
-37
-33
-32
-33
-37
-41
-40
-42
-39
-39
-43
-43
-36
-27
-28
-22
-27
-32
-30
-29
-28
-22
-20
-22
-17
-12
-10
-1
2
3
4
10
19
23
26
25
22
17
25
34
40
36
39
33
29
28
28
21
27
27
26
32
35
46
49
50
51
48
50
54
52
50
60
58
49
52
50
50
48
48
49
52
48
46
48
49
43
42
39
36
38
41
39
31
24
21
14
3
5
2
-7
-11
-27
-30
-31
-32
-33
-37
-34
-31
-26
-31
-28
-32
-34
-34
-29
-29
-28
-26
-27
-30
-31
-30
-28
-25
-27
-25
-26
-30
-25
-26
-39
-42
-46
-44
-44
-42
-43
-44
-47
-46
-43
-49
-47
-44
-41
-39
-31
-24
-28
-20
-15
-22
-21
-30
-26
-26
-28
-23
-20
-12
-16
-15
-9
-13
-6
-5
3
12
20
24
34
36
38
54
57
54
61
63
71
73
73
72
70
68
63
64
66
69
67
75
71
71
71
60
61
56
57
64
57
50
50
43
34
26
18
16
7
0
-7
-17
-29
-37
-38
-48
-47
-47
-49
-49
-50
-49
-49
-50
-44
-39
-37
-41
-44
-44
-46
-41
-39
-39
-34
-29
-28
-26
-24
-27
-26
-29
-35
-41
-46
-47
-49
-56
-54
-52
-55
-50
-52
-56
-55
-49
-41
-38
-30
-18
-12
-4
-2
3
-1
0
2
6
6
11
10
4
2
-2
-5
-3
-2
-7
-7
-13
-11
-11
-1
5
4
12
17
26
39
41
42
43
42
37
41
48
49
53
49
52
54
54
61
60
63
62
63
60
61
61
61
55
50
52
54
54
49
51
43
40
39
27
18
18
16
16
20
14
11
11
11
7
6
5
9
4
-2
6
9
8
6
4
6
1
-6
-4
4
3
6
6
-1
5
-4
-8
-18
-24
-26
-28
-35
-42
-46
-53
-56
-69
-70
-73
-74
-72
-67
-65
-68
-72
-70
-64
-58
-51
-43
-37
-39
-39
-39
-44
-44
-39
-39
-42
-39
-41
-47
-47
-49
-53
-55
-59
-50
-43
-38
-29
-24
-25
-22
-26
-30
-31
-28
-18
-9
-5
-1
4
5
5
12
15
21
31
31
37
43
42
39
40
43
43
44
46
45
52
53
47
41
36
43
49
50
54
59
58
59
59
50
57
50
55
54
53
61
61
69
66
61
62
58
56
56
54
54
60
56
50
54
55
52
50
42
39
37
30
21
8
1
-4
-14
-25
-28
-35
-37
-39
-48
-55
-65
-63
-66
-67
-65
-66
-61
-64
-63
-54
-58
-46
-52
-49
-45
-48
-48
-45
-50
-47
-47
-55
-49
-57
-52
-54
-57
-52
-58
-55
-50
-50
-50
-50
-45
-42
-37
-32
-26
-22
-13
-1
-5
-8
-8
1
4
7
15
23
30
40
45
53
51
43
42
37
36
28
32
32
27
24
27
23
26
30
27
22
19
23
22
24
22
19
20
23
23
23
19
18
22
27
33
33
39
42
45
41
44
48
50
49
49
57
59
51
47
47
45
38
38
30
19
16
14
7
-1
-6
-16
-21
-35
-40
-41
-48
-49
-48
-48
-48
-57
-59
-60
-60
-61
-66
-68
-63
-60
-68
-68
-68
-68
-67
-64
-57
-55
-58
-58
-58
-59
-57
-55
-56
-52
-51
-43
-32
-30
-29
-26
-29
-27
-18
-17
-12
-5
6
17
25
32
34
45
45
43
44
43
38
36
37
39
50
46
48
50
48
52
50
52
53
53
52
56
53
50
49
48
47
47
48
46
48
44
45
49
50
50
55
54
59
57
61
65
58
61
56
55
49
42
38
34
30
29
30
26
28
19
14
6
4
0
-10
-15
-25
-35
-41
-44
-45
-49
-58
-58
-57
-57
-60
-61
-68
-69
-73
-80
-81
-82
-83
-87
-88
-89
-81
-75
-75
-79
-76
-76
-72
-62
-55
-58
-60
-56
-53
-52
-46
-43
-44
-39
-42
-45
-43
-39
-31
-31
-31
-24
-19
-10
-2
-1
-2
-4
-3
1
0
3
9
12
18
19
29
31
39
42
48
57
65
70
73
75
75
80
73
68
70
69
69
70
64
66
55
53
53
47
52
50
55
59
57
66
63
66
68
65
66
68
71
62
53
51
50
43
41
40
33
31
19
10
9
11
4
-2
-10
-9
-20
-18
-26
-34
-40
-49
-53
-59
-66
-73
-75
-82
-75
-80
-81
-79
-84
-86
-83
-80
-79
-70
-67
-73
-73
-65
-61
-57
-54
-46
-36
-32
-27
-22
-20
-16
-14
-13
-9
-8
-2
-5
-7
-1
-7
-12
-9
-11
-4
-2
-6
0
-1
-7
-6
1
-6
-2
2
2
13
16
15
27
30
30
32
32
33
31
36
39
35
36
37
36
37
32
33
30
29
28
30
34
35
45
45
39
40
42
39
42
48
42
41
41
47
48
49
46
50
49
42
38
36
34
30
29
25
27
25
22
17
14
14
6
3
-2
-11
-17
-36
-46
-46
-50
-59
-64
-72
-79
-84
-89
-88
-91
-86
-81
-81
-83
-81
-73
-63
-60
-55
-42
-39
-42
-39
-32
-24
-21
-17
-17
-17
-14
-19
-14
-13
-5
-10
-9
-9
-13
-15
-11
-13
-22
-18
-15
-13
-5
-1
4
4
3
6
0
4
5
12
20
18
22
19
19
24
24
30
34
39
44
36
37
47
47
47
50
56
62
59
68
69
72
77
74
76
80
83
81
88
87
75
70
69
65
58
59
59
60
54
40
29
31
24
23
19
18
17
9
-2
-10
-20
-27
-25
-31
-32
-35
-41
-42
-45
-47
-55
-69
-68
-73
-77
-81
-84
-81
-80
-82
-80
-81
-81
-78
-77
-78
-72
-67
-68
-61
-57
-57
-50
-46
-40
-40
-31
-28
-28
-25
-26
-24
-21
-17
-17
-18
-11
-11
-14
-12
-9
-9
-8
-6
-7
-11
-7
-10
-5
-5
-10
-5
-9
-9
-16
-15
-7
-11
-4
-2
2
9
13
18
25
31
33
40
49
52
53
57
56
59
64
64
67
74
76
79
77
75
76
73
74
69
69
68
66
69
60
55
56
56
56
59
60
62
59
55
58
59
52
49
44
38
32
21
11
5
2
-10
-16
-25
-30
-38
-42
-45
-52
-58
-62
-66
-70
-71
-74
-79
-76
-76
-82
-82
-79
-80
-77
-76
-78
-74
-74
-64
-59
-56
-51
-47
-47
-53
-46
-41
-36
-39
-39
-30
-29
-31
-34
-33
-36
-41
-40
-38
-26
-21
-22
-19
-21
-25
-19
-11
-11
-6
-2
2
7
17
17
25
26
27
37
41
51
56
53
56
59
57
61
67
68
70
70
68
70
74
68
62
64
70
63
62
72
76
72
73
73
66
61
60
59
55
53
49
43
37
35
29
27
23
20
15
11
4
-2
-7
-12
-18
-19
-27
-33
-35
-38
-48
-48
-50
-55
-57
-60
-61
-66
-66
-67
-65
-69
-65
-64
-66
-59
-56
-58
-60
-56
-57
-56
-51
-46
-36
-35
-29
-35
-34
-34
-40
-37
-35
-29
-31
-33
-36
-34
-31
-36
-34
-32
-34
-29
-23
-25
-26
-22
-17
-18
-13
-9
-6
2
2
6
5
8
11
17
9
14
19
22
29
29
36
32
39
40
43
48
49
56
62
67
66
72
76
73
74
66
66
64
60
64
67
72
70
75
71
66
64
57
55
56
56
55
53
52
48
46
39
35
35
34
29
27
22
9
2
-3
-9
-9
-12
-18
-24
-31
-29
-28
-26
-31
-34
-37
-45
-45
-45
-44
-49
-55
-53
-55
-55
-51
-48
-48
-52
-51
-54
-57
-56
-57
-60
-61
-61
-62
-59
-65
-66
-75
-73
-76
-81
-79
-76
-74
-72
-70
-63
-60
-60
-49
-46
-39
-40
-34
-25
-17
-9
-3
-1
2
9
9
13
14
15
19
18
22
30
30
34
34
31
33
37
34
43
40
41
47
43
48
48
46
49
52
55
61
65
66
67
72
71
71
68
68
72
75
75
70
72
67
67
64
63
59
52
48
38
34
30
19
14
11
7
-1
-1
-7
-8
-13
-18
-19
-27
-31
-35
-38
-39
-38
-40
-38
-33
-33
-29
-29
-26
-26
-32
-32
-35
-29
-31
-27
-30
-34
-35
-38
-39
-37
-39
-35
-33
-31
-30
-28
-26
-28
-29
-33
-27
-32
-31
-31
-27
-20
-20
-16
-17
-11
-10
-11
-11
-12
-8
-5
-8
-7
-3
-6
-6
-3
2
3
0
3
6
5
1
3
6
5
6
9
13
16
15
15
14
14
18
20
21
25
30
29
31
28
32
32
31
31
31
31
35
29
29
32
30
32
32
29
30
24
22
24
25
24
25
27
20
15
10
8
8
6
5
4
-1
-4
-5
-4
-6
-9
-11
-9
-11
-9
-14
-16
-17
-16
-12
-19
-22
-22
-25
-23
-23
-28
-29
-34
-34
-41
-41
-38
-38
-41
-39
-38
-39
-38
-36
-38
-37
-31
-35
-33
-33
-33
-34
-32
-31
-35
-35
-33
-29
-27
-24
-17
-18
-13
-9
-6
-1
0
4
10
15
15
19
25
21
21
24
24
28
23
26
32
33
37
40
42
41
37
41
37
42
40
38
39
37
37
39
41
43
40
39
42
43
40
37
37
34
26
27
28
30
27
24
22
16
17
12
11
11
7
5
2
-1
-4
-4
-2
-4
-5
-7
-7
-7
-5
-6
-6
-11
-17
-21
-26
-23
-22
-24
-26
-27
-25
-22
-26
-26
-24
-29
-28
-30
-28
-27
-28
-26
-24
-27
-26
-27
-24
-23
-27
-19
-18
-18
-20
-20
-20
-21
-19
-18
-19
-23
-23
-20
-22
-22
-18
-18
-16
-16
-20
-18
-17
-19
-18
-14
-12
-10
-4
-1
-4
-5
-3
-4
-3
-3
-2
0
1
0
-1
-1
1
1
0
5
6
7
13
15
19
20
17
18
20
23
23
24
28
26
30
26
25
27
27
33
32
31
31
35
34
33
32
34
35
34
35
28
26
30
26
23
22
22
21
18
18
16
13
15
10
5
5
3
-1
-3
-8
-7
-9
-9
-12
-15
-13
-16
-19
-20
-17
-13
-14
-20
-20
-22
-22
-18
-14
-11
-12
-14
-12
-13
-14
-18
-21
-18
-23
-25
-27
-26
-24
-29
-27
-25
-21
-19
-17
-16
-17
-17
-12
-11
-13
-12
-14
-9
-5
-6
-2
-1
-3
-3
0
-1
4
7
8
13
17
18
18
20
20
19
24
25
22
24
24
25
25
21
23
23
21
21
18
13
12
10
9
11
8
9
8
9
5
9
10
7
4
4
3
1
1
-7
-7
-5
-8
-12
-10
-9
-15
-15
-12
-11
-12
-15
-17
-17
-15
-19
-21
-23
-27
-25
-24
-24
-24
-24
-26
-26
-26
-23
-19
-21
-21
-18
-13
-16
-16
-19
-16
-18
-19
-17
-16
-12
-8
-8
-6
-4
-3
1
2
6
5
11
13
13
16
17
18
18
20
19
21
17
23
22
23
23
21
26
25
24
25
23
25
22
19
17
15
17
15
16
15
15
16
10
8
13
11
12
15
17
18
20
16
16
13
10
13
13
15
10
10
8
5
3
-1
1
-2
1
1
2
4
2
-2
-7
-6
-9
-8
-7
-3
-9
-6
-6
-6
-4
-7
-4
-4
-5
-8
-10
-10
-9
-8
-10
-12
-11
-14
-13
-13
-10
-7
-9
-8
-9
-12
-15
-18
-17
-18
-17
-16
-17
-17
-16
-14
-14
-15
-17
-11
-15
-19
-20
-20
-20
-16
-14
-15
-16
-18
-18
-16
-17
-17
-12
-14
-12
-13
-9
-7
-5
-4
-5
-1
-1
2
-1
-1
2
-2
-1
1
1
1
3
5
8
9
6
3
3
6
4
5
8
9
7
12
12
13
13
13
13
12
12
11
15
20
22
22
25
24
23
23
25
25
27
27
26
24
23
20
19
20
22
22
20
20
18
18
16
14
12
7
7
9
5
2
2
0
-2
-6
-6
-7
-9
-9
-8
-7
-7
-8
-10
-14
-15
-11
-10
-10
-12
-11
-15
-17
-16
-17
-20
-18
-16
-16
-16
-16
-13
-15
-12
-13
-13
-8
-7
-5
0
-2
0
2
1
0
-1
2
2
5
2
4
1
-3
-6
-5
-3
-1
-2
-2
2
1
0
-2
-4
-2
0
-3
-1
-1
-2
-1
-1
-3
-5
-4
-8
-9
-4
-2
-1
1
0
-1
3
-2
0
2
1
5
5
3
5
4
3
2
1
3
4
7
8
3
3
3
4
4
3
6
3
2
4
5
2
3
1
-2
-1
1
1
0
0
-1
-3
-1
-3
-3
-5
-5
-6
-5
-7
-8
-5
-7
-5
-4
-7
-4
-5
-5
-2
-2
-1
-1
-4
-8
-6
-6
-4
-5
-1
2
1
2
6
6
5
5
5
6
5
5
4
3
0
0
1
-2
-1
-4
-5
-1
-5
0
0
-3
-4
-3
0
-2
-1
-2
-4
-1
0
2
3
3
3
4
3
7
5
5
10
9
10
10
12
14
13
12
14
13
12
12
10
11
11
8
8
9
11
7
7
9
8
10
9
11
11
10
9
8
7
5
3
4
1
0
-2
-4
-5
-8
-9
-11
-11
-12
-13
-12
-13
-10
-10
-8
-8
-10
-10
-12
-12
-10
-9
-9
-7
-11
-15
-12
-11
-10
-13
-12
-10
-8
-6
-6
-3
-5
-7
-6
-8
-7
-5
-8
-6
-2
-1
-1
-3
-2
-5
-4
-5
-6
-4
-4
-5
-6
-4
-4
-3
-3
-4
0
-4
0
0
-3
-3
0
1
-1
-1
-2
-2
1
-1
1
2
2
3
6
6
5
4
5
8
7
8
7
8
12
14
15
17
18
16
11
11
12
11
10
11
8
9
6
6
2
-2
-2
-2
0
-1
1
-1
-1
1
2
2
3
3
1
5
7
9
11
8
4
5
3
4
5
4
3
1
2
1
-1
1
-2
-4
-2
-2
-3
-2
-4
-2
-4
-8
-4
-4
-6
-5
-5
-4
-5
-5
-3
-1
-3
-1
0
-2
-3
-5
-2
-3
-3
-3
-3
-2
-6
-5
-6
-10
-10
-8
-8
-7
-7
-5
-9
-7
-4
-5
-4
-4
-3
-4
-5
-3
-4
-5
-6
-7
-6
-4
-4
-4
-2
-1
-1
-1
-1
2
1
4
5
6
6
4
6
7
7
8
9
11
12
9
9
11
9
8
7
7
9
9
9
9
8
10
6
7
5
6
3
4
3
1
-1
1
-3
-2
-3
-4
-3
-5
-5
-7
-7
-7
-6
-6
-9
-10
-10
-10
-11
-12
-9
-13
-12
-12
-11
-9
-8
-6
-4
-4
0
1
2
2
0
0
0
0
-1
-1
-3
-3
-2
-3
-2
-2
-2
-2
2
-1
2
3
2
5
5
2
3
0
0
4
3
4
3
3
6
6
5
4
3
3
4
4
4
2
3
3
2
2
-1
-2
-3
-3
-2
0
4
4
4
4
6
4
3
4
4
2
5
6
8
8
9
8
8
7
8
4
3
5
5
7
8
7
6
5
5
4
3
2
0
0
0
-3
-1
-1
-5
-5
-6
-7
-7
-6
-6
-4
-7
-6
-5
-5
-2
-5
-5
-5
-2
1
2
3
4
3
2
2
-1
0
-3
-6
-3
-2
1
0
-2
-1
-3
-4
-5
-5
-4
-4
-2
-3
-3
-4
-5
-6
-8
-10
-10
-7
-8
-7
-7
-6
-5
-5
-6
-8
-8
-8
-7
-5
-4
-3
-3
-5
-5
-7
-6
-4
-4
-3
0
0
2
1
0
1
2
1
0
1
0
2
0
2
0
2
4
2
3
3
5
6
7
6
8
9
9
6
3
1
4
7
7
10
10
9
5
6
6
5
5
4
4
3
4
4
5
5
4
2
3
3
2
6
4
7
6
7
8
5
4
5
5
6
1
0
1
0
5
6
5
6
3
1
0
-1
-1
0
2
-1
1
2
0
-2
-4
-5
-5
-5
-7
-4
-4
-2
-2
-2
-4
-5
-8
-8
-8
-7
-5
-3
-2
-2
-3
-4
-6
-7
-6
-6
-4
-3
1
1
0
0
-1
-2
-3
0
0
0
2
1
1
0
0
-2
-1
-2
-2
-3
0
-2
-2
-2
-4
-6
-6
-6
-7
-6
-5
-6
-5
-6
-5
-6
-5
-4
-6
-5
-6
-5
-5
-3
-4
-2
-3
-4
-6
-4
-2
-1
2
1
2
4
4
3
6
5
6
7
5
5
6
6
7
10
9
8
6
7
6
5
7
7
9
9
7
6
6
4
4
4
2
2
5
6
8
9
9
7
7
5
1
1
1
1
0
1
0
-2
-4
-3
-4
-4
-8
-11
-8
-9
-7
-6
-7
-6
-8
-8
-5
-3
-3
-2
-2
-1
-3
-2
-1
-4
-3
-1
0
0
-1
0
0
0
2
2
0
1
1
1
2
3
3
5
5
6
5
6
6
5
4
4
3
2
4
3
2
0
2
3
2
1
2
1
1
2
0
-2
-2
-3
-1
-1
0
0
-1
0
-1
-2
-3
-3
-4
-4
-5
-6
-4
-7
-6
-7
-7
-4
-5
-4
-3
-5
-5
-4
-4
-1
0
1
0
1
1
1
2
0
-1
1
-2
-1
-1
-1
1
0
1
1
2
2
2
2
3
3
2
2
1
2
2
2
2
0
-1
0
1
2
1
1
-1
0
0
-1
-2
-2
0
0
2
1
2
1
1
1
2
4
2
3
5
6
6
6
3
2
1
1
0
-2
-2
0
-2
-3
-3
-5
-4
-6
-6
-7
-9
-10
-9
-8
-7
-6
-4
-5
-6
-7
-7
-6
-6
-5
-5
-2
0
-1
2
2
2
0
2
1
3
4
5
6
6
6
5
5
5
5
7
7
10
11
10
12
11
11
11
11
11
10
10
8
10
11
