-1
1
0
0
-1
0
-1
-1
-1
-2
-2
-2
-3
-2
-2
-3
-3
-4
-3
-3
-3
-2
-3
-3
-2
-4
-4
-4
-4
-4
-4
-4
-3
-3
-2
-3
-4
-3
-2
-2
-2
-2
-1
-2
-2
-1
-1
-2
0
0
1
0
-1
0
1
0
1
1
0
1
0
1
1
0
1
0
0
1
1
1
0
1
0
1
1
0
0
-1
0
-1
-1
-1
-1
-1
-1
-1
-1
-1
-1
0
-1
-2
-1
-1
-1
-2
0
0
0
0
0
0
0
0
1
2
1
1
2
2
2
2
3
3
2
2
3
3
3
3
3
2
2
3
3
2
3
2
2
2
3
2
2
2
1
3
1
1
2
1
1
2
1
1
2
2
2
2
1
1
1
2
0
1
0
0
1
1
0
0
0
0
-1
-1
-1
0
-1
0
0
0
0
0
1
0
0
0
0
-1
1
0
0
0
-1
-1
0
0
-1
0
-1
-1
-1
-2
0
-1
-1
-2
-1
-2
-1
-1
-1
-2
-2
-2
-3
-2
-2
-3
-4
-3
-3
-3
-3
-4
-2
-2
-3
-3
-3
-4
-4
-3
-2
-2
-2
-1
-1
-1
-1
-2
-2
-1
-1
-2
0
-1
-1
0
0
1
0
0
1
1
0
2
1
1
1
1
1
1
1
0
1
1
1
1
1
1
0
0
0
1
0
0
0
0
-1
0
-1
0
-1
0
1
-1
1
0
0
0
0
1
0
1
2
1
2
1
0
3
2
2
2
2
2
1
2
2
2
2
2
3
2
3
1
3
3
2
1
2
2
2
2
2
2
2
3
2
2
2
2
2
2
2
2
1
0
0
1
2
1
1
1
0
0
0
1
0
0
0
-1
-1
-1
0
-2
-1
-1
-1
-1
-2
-3
-3
-3
-2
-3
-2
-3
-2
-2
-2
-2
-1
-2
-2
-2
-2
-2
-2
-2
-2
-2
-1
-1
-2
-1
-1
-1
-1
-1
0
-1
-1
-1
-1
0
-1
-1
-1
-1
0
-1
-1
1
0
1
1
1
1
1
1
1
2
0
1
0
1
0
0
1
1
1
0
0
1
1
0
-1
0
-1
-1
-2
-2
-1
-1
-1
-2
-1
-1
-2
-1
-1
-1
0
0
1
1
1
0
0
0
0
1
1
1
0
0
0
0
0
1
1
0
0
-1
0
1
1
0
1
0
2
1
1
1
2
1
2
0
0
1
1
0
1
1
1
0
1
2
0
1
2
0
2
2
2
2
2
1
2
1
0
2
1
1
1
1
2
1
1
1
1
0
1
1
1
0
-1
0
0
0
-2
0
-2
-1
-1
-2
-1
-1
-1
-1
-1
-1
-2
-1
-1
-1
-1
-1
-1
-1
0
1
-1
1
0
0
0
0
0
0
1
1
0
0
0
0
0
0
0
-1
0
-1
-1
-1
-1
-1
-2
-2
-1
-1
-2
-2
-2
-1
-1
0
-3
-2
-1
-2
-1
-1
-1
0
-1
1
0
0
1
1
1
1
0
1
0
0
1
0
1
2
1
1
2
2
1
1
1
2
1
1
2
1
0
0
1
0
0
0
1
1
0
0
0
-1
-1
-1
0
0
0
1
0
-1
0
-2
-2
-2
-2
-2
-1
-1
-1
-1
-2
-1
-2
0
-1
-1
-1
-1
-1
-1
0
-1
-1
0
0
0
0
0
-1
0
1
0
0
0
0
0
0
0
0
0
-1
-1
0
1
1
2
1
2
1
0
0
0
0
1
0
1
1
1
1
2
1
1
1
2
2
1
2
1
0
1
1
1
1
2
1
2
3
2
3
2
2
1
2
1
2
3
2
2
1
2
2
1
1
2
0
0
0
0
1
0
1
1
0
0
0
-2
-1
0
-1
-2
-1
-1
0
-1
-1
-1
-1
-1
-2
-2
-1
-1
-1
-1
-2
-2
-2
-3
-2
-3
-3
-3
-3
-4
-4
-4
-4
-5
-3
-3
-3
-3
-3
-2
-2
-2
-3
-3
-3
-3
-2
-2
-1
-2
-2
-2
-1
-1
-1
-2
-1
0
0
1
1
1
1
1
1
0
0
1
0
0
2
1
2
1
1
1
2
1
2
1
0
0
0
0
0
0
0
0
1
0
1
0
0
0
0
0
0
0
0
1
0
0
1
1
1
2
1
2
2
1
2
2
2
1
2
2
1
2
2
2
2
2
1
2
2
2
2
1
3
3
2
1
1
3
2
1
2
1
1
1
3
2
1
2
1
0
1
2
1
1
0
1
0
-1
0
-2
-1
-2
-1
-2
-3
-1
-1
-2
-2
-2
-2
-2
-2
-2
-2
-1
-1
-1
-2
-2
-1
-2
-2
-2
-2
-2
-2
-2
-2
-1
-2
-2
0
-2
-1
-1
-1
0
0
-1
0
0
-1
0
-1
1
0
1
0
1
0
0
-1
0
0
1
1
0
2
1
1
1
2
2
0
1
2
2
2
1
1
1
2
1
1
1
2
2
1
2
2
2
1
1
0
1
0
-1
-1
-1
-2
-2
-1
-1
-1
-1
-2
-2
-3
-3
-3
-1
-1
0
-1
-2
-2
-2
-3
-2
-1
-2
-1
-1
-1
-1
0
0
0
0
0
0
1
1
1
0
1
1
0
1
0
0
0
0
1
0
0
-1
-1
0
0
1
0
0
-1
0
0
0
0
0
0
-1
0
1
1
2
1
2
2
1
1
1
3
1
2
2
2
2
2
3
2
3
2
2
1
1
2
1
1
0
0
0
-1
-1
0
0
-2
-2
-1
-1
0
-1
-1
0
0
0
0
0
1
0
0
0
0
0
-1
0
0
0
0
-1
0
0
0
0
0
0
0
0
0
0
-1
-1
-1
-1
-1
0
-1
-1
-1
-1
-1
0
-1
0
-1
-1
-1
-1
-1
-1
-1
-2
-1
-1
-1
-1
-1
-2
-2
-1
-1
0
0
0
0
-1
0
0
-1
-2
-1
0
1
0
0
-2
-2
-2
-2
-1
-2
-1
-2
-2
-2
-1
-1
-1
-2
-1
-1
0
-1
-1
-1
-1
-1
-2
0
0
-1
0
0
0
0
2
2
1
1
1
1
1
2
2
2
2
2
1
1
3
1
2
2
2
3
2
3
2
2
4
3
2
4
3
2
3
2
3
2
2
3
2
2
1
2
2
2
2
1
2
1
2
2
1
2
1
1
1
1
2
1
2
1
2
0
0
1
2
1
1
2
2
1
1
1
0
0
1
1
0
0
-1
-1
-1
0
0
-1
-2
-2
-2
-1
-2
-1
0
-3
-2
-3
-2
-2
-3
-2
-2
-1
-3
-2
-3
-2
-2
-2
-1
-1
-1
-1
-1
-2
-1
-1
-2
-1
-1
-2
-3
-1
-1
-2
-1
0
-2
-2
-1
-2
-2
-2
-3
-2
-2
-3
-3
-2
-3
-2
-2
-1
-2
-1
-1
0
0
0
-1
1
1
1
1
1
0
0
1
0
0
1
1
1
1
1
1
2
1
1
1
1
1
1
1
0
0
1
1
0
-1
-1
-1
-1
0
0
-1
0
1
-1
0
0
0
0
0
1
2
1
1
1
1
2
1
2
2
2
2
3
3
3
3
3
2
3
2
2
2
2
3
3
3
3
3
2
2
2
2
2
2
2
2
3
2
1
0
0
1
0
0
1
1
0
0
-1
0
-1
1
1
1
1
1
0
-1
-1
-1
-1
0
-1
-1
-1
-1
-2
-1
-2
-2
-2
-2
-2
-1
-1
-2
-1
-1
-2
-1
0
-2
-1
-1
-1
-2
-3
-2
-1
-2
-2
-2
-3
-2
-2
-3
-3
-3
-3
-2
-3
-2
-3
-3
-2
-3
-3
-2
-2
-2
-1
-2
-1
-1
-1
-2
-1
-1
-1
-2
-1
-1
-1
-3
-2
-2
-1
-1
0
-1
-1
1
-1
0
1
0
-1
1
-1
0
1
-1
1
1
1
0
0
1
2
1
2
2
1
2
2
2
3
2
2
2
2
3
2
2
3
3
2
2
3
2
1
3
2
2
2
2
2
3
2
3
2
2
1
2
1
2
2
2
2
1
2
1
2
2
2
2
3
4
3
4
3
4
4
2
2
2
2
2
2
3
2
2
1
1
0
0
0
1
1
0
1
1
1
0
1
0
-1
-1
-1
-1
-2
-1
-2
-2
-2
-3
-3
-3
-4
-3
-3
-2
-3
-4
-3
-3
-4
-3
-3
-3
-3
-4
-4
-4
-5
-3
-4
-4
-5
-4
-5
-5
-4
-5
-4
-4
-5
-5
-3
-4
-3
-3
-3
-3
-3
-3
-1
-3
-3
-2
-3
-2
-2
-2
-2
-1
-1
0
-1
-1
0
-1
0
0
0
0
1
1
0
2
1
1
2
4
3
4
3
4
4
3
4
3
4
3
4
4
4
5
4
4
1
1
2
1
0
2
2
2
1
2
2
1
1
1
2
2
0
2
0
1
1
1
1
2
1
1
1
1
2
2
1
2
4
3
3
3
2
3
2
3
2
4
2
3
2
3
3
2
3
2
2
2
3
2
2
2
1
1
1
0
0
1
1
1
-1
-1
-1
-1
-2
0
-1
-1
-1
-1
-1
-1
-1
0
-2
-2
-1
-1
-2
-1
-1
-1
-1
-3
-2
-1
-2
-1
-1
-1
-1
-2
-1
-4
-2
-2
-4
-3
-3
-3
-3
-4
-3
-4
-4
-5
-4
-5
-5
-5
-5
-4
-4
-3
-3
-4
-5
-5
-5
-4
-3
-2
-3
-2
-4
-2
-3
-3
-1
-1
0
0
0
2
1
0
1
1
1
0
1
3
2
2
2
3
2
2
2
3
3
4
4
4
4
4
3
3
2
2
3
3
4
3
3
3
4
3
4
5
4
3
4
4
5
5
5
4
4
4
4
4
4
5
4
4
2
3
2
1
2
2
1
1
0
1
0
1
-1
-1
0
-2
-1
-2
-2
-2
-3
-3
-3
-2
-3
-4
-4
-4
-5
-4
-3
-3
-4
-4
-4
-4
-4
-3
-4
-4
-3
-3
-3
-2
-3
-3
-2
-2
-2
-2
-1
-1
-1
-1
-1
0
0
-1
0
0
0
0
0
-1
0
0
-1
-1
-2
-2
-1
0
0
0
0
1
1
1
3
1
0
1
0
0
2
1
2
0
1
1
1
0
1
1
1
2
2
3
1
1
1
0
1
-1
0
1
1
1
1
1
-1
0
0
-1
1
0
0
-1
0
-1
0
0
-1
-1
-2
0
0
-1
-1
1
1
1
0
0
0
0
0
1
0
0
1
1
1
1
0
0
0
-1
-1
0
0
0
1
0
1
0
1
1
-1
0
1
1
1
1
1
2
1
2
1
2
2
3
3
3
3
3
3
2
2
2
2
2
3
3
3
2
2
3
1
2
0
1
0
0
0
0
0
-1
-2
-2
-3
-2
-3
-2
-3
-3
-2
-3
-3
-3
-4
-4
-3
-2
-3
-3
-2
-4
-3
-3
-3
-3
-4
-2
-3
-3
-3
-4
-3
-3
-3
-4
-1
-3
-2
-2
-2
-1
-1
-1
0
-1
-1
0
1
2
2
3
3
2
3
2
3
4
4
4
5
5
4
5
5
4
5
7
5
6
6
6
4
5
6
5
4
4
3
4
4
4
3
2
2
2
1
1
1
-1
-1
-1
-2
-3
-3
-3
-4
-3
-4
-4
-4
-5
-5
-5
-5
-7
-6
-6
-6
-7
-7
-7
-9
-8
-8
-9
-8
-9
-8
-9
-9
-8
-9
-7
-7
-7
-7
-6
-7
-6
-6
-4
-4
-4
-4
-3
-2
-2
-1
0
1
2
3
4
4
5
7
8
9
9
10
11
10
12
12
12
13
13
13
13
14
14
15
15
16
15
15
15
13
12
12
12
11
10
9
8
6
6
5
4
3
2
1
0
-1
-3
-3
-3
-5
-6
-8
-10
-10
-10
-10
-11
-11
-12
-11
-12
-14
-14
-16
-14
-13
-14
-13
-12
-13
-12
-13
-13
-13
-12
-10
-10
-9
-8
-8
-8
-7
-7
-7
-5
-5
-3
-2
-1
0
0
0
2
1
4
4
5
6
7
7
8
8
8
10
10
11
12
14
14
14
15
15
16
17
18
17
17
17
16
17
17
16
15
15
14
13
12
11
10
8
7
7
5
4
2
0
0
-3
-5
-6
-9
-10
-10
-12
-13
-15
-16
-16
-17
-17
-18
-19
-19
-19
-18
-18
-17
-15
-16
-15
-14
-15
-14
-11
-11
-10
-9
-9
-9
-7
-7
-7
-6
-7
-7
-7
-8
-7
-6
-7
-8
-7
-7
-6
-8
-8
-7
-7
-7
-8
-7
-5
-5
-3
-2
-1
-1
1
2
5
6
7
11
13
15
17
19
21
23
25
27
30
31
33
33
34
34
35
35
34
33
32
32
30
29
28
26
23
20
18
16
13
10
8
5
2
0
-2
-5
-9
-12
-13
-16
-17
-20
-21
-23
-24
-24
-23
-24
-25
-25
-25
-25
-24
-24
-22
-21
-19
-18
-17
-16
-17
-16
-16
-14
-14
-12
-13
-10
-10
-10
-9
-10
-11
-13
-14
-13
-14
-13
-13
-15
-15
-15
-15
-17
-17
-17
-16
-16
-14
-12
-11
-10
-9
-8
-6
-3
-1
3
6
10
13
17
20
23
27
31
33
35
37
41
44
46
47
47
47
48
47
46
45
42
40
38
35
33
31
28
25
20
17
13
9
4
0
-4
-8
-12
-15
-20
-23
-27
-30
-32
-34
-34
-35
-37
-37
-35
-37
-37
-36
-37
-34
-34
-31
-30
-28
-26
-24
-24
-22
-21
-20
-18
-17
-15
-12
-11
-11
-9
-9
-9
-10
-11
-11
-10
-10
-10
-10
-9
-10
-12
-11
-12
-11
-10
-10
-8
-6
-3
-3
-1
1
2
6
8
13
16
19
24
27
31
34
39
42
45
50
54
58
62
65
66
66
68
67
67
67
66
63
61
59
54
50
46
40
34
28
22
16
10
4
-2
-9
-16
-23
-30
-35
-40
-46
-50
-56
-61
-67
-68
-72
-74
-76
-77
-78
-77
-77
-75
-73
-72
-67
-63
-59
-54
-51
-47
-42
-36
-31
-27
-22
-17
-12
-9
-4
-3
1
3
5
10
11
12
13
14
15
14
14
13
12
11
10
9
8
8
7
7
7
7
7
9
9
10
12
12
15
18
19
23
26
30
34
36
40
42
46
50
54
59
60
62
65
66
68
69
69
68
66
64
61
58
53
49
43
37
31
24
18
12
6
-2
-9
-16
-23
-32
-38
-43
-50
-54
-60
-61
-68
-71
-72
-76
-77
-78
-76
-75
-74
-71
-70
-67
-64
-60
-57
-52
-47
-42
-37
-32
-28
-24
-19
-16
-13
-9
-6
-4
1
4
5
7
9
9
9
11
10
12
11
11
10
9
8
7
4
0
3
-1
-1
-1
0
0
-1
-1
-1
0
1
3
7
11
13
17
20
24
27
30
37
39
45
48
52
57
60
63
66
69
70
72
75
75
77
76
73
72
70
64
60
54
48
42
36
29
21
15
8
1
-5
-14
-19
-26
-31
-38
-43
-49
-56
-61
-67
-70
-75
-77
-82
-84
-84
-86
-88
-87
-86
-85
-81
-77
-75
-71
-68
-64
-62
-56
-51
-47
-43
-38
-35
-31
-26
-22
-18
-15
-10
-6
-4
1
0
4
7
9
12
13
16
17
19
19
19
20
19
21
21
22
23
24
23
23
25
25
24
25
25
28
29
30
32
31
31
31
31
33
34
36
37
39
42
42
43
44
44
46
48
50
52
55
54
55
56
52
53
50
47
45
42
41
38
36
31
28
25
19
15
9
4
0
-4
-9
-15
-19
-25
-29
-36
-39
-46
-52
-56
-61
-65
-70
-72
-76
-80
-84
-86
-89
-91
-90
-87
-86
-83
-78
-73
-69
-64
-58
-54
-50
-46
-39
-33
-27
-19
-14
-8
-3
1
7
13
19
24
30
33
37
39
42
43
45
44
43
42
42
41
40
39
37
34
31
31
28
27
27
23
22
19
19
18
17
18
15
17
18
18
18
18
19
21
22
24
30
31
31
34
36
39
39
39
40
41
41
41
39
37
34
32
28
23
20
16
9
6
0
-5
-10
-15
-19
-25
-29
-35
-41
-45
-49
-57
-62
-66
-70
-74
-79
-80
-83
-87
-85
-86
-85
-82
-82
-78
-77
-74
-70
-66
-62
-55
-52
-49
-43
-37
-29
-25
-16
-10
-2
5
11
18
24
29
34
38
44
48
51
54
57
58
61
60
63
61
63
63
60
59
58
56
53
52
49
46
42
38
36
33
30
26
24
24
23
24
23
20
18
17
17
17
17
20
20
21
25
29
27
31
32
33
33
34
35
35
36
33
33
29
26
21
18
15
10
5
0
-3
-9
-14
-21
-25
-31
-39
-42
-48
-55
-61
-67
-73
-77
-81
-82
-86
-91
-95
-97
-98
-99
-100
-100
-99
-97
-93
-90
-86
-82
-75
-72
-65
-56
-49
-42
-35
-26
-20
-13
-7
-1
8
15
25
33
38
44
49
55
60
65
71
72
75
78
80
80
81
78
77
76
75
71
67
66
59
55
51
46
44
39
35
29
26
20
16
12
7
3
1
0
-3
-6
-4
-7
-9
-7
-7
-6
-4
-1
0
2
3
4
4
4
6
7
6
5
5
3
1
0
-1
-4
-8
-11
-14
-16
-18
-22
-24
-27
-30
-33
-34
-37
-43
-46
-48
-51
-54
-54
-56
-56
-59
-61
-59
-57
-57
-57
-55
-48
-44
-41
-36
-32
-29
-23
-18
-12
-7
1
8
12
19
27
33
39
46
52
60
66
73
77
84
88
94
97
98
99
102
102
100
100
100
97
95
90
85
82
73
69
59
51
41
32
22
13
5
-5
-14
-23
-35
-42
-51
-61
-66
-75
-81
-86
-90
-94
-95
-96
-97
-97
-95
-92
-88
-85
-81
-76
-71
-63
-60
-53
-50
-43
-36
-32
-28
-24
-21
-18
-15
-9
-9
-6
-6
-5
-3
-5
-5
-4
-4
-6
-7
-9
-10
-12
-14
-14
-14
-15
-18
-20
-22
-24
-24
-22
-20
-19
-18
-14
-8
-7
-1
5
11
17
25
33
40
46
53
58
62
68
75
82
86
92
97
102
106
109
110
110
111
108
108
106
102
98
95
87
80
72
64
52
44
33
22
12
0
-10
-19
-30
-40
-49
-59
-69
-81
-88
-94
-97
-99
-103
-105
-105
-109
-107
-104
-105
-101
-97
-91
-84
-78
-70
-64
-56
-50
-44
-36
-26
-18
-9
-1
6
11
17
21
24
27
30
31
33
34
36
36
37
37
34
32
30
29
27
26
19
16
12
8
5
-1
-5
-8
-12
-16
-16
-20
-19
-20
-21
-20
-20
-17
-16
-15
-10
-8
-4
2
8
10
16
21
26
31
36
40
44
49
55
59
63
66
68
69
68
71
70
72
71
70
64
58
54
47
40
30
25
13
6
-3
-13
-27
-38
-47
-59
-69
-77
-85
-93
-99
-107
-112
-113
-122
-124
-127
-128
-126
-124
-117
-116
-109
-101
-94
-87
-82
-70
-62
-49
-39
-30
-19
-11
3
11
20
33
43
56
66
74
78
86
90
95
97
102
101
104
105
105
107
105
100
97
92
90
84
81
74
68
63
53
48
37
32
23
17
10
4
1
0
-4
-7
-9
-10
-11
-12
-8
-7
-4
0
3
5
8
13
15
17
20
22
22
26
28
27
25
25
22
18
15
10
11
5
-1
-6
-12
-18
-24
-35
-44
-51
-62
-70
-81
-89
-96
-109
-117
-125
-132
-137
-141
-145
-145
-144
-144
-141
-134
-129
-126
-118
-111
-103
-92
-83
-73
-58
-47
-32
-20
-5
8
20
34
47
64
78
89
99
110
119
126
134
141
146
153
157
157
159
154
154
151
143
138
132
124
115
107
99
89
75
63
53
44
28
21
10
-1
-12
-22
-34
-44
-50
-58
-61
-66
-65
-68
-65
-64
-64
-60
-58
-54
-50
-43
-35
-28
-23
-17
-13
-12
-10
-5
-4
-5
-4
-3
-3
-5
-4
-8
-8
-8
-11
-14
-19
-23
-26
-30
-31
-35
-40
-48
-55
-57
-66
-75
-80
-85
-90
-92
-92
-92
-92
-94
-90
-87
-86
-81
-78
-76
-68
-62
-53
-44
-36
-25
-13
-3
5
17
27
39
52
68
82
94
103
109
125
133
139
151
154
159
168
171
174
179
175
173
169
166
157
150
146
132
127
114
108
94
82
70
58
40
25
12
-5
-14
-25
-36
-45
-57
-69
-78
-86
-93
-99
-100
-105
-104
-102
-103
-103
-104
-102
-99
-94
-89
-83
-82
-77
-72
-67
-63
-59
-53
-49
-49
-45
-43
-39
-36
-34
-33
-31
-33
-37
-37
-35
-34
-36
-35
-38
-42
-48
-51
-56
-61
-65
-73
-73
-81
-87
-90
-92
-92
-97
-95
-94
-93
-90
-85
-78
-73
-64
-54
-50
-36
-27
-15
-1
13
26
44
59
74
88
105
122
135
149
162
175
187
202
211
222
228
234
233
232
233
227
224
218
207
198
190
175
161
146
132
114
100
81
62
49
27
9
-12
-31
-49
-66
-84
-99
-114
-127
-135
-146
-149
-156
-162
-166
-168
-167
-164
-159
-153
-148
-141
-136
-128
-115
-111
-106
-96
-86
-81
-70
-62
-52
-44
-37
-27
-25
-20
-14
-10
-2
4
7
6
5
8
6
3
4
-3
-7
-10
-10
-15
-22
-27
-31
-39
-46
-50
-57
-58
-64
-65
-67
-70
-69
-66
-62
-56
-45
-37
-33
-23
-10
4
15
32
43
56
71
84
99
114
128
139
153
165
181
193
203
216
226
238
244
245
240
237
229
222
212
199
178
159
143
120
104
81
57
35
9
-9
-32
-56
-78
-99
-114
-139
-154
-170
-188
-198
-213
-222
-232
-236
-237
-237
-232
-227
-223
-214
-204
-192
-175
-161
-146
-128
-113
-97
-78
-64
-51
-38
-24
-14
-4
8
19
22
34
37
39
46
48
48
48
46
47
42
40
38
33
30
24
18
15
8
1
-2
-9
-18
-24
-30
-36
-38
-42
-41
-46
-43
-42
-42
-37
-36
-33
-23
-17
-8
2
14
25
40
53
63
79
93
105
117
129
140
152
163
178
185
191
199
204
206
208
207
206
206
195
188
177
162
145
128
111
92
75
46
23
4
-19
-42
-58
-79
-94
-116
-129
-143
-154
-161
-166
-173
-177
-180
-182
-180
-179
-172
-167
-164
-157
-142
-137
-123
-112
-103
-94
-82
-74
-64
-55
-45
-33
-26
-15
-11
-8
-3
1
6
10
14
15
18
23
26
30
36
33
31
32
34
35
31
33
29
26
20
16
11
7
6
-1
-5
-8
-9
-12
-20
-26
-28
-36
-41
-41
-48
-45
-49
-49
-48
-51
-46
-44
-38
-34
-31
-25
-13
-5
5
18
25
38
47
56
68
75
89
101
112
119
129
136
139
138
140
146
142
138
131
126
113
99
87
71
58
40
26
12
-4
-17
-29
-41
-54
-70
-81
-89
-94
-102
-106
-108
-111
-112
-108
-104
-100
-94
-90
-81
-74
-64
-50
-41
-29
-17
-4
3
14
22
30
41
42
50
58
62
63
69
68
67
71
65
65
63
62
59
57
54
53
46
42
34
25
18
9
-2
-10
-17
-22
-30
-40
-47
-58
-66
-79
-89
-93
-100
-103
-109
-112
-115
-122
-126
-130
-129
-129
-124
-122
-113
-106
-103
-91
-85
-77
-67
-52
-34
-22
-8
5
20
35
47
60
72
85
96
107
116
122
124
128
127
126
125
122
120
116
109
103
97
87
81
73
66
61
57
49
45
43
36
29
24
17
12
5
1
1
1
0
0
-2
-3
-1
2
3
1
-2
7
4
6
14
16
20
23
24
20
18
21
20
22
22
22
24
21
17
9
4
0
-7
-11
-13
-18
-22
-27
-32
-42
-53
-60
-71
-78
-89
-96
-102
-112
-123
-131
-139
-154
-160
-169
-174
-174
-175
-173
-175
-176
-179
-176
-170
-162
-157
-149
-139
-129
-118
-103
-84
-68
-52
-33
-15
4
30
50
71
88
107
128
142
160
176
190
208
218
227
234
240
244
243
240
239
233
229
220
215
206
193
184
163
154
138
124
111
96
84
72
61
51
38
31
17
10
-1
-10
-13
-19
-21
-26
-31
-36
-43
-47
-47
-50
-46
-44
-44
-44
-48
-48
-51
-54
-54
-54
-55
-57
-59
-60
-63
-68
-74
-77
-80
-88
-91
-91
-93
-95
-99
-96
-105
-111
-108
-109
-112
-117
-115
-117
-119
-120
-123
-124
-127
-129
-129
-131
-135
-134
-130
-133
-129
-121
-123
-118
-115
-106
-98
-88
-76
-64
-49
-34
-20
-3
14
28
44
62
76
91
111
121
138
149
163
170
177
185
194
203
208
215
216
221
220
216
213
210
201
194
188
174
163
148
135
117
105
91
79
68
50
44
33
26
18
7
0
-10
-17
-20
-24
-31
-40
-43
-47
-52
-56
-60
-61
-65
-67
-67
-66
-66
-64
-70
-66
-67
-67
-64
-66
-59
-57
-57
-61
-62
-69
-73
-73
-78
-77
-78
-80
-77
-78
-77
-81
-84
-83
-83
-78
-77
-74
-74
-73
-76
-80
-73
-78
-80
-73
-76
-78
-78
-76
-74
-72
-69
-67
-66
-62
-57
-48
-41
-28
-17
-10
-1
6
15
22
37
49
61
78
85
95
105
115
122
131
137
145
152
156
165
170
170
173
172
169
166
164
163
161
153
150
145
138
127
118
109
100
92
81
74
67
59
49
42
28
14
5
-9
-24
-33
-43
-51
-60
-73
-81
-89
-100
-108
-119
-125
-128
-131
-132
-133
-136
-141
-138
-140
-136
-133
-129
-125
-121
-118
-117
-108
-103
-96
-92
-83
-75
-69
-63
-54
-51
-48
-44
-43
-40
-43
-36
-38
-37
-38
-40
-40
-40
-39
-43
-43
-46
-46
-48
-49
-49
-48
-52
-51
-50
-51
-45
-38
-36
-33
-26
-18
-15
-11
2
15
25
37
51
59
75
79
92
105
116
128
138
149
160
168
174
184
185
189
192
197
203
202
205
201
196
196
188
186
178
168
160
148
138
129
116
106
92
77
71
57
43
31
20
9
-4
-17
-27
-39
-53
-64
-76
-87
-102
-108
-114
-126
-127
-127
-131
-134
-139
-139
-139
-143
-137
-135
-128
-122
-121
-115
-113
-112
-109
-102
-100
-98
-91
-90
-78
-79
-77
-79
-83
-84
-84
-85
-86
-85
-87
-88
-92
-94
-96
-99
-100
-95
-93
-90
-84
-80
-82
-72
-69
-69
-61
-60
-53
-50
-43
-35
-29
-19
-12
-3
3
10
25
37
48
61
75
88
101
110
121
130
136
146
155
164
176
185
195
202
204
209
211
216
219
217
216
216
210
204
191
182
175
158
148
134
116
102
86
70
52
31
18
-1
-19
-36
-48
-62
-80
-92
-104
-118
-126
-136
-146
-147
-153
-156
-160
-155
-154
-155
-147
-142
-138
-135
-128
-119
-110
-104
-92
-86
-76
-66
-63
-52
-53
-49
-41
-39
-37
-31
-29
-27
-27
-24
-25
-27
-30
-28
-24
-24
-25
-21
-21
-25
-20
-23
-22
-20
-19
-19
-14
-12
-8
-12
-8
-11
-10
-9
-9
-3
-2
4
1
6
14
21
27
39
43
47
55
65
75
85
93
97
104
112
117
128
135
139
143
146
154
154
159
158
159
157
152
152
141
135
130
120
111
96
85
71
55
41
27
8
-5
-21
-38
-45
-61
-74
-85
-98
-108
-128
-134
-143
-151
-160
-166
-161
-168
-166
-164
-162
-153
-150
-146
-134
-127
-116
-106
-96
-84
-75
-61
-55
-47
-42
-35
-23
-18
-13
-5
-1
2
8
11
13
11
13
17
16
18
18
14
13
12
7
4
-4
-9
-13
-12
-13
-17
-17
-22
-28
-30
-42
-42
-46
-53
-47
-49
-46
-44
-38
-35
-34
-27
-19
-13
-6
6
21
28
41
56
62
72
85
89
102
116
123
137
141
147
158
161
166
173
172
179
176
175
177
173
164
157
151
141
131
119
105
93
79
65
52
37
23
6
-10
-21
-37
-48
-60
-74
-85
-91
-99
-107
-112
-121
-123
-120
-122
-116
-110
-107
-101
-97
-90
-82
-72
-64
-55
-42
-30
-23
-10
-2
1
12
11
11
17
12
12
11
11
5
0
-2
-11
-23
-24
-28
-39
-42
-49
-58
-69
-74
-82
-89
-102
-113
-123
-127
-135
-147
-151
-154
-163
-165
-170
-169
-171
-173
-166
-163
-154
-147
-132
-119
-101
-89
-73
-52
-37
-17
3
24
43
59
79
97
116
130
150
166
183
199
208
222
233
239
247
254
259
261
262
262
255
248
235
228
214
200
184
167
158
134
116
95
76
59
38
21
8
-8
-22
-31
-47
-62
-71
-81
-92
-96
-104
-109
-105
-103
-103
-101
-94
-88
-86
-83
-71
-60
-55
-40
-34
-24
-15
-8
-2
1
9
6
6
6
5
2
0
-9
-11
-22
-30
-35
-47
-51
-61
-70
-80
-87
-95
-102
-111
-121
-126
-135
-138
-149
-154
-160
-164
-169
-176
-174
-177
-179
-176
-172
-164
-156
-147
-137
-122
-107
-92
-79
-62
-44
-25
-3
14
35
58
78
94
114
132
151
169
189
208
223
237
257
266
275
287
288
294
295
296
290
283
274
261
247
234
216
199
175
157
138
112
96
75
53
34
19
0
-14
-31
-51
-67
-80
-91
-106
-115
-124
-131
-135
-141
-137
-138
-139
-134
-129
-131
-122
-112
-107
-100
-97
-93
-93
-91
-90
-91
-86
-89
-79
-84
-85
-80
-86
-87
-96
-96
-102
-102
-104
-108
-111
-114
-119
-124
-134
-136
-139
-143
-141
-142
-140
-141
-138
-142
-141
-136
-133
-128
-122
-118
-108
-97
-84
-67
-55
-40
-26
-8
10
29
48
68
87
109
125
144
161
175
190
200
210
226
240
252
265
273
290
295
298
308
307
310
309
303
299
293
279
271
255
235
220
199
179
159
135
113
92
65
44
21
0
-16
-41
-57
-73
-93
-107
-124
-142
-149
-161
-170
-176
-184
-190
-190
-193
-194
-193
-189
-184
-175
-171
-161
-155
-148
-135
-130
-121
-114
-104
-99
-90
-85
-78
-73
-68
-63
-61
-60
-56
-54
-50
-57
-53
-53
-54
-52
-55
-60
-63
-64
-74
-74
-74
-77
-77
-85
-88
-90
-93
-94
-101
-99
-100
-96
-93
-89
-80
-79
-70
-62
-52
-34
-25
-9
11
26
49
68
83
99
116
129
147
156
172
185
195
212
224
235
243
248
255
260
264
266
260
259
255
249
234
223
205
187
168
144
130
106
83
60
34
16
-8
-29
-48
-68
-79
-94
-110
-125
-134
-141
-147
-153
-158
-161
-162
-162
-162
-156
-148
-142
-133
-127
-118
-106
-91
-80
-70
-53
-41
-28
-18
-15
-5
1
5
13
12
16
22
21
21
20
19
13
10
8
3
-3
-8
-12
-23
-34
-41
-51
-63
-71
-77
-92
-95
-101
-111
-112
-120
-123
-126
-136
-134
-130
-130
-123
-110
-100
-93
-82
-67
-51
-41
-14
-2
19
40
56
78
88
108
120
135
148
165
176
191
205
211
217
224
226
226
232
230
229
223
215
207
189
176
159
143
121
108
85
63
44
20
2
-20
-39
-52
-75
-86
-97
-107
-119
-126
-131
-145
-148
-150
-156
-155
-155
-151
-146
-138
-130
-119
-117
-104
-97
-84
-74
-59
-49
-37
-24
-18
-10
-2
5
7
11
13
20
20
26
29
28
27
28
27
23
22
24
13
9
0
-2
-12
-18
-20
-30
-35
-45
-45
-56
-59
-60
-67
-77
-81
-89
-89
-89
-88
-88
-91
-89
-88
-86
-81
-73
-66
-55
-45
-38
-21
-12
0
12
24
36
49
59
74
85
99
112
122
136
142
150
161
165
173
176
177
181
180
177
175
166
154
147
134
125
114
103
95
83
69
53
34
19
-2
-15
-28
-42
-53
-60
-73
-83
-97
-99
-104
-115
-110
-107
-109
-102
-101
-100
-96
-94
-88
-86
-75
-71
-60
-51
-44
-30
-26
-16
-5
-4
8
15
22
25
27
34
29
28
25
24
24
21
20
19
20
17
16
7
2
-5
-9
-13
-20
-21
-24
-32
-39
-41
-49
-52
-58
-62
-62
-67
-68
-69
-78
-80
-82
-85
-89
-92
-88
-86
-82
-77
-71
-60
-56
-47
-35
-28
-17
-7
2
14
26
39
55
61
71
81
84
97
108
112
120
128
134
140
139
140
136
134
129
123
119
107
100
94
84
75
61
53
39
29
18
11
1
-7
-12
-20
-26
-33
-44
-50
-55
-58
-59
-64
-63
-67
-60
-62
-64
-60
-61
-57
-53
-46
-38
-31
-25
-21
-17
-16
-12
-10
-8
-6
-5
0
1
3
1
1
1
-5
-6
-10
-11
-13
-13
-18
-21
-27
-29
-37
-38
-42
-41
-40
-40
-36
-38
-37
-41
-39
-40
-42
-39
-41
-41
-45
-44
-44
-47
-44
-45
-44
-38
-38
-30
-22
-16
-7
-1
13
20
27
33
44
54
58
67
75
85
93
100
107
111
111
113
117
121
119
120
118
115
105
99
94
85
78
68
61
52
40
33
24
13
7
1
-7
-13
-21
-26
-32
-38
-42
-43
-49
-52
-50
-49
-52
-50
-49
-50
-47
-47
-42
-43
-38
-38
-32
-29
-23
-19
-20
-9
-9
-8
-4
2
5
4
6
4
0
-3
-11
-12
-20
-26
-32
-36
-42
-53
-56
-62
-68
-73
-84
-86
-93
-96
-100
-103
-102
-108
-107
-115
-115
-113
-109
-114
-108
-102
-102
-98
-90
-87
-82
-75
-63
-55
-45
-30
-21
-6
3
16
27
43
56
67
81
94
109
116
130
139
152
161
170
176
185
189
191
196
197
198
199
197
194
191
183
181
174
162
154
145
134
122
107
89
76
59
48
32
19
7
-6
-16
-32
-43
-51
-65
-74
-83
-92
-98
-102
-106
-109
-108
-111
-111
-108
-107
-103
-99
-96
-96
-91
-83
-78
-69
-64
-56
-51
-47
-48
-45
-41
-44
-44
-45
-44
-44
-47
-52
-54
-54
-60
-61
-66
-69
-70
-74
-76
-73
-73
-71
-66
-69
-66
-64
-63
-64
-59
-55
-56
-54
-47
-46
-43
-42
-38
-35
-26
-23
-17
-10
-4
5
10
22
30
43
53
68
77
86
97
104
115
122
129
136
141
147
152
156
160
162
162
160
158
155
152
148
141
140
129
120
107
93
79
62
50
33
20
5
-9
-24
-41
-55
-68
-74
-83
-93
-96
-106
-108
-114
-117
-119
-118
-115
-115
-111
-107
-103
-98
-91
-82
-80
-71
-61
-56
-47
-42
-33
-21
-13
-5
5
5
8
9
13
12
11
16
10
6
1
-2
-5
-7
-10
-13
-18
-25
-24
-30
-33
-34
-36
-40
-43
-44
-43
-44
-44
-43
-45
-41
-45
-42
-42
-39
-40
-42
-35
-35
-28
-23
-13
-6
-2
9
20
31
43
59
66
75
95
108
116
128
139
145
151
160
166
173
176
181
180
183
183
179
176
173
166
158
149
141
129
112
99
81
63
41
21
2
-13
-36
-55
-66
-89
-102
-114
-128
-139
-149
-157
-166
-172
-173
-177
-177
-179
-176
-177
-172
-167
-161
-152
-139
-129
-120
-110
-103
-96
-83
-72
-59
-52
-44
-37
-28
-20
-12
-7
-5
2
0
1
1
1
-4
4
-2
-4
-8
-14
-15
-17
-25
-27
-27
-33
-27
-37
-32
-34
-35
-36
-38
-39
-42
-46
-40
-39
-40
-37
-38
-34
-26
-17
-9
9
25
44
63
86
104
125
147
169
185
202
220
228
233
243
243
247
246
247
243
242
240
237
238
233
225
215
203
190
173
152
129
106
79
45
14
-13
-53
-86
-116
-145
-174
-198
-217
-239
-247
-257
-265
-269
-268
-269
-269
-268
-267
-260
-251
-237
-222
-211
-190
-167
-142
-119
-92
-67
-38
-13
9
39
64
88
109
124
136
143
147
143
140
139
135
128
125
115
105
94
79
69
55
40
21
1
-14
-37
-59
-87
-120
-151
-181
-215
-247
-272
-294
-304
-312
-301
-294
-271
-236
-200
-151
-108
-63
-4
47
107
153
202
242
272
298
311
326
332
342
333
326
321
317
315
305
298
289
284
271
257
239
222
200
174
145
100
55
11
-39
-85
-136
-174
-212
-242
-266
-284
-291
-294
-279
-268
-249
-226
-203
-184
-168
-158
-152
-144
-144
-139
-142
-142
-137
-128
-106
-94
-69
-44
-12
20
43
75
102
120
135
148
150
144
144
135
112
102
80
62
45
34
23
15
14
11
18
21
27
34
41
37
31
22
-11
-48
-101
-151
-202
-260
-327
-393
-441
-461
-464
-463
-456
-435
-380
-313
-236
-149
-63
31
114
205
293
347
385
415
444
460
468
470
473
464
464
462
468
477
477
481
488
494
509
514
493
465
407
365
289
213
100
-7
-120
-228
-338
-442
-535
-622
-685
-723
-717
-721
-685
-636
-584
-498
-421
-336
-266
-202
-140
-82
-28
1
29
39
58
81
100
115
139
148
170
195
223
257
262
288
278
284
272
245
217
159
109
50
7
-50
-114
-156
-194
-210
-213
-196
-185
-170
-140
-111
-65
-25
15
52
96
125
153
174
179
162
150
104
21
-65
-143
-201
-277
-391
-518
-609
-630
-609
-601
-629
-646
-608
-519
-402
-290
-207
-116
4
124
228
285
315
357
401
454
473
477
480
499
527
553
581
635
694
732
755
778
798
812
787
705
609
520
426
283
123
-73
-243
-420
-566
-690
-797
-891
-966
-953
-925
-858
-776
-674
-583
-471
-322
-214
-114
-49
10
52
90
143
168
172
176
200
222
286
345
377
406
430
464
499
542
522
465
410
352
285
203
94
-25
-127
-218
-268
-324
-357
-376
-378
-355
-309
-272
-222
-164
-115
-48
4
69
100
126
146
136
149
147
63
-101
-295
-384
-416
-503
-666
-892
-984
-884
-737
-662
-712
-722
-614
-406
-182
-28
51
119
250
376
465
470
423
408
418
445
435
429
434
448
492
542
632
754
855
888
886
888
927
947
862
702
523
351
191
22
-183
-417
-643
-802
-877
-933
-988
-1029
-1027
-957
-827
-659
-524
-402
-294
-175
-59
44
113
127
110
101
96
144
166
150
116
112
169
285
398
448
454
468
509
558
582
516
417
325
256
181
109
11
-111
-201
-263
-261
-263
-250
-258
-265
-236
-159
-120
-104
-98
-116
-99
-93
-80
-101
-107
-91
-70
-42
2
7
-142
-391
-571
-561
-512
-617
-932
-1219
-1202
-936
-659
-624
-726
-715
-485
-106
199
332
377
478
660
848
937
906
825
775
768
764
719
674
652
635
629
642
722
819
864
815
721
687
730
701
523
250
-42
-246
-359
-490
-699
-937
-1128
-1133
-1053
-962
-908
-893
-794
-628
-356
-163
-19
24
26
51
121
195
182
124
-8
-71
-44
79
154
158
153
204
361
566
713
720
630
577
594
635
588
415
192
6
-99
-146
-191
-294
-425
-520
-492
-406
-350
-362
-425
-456
-409
-336
-305
-344
-402
-431
-376
-299
-270
-239
-184
-73
46
197
317
202
-118
-433
-419
-294
-395
-810
-1286
-1368
-994
-566
-455
-609
-692
-411
83
510
724
749
781
925
1111
1175
1043
825
646
559
496
394
351
356
346
361
406
555
776
929
950
822
721
732
765
633
283
-141
-444
-561
-623
-753
-990
-1145
-1132
-922
-681
-506
-413
-343
-165
56
244
300
243
88
-80
-152
-178
-205
-330
-533
-660
-578
-324
-15
132
190
290
526
893
1141
1204
1081
938
881
860
780
569
273
-31
-233
-279
-267
-309
-434
-597
-658
-586
-476
-439
-517
-641
-679
-612
-578
-595
-669
-716
-669
-533
-377
-241
-120
22
184
379
600
811
771
408
-100
-360
-276
-274
-679
-1367
-1778
-1551
-906
-480
-471
-659
-565
-42
605
1030
1094
986
914
1003
1097
1060
787
451
219
168
199
238
338
426
493
615
786
1034
1258
1280
1045
729
523
445
308
-62
-617
-1076
-1240
-1165
-1063
-1094
-1142
-1110
-802
-356
-51
28
-14
-9
65
185
184
65
-199
-454
-559
-551
-404
-317
-309
-361
-256
71
502
803
852
785
776
971
1186
1183
907
549
349
313
321
203
-32
-296
-428
-384
-258
-222
-332
-502
-639
-603
-492
-435
-527
-717
-791
-719
-549
-425
-399
-390
-274
-68
156
313
409
494
585
699
841
789
338
-341
-803
-775
-658
-923
-1595
-2075
-1794
-962
-279
-134
-296
-263
238
862
1259
1231
997
875
878
955
835
578
359
260
287
346
450
655
863
956
959
954
1084
1226
1122
748
228
-112
-197
-259
-535
-954
-1276
-1308
-1093
-843
-688
-661
-575
-380
-126
112
126
-15
-248
-408
-410
-334
-328
-483
-727
-815
-610
-264
56
152
76
94
365
794
1051
976
742
599
676
896
943
763
428
180
150
237
332
225
-98
-408
-516
-418
-272
-358
-636
-899
-939
-719
-518
-471
-598
-691
-588
-327
-132
-59
-99
-111
-31
122
256
361
419
467
524
604
691
382
-263
-899
-970
-760
-813
-1356
-1984
-1964
-1205
-292
41
-106
-235
123
788
1305
1404
1148
943
908
1002
993
786
561
445
425
452
535
709
918
993
919
810
834
1017
986
660
115
-310
-412
-389
-518
-895
-1300
-1406
-1182
-837
-627
-659
-699
-602
-306
-63
-14
-144
-343
-440
-431
-328
-208
-237
-443
-576
-429
-45
368
491
380
276
432
807
1085
1094
813
567
556
738
887
756
395
68
-64
13
117
38
-256
-639
-835
-740
-520
-452
-605
-875
-932
-714
-340
-155
-219
-339
-296
-47
225
336
254
160
196
328
486
542
527
469
464
481
550
485
-35
-809
-1425
-1406
-1170
-1282
-1929
-2454
-2168
-1167
-226
76
-42
-61
391
1010
1465
1472
1242
1009
880
905
901
818
716
592
510
585
801
1080
1245
1136
888
698
679
745
607
119
-535
-939
-983
-860
-886
-1112
-1354
-1274
-913
-466
-248
-228
-307
-237
-72
-22
-62
-323
-571
-768
-695
-459
-178
-53
-83
-28
268
806
1146
1176
871
641
676
848
957
716
326
17
37
264
420
351
81
-180
-248
-113
-8
-80
-447
-847
-1013
-846
-568
-472
-592
-736
-605
-194
254
429
392
305
331
474
563
499
304
126
-4
-46
-15
32
20
-7
-6
48
-86
-591
-1255
-1634
-1535
-1438
-1722
-2228
-2335
-1669
-654
52
229
233
525
1100
1629
1848
1678
1411
1223
1129
1031
775
553
450
469
501
495
612
871
1063
1000
764
542
532
532
259
-299
-862
-1039
-903
-780
-921
-1136
-1115
-801
-375
-119
-70
-125
-116
-25
47
-36
-200
-403
-548
-595
-516
-263
-7
101
43
87
397
864
1064
917
607
405
508
675
686
442
127
-6
120
370
497
381
120
-107
-206
-157
-148
-306
-655
-990
-1057
-834
-529
-381
-421
-462
-263
126
515
665
581
422
361
398
396
311
84
-148
-258
-207
-99
-11
-42
-130
-94
36
119
-201
-904
-1700
-1943
-1695
-1496
-1815
-2328
-2280
-1393
-174
594
779
719
938
1388
1794
1870
1580
1131
763
606
566
527
483
455
416
446
596
858
1128
1126
845
414
115
80
33
-290
-879
-1340
-1335
-930
-580
-517
-596
-488
-106
314
549
445
198
-28
-122
-184
-323
-513
-716
-812
-725
-400
84
464
530
419
477
775
1087
1055
673
170
-108
-49
167
255
101
-97
-98
243
662
852
673
258
-81
-174
-105
-167
-519
-997
-1249
-1084
-628
-241
-83
-58
33
316
726
999
932
592
227
50
47
6
-223
-525
-710
-641
-419
-206
-94
-66
-36
21
-35
-448
-1152
-1729
-1867
-1734
-1786
-2109
-2243
-1726
-640
342
850
984
1189
1573
1905
1930
1608
1202
868
690
505
230
38
106
366
560
604
637
903
1205
1204
852
392
116
-6
-184
-562
-996
-1136
-890
-547
-351
-284
-142
132
411
543
435
221
-67
-284
-467
-605
-737
-868
-842
-754
-480
-115
305
566
564
469
480
654
715
502
80
-275
-360
-167
96
192
149
127
307
595
812
741
409
-7
-340
-526
-606
-690
-892
-1105
-1089
-747
-227
227
458
538
642
791
937
931
671
256
-108
-314
-407
-467
-562
-669
-685
-517
-235
56
160
128
60
26
-232
-861
-1641
-2107
-2053
-1861
-1934
-2210
-2022
-1076
225
1117
1383
1437
1629
1933
2034
1790
1295
828
508
326
151
-8
19
283
601
829
935
1052
1273
1348
1074
547
71
-214
-356
-555
-932
-1235
-1152
-691
-207
3
61
190
424
597
549
275
-100
-435
-684
-812
-857
-884
-874
-768
-536
-183
261
642
808
731
595
582
656
594
276
-89
-291
-229
-33
172
277
267
282
350
458
482
302
-73
-514
-832
-932
-859
-824
-881
-941
-712
-209
337
701
809
858
893
931
909
745
451
89
-240
-422
-390
-313
-325
-438
-511
-389
-155
1
-83
-228
-350
-396
-643
-1216
-1931
-2287
-2080
-1730
-1632
-1757
-1508
-591
628
1412
1571
1461
1479
1617
1591
1303
821
425
215
163
142
122
249
585
961
1142
1129
1063
1098
1059
759
210
-330
-601
-647
-680
-839
-954
-741
-234
242
463
460
493
569
556
345
-36
-379
-679
-886
-991
-986
-829
-656
-470
-233
102
469
738
761
541
315
233
238
136
-97
-334
-433
-335
-106
145
302
346
305
319
362
338
146
-191
-571
-829
-842
-732
-585
-480
-362
-102
313
707
977
1083
1073
1002
883
718
534
301
-4
-296
-489
-504
-400
-341
-393
-491
-466
-329
-195
-198
-292
-405
-465
-605
-1071
-1677
-2002
-1783
-1336
-1154
-1330
-1223
-377
818
1581
1616
1364
1306
1464
1462
1149
668
323
179
174
185
163
282
551
814
892
808
741
743
690
421
-72
-489
-647
-604
-575
-677
-755
-533
-50
369
470
353
269
299
263
37
-314
-627
-810
-903
-863
-768
-630
-458
-267
-53
214
451
570
504
279
90
12
32
-62
-240
-359
-318
-138
77
265
409
451
403
328
280
198
-21
-319
-605
-723
-652
-482
-338
-261
-150
128
534
891
995
937
840
769
650
458
233
14
-169
-308
-411
-416
-315
-235
-253
-325
-330
-250
-152
-149
-229
-290
-337
-555
-1044
-1628
-1853
-1584
-1131
-1084
-1285
-1131
-299
869
1520
1448
1211
1138
1148
1128
889
548
152
-10
102
163
253
311
582
906
1004
926
816
782
663
373
-86
-432
-526
-414
-369
-483
-480
-185
357
716
693
493
445
437
288
-93
-547
-858
-1010
-1098
-1120
-1013
-831
-598
-372
-64
258
535
694
618
386
263
286
273
91
-154
-243
-171
-97
-20
77
156
137
45
-27
-78
-176
-352
-547
-691
-700
-587
-397
-219
-64
141
450
787
977
1018
1001
959
877
712
476
235
45
-122
-274
-406
-493
-489
-443
-476
-553
-558
-499
-412
-382
-325
-269
-259
-394
-780
-1308
-1619
-1439
-1028
-858
-1064
-1084
-445
625
1358
1409
1129
931
959
945
765
446
103
-92
-62
146
327
404
511
706
887
920
818
689
578
381
44
-296
-406
-274
-121
-177
-279
-114
314
653
567
260
36
17
-109
-468
-938
-1191
-1242
-1185
-1043
-851
-539
-240
79
366
668
929
1019
882
594
391
310
256
76
-173
-297
-243
-146
-38
58
129
108
-22
-100
-89
-117
-284
-533
-651
-555
-299
-56
82
218
460
811
1093
1245
1194
1073
922
769
540
272
6
-265
-460
-641
-732
-766
-757
-750
-793
-827
-739
-574
-469
-439
-406
-268
-165
-124
-420
-921
-1419
-1532
-1158
-822
-829
-1033
-779
53
1013
1407
1241
950
806
769
664
468
198
-51
-164
-14
222
380
559
751
933
976
888
817
786
662
303
-114
-334
-199
10
37
-106
-88
240
606
672
399
117
-9
-141
-437
-787
-976
-996
-985
-926
-695
-357
-21
201
349
557
766
846
745
484
182
-3
-113
-146
-238
-339
-384
-367
-240
-87
56
53
-103
-235
-228
-173
-247
-434
-580
-492
-237
48
267
423
579
795
1039
1176
1148
943
695
480
276
48
-213
-462
-695
-821
-867
-823
-779
-784
-787
-765
-627
-456
-321
-273
-220
-80
119
257
84
-424
-1077
-1392
-1173
-760
-675
-990
-1027
-385
653
1308
1285
957
689
581
486
328
112
-160
-347
-270
21
338
592
789
972
1028
971
923
916
827
485
-19
-371
-302
35
203
83
-77
87
531
801
656
276
-38
-242
-411
-628
-780
-926
-1042
-1010
-707
-228
140
353
411
520
706
913
932
670
210
-167
-212
-112
-107
-266
-413
-435
-322
-102
117
143
-84
-321
-353
-198
-110
-240
-435
-477
-227
142
470
626
631
686
818
964
941
758
439
139
-93
-257
-391
-534
-718
-896
-940
-863
-721
-686
-738
-777
-703
-484
-276
-158
-135
-20
163
299
237
-179
-777
-1347
-1410
-1056
-773
-918
-1122
-724
215
1059
1290
1050
708
485
303
170
55
-111
-240
-215
66
422
780
1116
1336
1360
1238
1113
1049
961
603
40
-389
-437
-110
186
187
32
98
420
695
633
301
-75
-434
-711
-886
-874
-916
-1074
-1101
-749
-141
362
544
566
590
673
810
850
666
204
-291
-492
-327
-147
-190
-326
-446
-358
-128
103
141
-105
-436
-558
-374
-211
-200
-313
-382
-253
94
460
677
668
571
566
643
703
587
337
37
-201
-282
-259
-270
-434
-624
-734
-662
-515
-436
-472
-592
-550
-306
32
191
178
187
334
527
563
320
-364
-1159
-1746
-1649
-1161
-950
-1191
-1349
-737
355
1202
1338
1018
607
326
182
158
120
14
-49
41
447
966
1452
1763
1742
1501
1194
1000
803
470
-102
-734
-1067
-886
-366
-28
-62
-196
-29
403
654
435
-50
-536
-858
-988
-923
-763
-684
-614
-345
126
461
651
681
639
409
164
237
358
274
-205
-532
-404
-61
90
-42
-198
-327
-344
-211
-48
-90
-348
-579
-505
-229
-32
126
167
181
273
515
785
828
692
500
453
419
441
396
242
-5
-261
-307
-297
-360
-573
-751
-820
-785
-693
-594
-525
-450
-276
-2
218
271
291
346
382
272
9
-585
-1346
-2006
-1981
-1363
-925
-973
-1164
-566
554
1388
1452
1006
592
236
10
-101
-51
51
150
398
825
1323
1738
2008
1906
1519
992
581
300
-69
-508
-1001
-1201
-943
-255
296
405
236
231
553
653
387
-216
-704
-949
-1002
-819
-537
-265
-143
63
504
990
1177
995
570
147
-72
-24
106
-31
-443
-776
-662
-253
45
-73
-438
-751
-840
-688
-493
-430
-532
-569
-341
153
662
901
896
699
518
519
606
586
297
-25
-166
11
287
489
483
257
3
-142
-142
-255
-567
-946
-1147
-1117
-885
-588
-376
-241
-118
168
469
581
466
252
121
32
-65
-310
-851
-1534
-1964
-1655
-887
-411
-467
-642
-210
604
1164
1076
560
-10
-404
-495
-346
3
323
583
877
1253
1634
1884
1845
1410
789
187
-212
-432
-537
-653
-813
-713
-316
331
731
701
390
194
192
50
-231
-630
-811
-753
-497
-138
174
455
603
631
612
544
499
276
-67
-390
-430
-91
187
187
-98
-359
-366
-283
-314
-558
-823
-984
-939
-677
-242
189
393
499
603
810
955
914
622
213
-64
-123
78
266
355
369
441
567
706
756
504
62
-469
-787
-892
-948
-976
-995
-865
-633
-344
-116
22
91
114
113
59
-13
-46
-70
-72
-135
-175
-235
-620
-1104
-1494
-1323
-875
-606
-634
-692
-293
329
800
744
384
12
-262
-317
-213
117
493
851
1157
1490
1804
1877
1677
1217
733
201
-318
-706
-816
-699
-613
-496
-225
306
686
686
395
164
57
-162
-471
-770
-709
-421
-135
60
289
614
873
909
703
405
123
-136
-369
-536
-446
-222
-76
-174
-363
-391
-387
-567
-861
-1052
-967
-733
-550
-275
141
608
872
952
902
807
687
466
124
-154
-195
-31
164
326
505
643
685
616
488
256
-123
-529
-801
-935
-977
-927
-758
-509
-218
-2
82
91
98
163
139
17
-129
-207
-180
-143
-110
-67
-75
-209
-560
-946
-1259
-1272
-927
-591
-449
-457
-266
134
483
528
255
-74
-326
-302
-38
399
882
1356
1754
1943
1919
1628
1170
612
89
-430
-870
-1098
-958
-438
-11
228
359
526
611
414
19
-400
-636
-786
-817
-659
-290
233
630
836
812
787
779
649
271
-141
-373
-403
-306
-161
72
136
29
-265
-605
-873
-1127
-1297
-1343
-1118
-586
0
489
834
1115
1249
1165
827
389
71
-115
-216
-204
-29
299
655
860
863
682
413
147
-151
-450
-708
-841
-758
-588
-353
-213
-150
-123
-109
-133
-235
-393
-480
-391
-225
-22
102
145
140
44
-68
-206
-256
-348
-509
-723
-927
-1064
-1028
-756
-422
-240
-299
-384
-291
-100
23
-52
-151
-110
105
454
858
1301
1652
1835
1746
1378
884
426
54
-201
-386
-446
-370
-178
124
354
424
319
104
-92
-293
-408
-466
-421
-230
-47
176
418
629
731
635
520
420
414
356
241
158
94
45
-106
-265
-447
-665
-887
-1113
-1184
-1117
-1031
-797
-459
-30
357
598
658
547
434
324
212
154
174
309
481
597
636
630
549
442
280
49
-254
-420
-382
-286
-179
-220
-298
-365
-398
-452
-596
-715
-700
-517
-298
-127
27
173
279
244
98
-112
-258
-352
-404
-348
-238
-19
130
126
-89
-435
-786
-1043
-1096
-927
-679
-543
-460
-204
194
429
330
147
122
305
537
743
1054
1466
1759
1774
1447
899
372
-10
-268
-412
-387
-198
50
273
433
478
386
121
-183
-443
-627
-653
-498
-173
226
539
671
682
650
568
439
277
125
28
-17
-85
-147
-227
-313
-510
-777
-935
-939
-856
-785
-700
-542
-310
-42
174
283
277
227
165
149
216
327
497
606
687
736
719
590
340
142
-12
-48
-60
-85
-111
-86
-6
-22
-202
-458
-646
-703
-707
-656
-496
-215
38
117
99
13
-77
-198
-325
-439
-499
-445
-274
-79
72
152
173
93
-94
-341
-668
-970
-1222
-1198
-902
-516
-321
-296
-201
-29
125
103
44
144
431
754
983
1165
1345
1470
1343
967
490
73
-134
-191
-75
169
421
559
488
326
97
-144
-339
-380
-294
-210
-136
32
342
639
724
557
309
201
290
431
530
450
295
70
-69
-210
-470
-786
-997
-957
-784
-571
-342
-167
-155
-269
-382
-409
-374
-262
-63
198
416
582
728
832
764
576
411
251
132
12
-4
41
139
279
272
101
-166
-295
-267
-323
-462
-556
-488
-377
-330
-308
-298
-256
-225
-229
-291
-336
-345
-290
-260
-291
-317
-304
-225
-135
-18
127
224
288
238
89
-123
-399
-682
-987
-1172
-1072
-632
-107
201
260
214
309
409
361
232
233
424
660
854
954
980
923
774
484
157
-56
-57
120
304
408
426
361
188
-101
-350
-419
-309
-107
71
229
399
585
718
685
432
170
29
63
117
73
-46
-143
-230
-419
-731
-1045
-1150
-1033
-757
-572
-407
-243
-124
-112
-311
-438
-391
-142
198
478
705
851
893
820
650
394
110
-90
-128
-16
181
346
415
358
156
-73
-241
-383
-447
-412
-275
-89
59
113
58
-71
-181
-230
-246
-236
-262
-271
-282
-301
-320
-369
-388
-385
-301
-123
116
348
445
410
241
-4
-287
-566
-742
-894
-975
-863
-427
150
444
342
38
-128
-40
65
88
90
249
553
810
807
657
469
306
178
58
-13
71
303
477
550
432
241
87
-14
-71
-100
-27
217
567
824
808
596
400
309
224
74
-89
-126
-20
70
-33
-246
-420
-508
-640
-857
-950
-758
-419
-239
-273
-311
-216
-83
-77
-191
-195
9
356
677
825
736
514
340
313
225
70
-71
-94
49
176
196
35
-165
-328
-390
-354
-291
-241
-202
-137
-58
-39
-96
-210
-307
-341
-310
-271
-221
-218
-268
-377
-494
-506
-425
-283
-151
-19
88
193
255
216
88
-100
-241
-278
-237
-190
-151
-99
-16
59
115
94
97
165
230
222
129
49
22
79
103
28
-71
-137
-72
64
167
203
155
153
130
71
-31
-65
-1
150
342
450
515
589
664
727
681
630
564
530
518
399
297
202
138
28
-128
-293
-392
-382
-364
-403
-416
-389
-353
-352
-349
-280
-184
-83
-21
21
94
200
302
341
342
315
238
204
193
142
-1
-176
-237
-204
-142
-95
-144
-173
-139
-86
-2
32
-20
-105
-129
-92
14
88
129
119
87
88
0
-172
-359
-493
-519
-496
-453
-381
-267
-106
-23
-25
-67
-68
-92
-176
-264
-335
-292
-190
-136
-173
-204
-140
-18
33
-36
-100
-69
32
47
-69
-226
-313
-235
-99
-4
4
-80
-164
-182
-119
-24
6
-21
-102
-135
-53
87
231
325
400
437
484
566
686
822
852
824
771
697
638
519
350
176
62
15
6
-25
-144
-228
-254
-223
-200
-262
-293
-305
-250
-172
-56
65
144
228
306
379
457
458
387
217
72
14
31
12
-121
-311
-426
-387
-289
-195
-158
-183
-235
-222
-130
-25
-53
-137
-180
-99
67
167
231
201
126
42
-24
-99
-242
-350
-399
-400
-341
-254
-163
-116
-144
-166
-157
-130
-170
-223
-263
-283
-272
-217
-132
-55
-35
-62
-21
124
265
270
148
5
-54
-11
6
-75
-125
-129
-29
80
91
37
-18
-52
-134
-216
-242
-183
-113
-53
10
73
140
234
300
349
421
499
620
704
733
712
651
561
403
257
131
25
-29
-72
-115
-166
-234
-293
-355
-386
-372
-311
-223
-137
-49
40
137
214
266
287
332
366
389
360
257
170
72
3
-82
-212
-306
-315
-247
-199
-170
-152
-161
-184
-244
-247
-209
-185
-182
-141
0
166
318
365
296
170
65
-20
-120
-197
-275
-350
-389
-400
-324
-193
-150
-188
-247
-271
-240
-202
-197
-233
-253
-242
-184
-92
-8
87
98
37
47
120
183
164
106
29
36
97
83
-13
-81
-50
-1
-29
-131
-223
-248
-235
-232
-233
-246
-236
-198
-119
-40
29
129
179
221
244
305
433
557
660
712
728
680
612
510
391
258
115
21
-24
-11
8
-41
-131
-234
-279
-257
-217
-191
-156
-41
120
262
351
384
387
375
370
347
264
99
-76
-162
-198
-199
-200
-209
-178
-133
-124
-162
-219
-300
-360
-355
-255
-143
-14
102
210
317
382
397
295
169
40
-58
-140
-166
-131
-105
-115
-192
-237
-240
-222
-219
-269
-308
-301
-215
-162
-164
-203
-216
-170
-120
-83
-46
-39
-67
-107
-152
-123
-45
18
12
2
50
115
133
57
-60
-164
-214
-201
-167
-128
-75
-71
-81
-81
-78
-100
-135
-203
-252
-207
-86
78
186
263
355
453
511
529
552
560
527
430
359
314
275
201
100
57
48
55
13
-90
-197
-285
-302
-276
-227
-126
12
159
293
386
424
379
298
211
97
-13
-116
-145
-80
-40
-62
-105
-129
-112
-105
-169
-269
-355
-353
-308
-218
-96
7
121
235
306
333
352
295
212
96
-6
-52
-73
-82
-85
-85
-98
-122
-150
-183
-205
-233
-259
-213
-136
-74
-69
-117
-147
-152
-121
-93
-91
-118
-127
-107
-83
-59
-33
7
-4
-26
-24
20
94
85
19
-63
-130
-159
-175
-166
-125
-78
-67
-86
-110
-101
-103
-142
-189
-186
-125
-45
24
129
257
369
432
425
374
344
318
306
335
340
318
248
177
132
107
90
45
-46
-123
-154
-144
-122
-77
8
104
216
294
348
379
356
275
192
148
118
72
17
-30
-32
-52
-105
-171
-218
-233
-290
-366
-424
-395
-301
-222
-169
-84
24
118
189
218
243
254
245
197
124
47
-42
-100
-131
-138
-140
-134
-133
-115
-93
-102
-111
-121
-141
-165
-179
-179
-180
-210
-205
-162
-110
-87
-124
-137
-120
-81
-87
-110
-126
-126
-131
-154
-154
-113
-38
-25
-44
-67
-45
11
14
-22
-54
-6
58
78
53
-43
-101
-120
-80
-7
54
80
101
115
148
233
309
324
279
243
218
252
274
272
246
198
159
105
53
17
7
-16
-27
-34
0
72
150
210
256
314
349
351
296
202
156
155
139
113
93
51
-35
-90
-165
-220
-239
-255
-292
-338
-324
-285
-226
-165
-122
-68
8
104
179
204
203
186
183
168
132
68
-37
-85
-86
-43
-23
-40
-56
-75
-87
-144
-175
-177
-185
-186
-193
-171
-128
-94
-59
-54
-45
-49
-85
-115
-145
-160
-175
-201
-196
-207
-229
-233
-208
-172
-109
-57
-47
-24
22
104
122
91
69
16
-7
-8
-12
-18
-33
-59
-81
-39
35
99
98
80
26
11
19
-5
5
31
69
120
129
102
78
48
2
-64
-103
-102
-74
-52
-31
21
112
191
245
250
263
306
358
383
387
354
319
302
265
261
230
181
105
14
-37
-86
-133
-174
-215
-218
-205
-167
-139
-95
-43
23
90
101
109
118
141
130
95
81
54
21
-26
-67
-67
-51
-37
-45
-43
-1
0
-45
-104
-154
-148
-138
-111
-89
-75
-45
-52
-35
-19
-44
-98
-173
-233
-248
-224
-216
-214
-220
-220
-203
-179
-151
-122
-105
-119
-100
-37
25
62
68
45
47
45
61
33
-27
-75
-66
-4
40
58
22
-18
-22
22
73
93
82
63
47
34
52
35
8
-42
-117
-152
-176
-144
-101
-55
-23
-6
21
69
127
211
290
328
350
363
363
333
311
280
247
233
230
218
186
142
110
95
54
-10
-107
-168
-149
-110
-76
-60
-33
25
82
110
88
66
45
33
37
13
-19
-43
-89
-123
-151
-128
-63
-59
-91
-122
-114
-98
-102
-136
-171
-133
-65
-16
21
31
48
28
-11
-40
-94
-146
-205
-233
-215
-201
-182
-215
-257
-271
-269
-242
-214
-192
-171
-130
-71
-11
27
58
99
124
125
136
152
165
174
145
88
36
-9
-45
-44
-25
43
107
116
122
113
125
117
64
-10
-118
-215
-248
-236
-219
-210
-224
-225
-189
-129
-71
-12
60
140
201
254
284
309
333
334
315
295
291
301
307
292
284
282
300
280
211
131
69
54
65
86
77
58
67
89
123
151
133
74
27
14
17
5
-33
-94
-147
-189
-206
-197
-188
-189
-205
-210
-174
-117
-72
-87
-118
-127
-115
-37
16
49
41
6
-26
-57
-50
-86
-141
-197
-238
-257
-260
-278
-317
-328
-303
-267
-247
-229
-219
-185
-138
-100
-67
-29
16
70
116
143
157
171
190
186
165
134
90
37
-10
-23
8
68
100
130
131
119
89
46
-10
-85
-145
-194
-219
-226
-211
-198
-178
-136
-89
-38
2
47
113
165
211
226
218
196
189
210
241
275
291
274
253
234
210
188
161
125
62
20
27
55
85
106
103
91
98
121
119
117
93
53
48
41
28
2
-47
-98
-132
-164
-197
-199
-202
-195
-177
-164
-145
-99
-74
-67
-72
-70
-37
8
63
81
73
55
43
16
-14
-38
-56
-63
-83
-101
-136
-178
-219
-247
-227
-202
-183
-172
-163
-128
-75
-34
-4
-4
-5
31
71
88
84
68
64
73
94
79
37
-9
-1
40
80
77
47
30
26
33
14
-37
-108
-163
-198
-204
-204
-209
-206
-200
-147
-76
-19
18
36
70
119
150
160
151
153
167
161
170
205
237
242
217
183
146
112
93
65
31
10
30
77
120
143
135
127
142
169
184
145
104
83
78
83
88
62
20
-24
-54
-78
-102
-111
-142
-166
-168
-134
-100
-87
-89
-74
-32
-12
-13
-6
3
37
83
107
110
107
84
25
-11
-56
-95
-132
-179
-221
-240
-238
-235
-230
-208
-189
-173
-145
-119
-103
-110
-114
-112
-94
-70
-43
-25
-37
-24
35
84
88
48
-9
-43
-20
20
36
31
-15
-46
-22
8
10
-23
-94
-154
-182
-164
-151
-155
-168
-157
-94
-22
23
30
32
52
73
112
159
167
177
189
188
210
226
225
206
163
121
96
80
53
40
27
16
70
139
187
199
197
173
186
217
209
183
149
137
147
158
125
82
37
2
-42
-77
-103
-125
-141
-162
-149
-116
-85
-71
-63
-67
-61
-47
-21
16
65
117
167
171
155
138
88
25
-27
-62
-74
-80
-115
-139
-130
-109
-96
-100
-105
-94
-73
-55
-36
-44
-85
-103
-104
-107
-75
-41
-32
-27
-13
18
9
-20
-80
-142
-147
-125
-98
-79
-59
-54
-50
-51
-56
-85
-137
-205
-244
-253
-231
-208
-202
-175
-143
-106
-76
-54
-66
-68
-37
-8
19
44
71
80
76
107
134
131
116
77
35
19
20
38
53
42
53
99
149
210
226
222
217
199
214
256
291
289
268
254
255
239
191
136
70
40
32
28
10
-29
-57
-75
-84
-82
-81
-95
-104
-106
-84
-62
-11
46
74
92
100
109
96
43
-15
-72
-94
-93
-94
-96
-103
-71
-50
-22
-24
-36
-52
-59
-43
-25
-10
-20
-43
-50
-26
-5
2
1
-7
-8
15
16
-8
-50
-92
-113
-108
-111
-116
-116
-117
-125
-134
-143
-152
-161
-178
-205
-195
-179
-158
-135
-130
-98
-59
-15
5
9
12
27
53
91
123
129
135
130
135
157
157
148
111
75
66
63
84
81
63
49
62
97
138
160
151
146
142
171
198
210
219
199
181
167
155
134
88
34
5
13
16
6
-28
-75
-105
-125
-161
-166
-172
-175
-162
-143
-110
-85
-45
-19
-8
-19
-8
8
-20
-44
-67
-99
-82
-79
-78
-74
-88
-61
-27
11
26
-6
-21
-21
3
20
24
25
14
13
28
33
30
5
-20
-21
-22
-16
-33
-59
-81
-106
-139
-173
-185
-176
-176
-175
-160
-136
-122
-121
-132
-138
-123
-105
-84
-79
-70
-33
2
36
59
48
40
30
46
59
89
110
112
109
97
95
99
93
61
42
40
42
52
52
32
35
52
105
158
178
189
192
214
227
242
230
208
190
182
180
175
165
134
104
87
70
64
49
19
-12
-54
-85
-101
-106
-92
-73
-49
-28
4
25
32
31
18
1
-10
6
17
6
-9
-22
-12
-6
-15
-20
-21
-28
-13
-7
-3
-16
-14
-16
-12
-7
-14
-15
-18
-5
-16
-32
-47
-67
-77
-73
-87
-124
-152
-167
-197
-220
-227
-256
-271
-264
-259
-250
-241
-224
-216
-207
-207
-212
-208
-184
-164
-149
-113
-86
-41
-24
-36
-14
6
22
37
49
69
89
92
98
108
111
104
97
88
90
116
149
170
164
162
185
216
258
277
271
259
255
257
260
239
194
156
139
145
150
133
105
74
46
18
-8
-39
-71
-100
-130
-145
-149
-132
-126
-131
-128
-119
-95
-83
-81
-71
-76
-71
-66
-54
-37
-27
-24
-20
-27
-25
-7
6
13
18
41
66
86
91
99
101
99
109
111
113
112
96
82
70
54
54
56
58
50
33
5
-20
-58
-79
-91
-109
-125
-139
-137
-145
-150
-151
-153
-152
-143
-136
-139
-132
-147
-141
-124
-104
-59
-30
-30
-28
-29
-13
-8
-14
-12
1
23
34
33
23
14
18
31
37
60
74
89
109
118
122
139
155
162
160
150
133
149
161
146
132
115
87
73
62
38
16
6
2
-18
-41
-66
-79
-81
-92
-101
-108
-97
-101
-101
-76
-70
-74
-85
-83
-92
-95
-91
-99
-102
-103
-91
-77
-60
-58
-65
-78
-85
-78
-40
-1
18
41
56
86
114
129
121
111
94
82
90
91
95
90
81
76
89
91
82
43
25
0
-19
-20
-39
-57
-80
-99
-105
-99
-101
-98
-128
-138
-136
-133
-123
-135
-136
-153
-139
-118
-85
-62
-48
-23
-13
-2
-4
-2
-7
2
16
18
44
47
55
67
74
97
111
138
140
150
156
177
211
221
222
216
225
217
208
192
170
144
124
94
72
57
21
-3
-14
-11
-11
-15
-24
-34
-48
-49
-52
-62
-63
-78
-85
-87
-94
-95
-107
-119
-133
-139
-145
-160
-157
-139
-139
-141
-121
-118
-120
-115
-102
-74
-34
6
45
73
101
129
143
133
123
122
111
112
99
85
90
93
93
99
90
83
57
35
24
6
-6
-26
-44
-45
-50
-64
-71
-86
-108
-148
-173
-181
-187
-181
-185
-194
-182
-166
-148
-138
-130
-108
-89
-79
-80
-76
-82
-82
-67
-60
-33
-28
-22
-16
-8
23
47
72
79
99
107
117
146
170
190
188
191
205
216
218
213
196
157
131
123
98
76
49
25
18
15
19
23
16
-7
-12
-13
-10
-6
-10
-27
-38
-35
-45
-44
-62
-71
-65
-63
-53
-64
-78
-87
-95
-93
-72
-65
-61
-59
-35
-14
29
62
82
110
119
132
145
136
139
128
118
122
115
102
75
69
59
56
60
42
22
3
-14
-18
-22
-29
-57
-69
-75
-91
-97
-104
-115
-126
-153
-169
-181
-178
-172
-169
-158
-142
-128
-133
-147
-153
-145
-133
-110
-102
-101
-106
-103
-93
-82
-81
-77
-67
-49
-28
-2
29
55
69
84
103
115
153
173
181
190
205
221
244
246
227
203
171
156
146
134
108
93
85
75
71
77
54
38
16
8
17
23
37
26
12
-2
-19
-35
-37
-56
-76
-92
-95
-108
-119
-122
-131
-126
-107
-99
-90
-87
-86
-67
-65
-44
-28
-12
2
26
53
67
81
78
80
74
50
46
36
12
24
29
31
35
39
29
25
16
2
-1
-16
-26
-33
-36
-30
-39
-46
-58
-70
-89
-106
-105
-119
-134
-136
-130
-122
-110
-109
-106
-101
-100
-97
-83
-77
-73
-80
-78
-75
-63
-53
-46
-32
-29
10
25
44
64
66
89
109
136
162
177
184
196
210
218
212
196
173
145
137
126
110
90
80
58
37
34
20
-2
-17
-19
-25
-23
-10
2
19
16
9
14
4
-18
-50
-65
-66
-66
-76
-69
-83
-87
-81
-67
-54
-58
-63
-56
-47
-35
-8
10
25
42
68
87
105
99
91
87
80
62
57
45
24
24
28
32
22
23
13
3
-7
-23
-28
-36
-34
-39
-46
-47
-58
-70
-79
-88
-96
-113
-118
-127
-138
-130
-128
-118
-120
-126
-131
-136
-130
-124
-125
-121
-109
-97
-85
-77
-78
-78
-68
-64
-64
-49
-21
-4
13
33
56
84
99
113
126
136
155
168
178
195
193
189
187
187
169
145
120
94
93
84
73
58
40
26
26
26
22
26
29
24
16
11
7
4
-16
-30
-36
-52
-42
-23
-21
-21
-35
-46
-61
-57
-49
-50
-60
-55
-47
-29
-8
7
27
42
71
78
74
67
55
37
26
21
16
12
21
19
21
22
14
13
5
2
4
6
4
-8
-25
-18
-18
-26
-36
-44
-69
-77
-81
-85
-93
-105
-107
-118
-109
-104
-100
-99
-97
-103
-92
-86
-85
-84
-77
-54
-58
-58
-50
-54
-67
-58
-46
-32
-12
3
11
17
47
65
84
92
100
111
129
145
155
160
150
151
141
138
117
101
94
84
78
55
58
45
32
24
29
27
39
27
21
20
7
-1
-14
-27
-34
-47
-53
-56
-47
-37
-53
-55
-68
-72
-77
-83
-81
-81
-81
-64
-49
-26
-2
9
16
26
31
31
31
24
35
30
27
24
25
34
33
33
41
30
19
15
15
11
18
14
4
-5
-16
-13
-20
-28
-37
-44
-58
-60
-63
-67
-66
-72
-75
-74
-77
-70
-74
-74
-66
-51
-41
-40
-47
-34
-31
-27
-28
-43
-51
-65
-78
-77
-68
-53
-41
-36
-28
-22
1
15
19
22
29
49
64
82
106
104
119
131
128
119
111
104
96
98
98
87
87
83
82
72
70
73
79
72
62
51
42
39
23
12
0
1
-2
-3
-3
-11
-26
-32
-41
-62
-60
-62
-64
-55
-33
-16
2
12
5
2
10
12
12
18
22
25
35
36
30
32
26
16
20
21
19
20
13
15
9
9
1
-18
-30
-43
-45
-48
-47
-58
-58
-66
-71
-59
-65
-74
-91
-100
-97
-85
-85
-74
-74
-76
-63
-58
-49
-38
-42
-43
-54
-54
-53
-57
-65
-78
-74
-63
-56
-45
-38
-38
-20
-4
2
23
24
38
44
50
71
89
98
106
108
114
113
92
86
78
70
61
58
50
47
48
49
35
35
27
11
11
6
13
8
3
-13
-25
-34
-30
-25
-28
-35
-46
-46
-45
-37
-33
-41
-34
-29
-26
-7
4
18
17
24
38
41
44
45
41
48
61
72
70
66
62
54
54
62
62
69
73
76
87
79
74
67
41
43
33
23
22
12
5
13
10
0
-4
-26
-50
-66
-77
-82
-77
-82
-89
-78
-70
-70
-72
-85
-93
-101
-97
-96
-101
-99
-112
-108
-109
-100
-95
-89
-77
-72
-61
-44
-37
-29
-20
-6
13
20
36
57
57
55
71
71
77
78
68
50
43
35
33
31
30
40
37
38
48
47
44
30
21
19
14
16
13
13
4
-3
-5
-1
-2
-6
-18
-16
-16
-29
-29
-21
-28
-24
-8
-6
-9
-9
-4
4
16
25
29
33
30
31
40
44
50
40
51
51
49
55
58
66
58
60
62
53
45
38
31
25
12
13
12
6
5
1
-10
-23
-34
-43
-53
-65
-54
-55
-61
-53
-53
-49
-46
-50
-58
-59
-61
-64
-76
-83
-89
-93
-89
-87
-70
-77
-63
-71
-67
-53
-53
-40
-32
-29
-22
-11
1
23
36
49
52
51
65
61
61
60
53
44
36
34
31
33
37
47
41
37
47
44
42
41
27
16
13
13
9
3
6
1
-5
-14
-16
-15
-23
-26
-30
-30
-29
-28
-25
-28
-24
-22
-12
-9
6
17
22
31
35
48
55
55
56
55
60
65
71
78
71
71
69
56
54
54
52
52
41
38
39
40
38
29
19
15
12
-3
-12
-16
-24
-25
-30
-37
-41
-48
-49
-52
-45
-29
-35
-36
-35
-39
-43
-49
-58
-61
-64
-64
-53
-53
-53
-55
-57
-63
-58
-55
-51
-45
-42
-36
-23
-5
0
13
20
19
18
20
19
17
21
20
16
19
11
13
16
13
7
16
15
19
20
23
19
9
-2
-20
-26
-33
-25
-27
-29
-21
-25
-31
-30
-31
-29
-46
-55
-60
-61
-58
-51
-42
-41
-31
-21
-20
-15
-1
-12
0
14
26
45
45
51
52
58
64
72
70
81
82
84
84
84
83
70
68
60
68
62
49
44
37
35
39
33
31
11
-7
-15
-21
-20
-27
-26
-19
-14
-16
-3
-7
-18
-23
-30
-38
-39
-38
-38
-30
-30
-28
-29
-30
-37
-43
-45
-40
-28
-24
-19
-18
-25
-20
-12
-9
0
17
24
29
42
43
50
57
46
45
43
30
24
18
17
19
16
17
19
7
10
7
1
8
7
-1
-8
-7
-6
-5
1
-8
-18
-25
-25
-34
-23
-38
-52
-52
-54
-53
-59
-52
-53
-53
-43
-50
-44
-43
-39
-31
-27
-17
-10
-9
-6
4
6
19
17
14
8
16
25
30
39
41
32
26
36
38
43
33
30
34
32
32
25
9
8
4
3
7
2
-1
-2
0
3
3
11
7
0
-1
-3
6
3
8
9
5
4
4
7
0
-1
-15
-16
-19
-17
-18
-24
-31
-30
-20
-21
-24
-11
-13
-15
-7
-6
-8
-9
-22
-28
-23
-22
-14
-6
-5
-5
-3
-2
1
2
6
-3
-2
-2
-6
2
-7
-4
0
-1
4
8
3
-2
-4
3
5
-2
-16
-17
-16
-18
-19
-18
-14
-21
-17
-2
6
4
14
13
18
35
39
47
53
58
64
67
68
69
67
70
70
75
73
80
69
59
66
66
68
67
57
43
49
35
28
24
10
0
-9
-2
-11
-8
-13
-16
-19
-19
-20
-16
-22
-35
-30
-45
-45
-41
-41
-52
-46
-46
-41
-33
-32
-38
-43
-47
-45
-36
-41
-46
-58
-69
-63
-66
-59
-54
-54
-52
-52
-55
-61
-62
-60
-53
-49
-39
-32
-31
-22
-12
-5
-4
10
11
-1
5
-1
10
6
2
5
6
14
20
19
18
14
8
9
-3
-8
-17
-24
-26
-27
-30
-38
-38
-44
-48
-52
-41
-42
-46
-38
-35
-27
-11
-8
4
6
15
24
28
41
57
54
60
67
73
80
84
80
79
79
82
91
84
81
89
79
80
80
75
71
60
58
56
58
58
62
64
56
55
47
43
39
29
26
21
13
7
7
-1
-3
-13
-12
-1
-5
-10
-14
-19
-24
-25
-28
-33
-33
-28
-23
-25
-17
-21
-27
-30
-38
-34
-37
-37
-38
-38
-33
-22
-21
-21
-18
-20
-16
-17
-16
-19
-22
-20
-22
-25
-23
-32
-41
-41
-38
-42
-40
-44
-39
-47
-40
-42
-55
-63
-69
-72
-73
-63
-62
-59
-63
-69
-58
-50
-45
-43
-50
-46
-37
-34
-18
-11
-1
2
6
23
18
31
33
40
50
56
68
77
71
69
72
61
63
57
55
60
55
58
59
57
53
56
56
54
47
46
45
38
48
51
48
37
30
19
15
12
5
-1
-4
-6
-6
-7
-13
-11
-18
-23
-31
-29
-23
-27
-25
-23
-26
-25
-24
-29
-29
-18
-21
-21
-25
-16
-10
-13
-12
-5
-5
-13
-8
-2
5
11
15
17
17
15
8
-2
-5
-2
-11
-7
-6
-3
0
-2
8
-1
-4
-4
-14
-14
-16
-13
-20
-23
-21
-30
-32
-35
-34
-32
-35
-32
-24
-26
-26
-22
-18
-12
-12
-7
-5
-1
2
5
12
23
31
33
37
34
37
41
39
34
39
44
47
50
51
42
41
36
25
30
26
20
21
24
18
14
13
14
16
9
3
0
-3
-7
-8
5
9
2
8
7
1
2
0
-15
-10
-13
-11
-8
-13
-14
-20
-21
-26
-32
-34
-38
-44
-33
-33
-30
-33
-25
-30
-37
-31
-30
-28
-30
-22
-30
-24
-13
-8
-10
-3
-2
-9
-9
-14
-22
-18
-22
-21
-12
-8
-10
-21
-20
-28
-30
-27
-31
-35
-36
-46
-48
-40
-39
-47
-49
-41
-40
-38
-32
-33
-21
-20
-16
-4
-5
4
7
19
27
41
48
58
71
78
79
86
79
74
83
79
83
82
84
84
92
90
84
82
66
59
50
49
49
48
52
49
42
48
38
32
32
23
17
13
17
15
18
16
16
9
12
9
3
-6
-10
-14
-23
-15
-25
-24
-32
-38
-41
-43
-39
-41
-37
-44
-42
-45
-38
-44
-41
-40
-51
-43
-44
-42
-36
-28
-24
-17
-12
-14
-7
-16
-21
-21
-22
-17
-20
-18
-13
-12
-3
-10
-17
-13
-14
-30
-30
-27
-33
-36
-41
-40
-49
-46
-57
-62
-66
-75
-62
-57
-55
-45
-49
-50
-45
-48
-47
-44
-26
-23
-13
9
15
21
22
25
33
35
34
51
56
58
59
58
59
46
45
45
42
42
42
43
45
50
52
52
58
56
48
51
52
47
48
44
40
32
30
30
27
25
15
14
20
15
22
21
22
31
23
19
20
18
13
13
6
2
3
-1
-6
-11
-19
-22
-23
-21
-20
-23
-17
-12
-17
-21
-22
-22
-17
-16
-15
-18
-11
-18
-23
-20
-23
-23
-22
-18
-16
-19
-10
-18
-15
-16
-17
-12
-15
-15
-18
-23
-23
-24
-32
-37
-42
-42
-38
-39
-33
-38
-46
-40
-46
-52
-50
-45
-46
-40
-26
-25
-14
-10
-3
-3
4
11
16
22
31
34
42
40
43
40
38
40
39
33
39
44
38
54
59
61
63
67
63
55
51
56
54
53
47
43
39
29
24
21
23
13
6
7
5
4
-2
-1
-6
-8
-3
0
2
0
-6
-6
-7
-15
-11
-13
-8
-18
-19
-16
-29
-26
-27
-23
-22
-21
-12
-12
-16
-11
-13
-24
-25
-23
-23
-26
-23
-25
-24
-19
-16
-21
-20
-18
-19
-22
-18
-16
-19
-13
-14
-18
-19
-21
-24
-18
-25
-24
-29
-32
-30
-29
-32
-34
-32
-43
-37
-39
-45
-38
-37
-32
-29
-28
-22
-14
-12
-10
-2
5
7
7
12
19
24
27
28
27
28
27
25
34
32
35
44
45
44
36
42
39
36
40
35
37
37
28
27
22
16
14
19
18
22
22
22
19
22
25
19
23
27
20
31
33
38
42
36
36
33
34
22
13
11
14
13
15
15
19
13
14
10
9
19
8
6
7
4
-2
-2
-3
-13
-13
-13
-18
-22
-26
-25
-25
-31
-36
-31
-33
-38
-36
-40
-40
-45
-48
-49
-48
-44
-47
-52
-58
-61
-56
-59
-63
-51
-55
-55
-49
-50
-57
-50
-50
-48
-43
-33
-23
-20
-12
-7
4
8
18
11
21
29
28
46
40
36
37
32
40
36
43
46
44
49
51
51
57
55
50
46
39
38
32
30
32
26
28
28
26
29
23
16
21
16
11
11
14
17
10
21
14
10
16
8
-4
-2
-8
-7
1
-2
-1
-1
-3
-5
0
-4
-4
-10
-10
-11
-12
1
-3
-7
-6
-18
-15
-22
-19
-16
-18
-12
-17
-20
-26
-28
-27
-30
-34
-38
-36
-33
-31
-28
-26
-22
-30
-37
-38
-40
-40
-47
-45
-51
-47
-40
-43
-35
-40
-34
-35
-34
-27
-19
-14
-11
-7
-3
-6
-2
6
4
3
17
23
27
36
36
37
32
34
37
40
45
45
50
49
45
48
45
41
47
44
37
43
42
44
45
45
43
41
33
25
28
28
27
27
29
39
45
44
40
41
35
33
27
29
21
15
14
7
9
11
4
0
-4
-11
-14
-16
-16
-20
-17
-15
-11
-6
-10
-14
-18
-18
-27
-34
-27
-33
-36
-39
-33
-34
-38
-37
-36
-41
-42
-36
-39
-36
-37
-38
-47
-49
-47
-49
-43
-39
-34
-35
-35
-36
-35
-36
-37
-39
-43
-46
-47
-35
-34
-31
-32
-35
-35
-43
-39
-38
-34
-34
-27
-20
-13
-8
-6
3
-2
10
16
25
26
27
35
35
43
44
50
47
42
45
48
45
42
45
39
38
43
43
46
43
41
37
38
39
35
30
34
32
30
26
30
35
34
34
32
30
35
33
35
47
36
37
35
37
34
33
29
30
24
19
28
23
22
19
15
10
5
9
8
9
-2
-3
-6
-10
-18
-19
-24
-30
-27
-32
-33
-35
-40
-42
-41
-44
-51
-48
-47
-47
-47
-44
-42
-45
-44
-39
-43
-41
-32
-31
-39
-39
-42
-38
-40
-38
-42
-44
-40
-39
-35
-39
-31
-29
-24
-15
-13
-11
0
-4
2
6
5
10
10
10
20
27
28
32
34
40
35
40
38
32
32
32
36
27
21
24
17
14
19
16
19
19
18
12
9
12
15
15
10
16
7
4
11
6
7
10
12
5
-3
1
0
-7
-7
-8
-9
-13
-9
-9
-6
-9
-13
-1
-1
-1
-5
2
7
9
9
12
15
12
10
10
10
7
7
3
12
6
1
5
0
1
5
2
0
-1
-2
0
-2
4
-2
-7
-6
-11
-14
-17
-19
-23
-21
-24
-26
-26
-26
-28
-30
-28
-28
-26
-28
-27
-19
-15
-13
-8
-7
-12
-8
-6
-3
-1
0
-3
1
5
3
7
10
10
11
13
14
17
17
16
19
21
22
25
25
22
19
18
22
17
17
22
16
14
18
15
16
17
17
16
23
22
23
24
26
25
19
22
19
16
11
9
6
8
4
2
2
0
-3
-3
2
-4
-5
-7
-9
-11
-12
-10
-11
-10
-8
-11
-7
-15
-16
-16
-24
-20
-21
-17
-21
-20
-21
-23
-19
-24
-23
-23
-25
-24
-22
-21
-23
-20
-20
-21
-19
-16
-17
-21
-21
-23
-25
-24
-24
-26
-23
-20
-21
-19
-21
-21
-18
-17
-13
-11
-9
-10
-10
-7
-5
1
6
3
5
3
4
4
7
6
6
11
11
15
20
21
24
25
22
27
25
25
24
20
26
23
24
22
21
27
26
29
28
28
27
26
24
27
31
24
25
24
21
21
22
23
20
18
19
18
17
18
21
19
15
18
16
11
8
11
13
9
6
8
1
-2
2
-2
-7
-8
-7
-11
-8
-10
-10
-14
-19
-16
-22
-22
-20
-20
-22
-18
-22
-19
-26
-26
-24
-23
-16
-20
-18
-15
-16
-17
-15
-18
-16
-20
-19
-19
-20
-18
-22
-16
-20
-20
-15
-11
-16
-12
-11
-11
-8
-7
-5
-8
-8
-8
-8
-9
-3
0
1
7
8
5
10
10
12
8
10
14
15
18
16
20
17
17
16
14
15
9
7
7
8
7
9
5
3
3
-1
-1
-3
-7
-6
-9
-7
-2
-2
-2
-1
-6
-6
-4
-5
-4
-2
-2
0
2
2
4
4
5
4
4
3
4
12
16
14
15
17
13
13
12
12
14
12
9
10
9
6
4
7
2
-2
-5
-8
-11
-14
-17
-23
-19
-20
-19
-18
-18
-21
-20
-19
-19
-13
-15
-9
-10
-10
-8
-8
-8
-8
-10
-6
-5
-5
-1
1
0
-1
5
6
9
6
9
14
12
16
18
20
15
16
17
17
15
17
18
19
18
19
16
16
15
16
14
14
16
10
12
12
6
8
8
8
11
10
14
11
9
5
3
5
3
3
3
0
2
1
0
3
0
1
-2
-1
-4
-2
-1
-3
-3
-6
-7
-11
-11
-14
-16
-10
-12
-7
-6
-4
-6
-11
-8
-11
-14
-17
-16
-18
-16
-17
-18
-20
-21
-26
-27
-26
-26
-21
-21
-17
-18
-16
-13
-11
-13
-13
-11
-11
-8
-11
-12
-14
-14
-11
-10
-5
-5
-8
-5
-8
-7
-4
-4
-2
-2
1
3
4
4
5
3
4
3
3
3
5
7
8
8
7
7
3
2
3
1
0
2
4
5
6
14
12
13
13
12
15
17
16
19
22
26
26
23
26
23
24
23
22
21
21
20
21
21
18
19
20
18
15
17
17
16
21
16
18
21
18
17
15
17
19
17
14
13
11
5
6
3
-1
-5
-4
-5
-5
-9
-11
-13
-17
-18
-20
-21
-25
-26
-21
-21
-20
-22
-22
-24
-21
-23
-25
-23
-22
-23
-27
-23
-23
-23
-24
-26
-26
-31
-25
-23
-26
-25
-23
-18
-20
-16
-18
-13
-12
-13
-11
-13
-6
-6
-4
-2
0
0
2
3
7
12
10
12
12
14
12
11
11
7
8
6
7
7
6
8
9
12
13
12
12
8
10
11
15
16
20
17
17
17
15
14
13
12
13
10
13
11
6
11
5
5
4
1
3
1
0
5
9
8
8
6
6
2
0
4
4
0
-1
-1
2
-1
0
0
-5
-5
-6
-6
-7
-6
-4
-7
-8
-7
-14
-13
-15
-13
-9
-9
-8
-8
-8
-9
-8
-6
-7
-7
-8
-6
-8
-5
-4
-7
-2
-3
-3
1
2
1
1
2
0
6
9
9
10
7
7
7
9
8
12
8
5
6
4
4
3
4
5
4
4
1
2
-1
1
1
-3
-5
-4
-5
-4
-2
0
-4
-5
-4
-1
2
1
5
1
0
-1
-1
5
5
6
9
12
12
9
8
8
5
3
3
2
3
3
3
3
4
4
2
-1
-2
-2
-6
-3
-5
-5
-8
-5
-5
-4
-3
-2
-2
-5
-2
-2
-5
-3
-4
-7
-8
-10
-9
-9
-6
-6
-7
-8
-10
-9
-12
-11
-12
-15
-10
-12
-14
-14
-11
-14
-10
-10
-10
-11
-8
-10
-10
-6
-7
-4
-8
-6
-5
-7
-6
-6
-2
-2
-3
-1
3
5
7
12
11
13
11
11
13
15
12
13
13
11
14
12
9
9
8
6
5
9
8
5
9
8
7
9
10
9
7
9
9
10
12
13
11
14
15
13
16
15
12
10
9
9
10
10
9
10
9
6
3
3
2
1
3
3
6
5
2
4
1
-1
-2
-5
-2
-1
-1
3
3
3
-1
-2
-6
-8
-6
-6
-5
-6
-5
-9
-11
-13
-14
-14
-11
-10
-13
-10
-13
-13
-11
-13
-10
-9
-11
-11
-8
-8
-6
-4
-3
-2
-9
-6
-7
-3
-8
-10
-8
-11
-14
-12
-14
-14
-12
-13
-13
-11
-10
-11
-9
-8
-7
-8
-7
-3
-5
-3
-1
-2
-3
-2
-2
-4
-4
-4
-5
0
1
1
3
4
4
5
8
9
10
12
13
14
15
18
17
19
16
15
17
17
17
16
15
12
14
14
12
13
11
11
14
9
11
9
8
5
6
5
1
5
2
3
3
1
-1
-4
-4
-3
-2
-2
-2
-1
-5
-4
-5
-8
-9
-9
-4
-3
-2
-3
-1
-3
-5
-5
-4
-5
-5
-7
-4
-3
-3
-2
-4
-5
-5
-7
-6
-6
-10
-7
-6
-4
-2
-3
-5
-4
-1
-2
-1
-1
-2
3
1
3
6
6
7
6
4
4
3
1
0
0
-1
0
0
-3
-6
-2
-1
0
0
0
0
0
0
1
4
-2
0
-2
-3
0
0
1
4
6
3
5
0
1
0
-2
1
2
3
1
1
0
-2
0
0
-2
1
1
1
-2
0
0
0
4
3
2
2
2
4
-1
-4
1
1
-2
-2
-1
-2
-4
-3
-2
-1
-1
0
-1
0
-1
-1
0
-1
-4
-3
-1
-3
-2
-2
-2
-5
-4
-4
-4
-4
-7
-3
-5
-6
-4
-5
-7
-6
-5
-4
-4
-4
-2
-2
0
0
-1
-1
-1
1
3
2
5
5
0
-1
-1
0
0
1
1
2
2
4
1
3
3
4
3
3
5
4
2
6
7
5
7
5
5
5
2
4
6
3
3
6
5
6
5
4
2
1
1
-1
0
1
0
1
1
1
-1
0
0
0
-1
2
2
0
3
1
1
0
0
0
-1
2
0
0
0
2
3
2
5
4
4
4
2
3
0
2
3
2
1
1
-1
0
0
-3
-3
-2
-1
-3
-2
-3
-3
-4
-3
-2
-3
-6
-5
-4
-3
-6
-4
-5
-6
-6
-5
-4
-4
-5
-4
-3
-4
-3
-2
-1
-2
-3
-3
-2
-4
-3
-2
-2
-3
-4
-1
-2
-1
-1
-2
-3
-5
-4
-2
-2
0
0
-1
1
-2
-1
1
1
1
-1
2
4
5
5
2
2
3
4
2
2
2
1
3
3
1
1
3
2
1
4
2
3
2
0
4
4
2
2
1
1
1
0
0
-1
-2
-3
-3
-4
-3
-7
-4
-6
-5
-5
-6
-4
-6
-4
-6
-7
-7
-8
-8
-6
-3
-4
-3
-2
-1
-4
-2
-1
1
2
4
6
6
9
8
7
9
7
7
6
8
10
10
8
8
7
9
6
7
7
5
5
4
6
6
7
8
7
6
4
3
2
3
2
1
2
4
0
0
0
-3
-1
-4
-4
-4
-4
-4
-2
-3
-2
-4
-4
-3
-6
-4
-3
-3
-4
-4
-2
-1
-1
-1
-2
-4
-4
-6
-6
-4
-5
-3
-7
-8
-10
-9
-10
-8
-7
-6
-6
-4
-5
-6
-6
-6
-4
-7
-5
0
0
2
3
5
4
3
7
6
7
8
7
6
8
7
5
6
4
5
5
3
5
4
6
5
6
5
5
6
4
2
5
2
2
1
0
1
-1
-2
-3
0
-3
-1
-2
0
-2
-1
-1
0
-1
-4
-2
-2
-2
-2
0
-1
-1
0
-3
-2
-4
-5
-7
-9
-7
-6
-7
-6
-5
-5
-4
-5
-4
-3
-2
-2
-1
-2
-2
0
0
-2
-1
0
2
1
2
2
3
2
2
2
2
3
3
3
3
2
3
3
2
-2
1
-3
-2
-3
-3
-2
-1
-2
-2
-4
-3
-5
-4
-1
0
0
1
3
1
1
4
3
4
3
2
3
2
2
3
3
1
2
3
3
3
1
3
3
5
6
7
7
7
6
8
7
6
7
5
5
7
6
6
6
5
4
6
3
3
4
3
4
4
4
1
1
1
0
-1
1
-1
-1
-3
-2
-3
-4
-5
-7
-4
-7
-7
-6
-5
-8
-8
-7
-8
-7
-8
-8
-8
-8
-6
-5
-5
-5
-4
-6
-4
-3
-3
-1
-6
-4
-2
-4
-3
-1
-2
0
1
-1
-1
-3
-3
-4
-4
-2
-4
-3
-4
-2
-3
-5
-5
-4
-3
-4
-2
-1
-2
-3
-2
0
-1
0
0
1
-2
0
2
3
4
6
6
5
4
3
3
3
5
6
5
6
6
5
3
1
3
4
3
3
3
4
4
2
-1
1
0
-1
0
2
2
1
3
2
1
2
1
0
0
3
1
2
3
2
2
1
4
5
3
4
3
2
3
2
4
3
3
3
5
4
2
7
3
4
4
6
4
4
4
3
3
0
1
1
1
3
2
1
0
0
2
1
1
2
0
1
2
2
2
1
0
-2
-2
-2
-1
-4
-5
-4
-5
-6
-7
-7
-6
-8
-7
-7
-6
-8
-8
-7
-9
-9
-7
-8
-7
-5
-3
-4
-3
-4
-5
-5
-3
-3
-5
-3
-3
-1
-1
-1
-1
-2
-2
-5
-4
-4
-3
-3
-3
-2
-1
-2
-2
-3
-3
-2
-1
1
1
0
1
2
2
1
1
1
2
0
2
3
3
2
2
2
0
1
1
3
5
5
4
5
6
5
6
4
6
5
4
4
4
3
3
3
2
-2
-1
-1
-4
-2
-1
-2
-2
0
-2
-1
0
-1
1
0
0
-1
-1
1
1
3
4
3
3
3
4
2
1
1
3
1
2
3
3
3
2
0
0
-1
-1
1
-1
0
-1
-2
-1
1
1
3
3
1
2
2
1
2
2
3
2
3
4
2
4
2
3
4
5
5
6
5
6
6
4
4
4
2
4
1
2
2
2
0
-1
0
-2
-2
-2
-2
-2
-2
-3
-5
-5
-6
-5
-7
-7
-6
-5
-5
-5
-5
-3
-3
-3
-3
-3
-4
-4
