3
4
3
3
2
2
2
4
3
4
3
3
4
3
2
3
2
2
2
1
1
1
0
0
0
-1
-2
-1
-2
-4
-3
-5
-4
-3
-4
-5
-4
-4
-4
-4
-4
-4
-2
-2
-2
-2
-1
-1
-1
0
-1
-2
-1
0
-1
1
0
-1
0
-1
-1
0
0
-1
0
0
0
0
0
1
1
1
0
1
1
2
2
1
2
3
2
2
4
4
3
2
3
4
4
3
3
3
3
2
2
2
1
1
1
2
1
1
1
0
0
-1
0
-1
0
-1
-2
-1
-2
-3
-3
-3
-2
-2
-3
-2
-2
-3
-2
-2
-2
-2
-2
-1
-1
-2
-2
-2
-2
-1
-1
-1
-1
-1
-1
-1
0
-1
-2
-1
-1
-3
-2
-3
-3
-3
-2
-1
-3
-1
-1
-1
-1
0
1
0
0
1
0
1
1
1
3
1
1
2
0
1
0
0
0
0
0
0
1
1
1
0
3
2
2
2
3
3
2
2
2
1
1
2
2
1
2
1
1
1
0
1
1
1
1
2
2
2
1
1
0
0
0
0
-1
-1
-2
-2
-3
-3
-3
-5
-4
-3
-3
-2
-2
-3
-2
-2
-1
-1
-1
-3
0
-1
0
-1
0
0
-1
0
-1
0
0
1
0
1
1
1
0
1
1
1
2
1
2
2
1
3
2
2
2
2
1
1
2
2
1
3
2
2
2
1
3
2
2
1
2
1
1
0
0
-1
-2
0
-2
-2
-3
-3
-2
-2
-2
-2
-1
0
-1
-2
-1
-1
-1
-1
0
-1
0
0
-1
-1
-1
0
-1
0
0
-2
-1
-2
-2
-2
-1
-1
-1
-1
-1
0
-1
0
1
1
1
1
0
1
2
2
1
1
1
3
2
2
2
2
1
2
0
0
1
1
0
0
0
0
0
0
1
1
1
1
0
1
2
1
1
2
0
0
0
-1
1
-1
0
-1
-2
-1
-2
-2
-2
-1
-3
-1
-2
-2
-2
-2
-2
-1
-1
-2
-2
-2
-1
-1
-2
0
0
0
0
1
1
0
0
0
1
1
1
1
0
2
2
1
2
1
1
1
1
1
0
1
1
0
-1
-1
0
0
1
1
0
1
1
1
1
1
1
2
1
3
3
2
2
1
2
1
2
-1
0
0
-1
-1
-1
-2
-1
-2
-2
-1
-1
-2
-2
-1
-1
-2
-1
-2
-2
-2
-3
-3
-1
-2
-1
-2
0
-1
-2
0
-1
0
0
2
0
0
1
1
1
1
1
2
0
1
1
1
1
0
1
0
1
1
3
2
2
2
1
1
1
1
0
1
1
1
1
0
-1
-1
0
-1
-1
-1
-1
-1
-1
-1
0
-1
-1
0
0
0
0
0
0
0
-1
-1
1
0
0
-1
-2
-1
-2
-3
-3
-3
-2
-3
-2
-3
-2
-2
-2
-3
-2
-3
-2
-2
-2
-1
-1
-1
1
1
1
0
1
1
0
1
1
1
1
1
2
2
2
2
2
3
2
3
2
3
3
3
4
3
3
4
4
2
3
3
2
2
1
1
1
1
1
1
2
0
1
0
-1
0
-2
-2
-1
-2
-2
-1
-1
-1
-2
-2
-1
-2
-1
-2
-2
0
0
0
-1
-1
0
1
0
0
-1
-1
-1
-1
-2
-1
-2
-1
-3
-3
-3
-3
-3
-2
-2
-2
-2
-2
-1
-1
0
0
0
0
0
-1
-1
2
1
2
2
2
3
3
3
3
3
3
3
4
2
2
1
1
0
2
1
1
0
0
0
1
0
0
-1
-2
-1
-2
-1
-1
-1
-1
-1
-1
-2
-1
-2
-2
-2
-2
-2
-1
-2
-1
0
-2
-2
-2
-1
-2
-1
-1
-1
0
-1
-1
-1
-2
-1
0
-1
0
0
-1
0
1
0
1
2
2
2
3
2
4
5
4
3
3
4
3
3
3
3
4
3
5
3
3
3
3
1
2
2
2
2
2
2
2
2
1
0
1
1
1
0
-1
0
-1
-1
-1
-2
-2
-2
-3
-3
-3
-2
-3
-3
-3
-3
-1
-2
-2
-2
-2
-2
-2
-2
-3
-3
-3
-2
-2
-3
-3
-3
-3
-2
-3
-3
-2
-2
-3
-2
-3
-1
-1
0
0
-1
-1
-1
-1
-1
-1
-1
-2
-1
0
0
0
0
0
-1
-1
-1
1
1
0
0
1
0
1
1
1
1
2
2
1
2
2
2
1
1
1
3
2
1
3
3
2
3
4
3
3
2
1
1
1
1
1
2
2
1
0
1
1
2
2
4
4
2
3
1
3
3
3
2
1
1
0
1
2
0
0
-1
0
0
0
0
0
0
0
0
0
-1
-2
-2
-1
-2
-2
-1
0
0
-2
-3
-3
-3
-4
-3
-3
-2
-2
-3
-2
-1
-2
-1
0
0
-1
-2
-1
-2
-3
-3
-1
0
1
1
0
0
-2
-1
-1
1
2
2
1
-1
1
0
-1
0
2
1
0
0
0
0
-1
-3
-1
-1
-1
-1
-1
-1
-1
-1
-2
-2
-3
-1
1
2
2
3
3
0
0
0
1
0
1
2
0
0
-1
1
-2
0
-1
2
2
3
2
4
4
4
5
5
5
4
4
4
3
3
3
0
0
1
2
1
1
0
-2
0
-1
1
1
1
0
-1
-3
-4
-3
-2
-1
-3
-2
-2
0
-2
-2
-5
-3
-1
-4
-4
-4
-1
-3
-3
-2
0
3
4
1
2
-2
-1
1
-2
0
0
1
-2
-1
-2
-3
-2
-2
-2
-3
-2
0
1
-1
0
0
1
2
0
0
1
0
1
1
2
0
-1
-2
-1
1
0
-1
0
1
4
2
2
1
0
-1
-2
-1
0
-3
-1
2
-2
-4
-2
-3
-6
-3
-2
-1
1
1
0
1
1
0
0
-1
0
1
3
4
3
1
1
-2
-4
-4
0
-1
1
2
3
2
0
4
3
6
8
7
5
4
4
5
5
6
8
6
6
6
6
6
3
5
5
3
0
2
5
5
1
3
2
0
0
0
-1
-1
-1
-1
-1
-5
-5
-5
-6
-5
-3
-2
-4
-4
-4
-5
-6
-2
-2
-5
-3
-4
-8
-7
-8
-8
-7
-6
-5
-4
-4
0
1
2
-1
-3
-5
-3
-2
-1
-1
0
3
0
-1
1
0
-2
0
1
4
3
6
4
4
4
4
-3
-39
-30
5
48
47
26
-8
-17
-1
9
16
-1
9
32
43
13
-26
-16
8
42
28
-6
-30
-21
-1
2
-7
-11
-25
-16
-16
-35
-38
-22
-15
-35
-25
-15
0
13
24
13
8
21
19
23
4
8
16
20
5
-9
4
34
44
-4
-15
-34
-14
3
6
-9
-16
-26
-40
-34
-16
-31
-21
23
12
-15
-17
-7
-21
-7
32
48
30
18
3
11
42
10
9
-1
-6
26
33
14
-6
-6
11
10
-16
-7
11
-1
-19
-3
-27
-39
3
18
-15
-13
-28
-24
-12
-10
3
4
-12
-11
2
-2
8
6
21
23
34
23
-10
-11
-4
22
22
0
-5
10
-6
-9
-11
-8
-4
18
9
-15
-18
12
-1
-3
4
-1
12
-5
24
18
1
-25
-10
-4
29
37
7
-9
-29
-5
-12
25
18
-19
3
21
13
-8
-6
-19
23
27
0
-8
-23
16
-3
-1
0
0
-24
-3
31
-12
-21
-5
1
-24
4
29
5
-3
-21
-22
-5
-2
2
-2
4
-9
-7
-5
-17
-4
-16
0
-4
-3
-4
-8
-24
-28
-3
6
-2
-14
-9
-9
-3
-2
-10
-16
-3
7
9
2
6
-11
-20
-10
3
31
9
10
-10
-7
-3
0
1
-10
14
20
17
-5
17
-16
-4
9
13
24
10
16
-12
-5
4
28
6
10
4
12
17
8
21
6
10
8
12
14
20
15
11
2
5
1
10
6
8
4
2
1
-2
-14
-5
-2
0
-7
2
3
4
-16
-21
-11
7
10
-2
-14
-16
-18
-4
3
-14
-8
-2
0
-6
-9
-4
-8
-12
-7
-7
6
3
1
-7
1
-18
0
-10
-15
-9
-10
-6
-11
-9
-2
7
-2
-8
-12
-11
0
0
-2
-5
1
-4
-16
-9
-4
2
16
8
4
6
9
-1
2
6
8
11
8
4
-8
-3
12
26
25
19
2
2
12
19
22
15
12
2
12
20
13
-3
-1
-3
-5
0
7
14
2
4
1
5
7
1
-1
-2
5
-9
-16
-8
-8
-3
-16
-15
-18
-10
-6
-9
-16
-18
-18
-21
-12
-12
-13
-14
-16
-17
-19
-17
-19
-19
-19
-17
-21
-22
-15
-13
-25
-23
-10
-7
-18
-16
-17
-20
-13
-10
-8
-18
-17
-11
0
11
11
16
21
34
41
41
45
47
53
63
64
63
60
53
54
56
58
62
56
47
43
39
33
32
32
29
27
22
25
19
9
1
-1
-1
-2
-2
-9
-13
-16
-23
-18
-19
-23
-24
-21
-24
-30
-29
-27
-22
-27
-35
-29
-27
-38
-36
-31
-27
-25
-24
-30
-32
-38
-60
-93
-127
-130
-92
-49
-56
-88
-137
-174
-190
-200
-186
-142
-71
-46
-69
-117
-136
-115
-66
8
83
141
166
167
145
134
161
215
266
292
283
275
249
213
162
127
114
135
152
133
105
60
19
-38
-50
-24
11
34
28
4
-50
-90
-79
-47
-8
46
83
58
5
-20
0
39
94
128
121
101
70
39
32
45
83
100
82
42
16
-14
-41
-46
-55
-64
-65
-67
-96
-140
-163
-166
-164
-164
-146
-122
-154
-245
-352
-424
-401
-304
-174
-127
-211
-360
-505
-583
-592
-519
-348
-160
-45
-92
-306
-473
-440
-263
-39
169
336
440
396
264
144
187
402
657
827
814
719
599
495
386
322
357
459
560
556
453
309
182
72
6
3
73
214
275
180
-2
-165
-225
-199
-123
-15
75
70
-15
-134
-229
-247
-192
-97
-6
55
85
37
-51
-105
-81
27
142
249
285
248
182
107
68
85
155
241
288
238
155
66
-18
-94
-104
-21
14
-2
-103
-285
-420
-456
-427
-372
-310
-321
-416
-553
-673
-678
-600
-452
-352
-321
-366
-462
-536
-564
-533
-494
-410
-277
-147
-136
-244
-412
-564
-611
-568
-444
-274
-28
112
21
-227
-409
-392
-182
164
493
772
908
896
727
524
535
770
1097
1363
1438
1312
1074
814
564
450
495
670
799
785
586
229
-60
-223
-222
-175
-62
37
33
-87
-287
-492
-612
-536
-281
-91
-43
-75
-157
-206
-217
-168
-83
104
263
298
277
290
307
304
310
353
456
505
496
422
351
262
192
144
116
130
118
62
-32
-139
-216
-306
-382
-414
-385
-371
-417
-452
-501
-531
-530
-517
-488
-498
-556
-690
-846
-937
-916
-784
-590
-429
-475
-718
-988
-1195
-1260
-1143
-848
-510
-239
-147
-308
-638
-825
-709
-298
266
721
1016
1073
939
677
536
692
1088
1512
1758
1722
1515
1230
936
737
675
780
948
983
864
595
288
8
-150
-221
-228
-175
-122
-100
-177
-355
-586
-725
-774
-743
-594
-383
-221
-160
-239
-430
-554
-532
-394
-162
90
315
395
304
160
77
93
242
465
647
718
677
514
300
178
182
261
361
438
422
303
91
-115
-256
-269
-219
-175
-140
-202
-297
-429
-563
-646
-661
-572
-477
-436
-436
-449
-437
-461
-535
-671
-786
-844
-767
-563
-325
-155
-226
-492
-871
-1159
-1246
-1054
-649
-194
103
103
-149
-478
-658
-548
-122
509
1064
1387
1391
1147
827
644
776
1124
1543
1829
1838
1541
1111
689
410
327
437
609
664
600
375
82
-273
-509
-622
-536
-362
-229
-231
-324
-485
-661
-732
-751
-625
-470
-284
-162
-130
-148
-195
-237
-249
-157
46
288
420
428
373
328
285
267
346
456
549
549
465
338
244
169
106
100
103
72
20
-79
-201
-298
-334
-374
-408
-447
-490
-542
-555
-537
-500
-442
-438
-460
-529
-627
-727
-796
-764
-695
-628
-568
-460
-384
-458
-642
-849
-988
-1014
-873
-618
-301
-44
37
-91
-319
-413
-287
110
580
970
1240
1351
1304
1163
1068
1111
1320
1556
1686
1693
1580
1339
1060
803
655
592
548
488
402
275
115
-56
-232
-369
-462
-534
-601
-646
-646
-627
-605
-642
-734
-843
-878
-828
-719
-543
-383
-305
-301
-336
-373
-381
-226
3
198
299
335
309
223
191
242
367
472
529
457
343
238
170
189
206
269
281
160
35
-56
-92
-117
-126
-104
-118
-162
-262
-348
-356
-320
-270
-267
-320
-355
-322
-267
-196
-201
-223
-318
-425
-587
-649
-530
-304
-115
-108
-285
-533
-753
-953
-983
-811
-450
-70
140
119
-82
-236
-240
-88
221
618
1019
1274
1297
1183
1009
931
981
1094
1185
1169
1079
931
752
560
399
273
142
17
-117
-248
-319
-280
-227
-273
-387
-565
-763
-867
-809
-670
-477
-319
-267
-364
-511
-601
-580
-459
-283
-106
19
80
99
118
100
102
189
285
386
479
559
613
612
554
492
415
348
308
276
307
316
303
242
152
31
-83
-148
-180
-163
-154
-165
-204
-257
-343
-398
-405
-362
-323
-331
-302
-277
-270
-254
-290
-336
-394
-444
-560
-643
-634
-484
-326
-246
-305
-519
-769
-1007
-1131
-1049
-695
-258
87
158
-11
-170
-211
-81
190
556
972
1296
1414
1350
1238
1176
1197
1224
1256
1244
1210
1100
925
720
553
443
336
186
-6
-158
-261
-298
-284
-284
-354
-510
-707
-970
-1068
-1015
-792
-630
-531
-462
-475
-559
-696
-675
-673
-539
-334
-139
31
140
265
214
172
170
213
274
354
523
653
746
711
615
413
242
129
132
234
375
464
411
217
-11
-179
-294
-315
-250
-157
-113
-155
-220
-344
-436
-445
-399
-371
-346
-305
-222
-185
-132
-103
-134
-186
-264
-325
-428
-449
-386
-238
-148
-112
-187
-351
-481
-611
-644
-614
-454
-179
47
165
159
181
217
258
362
522
727
949
1106
1191
1200
1201
1182
1076
923
779
658
549
475
438
357
241
99
-111
-327
-504
-624
-711
-689
-632
-618
-628
-690
-760
-852
-905
-921
-857
-736
-585
-446
-330
-279
-294
-295
-295
-238
-124
79
296
465
561
569
549
531
537
573
675
739
724
645
558
501
473
483
473
436
309
151
6
-62
-67
-39
-31
-70
-150
-253
-347
-399
-415
-414
-371
-325
-304
-282
-248
-249
-196
-142
-99
-122
-131
-205
-281
-356
-371
-323
-284
-250
-272
-303
-395
-472
-588
-657
-675
-600
-472
-308
-161
-29
89
142
192
255
369
515
643
813
981
1090
1124
1098
977
857
733
618
494
417
367
263
109
-51
-172
-271
-368
-479
-566
-639
-678
-719
-759
-771
-718
-656
-621
-671
-707
-682
-608
-502
-452
-268
-172
-77
-64
-49
30
85
262
352
477
621
747
814
788
783
775
774
745
794
804
843
827
767
645
504
406
321
243
182
157
104
-7
-105
-157
-236
-297
-293
-298
-294
-321
-337
-389
-420
-375
-328
-261
-207
-187
-179
-210
-211
-249
-270
-334
-375
-411
-422
-365
-368
-332
-378
-421
-510
-662
-792
-819
-735
-564
-351
-163
-45
17
29
14
54
173
323
500
637
750
813
804
745
694
584
474
368
245
109
34
-9
-75
-124
-181
-271
-379
-470
-565
-618
-700
-716
-695
-691
-654
-580
-466
-405
-324
-296
-270
-261
-223
-112
31
221
393
527
582
614
653
684
739
825
923
1009
1033
984
918
869
841
783
703
617
543
485
400
316
273
234
172
81
-25
-101
-156
-177
-195
-230
-259
-279
-300
-293
-283
-267
-264
-250
-238
-244
-270
-251
-220
-187
-156
-173
-222
-306
-394
-531
-643
-707
-667
-604
-546
-563
-634
-722
-847
-939
-974
-884
-714
-536
-390
-294
-171
-88
-6
79
188
367
516
626
675
676
699
741
751
732
694
626
536
362
159
20
-70
-97
-118
-108
-102
-122
-160
-286
-410
-553
-640
-647
-575
-416
-266
-116
-89
-116
-182
-219
-161
-99
34
153
286
411
490
596
668
760
835
868
847
829
844
861
901
928
939
909
855
749
617
507
380
319
259
205
153
48
-57
-163
-253
-335
-380
-400
-403
-416
-453
-511
-554
-582
-591
-581
-542
-520
-475
-448
-442
-428
-477
-470
-523
-554
-616
-708
-721
-731
-681
-680
-673
-676
-702
-733
-780
-782
-750
-677
-564
-442
-316
-210
-64
85
239
375
498
597
683
737
781
834
887
960
1015
995
945
841
683
508
367
239
178
138
100
58
-12
-54
-112
-194
-276
-363
-431
-444
-405
-336
-254
-213
-214
-187
-207
-157
-149
-36
80
152
237
243
319
366
450
561
612
688
721
750
724
710
722
749
736
698
672
625
560
497
414
334
240
174
66
-46
-134
-213
-279
-348
-383
-376
-401
-461
-504
-562
-579
-609
-623
-626
-616
-592
-572
-593
-593
-569
-528
-538
-566
-573
-625
-636
-717
-764
-785
-729
-667
-613
-570
-562
-553
-587
-630
-642
-605
-513
-434
-302
-142
41
222
384
466
544
650
754
853
921
1010
1067
1094
1090
1030
952
844
765
645
522
390
257
132
0
-95
-145
-178
-170
-208
-245
-335
-423
-522
-596
-540
-467
-294
-224
-134
-82
-49
3
28
120
187
293
383
464
559
644
744
812
869
898
922
892
850
828
783
733
665
610
556
477
385
282
191
70
-35
-130
-213
-283
-346
-418
-488
-537
-571
-627
-702
-771
-821
-848
-849
-835
-840
-817
-793
-806
-829
-823
-800
-734
-644
-596
-553
-582
-611
-682
-727
-731
-681
-550
-484
-399
-375
-350
-364
-411
-436
-422
-336
-227
-93
44
183
319
450
581
690
826
948
1054
1134
1154
1159
1163
1157
1148
1113
1070
990
860
689
490
318
191
96
38
2
-20
-76
-152
-263
-317
-355
-380
-380
-365
-334
-318
-328
-298
-311
-234
-181
-128
-10
57
148
208
268
350
420
512
589
625
656
675
680
693
722
728
708
627
533
434
352
276
184
77
-47
-193
-298
-382
-439
-466
-521
-603
-702
-810
-891
-969
-998
-971
-949
-948
-946
-934
-896
-869
-823
-779
-747
-674
-582
-488
-370
-263
-180
-140
-146
-165
-179
-191
-144
-107
-70
-25
-29
-17
-58
-111
-140
-170
-150
-102
-3
107
224
356
472
581
670
757
819
885
939
1017
1069
1061
1026
934
789
650
547
435
324
230
160
78
-15
-105
-219
-299
-352
-361
-365
-366
-387
-393
-380
-364
-321
-311
-263
-197
-143
-78
-10
112
248
319
382
400
445
523
613
715
767
797
774
726
676
655
664
648
590
492
406
296
144
6
-137
-264
-338
-381
-387
-403
-456
-533
-673
-781
-865
-897
-878
-859
-826
-835
-858
-878
-890
-870
-821
-747
-682
-607
-520
-456
-378
-274
-154
-66
-24
16
-14
-31
-80
-78
-46
-44
-31
-72
-111
-163
-224
-258
-255
-212
-154
-95
-46
3
67
147
260
390
551
719
862
959
1018
1045
1036
987
932
876
803
738
633
534
440
312
186
69
-24
-86
-148
-211
-245
-267
-294
-350
-399
-431
-451
-458
-455
-413
-367
-309
-285
-246
-203
-132
-45
-5
133
223
312
384
446
509
516
523
529
535
532
534
526
494
464
404
331
242
166
117
44
-26
-64
-80
-126
-201
-252
-331
-413
-495
-568
-602
-617
-613
-609
-618
-636
-610
-610
-630
-595
-529
-428
-341
-261
-169
-95
-58
-21
23
74
142
181
174
148
104
63
-28
-77
-91
-110
-103
-150
-183
-223
-261
-242
-237
-213
-171
-99
-35
28
115
204
292
367
451
510
561
588
596
596
572
529
453
344
241
135
36
-34
-95
-138
-166
-190
-232
-266
-311
-329
-336
-355
-333
-327
-298
-256
-220
-177
-135
-88
-7
69
145
229
292
361
408
436
499
554
591
605
592
608
600
581
550
517
497
448
384
299
211
129
76
5
-44
-73
-127
-166
-231
-269
-290
-335
-375
-424
-453
-471
-500
-504
-514
-519
-515
-522
-532
-522
-465
-420
-365
-328
-297
-254
-227
-176
-140
-100
-43
-11
6
4
0
-2
-43
-78
-117
-136
-166
-180
-204
-201
-202
-189
-158
-130
-70
-29
10
51
107
175
247
304
370
444
498
549
574
583
568
530
479
402
328
265
190
107
34
-49
-114
-187
-225
-278
-292
-291
-293
-269
-285
-282
-310
-301
-258
-198
-156
-100
-56
-38
1
-1
99
175
256
340
363
419
421
432
464
462
491
486
453
421
379
358
355
350
376
396
380
333
233
138
67
-18
-59
-110
-140
-161
-204
-241
-288
-328
-338
-353
-396
-398
-394
-390
-366
-364
-355
-350
-354
-343
-329
-292
-225
-175
-132
-108
-80
-50
-37
-20
-20
-24
-83
-132
-190
-229
-231
-279
-274
-293
-315
-333
-351
-339
-315
-267
-204
-150
-109
-76
-44
3
64
127
212
278
339
377
373
380
360
320
282
219
168
108
41
-7
-70
-100
-127
-135
-145
-171
-155
-146
-111
-95
-89
-68
-68
-35
-38
-18
36
76
135
178
234
296
350
417
490
526
555
575
573
583
584
597
594
571
550
517
512
486
468
465
444
383
313
224
135
51
-30
-92
-160
-215
-270
-309
-357
-416
-466
-503
-528
-535
-533
-542
-562
-559
-572
-586
-564
-536
-499
-462
-420
-355
-282
-211
-155
-104
-66
-35
-35
-6
-19
-11
-8
-52
-89
-172
-213
-260
-284
-272
-251
-223
-223
-219
-218
-237
-235
-219
-172
-134
-97
-70
-28
32
93
171
229
295
348
379
386
368
366
336
306
274
230
211
177
149
137
141
125
118
111
110
132
137
158
139
102
58
8
3
-17
27
31
62
100
109
155
167
219
286
348
369
377
380
366
354
340
351
359
355
348
324
328
315
295
269
226
172
115
60
-21
-83
-143
-207
-256
-313
-346
-373
-383
-394
-413
-417
-438
-417
-417
-426
-410
-426
-420
-423
-427
-410
-360
-313
-256
-177
-124
-59
-6
68
114
110
84
32
-27
-121
-185
-248
-289
-328
-362
-363
-386
-401
-425
-433
-409
-393
-347
-300
-254
-204
-147
-108
-56
2
88
203
294
395
474
523
562
572
562
532
496
434
368
314
268
241
227
213
177
143
115
100
110
92
80
77
41
-6
-82
-99
-111
-88
-70
-64
1
36
107
158
219
288
342
388
393
406
415
415
404
389
386
379
389
362
339
329
297
257
190
149
97
49
-21
-116
-207
-294
-369
-427
-458
-479
-464
-465
-479
-484
-488
-481
-485
-482
-450
-405
-364
-329
-301
-289
-266
-230
-187
-120
-34
44
88
128
154
156
132
99
47
-2
-75
-147
-227
-328
-411
-484
-506
-514
-485
-441
-402
-376
-354
-322
-304
-285
-236
-172
-89
-10
78
159
244
348
446
518
582
628
659
654
613
565
521
474
441
394
330
272
200
139
83
23
18
32
49
46
26
1
-34
-46
-87
-75
-76
-47
-66
-90
-65
-49
19
68
142
205
247
272
269
258
253
285
295
291
275
264
245
191
169
160
163
156
133
126
99
63
23
-34
-85
-140
-184
-224
-257
-300
-297
-294
-283
-254
-233
-193
-178
-166
-168
-178
-164
-177
-175
-160
-132
-110
-104
-96
-104
-83
-61
-34
-5
2
-19
-79
-174
-251
-331
-392
-438
-478
-518
-533
-562
-609
-631
-628
-596
-565
-508
-441
-373
-304
-254
-180
-119
-18
90
166
259
343
432
515
593
656
707
710
685
632
556
491
433
370
312
249
206
143
75
33
-8
-2
-5
15
32
34
28
2
-27
-40
-19
-19
7
29
63
104
124
158
188
241
304
376
445
489
506
493
447
404
388
378
362
361
347
327
300
267
253
221
196
136
88
39
-37
-97
-172
-241
-278
-304
-340
-370
-378
-401
-429
-445
-452
-452
-461
-477
-505
-534
-560
-568
-561
-540
-488
-447
-409
-388
-370
-329
-305
-267
-233
-186
-173
-188
-240
-309
-372
-417
-432
-448
-438
-414
-406
-386
-356
-322
-261
-201
-134
-72
3
83
156
239
325
412
489
562
628
692
742
777
805
804
784
726
673
606
532
459
373
291
211
143
67
14
-30
-69
-81
-98
-85
-70
-56
-42
-44
-47
-60
-85
-102
-71
-36
23
89
151
208
241
282
305
333
367
393
408
409
385
339
299
266
245
219
190
160
127
94
65
40
9
-31
-68
-108
-164
-193
-231
-258
-284
-306
-328
-371
-403
-441
-463
-475
-460
-432
-421
-399
-380
-369
-378
-394
-409
-422
-401
-381
-340
-294
-277
-267
-280
-301
-330
-349
-345
-354
-335
-318
-289
-248
-226
-199
-168
-127
-72
-15
46
105
170
234
296
353
417
475
496
544
558
572
577
552
532
496
462
425
378
325
259
184
103
31
-21
-65
-105
-145
-167
-200
-214
-215
-208
-189
-169
-152
-126
-103
-82
-37
10
68
118
173
229
261
314
354
393
422
437
457
470
460
432
395
343
292
256
228
210
183
157
139
83
34
-10
-68
-111
-150
-178
-211
-234
-239
-260
-286
-303
-328
-335
-358
-358
-360
-363
-375
-399
-415
-432
-428
-412
-393
-381
-376
-369
-372
-358
-348
-349
-347
-349
-332
-307
-280
-243
-207
-176
-164
-133
-88
-40
34
90
144
198
236
270
296
346
401
439
462
465
456
435
423
404
387
373
359
316
262
200
148
111
79
58
13
-22
-78
-129
-160
-164
-161
-153
-135
-136
-137
-140
-134
-115
-82
-31
15
59
113
156
198
233
258
294
324
354
395
426
432
426
397
349
302
249
205
185
161
125
89
44
1
-50
-94
-120
-138
-150
-164
-169
-198
-232
-266
-294
-315
-333
-347
-361
-364
-370
-365
-350
-339
-338
-334
-335
-336
-317
-311
-306
-294
-282
-275
-263
-245
-235
-227
-224
-220
-191
-165
-145
-83
-39
-1
31
47
65
86
111
151
193
224
273
294
316
330
346
347
337
343
336
313
286
242
201
163
122
99
60
40
13
-5
-28
-47
-71
-85
-103
-131
-134
-130
-127
-125
-128
-132
-127
-118
-89
-62
-41
-5
24
70
111
160
203
233
274
298
323
354
385
413
431
434
429
418
381
350
318
275
246
218
174
131
78
28
-20
-73
-104
-123
-129
-145
-149
-171
-214
-248
-277
-304
-326
-330
-341
-340
-345
-361
-363
-373
-364
-354
-344
-324
-290
-277
-264
-263
-259
-256
-270
-270
-281
-280
-275
-266
-233
-201
-169
-125
-86
-60
-16
22
54
104
155
197
219
230
251
265
285
314
326
345
351
352
332
315
293
235
188
143
91
70
54
33
7
-38
-76
-111
-129
-126
-109
-68
-42
-38
-37
-62
-67
-57
-34
10
45
76
75
80
89
111
158
194
225
234
242
243
243
255
263
269
261
241
215
187
158
140
119
99
73
43
21
-13
-55
-82
-104
-119
-124
-146
-152
-172
-192
-210
-233
-239
-245
-244
-236
-231
-225
-223
-244
-268
-299
-311
-317
-313
-296
-273
-250
-241
-243
-250
-243
-236
-202
-172
-147
-116
-103
-93
-82
-49
-17
22
64
105
147
181
205
245
279
293
312
317
305
288
269
269
260
262
259
243
221
180
140
94
43
-4
-8
-21
-53
-84
-110
-130
-143
-144
-140
-117
-105
-98
-90
-73
-48
-23
3
30
57
73
96
111
119
135
151
168
175
191
200
204
208
213
219
215
208
186
175
175
161
165
169
162
143
106
67
16
-23
-41
-57
-72
-83
-95
-117
-136
-143
-159
-168
-172
-185
-183
-187
-185
-189
-212
-214
-231
-250
-259
-256
-243
-241
-229
-230
-238
-250
-259
-263
-243
-222
-199
-181
-175
-166
-166
-150
-137
-117
-92
-63
-48
-41
-38
-25
3
29
56
85
109
122
128
134
128
151
165
168
171
163
162
153
144
133
120
104
85
69
54
38
36
38
43
52
69
88
104
113
128
137
156
184
202
225
239
246
246
237
236
233
229
251
261
260
261
245
230
216
191
174
141
115
95
59
34
14
6
-17
-59
-93
-137
-160
-182
-198
-222
-225
-229
-247
-247
-254
-254
-237
-225
-212
-203
-192
-177
-167
-168
-160
-151
-161
-158
-156
-147
-132
-124
-113
-115
-123
-131
-137
-134
-123
-128
-114
-114
-110
-111
-106
-88
-88
-84
-81
-68
-62
-57
-48
-55
-55
-53
-43
-29
1
14
8
3
2
9
13
30
46
65
75
76
74
84
102
104
99
93
85
79
75
87
96
106
120
135
162
176
193
208
224
243
246
256
261
274
279
281
282
277
272
265
260
255
260
256
243
235
206
190
161
134
105
64
26
-17
-56
-101
-128
-158
-172
-183
-200
-217
-245
-254
-266
-266
-269
-280
-298
-301
-301
-288
-255
-226
-190
-166
-157
-151
-146
-135
-125
-118
-102
-89
-80
-74
-72
-73
-80
-79
-89
-96
-99
-104
-113
-126
-132
-125
-126
-119
-117
-127
-144
-159
-162
-170
-159
-135
-104
-72
-48
-24
-3
17
36
59
79
97
101
101
102
112
117
134
157
172
190
195
207
210
208
210
215
212
217
215
216
219
212
216
226
239
255
264
272
265
254
254
254
257
262
262
250
236
221
201
173
162
148
145
130
109
84
35
-11
-54
-91
-127
-158
-190
-210
-235
-261
-272
-279
-277
-268
-265
-257
-263
-265
-279
-273
-243
-216
-194
-165
-143
-132
-114
-103
-86
-82
-77
-64
-57
-33
-22
-20
-23
-35
-51
-68
-75
-90
-110
-133
-160
-182
-207
-224
-232
-237
-234
-232
-207
-202
-194
-187
-183
-179
-182
-169
-161
-137
-98
-57
-17
13
32
45
64
74
83
115
137
168
196
222
249
260
279
288
297
314
328
334
337
332
328
320
315
311
302
297
293
278
269
263
259
250
233
228
212
208
193
160
144
134
107
94
77
58
38
0
-28
-62
-86
-103
-124
-141
-157
-184
-209
-225
-241
-240
-251
-259
-267
-272
-267
-258
-252
-239
-240
-232
-209
-191
-154
-123
-84
-63
-47
-26
-15
-10
-5
9
14
13
16
11
6
-9
-40
-61
-73
-99
-119
-125
-147
-163
-167
-179
-179
-181
-182
-184
-177
-158
-133
-110
-87
-65
-49
-34
-25
-10
0
19
52
72
80
92
89
102
128
165
199
227
242
242
240
229
230
235
239
253
257
251
231
200
190
189
191
199
201
197
193
173
161
153
141
135
126
123
110
97
85
70
51
29
8
-23
-54
-76
-99
-126
-155
-181
-217
-233
-250
-262
-268
-294
-309
-310
-315
-305
-294
-288
-278
-275
-272
-255
-237
-209
-173
-146
-125
-117
-96
-67
-35
8
40
64
86
105
123
134
138
139
135
124
120
118
104
89
78
74
74
72
61
53
40
24
11
10
10
13
13
13
22
22
24
29
27
30
43
51
49
41
27
21
3
2
9
28
42
50
59
59
51
34
27
32
44
59
73
66
61
65
66
73
76
91
89
88
97
108
104
107
119
113
110
101
94
90
78
62
48
28
15
3
-8
-15
-28
-42
-65
-80
-96
-120
-133
-143
-155
-171
-185
-191
-196
-201
-204
-198
-192
-181
-171
-157
-137
-122
-104
-90
-72
-56
-47
-35
-22
-11
1
9
25
46
54
69
76
85
79
83
81
81
84
77
75
51
38
20
5
1
-4
-14
-17
-18
-26
-32
-41
-37
-32
-38
-52
-56
-59
-65
-62
-54
-34
-18
-9
-3
-8
-9
-1
7
23
43
44
37
41
47
48
52
69
100
116
142
142
132
121
116
118
118
128
128
120
107
92
71
50
44
45
47
43
42
37
35
24
8
1
-14
-18
-13
-25
-36
-48
-51
-55
-60
-63
-73
-70
-75
-79
-97
-103
-105
-112
-114
-109
-101
-103
-107
-110
-104
-93
-91
-77
-59
-44
-24
-23
-22
-4
9
23
36
32
36
26
20
31
39
50
50
40
45
60
57
58
61
53
52
44
34
21
8
-4
-10
-23
-33
-28
-40
-63
-71
-82
-79
-69
-64
-63
-60
-55
-65
-71
-68
-69
-59
-54
-35
-26
-21
-16
-28
-20
-14
-13
-13
-1
12
18
33
43
48
57
66
78
91
104
112
116
127
135
146
153
160
158
152
152
144
129
118
106
86
59
39
24
-4
-24
-30
-43
-53
-60
-72
-65
-71
-81
-78
-74
-67
-61
-56
-57
-56
-51
-41
-37
-23
-10
0
5
7
19
20
31
44
52
62
63
50
35
24
9
3
8
12
16
13
10
-4
-18
-26
-41
-30
-33
-40
-37
-54
-64
-74
-80
-91
-108
-122
-133
-130
-125
-116
-106
-99
-100
-103
-105
-96
-91
-93
-87
-83
-71
-61
-58
-55
-57
-53
-50
-39
-25
-10
5
17
34
48
58
62
64
64
68
78
91
101
115
135
142
145
149
141
133
128
117
117
112
108
105
95
90
87
80
82
73
57
51
50
39
29
17
11
16
21
28
15
7
2
-11
-8
-2
1
7
15
27
26
20
22
20
15
13
7
-10
-20
-22
-29
-31
-32
-37
-48
-55
-58
-75
-95
-102
-99
-96
-88
-88
-89
-87
-91
-95
-88
-78
-71
-65
-65
-71
-73
-69
-58
-63
-66
-77
-84
-86
-98
-109
-109
-107
-98
-94
-94
-84
-77
-65
-60
-54
-43
-28
-22
-18
-2
10
31
40
51
60
58
63
67
76
79
89
105
119
126
126
135
138
140
146
142
141
149
153
161
162
161
151
138
116
108
105
98
99
103
98
85
80
62
54
44
42
45
31
19
6
-4
-10
-10
-18
-23
-32
-44
-41
-43
-44
-52
-41
-43
-48
-52
-60
-74
-80
-90
-92
-88
-76
-70
-75
-88
-105
-105
-105
-101
-104
-100
-96
-98
-99
-105
-101
-97
-98
-94
-95
-96
-99
-102
-107
-105
-95
-87
-82
-78
-76
-81
-91
-92
-99
-96
-96
-99
-98
-85
-68
-54
-29
-7
7
12
16
20
31
44
60
78
90
100
99
100
102
109
112
124
138
155
175
180
192
195
192
182
168
150
141
145
142
147
155
151
141
130
122
123
125
131
126
130
126
125
120
107
95
72
57
35
20
5
-16
-21
-22
-21
-24
-26
-35
-52
-72
-89
-98
-94
-81
-71
-75
-81
-78
-89
-93
-94
-89
-94
-105
-118
-130
-135
-146
-144
-147
-153
-155
-155
-164
-164
-159
-153
-129
-121
-112
-107
-114
-122
-133
-136
-138
-140
-139
-131
-130
-125
-126
-118
-98
-94
-81
-67
-51
-34
-24
-15
-7
8
15
29
50
68
90
99
114
129
138
151
157
172
182
184
189
184
178
179
174
178
178
178
178
168
157
143
129
113
106
100
92
96
88
80
72
58
53
44
37
24
12
-4
-16
-20
-18
-12
-9
-14
-18
-19
-27
-32
-22
-14
-7
-6
-7
-10
-17
-14
-22
-33
-34
-43
-46
-54
-55
-56
-52
-51
-45
-43
-52
-60
-65
-61
-62
-57
-47
-50
-50
-51
-61
-67
-72
-72
-68
-66
-64
-54
-49
-50
-53
-55
-61
-71
-76
-77
-64
-62
-59
-54
-43
-35
-26
-19
-20
-19
-18
-14
-8
2
7
12
20
28
22
26
30
31
24
22
32
35
41
52
61
66
57
53
47
41
35
23
22
18
13
5
7
7
13
16
12
13
12
9
7
6
6
19
22
16
24
21
18
24
18
21
25
26
37
45
61
69
80
85
80
77
70
64
58
53
49
42
40
35
21
6
-3
-19
-31
-38
-46
-49
-53
-51
-52
-58
-61
-68
-61
-54
-59
-51
-44
-43
-38
-33
-36
-39
-41
-51
-50
-52
-38
-31
-18
-10
-12
-7
-2
-9
-6
-1
3
8
5
5
1
-7
-2
-1
2
6
1
-1
2
10
18
25
24
31
36
31
13
12
12
3
5
12
19
20
7
-1
-4
-8
-2
-4
3
0
0
2
11
15
22
19
2
1
-4
-12
-17
-9
-8
-3
-7
-14
-18
-24
-20
-11
-4
8
13
12
17
11
15
19
23
31
32
34
35
33
29
19
15
11
3
0
-3
-9
-15
-25
-33
-39
-36
-31
-31
-18
-19
-17
-12
-13
-9
-4
6
15
16
21
33
36
41
42
45
47
45
51
55
57
54
47
43
37
24
14
8
3
2
-2
-3
-4
-13
-24
-45
-50
-61
-73
-70
-73
-68
-63
-59
-53
-48
-52
-54
-55
-60
-67
-66
-68
-69
-64
-67
-72
-74
-76
-75
-66
-64
-54
-53
-42
-32
-20
-20
-15
-10
-12
-4
-4
4
9
23
34
41
48
51
45
41
32
30
31
34
35
46
56
68
84
90
106
114
115
116
118
128
133
149
154
154
156
143
135
117
106
97
87
73
60
50
40
35
28
10
6
-11
-22
-32
-40
-48
-59
-66
-75
-86
-85
-86
-93
-84
-85
-73
-72
-79
-81
-73
-70
-74
-66
-63
-55
-54
-54
-53
-55
-57
-64
-68
-67
-73
-83
-89
-96
-91
-86
-82
-84
-83
-85
-87
-85
-78
-62
-46
-33
-26
-22
-22
-20
-16
-18
-4
1
6
16
13
21
23
27
36
43
49
53
54
55
55
49
54
50
53
56
54
52
53
52
55
60
61
68
70
77
81
83
84
89
93
96
100
99
96
101
109
118
124
125
120
110
102
94
95
86
77
65
46
36
15
-1
-18
-30
-37
-44
-53
-64
-74
-80
-91
-91
-93
-100
-102
-100
-103
-107
-105
-101
-88
-89
-85
-76
-76
-72
-75
-71
-72
-77
-74
-76
-74
-77
-89
-91
-90
-88
-87
-98
-90
-88
-86
-76
-71
-70
-71
-70
-72
-62
-53
-34
-20
-5
4
7
9
16
29
29
36
33
35
34
37
47
53
58
66
76
78
75
65
58
57
54
62
70
81
87
83
84
82
82
81
96
107
114
124
133
144
144
142
135
137
140
141
144
145
139
124
113
93
78
66
59
59
46
44
37
30
15
-5
-23
-45
-56
-65
-70
-77
-94
-97
-107
-123
-124
-130
-129
-133
-136
-131
-132
-132
-135
-129
-124
-124
-122
-122
-116
-113
-98
-84
-81
-71
-64
-56
-41
-33
-25
-16
-17
-20
-24
-24
-26
-34
-31
-34
-44
-47
-45
-52
-61
-58
-57
-64
-71
-71
-72
-73
-72
-69
-63
-60
-56
-44
-30
-9
1
6
13
20
18
21
28
39
53
64
76
77
85
86
91
94
91
97
108
110
121
124
130
133
137
135
135
135
128
124
120
127
128
125
116
108
107
99
95
93
86
88
88
82
74
63
51
38
22
17
12
7
-6
-17
-34
-44
-55
-66
-73
-82
-75
-75
-75
-77
-80
-80
-96
-110
-110
-111
-108
-98
-96
-87
-82
-85
-86
-93
-88
-82
-73
-59
-55
-50
-31
-24
-16
-12
-24
-25
-37
-39
-37
-36
-23
-26
-24
-22
-35
-41
-48
-57
-61
-60
-56
-46
-36
-24
-13
-14
-14
-12
-12
-14
-3
8
17
40
56
65
79
89
88
93
88
91
98
98
95
98
95
90
92
84
78
71
65
59
65
59
51
35
23
19
14
14
7
1
-2
-10
-16
-19
-22
-14
-12
-20
-21
-28
-36
-44
-54
-59
-57
-56
-62
-67
-71
-74
-75
-70
-64
-60
-46
-41
-35
-33
-25
-17
-12
-11
-12
-9
-2
8
20
23
27
35
36
34
37
42
45
54
58
58
59
51
33
20
17
9
1
-1
-10
-16
-14
-18
-21
-27
-36
-40
-39
-42
-44
-46
-50
-55
-55
-52
-39
-33
-18
-13
-10
-7
-14
-16
-21
-13
-4
7
16
19
30
41
48
49
48
53
57
60
65
78
85
74
72
70
57
50
38
33
35
30
38
41
30
21
3
-16
-31
-39
-35
-31
-28
-17
-9
-14
-21
-17
-20
-18
-19
-6
11
18
19
13
9
-5
-12
-23
-31
-28
-22
-20
-19
-14
-10
-10
-9
-8
-13
-3
1
9
15
13
20
16
14
9
1
-4
-16
-23
-22
-23
-22
-15
-21
-26
-40
-59
-69
-75
-74
-67
-63
-62
-55
-58
-63
-71
-78
-80
-78
-75
-67
-58
-57
-46
-40
-42
-39
-37
-30
-24
-9
0
15
35
49
50
58
53
47
47
49
47
54
56
60
69
69
85
91
96
95
95
100
98
101
96
83
72
56
41
39
32
30
23
17
12
5
0
-7
-10
-14
-14
-15
-21
-28
-27
-24
-16
-11
-9
-10
-17
-29
-39
-42
-41
-35
-32
-30
-20
-20
-18
-22
-16
-10
1
15
32
38
39
41
34
35
35
38
40
40
47
42
35
23
18
7
-3
-5
-10
-10
-9
-6
-6
-5
-7
-5
-10
-17
-21
-25
-37
-41
-51
-50
-50
-53
-60
-64
-58
-61
-65
-63
-60
-56
-47
-48
-41
-34
-28
-19
-19
-8
-3
-2
-8
-8
-7
-10
-9
-16
-20
-19
-10
-4
-7
-1
-4
-15
-13
-9
2
13
20
29
35
42
40
36
31
27
24
20
16
19
27
29
33
31
28
21
16
9
8
11
4
5
8
5
3
3
5
7
10
9
12
20
28
33
40
38
39
38
37
48
49
50
56
65
68
67
63
55
41
33
33
32
22
22
18
9
1
-11
-19
-28
-42
-46
-53
-65
-64
-69
-75
-77
-80
-78
-82
-88
-98
-102
-98
-86
-81
-73
-65
-64
-54
-45
-41
-35
-26
-9
3
10
16
11
12
17
23
34
40
41
46
46
48
52
50
52
58
57
58
52
49
37
31
25
20
21
16
16
20
25
21
19
19
14
4
-4
-8
-17
-11
-5
-2
4
12
11
3
-10
-15
-17
-27
-27
-26
-17
-13
-16
-13
-12
-21
-17
-11
-5
-2
1
9
11
15
13
8
-1
-7
-3
1
4
12
19
21
16
5
2
-1
-7
-5
-1
7
9
6
0
-9
-18
-25
-27
-30
-33
-28
-17
-15
-21
-25
-32
-44
-44
-43
-43
-35
-34
-29
-29
-20
-19
-23
-18
-13
-5
6
9
18
28
28
33
27
22
12
8
7
11
21
36
41
44
40
27
22
15
15
13
19
24
24
23
15
12
8
-3
-7
-13
-18
-19
-21
-20
-14
-8
-9
-8
-9
-10
-10
-6
-3
-6
0
6
3
7
7
2
5
8
14
23
32
35
41
46
54
53
56
59
56
52
59
57
51
48
43
37
29
19
12
0
-8
-14
-18
-20
-29
-29
-33
-39
-40
-44
-51
-51
-52
-50
-43
-40
-36
-38
-44
-45
-53
-51
-48
-47
-42
-43
-44
-43
-45
-45
-41
-38
-36
-33
-31
-28
-25
-28
-26
-22
-23
-25
-18
-15
-8
0
13
25
34
41
47
46
40
43
45
50
49
51
50
43
32
24
16
24
24
32
43
42
44
38
35
29
30
37
45
50
53
45
42
41
36
29
23
17
19
11
14
15
11
12
10
2
-3
-1
-9
-11
-12
-7
-5
-5
-4
-8
-9
-14
-20
-30
-38
-42
-50
-53
-47
-45
-44
-46
-56
-63
-68
-73
-75
-73
-66
-61
-52
-43
-45
-44
-46
-49
-45
-47
-41
-24
-15
-3
-2
-1
-1
2
3
9
17
22
30
38
38
45
42
38
37
32
34
34
37
34
34
31
26
20
19
13
13
10
7
10
9
10
8
5
8
-2
5
9
5
12
19
18
9
6
7
4
9
1
2
4
6
8
6
6
9
7
-2
-5
-10
-9
-5
-2
1
4
2
1
-4
-6
-6
-7
-8
-6
3
5
12
21
18
15
12
14
17
19
22
16
18
14
5
3
0
-6
-11
-15
-12
-19
-24
-23
-22
-8
-4
3
-1
0
-9
-11
-9
-9
-6
-4
-2
0
3
1
5
1
5
2
-2
4
3
9
5
6
0
-1
0
-10
-12
-14
-14
-12
-7
-4
0
0
-6
-10
-7
-7
5
8
10
8
3
1
-1
-1
-1
6
7
11
8
5
6
10
10
6
9
7
1
-2
-3
-7
-9
-11
-14
-17
-14
-16
-22
-19
-18
-18
-15
-12
-8
-6
-2
-3
-3
-1
0
0
-4
-11
-11
-11
-6
-3
1
2
1
9
10
12
17
19
20
20
18
13
10
8
7
3
1
4
5
12
14
14
19
16
20
16
12
6
-3
-2
-4
-7
-12
-18
-22
-23
-25
-25
-21
-21
-24
-19
-22
-29
-34
-29
-29
-31
-25
-21
-15
-18
-16
-7
-8
-5
-4
-1
-2
1
8
12
17
18
22
22
23
26
27
27
30
25
25
23
26
35
45
54
53
42
34
24
17
13
8
9
7
7
6
3
1
-2
-3
-6
-9
-10
-9
-11
-11
-12
-14
-13
-14
-12
-16
-19
-25
-19
-15
-12
-6
-3
-5
-5
-10
-10
-7
-10
-3
0
2
7
5
7
14
16
23
28
28
28
22
16
12
13
13
13
2
-8
-9
-14
-19
-17
-15
-10
-8
-12
-16
-17
-18
-24
-29
-22
-21
-21
-18
-20
-18
-17
-24
-23
-20
-18
-17
-12
-13
-16
-21
-31
-29
-23
-20
-15
-14
-11
-10
-3
0
-7
-7
-8
-7
-8
-5
-2
5
13
22
26
19
14
5
6
0
4
6
10
11
6
3
-6
-8
-11
-10
-10
-2
-2
-1
0
4
5
-1
1
2
2
0
1
4
5
0
-2
0
4
6
7
10
15
24
25
29
28
32
35
32
40
42
50
58
62
72
66
70
69
67
66
64
61
53
47
38
32
25
19
9
4
-2
-11
-15
-25
-24
-21
-20
-14
-21
-24
-32
-41
-46
-50
-53
-49
-44
-34
-28
-25
-26
-30
-32
-37
-35
-28
-30
-27
-26
-29
-28
-28
-22
-29
-26
-23
-25
-19
-14
-15
-13
-11
-12
-7
-8
-4
-3
-8
-3
-11
-15
-12
-12
-5
-1
1
1
8
7
9
2
4
0
-2
-6
-15
-14
-16
-16
-20
-25
-24
-26
-23
-17
-16
-14
-13
-14
-7
-6
-7
-4
-4
6
14
15
16
15
23
26
28
36
38
34
33
32
31
29
25
34
29
26
27
23
19
14
14
18
26
22
20
18
18
15
14
13
7
10
2
1
-6
-2
0
-2
-4
1
2
-2
-3
-1
-1
-10
-9
-10
-12
-14
-17
-10
-7
-8
-3
3
7
11
12
14
12
6
0
-3
-9
-12
-17
-15
-16
-12
-9
-10
-5
-1
0
5
9
9
12
15
15
12
14
14
11
8
9
7
6
9
3
0
-5
-8
-17
-20
-15
-16
-15
-15
-17
-18
-21
-17
-15
-12
-12
-15
-13
-13
-10
-12
-3
6
5
8
8
8
11
13
19
24
24
20
19
11
11
13
10
10
5
4
0
2
3
-2
3
-3
-8
-11
-12
-11
-16
-16
-21
-25
-25
-23
-23
-26
-33
-32
-33
-34
-34
-34
-37
-39
-42
-42
-39
-38
-41
-36
-33
-32
-27
-24
-17
-16
-13
-9
-3
3
5
13
20
21
29
30
36
38
38
40
44
49
53
61
63
69
70
70
70
68
65
62
57
48
44
36
32
27
26
21
13
5
8
4
-1
-4
-8
-14
-15
-19
-20
-19
-15
-16
-21
-16
-22
-19
-19
-17
-19
-17
-13
-11
-11
-13
-11
-11
-10
-16
-16
-13
-13
-11
-3
-1
-2
-2
-2
-6
-9
-9
-4
-5
1
0
2
1
0
-1
-3
-2
-8
-14
-20
-20
-22
-24
-17
-20
-21
-25
-30
-36
-38
-37
-39
-36
-28
-21
-19
-20
-22
-19
-16
-14
-10
-5
4
7
8
11
9
7
6
4
12
13
16
18
20
24
17
12
10
6
5
5
7
5
5
12
14
12
14
18
15
16
13
15
16
20
22
17
16
17
17
15
15
13
13
13
11
13
12
5
1
0
0
-3
-5
-3
-5
-12
-12
-12
-14
-14
-12
-15
-13
-16
-19
-11
-8
-1
3
9
12
15
18
17
23
23
24
23
24
23
24
23
26
29
27
29
25
23
17
13
7
2
0
-1
-5
-8
-12
-10
-15
-22
-21
-24
-26
-28
-32
-35
-32
-35
-32
-27
-28
-31
-27
-27
-26
-26
-26
-24
-21
-12
-12
-11
-9
-7
-4
1
5
10
14
17
15
16
12
13
11
12
15
13
15
18
21
20
17
15
11
10
5
2
4
-2
-5
-9
-12
-17
-16
-14
-15
-11
-6
-3
1
4
7
6
3
4
1
-3
-4
-4
-1
4
4
8
10
9
12
8
7
9
9
12
12
14
15
14
13
13
9
6
4
6
5
7
11
8
8
7
5
5
6
5
3
2
2
1
-3
-6
-12
-17
-22
-29
-29
-26
-26
-24
-19
-19
-21
-23
-27
-25
-19
-18
-15
-13
-12
-10
-9
-11
-11
-19
-23
-21
-22
-22
-18
-13
-11
-9
-14
-14
-16
-16
-15
-16
-15
-12
-9
-3
2
2
-2
0
1
4
7
12
19
18
19
18
17
10
14
16
13
18
20
24
29
29
34
37
34
35
33
31
34
33
36
35
34
32
27
24
23
17
13
10
10
8
7
11
9
8
8
4
3
5
4
6
11
12
13
12
12
10
4
2
-1
-3
-3
-3
-6
-1
0
-5
-7
-6
-6
-4
-3
-5
-6
-8
-13
-13
-17
-22
-23
-25
-30
-32
-35
-34
-34
-32
-32
-33
-32
-33
-30
-28
-24
-23
-22
-23
-27
-25
-22
-17
-13
-11
-9
-8
-8
-11
-13
-11
-9
-14
-10
-7
-1
4
5
6
7
3
4
2
1
6
6
11
13
14
15
15
16
18
21
20
23
22
24
20
18
17
11
11
11
9
7
5
7
5
5
6
7
9
9
12
8
12
11
13
14
14
15
16
19
18
19
18
17
18
18
19
23
28
30
30
28
22
21
15
15
9
6
3
0
-2
-6
-4
-9
-12
-15
-19
-25
-26
-26
-27
-25
-24
-24
-25
-24
-27
-27
-26
-26
-24
-24
-22
-26
-26
-26
-31
-27
-30
-26
-21
-20
-17
-13
-12
-12
-11
-13
-15
-15
-15
-15
-13
-12
-11
-8
-6
-6
-6
-5
-5
-3
1
3
4
9
10
9
11
13
12
15
16
18
20
25
23
19
18
18
15
19
20
19
16
13
12
13
11
11
9
9
12
11
11
14
11
11
13
11
9
8
11
13
13
13
12
12
9
11
10
11
13
14
14
14
13
15
16
18
16
12
9
5
3
0
-6
-7
-7
-8
-9
-12
-13
-15
-17
-20
-17
-18
-19
-18
-21
-23
-21
-23
-25
-23
-25
-24
-20
-17
-14
-11
-13
-14
-15
-20
-21
-21
-21
-21
-17
-16
-15
-12
-10
-7
-7
-12
-11
-9
-7
-2
1
4
3
0
0
-1
0
4
4
11
10
10
17
14
14
13
11
10
9
8
10
11
9
11
12
9
5
1
0
-1
-1
-2
0
0
-2
-3
-2
-1
-1
3
7
5
9
12
14
16
18
20
22
23
22
21
24
27
26
26
26
22
22
21
18
19
18
14
14
12
12
8
8
10
7
6
6
6
6
8
8
6
3
7
5
2
2
1
0
-5
-9
-11
-13
-14
-15
-15
-14
-16
-13
-15
-18
-18
-15
-12
-13
-14
-12
-15
-19
-19
-23
-23
-23
-25
-23
-20
-19
-21
-23
-26
-26
-26
-22
-19
-16
-17
-15
-16
-15
-14
-13
-11
-12
-9
-11
-13
-11
-10
-9
-7
-6
-7
-4
-2
-6
-6
-6
-4
-3
-1
1
0
0
2
1
3
3
5
6
8
11
11
13
12
15
18
18
21
22
22
25
27
26
26
25
27
25
24
23
24
23
20
22
21
19
19
18
16
13
11
12
11
11
10
8
7
7
8
4
3
1
0
0
-3
-2
-2
-4
-4
-5
-6
-6
-5
-5
-10
-11
-11
-12
-10
-10
-12
-10
-8
-7
-7
-9
-11
-13
-13
-12
-15
-15
-16
-16
-17
-17
-16
-16
-15
-19
-14
-13
-14
-13
-11
-11
-13
-10
-8
-5
-5
-6
-6
-5
-6
-5
-5
-2
1
2
4
6
8
9
7
7
9
6
9
6
7
8
5
5
6
7
8
8
12
12
14
15
16
15
13
11
9
8
7
9
9
6
7
6
5
4
3
4
4
4
6
7
6
6
4
-1
-2
-4
-7
-9
-11
-10
-10
-7
-6
-7
-4
-6
-6
-7
-6
-5
-2
-3
0
-1
0
-1
-3
-1
-2
-3
-3
1
2
3
0
2
3
3
5
6
6
8
6
3
4
1
3
3
3
1
0
-1
-2
-2
2
1
-2
-4
-4
-8
-5
-7
-9
-9
-9
-7
-5
-5
-5
-3
-3
-1
1
1
4
4
5
6
6
6
7
6
4
6
8
7
5
5
4
5
6
3
3
0
-3
-3
-7
-8
-9
-11
-11
-11
-12
-13
-10
-9
-9
-9
-9
-10
-9
-9
-10
-9
-10
-8
-7
-6
-8
-5
-2
-2
-1
0
2
3
4
3
4
2
4
3
2
4
5
7
8
10
11
10
8
9
7
7
7
7
9
5
5
4
2
3
3
2
1
0
0
3
2
3
5
5
5
7
10
10
15
16
13
10
10
9
8
10
7
5
5
5
6
4
3
2
0
0
-3
-3
-3
-5
-6
-8
-9
-11
-10
-9
-6
-9
-9
-11
-9
-6
-7
-6
-4
-6
-5
-6
-8
-8
-8
-8
-7
-10
-9
-7
-8
-7
-7
-7
-6
-5
-5
-4
-7
-5
-5
-5
-3
-3
-2
0
-1
-2
-1
0
-1
1
0
-1
0
-1
1
-1
-2
-1
-3
-3
-1
-4
-3
-3
-1
-2
-1
1
2
2
0
-1
0
-1
-1
2
2
6
6
5
4
3
4
1
7
8
9
9
10
8
9
8
7
8
9
12
14
13
16
17
18
16
14
12
10
10
9
8
6
6
3
4
4
1
-1
-1
-3
-1
0
1
1
3
3
3
3
2
1
0
0
-3
-4
-6
-7
-8
-10
-10
-10
-11
-9
-12
-10
-11
-12
-11
-11
-13
-15
-14
-14
-12
-12
-12
-8
-8
-7
-10
-8
-8
-9
-6
-7
-5
-3
-1
2
0
2
2
3
5
4
4
6
7
8
7
4
4
1
-2
-2
-3
-5
-4
-3
-1
1
0
2
2
4
3
1
4
3
4
3
3
3
2
2
2
3
3
5
7
8
8
7
6
9
9
8
10
10
10
7
7
7
8
6
4
3
1
-2
-2
-3
-5
-5
-7
-6
-6
-7
-6
-5
-5
-6
-4
-3
-4
-4
-3
-5
-4
-3
-5
-4
-5
-5
-5
-8
-8
-7
-7
-6
-6
-4
-4
-2
