-2
-2
-2
-2
-3
-3
-3
-3
-2
-2
-2
-2
-2
-2
-1
-2
-1
-1
-1
-1
0
-1
-1
0
0
0
1
1
1
1
0
1
0
1
0
1
2
2
2
3
2
3
2
2
1
1
2
2
1
2
3
3
3
3
1
1
1
2
1
0
1
2
1
0
2
1
1
1
2
2
1
2
3
1
0
-1
0
0
1
0
1
1
1
0
-1
0
-1
-1
-2
-2
-2
-2
-2
-2
-3
-1
0
0
0
0
1
1
1
0
0
0
-2
-1
-1
-1
0
0
0
0
-2
0
-1
-1
-1
-2
-2
-1
-1
-1
-1
-1
0
-1
0
0
0
0
0
0
1
1
1
0
0
0
0
0
0
1
1
2
1
1
1
1
2
2
2
3
2
3
2
2
1
2
3
2
2
2
1
1
1
1
1
0
1
1
0
-2
0
0
0
-1
0
0
1
0
-1
0
0
1
0
-1
-1
0
0
0
0
0
1
0
1
0
-1
0
-1
-1
0
0
0
-1
-1
-2
-2
-1
0
-1
-1
1
0
0
-1
1
2
1
1
1
1
0
1
2
1
1
1
2
1
1
1
2
1
1
-1
1
2
2
2
2
2
2
1
1
0
0
1
0
1
0
-1
0
-1
-1
-2
-2
-1
-3
-3
-2
-3
-2
-2
-3
-4
-4
-3
-3
-4
-3
-3
-2
-2
-2
-2
-2
-2
-1
-1
-1
-1
-1
-1
-1
0
-1
1
1
0
1
1
1
1
1
1
0
0
0
-1
0
0
0
0
0
1
1
1
0
0
-1
0
-1
-1
0
0
0
-1
0
-1
-1
0
0
-1
0
0
0
-1
1
-1
0
-1
0
-1
0
-2
-2
-2
-2
-2
-1
-1
-1
-1
0
0
-1
0
1
1
1
1
1
-1
-1
-1
-1
-1
-1
-1
0
0
0
-1
-1
-1
-1
-2
-2
0
1
2
0
1
0
1
1
1
0
0
0
1
1
1
3
1
1
2
2
2
2
2
2
2
3
3
1
2
3
2
2
1
1
1
1
1
2
2
0
2
2
1
2
0
1
1
2
1
1
0
1
0
0
1
0
0
0
0
0
-1
0
-1
-1
1
-2
-2
-1
-2
-1
0
-1
-1
-1
-1
-1
-1
-1
-1
1
0
-1
0
0
-1
-1
-1
0
0
0
0
1
0
1
2
1
1
1
0
1
1
1
0
0
0
0
0
0
-1
0
-1
-1
-1
-1
-2
-2
-1
-1
1
-1
0
-1
-1
-1
-1
-2
-2
-1
-2
-2
-2
-1
-1
-1
1
0
0
0
1
2
1
2
2
2
2
2
2
2
3
2
2
3
2
1
0
1
2
1
1
0
1
1
-1
0
0
0
1
1
1
1
0
1
1
2
2
2
2
3
3
1
2
2
2
1
0
0
1
1
1
0
1
2
1
0
0
0
-1
0
-1
-1
0
-1
0
-1
-1
-1
-1
-1
-1
-2
-2
-2
-2
-3
-2
-2
-3
-2
-3
-3
-3
-3
-3
-3
-3
-3
-3
-2
-1
-2
-1
-1
-2
-3
-3
-1
-1
-2
-1
-1
-1
-1
0
-1
1
0
0
-1
0
0
-1
0
-1
0
0
0
0
-2
0
-1
0
-1
0
-1
0
0
0
0
0
1
0
1
0
1
0
0
1
0
0
-1
-1
0
0
1
1
1
1
1
2
2
2
1
1
1
0
1
0
0
1
1
2
2
1
2
1
1
1
1
0
0
0
-1
-1
-1
0
-1
-1
0
0
1
0
-1
-1
-1
0
-1
-1
-1
0
1
1
1
0
0
1
0
0
0
2
1
1
0
1
1
1
0
1
0
0
0
0
-2
-1
0
0
-1
-2
0
-1
-1
-1
-1
0
1
1
0
1
1
2
1
3
1
2
2
2
2
1
2
2
1
-1
0
2
1
1
0
1
1
1
0
0
0
1
1
0
0
1
2
0
1
0
1
1
1
2
1
1
2
1
0
1
0
1
1
0
1
1
1
0
0
0
0
1
0
0
1
0
1
0
0
1
1
0
0
0
0
0
-1
-2
-2
-2
-2
-1
-2
-1
-2
-3
-2
-2
-4
-2
-2
-1
-3
-2
0
-1
-1
-2
-1
-1
-2
-2
-2
-2
-1
-2
-2
-1
-1
0
0
0
0
0
0
1
0
0
0
1
0
0
0
0
1
1
1
1
0
0
0
1
1
0
0
1
0
0
1
1
0
0
1
1
0
0
0
0
0
0
1
0
0
0
0
1
1
1
0
0
1
1
1
1
1
1
2
2
1
1
1
1
-1
-1
-1
-1
0
0
0
0
0
1
2
1
0
1
0
0
0
1
1
1
1
-1
-1
-1
-1
0
-1
-2
-2
-2
-1
-2
-2
0
-1
-2
-2
0
-1
-1
-2
-2
-2
-2
-2
-2
-2
-1
-3
-3
-3
-1
-2
-2
-1
-1
1
0
-1
-1
-1
0
0
-1
0
0
0
1
1
-1
-1
-2
-1
-3
-2
-2
-2
-1
-1
-2
-2
-1
-2
-2
-1
-2
-1
-1
-1
-1
0
-1
-2
0
-1
-1
-1
-1
-1
0
-1
-1
1
0
0
0
1
0
1
1
1
1
0
1
2
2
2
3
2
3
3
3
4
4
3
2
3
3
2
2
2
3
3
3
2
3
3
2
2
2
1
2
1
2
1
1
1
1
2
1
1
1
2
1
0
2
0
-1
-1
0
1
0
-1
0
0
-1
0
-1
-1
-1
-1
-1
0
0
0
1
0
1
-1
0
-1
-1
-1
0
1
0
0
0
1
0
0
0
-1
-1
0
0
-1
0
1
1
0
1
2
1
1
1
0
0
0
-1
1
0
1
1
1
1
1
1
1
1
1
2
1
0
0
0
0
0
-1
-2
-1
-2
-2
-2
-2
-2
-2
-3
-4
-3
-2
-2
-2
-1
-2
-1
-2
-3
-2
-1
-1
-1
-2
-1
-2
-1
-1
0
0
0
-1
-2
-1
-1
0
-1
0
0
0
1
0
-1
0
1
1
1
2
1
2
2
2
2
3
1
1
1
1
2
1
2
1
1
1
0
-1
0
0
0
-1
-2
-2
-2
-2
-1
-2
-2
-2
-2
-3
-3
-1
-1
-2
0
-1
0
-1
-1
-1
-2
-2
-1
-1
-2
-1
-1
1
1
1
2
1
2
1
0
1
1
0
0
1
0
0
-1
-1
0
0
0
0
0
2
1
1
1
1
2
1
3
2
1
2
1
0
1
1
1
1
0
0
0
0
0
1
1
0
0
-1
0
1
0
-1
0
-1
0
-1
-2
-2
-1
-2
-2
-3
-2
-1
-2
-2
-2
-2
-2
-1
-2
-2
-2
-2
-2
-3
-2
-2
-2
-2
-1
-3
-2
-2
-2
-1
-2
0
0
0
1
0
0
0
1
0
2
2
2
2
1
1
1
2
2
3
2
2
3
1
2
2
2
2
3
2
1
2
2
2
1
2
2
2
3
2
1
2
2
2
2
2
2
2
2
2
2
1
0
0
-1
0
0
-1
0
-1
0
0
0
-1
0
-1
1
0
0
0
1
3
1
3
1
2
2
2
1
1
1
2
0
0
2
2
2
1
1
2
2
2
1
0
0
0
-1
-1
-1
0
0
0
-1
-2
-1
-1
-1
-1
-1
-2
-3
-3
-2
-3
-2
-2
-2
-2
-3
-1
-2
-3
-4
-3
-3
-2
-3
-1
-3
-2
-1
-2
-2
-1
-1
0
-1
-1
-1
0
0
-1
-1
1
1
0
1
0
1
1
1
1
0
1
1
1
1
1
1
2
2
2
2
3
3
2
2
2
2
2
1
1
2
3
2
1
1
3
0
1
0
0
0
0
-1
0
0
0
0
1
0
0
-1
0
0
0
-1
-2
-2
-2
-1
-1
-1
-1
-2
-3
-3
-4
-3
-4
-4
-4
-4
-3
-3
-3
-2
-3
-3
-3
-3
-2
-2
-2
-4
-4
-3
-3
-1
-1
-1
0
-1
-1
0
-1
0
0
-1
-2
-1
0
1
0
0
1
0
0
-1
-1
-1
0
0
0
0
1
3
1
2
1
2
3
2
1
1
1
2
1
2
2
2
4
3
3
2
3
2
2
2
1
2
2
2
0
0
0
2
1
0
-1
0
0
-1
-1
0
0
1
-1
-1
-1
-1
-1
-2
-2
-1
-1
-1
-2
-1
-1
0
-1
-1
-1
-1
-1
-2
0
0
0
1
0
0
-1
0
1
-1
0
1
1
1
1
1
1
2
1
2
1
1
2
0
1
1
0
1
3
2
3
4
3
3
2
2
3
2
2
2
2
2
1
1
0
0
2
0
0
-1
0
0
0
0
0
0
0
2
1
1
1
1
0
1
1
0
0
0
-1
0
-1
-2
-2
0
-1
0
-1
-2
0
-1
-2
-2
-1
-1
-1
-2
-1
-1
-1
-1
-1
-2
-1
1
-1
-1
-1
-1
-1
-2
-2
-1
-1
0
-1
1
0
0
-1
-1
0
0
0
0
0
-1
1
-1
0
-1
0
-1
-1
-2
-2
-2
-1
-2
-2
-2
-2
-1
-1
-1
-1
0
0
-1
0
1
2
1
0
1
1
3
2
1
1
2
3
2
2
2
1
2
2
1
2
2
1
1
1
1
2
2
2
2
2
1
1
0
0
1
2
1
0
0
1
1
0
-1
-1
1
0
0
-1
0
1
1
0
-1
-1
0
-1
0
-2
-1
-1
0
-2
-2
-1
-2
-2
-2
-3
-1
-2
-2
-4
-4
-2
-2
-1
-2
-1
-1
-1
-2
-3
-3
-3
-3
-3
-3
-2
0
1
-2
-1
-1
-1
-2
-2
-1
-2
-1
-2
-2
-3
-2
0
0
-1
-2
-1
-1
0
0
-2
-1
1
1
0
0
2
2
2
0
1
2
3
3
0
0
1
3
2
1
2
2
2
0
1
1
2
0
1
0
1
1
-1
-1
-1
-1
0
-1
-2
-2
-1
-2
-1
-2
-1
1
2
0
2
3
3
3
2
3
4
2
1
-1
-1
0
0
-1
-2
1
1
1
0
0
1
1
1
0
2
3
4
3
3
4
3
3
3
3
3
4
4
5
4
3
1
2
1
0
0
0
0
-2
0
0
0
1
1
0
1
1
1
1
0
0
1
1
0
1
1
0
0
-1
-1
-1
-1
-2
-1
-1
-1
1
0
1
1
1
0
-1
-1
-2
-2
-3
-3
-4
-2
-1
-1
-1
-1
-1
-1
-2
-3
-3
-5
-5
-2
-2
0
-2
-2
0
-2
-4
-5
-4
-3
-4
-2
-1
1
2
2
2
3
4
4
5
5
3
5
7
8
5
4
3
3
6
6
4
5
5
5
2
1
1
-2
-1
-4
-3
-1
1
1
-1
-3
-1
-3
-5
-9
-9
-8
-10
-8
-9
-5
-6
-6
-7
-5
-4
-3
-3
-7
-7
-10
-3
2
6
5
2
0
-3
-2
-2
2
1
3
3
1
0
-1
-3
-2
3
7
11
10
8
3
4
7
6
4
3
5
8
6
6
5
6
4
0
-1
2
1
1
-3
-5
-3
-2
-6
-15
-19
-7
11
10
-3
-11
-8
-6
-8
-7
2
13
12
9
9
12
12
10
17
27
27
16
3
-1
5
16
14
6
-4
-12
-17
-21
-22
-21
-21
-26
-31
-30
-26
-26
-36
-36
-21
1
7
-5
-8
-4
5
7
14
21
20
16
10
20
23
22
17
17
22
17
10
-3
-6
-4
1
-1
-9
-12
-17
-25
-29
-25
-20
-18
-26
-34
-28
-16
-9
-7
-1
10
16
14
14
20
29
34
34
31
33
30
24
19
17
19
15
10
5
0
-2
-9
-12
-16
-17
-19
-23
-26
-25
-23
-19
-15
-11
-11
-11
-10
-10
-8
-8
-3
6
16
17
13
10
13
18
20
26
29
27
23
15
12
14
18
17
14
13
18
16
3
0
1
5
5
-4
-9
-11
-5
-4
-2
2
8
13
5
0
1
8
15
13
7
5
9
16
9
0
-3
4
9
0
-14
-15
-11
-13
-17
-14
-28
-104
-183
-152
-2
81
-1
-150
-192
-108
-61
-94
-126
-55
46
51
-11
-60
-31
11
69
150
216
217
107
28
61
185
251
202
123
80
76
45
1
-14
-8
-27
-85
-136
-151
-156
-197
-238
-209
-121
-63
-86
-141
-136
-75
-4
57
121
169
163
128
129
187
256
278
261
239
219
184
129
98
96
95
62
0
-58
-108
-147
-184
-200
-200
-190
-200
-238
-275
-277
-239
-190
-140
-110
-100
-85
-66
-17
40
94
128
122
118
112
115
114
107
90
70
45
11
-24
-72
-105
-125
-126
-136
-163
-181
-185
-182
-184
-166
-126
-77
-44
-31
-15
16
61
110
156
177
183
196
210
225
246
257
246
220
191
162
135
111
83
59
44
34
11
-18
-35
-46
-35
-28
-25
-19
-15
-23
-45
-41
-8
34
45
37
26
27
31
14
5
27
92
126
85
18
-19
14
12
-175
-475
-518
-140
241
120
-433
-787
-641
-328
-322
-521
-480
-133
107
-70
-348
-350
-85
236
482
683
750
555
258
245
620
1019
1053
731
426
308
252
131
0
-38
-90
-260
-533
-706
-757
-819
-915
-926
-736
-503
-474
-612
-716
-580
-240
117
398
513
501
418
451
697
1001
1170
1136
1043
931
828
711
629
650
639
487
230
-30
-222
-365
-505
-603
-645
-641
-724
-900
-1076
-1140
-1016
-768
-545
-413
-365
-342
-267
-133
84
310
512
611
571
481
434
486
509
440
294
91
-7
-128
-294
-473
-587
-632
-699
-787
-887
-893
-870
-853
-799
-679
-457
-260
-151
-80
70
280
497
668
794
907
985
1000
959
977
1024
1007
898
747
630
520
313
53
-111
-147
-136
-240
-450
-588
-587
-528
-467
-428
-329
-238
-253
-278
-195
71
338
457
430
418
481
543
556
525
555
643
670
543
305
74
-27
-26
-1
-19
-133
-277
-429
-581
-638
-707
-818
-957
-999
-847
-641
-535
-682
-827
-857
-725
-563
-457
-267
-77
85
88
68
161
346
549
655
802
921
905
785
658
722
830
840
706
509
339
129
-108
-281
-324
-356
-537
-773
-955
-1014
-1010
-1024
-1014
-934
-763
-639
-540
-499
-346
-65
265
546
672
783
796
838
931
1108
1252
1265
1222
1112
1027
899
726
577
494
447
262
6
-276
-477
-618
-714
-779
-827
-839
-897
-978
-1032
-951
-790
-615
-455
-323
-215
-91
63
243
280
194
-41
-105
176
612
741
328
-160
-471
-430
-432
-588
-709
-674
-435
-438
-657
-881
-862
-554
-185
180
382
409
302
289
516
891
1250
1323
1178
929
771
726
755
718
516
255
-7
-170
-280
-443
-663
-819
-790
-622
-519
-577
-740
-783
-644
-380
-67
156
293
286
305
403
620
860
985
1083
1091
1045
941
807
734
679
623
507
354
194
31
-196
-429
-527
-532
-509
-600
-782
-900
-907
-818
-720
-631
-556
-466
-381
-291
-168
-2
200
315
326
304
322
399
467
476
408
307
121
-146
-337
-382
-261
-263
-495
-800
-993
-1009
-1046
-1122
-1118
-974
-805
-726
-678
-549
-352
-208
-79
165
513
773
791
750
835
1072
1244
1219
1122
1077
1033
894
737
553
426
246
27
-121
-216
-294
-485
-691
-808
-767
-617
-545
-571
-621
-550
-409
-242
-34
150
315
428
542
631
717
797
909
1024
1069
1017
892
773
675
545
397
328
272
145
-83
-330
-521
-656
-722
-741
-701
-669
-715
-826
-849
-845
-871
-945
-954
-740
-471
-175
-143
-267
-383
-396
-347
-397
-225
234
582
381
-160
-375
-35
404
542
588
782
927
739
386
324
607
919
993
918
707
365
-80
-386
-296
-75
-80
-467
-947
-1164
-1132
-1096
-1059
-946
-725
-573
-593
-637
-493
-208
68
328
611
901
1000
889
758
832
1104
1352
1425
1358
1174
864
586
497
621
715
564
237
-95
-322
-509
-662
-697
-649
-688
-906
-1128
-1215
-1159
-1005
-834
-713
-627
-570
-496
-359
-145
122
317
450
534
551
539
507
520
513
477
242
-159
-420
-309
8
-130
-645
-1137
-1189
-1015
-1039
-1152
-1172
-892
-688
-652
-622
-481
-240
-83
212
653
1029
1083
897
943
1287
1649
1662
1387
1177
1115
1064
717
394
234
227
88
-347
-642
-798
-832
-1001
-1154
-1044
-819
-641
-765
-825
-708
-433
-120
138
474
618
671
658
805
1138
1391
1475
1335
1232
1147
1149
1073
948
828
631
383
9
-235
-374
-485
-686
-948
-1111
-1190
-1179
-1166
-1209
-1165
-1027
-806
-581
-428
-285
-145
161
369
386
309
189
137
9
199
685
1004
612
-463
-1212
-1228
-745
-590
-863
-996
-900
-792
-1132
-1475
-1343
-718
-42
208
254
219
306
438
732
1236
1691
1829
1499
1110
934
996
1090
977
711
377
78
-196
-472
-712
-923
-1028
-1053
-1012
-918
-866
-1042
-1237
-1122
-596
-34
137
90
35
248
603
961
1241
1369
1422
1387
1394
1397
1404
1401
1338
1259
1109
874
575
302
63
-153
-348
-583
-819
-1068
-1295
-1440
-1450
-1364
-1297
-1336
-1401
-1331
-1042
-617
-347
-224
-97
99
319
486
687
901
1064
1045
904
793
742
751
609
350
202
72
-238
-818
-1166
-938
-674
-783
-1368
-1764
-1648
-1406
-1364
-1511
-1309
-878
-540
-528
-580
-359
21
443
700
980
1251
1383
1386
1402
1606
1795
1791
1552
1350
1263
1152
923
598
358
172
-96
-370
-593
-740
-842
-978
-1089
-1171
-1109
-996
-864
-759
-644
-456
-255
12
177
358
587
804
1005
1129
1223
1216
1181
1172
1158
1121
1019
933
819
605
300
-15
-162
-202
-280
-486
-723
-928
-1103
-1208
-1226
-1149
-1059
-948
-890
-903
-902
-799
-569
-242
14
213
204
24
-193
-416
-289
2
542
790
420
-320
-1021
-983
-655
-373
-530
-764
-639
-523
-581
-878
-842
-452
88
471
481
420
253
292
585
1138
1675
1727
1336
754
522
566
761
839
675
357
-74
-419
-610
-732
-842
-819
-591
-354
-493
-874
-1042
-778
-306
49
313
464
441
379
410
756
1117
1349
1419
1378
1344
1163
934
766
932
1184
1136
717
133
-177
-209
-118
-188
-433
-716
-1093
-1345
-1378
-1174
-1029
-1068
-1206
-1265
-1088
-918
-764
-626
-371
-34
137
223
286
351
462
580
768
866
831
695
505
410
438
437
258
-295
-937
-1241
-787
-120
-142
-957
-1831
-1856
-1410
-1133
-1309
-1314
-821
-390
-444
-867
-871
-328
359
874
1118
1274
1193
988
954
1385
2041
2263
1910
1303
983
917
983
924
691
290
-103
-350
-412
-500
-805
-1079
-1183
-983
-779
-810
-1015
-1204
-1102
-655
-100
264
130
-107
-114
226
797
1229
1368
1234
1100
1101
1172
1209
1177
1095
1026
966
728
362
39
-150
-176
-241
-371
-666
-950
-1198
-1398
-1401
-1210
-944
-935
-1115
-1279
-1228
-929
-528
-252
-94
40
162
266
397
598
836
951
860
460
-79
-260
105
794
864
85
-1018
-1527
-1279
-1057
-1215
-1504
-1297
-892
-897
-1405
-1780
-1467
-672
122
551
651
567
447
572
1103
1925
2444
2376
1880
1424
1359
1428
1537
1458
1242
891
425
4
-358
-646
-904
-918
-642
-411
-704
-1389
-1842
-1626
-950
-399
-158
-209
-362
-419
-267
198
709
1030
1090
1045
987
882
881
1002
1263
1416
1293
859
337
22
-35
68
85
-100
-545
-1033
-1359
-1398
-1217
-1047
-1042
-1134
-1206
-1202
-1118
-910
-582
-225
69
212
208
190
225
425
761
1025
1096
846
496
254
283
456
443
-4
-734
-1110
-837
-295
-327
-954
-1560
-1584
-1305
-1329
-1527
-1518
-1005
-480
-417
-658
-780
-502
30
636
1165
1435
1385
1099
1050
1470
2119
2417
2115
1585
1199
1124
1151
1112
914
540
142
-207
-450
-708
-1087
-1367
-1354
-1007
-914
-1155
-1464
-1530
-1251
-928
-517
-183
-61
-203
-250
43
604
1010
1146
1185
1178
1174
1054
1003
1164
1431
1514
1231
815
475
267
201
246
272
152
-182
-690
-954
-925
-801
-829
-932
-902
-898
-922
-984
-962
-753
-469
-252
-138
-87
9
45
123
312
535
679
634
528
434
339
200
-137
-447
-425
-68
206
-175
-958
-1607
-1576
-1236
-1159
-1354
-1437
-1128
-840
-873
-1153
-1182
-773
-78
555
894
992
799
668
908
1536
2193
2285
1893
1374
1113
1193
1276
1214
992
644
243
-178
-463
-616
-780
-994
-1107
-978
-794
-893
-1335
-1612
-1334
-716
-220
-169
-281
-377
-264
19
415
938
1224
1241
1071
1016
1148
1263
1361
1403
1430
1341
1066
746
453
345
280
182
-27
-273
-510
-767
-965
-1083
-1030
-984
-985
-1049
-1064
-997
-944
-824
-589
-325
-155
-91
-32
83
204
253
275
382
493
559
475
347
275
265
26
-452
-787
-608
3
61
-628
-1543
-1743
-1241
-868
-1047
-1426
-1342
-927
-639
-719
-859
-717
-308
262
703
919
833
586
662
1148
1881
2225
1975
1458
1074
1073
1268
1419
1289
880
392
91
0
-70
-310
-585
-643
-560
-564
-772
-986
-1019
-922
-704
-340
-101
-60
-316
-411
-66
483
916
846
655
595
740
896
957
1077
1166
1174
919
571
414
418
442
274
70
-198
-463
-663
-769
-769
-904
-1053
-1211
-1247
-1222
-1206
-1144
-1057
-885
-810
-806
-783
-609
-296
-9
184
226
277
296
385
497
507
521
383
256
18
-139
-43
152
167
-266
-842
-1127
-998
-792
-815
-1007
-1088
-974
-852
-777
-703
-492
-140
144
402
534
654
788
1042
1457
1763
1773
1565
1389
1356
1411
1361
1231
998
671
324
28
-43
-69
-271
-632
-876
-915
-914
-960
-941
-761
-671
-667
-595
-374
-100
-36
-37
72
398
772
928
897
783
816
969
1173
1273
1159
880
636
625
749
767
527
125
-200
-321
-395
-500
-667
-856
-1109
-1297
-1295
-1161
-1100
-1245
-1398
-1348
-1034
-712
-566
-497
-388
-224
-97
14
222
435
542
547
493
508
524
535
508
444
338
24
-392
-629
-449
-141
-259
-891
-1472
-1464
-1110
-978
-1225
-1338
-1003
-538
-400
-606
-646
-264
320
814
1098
1177
1073
949
1102
1675
2232
2300
1838
1306
1175
1397
1530
1296
847
481
226
-43
-354
-590
-621
-578
-615
-831
-1067
-1126
-1089
-1088
-972
-636
-194
-20
-179
-263
-61
450
869
978
895
879
987
1014
1010
966
984
932
731
474
189
46
-66
-209
-406
-618
-782
-954
-1122
-1297
-1428
-1416
-1316
-1204
-1194
-1198
-1138
-1015
-798
-604
-406
-216
-11
182
290
373
445
595
736
855
779
514
171
-75
-16
205
356
83
-509
-1064
-1221
-1059
-962
-1055
-1202
-1141
-985
-921
-990
-1054
-764
-174
480
808
699
519
537
1037
1757
2268
2259
1864
1476
1393
1607
1806
1801
1520
1068
610
288
133
68
-66
-266
-496
-654
-807
-1011
-1092
-964
-711
-559
-555
-569
-548
-459
-255
76
383
479
401
339
424
614
760
783
777
769
689
504
299
219
231
173
-20
-264
-463
-651
-819
-910
-894
-867
-975
-1134
-1238
-1199
-1093
-1046
-974
-852
-683
-550
-484
-338
-165
-55
-9
56
225
384
410
317
273
341
410
365
275
215
192
69
-177
-466
-630
-503
-217
-28
-261
-774
-1154
-1072
-673
-426
-456
-606
-495
-195
17
32
8
241
704
1159
1338
1206
984
989
1372
1906
2145
1943
1489
1128
1074
1211
1285
1147
765
262
-135
-286
-268
-337
-564
-761
-854
-869
-920
-946
-894
-783
-690
-610
-437
-350
-389
-427
-287
72
311
267
52
-66
68
236
343
354
265
112
-92
-133
23
135
47
-181
-309
-278
-229
-294
-384
-398
-327
-333
-432
-498
-470
-322
-247
-259
-275
-218
-128
-60
-1
65
77
1
-98
-48
126
213
91
-78
-98
2
101
15
-122
-252
-309
-384
-478
-385
-231
-125
-255
-472
-529
-414
-238
-213
-219
-206
-116
23
37
31
15
176
474
752
890
746
601
619
945
1377
1574
1429
1027
832
929
1141
1186
966
652
400
294
175
10
-103
-142
-210
-389
-546
-672
-707
-656
-544
-437
-466
-603
-735
-698
-494
-299
-220
-294
-348
-316
-307
-293
-246
-126
-5
12
-4
-65
-159
-147
-88
86
160
54
-109
-236
-168
-92
-65
-113
-111
-92
-155
-234
-316
-300
-226
-166
-131
-124
-114
-159
-202
-163
-146
-144
-157
-118
-82
-61
-88
-124
-109
-59
40
95
140
173
162
110
37
-51
-15
193
489
508
176
-197
-273
-6
209
188
10
-32
79
168
112
0
10
217
544
725
636
357
219
443
893
1137
927
532
355
512
712
691
460
264
197
180
40
-167
-337
-400
-355
-304
-317
-475
-634
-727
-699
-652
-613
-576
-604
-644
-679
-609
-518
-486
-484
-420
-302
-258
-321
-394
-301
-89
46
12
-66
-38
59
143
178
208
245
272
243
220
245
280
231
199
236
293
261
120
25
68
162
117
-17
-84
-38
-30
-136
-223
-149
26
90
16
-146
-118
24
181
249
220
199
119
96
118
232
332
345
262
85
-80
-191
-183
-158
-142
-143
-212
-288
-378
-383
-284
-113
93
172
128
75
171
392
556
638
656
731
743
646
522
478
600
694
523
191
-84
-148
-138
-131
-240
-417
-558
-679
-736
-812
-804
-728
-682
-746
-853
-856
-751
-614
-546
-519
-489
-452
-366
-303
-216
-112
-40
32
60
132
211
263
321
389
477
560
553
478
468
507
548
524
442
394
397
380
342
287
261
225
134
98
92
114
75
-27
-75
-61
-72
-115
-145
-109
-55
-73
-115
-82
3
14
-59
-59
54
181
160
34
-109
-195
-162
17
280
259
-102
-481
-433
-23
172
-92
-518
-525
-167
53
-79
-353
-354
-67
217
296
174
9
-24
144
435
618
557
335
246
365
488
407
212
130
155
203
65
-157
-337
-379
-333
-344
-426
-593
-722
-746
-679
-591
-584
-606
-618
-590
-514
-449
-380
-332
-236
-119
-29
-32
-63
-17
137
339
406
348
306
371
537
660
627
529
485
491
536
565
566
499
376
250
235
275
279
184
28
-50
-53
-27
-45
-73
-79
-37
-6
-33
-55
-37
53
76
28
-19
4
95
137
88
-25
-49
3
47
-94
-354
-429
-252
-49
-126
-456
-709
-580
-214
-63
-287
-540
-504
-163
111
100
-39
-50
112
290
388
355
316
289
267
316
319
259
123
10
-14
-30
-129
-292
-387
-395
-351
-368
-428
-479
-479
-476
-461
-425
-365
-300
-236
-178
-142
-122
-91
-34
66
166
213
218
171
123
134
215
300
333
299
240
225
265
307
296
291
288
277
206
143
150
211
245
225
210
233
290
305
283
222
193
215
247
269
260
193
160
169
184
149
43
-3
21
57
37
-39
-98
-113
-109
-120
-108
-55
-128
-294
-379
-222
26
0
-283
-533
-478
-223
-216
-450
-635
-499
-232
-256
-514
-649
-461
-159
-17
-103
-256
-234
-80
94
163
133
97
84
199
290
219
79
9
98
135
58
-119
-221
-153
-68
-75
-209
-285
-264
-195
-141
-127
-101
-66
-26
-14
-19
17
109
162
115
65
78
159
234
260
214
173
123
128
184
272
308
244
215
265
343
371
345
362
434
510
495
422
370
392
482
522
479
406
369
346
292
212
167
183
219
149
-9
-136
-120
-24
-26
-108
-201
-265
-288
-305
-295
-236
-228
-309
-377
-388
-411
-563
-699
-606
-380
-335
-594
-902
-883
-583
-423
-579
-774
-690
-414
-251
-315
-426
-305
-50
135
150
91
101
181
259
281
287
274
258
230
181
116
52
32
70
105
60
-28
-82
-82
-7
48
49
35
24
44
110
145
153
163
157
139
135
144
196
252
263
218
116
90
150
247
278
205
146
159
228
294
287
270
321
394
383
292
225
284
427
492
437
305
239
308
370
346
261
205
211
208
174
94
27
-11
-55
-111
-191
-264
-301
-325
-335
-326
-344
-375
-427
-430
-417
-467
-447
-384
-281
-268
-413
-532
-509
-367
-344
-496
-627
-592
-476
-485
-602
-652
-519
-349
-370
-515
-579
-430
-240
-151
-162
-139
-18
81
111
85
102
160
231
259
216
155
167
257
352
318
263
289
385
458
401
323
334
394
431
426
426
455
462
393
299
264
281
295
266
254
253
225
151
82
102
167
191
127
88
145
224
245
183
150
186
299
358
312
230
146
118
163
221
230
215
135
53
3
8
24
-20
-113
-173
-189
-183
-199
-224
-219
-243
-275
-319
-301
-268
-286
-372
-448
-444
-364
-299
-366
-537
-666
-672
-596
-555
-667
-783
-790
-739
-739
-829
-832
-678
-508
-500
-580
-558
-342
-95
20
20
92
248
348
379
396
525
644
667
629
621
682
697
653
601
596
596
532
431
387
425
454
413
338
274
217
166
123
122
174
215
171
83
5
25
112
184
185
106
42
40
81
125
168
223
242
198
96
-7
-18
87
198
218
146
44
-59
-123
-111
-24
101
138
60
-63
-121
-80
-1
110
145
86
-51
-189
-197
-102
-40
-76
-179
-258
-257
-283
-321
-318
-285
-267
-340
-451
-519
-502
-480
-497
-529
-542
-514
-548
-660
-713
-638
-494
-428
-504
-625
-637
-538
-421
-319
-232
-124
-61
-33
-21
67
226
356
444
486
494
469
446
477
578
649
646
563
497
492
513
512
434
365
318
258
218
184
179
140
102
58
54
131
191
163
73
42
83
164
228
218
183
169
127
120
170
232
248
242
171
72
33
41
76
94
46
-13
-44
-30
-22
-80
-126
-132
-92
-33
-19
-44
-90
-132
-137
-111
-63
-55
-69
-118
-127
-104
-83
-48
-68
-118
-152
-144
-145
-200
-238
-226
-192
-239
-358
-452
-436
-359
-393
-567
-678
-603
-481
-502
-649
-702
-610
-454
-416
-489
-443
-283
-129
-88
-75
16
160
292
350
412
481
541
568
614
691
736
665
543
496
521
546
497
398
330
273
174
112
113
151
162
135
95
44
-6
4
66
118
139
132
126
119
113
115
156
205
166
46
-80
-93
-27
30
16
-36
-71
-116
-189
-254
-238
-141
-77
-99
-200
-276
-264
-179
-67
-25
-49
-118
-175
-177
-121
-71
-6
55
55
-23
-132
-168
-124
-20
35
-1
-71
-133
-139
-92
-15
-10
-62
-131
-166
-165
-128
-76
2
75
85
40
-3
-8
33
73
83
98
87
22
-76
-125
-130
-91
-64
-118
-186
-230
-284
-307
-283
-228
-137
-118
-177
-244
-230
-128
-6
75
88
84
112
187
265
299
287
274
302
346
374
362
339
336
333
321
332
315
249
193
160
183
217
191
131
83
85
77
49
34
26
-3
-77
-104
-61
-29
-40
-99
-131
-92
-40
-43
-97
-97
-30
20
13
-26
-62
-70
-68
-65
-35
-16
-43
-84
-96
-66
-28
-28
-48
-57
-26
-15
-37
-35
-11
7
3
13
37
42
12
-3
-3
-11
-13
-30
-46
-38
-83
-192
-261
-241
-205
-251
-372
-456
-471
-422
-378
-390
-394
-357
-326
-307
-302
-230
-122
-61
-44
-44
-7
58
119
148
209
277
331
324
258
236
270
305
308
284
271
273
266
235
219
250
286
283
206
136
146
221
269
248
196
164
137
62
22
24
35
-2
-59
-89
-100
-69
-66
-114
-160
-153
-159
-194
-187
-140
-117
-138
-157
-136
-97
-74
-44
-53
-48
-27
21
44
41
62
102
112
93
58
69
123
130
100
89
125
131
100
93
73
72
79
26
-40
-52
-33
-27
-32
-77
-128
-155
-168
-173
-186
-204
-224
-222
-208
-244
-309
-316
-260
-221
-259
-313
-295
-196
-116
-131
-148
-84
15
43
23
21
77
163
184
153
137
183
214
196
168
163
185
191
165
115
93
121
136
112
89
65
62
66
24
10
23
53
69
41
35
39
83
100
92
117
151
152
104
72
109
147
165
156
124
114
116
67
20
13
6
-8
-59
-100
-104
-91
-131
-181
-151
-78
-62
-94
-129
-147
-105
-64
-31
-5
44
101
71
46
65
120
145
142
125
122
112
62
33
1
39
70
18
-93
-184
-207
-216
-223
-251
-305
-365
-412
-450
-449
-398
-326
-277
-262
-255
-256
-252
-191
-100
4
71
65
23
30
109
198
239
228
210
183
173
173
205
248
260
232
148
76
56
114
157
158
136
83
23
-17
2
49
110
126
70
-19
-58
-6
95
151
132
72
40
51
83
102
119
145
150
106
56
39
50
57
36
0
-35
-76
-116
-160
-178
-162
-154
-171
-198
-196
-177
-155
-138
-132
-88
-45
-30
-51
-51
11
81
114
104
113
155
195
192
150
141
166
185
162
106
88
82
70
12
-58
-87
-102
-136
-151
-157
-136
-149
-174
-207
-203
-171
-114
-93
-101
-77
-40
-8
-2
7
30
68
99
95
52
36
49
78
52
-19
-72
-61
-40
-55
-91
-118
-111
-109
-143
-153
-124
-108
-112
-119
-121
-99
-71
-57
-30
-4
36
50
47
53
78
109
118
107
107
132
171
178
120
65
45
53
65
61
50
10
-39
-63
-50
-11
23
8
-25
-61
-74
-62
-60
-43
12
63
75
32
6
19
71
123
143
140
148
134
112
102
121
190
238
205
133
74
75
91
96
89
79
54
3
-61
-110
-98
-44
-11
-29
-92
-168
-199
-182
-108
-40
3
-4
-69
-120
-117
-76
-4
35
19
-37
-95
-128
-116
-74
-50
-32
-50
-108
-175
-180
-131
-67
-56
-81
-105
-119
-121
-138
-122
-80
-44
-34
-46
-61
-41
3
35
64
83
93
74
57
58
104
154
162
129
111
124
103
89
99
137
143
96
42
-5
-14
10
3
-29
-52
-69
-59
-69
-72
-49
-15
-2
-13
-11
19
75
115
103
70
64
90
117
118
103
91
101
85
42
3
2
12
11
-12
-49
-52
-57
-53
-21
-12
-9
-5
-24
-21
9
59
100
89
67
65
80
99
119
99
72
45
26
6
-6
-2
-11
-45
-98
-153
-174
-167
-168
-197
-221
-238
-250
-252
-266
-271
-234
-199
-209
-234
-236
-210
-172
-134
-103
-52
-38
-49
-39
17
97
156
184
188
192
205
222
242
253
255
238
205
194
204
227
229
192
138
98
70
39
6
-18
-19
3
-3
-27
-41
-49
-46
-52
-55
-63
-57
-39
-23
-10
-17
-11
-1
17
39
47
51
47
40
39
61
71
54
33
36
56
49
10
-29
-26
22
44
9
-38
-60
-58
-43
-49
-54
-48
-36
-59
-68
-46
-8
20
8
-6
-7
1
-27
-46
-39
-6
3
-36
-91
-121
-97
-84
-104
-146
-172
-161
-167
-184
-175
-147
-133
-157
-202
-229
-210
-163
-141
-114
-92
-65
-43
-17
15
48
94
138
167
173
150
120
118
144
192
209
203
179
152
147
149
163
176
157
110
67
46
60
92
100
54
1
-15
0
10
8
1
7
20
17
-12
-21
3
52
77
59
28
8
24
38
47
42
45
42
28
1
-16
7
30
41
15
-16
-30
-7
36
38
33
15
1
-5
-20
-34
-31
-10
-11
-39
-64
-77
-72
-76
-103
-123
-111
-101
-113
-156
-192
-215
-205
-182
-172
-201
-210
-201
-181
-160
-167
-189
-174
-135
-113
-111
-117
-79
-38
-16
-3
11
38
76
86
86
102
150
199
202
179
171
200
240
254
239
217
208
210
215
215
213
202
184
151
100
86
89
83
62
41
12
-3
-3
-20
-34
-46
-29
-26
-35
-53
-71
-55
-48
-46
-45
-49
-54
-52
-60
-77
-54
-16
-7
0
-18
-52
-64
-54
-24
0
-1
-17
-23
-18
-15
-1
14
33
23
-10
-46
-40
-2
11
18
7
-5
-24
-36
-34
-33
-12
-7
-32
-69
-87
-86
-50
-32
-46
-72
-80
-80
-80
-75
-74
-51
-34
-45
-76
-93
-73
-29
11
4
-33
-45
-14
26
47
45
47
73
86
59
24
41
98
141
112
55
27
43
80
87
75
70
66
39
8
2
33
75
78
46
24
16
39
50
41
39
49
61
29
-17
-29
-25
19
33
1
-51
-72
-69
-72
-72
-58
-32
-50
-75
-85
-91
-79
-81
-73
-50
-48
-48
-51
-54
-44
-35
-41
-36
-21
-15
-17
-19
-13
-5
15
34
19
4
6
5
-7
-18
-23
-43
-66
-70
-53
-34
-30
-35
-52
-64
-68
-54
-44
-48
-46
-45
-52
-77
-74
-59
-33
-4
20
26
3
-6
16
45
67
68
58
63
69
83
78
100
129
139
119
100
110
137
141
148
168
189
196
160
128
120
168
203
171
111
74
61
71
89
74
50
32
0
-23
-35
-47
-37
-22
-41
-69
-94
-109
-103
-93
-96
-103
-119
-139
-157
-152
-131
-95
-67
-69
-75
-75
-63
-41
-22
-9
-1
21
34
32
25
17
28
35
37
0
-32
-32
-21
-26
-40
-67
-102
-118
-124
-140
-146
-148
-150
-146
-157
-169
-172
-161
-141
-110
-84
-83
-96
-76
-35
-8
3
4
11
20
36
48
62
83
88
91
77
78
79
85
67
42
47
51
56
54
61
76
76
67
58
65
91
118
142
162
154
161
173
180
202
214
237
253
235
193
147
137
173
183
169
109
56
16
6
0
-16
-12
-19
-41
-76
-101
-113
-95
-79
-82
-83
-95
-103
-101
-92
-68
-60
-70
-75
-89
-94
-74
-61
-49
-61
-66
-78
-82
-79
-99
-105
-93
-89
-90
-102
-130
-143
-136
-125
-129
-133
-146
-147
-137
-118
-100
-87
-73
-78
-81
-67
-55
-36
-32
-28
-29
-24
-12
-16
-22
-6
9
9
-1
-7
-7
-10
-11
-10
5
21
19
-2
1
25
48
62
65
71
78
92
118
149
172
194
209
216
216
217
218
210
217
216
222
220
187
171
174
183
183
156
124
101
79
74
69
71
62
49
13
-31
-53
-47
-35
-35
-46
-59
-76
-100
-113
-111
-104
-102
-108
-128
-144
-145
-139
-134
-131
-144
-150
-159
-172
-174
-179
-176
-164
-166
-172
-181
-207
-214
-196
-179
-158
-147
-136
-110
-98
-89
-67
-52
-41
-43
-40
-16
11
28
32
25
29
33
26
24
22
31
33
43
40
33
32
25
18
30
40
42
50
70
89
95
88
95
109
124
140
158
180
178
185
189
199
204
204
202
199
191
173
152
135
132
139
139
146
137
111
84
57
43
57
73
78
59
28
18
7
16
15
0
-10
-19
-20
-11
-17
-28
-36
-38
-52
-79
-107
-118
-134
-130
-138
-143
-150
-177
-202
-214
-212
-210
-207
-214
-219
-213
-192
-182
-183
-193
-182
-161
-140
-120
-108
-86
-62
-47
-40
-24
-13
7
11
9
-4
-10
0
18
16
3
3
0
2
-13
-21
-24
-28
-17
-19
-30
-25
-19
-17
-5
-10
8
31
47
67
83
94
106
121
137
142
155
172
190
208
217
238
235
228
215
221
222
220
204
182
169
171
179
159
138
128
125
121
115
91
87
75
62
48
23
8
12
0
-34
-49
-68
-93
-109
-108
-105
-105
-119
-147
-175
-180
-190
-194
-199
-202
-201
-220
-224
-224
-213
-202
-205
-202
-189
-171
-156
-171
-170
-153
-132
-120
-116
-108
-85
-57
-42
-32
-21
-13
10
21
26
34
38
41
33
31
42
53
53
54
49
46
48
58
69
54
37
43
40
60
67
61
58
57
63
54
52
59
78
84
100
111
125
121
123
128
139
156
167
166
149
146
141
160
171
161
136
115
113
119
117
109
96
76
58
51
41
35
18
5
-1
-13
-27
-54
-66
-63
-61
-69
-79
-95
-106
-118
-121
-114
-114
-127
-139
-148
-145
-141
-142
-150
-160
-163
-183
-190
-183
-173
-162
-159
-163
-172
-157
-134
-119
-103
-109
-108
-97
-87
-63
-47
-36
-35
-31
-20
-16
-7
3
15
24
37
37
35
35
42
51
50
48
34
29
24
33
34
37
26
21
20
29
36
45
58
55
64
56
52
46
61
77
81
92
102
100
98
116
144
166
165
159
179
181
181
182
176
184
177
166
147
124
111
116
124
103
75
61
59
60
48
43
28
27
19
-5
-15
-27
-22
-16
-40
-59
-66
-79
-79
-84
-80
-92
-112
-129
-148
-138
-139
-148
-155
-168
-177
-189
-198
-186
-167
-163
-176
-169
-157
-147
-146
-138
-115
-86
-79
-83
-78
-67
-41
-28
-25
-21
1
18
21
11
1
16
55
67
60
48
39
30
16
9
9
14
5
-1
0
-5
7
20
36
62
81
88
92
94
91
106
108
127
136
138
136
139
144
135
145
143
124
110
94
96
95
89
88
89
65
37
30
36
50
43
28
14
14
6
3
-9
-13
1
-3
-25
-46
-54
-33
-17
-22
-28
-63
-71
-84
-103
-112
-105
-111
-121
-128
-154
-169
-171
-163
-170
-171
-189
-194
-190
-196
-189
-175
-163
-160
-153
-147
-131
-107
-87
-55
-28
-13
-4
6
19
39
69
93
112
111
101
95
104
123
132
127
127
135
141
136
136
122
127
129
106
89
78
89
90
72
49
36
36
36
33
32
34
49
39
26
44
54
59
57
57
62
74
93
96
97
95
90
91
80
76
75
67
61
58
43
20
5
0
1
-7
-20
-45
-64
-64
-63
-57
-61
-72
-77
-81
-88
-100
-107
-100
-103
-110
-136
-162
-158
-153
-143
-140
-150
-144
-140
-135
-126
-122
-110
-108
-107
-120
-129
-118
-98
-88
-77
-65
-58
-53
-48
-46
-32
3
32
33
31
47
66
91
86
88
103
116
128
119
110
105
109
107
97
77
67
75
66
62
50
52
64
64
61
62
66
55
53
43
56
55
49
46
53
66
72
78
56
42
49
55
55
45
27
12
13
11
0
-12
-26
-33
-34
-40
-56
-63
-47
-50
-40
-45
-61
-64
-56
-47
-39
-23
-9
4
3
-2
-4
-14
-12
11
22
17
4
-3
-19
-19
-21
-12
-17
-45
-55
-60
-64
-74
-76
-82
-87
-96
-93
-90
-91
-94
-87
-75
-63
-46
-46
-53
-38
-9
8
15
26
45
57
66
72
78
93
112
112
103
85
73
65
72
92
95
95
86
77
89
96
91
88
69
61
47
39
46
49
57
52
32
28
9
7
16
11
13
-7
-10
-9
-19
-22
-25
-41
-58
-68
-64
-60
-68
-68
-68
-73
-83
-73
-62
-51
-43
-51
-43
-33
-32
-35
-13
-10
-31
-37
-38
-23
-34
-36
-39
-50
-44
-56
-77
-89
-85
-74
-81
-91
-99
-106
-92
-91
-88
-85
-71
-71
-76
-81
-83
-51
-31
-15
-6
0
11
22
36
54
78
90
91
97
115
137
143
149
150
147
140
142
142
144
133
133
122
105
99
95
80
90
87
67
62
42
41
51
53
47
33
24
20
10
11
14
22
21
16
0
-23
-34
-37
-37
-35
-48
-61
-57
-85
-103
-125
-111
-191
-325
-267
-87
-43
-151
-170
-67
17
-14
-102
-124
-42
32
59
99
132
60
41
148
221
144
20
-44
15
36
-20
-5
10
-88
-137
-59
-92
-187
-163
-125
-98
-104
-112
-118
-58
-22
-50
38
110
90
11
62
94
82
63
62
108
83
55
101
102
49
60
64
-28
16
98
0
-38
48
69
9
73
51
-62
-9
80
100
56
47
65
161
203
115
73
79
107
104
86
44
13
-15
-82
-56
-16
-121
-178
-183
-181
-134
-123
-223
-256
-165
-126
-133
-98
-112
-133
-35
38
-13
-14
9
-40
-12
49
55
3
4
-51
-57
61
51
-63
-90
-28
-9
-38
-2
-39
-87
-11
22
35
29
11
-48
-12
95
71
10
-11
1
34
83
141
133
55
-4
89
217
197
100
76
114
100
163
193
115
77
122
91
70
135
97
-22
-3
93
101
74
22
-51
-101
-31
70
36
-51
-64
-93
-68
38
14
-103
-67
-27
-40
6
48
-24
-141
-89
7
74
66
-66
-153
-88
-5
4
-50
-107
-132
-125
-99
-103
-106
-176
-226
-184
-93
-28
-83
-202
-233
-143
-40
21
-72
-181
-168
-62
-26
29
41
-51
-76
10
72
78
4
-44
4
118
176
89
-23
-49
26
93
139
121
55
-27
-27
65
129
80
10
7
43
103
85
34
34
61
122
143
148
119
58
37
94
186
194
118
84
80
133
188
143
93
96
123
110
75
34
-15
-42
-19
-4
7
-29
-84
-144
-111
-21
-4
-62
-106
-94
-71
-12
-22
-73
-59
20
25
-16
-53
-74
-97
-79
-23
-13
-65
-95
-119
-124
-77
-83
-135
-123
-88
-123
-134
-140
-181
-178
-110
-87
-121
-133
-155
-190
-167
-98
-72
-85
-113
-121
-72
-29
-33
-47
-30
16
60
45
5
-12
26
77
99
98
87
81
98
132
128
89
83
125
176
186
163
98
71
139
195
184
152
131
144
186
194
181
173
149
121
168
209
190
102
46
107
156
147
81
6
4
31
58
64
7
-52
-58
-46
-14
-27
-85
-114
-96
-98
-99
-99
-100
-107
-111
-96
-83
-87
-116
-133
-140
-123
-107
-121
-154
-144
-151
-193
-219
-168
-130
-169
-157
-125
-129
-145
-129
-119
-97
-80
-77
-61
-59
-42
-24
-20
-10
1
18
51
51
59
39
34
43
50
61
56
74
52
50
66
71
36
19
36
38
65
86
62
-5
26
86
89
95
124
141
119
130
178
175
172
177
164
183
201
189
136
126
131
161
168
148
116
79
60
24
19
36
37
7
-26
-63
-63
-62
-96
-108
-74
-65
-93
-133
-139
-144
-141
-89
-81
-79
-66
-96
-135
-140
-94
-88
-121
-103
-97
-137
-152
-149
-121
-114
-128
-141
-158
-160
-151
-135
-121
-92
-90
-88
-85
-78
-79
-71
-31
6
29
34
28
19
12
7
48
113
111
99
101
93
72
78
86
68
51
61
80
51
18
13
21
47
84
76
33
17
23
33
44
75
101
102
99
79
86
103
101
107
139
164
181
159
118
115
124
122
126
118
74
52
58
62
59
32
-24
-43
-36
-28
-54
-63
-58
-56
-48
-34
-57
-97
-75
-44
-45
-56
-51
-49
-59
-82
-74
-68
-71
-87
-106
-97
-94
-105
-112
-132
-138
-145
-142
-140
-133
-136
-142
-135
-120
-104
-115
-92
-74
-70
-58
-31
-7
-24
-16
9
23
15
14
13
26
43
51
37
14
-10
-7
21
35
30
32
27
26
29
40
57
46
45
63
70
49
37
44
47
65
96
86
93
99
105
106
116
102
109
141
118
132
125
95
90
100
118
87
101
89
58
48
74
71
58
63
37
13
10
14
-8
-10
-13
-7
-34
-43
-46
-58
-79
-79
-68
-70
-43
-59
-93
-112
-99
-84
-66
-69
-95
-126
-136
-115
-123
-117
-97
-96
-124
-122
-103
-103
-110
-94
-73
-51
-35
-51
-65
-68
-27
-13
-16
-3
-6
2
-6
-17
-11
2
25
34
35
39
52
41
34
47
55
53
47
41
44
45
24
26
38
39
39
51
45
39
48
64
76
68
48
53
64
56
65
85
91
84
74
75
80
76
77
81
94
84
53
51
61
42
3
4
26
18
-1
-5
-24
-43
-30
-41
-45
-13
-15
-42
-45
-25
-12
-41
-46
-38
-28
-19
-46
-64
-65
-64
-60
-60
-65
-79
-90
-96
-87
-80
-86
-98
-84
-69
-70
-64
-70
-65
-65
-40
-25
-36
-45
-36
-10
-2
20
18
2
-20
-1
26
28
22
26
50
47
48
43
31
47
50
48
64
57
31
20
33
57
71
67
64
60
46
51
56
54
36
36
58
60
52
44
25
27
39
39
34
25
22
7
1
9
16
-6
-26
-48
-50
-28
-35
-52
-51
-41
-36
-38
-49
-48
-51
-54
-36
-32
-32
-41
-42
-26
-9
14
15
6
-2
0
-3
-11
-8
0
2
-1
-3
-22
-34
-36
-23
-21
-40
-42
-41
-65
-66
-47
-25
-32
-58
-53
-30
-15
-15
-11
-5
5
17
23
21
19
18
20
18
24
27
19
12
14
15
21
18
10
16
22
13
14
13
12
28
31
32
36
33
38
41
46
46
54
66
50
52
79
76
62
61
64
67
44
32
46
48
15
7
19
25
19
-3
-22
-31
-25
-20
-8
-20
-38
-39
-29
-25
-41
-45
-40
-27
-15
-29
-52
-52
-43
-14
-7
-3
-14
-23
-38
-37
-25
-27
-28
-43
-45
-47
-37
-48
-56
-68
-58
-47
-40
-55
-66
-62
-48
-23
-29
-32
-20
-21
-21
-3
3
7
-8
-7
3
2
-8
5
11
5
-3
9
12
3
-3
-6
-2
17
14
0
-2
8
33
33
36
33
32
42
51
52
52
58
53
57
65
70
82
84
93
83
83
81
78
80
76
81
72
55
46
48
48
55
48
41
44
35
26
12
3
2
0
6
7
0
-13
-28
-34
-39
-43
-54
-51
-53
-72
-75
-67
-65
-75
-65
-58
-44
-35
-32
-36
-30
-22
-26
-24
-32
-24
-27
-34
-26
-16
-18
-51
-57
-46
-43
-48
-54
-56
-64
-68
-64
-50
-35
-25
-35
-37
-30
-15
-22
-7
9
10
7
20
27
17
24
20
19
15
23
20
11
20
34
26
12
3
-3
14
20
2
8
12
0
-8
-11
4
13
20
21
24
41
58
52
40
39
46
44
35
34
29
12
12
25
21
11
3
8
11
2
-13
-21
-12
-2
-9
-18
-23
-28
-23
-21
-30
-31
-12
-24
-25
-26
-41
-39
-24
-16
-14
-11
-1
1
-22
-25
-20
-1
12
6
8
16
8
1
6
11
19
27
22
29
22
12
18
21
27
33
22
31
32
26
19
19
26
29
33
34
26
18
15
7
4
3
-1
1
-7
-10
-23
-27
-25
-19
-19
-24
-31
-27
-2
11
19
11
10
13
12
19
8
8
16
3
-2
7
11
7
5
11
9
5
0
-1
-3
-12
-7
-3
3
5
-7
-10
-8
0
-5
-10
-8
-10
-10
-12
-15
-13
-1
-3
-22
-25
-16
-30
-28
-21
-23
-20
-37
-40
-33
-44
-47
-42
-32
-36
-39
-35
-43
-35
-29
-31
-22
-26
-27
-10
-2
-1
6
1
10
23
8
-1
11
15
8
13
14
-2
-10
-1
-8
-7
-5
-6
-2
8
19
19
14
19
20
18
26
37
31
23
25
17
18
16
23
33
36
32
37
44
45
48
58
66
66
64
52
47
42
34
41
43
41
32
17
9
10
21
29
33
29
5
-1
0
-18
-12
-19
-29
-36
-31
-33
-38
-33
-36
-32
-30
-32
-31
-30
-44
-41
-28
-30
-36
-36
-37
-32
-30
-27
-24
-37
-39
-29
-34
-37
-29
-28
-21
-2
-9
-10
2
8
7
12
13
9
8
14
16
11
19
17
15
13
18
23
19
17
18
19
24
34
33
36
30
24
20
16
7
7
8
3
4
-3
-2
2
13
10
14
17
3
-1
-13
1
12
11
8
-9
-15
-21
-23
-24
-37
-36
-28
-18
-27
-26
-18
-13
-21
-32
-26
-30
-31
-34
-29
-24
-24
-30
-29
-27
-23
-20
-17
-23
-21
-4
-16
-19
-14
-12
-22
-24
-10
-6
-6
-11
-18
-14
3
3
-3
-1
7
18
27
27
23
27
22
26
27
29
34
30
35
34
30
28
34
22
21
39
22
15
12
14
9
6
14
18
12
6
12
8
15
22
29
31
28
29
24
19
12
13
10
16
25
37
26
19
26
23
29
19
20
10
0
-10
-6
-11
-15
-19
-20
-26
-28
-18
-27
-37
-36
-38
-42
-34
-38
-43
-50
-60
-54
-51
-51
-45
-43
-43
-42
-36
-36
-41
-32
-21
-17
-7
0
-6
4
-7
7
16
0
8
4
15
22
23
35
30
20
24
23
32
31
30
32
28
27
17
17
16
18
14
17
15
25
18
8
13
13
26
11
4
6
6
20
14
18
25
34
29
26
33
30
24
21
18
6
-6
-4
2
7
4
10
9
8
18
19
13
7
-6
-10
-12
-14
-21
-23
-24
-34
-29
-25
-27
-26
-28
-34
-37
-37
-36
-39
-33
-33
-37
-35
-39
-43
-45
-50
-53
-37
-38
-35
-30
-29
-21
-24
-16
-13
-16
-14
-1
4
9
12
0
5
8
17
25
30
27
32
41
38
30
32
36
28
32
22
22
20
12
15
7
4
12
17
10
9
13
13
2
10
7
18
27
25
20
14
19
22
26
27
28
39
38
32
26
21
33
23
30
37
39
34
30
35
37
39
37
33
28
26
17
5
7
10
1
-4
-17
-21
-13
-28
-34
-33
-31
-35
-49
-52
-54
-56
-52
-46
-46
-52
-55
-51
-62
-61
-56
-50
-49
-59
-67
-65
-60
-64
-58
-58
-60
-59
-50
-53
-58
-52
-39
-27
-22
-30
-14
-7
2
3
-3
5
4
2
4
8
7
14
13
14
16
15
24
27
29
27
30
38
29
17
16
19
18
24
31
30
40
42
45
33
36
47
42
38
42
49
45
44
39
49
56
50
50
59
59
50
56
58
59
47
49
48
46
47
48
39
47
35
26
29
13
7
3
-2
-7
-8
-6
-16
-24
-27
-28
-49
-58
-61
-73
-63
-71
-69
-72
-74
-65
-65
-59
-59
-57
-59
-68
-58
-57
-50
-43
-49
-47
-36
-41
-45
-37
-28
-24
-19
-16
-23
-20
-17
-5
-4
-4
6
14
20
17
22
39
40
38
44
49
50
44
42
38
40
42
49
48
42
40
45
43
38
33
23
20
21
23
28
18
24
26
16
18
13
14
12
9
13
13
12
8
5
-2
-4
-1
1
10
17
19
14
4
1
8
2
5
4
-1
-14
-17
-13
-16
-19
-16
-31
-46
-48
-50
-47
-40
-39
-42
-46
-54
-55
-55
-49
-51
-50
-46
-49
-54
-57
-50
-43
-40
-25
-19
-21
-15
0
-3
7
9
9
18
14
13
10
20
24
31
35
33
36
34
37
31
37
43
39
39
32
39
41
39
29
29
31
34
34
12
8
7
12
6
6
2
-3
-4
-6
-6
-4
-5
-4
5
10
10
6
8
12
15
9
17
15
18
23
28
26
26
28
24
16
16
12
9
8
-1
2
-2
-12
-8
-14
-27
-27
-28
-21
-31
-28
-30
-33
-25
-26
-31
-36
-38
-36
-33
-38
-39
-33
-35
-31
-28
-33
-28
-24
-23
-25
-28
-28
-26
-22
-20
-26
-16
-6
-9
-11
-11
-7
-1
3
-1
2
10
13
14
16
16
18
22
18
20
25
19
21
18
13
17
22
20
14
17
14
12
12
10
17
11
-1
6
8
2
5
12
17
18
15
20
21
24
24
16
23
17
27
24
21
15
20
21
16
23
15
16
9
10
13
4
6
-1
3
1
-1
2
-1
-6
-13
-2
3
-3
-9
-15
-14
-19
-13
-14
-23
-14
-12
-5
-12
-16
-19
-32
-30
-23
-24
-36
-42
-40
-45
-42
-43
-35
-24
-26
-22
-20
-19
-11
-7
-8
-10
-5
-5
-1
0
7
11
9
14
16
13
13
16
16
8
13
18
6
9
6
4
0
-1
8
12
12
14
11
14
14
9
11
15
14
15
21
26
24
24
25
23
21
22
23
27
33
32
28
24
21
15
8
10
8
11
9
9
-1
-3
1
-4
3
-4
-8
-9
-11
-11
-7
-13
-14
-13
-11
-4
-6
-2
-5
-15
-16
-12
-15
-20
-22
-16
-11
-15
-16
-19
-15
-8
-8
-7
-1
-3
-2
-4
-1
7
3
-3
-2
4
3
5
9
8
7
7
3
1
-2
-1
-4
-4
-4
-2
-5
-5
-2
-5
2
-4
-12
-13
-16
-20
-17
-13
-15
-17
-13
-12
-15
-13
-13
-8
-2
-10
-13
-13
-10
-11
-11
1
-4
-6
-7
-9
-4
-3
-3
-6
2
6
10
13
16
20
22
26
29
27
27
31
29
30
33
33
30
25
24
24
19
21
24
11
8
2
-2
-2
-6
-5
-9
-10
-11
-8
-11
-16
-15
-16
-16
-11
-15
-11
-13
-15
-14
-11
-6
-8
-7
-6
-1
1
0
-3
-5
-5
-8
-9
-7
-11
-15
-14
-17
-18
-19
-21
-14
-16
-14
-11
-4
-3
-4
-5
2
7
-1
0
-9
-10
-8
-10
-8
-11
-11
-10
-4
2
-7
-6
-6
-7
1
4
4
10
4
5
12
13
9
7
15
18
20
28
26
29
31
37
34
29
28
29
26
26
25
28
23
24
21
19
22
18
17
12
14
14
12
11
5
4
8
10
2
-4
-3
1
0
-5
3
2
0
-8
-11
-14
-13
-13
-18
-23
-29
-25
-22
-24
-28
-21
-25
-26
-26
-27
-30
-33
-31
-34
-29
-29
-23
-30
-28
-21
-18
-15
-14
-14
-15
-12
-9
-7
-10
-7
-5
-3
2
2
0
5
11
13
16
14
12
9
9
14
15
11
11
10
18
17
15
17
20
19
20
23
22
27
23
20
19
14
18
18
16
13
12
8
1
3
1
1
-4
-6
-13
-16
-14
-14
-13
-9
-12
-11
-7
-9
-5
0
-2
-3
0
-2
-5
-4
-1
-2
-3
-2
-1
-2
-3
-1
2
3
-1
-1
-5
-2
-3
-7
-9
-6
-3
-3
-6
-5
-4
-3
3
3
7
7
4
6
5
9
8
13
17
13
14
12
8
8
9
5
5
6
5
-2
-4
-5
-6
-5
-10
-5
-5
-4
-8
-8
-6
0
-2
-3
-2
-2
-3
4
8
7
10
7
8
6
7
6
0
0
-1
2
2
2
1
1
2
3
3
-1
-5
-4
-3
-5
-8
-5
-6
-5
-6
-7
-4
-6
-7
-8
-2
-2
-9
-7
-11
-12
-14
-12
-12
-13
-15
-12
-9
-10
-9
-10
-10
-7
-4
-2
-4
-1
-3
-5
-3
-2
-2
-5
-8
-7
-2
-5
-6
-3
-5
-4
-1
-2
-3
1
2
1
1
2
-2
-3
-5
-4
-4
-4
-1
1
3
5
7
7
6
8
11
10
12
15
14
19
18
16
20
21
21
20
19
19
17
18
15
16
16
18
13
12
13
10
11
11
6
6
5
3
4
1
-1
-3
-4
-5
-3
-6
-9
-11
-11
-8
-8
-9
-8
-2
-5
-3
-1
-2
-2
-6
-9
-11
-9
-10
-13
-12
-15
-13
-14
-8
-9
-8
-6
-9
-5
-3
1
0
1
0
3
4
5
4
7
6
4
3
-3
-1
-3
-5
-6
-5
-7
-9
-9
-12
-10
-9
-4
-5
-7
-5
-8
-6
-8
-4
-1
1
3
6
4
6
7
12
14
10
9
15
17
13
12
16
16
15
14
13
15
14
10
10
12
12
3
2
0
1
-1
-4
-2
-6
-4
-5
-7
-9
-13
-16
-13
-12
-8
-12
-11
-11
-15
-15
-15
-18
-13
-13
-16
-14
-12
-14
-13
-12
-12
-8
-10
-12
-10
-6
-4
0
-7
-6
-2
-3
2
4
3
8
9
8
10
13
15
14
14
18
16
18
17
15
17
16
14
14
9
8
9
10
11
10
11
12
9
6
7
10
9
10
11
17
15
12
11
10
10
8
10
8
9
4
-2
2
4
3
2
-3
1
-8
-12
-14
-16
-12
-14
-15
-13
-10
-15
-11
-9
-8
-11
-14
-12
-16
-14
-15
-16
-15
-14
-16
-20
-15
-16
-14
-16
-18
-16
-15
-15
-13
-11
-12
-13
-10
-13
-14
-11
-9
-9
-7
-4
-1
3
4
2
6
10
9
14
10
10
11
12
12
12
14
17
18
20
21
20
17
14
16
12
14
10
6
2
2
3
3
0
1
3
4
3
-1
1
-1
-3
-3
-1
-5
-4
-6
-2
-2
-2
1
-3
-3
-5
-6
-7
-7
-9
-8
-10
-11
-9
-9
-6
-8
-7
-5
-6
-5
-5
-5
-2
-3
-1
0
2
4
4
4
2
5
8
3
4
8
8
7
8
9
7
9
5
9
10
4
2
1
-2
-4
-2
-1
-3
-1
2
1
-1
-1
-1
1
3
3
2
3
6
8
5
4
7
5
6
10
9
9
9
6
5
6
8
9
8
10
9
7
8
7
8
8
6
6
5
5
7
3
3
4
3
1
0
0
-3
-6
-4
-5
-5
-2
-3
-6
-3
-4
-7
-3
-5
-6
-8
-8
-7
-5
-4
-6
-6
-8
-10
-8
-9
-10
-11
-11
-10
-13
-15
-15
-14
-14
-15
-17
-18
-16
-17
-15
-11
-13
-14
-12
-13
-13
-14
-9
-11
-11
-6
-3
-2
1
2
-1
1
4
4
3
5
3
8
9
8
9
10
6
6
10
8
8
7
9
8
8
7
6
11
8
9
11
12
13
16
15
11
12
11
8
10
9
6
9
9
11
9
11
13
12
14
12
15
12
12
12
11
8
5
2
1
-2
-4
-8
-7
-8
-7
-10
-10
-8
-10
-10
-11
-11
-13
-8
-8
-9
-6
-5
-6
-9
-9
-11
-10
-9
-10
-13
-15
-15
-13
-11
-12
-11
-9
-11
-8
-9
-11
-8
-8
-9
-5
-2
-3
-2
1
5
4
4
4
6
9
8
7
10
12
12
9
8
9
10
8
8
8
9
9
7
6
7
10
10
7
5
9
8
8
8
9
9
7
6
6
6
7
8
4
4
0
1
-1
-5
-6
-8
-7
-9
-7
-9
-12
-13
-14
-13
-15
-14
-13
-17
-13
-16
-13
-11
-12
-11
-11
-8
-8
-5
-6
-5
-5
-4
-6
-6
-7
-6
-4
-2
-2
0
1
1
-1
0
4
3
5
5
10
11
8
8
7
7
6
8
9
9
12
13
12
13
11
10
11
8
9
11
11
10
9
9
8
8
8
6
4
3
1
1
4
4
5
1
1
-2
-1
-1
-2
2
0
1
0
-1
1
1
2
5
5
5
3
2
1
-1
-3
-3
-3
-1
1
0
1
-1
-2
-4
-2
-4
-5
-6
-8
-5
-5
-6
-5
-5
-5
-8
-7
-10
-9
-6
-8
-6
-5
-7
-7
-8
-6
-8
-8
-7
-7
-5
-7
-10
-7
-5
-5
-7
-4
-3
-6
-4
-4
-4
-1
1
0
-1
-2
0
-2
-1
1
2
3
-1
0
1
1
4
4
4
4
2
2
5
3
3
4
3
6
5
7
6
5
9
5
4
6
9
10
8
5
6
9
9
10
8
9
7
6
5
3
4
4
3
3
4
4
6
5
4
3
5
6
4
4
2
3
0
0
1
-1
-4
-4
-3
-5
-6
-4
-7
-8
-9
-10
-11
-11
-12
-11
-9
-11
-10
-10
-10
-8
-8
-6
-5
-4
-9
-7
-8
-6
-6
-5
-4
-4
0
-3
-3
-6
-6
-3
-1
0
-1
0
0
-3
-2
-2
-3
-2
-2
0
-1
0
1
-1
-1
2
3
6
5
6
5
4
5
5
5
7
4
4
3
0
4
4
8
8
7
8
4
1
3
3
2
1
3
4
3
1
1
3
5
6
5
3
4
3
1
1
1
1
1
2
3
3
1
-1
-1
-2
-2
-2
0
1
2
1
1
0
-2
-1
-3
-3
0
-1
0
0
-3
-2
-2
-4
-4
-4
-3
-2
-3
-1
-5
-6
-7
-7
-8
-8
-8
-7
-7
-6
-4
-8
-7
-5
-3
-2
-3
-1
-2
-2
0
0
0
-1
5
3
6
6
6
7
5
6
6
8
7
7
8
7
8
7
6
9
8
8
7
5
7
9
7
5
4
4
3
3
3
2
2
3
3
4
1
-2
1
0
-2
-3
0
-2
-1
-4
-4
-2
-5
-5
-6
-5
-8
-9
-8
-8
-7
-5
-5
-6
-5
-4
-3
-2
-2
-1
0
-2
0
1
4
3
4
4
3
3
3
0
-2
-2
-1
1
0
-1
-3
-4
-5
-6
-7
-6
-6
-6
-4
-4
-1
-3
-2
0
0
-1
1
1
0
2
0
0
-2
0
1
0
2
3
5
4
4
4
5
5
6
8
8
9
8
8
8
5
4
5
4
3
3
5
5
3
3
1
2
3
1
2
2
3
1
0
-2
-3
-4
-4
-3
-4
-4
-7
-4
-3
-5
-3
-3
-2
-4
-2
-3
-2
-2
-4
-5
-7
-4
-4
-3
-4
-6
-7
-6
-6
-6
-8
-5
-5
-4
-4
-1
-2
-2
-1
-2
-3
-4
-6
-5
-4
-6
-7
-7
-6
-5
-4
-1
-2
-1
1
1
0
0
1
0
-2
-2
-1
-1
-2
-1
-3
-2
-1
3
2
1
3
2
3
4
5
5
7
7
7
6
8
7
5
7
5
5
5
8
8
7
9
8
7
6
7
6
6
7
4
5
5
3
4
7
7
7
5
7
7
7
5
3
1
-1
1
1
0
0
-1
-3
-1
-3
-4
-1
-3
-3
-4
-5
-4
-3
-3
-1
-2
-2
-1
-4
-5
-4
-4
-6
-4
-4
-4
-5
-5
-5
-2
-4
-4
-5
-5
-2
-5
-4
-2
-3
-3
-3
-4
-3
-3
-4
-3
-2
-2
-3
-1
0
0
2
4
3
3
1
0
-1
-2
3
3
4
0
1
1
0
2
2
1
4
4
3
4
3
5
5
5
4
3
4
2
2
0
3
4
2
4
5
2
3
2
1
0
0
1
0
0
-1
1
0
-1
1
1
-1
-1
-2
-2
-5
-5
-3
-3
-4
-5
-4
-3
-4
-6
-5
-3
-2
-2
-2
0
1
0
-2
-2
-3
-3
-3
-3
-4
-6
-5
-4
-3
-4
-3
-2
-1
1
1
1
3
2
1
1
1
1
1
0
-1
0
1
0
1
1
2
0
1
1
0
1
2
2
1
4
4
3
2
5
3
3
4
3
5
6
6
5
5
8
4
2
2
2
2
0
0
0
-2
-1
-2
-3
-1
0
0
0
-2
-2
-4
-4
-4
-3
-2
-2
-1
0
-2
-4
-3
-3
-3
-4
-4
-4
-4
-3
-3
-1
-1
-1
-2
-2
-2
-2
-3
-3
-2
-4
-4
-2
-2
-2
-1
-2
1
0
0
2
2
5
3
2
1
0
0
0
1
3
4
2
2
4
3
3
3
3
1
3
0
0
1
-2
0
1
0
3
2
2
3
1
3
3
3
4
4
4
3
2
3
1
2
2
-1
1
2
3
3
5
3
3
3
1
-1
-1
-2
-3
-2
-2
-5
-4
-5
-6
-6
-5
-4
-4
-4
-3
-3
-3
-1
-3
-1
-1
-3
-2
-3
-3
-3
-1
-1
-2
0
-2
-2
-1
-4
-3
-2
-3
-2
-1
-1
-1
0
-1
0
0
0
1
1
-1
-1
0
1
2
3
2
3
4
4
6
6
5
5
6
7
8
7
5
6
5
4
5
2
1
4
1
0
2
2
3
2
3
2
2
4
4
1
2
0
1
2
0
-1
0
-1
-1
-2
-1
1
0
-2
-1
-1
-3
-4
-4
-2
-1
0
-3
-3
-2
-3
-3
-4
-4
-4
-1
-3
-3
-1
-1
-1
-1
-1
-2
-1
-2
-1
-2
-1
-1
0
0
-2
-2
-3
-5
-4
-2
-3
-3
-2
0
1
-1
0
0
1
-1
-2
-2
-3
-2
-2
-1
2
2
2
1
1
2
5
5
3
5
6
4
3
3
1
4
4
3
4
4
2
1
0
0
0
1
-1
0
0
1
-1
-1
-1
-1
-1
-2
-3
-4
-5
-6
-4
-6
-4
-3
-4
-3
-4
-3
-3
-3
-3
-4
-5
-5
-4
-5
-4
-5
-6
-3
-2
-2
-2
0
0
1
-1
-1
-2
-2
-1
0
1
1
3
3
2
1
2
3
1
2
4
3
4
3
5
4
4
5
6
6
6
6
5
3
4
5
3
4
5
3
4
1
3
3
5
6
5
5
6
6
5
5
4
4
4
5
3
4
5
4
3
2
0
0
0
-1
0
0
-1
-2
-2
-2
-2
-4
-4
-4
-4
-6
-9
-8
-7
-6
-8
-6
-5
-5
-6
-7
-6
-8
-6
-7
-8
-6
-4
-5
-5
-7
-5
-4
-7
-5
-3
-3
-3
-4
-3
-2
-3
-1
-2
-1
-1
-2
0
-1
-1
-1
-2
-1
2
2
2
2
3
2
3
3
3
3
3
2
2
2
2
3
3
3
3
4
5
4
