1
1
0
1
2
2
1
1
0
0
-1
-1
-1
0
0
-1
-1
0
-1
0
-1
-1
-1
-1
-1
-1
-1
-1
-1
-1
-1
0
0
2
1
1
2
1
0
2
2
1
1
2
1
0
1
-1
-2
-1
-2
-1
-2
-2
-2
-2
-3
-2
-3
-3
-4
-3
-2
-2
-2
-3
-1
-2
-1
0
-1
0
-1
0
-1
0
1
2
1
1
1
0
1
1
1
1
1
2
2
1
1
2
1
2
2
1
2
2
1
2
2
3
3
4
2
2
2
2
1
0
0
1
0
1
1
1
0
0
1
1
1
0
1
1
1
2
2
2
1
0
0
-1
0
1
0
1
2
1
0
-1
0
0
-1
-1
-1
-2
-2
-3
-3
-2
-3
-3
-2
-3
-3
-3
-3
-3
-3
-3
-4
-3
-4
-2
-2
0
0
0
0
0
0
0
0
0
0
0
0
0
0
1
0
0
0
1
0
0
0
0
0
0
0
0
0
1
1
1
2
1
2
1
2
2
1
1
2
0
2
2
1
1
1
-1
0
-1
0
-1
-1
-1
-2
-1
-1
0
-2
-1
-3
-1
-1
-1
0
0
1
2
0
0
-1
0
0
1
2
2
2
2
3
2
1
1
1
2
2
2
1
0
0
-1
0
1
1
1
1
1
0
0
0
0
0
0
1
1
0
1
0
0
-1
-1
-1
0
1
0
1
1
2
2
1
1
1
1
0
-1
-1
0
-1
-1
-3
-3
-2
-1
-1
-3
-3
-3
-2
-2
-1
-2
-2
-1
-2
-3
-2
-3
-3
-2
-1
-1
0
-2
-3
-2
-2
-2
-2
-1
-2
0
0
0
1
1
0
1
2
3
2
2
1
1
2
1
3
3
2
2
2
2
3
3
3
3
1
3
3
2
1
2
2
1
0
1
0
0
0
0
0
0
0
0
0
0
0
0
0
0
0
2
2
1
1
0
0
0
0
0
0
0
1
0
-1
0
-1
-1
-1
-2
-2
-1
-1
0
-2
-2
-2
-1
-1
-1
0
-1
0
0
-1
-1
-1
-1
0
0
0
0
-1
0
-1
-1
-1
0
0
0
0
0
-2
-2
-1
-1
-1
-1
-1
-1
-2
-1
-2
-1
-1
-2
-1
-1
-1
-1
-1
0
-1
0
0
0
-2
-1
-1
1
2
1
1
1
3
1
1
2
1
1
0
0
1
1
1
2
1
2
2
1
2
1
1
0
0
1
2
2
3
2
1
2
1
0
0
1
0
1
1
1
0
1
1
2
0
1
1
-1
0
0
0
0
1
0
0
0
0
-1
0
0
-1
-1
0
0
0
1
0
1
0
1
2
1
2
2
2
1
1
0
1
0
-1
-2
-2
-2
-3
-3
-2
-2
-1
-2
-2
-1
-1
-2
-2
-2
-3
-2
-1
-1
-2
-2
-2
-2
-1
-1
-1
-2
-1
-1
0
-1
-2
-2
-1
0
0
0
-1
-1
-2
-1
-2
-2
-1
-1
-1
0
0
-1
0
0
2
1
2
2
1
1
2
3
2
3
2
2
3
3
3
4
3
2
2
2
1
0
2
2
2
2
1
0
1
1
0
0
0
0
1
1
1
1
0
1
1
0
0
0
0
1
0
1
0
1
1
0
0
0
-1
0
1
0
0
1
0
1
1
2
1
0
1
0
-1
0
0
1
1
2
1
2
1
0
0
0
0
-1
1
1
0
0
0
0
0
1
0
0
1
1
1
0
0
-2
-2
-1
-2
-1
-1
-2
-2
-4
-3
-3
-2
-2
-1
-1
-1
-1
-1
-1
-1
-1
-2
-1
-2
-2
-1
1
1
-1
0
-1
0
0
0
-1
0
-1
-1
0
-1
-1
0
-1
-1
-1
-1
0
0
1
0
1
1
1
2
0
1
1
2
1
1
1
1
0
-1
-1
1
1
1
0
0
0
-1
-1
0
-1
-1
0
0
-1
-2
-2
-1
-1
-1
-1
-1
-1
-1
-1
0
-1
-1
-1
-1
-1
-1
0
-1
-1
-1
-1
0
0
0
1
1
0
0
0
0
0
1
1
1
1
2
1
1
1
1
1
1
2
2
1
2
2
2
2
2
2
2
2
2
2
2
1
1
1
1
2
1
1
2
2
1
2
1
2
1
1
1
2
3
1
1
1
0
2
3
0
0
0
0
0
-1
0
0
-1
-1
-1
-1
0
0
-1
-1
-1
-2
-1
-2
-2
-3
-2
-2
-2
-2
-2
-3
-4
-4
-4
-3
-3
-2
-3
-3
-2
-3
-2
-4
-3
-4
-3
-2
-2
-1
-1
0
-2
-1
0
-1
-1
0
-1
-1
0
1
0
2
2
2
1
1
2
2
1
2
2
3
2
2
2
2
2
1
1
1
0
1
1
2
1
0
0
-1
-1
-1
-1
-1
0
-1
-1
0
-2
-1
0
0
0
0
0
1
0
0
0
0
0
0
1
1
1
2
0
1
1
2
2
3
2
2
2
0
1
0
0
-2
-1
-1
-1
-1
0
1
1
-2
0
-1
0
1
0
0
1
1
0
0
1
1
1
1
1
1
2
2
1
1
1
1
1
1
1
1
2
1
1
0
1
1
-1
0
0
0
1
0
0
0
-1
0
-1
-1
-1
-1
-1
0
0
0
-2
-2
-3
-2
-2
-2
-3
-3
-3
-3
-3
-4
-4
-4
-4
-3
-3
-2
-2
-3
-2
-2
-2
-1
0
0
1
0
1
1
0
0
0
2
1
2
3
1
1
1
0
0
0
1
0
0
1
1
1
1
0
0
1
1
2
1
0
0
0
0
0
0
0
0
1
1
1
0
0
1
1
2
3
2
1
1
2
2
1
0
2
1
0
0
0
0
0
1
1
0
1
2
1
0
2
1
1
2
2
0
1
1
1
0
0
0
0
1
0
1
2
1
1
1
1
0
1
0
1
1
-1
0
1
-2
-1
-2
-2
0
-2
-2
-3
-2
-2
-2
-2
-2
-2
-3
-2
-2
-2
-2
-2
-1
-1
-2
-2
-1
-1
-1
-1
0
0
1
-1
0
1
0
0
1
1
1
0
0
1
2
0
1
0
0
1
1
1
1
1
1
2
2
0
1
1
1
1
1
1
1
2
1
1
1
2
1
1
1
0
0
1
0
-1
-1
0
-1
-1
-1
0
-2
-1
-1
-1
-1
0
-1
0
0
0
-1
-1
0
-2
-2
-2
-4
-3
-2
-1
-2
-2
-2
-1
0
0
-2
0
-1
-1
-2
-1
-1
0
0
-1
0
0
-1
-1
0
0
0
0
0
-1
0
0
0
1
0
1
1
2
2
1
2
2
2
2
1
1
1
2
2
1
2
2
2
2
1
2
1
2
2
2
2
1
1
1
1
1
1
1
1
0
2
2
1
2
1
1
0
1
1
0
0
1
1
1
1
1
1
1
1
0
0
0
0
-1
0
0
0
-2
-1
-2
-2
-1
-1
-2
-1
-2
-2
-2
-3
-2
-2
-2
-2
-1
-1
0
-2
-1
-2
-2
-1
-2
0
0
-1
-1
-1
0
-1
0
-1
1
2
2
2
2
1
1
0
0
1
0
1
0
0
-1
-1
-1
-2
0
0
1
1
-1
-1
-1
0
1
0
2
1
0
1
0
1
0
1
-1
-1
0
0
-1
0
1
0
1
0
1
1
1
1
0
0
-1
0
-1
-1
0
0
-1
-1
-1
-2
-3
-2
-3
-2
-3
-2
-3
-3
-4
-4
-4
-4
-3
-3
-2
-2
0
-2
-1
-1
0
0
0
0
0
1
1
1
2
2
4
4
5
5
3
2
3
2
3
2
2
3
4
3
3
4
2
2
2
1
1
3
3
2
3
3
3
2
2
2
2
2
2
2
2
2
0
1
2
1
1
2
1
2
1
1
1
1
1
1
1
3
1
0
1
1
0
0
0
1
0
0
0
0
0
0
-1
0
-1
-2
-2
-3
-3
-5
-4
-4
-5
-6
-5
-7
-6
-8
-8
-8
-9
-7
-8
-8
-8
-8
-7
-7
-7
-6
-6
-5
-4
-3
-3
-3
-2
-2
-2
-1
0
-1
-1
0
0
1
1
1
1
0
0
1
2
3
2
3
4
5
4
4
5
5
6
5
6
6
6
6
6
7
5
6
5
6
5
5
5
5
6
6
6
6
5
5
5
4
5
5
5
5
5
4
4
3
3
3
2
1
0
0
-1
0
-1
-2
-2
-3
-3
-3
-5
-5
-6
-6
-7
-6
-6
-7
-7
-8
-8
-8
-7
-8
-8
-7
-8
-7
-7
-7
-6
-7
-6
-5
-5
-4
-5
-5
-3
-2
-1
0
1
2
4
5
6
7
6
7
6
6
5
6
6
5
5
6
6
4
5
7
6
5
4
4
5
5
3
3
4
3
4
4
4
3
2
3
2
3
2
2
2
2
3
3
3
3
3
3
2
1
1
1
0
-2
-3
-5
-6
-6
-7
-8
-8
-10
-9
-11
-10
-10
-10
-11
-11
-13
-13
-13
-15
-14
-14
-15
-15
-15
-14
-14
-13
-13
-13
-13
-12
-11
-12
-11
-11
-9
-8
-8
-6
-6
-4
-3
-2
0
3
5
8
10
12
14
15
16
18
19
20
22
23
23
24
24
25
24
24
24
23
23
22
23
21
20
20
20
19
19
19
17
17
15
14
14
11
10
8
7
5
3
1
0
-1
-2
-4
-5
-6
-7
-7
-6
-7
-7
-8
-9
-10
-11
-11
-13
-14
-17
-17
-18
-20
-22
-20
-21
-22
-22
-21
-20
-20
-19
-19
-20
-21
-22
-21
-22
-22
-23
-23
-23
-24
-26
-27
-28
-29
-30
-31
-30
-31
-31
-30
-31
-29
-26
-22
-18
-14
-10
-3
3
9
15
20
25
30
37
43
48
53
57
59
60
60
60
60
57
56
52
49
45
40
36
33
29
26
24
22
20
18
16
15
15
12
12
11
13
14
13
14
13
13
11
10
9
8
6
6
3
2
-1
-3
-7
-11
-15
-19
-21
-26
-29
-34
-36
-39
-40
-42
-44
-42
-43
-42
-41
-40
-38
-38
-37
-37
-36
-33
-34
-33
-35
-35
-36
-36
-40
-44
-51
-56
-63
-68
-72
-76
-77
-76
-74
-71
-64
-57
-49
-39
-26
-10
8
30
49
70
87
104
114
123
130
134
136
136
131
124
115
102
91
78
66
53
42
32
24
20
14
12
11
10
14
17
22
28
30
32
35
36
38
39
40
40
40
38
38
36
33
31
24
16
8
1
-9
-17
-24
-33
-42
-53
-60
-66
-72
-79
-82
-86
-90
-89
-90
-91
-89
-84
-80
-74
-67
-59
-53
-48
-42
-38
-35
-32
-29
-26
-28
-30
-36
-43
-55
-65
-76
-93
-108
-121
-124
-126
-132
-140
-142
-135
-129
-117
-104
-90
-66
-34
2
39
83
125
161
196
221
244
257
262
265
265
261
251
233
209
184
157
128
98
68
45
23
10
0
-9
-15
-17
-16
-10
-2
3
13
20
28
38
49
56
65
72
82
91
95
95
93
88
79
68
55
39
22
5
-11
-26
-48
-67
-88
-105
-116
-130
-144
-154
-159
-162
-161
-161
-157
-147
-138
-124
-111
-97
-81
-73
-58
-47
-43
-37
-33
-34
-33
-31
-32
-38
-41
-45
-50
-52
-57
-57
-56
-59
-59
-65
-67
-66
-71
-71
-68
-67
-63
-59
-60
-70
-81
-86
-88
-79
-72
-70
-68
-55
-41
-29
-15
-4
14
36
60
84
112
137
166
191
218
238
251
257
258
261
259
255
239
221
198
178
155
126
96
66
40
25
8
-5
-16
-21
-21
-20
-19
-18
-14
-14
-4
7
20
33
40
53
73
87
101
103
102
105
106
103
99
87
72
55
37
19
1
-17
-38
-59
-77
-92
-107
-123
-136
-144
-147
-142
-141
-140
-133
-123
-116
-108
-99
-96
-90
-78
-70
-62
-60
-59
-60
-62
-63
-68
-71
-77
-79
-82
-86
-90
-100
-107
-117
-127
-145
-183
-228
-276
-303
-311
-314
-326
-346
-347
-333
-309
-286
-264
-239
-189
-122
-42
47
134
218
303
379
447
495
525
540
550
554
551
532
483
428
372
308
246
176
99
36
-14
-47
-70
-83
-93
-107
-113
-103
-92
-76
-62
-50
-26
1
32
62
74
94
118
145
173
195
214
214
216
217
215
213
196
185
170
154
134
110
81
51
24
-1
-30
-61
-86
-113
-133
-151
-164
-178
-197
-206
-212
-204
-190
-176
-156
-142
-128
-111
-107
-92
-76
-69
-67
-69
-69
-76
-81
-85
-84
-86
-88
-88
-94
-101
-100
-107
-112
-122
-129
-136
-141
-145
-148
-148
-143
-134
-141
-163
-208
-246
-255
-245
-231
-234
-245
-235
-208
-176
-146
-126
-103
-72
-39
12
70
133
198
266
328
375
423
445
448
451
447
448
422
386
338
289
241
187
128
63
-4
-54
-83
-96
-103
-116
-126
-132
-129
-112
-89
-74
-50
-32
6
65
107
142
183
218
263
302
334
367
389
401
410
408
397
383
356
330
298
270
219
164
108
45
-10
-63
-122
-164
-193
-215
-229
-245
-256
-273
-271
-276
-272
-258
-243
-234
-224
-215
-199
-193
-186
-177
-183
-193
-194
-195
-205
-209
-216
-217
-218
-216
-209
-203
-187
-179
-192
-205
-230
-254
-287
-319
-356
-419
-466
-503
-515
-513
-519
-518
-518
-482
-431
-386
-348
-297
-223
-133
-26
89
203
319
436
548
635
687
725
731
728
714
698
660
602
528
442
369
285
199
123
49
-14
-54
-74
-73
-76
-65
-40
-6
36
77
120
148
180
210
258
296
319
340
365
398
429
452
460
461
442
427
404
382
351
306
262
214
175
131
85
43
-15
-58
-100
-142
-181
-215
-251
-288
-310
-331
-339
-363
-384
-388
-389
-389
-386
-385
-377
-352
-335
-308
-275
-256
-246
-241
-225
-207
-191
-185
-191
-194
-200
-211
-230
-242
-261
-269
-272
-279
-285
-288
-295
-303
-297
-301
-290
-280
-266
-245
-221
-238
-288
-335
-353
-311
-276
-268
-292
-308
-279
-236
-189
-152
-117
-65
1
78
158
247
351
438
533
607
647
674
683
686
690
701
675
615
570
526
478
427
358
262
186
125
76
53
22
-8
-3
17
51
88
115
144
166
189
220
259
290
317
349
381
415
450
472
494
501
494
474
439
403
348
294
235
189
124
57
-11
-86
-154
-207
-259
-312
-355
-391
-400
-421
-435
-451
-469
-463
-462
-450
-435
-428
-401
-388
-372
-351
-343
-341
-339
-333
-326
-327
-319
-316
-316
-312
-309
-312
-329
-335
-336
-347
-341
-331
-335
-329
-347
-374
-425
-501
-568
-591
-551
-503
-509
-549
-545
-496
-420
-360
-309
-247
-180
-84
37
172
297
451
597
720
828
881
925
945
947
950
944
918
842
755
663
588
489
382
289
196
129
85
63
62
66
68
84
97
132
166
199
220
249
295
332
362
367
377
406
422
426
421
417
389
371
340
283
226
176
130
82
31
-32
-94
-140
-182
-229
-277
-332
-387
-438
-459
-480
-503
-534
-561
-554
-561
-557
-548
-533
-512
-495
-466
-437
-398
-366
-324
-279
-250
-229
-207
-189
-168
-152
-129
-122
-121
-115
-125
-133
-137
-139
-139
-148
-165
-165
-162
-174
-170
-167
-164
-143
-113
-70
-61
-93
-169
-239
-255
-198
-137
-124
-151
-173
-156
-98
-51
-25
1
25
66
115
183
272
375
491
596
688
747
775
797
800
823
829
806
745
656
584
512
444
342
217
94
-9
-68
-120
-159
-192
-213
-222
-193
-146
-108
-85
-76
-68
-34
16
43
56
70
94
116
159
182
197
213
204
191
184
181
167
130
93
52
25
0
-27
-71
-120
-165
-210
-254
-286
-309
-325
-329
-336
-329
-333
-328
-340
-347
-339
-318
-289
-277
-258
-226
-195
-153
-125
-109
-98
-89
-62
-31
-10
-7
-15
-22
-14
-10
-21
-38
-54
-83
-122
-143
-156
-185
-205
-219
-228
-215
-202
-163
-152
-178
-251
-347
-394
-377
-318
-285
-306
-348
-358
-321
-270
-246
-220
-188
-148
-67
6
103
217
338
455
569
667
714
731
736
764
792
803
761
683
582
506
443
366
279
171
67
-22
-62
-75
-75
-84
-93
-87
-59
-22
12
40
56
78
116
156
193
214
222
230
258
280
299
302
288
260
245
248
233
209
155
108
63
38
20
-6
-44
-88
-127
-150
-153
-178
-214
-242
-260
-256
-253
-261
-290
-318
-330
-319
-299
-284
-283
-284
-255
-205
-168
-152
-151
-175
-185
-200
-193
-200
-228
-233
-241
-245
-237
-229
-245
-247
-257
-258
-242
-243
-239
-220
-197
-161
-135
-97
-71
-92
-134
-212
-272
-293
-276
-251
-265
-315
-374
-416
-413
-394
-369
-350
-326
-281
-216
-118
-6
130
257
377
493
602
668
711
743
787
815
807
763
681
595
515
449
380
284
190
82
13
-20
-30
-28
-19
-23
-13
18
60
90
114
146
163
209
265
324
389
435
458
484
506
521
516
495
473
449
431
412
375
317
228
149
97
37
-13
-66
-126
-172
-216
-242
-271
-312
-338
-374
-384
-396
-410
-426
-434
-433
-416
-395
-380
-355
-331
-288
-242
-200
-189
-187
-191
-204
-198
-200
-196
-219
-239
-247
-250
-271
-319
-347
-381
-423
-455
-477
-496
-501
-476
-455
-439
-412
-394
-338
-262
-234
-270
-353
-443
-446
-361
-255
-225
-264
-281
-249
-189
-122
-69
-22
24
77
144
218
293
366
475
582
694
799
873
910
937
975
995
990
921
799
686
619
552
484
400
319
241
199
172
120
92
73
78
105
129
141
137
97
67
63
93
126
126
105
113
153
187
207
187
170
167
169
186
188
168
122
74
19
-9
-28
-86
-145
-207
-253
-264
-283
-307
-343
-377
-403
-432
-455
-470
-481
-486
-485
-471
-453
-432
-419
-388
-337
-275
-234
-214
-210
-217
-210
-198
-187
-210
-228
-237
-215
-222
-229
-239
-253
-252
-254
-279
-308
-306
-320
-295
-253
-230
-233
-276
-346
-404
-434
-420
-373
-306
-302
-346
-373
-348
-268
-182
-94
-2
109
222
342
463
576
689
799
910
980
1012
1032
1052
1058
1043
1009
961
891
791
693
575
422
288
166
55
-24
-93
-145
-179
-184
-142
-98
-79
-54
-64
-67
-64
-49
-17
4
45
73
148
207
266
307
296
266
201
149
117
117
111
82
28
-27
-85
-133
-175
-216
-236
-241
-253
-295
-312
-333
-338
-336
-346
-338
-337
-325
-320
-305
-276
-259
-249
-267
-266
-255
-239
-225
-239
-225
-221
-209
-179
-165
-160
-148
-135
-133
-141
-126
-127
-154
-168
-161
-152
-174
-202
-239
-269
-284
-284
-273
-270
-241
-193
-147
-92
-41
-3
39
30
-44
-199
-272
-180
-12
105
65
-23
-98
-90
-39
31
95
137
185
255
312
365
407
465
550
636
722
799
820
811
826
833
820
724
589
451
329
231
133
36
-41
-109
-183
-254
-313
-351
-377
-406
-417
-417
-410
-370
-308
-229
-111
-6
76
102
97
101
144
248
371
484
558
594
594
551
505
451
367
310
209
113
24
-52
-124
-223
-325
-440
-533
-616
-655
-611
-519
-429
-362
-343
-334
-310
-257
-171
-81
12
116
218
286
340
345
297
253
174
109
73
29
-43
-118
-187
-262
-344
-433
-529
-594
-592
-548
-490
-487
-566
-704
-887
-1131
-1407
-1501
-1277
-812
-415
-270
-383
-569
-581
-398
-166
35
288
654
1120
1537
1765
1768
1638
1436
1248
1159
1065
902
782
696
569
422
169
-285
-783
-1059
-1130
-1053
-865
-678
-514
-296
-120
-10
48
117
251
429
638
786
891
952
969
928
832
633
407
242
163
198
256
238
197
151
78
-69
-249
-424
-575
-522
-415
-333
-309
-335
-427
-512
-480
-470
-451
-338
-119
119
351
513
552
547
523
496
425
368
350
380
346
288
144
-82
-404
-745
-928
-985
-980
-917
-837
-772
-667
-554
-549
-582
-518
-403
-269
-95
82
214
301
340
285
184
116
60
71
87
96
112
98
60
-7
-35
-32
-240
-729
-1396
-1701
-1503
-967
-473
-255
-269
-297
-162
-144
-279
-336
-88
426
1010
1478
1699
1721
1668
1518
1294
1044
864
762
651
551
475
338
88
-278
-650
-980
-1208
-1253
-1144
-881
-533
-227
-27
79
188
302
446
561
613
678
781
856
866
762
580
429
258
120
25
74
148
224
333
406
424
352
274
86
-51
-67
-100
-157
-240
-302
-388
-449
-512
-599
-637
-576
-427
-237
-66
85
241
332
366
369
385
353
278
210
153
57
-48
-184
-375
-597
-801
-950
-1026
-1033
-973
-865
-766
-683
-631
-556
-419
-285
-181
-41
62
167
261
291
299
262
265
191
10
-273
-616
-910
-1278
-1610
-1674
-1343
-804
-341
-86
-96
-191
-154
-77
-33
109
543
1128
1616
1922
2009
1844
1567
1213
806
447
226
169
183
196
159
60
-160
-444
-715
-887
-877
-701
-450
-180
166
559
839
939
911
806
688
616
532
460
425
385
354
346
330
226
105
-10
-72
8
203
357
465
536
524
349
91
-245
-556
-728
-740
-701
-705
-544
-486
-406
-428
-513
-566
-594
-320
-83
207
516
715
842
736
654
372
144
-25
-182
-244
-346
-362
-505
-653
-813
-971
-1083
-1127
-1022
-867
-621
-362
-162
-21
107
186
243
246
205
153
108
119
110
25
-49
-110
-152
-168
-170
-172
-146
-84
29
128
271
358
447
493
75
-688
-1411
-1529
-1307
-829
-411
-162
14
235
436
99
-244
-223
-2
458
927
1514
1768
1870
1934
1655
1334
940
609
161
-221
-347
-391
-355
-408
-573
-830
-1081
-1175
-1217
-1081
-813
-487
-129
263
672
922
1014
969
825
684
547
423
371
391
457
466
449
302
114
38
13
35
192
371
481
502
538
470
264
-29
-399
-766
-1051
-1071
-951
-812
-655
-530
-465
-423
-397
-365
-267
-100
133
397
613
719
757
706
574
392
208
64
-122
-280
-406
-466
-486
-551
-635
-769
-908
-938
-869
-741
-566
-360
-172
-27
118
221
275
261
259
268
363
410
25
-942
-1873
-2163
-1726
-944
-376
-182
-84
306
555
292
-235
-400
-30
524
1077
1446
1627
1771
1858
1685
1227
729
265
-179
-520
-576
-355
-77
78
-40
-356
-639
-749
-720
-659
-484
-142
273
699
1000
1126
1150
1100
1016
822
540
278
43
-83
-171
-222
-239
-191
-165
-118
-69
50
121
105
80
19
144
173
410
327
251
82
-270
-456
-666
-635
-795
-699
-398
-206
181
286
363
131
16
98
3
59
65
173
223
284
280
97
-100
-356
-577
-744
-810
-766
-728
-692
-587
-400
-239
-128
-109
-141
-147
-74
39
75
47
-22
-53
-16
34
76
72
23
14
-15
121
250
516
627
260
-686
-1732
-2028
-1758
-1112
-769
-647
-469
25
522
259
-306
-532
-192
393
882
1336
1546
1825
2074
2006
1646
1101
640
113
-371
-527
-399
-176
-125
-269
-521
-735
-857
-983
-1114
-1109
-818
-336
161
595
965
1177
1188
1038
834
627
443
261
93
45
114
256
365
450
523
593
648
656
536
401
338
280
195
45
33
6
-63
-255
-411
-503
-651
-772
-984
-1044
-843
-481
-174
-63
122
304
529
655
586
493
317
265
154
5
-120
-236
-369
-602
-801
-952
-1042
-1024
-961
-877
-692
-472
-325
-228
-39
175
366
446
390
232
37
-97
-260
-469
-656
-738
-673
-598
-448
-267
-70
99
206
402
562
829
904
505
-429
-1174
-1431
-1193
-876
-795
-805
-630
-144
99
-153
-506
-466
84
657
1097
1413
1677
2020
2245
2307
2015
1676
1233
686
190
-136
-189
-332
-662
-1111
-1400
-1362
-1166
-985
-866
-603
-149
321
613
668
710
900
1082
1121
1052
857
572
185
-209
-509
-608
-636
-562
-464
-158
193
408
443
424
469
481
638
666
607
416
215
-114
-497
-596
-719
-881
-1022
-1036
-925
-799
-507
-374
-217
54
379
580
541
540
460
446
379
258
156
33
-72
-234
-361
-472
-598
-789
-1072
-1263
-1222
-1012
-750
-515
-261
22
286
430
449
385
279
170
49
3
19
97
157
130
45
-8
2
44
82
136
252
259
-224
-1029
-1578
-1602
-1142
-712
-420
-248
149
653
705
298
-185
-209
109
382
643
794
1156
1598
1914
1857
1528
1185
792
391
39
-95
-98
-161
-439
-787
-1024
-1046
-1034
-1071
-1082
-942
-640
-324
-45
225
547
828
997
1132
1132
1023
806
497
273
168
147
127
140
235
337
359
280
150
47
37
4
-18
-21
-67
-134
-296
-487
-637
-651
-732
-791
-849
-778
-648
-483
-282
-158
32
264
503
689
780
789
740
634
506
292
111
-69
-169
-245
-345
-409
-519
-602
-707
-865
-1041
-1178
-1214
-1094
-783
-391
-36
256
407
496
470
321
114
-81
-183
-227
-141
2
196
362
412
384
285
243
252
330
389
197
-451
-1143
-1536
-1441
-1172
-998
-886
-618
-62
309
226
-81
-92
332
736
1014
1121
1255
1570
1850
1970
1784
1482
1170
793
312
-127
-355
-488
-726
-1059
-1259
-1196
-958
-776
-688
-587
-365
-64
21
-27
-5
247
593
860
982
920
850
718
537
327
111
-36
-85
-10
192
412
585
594
519
367
280
204
81
-66
-296
-469
-621
-728
-835
-975
-1042
-1019
-895
-806
-666
-384
-17
430
773
993
992
850
710
551
443
314
187
-5
-142
-217
-235
-215
-303
-476
-722
-984
-1184
-1264
-1231
-1121
-874
-601
-336
-136
2
84
90
63
19
39
112
236
325
411
463
451
407
413
498
553
676
635
262
-612
-1446
-1904
-1763
-1286
-976
-743
-480
80
423
233
-142
-348
-46
303
599
835
1087
1615
2041
2238
2020
1631
1220
733
255
-132
-271
-390
-640
-928
-1123
-1102
-998
-973
-984
-934
-733
-467
-247
-23
242
616
925
1060
1086
1045
902
622
289
53
-6
-3
-3
38
190
347
445
406
235
97
12
78
101
135
78
-30
-168
-310
-400
-609
-734
-924
-1040
-992
-816
-521
-309
-67
260
551
828
972
991
886
746
680
561
415
307
195
76
-80
-264
-416
-629
-858
-1096
-1317
-1470
-1460
-1263
-962
-555
-171
171
417
540
589
526
421
291
165
102
117
219
249
255
221
200
152
104
47
131
127
-186
-839
-1436
-1533
-1327
-975
-801
-531
-149
315
549
188
-128
-53
349
693
690
709
716
1044
1362
1455
1332
1030
799
412
24
-258
-351
-435
-684
-906
-1042
-1052
-966
-891
-859
-705
-418
-99
62
124
266
506
783
963
1010
967
857
717
537
397
311
229
194
181
263
329
412
324
175
34
-64
-75
-70
-15
-51
-98
-167
-288
-450
-685
-865
-941
-882
-675
-494
-281
-24
274
549
683
703
623
566
538
553
571
510
492
461
412
315
184
-22
-326
-642
-962
-1191
-1348
-1374
-1336
-1190
-941
-595
-300
-73
96
264
476
600
633
619
574
677
768
671
-23
-1125
-1816
-1906
-1421
-1062
-856
-729
-408
104
142
-246
-629
-443
156
592
872
991
1293
1749
2069
2024
1577
1103
605
28
-485
-682
-522
-454
-541
-676
-687
-503
-353
-317
-449
-514
-353
-123
-7
69
365
713
968
1059
1024
839
525
162
-208
-431
-516
-472
-403
-216
110
482
771
890
917
858
742
556
234
-49
-336
-486
-676
-773
-809
-751
-594
-604
-653
-675
-469
-265
-196
-42
92
372
623
708
676
578
640
608
425
163
15
-20
-97
-221
-430
-574
-581
-576
-583
-621
-541
-329
-116
68
190
291
268
107
-144
-359
-423
-402
-388
-405
-348
-156
75
159
179
196
312
421
581
622
402
-302
-1199
-1657
-1577
-1158
-858
-795
-717
-328
92
-47
-537
-836
-580
47
536
971
1260
1626
1956
2074
1914
1574
1224
745
112
-394
-498
-319
-218
-367
-638
-838
-858
-849
-959
-1104
-1064
-749
-310
53
458
901
1286
1507
1574
1539
1297
930
466
95
-126
-204
-103
-29
94
236
396
463
375
201
44
-22
-8
-28
-136
-252
-323
-358
-386
-416
-530
-727
-848
-823
-725
-626
-455
-234
-6
298
555
741
749
609
475
323
294
285
177
-33
-232
-311
-323
-340
-437
-546
-648
-753
-791
-800
-679
-458
-203
58
213
320
279
130
-90
-224
-181
-97
-57
-72
-43
49
161
232
195
165
185
270
370
352
22
-810
-1661
-2031
-1783
-1280
-894
-699
-507
-132
157
-75
-455
-524
-83
434
888
1216
1487
1853
2082
2124
1794
1347
856
300
-167
-360
-170
102
121
-243
-771
-1132
-1232
-1180
-1094
-999
-733
-282
206
612
940
1194
1250
1219
1121
991
789
495
199
39
73
209
339
401
433
464
513
389
215
31
-85
-66
4
31
-114
-201
-442
-664
-819
-906
-923
-955
-840
-765
-564
-238
0
251
355
535
564
529
548
486
522
490
509
433
284
145
-70
-242
-482
-625
-730
-895
-1043
-1175
-1174
-1037
-760
-451
-178
22
136
189
138
70
24
-8
-19
-16
14
68
165
211
191
148
206
320
456
467
171
-599
-1437
-1891
-1696
-1169
-715
-445
-287
-62
38
-234
-660
-811
-457
11
475
924
1363
1777
1961
1934
1623
1325
1061
757
405
176
232
337
289
-31
-539
-1006
-1321
-1463
-1465
-1304
-908
-392
52
408
756
1096
1251
1160
909
758
694
661
568
461
446
525
574
429
186
-77
-223
-284
-349
-353
-220
50
322
463
434
225
-72
-383
-687
-991
-1125
-1099
-928
-690
-415
-208
-73
51
141
247
316
429
558
621
731
828
857
836
696
448
118
-144
-321
-432
-555
-620
-627
-737
-923
-1115
-1236
-1216
-1045
-784
-497
-231
27
254
366
382
291
205
124
77
123
205
300
332
328
299
220
191
96
-259
-1028
-1837
-2117
-1813
-1122
-604
-339
-272
-117
68
-166
-556
-566
-112
484
923
1274
1498
1659
1662
1462
1146
851
714
506
207
85
296
565
509
82
-528
-1092
-1375
-1427
-1221
-811
-211
354
642
732
732
648
460
215
86
111
296
507
589
585
548
590
557
385
192
18
45
145
223
230
214
309
415
439
252
-30
-336
-605
-853
-1062
-1128
-1004
-784
-570
-426
-353
-260
-102
101
350
598
816
963
998
960
866
733
589
452
235
-45
-229
-277
-255
-256
-405
-660
-939
-1098
-1176
-1202
-1106
-801
-424
-133
63
124
181
260
247
194
218
380
437
193
-402
-1108
-1559
-1520
-1113
-630
-317
-256
-341
-569
-839
-1018
-990
-540
94
660
1093
1370
1540
1434
1167
818
582
485
502
531
504
514
510
404
35
-481
-995
-1313
-1285
-949
-437
28
330
395
204
-87
-231
-78
227
548
844
1135
1284
1314
1117
765
378
55
-124
-234
-194
-50
205
453
526
465
321
184
89
-120
-353
-501
-536
-528
-452
-324
-275
-162
-144
-262
-385
-421
-293
-228
-80
122
319
488
461
363
224
326
494
565
549
437
338
88
-139
-418
-629
-761
-789
-755
-695
-456
-214
-5
67
14
-80
-211
-336
-508
-579
-498
-244
18
120
141
146
156
36
-143
-275
-250
-32
210
452
599
456
-237
-1199
-1778
-1611
-871
-203
-16
-174
-398
-534
-862
-1224
-1196
-585
264
911
1305
1461
1529
1496
1304
976
840
1063
1355
1374
1156
913
606
72
-672
-1357
-1640
-1414
-928
-513
-281
-221
-272
-519
-851
-981
-702
-32
747
1420
1812
1884
1645
1106
425
-100
-226
-23
245
434
552
677
694
529
97
-332
-524
-468
-253
-68
58
36
-33
-194
-481
-716
-867
-913
-904
-736
-452
-220
-73
-22
7
40
123
267
407
537
608
660
584
377
100
-192
-385
-421
-303
-113
38
63
-79
-281
-449
-557
-571
-583
-510
-391
-334
-376
-496
-587
-568
-449
-315
-190
-39
152
314
380
345
404
487
580
524
164
-464
-1009
-1102
-891
-583
-384
-394
-610
-904
-1126
-1292
-1080
-342
490
1025
1073
1010
968
908
858
871
1092
1487
1888
1933
1526
939
384
-85
-536
-830
-911
-828
-655
-522
-440
-401
-384
-552
-773
-847
-522
123
723
1031
1025
866
642
424
221
97
141
301
450
476
393
375
433
460
399
316
343
510
690
668
403
-34
-401
-609
-730
-763
-698
-612
-632
-782
-1003
-1089
-931
-593
-269
37
335
616
779
700
475
248
127
150
229
299
338
320
206
-13
-229
-393
-513
-606
-716
-824
-932
-925
-777
-623
-477
-354
-216
-105
-79
12
-9
-194
-755
-1303
-1501
-1059
-158
513
620
134
-462
-878
-998
-760
-262
515
1151
1327
1007
441
153
160
468
810
1175
1542
1726
1519
849
107
-412
-560
-516
-374
-162
39
141
-23
-406
-766
-921
-805
-540
-168
279
699
902
847
606
410
440
585
718
710
637
561
454
221
-44
-142
27
253
306
103
-208
-403
-396
-291
-283
-354
-285
-192
-177
-257
-402
-453
-401
-240
-87
54
211
266
114
-172
-352
-223
117
467
617
604
508
415
265
72
-51
15
137
131
24
-173
-399
-660
-867
-948
-873
-631
-354
-133
52
229
370
317
127
-66
-131
-110
-32
43
103
45
-176
-453
-802
-1089
-1290
-1211
-892
-501
-314
-501
-861
-1163
-1095
-679
-204
260
577
732
593
301
158
315
781
1218
1431
1372
1243
1161
1059
859
632
566
545
433
171
-195
-495
-668
-761
-823
-838
-743
-573
-419
-402
-393
-309
-127
94
259
418
611
852
1082
1185
1147
1034
874
697
542
464
481
548
556
402
79
-287
-539
-625
-598
-476
-336
-240
-205
-292
-478
-670
-736
-644
-542
-379
-165
66
217
175
96
-38
-41
56
155
238
316
423
411
282
123
63
79
91
-1
-155
-323
-444
-544
-682
-808
-789
-658
-520
-440
-419
-424
-457
-486
-435
-269
-3
274
449
420
274
125
65
108
161
239
140
-183
-628
-755
-491
-127
-23
-298
-735
-977
-792
-462
-278
-116
27
127
1
-106
38
373
837
1078
1035
778
632
687
713
720
769
863
840
630
365
82
-91
-184
-198
-163
-121
-90
-228
-479
-704
-631
-345
-73
116
141
131
76
80
120
188
419
715
928
961
939
921
813
668
558
567
662
740
611
231
-175
-405
-402
-337
-305
-357
-504
-735
-925
-968
-921
-768
-627
-547
-573
-542
-375
-139
97
268
345
281
177
124
103
130
230
370
491
472
327
94
-139
-316
-444
-546
-606
-607
-533
-490
-502
-481
-403
-400
-551
-902
-1243
-1298
-955
-407
-194
-558
-1176
-1479
-1254
-713
-206
24
54
80
87
164
411
950
1481
1686
1517
1170
1027
1098
1190
1098
949
877
819
618
197
-295
-617
-747
-803
-830
-829
-773
-679
-581
-504
-344
-21
354
609
656
615
584
605
715
881
1012
1039
947
781
593
489
467
436
345
242
238
205
111
28
-16
-26
-53
-127
-280
-399
-442
-479
-565
-613
-565
-527
-568
-594
-535
-371
-173
41
179
216
252
265
207
132
141
198
210
151
63
-16
-140
-354
-605
-785
-746
-548
-392
-344
-365
-362
-337
-318
-261
-186
-119
-169
-340
-483
-480
-318
-99
75
199
256
287
287
172
-52
-359
-421
-85
357
419
-11
-572
-899
-856
-692
-662
-645
-530
-261
-178
-181
-100
225
624
857
940
881
904
998
1043
1031
1027
1096
1075
856
563
329
207
68
-151
-352
-434
-420
-440
-549
-633
-542
-340
-204
-172
-197
-97
66
263
449
546
556
440
313
240
286
401
502
502
319
103
62
204
313
343
284
156
46
20
11
-44
-81
-97
-131
-203
-255
-305
-422
-537
-550
-565
-640
-731
-778
-684
-491
-212
27
165
211
178
85
-19
-10
119
220
202
85
-46
-84
-26
15
-30
-101
-179
-288
-423
-508
-424
-256
-168
-194
-266
-274
-206
-148
-153
-291
-376
-287
-157
-141
-223
-306
-446
-603
-635
-519
-243
18
97
-65
-250
-185
43
186
242
378
576
733
842
919
996
1071
1125
1011
735
482
359
395
440
428
331
147
-112
-392
-576
-663
-633
-490
-342
-223
-109
4
62
85
75
72
99
164
298
459
531
551
541
428
306
274
395
485
494
469
413
348
248
90
-107
-248
-253
-283
-320
-294
-245
-247
-329
-437
-466
-318
-62
60
-16
-179
-319
-346
-293
-202
-125
-124
-235
-321
-338
-233
-58
10
15
-26
-45
-38
-106
-206
-234
-108
44
94
16
-58
-81
-135
-247
-365
-470
-468
-370
-307
-273
-260
-274
-403
-542
-584
-486
-347
-311
-387
-366
-47
255
184
-214
-559
-567
-276
-10
15
-89
-35
122
218
174
210
337
429
500
502
543
709
943
1032
900
699
564
493
383
333
350
362
295
141
30
-13
-64
-187
-342
-338
-190
41
212
243
282
373
393
323
219
206
256
292
275
185
127
151
240
286
236
181
148
163
245
299
342
353
335
240
102
-61
-268
-461
-640
-711
-625
-449
-295
-284
-389
-429
-389
-322
-318
-275
-180
-99
-10
-20
-143
-246
-241
-193
-156
-62
28
8
-53
-124
-187
-237
-216
-162
-114
-6
141
184
64
-93
-244
-461
-685
-759
-717
-669
-616
-534
-615
-877
-1104
-1115
-952
-726
-604
-646
-607
-299
28
225
212
249
433
616
716
775
919
1092
1227
1264
1154
1045
1021
1045
1009
899
779
597
394
182
21
-75
-170
-234
-354
-471
-500
-462
-385
-347
-313
-215
-97
5
97
140
222
361
496
599
726
893
1032
997
842
700
660
680
674
552
297
76
-92
-255
-417
-536
-617
-651
-624
-576
-528
-543
-542
-536
-486
-373
-275
-230
-206
-220
-265
-296
-347
-322
-236
-114
-22
-1
-37
-84
-109
-115
-87
-37
-5
-11
-66
-110
-118
-130
-159
-232
-300
-286
-218
-165
-156
-201
-230
-283
-363
-432
-437
-365
-226
-159
-167
-238
-351
-437
-419
-317
-338
-397
-388
-242
-82
-33
-122
-280
-238
-69
71
128
166
301
383
377
339
366
528
725
906
988
979
977
961
920
890
838
733
550
354
214
156
133
64
-110
-331
-466
-465
-388
-289
-186
-89
-56
-69
-51
18
95
207
342
379
380
367
337
289
297
367
422
450
478
477
402
285
147
27
-52
-70
-91
-152
-224
-277
-342
-403
-472
-506
-486
-433
-376
-338
-349
-375
-442
-493
-496
-394
-244
-125
-60
-75
-101
-207
-311
-299
-160
39
148
140
54
-38
-139
-230
-282
-247
-175
-121
-107
-169
-226
-279
-322
-366
-410
-370
-281
-348
-524
-611
-630
-632
-632
-611
-638
-632
-505
-407
-366
-277
-162
-106
-44
153
388
533
640
793
999
1170
1205
1111
958
921
1021
1061
992
856
771
659
477
255
53
-69
-111
-142
-332
-556
-631
-512
-275
-117
-41
11
52
125
154
164
215
318
510
626
601
558
555
583
541
478
423
341
294
258
187
128
136
72
-95
-242
-371
-542
-613
-557
-485
-449
-398
-444
-586
-659
-588
-464
-310
-121
-59
-70
-32
12
-33
-26
98
212
247
226
128
1
-87
-168
-279
-386
-448
-481
-510
-452
-329
-254
-271
-316
-334
-321
-273
-238
-236
-272
-247
-178
-147
-141
-139
-106
-43
14
9
-32
-60
-24
-23
-151
-294
-367
-298
-229
-235
-344
-507
-466
-337
-257
-235
-147
34
157
206
240
357
607
883
990
938
808
729
735
762
780
795
783
720
608
435
306
193
72
-57
-180
-259
-301
-304
-292
-210
-123
-45
-48
-110
-194
-196
-65
120
321
455
499
462
432
459
464
450
406
375
379
382
387
340
247
164
48
-70
-140
-157
-174
-267
-353
-440
-465
-450
-413
-375
-381
-412
-462
-512
-516
-400
-245
-105
-51
-97
-160
-184
-167
-142
-104
-13
69
95
47
-53
-177
-268
-272
-246
-219
-183
-150
-174
-255
-330
-385
-385
-396
-392
-371
-393
-456
-518
-527
-550
-610
-587
-438
-260
-180
-230
-382
-460
-367
-214
-136
-111
29
191
304
380
463
601
791
912
900
835
827
900
992
1026
1015
990
897
721
464
224
81
18
-20
-90
-167
-211
-237
-230
-238
-243
-189
-136
-94
-122
-62
87
252
372
381
359
305
317
371
460
533
534
476
382
289
207
161
162
146
89
8
-136
-241
-326
-393
-482
-505
-427
-344
-259
-240
-308
-373
-365
-284
-218
-135
-93
-133
-155
-178
-201
-238
-231
-191
-139
-92
-114
-138
-154
-119
-58
-76
-118
-126
-104
-63
-77
-135
-218
-355
-474
-559
-528
-388
-260
-206
-228
-258
-254
-257
-254
-246
-198
-126
-111
-185
-250
-212
-198
-248
-274
-209
-127
-107
-199
-324
-298
-99
18
7
-42
88
318
441
488
522
652
830
912
860
761
760
862
960
923
812
744
667
543
385
241
137
63
-9
-101
-164
-140
-134
-174
-259
-275
-186
-131
-113
-101
-75
-9
70
159
201
214
196
156
83
82
177
316
404
400
341
274
251
249
227
125
28
-55
-158
-227
-258
-317
-388
-464
-538
-570
-547
-490
-404
-340
-291
-248
-230
-139
-37
22
-31
-123
-140
-84
-5
31
32
-9
-77
-158
-213
-250
-222
-183
-183
-236
-308
-337
-373
-405
-433
-435
-396
-357
-300
-283
-284
-289
-339
-353
-395
-469
-522
-478
-362
-332
-369
-458
-478
-357
-189
-90
-43
52
228
340
356
409
573
802
951
977
938
953
1039
1072
980
806
670
560
450
332
234
221
234
239
169
60
2
-9
-3
2
16
82
164
194
202
199
178
156
122
38
-36
-26
29
102
210
295
259
165
123
123
78
49
18
-33
-53
-38
-107
-212
-233
-189
-219
-297
-288
-278
-239
-214
-251
-348
-410
-403
-345
-262
-181
-134
-129
-163
-210
-257
-291
-260
-252
-228
-200
-153
-78
-48
-54
-90
-144
-204
-293
-366
-393
-314
-191
-126
-104
-120
-142
-122
-158
-234
-293
-318
-249
-153
-68
13
86
119
51
-78
-175
-154
-89
-95
-170
-173
-87
-21
-26
-97
-120
-68
-3
-22
-70
4
226
371
374
356
414
564
707
788
806
794
755
705
678
649
648
607
500
344
219
126
35
-20
-48
-65
-116
-198
-233
-201
-133
-73
-72
-122
-142
-141
-105
-71
-33
11
7
21
72
123
148
206
276
326
329
263
200
169
197
218
195
121
42
-17
-114
-225
-305
-337
-340
-338
-363
-382
-337
-288
-327
-427
-450
-369
-279
-207
-173
-126
-74
-55
-70
-91
-68
-18
26
12
-4
6
11
-54
-172
-272
-292
-285
-298
-324
-338
-283
-250
-247
-287
-317
-330
-356
-432
-506
-550
-528
-524
-583
-581
-445
-248
-154
-201
-251
-209
-99
13
44
87
221
411
478
447
475
592
743
820
854
900
959
996
963
899
811
703
614
483
427
425
373
293
137
-25
-153
-221
-236
-192
-93
-29
-5
-6
-1
-1
-3
24
71
124
136
148
149
144
115
50
52
63
4
-69
-104
-57
-13
-7
-8
-34
-31
18
-16
-143
-223
-218
-228
-263
-232
-165
-134
-126
-148
-202
-249
-261
-260
-257
-220
-146
-67
-34
-53
-97
-102
-110
-121
-102
-69
-29
-16
-26
-94
-147
-170
-187
-196
-182
-171
-148
-160
-224
-282
-299
-260
-228
-242
-254
-215
-110
-22
-15
-81
-165
-213
-243
-242
-233
-204
-147
-150
-249
-366
-379
-224
-68
-13
-38
-50
-12
43
80
101
166
249
288
286
312
383
465
556
626
634
597
610
611
582
617
612
546
488
508
454
312
227
187
101
-4
-40
-89
-132
-125
-122
-168
-220
-241
-239
-231
-207
-115
-52
-47
-32
23
57
54
72
124
192
248
295
308
291
281
291
288
260
242
232
195
102
8
-110
-240
-348
-418
-412
-394
-384
-385
-392
-402
-372
-336
-321
-271
-216
-132
-86
-69
-46
-28
-31
-79
-139
-164
-139
-106
-99
-99
-67
-30
-3
-9
-44
-61
-104
-142
-194
-231
-240
-258
-271
-294
-299
-283
-302
-376
-463
-509
-500
-449
-402
-382
-365
-280
-179
-142
-140
-101
-1
92
152
214
280
357
405
381
396
469
579
651
624
619
624
615
565
495
515
582
617
577
475
389
343
291
232
178
162
157
140
86
27
31
53
42
-22
-81
-107
-124
-122
-122
-135
-115
-80
-57
-49
-46
-55
-63
-49
-34
-35
-47
-23
-2
-11
-64
-86
-83
-75
-52
-34
-10
1
-15
-46
-107
-135
-161
-221
-274
-313
-277
-226
-223
-259
-293
-304
-305
-277
-251
-222
-132
-75
-79
-131
-184
-236
-270
-286
-249
-168
-88
-55
-70
-51
-23
-4
-1
-22
-55
-51
-38
-16
0
-13
-39
-66
-81
-74
-85
-79
-48
-35
-29
-36
-27
-11
-39
-51
-21
13
54
93
113
107
68
20
-13
14
77
117
176
231
258
300
309
333
393
481
545
545
531
522
534
536
490
398
305
229
174
136
120
94
41
-23
-98
-163
-201
-192
-170
-155
-140
-114
-95
-116
-134
-134
-104
-75
-63
-29
10
71
129
156
164
164
175
169
166
191
216
229
201
153
80
34
-18
-81
-116
-165
-209
-259
-298
-316
-335
-364
-369
-340
-326
-350
-374
-382
-352
-301
-279
-296
-284
-243
-222
-223
-248
-227
-186
-156
-154
-179
-181
-146
-97
-65
-43
-10
-3
-7
-43
-89
-78
-54
-67
-94
-100
-83
-43
-12
-7
-23
-43
-46
-70
-99
-98
-67
-33
-12
14
3
11
6
-12
-30
-17
29
76
154
213
277
323
377
453
536
618
689
740
745
726
689
661
608
532
448
354
259
157
62
-29
-75
-126
-171
-215
-296
-324
-303
-265
-219
-208
-214
-227
-211
-163
-118
-89
-43
13
78
135
165
186
223
266
265
250
230
228
240
248
218
157
106
52
0
-66
-130
-210
-254
-286
-295
-308
-328
-336
-338
-332
-305
-284
-256
-231
-232
-235
-267
-287
-234
-171
-118
-109
-119
-146
-196
-252
-282
-288
-283
-247
-235
-220
-209
-201
-191
-169
-158
-157
-137
-105
-89
-57
-24
9
53
92
100
86
102
116
143
190
238
255
267
254
206
153
99
60
43
44
41
29
1
-25
-32
-30
-44
-69
-55
19
98
167
239
284
314
344
398
421
423
408
387
365
318
286
257
209
141
59
4
-33
-88
-133
-161
-159
-168
-202
-226
-224
-182
-141
-106
-67
-29
5
28
49
66
94
119
132
165
226
286
305
297
280
251
225
201
188
165
137
101
62
32
-24
-92
-158
-211
-224
-223
-226
-227
-227
-222
-250
-293
-326
-312
-254
-186
-154
-150
-157
-173
-198
-187
-151
-130
-116
-118
-142
-149
-143
-142
-146
-182
-175
-172
-162
-153
-138
-113
-98
-116
-138
-139
-134
-129
-106
-54
13
73
96
79
45
10
-38
-89
-117
-100
-60
-25
-15
-37
-39
-27
-32
-32
-27
22
63
102
165
251
325
388
420
399
397
393
413
412
384
366
361
341
303
223
152
68
-15
-76
-112
-121
-125
-112
-130
-150
-117
-92
-77
-52
-39
-10
23
66
83
90
108
136
160
178
219
246
264
263
244
191
154
119
107
102
71
28
-30
-94
-164
-208
-241
-258
-259
-245
-238
-223
-210
-181
-152
-117
-97
-99
-109
-120
-110
-106
-113
-127
-132
-139
-156
-163
-165
-183
-205
-213
-208
-203
-189
-186
-188
-194
-163
-132
-110
-83
-67
-39
-11
26
26
23
23
36
44
67
99
125
137
130
130
144
153
132
101
89
82
71
46
21
15
1
-30
-41
-81
-92
-84
-83
-71
-75
-44
-5
20
21
40
52
66
87
99
134
173
192
191
217
230
244
238
197
154
134
146
148
141
123
88
65
27
-2
-6
-12
-26
-44
-64
-66
-54
-50
-20
-10
1
33
70
86
106
118
114
115
122
124
125
120
106
70
25
2
-35
-45
-63
-74
-84
-97
-130
-154
-148
-138
-114
-102
-109
-130
-142
-162
-150
-115
-106
-116
-127
-138
-136
-118
-87
-52
4
29
22
1
-37
-45
-34
-47
-47
-33
-14
-27
-57
-81
-96
-87
-75
-66
-69
-73
-80
-72
-54
-43
-30
-17
-20
-52
-99
-140
-123
-82
-41
-18
-47
-94
-116
-108
-105
-125
-122
-86
-42
12
37
53
72
107
114
117
149
187
215
212
198
199
224
250
254
270
278
267
229
168
125
97
87
72
71
79
77
76
62
17
-10
-35
-57
-58
-56
-20
20
40
27
28
39
36
46
84
114
146
153
137
101
41
1
-14
-13
-6
-23
-67
-112
-128
-125
-117
-102
-106
-129
-154
-165
-167
-152
-143
-133
-110
-87
-65
-59
-79
-88
-81
-65
-40
-12
26
47
49
32
15
-2
-23
-8
6
14
19
12
-13
-46
-82
-92
-72
-56
-39
-38
-43
-53
-49
-59
-70
-85
-91
-61
-23
13
30
46
35
10
-29
-61
-65
-57
-39
-39
-70
-99
-110
-122
-148
-155
-139
-133
-123
-123
-130
-115
-85
-53
-20
30
71
112
175
213
258
313
344
368
362
347
314
293
268
225
181
145
118
78
41
22
9
-19
-38
-43
-41
-40
-30
-25
-5
7
18
19
13
29
43
55
54
64
75
63
36
2
-4
24
24
15
-9
-39
-47
-54
-70
-100
-118
-114
-98
-67
-43
-14
-22
-41
-34
-32
-16
-5
8
20
44
61
75
78
71
74
83
89
65
54
41
4
-21
-42
-58
-89
-141
-201
-222
-231
-231
-226
-224
-208
-174
-155
-170
-148
-132
-109
-75
-54
-49
-44
-42
-55
-73
-75
-71
-70
-66
-66
-84
-83
-65
-53
-40
-31
-27
-21
-5
-10
-29
-49
-73
-79
-99
-100
-63
-35
3
-3
2
13
19
19
41
75
114
158
187
202
221
228
228
242
229
247
263
278
265
259
243
205
169
153
142
103
82
42
10
-11
-23
-25
-31
-23
-33
-56
-78
-90
-81
-57
-48
-33
-13
2
-4
-1
7
14
39
59
88
115
147
165
149
134
124
141
157
176
189
180
177
149
127
114
103
112
86
67
40
-3
-30
-75
-103
-126
-147
-158
-189
-217
-245
-239
-217
-212
-197
-189
-199
-213
-217
-222
-219
-210
-215
-225
-242
-226
-218
-208
-206
-199
-186
-174
-169
-177
-201
-227
-232
-267
-287
-301
-288
-275
-263
-262
-251
-230
-211
-197
-198
-175
-156
-114
-71
-12
58
124
181
235
298
356
418
484
538
570
589
581
560
545
535
496
449
388
343
290
227
175
136
106
68
34
-8
-31
-33
-43
-53
-68
-86
-99
-95
-84
-74
-69
-72
-80
-77
-58
-23
25
70
116
121
117
112
110
130
136
128
116
126
120
100
95
102
101
92
61
45
50
57
58
36
16
8
-1
-14
-17
-33
-52
-56
-55
-59
-54
-41
-38
-70
-113
-126
-146
-155
-152
-151
-161
-190
-226
-278
-319
-361
-385
-395
-393
-396
-413
-416
-415
-388
-346
-312
-282
-254
-214
-187
-170
-123
-89
-45
3
33
75
114
135
144
142
137
128
132
131
112
108
96
76
60
39
22
-1
2
6
8
23
40
45
58
85
104
112
130
154
185
232
254
267
276
289
305
310
287
241
193
142
96
57
41
22
-4
-51
-96
-105
-117
-115
-124
-111
-88
-58
-22
2
32
61
93
132
157
176
219
259
279
293
300
301
289
263
249
243
241
221
176
145
124
100
82
49
19
11
-1
-13
-31
-31
-35
-38
-41
-54
-70
-95
-117
-152
-173
-196
-205
-229
-262
-286
-322
-340
-354
-357
-372
-388
-395
-398
-405
-398
-383
-360
-325
-313
-287
-270
-244
-214
-186
-161
-129
-100
-62
-30
-18
-6
-1
10
19
28
40
51
53
41
30
17
13
10
-15
-30
-44
-66
-66
-58
-57
-66
-60
-33
-13
22
45
81
107
148
190
229
277
302
342
362
363
352
337
320
301
282
259
219
186
155
118
92
62
37
19
-6
-15
-8
15
39
66
111
120
133
144
157
178
211
246
269
282
291
313
323
331
326
310
286
276
267
258
240
212
159
110
58
14
-21
-59
-86
-108
-113
-119
-133
-142
-165
-191
-231
-257
-274
-299
-308
-323
-336
-352
-363
-392
-415
-425
-435
-438
-446
-450
-445
-435
-422
-415
-389
-360
-335
-315
-299
-273
-245
-211
-178
-140
-117
-101
-95
-90
-57
-30
-5
16
20
34
38
48
71
76
93
101
104
126
127
143
152
150
165
159
167
178
188
183
159
152
138
128
116
93
71
54
44
36
22
13
-2
-39
-56
-54
-42
-17
6
33
49
69
92
112
130
170
206
248
290
318
333
345
346
351
359
364
378
385
383
375
370
346
316
277
233
201
187
184
184
152
126
113
99
99
101
86
86
68
41
21
-6
-20
-22
-39
-45
-66
-96
-121
-173
-205
-244
-271
-279
-303
-325
-342
-370
-386
-392
-395
-407
-409
-419
-428
-427
-418
-405
-389
-374
-364
-344
-344
-325
-314
-308
-292
-279
-260
-237
-205
-188
-168
-144
-117
-83
-72
-65
-59
-51
-61
-72
-75
-64
-64
-68
-73
-82
-56
-25
-2
20
47
68
92
111
144
169
203
228
250
282
300
315
323
328
325
334
332
331
314
285
251
228
225
219
212
193
190
180
177
165
165
182
188
188
189
185
171
160
161
167
172
176
163
166
182
198
204
203
199
190
174
167
168
157
148
162
153
143
118
77
39
6
-17
-32
-54
-86
-104
-137
-162
-171
-182
-202
-233
-260
-286
-300
-308
-308
-310
-314
-299
-291
-286
-281
-283
-282
-287
-291
-295
-286
-271
-257
-247
-247
-235
-223
-215
-210
-200
-199
-172
-154
-154
-136
-129
-123
-128
-133
-132
-127
-123
-130
-133
-132
-123
-116
-109
-109
-95
-80
-73
-48
-21
8
48
89
131
162
183
212
247
275
302
338
365
378
380
397
403
394
391
369
352
324
281
248
215
192
166
141
136
120
102
99
77
58
50
47
53
65
67
62
66
62
65
62
76
91
118
141
144
142
121
115
106
99
100
84
73
41
15
5
-10
-22
-47
-60
-89
-117
-128
-139
-160
-173
-173
-187
-203
-211
-216
-218
-213
-205
-200
-207
-211
-208
-209
-211
-196
-178
-175
-163
-176
-193
-201
-217
-223
-215
-202
-198
-186
-173
-158
-144
-119
-96
-79
-51
-29
-7
1
13
25
27
33
23
30
37
45
51
44
45
24
22
19
9
13
9
5
2
-4
-13
-4
-6
-1
7
12
7
29
33
35
57
68
97
99
101
123
135
139
142
138
153
168
164
162
167
167
161
166
157
141
140
136
132
123
123
128
121
113
113
117
120
125
129
136
133
138
141
136
138
140
150
153
137
130
133
116
101
88
78
56
35
10
-15
-33
-48
-65
-76
-87
-104
-117
-125
-115
-116
-107
-114
-112
-112
-120
-111
-109
-130
-139
-141
-159
-168
-161
-161
-184
-176
-185
-188
-192
-198
-213
-229
-222
-231
-237
-243
-247
-243
-232
-225
-209
-200
-189
-182
-182
-168
-153
-149
-133
-116
-108
-91
-79
-63
-57
-55
-57
-52
-43
-34
-27
-17
3
4
18
33
56
74
80
91
121
150
161
176
187
212
231
237
241
254
275
292
297
304
327
334
336
312
288
273
258
233
216
194
168
161
158
143
113
85
79
60
52
58
59
59
55
61
57
64
61
58
59
55
53
52
45
35
26
15
3
-7
-5
-5
-3
-4
-17
-26
-47
-69
-86
-99
-93
-103
-129
-148
-151
-162
-166
-161
-154
-145
-153
-159
-151
-143
-142
-142
-135
-149
-144
-148
-155
-144
-158
-155
-161
-173
-176
-173
-181
-170
-161
-161
-155
-162
-157
-165
-178
-178
-171
-176
-174
-173
-163
-157
-150
-152
-153
-146
-138
-122
-109
-80
-58
-38
-23
-1
17
45
81
106
130
161
199
227
244
265
284
299
317
334
348
356
351
345
336
325
318
311
301
287
274
259
238
208
190
175
157
155
140
135
112
98
76
48
33
28
13
-8
-26
-45
-52
-69
-68
-75
-85
-103
-114
-122
-131
-147
-156
-160
-163
-152
-153
-147
-148
-150
-160
-168
-172
-177
-178
-171
-167
-163
-156
-157
-158
-155
-142
-131
-121
-103
-91
-77
-63
-57
-34
-23
-21
-25
-21
-21
-13
2
4
6
6
-6
-14
-13
-7
5
23
33
42
53
64
80
87
92
104
116
129
127
125
130
121
123
118
118
116
111
101
73
69
54
48
45
39
33
25
26
24
22
23
27
38
37
30
23
26
26
24
31
31
28
26
17
16
19
19
15
2
5
-12
-23
-27
-47
-56
-68
-83
-88
-95
-99
-104
-109
-100
-99
-106
-108
-111
-120
-127
-137
-138
-140
-139
-133
-130
-123
-116
-114
-107
-99
-93
-79
-68
-60
-47
-35
-26
-24
-13
-16
-21
-16
-11
-10
-12
3
0
14
25
37
57
79
95
115
142
174
205
226
241
255
274
279
291
299
302
289
273
266
250
225
203
177
150
124
104
75
42
16
-10
-33
-52
-73
-94
-100
-113
-121
-135
-138
-135
-136
-132
-123
-126
-121
-109
-108
-98
-87
-78
-71
-70
-57
-57
-51
-52
-59
-61
-66
-70
-74
-78
-93
-94
-97
-105
-105
-103
-90
-101
-110
-111
-98
-93
-85
-77
-70
-62
-59
-55
-60
-45
-39
-26
-16
-22
-20
-13
-23
-22
-23
-28
-30
-47
-60
-62
-69
-83
-88
-90
-78
-76
-82
-80
-68
-51
-42
-28
-9
8
36
54
91
119
146
176
197
220
239
259
277
294
300
298
301
299
284
274
268
252
224
197
169
146
135
118
102
95
85
82
62
54
54
52
39
27
22
11
6
2
-8
-18
-27
-35
-41
-66
-72
-87
-104
-111
-116
-142
-153
-158
-164
-177
-178
-164
-168
-169
-170
-169
-166
-158
-154
-151
-139
-133
-121
-120
-121
-119
-130
-126
-120
-121
-121
-113
-109
-114
-105
-102
-100
-94
-88
-76
-72
-64
-51
-49
-37
-31
-24
-27
-29
-22
-18
-13
-10
-7
2
19
23
28
35
44
42
40
49
51
66
72
78
82
84
95
87
90
99
94
100
94
101
108
98
104
104
114
116
107
104
104
113
110
106
116
122
122
134
138
142
148
144
143
141
131
127
124
116
99
90
75
59
39
30
19
19
9
9
10
2
-1
-12
-13
-21
-27
-42
-48
-49
-57
-54
-58
-64
-77
-76
-77
-87
-92
-85
-84
-75
-82
-83
-74
-73
-70
-62
-68
-78
-73
-78
-78
-68
-68
-76
-79
-82
-91
-99
-103
-108
-119
-126
-129
-132
-132
-130
-131
-135
-130
-126
-129
-113
-104
-94
-80
-87
-85
-73
-72
-66
-52
-35
-26
-27
-15
-6
-3
4
8
9
18
30
32
30
27
29
34
41
52
55
63
71
71
68
63
78
88
92
93
108
107
115
116
120
129
130
140
139
146
153
156
154
156
160
158
147
144
147
142
128
118
110
103
104
106
101
90
78
76
70
58
56
57
53
47
35
23
15
3
-12
-28
-32
-41
-46
-45
-53
-65
-68
-69
-83
-82
-89
-93
-102
-105
-105
-97
-100
-99
-94
-104
-92
-98
-97
-82
-75
-69
-73
-70
-77
-83
-88
-102
-110
-119
-128
-141
-152
-160
-163
-167
-172
-171
-171
-171
-174
-178
-181
-175
-170
-159
-151
-144
-135
-121
-104
-91
-66
-41
-16
1
20
48
80
97
123
145
154
167
181
189
202
203
200
208
207
208
207
194
183
184
171
161
152
143
127
108
92
86
83
82
73
75
84
71
78
84
79
82
82
76
75
77
77
76
71
71
70
65
65
49
49
50
34
22
14
12
3
6
1
-9
-12
-13
-22
-34
-38
-40
-44
-44
-39
-37
-41
-41
-44
-36
-38
-37
-33
-44
-40
-44
-50
-42
-60
-69
-83
-101
-111
-130
-139
-151
-166
-178
-194
-204
-206
-214
-222
-227
-226
-228
-226
-222
-219
-221
-210
-192
-193
-181
-168
-148
-130
-120
-101
-84
-64
-54
-31
-21
-5
11
26
47
53
75
84
89
103
109
115
110
116
118
124
142
141
145
155
148
157
166
168
172
177
179
181
192
201
190
193
190
173
172
163
154
149
144
132
122
121
106
93
102
92
92
88
78
68
56
58
48
43
40
33
32
35
26
14
7
5
2
-14
-14
-10
-13
-18
-19
-27
-37
-40
-41
-45
-57
-53
-48
-52
-56
-65
-69
-80
-84
-84
-97
-105
-115
-123
-130
-136
-134
-128
-137
-136
-140
-146
-143
-143
-137
-131
-116
-105
-99
-98
-99
-89
-89
-88
-76
-68
-66
-68
-62
-65
-71
-66
-67
-67
-77
-76
-74
-78
-76
-72
-68
-67
-65
-55
-43
-25
-18
-7
6
14
23
40
44
59
74
85
94
96
97
99
113
113
122
119
118
120
128
130
121
124
115
115
124
122
125
121
117
121
106
98
89
79
69
63
60
67
65
68
64
57
61
53
40
33
30
30
21
20
21
11
8
8
0
-10
-15
-17
-17
-27
-23
-20
-25
-31
-38
-41
-49
-44
-38
-33
-30
-34
-24
-17
-13
-6
0
6
11
12
14
8
7
15
16
19
13
6
-10
-12
-17
-27
-33
-46
-52
-70
-74
-84
-91
-89
-97
-93
-91
-86
-92
-86
-78
-81
-75
-68
-63
-59
-55
-51
-41
-38
-28
-22
-18
-19
-20
-26
-25
-35
-39
-40
-38
-35
-43
-42
-39
-38
-28
-19
-16
-9
-12
-8
-1
12
24
30
32
39
41
42
44
46
48
43
35
34
30
24
27
21
14
1
-10
-16
-20
-30
-43
-38
-37
-42
-46
-50
-51
-56
-57
-58
-49
-47
-45
-40
-36
-22
-18
-6
12
24
47
61
75
95
117
130
151
166
182
186
205
203
206
213
213
211
199
193
186
177
160
146
137
130
116
106
96
84
74
69
53
39
34
19
11
4
-9
-25
-40
-52
-68
-84
-94
-101
-116
-118
-129
-127
-139
-140
-137
-154
-155
-156
-157
-163
-162
-157
-166
-162
-162
-170
-162
-159
-151
-146
-141
-135
-131
-120
-110
-106
-94
-88
-89
-81
-76
-71
-70
-53
-51
-40
-23
-19
-8
-11
-10
-10
-18
-12
-4
-7
1
4
1
-1
3
8
15
24
33
45
54
53
59
58
54
57
61
67
76
78
79
90
83
89
96
103
116
124
136
151
160
170
176
179
177
180
175
184
190
184
184
183
179
177
167
166
160
147
140
129
128
118
111
95
83
68
47
34
21
10
-15
-26
-45
-63
-80
-99
-105
-124
-138
-143
-150
-159
-172
-175
-177
-186
-182
-183
-183
-181
-181
-183
-181
-186
-183
-188
-189
-185
-196
-193
-196
-193
-208
-199
-191
-202
-196
-195
-190
-179
-175
-168
-151
-146
-133
-117
-110
-93
-76
-63
-49
-37
-11
15
33
48
59
71
88
107
117
133
147
159
174
187
195
206
217
220
214
225
231
233
234
230
234
227
209
204
189
192
180
173
172
159
150
140
132
118
119
110
104
92
88
82
72
65
51
46
32
28
20
17
13
5
-1
-6
-13
-18
-22
-23
-26
-25
-34
-27
-29
-42
-35
-44
-54
-63
-64
-76
-81
-99
-111
-113
-118
-119
-126
-137
-130
-132
-146
-147
-153
-162
-165
-164
-171
-176
-173
-177
-173
-173
-174
-157
-148
-149
-148
-136
-128
-130
-115
-105
-98
-89
-83
-74
-66
-56
-43
-43
-36
-29
-20
-9
3
23
35
39
50
61
64
69
77
75
83
93
98
110
112
114
125
122
132
133
135
128
128
132
119
130
127
121
113
112
108
103
97
101
101
95
90
82
85
86
83
74
72
55
52
53
44
48
40
47
44
45
39
32
41
33
29
19
15
11
7
0
-8
-12
-15
-23
-25
-32
-36
-46
-51
-59
-67
-67
-74
-73
-72
-72
-75
-71
-67
-61
-59
-54
-54
-46
-39
-37
-21
-21
-15
-10
-16
-15
-21
-16
-12
-15
-19
-21
-24
-27
-33
-43
-53
-57
-58
-66
-70
-75
-78
-79
-81
-77
-72
-71
-76
-71
-65
-68
-56
-46
-39
-31
-31
-31
-21
-20
-20
-14
-6
5
12
18
17
16
24
29
32
37
31
31
34
34
31
27
32
24
16
20
22
20
22
18
23
24
29
25
24
30
20
24
28
28
23
28
29
32
39
41
42
49
45
48
46
43
49
38
38
41
45
41
42
44
41
44
41
39
44
50
46
46
46
42
38
35
33
28
25
24
17
13
-2
-8
-11
-17
-18
-13
-11
-12
-13
-19
-14
-23
-28
-28
-27
-23
-21
-26
-20
-20
-21
-25
-34
-30
-26
-22
-25
-27
-32
-35
-34
-44
-49
-51
-54
-51
-44
-45
-40
-43
-42
-33
-33
-39
-39
-32
-32
-29
-17
-26
-36
-38
-39
-35
-40
-34
-30
-33
-36
-30
-33
-21
-22
-17
-12
-14
-1
-2
8
6
11
20
19
23
27
32
31
38
34
32
38
39
36
40
39
39
44
40
38
44
39
33
39
38
34
33
38
38
32
34
33
29
25
29
38
39
39
51
54
51
55
60
57
53
56
59
50
55
50
55
52
47
44
36
27
16
13
1
-7
-11
-21
-30
-34
-46
-59
-60
-73
-72
-77
-86
-82
-86
-85
-81
-85
-81
-84
-83
-86
-90
-80
-79
-77
-68
-58
-58
-50
-49
-51
-46
-40
-35
-42
-39
-39
-40
-35
-39
-38
-29
-26
-24
-23
-20
-18
-15
-17
-13
1
1
-2
6
22
17
17
28
25
33
38
44
43
48
47
48
51
50
49
54
60
59
63
60
61
66
66
68
70
72
72
68
68
77
71
67
63
58
52
54
54
51
48
43
38
43
39
32
36
29
26
32
28
21
13
14
21
8
5
1
-4
-16
-21
-30
-36
-40
-39
-43
-43
-38
-46
-50
-58
-63
-60
-55
-48
-44
-46
-51
-48
-41
-50
-54
-50
-42
-35
-39
-30
-36
-35
-35
-42
-38
-41
-42
-45
-46
-40
-41
-46
-46
-49
-55
-45
-35
-32
-27
-19
-24
-17
-13
-17
-4
-7
-5
-3
1
1
0
-1
4
0
0
7
4
11
10
15
13
14
20
24
31
38
46
39
44
45
45
52
51
62
63
69
74
77
79
76
78
81
86
78
64
60
43
44
38
27
23
11
5
-2
-10
-13
-21
-31
-38
-40
-42
-46
-49
-55
-49
-52
-55
-53
-53
-48
-45
-44
-39
-38
-38
-33
-24
-23
-19
-14
-20
-9
-5
4
12
18
15
13
18
11
11
13
12
17
18
22
13
11
9
2
4
-5
-1
-1
0
-1
-5
-5
-1
-4
-3
-4
3
8
10
12
7
5
-4
-3
-6
-3
2
9
12
15
8
9
1
-2
0
0
-4
-4
2
-4
1
-4
-6
-2
-1
0
2
6
6
9
9
10
6
10
6
7
5
-2
4
5
12
12
9
5
-4
0
4
5
0
-6
-13
-24
-29
-34
-34
-39
-35
-36
-44
-44
-45
-37
-41
-40
-40
-42
-28
-31
-32
-39
-39
-41
-43
-30
-28
-16
-6
4
7
14
23
27
41
46
53
71
76
75
75
82
81
80
84
84
84
77
72
67
61
59
59
45
43
37
27
26
24
18
15
4
-4
-9
-18
-23
-27
-25
-34
-37
-28
-29
-34
-34
-41
-44
-39
-44
-48
-44
-45
-43
-44
-39
-39
-33
-39
-42
-35
-38
-34
-41
-36
-38
-42
-48
-51
-54
-57
-47
-46
-39
-39
-35
-30
-29
-22
-15
-12
-7
-10
-8
0
-5
0
1
2
3
9
10
15
13
14
15
10
12
17
28
28
39
41
40
38
32
28
31
30
35
35
38
45
43
47
47
46
42
37
35
32
34
37
33
34
29
28
28
28
33
36
40
37
35
35
32
28
29
27
33
28
19
20
16
15
17
23
23
21
18
23
14
7
7
-3
-6
-19
-20
-22
-34
-34
-42
-52
-50
-58
-63
-60
-53
-55
-56
-62
-66
-69
-70
-70
-72
-66
-62
-61
-64
-67
-58
-53
-52
-46
-40
-41
-38
-26
-24
-23
-18
-18
-16
-15
-12
2
1
8
15
17
21
30
37
41
49
43
45
45
41
38
40
33
35
39
29
29
23
26
23
23
29
19
23
26
19
12
7
0
-4
-5
1
1
-3
-5
-4
-7
-12
-11
-6
-5
-3
-2
-8
-6
-1
2
4
-4
-2
-5
-5
1
5
8
2
7
10
10
5
13
15
15
20
21
21
20
24
19
19
22
21
20
18
15
12
17
10
8
2
-2
-3
1
-5
-17
-22
-27
-35
-35
-37
-43
-39
-39
-36
-43
-44
-45
-43
-44
-41
-28
-26
-18
-11
-3
0
7
16
21
33
38
39
38
47
50
46
44
42
37
31
26
26
27
26
24
21
22
22
19
20
20
24
26
23
20
21
10
9
11
4
4
-1
-2
1
4
8
4
-5
-11
-13
-19
-20
-17
-17
-25
-24
-28
-34
-40
-45
-45
-53
-58
-60
-66
-71
-69
-71
-71
-69
-66
-67
-63
-66
-66
-60
-59
-53
-56
-58
-53
-44
-30
-27
-16
-8
-5
0
11
18
15
21
25
22
23
31
34
39
46
51
54
57
60
70
74
77
83
81
80
81
76
72
73
77
71
71
74
68
57
58
49
47
41
39
41
34
37
36
26
24
23
12
10
13
3
-1
1
-3
0
-4
0
2
0
0
0
-2
-5
-13
-17
-23
-21
-25
-29
-26
-31
-36
-35
-39
-43
-44
-48
-48
-57
-51
-58
-58
-59
-65
-61
-61
-67
-60
-62
-61
-53
-58
-52
-53
-58
-60
-64
-55
-55
-46
-43
-42
-36
-41
-34
-31
-22
-23
-21
-15
-22
-26
-22
-15
-10
-6
-2
3
8
5
11
13
20
24
28
30
43
52
56
68
69
69
74
77
73
79
81
86
83
88
87
80
79
79
69
71
72
73
72
67
63
53
46
44
47
40
38
35
33
23
25
17
10
8
-3
-4
-9
-10
-17
-25
-24
-26
-32
-43
-44
-49
-57
-58
-62
-65
-66
-67
-70
-72
-73
-71
-72
-70
-69
-70
-69
-60
-56
-54
-49
-43
-37
-34
-38
-40
-34
-34
-26
-26
-23
-14
-13
-14
-10
-6
-11
-12
-9
-4
-5
0
5
8
5
4
10
14
5
6
8
2
3
9
4
7
5
0
6
0
6
0
8
12
8
10
6
10
15
16
16
15
16
14
12
19
21
29
31
39
38
40
48
47
50
52
58
60
70
72
71
76
70
74
76
75
75
71
66
63
58
55
50
44
45
47
41
42
37
24
16
4
-2
-9
-12
-14
-22
-28
-32
-34
-43
-47
-53
-53
-59
-63
-60
-66
-71
-69
-64
-70
-65
-59
-60
-64
-65
-67
-68
-62
-67
-69
-60
-56
-58
-51
-45
-45
-38
-38
-37
-30
-30
-20
-22
-25
-19
-23
-18
-17
-9
-5
0
2
3
-1
3
8
0
6
7
11
16
11
22
20
13
17
20
22
28
23
24
21
27
29
30
29
26
24
27
28
23
25
23
23
23
25
29
26
27
26
23
21
21
24
22
20
24
27
25
26
24
27
28
32
34
31
33
37
31
27
34
35
29
29
25
19
16
13
13
6
7
10
3
-1
-5
-10
-21
-22
-29
-34
-36
-42
-38
-41
-42
-42
-44
-50
-41
-52
-49
-42
-51
-43
-43
-41
-38
-42
-38
-36
-39
-28
-28
-26
-24
-18
-11
-14
-12
-6
-3
-2
2
3
2
5
8
6
7
16
16
16
21
23
17
17
17
17
17
12
14
13
18
13
14
13
9
5
2
5
6
3
9
6
5
8
11
7
7
7
2
8
4
8
12
16
18
20
22
21
22
14
15
17
17
18
19
19
16
21
24
22
19
19
17
7
6
4
3
-1
-9
-5
-4
-1
-5
-2
-2
1
-2
-7
-7
-7
-11
-16
-11
-13
-15
-19
-22
-27
-30
-29
-28
-31
-30
-33
-33
-35
-30
-30
-27
-25
-25
-20
-21
-19
-22
-23
-18
-14
-16
-14
-15
-17
-18
-16
-7
-4
-6
1
3
5
8
8
8
5
9
6
11
4
5
0
2
0
-5
-4
-10
-1
-2
-2
2
12
9
14
19
22
22
27
34
32
33
34
34
28
26
31
31
30
31
34
28
28
28
28
29
27
29
26
26
23
22
25
25
25
25
17
15
16
9
7
9
5
7
4
2
1
-6
-6
-7
-7
-8
-9
-13
-19
-22
-20
-28
-30
-24
-29
-26
-23
-20
-23
-24
-20
-22
-17
-17
-17
-12
-13
-11
-11
-7
-7
-9
-7
-6
-4
-6
-4
0
0
-3
0
-6
-6
-6
-7
-1
-4
-1
-2
-6
-8
-12
-7
-10
-8
-4
-13
-13
-13
-15
-16
-17
-15
-16
-16
-17
-21
-25
-21
-24
-24
-22
-22
-20
-21
-22
-24
-18
-10
-11
-12
-8
-3
-2
-6
-1
-2
-2
4
4
2
5
6
7
3
6
5
8
12
8
16
14
13
20
22
20
24
27
19
18
18
17
19
14
12
9
7
8
6
7
9
3
5
6
8
11
11
15
17
17
18
22
22
20
16
21
15
14
16
14
18
14
14
15
20
16
17
16
15
15
14
13
15
16
9
10
19
18
14
17
12
15
12
9
8
3
0
-4
-6
-10
-8
-10
-15
-14
-19
-25
-21
-25
-27
-25
-28
-25
-29
-28
-26
-22
-18
-18
-14
-9
-17
-13
-9
-12
-9
-7
-5
-5
-7
-11
-9
-10
-11
-12
-4
-6
-4
-5
-5
-4
-6
-4
-2
1
0
-5
1
3
-1
2
-4
-3
-5
-9
-11
-9
-11
-16
-17
-15
-19
-24
-24
-26
-29
-24
-21
-23
-20
-22
-27
-25
-21
-25
-18
-14
-10
-9
-7
-7
-10
-3
-2
5
7
9
10
13
12
11
20
17
18
25
25
24
30
33
33
29
31
36
37
40
40
41
43
39
44
44
43
44
43
42
42
38
40
37
34
31
35
29
21
21
19
14
9
11
6
6
2
0
-3
-4
-7
-6
-9
-10
-11
-18
-21
-23
-25
-29
-28
-33
-33
-35
-35
-36
-39
-37
-40
-34
-32
-30
-28
-30
-27
-26
-28
-26
-24
-23
-23
-21
-14
-14
-16
-11
-9
-7
-6
-4
0
4
3
7
11
10
11
9
11
11
12
13
11
5
3
0
1
0
-3
-7
-5
-2
-5
-7
-6
-10
-10
-12
-16
-10
-6
-9
-9
-6
-6
-5
-5
-1
0
-4
4
3
3
5
1
0
1
0
0
3
6
5
6
4
0
0
-3
-2
3
1
3
5
5
5
7
6
5
7
9
12
17
20
20
22
24
23
23
24
26
26
25
28
24
21
17
13
12
11
9
7
8
5
0
-3
0
-1
-3
0
4
3
3
5
4
3
0
-2
-8
-9
-4
-10
-7
-8
-11
-12
-18
-19
-23
-21
-22
-21
-23
-19
-21
-20
-14
-17
-17
-20
-16
-18
-16
-14
-13
-11
-10
-9
-8
-2
-4
-2
1
-2
-4
-3
0
2
3
8
7
6
10
11
8
5
3
4
1
-3
1
4
6
4
6
8
7
6
6
8
9
15
14
17
18
18
15
16
17
13
16
15
12
13
6
7
7
5
7
4
2
0
0
-1
2
-3
-4
-9
-9
-8
-7
-8
-12
-9
-14
-13
-11
-11
-13
-10
-10
-9
-9
-8
-5
-8
-8
-5
-5
-7
-5
-8
-5
-7
-8
-5
-10
-9
-9
-10
-7
-7
-6
-2
-1
0
-2
-1
-2
-1
5
4
4
4
4
5
6
8
11
11
9
10
10
10
10
8
7
8
10
12
7
10
10
8
6
6
8
8
10
10
9
9
8
6
1
3
-1
0
1
3
-1
-3
-3
-4
-2
-1
-1
-5
-5
-5
-7
-6
-5
-10
-9
-11
-10
-9
-7
-5
-8
-7
-7
-8
-7
-4
-3
-8
-6
-8
-10
-7
-7
-7
-5
-4
-2
-6
-6
-3
-2
1
5
5
2
5
5
4
2
5
3
1
2
2
5
4
4
8
9
5
4
6
8
9
6
6
6
5
3
2
4
-2
-4
-5
-6
-4
-5
-3
-2
-4
-6
-3
-2
-1
1
3
3
2
0
2
-1
-2
-1
1
0
2
4
1
2
1
2
2
2
1
2
1
0
2
0
-1
-4
-4
-7
-5
-3
-3
-5
-6
-1
-1
-2
-3
1
1
-3
-1
-2
-2
-2
-4
-2
3
2
3
5
9
8
7
9
9
10
10
8
5
6
5
5
4
4
3
2
4
2
1
1
0
1
2
1
4
5
2
1
1
1
-1
0
0
-2
-1
-2
0
0
0
-2
-1
-3
-3
-4
-8
-8
-9
-13
-11
-11
-12
-11
-10
-11
-9
-10
-11
-12
-13
-13
-14
-13
-14
-11
-9
-13
-12
-8
-9
-9
-6
-4
-6
-3
0
0
-2
-2
0
-1
-3
-3
-1
0
2
4
4
4
5
5
4
3
3
6
6
10
9
7
11
9
8
10
8
8
7
8
6
6
9
6
10
11
11
12
14
12
10
11
11
11
11
12
11
13
12
13
15
13
11
10
11
11
12
12
9
7
5
3
3
-1
-3
-6
-7
-7
-7
-6
-7
-6
-6
-7
-7
-7
-6
-5
0
-2
-1
1
0
0
-1
-2
-3
-2
-2
-2
-3
-3
-6
-5
-7
-8
-6
-6
-9
-9
-9
-10
-9
-10
-9
-8
-9
-7
-8
-6
-7
-7
-7
-4
-4
-5
-2
-3
-4
-2
-1
-4
-4
-4
-5
-3
-3
-1
-3
-4
-5
-6
-7
-7
-6
-6
-4
-3
-2
-1
0
0
0
-1
0
1
3
3
2
1
0
0
-1
-2
2
3
4
0
3
3
-1
0
2
-1
-1
-2
2
3
3
5
4
3
2
4
2
2
4
2
6
5
3
6
4
3
5
6
5
6
4
3
2
5
6
4
6
6
3
4
2
1
-1
-1
-1
0
-2
-2
0
-1
1
0
-2
0
0
2
1
3
3
4
6
4
2
0
0
2
0
-1
2
1
2
2
3
3
2
4
5
4
5
7
8
9
7
6
5
5
7
8
6
7
6
4
4
3
0
1
1
-1
-4
-4
-5
-5
-4
-6
-3
-5
-6
-8
-8
-10
-10
-14
-14
-14
-14
-13
-14
-12
-13
-13
-11
-12
-12
-11
-12
-10
-11
-11
-13
-11
-11
-12
-11
-11
-11
-10
-10
-8
-6
-7
-7
-6
-4
-5
-4
-4
-2
-1
0
-1
-1
0
-1
1
2
4
6
8
8
11
9
11
14
13
15
14
15
14
15
15
14
12
12
12
14
12
14
17
14
15
15
15
14
14
13
11
12
11
10
8
8
8
10
8
9
11
8
8
10
10
11
11
9
8
7
6
6
3
2
1
-3
-4
-5
-6
-7
-8
-9
-11
-11
-14
-14
-14
-15
-17
-17
-15
-15
-14
-13
-13
-14
-14
-15
-15
-15
-14
-16
-17
-15
-14
-14
-14
-13
-15
-12
-10
-9
-7
-5
-2
-2
0
-1
-3
-3
-1
-2
-1
-1
0
0
-1
-1
-2
2
2
3
4
7
9
8
11
9
10
10
12
12
12
11
11
10
9
8
8
8
7
5
8
9
10
10
11
8
7
6
4
5
2
1
0
0
-2
-2
-3
-6
-4
-3
-3
-1
0
3
4
2
2
2
1
2
2
1
1
2
2
2
1
1
0
1
-1
-1
-2
-3
-6
-4
-5
-7
-8
-8
-7
-8
-7
-10
-8
-10
-10
-9
-11
-10
-10
-9
-11
-11
-12
-12
-10
-11
-12
-9
-9
-5
-6
-5
-3
-2
0
-2
-1
-1
3
4
3
5
6
5
8
9
8
9
7
8
6
4
7
10
10
10
10
9
10
8
10
8
8
8
5
7
6
5
6
6
7
4
5
8
8
7
7
7
5
4
5
2
1
-1
-1
-3
-2
-3
-1
-2
-3
-2
-4
-4
-3
-5
-4
-4
-5
-4
-7
-6
-5
-6
-5
-4
-3
-3
-2
-1
-1
-1
1
-2
-1
-2
-3
-2
-5
-3
-5
-4
-4
-5
-4
-5
-4
-5
-5
-4
-3
-1
-2
-3
-2
-1
-1
0
0
1
2
2
4
5
5
2
2
1
1
2
4
5
3
5
3
2
2
2
2
2
2
2
2
4
5
4
6
6
6
8
6
6
6
5
5
3
2
0
-3
-3
-5
-2
-3
-4
-2
-3
-2
-2
-4
-4
-5
-5
-5
-6
-7
-6
-8
-9
-8
-6
-7
-6
-6
-6
-6
-8
-9
-5
-7
-7
-5
-7
-8
-9
-9
-8
-8
-6
-6
-4
-2
-3
-2
-2
-2
0
1
5
4
5
5
3
5
6
7
9
9
9
10
8
9
11
10
12
11
11
12
14
14
12
10
10
9
8
8
7
8
7
10
10
8
8
7
5
6
4
5
6
8
7
6
7
5
4
4
2
1
2
0
1
0
-2
-1
-1
-2
-4
-6
-4
-5
-5
-5
-5
-6
-7
-6
-6
-6
-9
-8
-9
-9
-10
-12
-11
-14
-13
-14
-15
-16
-16
-16
-15
-16
-17
-17
-16
-17
-15
-16
-18
-14
-13
-12
-11
-8
-8
-7
-9
-8
-7
-7
-5
-4
-3
-3
-2
-1
1
1
0
0
1
5
2
6
9
7
9
7
10
10
8
7
9
9
9
10
10
11
11
11
10
13
12
12
15
13
16
17
16
16
15
13
12
12
9
11
11
9
10
8
6
4
4
3
2
1
1
-2
-3
-1
-1
-2
-4
-2
-2
-2
-1
-1
-2
-1
-4
-3
-4
-4
-4
-5
-4
-4
-5
-3
-2
0
-2
-2
-2
0
1
-1
-1
0
-2
0
0
0
0
-1
-3
-5
-6
-4
-6
-7
-6
-6
-4
-6
-9
-7
-6
-8
-7
-8
-6
-9
-7
-7
-8
-6
-4
-5
-3
-2
0
1
1
1
3
5
6
6
6
5
7
5
7
6
5
8
7
8
8
10
8
8
10
7
8
7
7
5
5
5
3
2
2
0
0
1
-1
0
0
1
1
1
0
-3
-3
-5
-5
-5
-5
-7
-3
-4
-7
-7
-6
-7
-8
-8
-9
-10
-12
-11
-12
-13
-13
-13
-12
-12
-12
-11
-10
-8
-8
-8
-6
-7
-6
-6
-6
-5
-5
-5
-5
-3
-3
-1
-1
0
1
0
2
2
3
4
5
3
5
6
6
9
10
10
10
12
12
11
12
12
12
11
10
10
10
10
11
10
10
8
10
11
9
7
10
9
10
6
7
6
4
5
5
7
5
6
5
7
6
5
4
3
6
5
4
3
6
3
3
1
2
2
2
2
0
0
2
3
2
-1
0
-5
-5
-7
-8
-10
-10
-11
-11
-9
-13
-9
-11
-10
-10
-11
-10
-12
-11
-12
-11
-13
-12
-9
-10
-9
-8
-7
-7
-6
-3
-4
-4
-1
-3
-1
-1
0
1
0
0
1
1
0
-1
-1
0
-1
0
1
3
0
