5
5
5
4
3
3
2
1
1
2
0
-1
-1
0
-1
-1
0
-1
-2
-2
-2
-3
-2
0
-1
0
1
1
3
3
2
1
0
-1
-2
-1
-2
-3
-1
0
1
1
0
-1
-2
-1
0
-1
0
1
1
1
1
2
-1
-1
1
0
-1
0
-1
-2
0
-2
-3
-1
-1
0
1
1
1
0
-2
-1
-2
-1
-1
-3
-3
-2
-2
-2
-3
-3
-3
-2
-2
-4
-3
-4
-5
-3
-3
-1
-1
0
0
0
2
2
1
1
2
1
1
2
2
3
3
3
4
2
5
3
4
4
4
5
3
3
3
3
5
5
4
4
2
1
1
1
0
-1
1
1
1
3
2
1
3
1
2
1
-1
-1
-1
0
-2
-2
-3
-5
-4
-5
-5
-3
-3
-4
-3
-4
-4
-4
-5
-4
-3
-2
0
0
1
1
1
0
-1
-2
-1
-2
-1
0
0
-1
1
2
3
2
0
-1
-1
-1
0
0
0
0
1
0
0
0
-1
-1
-1
0
1
1
1
1
0
-1
0
0
0
0
1
0
0
0
-1
-1
0
0
0
-2
0
-1
-3
-2
-2
-3
-3
-3
-2
-3
-3
-3
-1
-1
-2
-1
0
-1
-1
-1
0
-1
-1
-1
-1
0
-1
0
0
1
2
3
3
4
4
4
5
7
7
6
6
5
3
6
7
7
7
6
7
6
4
3
3
1
2
2
3
1
0
-2
-2
-2
-3
-3
-3
-2
-3
-1
-2
-2
-1
-1
-3
-3
-3
-4
-5
-6
-5
-5
-5
-4
-4
-3
-4
-5
-5
-5
-4
-5
-3
-3
0
-1
-1
-1
-2
-2
-3
-1
-2
0
2
2
3
3
2
0
0
-1
0
0
1
2
2
0
0
0
1
2
3
3
3
2
3
2
3
3
4
4
4
4
3
3
5
5
3
3
3
0
-1
0
1
0
-1
0
1
1
3
4
4
2
1
1
1
0
1
0
0
-1
-1
-1
-2
-2
-2
-2
-4
-4
-4
-2
-1
0
2
1
-1
-1
-2
-2
-3
-2
-2
-2
-2
-1
-2
-1
-2
-2
-2
-2
-2
-2
-1
-2
0
2
2
-1
-1
-3
-3
-1
0
1
1
2
0
0
-1
-1
-2
-3
-2
-1
0
-1
-1
-1
-1
-1
0
-1
-1
-1
-1
0
0
0
0
-1
0
-1
1
1
0
1
2
2
5
4
2
1
1
1
0
2
2
2
1
0
1
0
-1
1
0
0
0
0
0
1
2
2
3
1
1
3
2
3
4
3
1
1
1
-3
-3
-2
-1
-1
0
1
1
1
1
1
1
1
2
2
2
2
1
1
0
-1
-1
-1
-2
0
-1
0
0
0
1
0
0
0
0
-2
-3
-2
-4
-5
-6
-6
-4
-4
-2
-1
-1
-1
0
0
0
2
0
0
0
1
-1
0
-1
-2
-1
0
0
1
1
1
2
1
-1
0
-1
0
1
2
2
2
2
1
2
2
2
2
2
1
2
1
-1
-2
-1
0
-1
0
0
-1
-3
-3
-2
-1
0
-1
0
0
0
-2
-2
-5
-4
-4
-3
-2
-2
-1
-1
0
-2
-3
-2
-2
-1
1
2
4
5
2
2
1
-1
-2
-1
-1
0
1
1
3
5
3
4
3
2
1
2
2
2
4
6
5
4
5
4
4
4
4
2
2
0
-2
-3
-1
-3
-1
-1
-1
-2
-1
0
0
-1
-1
-2
-1
-2
0
-1
-1
1
-1
-1
-2
-4
-2
-2
-1
0
1
1
0
0
0
-2
-1
-1
1
0
1
2
3
3
1
2
2
1
2
0
0
-1
-1
-1
-2
-1
-1
-3
-2
-2
-1
-1
0
0
0
2
0
-2
-3
-4
-3
-3
-2
-1
0
0
0
1
0
-2
-1
-1
0
0
1
2
2
3
0
-1
-1
-1
-2
-2
-2
1
2
1
4
3
2
1
-1
0
0
0
2
4
4
3
2
1
0
-1
-1
0
1
2
2
4
5
4
2
2
1
2
2
2
3
5
5
3
3
0
-1
-1
-1
0
-1
-2
-3
-4
-4
-4
-3
-3
-3
-3
-2
-2
-3
-3
-4
-5
-3
-4
-3
-3
-3
-3
-3
-3
-2
-2
-2
-1
-1
-2
-3
-3
-4
-4
-3
-2
-3
-4
-2
-3
-4
-3
-2
-1
-1
1
3
1
1
1
0
-1
-1
0
1
2
3
4
4
4
3
2
3
3
3
2
2
3
3
4
3
4
4
4
3
3
3
5
5
4
2
2
1
2
2
3
3
2
2
2
2
1
1
0
0
0
0
0
1
-1
-1
-2
-2
-2
-2
-3
-3
-3
-3
-2
-1
-2
0
0
-1
-1
1
0
0
0
-2
-2
-3
-5
-4
-2
-3
-1
0
-1
-2
-2
-1
-3
-2
-1
-1
1
2
2
2
2
2
2
0
0
0
0
0
2
1
1
0
-1
-3
-5
-2
-2
-2
-1
0
0
1
0
0
-1
-2
-2
-1
0
1
2
0
1
0
-2
-2
-1
-1
-1
-1
0
1
0
1
0
0
1
1
1
2
1
1
1
0
-1
-1
-1
0
0
0
1
1
1
0
1
2
2
1
0
1
1
0
0
1
1
0
0
0
1
0
1
1
1
2
3
2
1
0
1
2
2
4
3
2
2
2
2
2
1
1
1
1
4
2
2
2
2
1
1
0
-1
0
1
1
2
1
0
0
-1
-1
0
-1
1
1
1
0
0
0
-1
-2
-2
-3
-2
-2
-1
-1
-1
-1
-3
-3
-3
-4
-4
-3
-3
-3
-2
-1
-2
0
-1
-1
-1
0
-1
-1
-1
-2
-1
-2
-2
-2
-3
-1
-2
-1
0
0
-1
-1
0
0
0
0
0
0
0
0
-2
-4
-3
-3
-3
-3
-1
-1
-1
-1
1
0
-1
-1
-1
-1
-2
-3
-1
-1
0
-1
-2
-2
-3
-2
-2
-1
0
0
1
1
1
0
1
0
0
1
1
2
2
3
4
3
3
3
4
4
4
4
5
6
6
5
4
4
2
5
3
4
5
5
6
6
5
5
4
3
3
2
2
2
2
2
2
0
0
0
-1
-1
0
0
1
1
-1
-2
-1
-1
-2
-3
-5
-5
-4
-4
-4
-4
-5
-5
-5
-4
-4
-4
-2
-3
-2
-2
-2
-2
-1
-1
-3
-3
-3
-3
-3
-3
-2
0
0
-1
-1
0
0
0
1
2
1
1
0
0
2
1
2
1
1
2
2
2
3
3
2
2
0
0
0
-1
-1
-2
-1
-1
-1
-1
-1
-1
-1
1
0
-1
0
0
-1
-3
-3
-3
-2
-2
-2
-2
-2
-3
-2
-1
-1
0
1
2
2
2
1
1
0
-1
-1
-1
1
3
3
4
3
2
2
1
0
0
2
4
4
3
3
2
3
1
1
2
1
2
3
2
4
3
3
3
2
3
2
2
3
3
3
4
1
0
0
-1
-1
-1
-2
-3
-2
-4
-3
-2
-1
-3
-4
-3
-5
-3
-3
-4
-3
-2
-3
-2
-3
-2
-3
-3
-2
-3
-4
-4
-4
-5
-4
-3
-2
-2
-2
-1
-2
1
-1
0
0
0
0
1
0
1
0
2
1
1
1
0
1
1
0
1
1
2
3
2
2
1
1
1
2
1
3
3
4
4
3
3
1
2
3
3
3
3
2
2
2
3
3
3
2
0
-1
-1
-1
-1
-1
-3
-1
-3
-3
-3
-4
-5
-5
-3
-2
-3
-2
-2
-2
-2
-1
-2
-2
-1
2
1
2
2
0
-1
0
1
-1
0
1
1
2
0
1
1
0
0
1
2
2
3
2
1
1
2
2
1
0
0
0
1
1
1
1
3
3
5
3
3
3
2
3
0
-2
-1
-2
-2
-1
-2
-2
-4
-4
-3
-3
-2
-3
-1
-1
-1
1
0
0
-2
-3
-4
-3
-2
-3
-3
-3
-3
-2
-3
-3
-3
-4
-2
-2
-1
-1
-1
-1
-1
0
1
1
1
1
2
1
1
0
1
0
1
1
0
1
-1
0
-1
1
0
0
1
1
3
2
2
2
2
3
4
4
4
5
5
3
3
1
2
3
3
4
3
4
2
2
1
1
0
0
2
3
1
0
-1
-1
-2
-1
0
1
0
-1
-1
-1
0
0
-1
-1
-2
-4
-4
-4
-4
-5
-5
-5
-5
-5
-5
-4
-4
-3
-3
-3
-3
-1
0
0
0
-1
0
-1
-1
-1
0
1
0
0
0
2
4
3
3
3
3
2
3
3
2
3
4
4
3
2
1
0
-1
0
1
2
1
0
0
1
1
1
1
0
-2
-2
0
0
0
-1
0
-2
-1
0
-2
-1
1
1
1
1
0
0
-3
-2
-2
0
0
-1
-1
0
0
0
0
0
1
1
0
2
2
1
3
2
2
1
2
0
-1
0
0
1
1
1
3
3
4
2
1
0
-1
1
2
3
1
2
1
0
1
-2
-1
0
-1
-1
0
-1
-1
-3
-3
-3
-2
-3
-3
-1
-3
-3
-2
-2
-1
-3
-5
-5
-4
-3
-2
0
0
-1
-2
-3
-3
-3
-3
-3
-2
0
-1
0
0
0
0
-1
-2
-2
-1
0
1
2
2
2
0
-1
-1
-1
-1
0
1
1
1
2
2
1
1
0
1
3
4
6
4
5
4
4
3
4
4
6
6
6
5
5
5
3
3
0
0
0
-1
-2
-2
-1
0
1
1
-1
-2
-1
-3
-3
-3
-1
0
-1
0
-1
-1
-1
-3
-3
-3
-3
-1
-3
-3
-3
-3
-4
-4
-4
-3
-2
-3
-2
-2
-1
-2
-1
1
0
0
0
1
-1
0
1
1
1
0
1
1
0
1
1
1
1
1
2
1
1
2
2
3
5
4
4
4
4
1
1
2
2
3
2
2
1
0
0
-1
0
0
-2
-3
-4
-5
-4
-4
-2
-3
-2
-1
-2
-3
-2
-4
-3
-4
-4
-4
-3
-3
-3
-2
-2
-3
-4
-3
-1
0
-1
-1
0
0
-1
-1
1
1
0
-1
-1
-1
-1
1
1
0
1
2
1
3
2
3
2
2
2
1
1
2
2
4
5
4
4
4
5
2
2
1
1
1
2
2
2
2
3
3
3
2
3
4
3
3
3
4
4
3
4
3
3
2
0
1
2
4
5
3
2
0
-2
-3
-2
0
1
0
-1
-2
-1
-3
-4
-4
-3
-4
-5
-5
-4
-3
-4
-6
-5
-6
-5
-5
-6
-5
-5
-3
-3
-3
-3
-5
-2
-1
-2
-1
0
0
1
1
0
0
-2
-3
-3
-1
-1
0
0
0
0
-1
-1
-2
-3
-4
-4
-3
-2
-2
-2
-1
0
1
2
2
-1
0
1
3
5
5
4
4
2
1
2
3
2
3
4
4
3
0
0
-2
-2
-3
0
0
-2
-2
-2
-1
0
2
3
4
5
2
0
-1
-3
-2
0
1
3
4
4
3
1
-1
-2
-2
-2
-1
1
3
2
1
1
0
-2
-3
-3
0
1
2
2
4
5
5
4
2
2
1
0
1
-1
1
1
0
-1
0
-1
-1
0
1
0
0
2
1
1
2
1
0
-1
-3
-3
-4
-3
1
1
3
2
3
0
-3
-2
-2
-1
1
1
1
0
-2
-3
-6
-7
-5
-6
-2
-2
-1
-1
-4
-2
-1
-1
1
0
1
2
2
1
2
0
1
1
-1
-2
0
1
3
2
2
1
0
-1
-3
-3
-4
-3
-3
-2
-3
-2
-1
0
0
0
-1
-2
-4
-3
-3
-2
-2
1
0
0
-1
-1
0
1
1
-1
0
1
2
1
0
-1
2
3
2
2
0
-3
-1
-1
0
1
2
3
3
4
3
4
5
5
3
4
4
3
2
2
1
0
1
1
1
2
2
3
2
1
0
0
1
3
6
5
6
8
7
9
8
7
5
3
4
2
0
-4
-3
-6
-4
-6
-4
-5
-5
-6
-6
-14
-39
-60
-72
-39
2
26
29
13
9
19
17
3
-20
-30
-16
13
25
30
21
29
44
44
43
17
8
7
21
31
23
6
-11
-16
-13
-14
-21
-20
-13
-13
-16
-24
-18
-15
-14
-13
-14
-12
-14
-16
-24
-29
-26
-13
-5
6
9
20
34
46
43
32
31
23
17
7
0
-7
-17
-25
-20
-14
-22
-30
-26
-13
-14
-20
-30
-41
-48
-49
-38
-26
-16
-7
-1
1
-11
-17
-15
-12
-10
2
12
20
22
25
30
28
30
23
28
30
37
41
44
43
35
28
21
15
13
14
14
8
-1
-3
-3
-4
5
8
10
10
4
7
15
20
24
25
29
33
24
18
18
18
17
21
19
8
-1
-1
-8
-13
-16
-20
-29
-34
-40
-47
-49
-41
-36
-38
-36
-35
-30
-31
-30
-31
-31
-36
-25
-24
-13
-11
-8
-5
-11
-12
-18
-19
-20
-20
-18
-21
-24
-25
-19
-16
-13
-9
1
6
14
20
23
26
22
28
29
30
34
43
48
53
57
60
57
47
39
29
22
21
22
23
24
25
27
23
12
6
3
-5
-5
-4
-4
-2
0
11
17
17
14
5
6
5
7
4
3
2
1
1
-9
-19
-28
-35
-35
-36
-45
-44
-44
-44
-46
-46
-46
-47
-52
-52
-56
-60
-64
-58
-55
-60
-66
-85
-91
-110
-108
-110
-116
-117
-112
-97
-86
-71
-61
-55
-51
-40
-14
5
32
55
87
127
166
201
223
239
253
266
270
271
264
251
235
217
202
190
161
124
93
63
42
23
0
-21
-44
-58
-66
-67
-65
-62
-54
-44
-34
-24
-21
-26
-18
2
27
44
51
63
76
97
104
100
81
62
44
22
0
-28
-48
-75
-107
-126
-148
-159
-174
-196
-229
-251
-261
-283
-311
-370
-427
-458
-454
-402
-380
-366
-354
-336
-319
-330
-336
-328
-275
-227
-175
-139
-40
80
189
278
326
384
450
509
552
567
590
600
611
593
567
539
509
450
372
275
190
122
64
15
-23
-40
-76
-100
-175
-144
-207
-156
-189
-183
-178
-180
-156
-145
-60
-16
81
110
165
230
250
353
363
426
438
443
483
470
487
436
439
390
357
271
174
85
-32
-98
-181
-277
-355
-439
-474
-519
-532
-564
-557
-591
-583
-591
-576
-542
-516
-483
-426
-353
-252
-167
-94
-32
-19
-39
-50
-100
-157
-250
-394
-431
-457
-424
-440
-489
-534
-569
-637
-715
-759
-788
-732
-646
-547
-394
-190
63
302
517
691
927
1097
1228
1306
1319
1384
1385
1366
1288
1173
1086
1000
871
664
463
267
114
-32
-173
-270
-320
-412
-458
-513
-576
-528
-633
-571
-595
-568
-440
-420
-343
-264
-138
-14
158
255
413
549
585
726
793
882
937
958
988
990
960
901
857
726
616
459
273
102
-78
-212
-365
-487
-578
-660
-732
-797
-835
-842
-856
-868
-861
-846
-805
-748
-713
-640
-569
-500
-417
-348
-284
-233
-238
-311
-398
-523
-600
-616
-605
-586
-598
-603
-554
-577
-633
-705
-745
-736
-704
-677
-578
-403
-190
58
315
563
825
1033
1220
1340
1404
1464
1479
1427
1341
1240
1137
1055
950
833
694
559
423
277
121
-25
-91
-276
-339
-484
-514
-563
-606
-544
-543
-455
-467
-374
-335
-254
-240
-152
-56
21
168
234
352
447
521
635
643
712
690
747
703
680
662
616
591
497
427
312
169
24
-119
-208
-311
-368
-435
-458
-499
-505
-533
-565
-580
-579
-549
-573
-566
-548
-487
-464
-387
-347
-332
-352
-376
-427
-475
-596
-691
-750
-750
-768
-820
-835
-816
-789
-819
-839
-851
-809
-737
-690
-614
-514
-335
-99
134
372
622
894
1135
1334
1440
1530
1592
1594
1524
1405
1269
1146
1033
885
745
613
508
400
256
153
53
-11
-144
-232
-373
-443
-539
-599
-619
-630
-555
-563
-463
-430
-306
-222
-135
-69
-25
53
97
160
228
300
401
456
574
621
716
703
705
693
663
619
508
421
309
224
120
-6
-105
-187
-252
-340
-402
-438
-458
-483
-501
-532
-592
-622
-649
-642
-643
-635
-611
-567
-519
-453
-420
-387
-417
-445
-523
-584
-687
-721
-756
-744
-764
-768
-773
-770
-756
-752
-702
-659
-582
-506
-404
-269
-94
125
363
579
821
1030
1256
1405
1540
1626
1666
1672
1602
1476
1345
1193
1050
857
676
512
387
277
169
94
-7
-57
-149
-221
-313
-425
-475
-539
-578
-635
-617
-611
-576
-493
-435
-302
-223
-113
-35
20
102
142
187
177
212
241
296
347
366
443
455
456
446
420
398
341
258
170
65
-21
-85
-174
-245
-319
-358
-360
-374
-379
-388
-404
-432
-450
-468
-520
-547
-563
-548
-525
-478
-458
-429
-424
-407
-454
-514
-572
-605
-627
-662
-687
-713
-701
-743
-747
-757
-695
-598
-505
-419
-288
-133
67
252
441
618
831
1033
1183
1316
1432
1543
1622
1623
1567
1485
1385
1281
1095
913
698
504
329
158
17
-97
-150
-201
-286
-298
-398
-391
-494
-539
-589
-679
-666
-727
-724
-700
-595
-544
-427
-334
-231
-101
-44
73
154
221
274
276
321
327
378
367
382
374
354
371
312
284
237
181
119
10
-64
-179
-243
-315
-335
-343
-375
-347
-348
-308
-278
-253
-248
-227
-202
-184
-183
-201
-191
-183
-174
-206
-266
-333
-415
-455
-472
-504
-506
-551
-537
-583
-636
-681
-698
-676
-653
-614
-559
-427
-275
-76
116
284
460
650
840
987
1107
1206
1307
1384
1366
1326
1229
1146
1031
876
705
538
398
251
143
18
-52
-116
-184
-210
-298
-303
-331
-357
-371
-398
-404
-400
-389
-396
-364
-314
-241
-158
-73
2
71
143
185
222
255
272
301
294
291
260
244
225
187
160
112
79
48
-2
-82
-166
-232
-286
-363
-412
-449
-459
-487
-513
-505
-460
-425
-420
-400
-372
-339
-284
-276
-230
-187
-168
-142
-153
-150
-199
-257
-352
-425
-479
-505
-520
-562
-562
-580
-599
-613
-612
-567
-524
-461
-423
-318
-211
-44
141
311
520
691
889
1061
1237
1391
1492
1544
1539
1497
1441
1365
1229
1053
882
702
575
437
295
182
73
24
-61
-102
-147
-178
-202
-262
-296
-360
-394
-456
-508
-564
-566
-539
-515
-461
-398
-306
-213
-150
-81
-36
14
26
41
40
28
32
5
-11
-40
-46
-55
-68
-66
-67
-85
-124
-164
-202
-250
-274
-303
-325
-341
-351
-346
-320
-288
-256
-225
-201
-174
-155
-127
-93
-51
1
7
7
-18
-72
-161
-271
-364
-447
-521
-597
-662
-668
-668
-641
-632
-612
-561
-517
-453
-420
-355
-251
-119
11
150
336
565
784
972
1148
1332
1475
1568
1606
1603
1561
1483
1359
1220
1070
889
724
560
428
320
231
134
54
-30
-100
-151
-231
-302
-381
-464
-526
-572
-628
-675
-675
-693
-665
-652
-587
-517
-454
-359
-294
-209
-152
-90
-59
-39
-19
-39
-35
-60
-63
-78
-98
-70
-79
-64
-84
-86
-95
-123
-119
-164
-167
-199
-206
-221
-238
-227
-231
-222
-234
-212
-193
-165
-141
-130
-94
-84
-43
-27
-31
-65
-134
-194
-284
-336
-426
-484
-539
-579
-592
-596
-559
-513
-440
-365
-271
-185
-92
30
134
252
376
523
684
831
975
1098
1240
1349
1446
1480
1460
1429
1347
1215
1050
888
708
544
368
225
122
27
-43
-130
-183
-213
-260
-274
-315
-340
-385
-406
-456
-506
-547
-597
-608
-633
-612
-586
-544
-487
-415
-336
-292
-248
-199
-159
-112
-73
-29
-33
-41
-91
-115
-132
-149
-185
-217
-234
-235
-212
-197
-163
-142
-124
-115
-125
-128
-142
-150
-154
-155
-161
-173
-181
-195
-177
-197
-159
-147
-92
-52
-18
12
-35
-52
-150
-193
-275
-321
-373
-432
-452
-478
-478
-462
-395
-302
-219
-106
-2
132
245
373
502
614
770
881
1010
1109
1216
1326
1392
1427
1418
1388
1316
1231
1118
967
811
642
496
345
203
69
-39
-124
-197
-264
-347
-400
-464
-519
-577
-635
-677
-717
-752
-789
-797
-814
-826
-808
-790
-728
-674
-590
-525
-436
-343
-279
-195
-128
-64
-21
11
23
27
35
39
32
10
3
-25
-46
-30
-35
-19
-8
-21
-16
13
24
35
14
-16
-35
-75
-89
-122
-129
-148
-153
-134
-107
-64
-40
-19
-10
-42
-53
-98
-151
-203
-265
-330
-376
-413
-412
-410
-383
-328
-269
-186
-120
-6
115
233
362
490
620
741
827
933
1021
1101
1169
1227
1255
1226
1185
1104
1000
879
737
583
408
264
123
-2
-115
-217
-302
-366
-424
-458
-499
-524
-538
-571
-603
-644
-669
-683
-683
-692
-694
-673
-650
-602
-554
-484
-400
-355
-276
-225
-164
-119
-82
-31
-2
46
61
79
106
92
94
68
36
11
-3
8
8
24
49
82
95
121
145
147
157
139
124
75
39
-10
-66
-89
-109
-86
-65
-30
1
57
96
73
42
-31
-103
-170
-235
-284
-344
-393
-424
-418
-431
-400
-360
-310
-233
-169
-66
33
177
311
423
544
667
789
885
989
1056
1099
1123
1103
1074
1028
971
884
760
617
457
302
133
-39
-183
-308
-407
-473
-527
-549
-571
-601
-622
-665
-701
-732
-762
-786
-794
-777
-749
-716
-681
-635
-587
-512
-419
-331
-232
-158
-80
-33
36
77
136
176
200
249
262
274
265
247
221
184
160
128
111
114
131
162
195
221
226
230
217
207
152
104
48
-10
-48
-83
-114
-141
-143
-130
-81
-57
-13
6
-1
-34
-80
-144
-192
-260
-316
-364
-416
-416
-430
-404
-380
-341
-278
-195
-100
2
127
246
376
514
643
783
908
1004
1086
1134
1158
1170
1148
1095
1006
888
772
643
472
291
130
-35
-168
-304
-411
-503
-539
-586
-643
-655
-702
-717
-765
-794
-847
-868
-896
-919
-907
-886
-816
-775
-732
-671
-614
-517
-448
-355
-270
-178
-104
-30
58
115
185
225
273
296
305
330
337
351
338
336
320
312
331
321
342
358
378
390
405
397
372
343
287
258
207
169
132
104
94
83
93
109
124
133
135
112
81
25
-27
-86
-144
-204
-279
-340
-370
-397
-429
-444
-468
-439
-390
-331
-254
-154
-52
63
172
284
417
553
660
729
791
841
859
860
796
725
621
496
362
212
72
-71
-197
-324
-435
-502
-554
-587
-621
-643
-671
-677
-711
-728
-745
-775
-781
-805
-780
-772
-735
-677
-616
-550
-471
-389
-296
-193
-94
19
134
209
312
367
432
470
504
541
548
571
572
583
566
557
554
534
529
495
464
443
417
409
376
362
320
276
220
163
119
73
39
15
-6
-35
-50
-68
-78
-69
-76
-79
-92
-105
-118
-152
-179
-199
-233
-299
-348
-408
-453
-492
-520
-533
-541
-521
-486
-414
-339
-246
-133
-22
110
244
382
521
638
729
794
828
837
826
765
685
581
472
337
198
69
-54
-162
-267
-355
-438
-488
-524
-557
-591
-603
-620
-621
-613
-631
-631
-644
-647
-645
-650
-626
-575
-530
-484
-413
-354
-260
-162
-75
32
126
223
306
366
421
473
493
511
528
542
561
563
568
570
540
528
513
484
459
425
401
360
331
292
261
225
183
156
109
89
45
5
-22
-70
-106
-131
-123
-114
-95
-71
-54
-19
-2
-3
-36
-81
-118
-159
-223
-288
-357
-419
-472
-539
-570
-586
-581
-540
-509
-448
-371
-278
-161
-40
95
199
306
390
457
506
529
542
524
469
386
315
242
195
110
15
-74
-136
-177
-227
-244
-275
-303
-334
-373
-389
-386
-383
-395
-410
-409
-415
-406
-418
-407
-395
-367
-322
-286
-220
-164
-97
-32
20
107
180
263
334
387
462
506
548
585
628
651
666
672
675
659
642
625
590
568
530
503
455
414
375
331
300
242
203
145
100
57
6
-37
-90
-135
-166
-192
-203
-202
-190
-155
-148
-147
-172
-185
-220
-267
-317
-360
-422
-492
-565
-623
-663
-720
-760
-791
-789
-754
-714
-650
-568
-474
-362
-243
-132
-8
105
194
263
302
347
353
358
328
304
272
223
179
123
75
17
-42
-95
-143
-175
-194
-208
-217
-206
-197
-192
-196
-154
-168
-151
-155
-163
-126
-125
-105
-93
-77
-64
-27
10
59
127
179
256
321
355
439
471
552
584
617
654
682
694
696
710
697
687
650
614
605
552
529
481
442
404
349
311
246
205
123
62
-8
-68
-115
-176
-199
-249
-282
-309
-313
-307
-323
-318
-315
-306
-303
-289
-282
-280
-316
-355
-404
-447
-502
-557
-631
-688
-744
-795
-821
-828
-821
-766
-712
-645
-544
-445
-327
-226
-122
-23
71
154
214
260
309
355
380
381
381
368
343
315
273
212
168
115
71
46
7
12
-5
7
1
7
-2
-3
6
-20
-5
-37
-42
-60
-66
-69
-69
-64
-62
-37
-18
25
68
114
179
218
302
373
457
530
576
624
642
660
665
678
664
649
646
610
605
574
546
518
458
396
320
263
185
132
72
20
-27
-86
-111
-157
-178
-214
-273
-315
-368
-401
-435
-445
-460
-452
-439
-430
-413
-420
-417
-467
-492
-535
-568
-596
-647
-700
-748
-780
-829
-845
-857
-854
-826
-813
-758
-662
-565
-460
-345
-226
-105
17
126
222
307
387
446
485
506
503
495
479
457
410
382
335
294
261
234
214
198
204
202
211
229
236
244
240
222
198
165
142
104
75
43
39
15
27
33
42
78
108
158
224
278
354
421
466
522
544
587
612
614
621
629
627
603
576
535
491
460
405
364
314
256
206
146
105
44
-2
-47
-98
-129
-165
-195
-247
-308
-352
-410
-462
-508
-560
-586
-608
-619
-603
-598
-571
-563
-577
-581
-627
-649
-691
-737
-779
-848
-900
-963
-1012
-1038
-1036
-1002
-961
-883
-802
-693
-586
-447
-291
-134
47
204
349
473
587
678
751
795
799
810
781
764
735
696
657
595
545
483
440
402
381
366
332
319
296
274
243
206
188
132
74
40
-10
-50
-84
-120
-128
-107
-91
-39
13
61
133
173
240
309
359
428
490
513
549
569
576
581
564
553
528
497
451
404
367
338
286
239
188
143
103
53
11
-50
-104
-151
-205
-263
-330
-403
-482
-556
-609
-670
-688
-722
-739
-743
-733
-689
-659
-600
-573
-528
-521
-527
-542
-565
-570
-615
-627
-671
-692
-698
-710
-721
-722
-692
-643
-568
-481
-365
-240
-140
0
111
226
341
436
521
595
663
696
746
756
768
768
740
714
687
634
570
527
471
434
395
354
329
287
257
229
208
190
151
111
101
51
21
-17
-54
-69
-103
-127
-129
-125
-125
-82
-75
-34
18
56
137
182
257
335
388
461
491
509
532
520
510
502
481
456
423
369
318
273
214
151
88
27
-38
-115
-182
-255
-311
-382
-443
-476
-525
-551
-597
-627
-648
-671
-677
-684
-673
-678
-657
-631
-607
-564
-539
-494
-479
-467
-468
-487
-477
-496
-495
-507
-513
-527
-537
-520
-511
-479
-454
-395
-328
-245
-137
-60
60
162
286
421
539
656
749
853
917
970
999
998
995
952
916
841
762
681
594
525
429
350
265
205
138
99
54
24
14
-9
-36
-76
-118
-143
-181
-202
-223
-245
-267
-288
-295
-304
-270
-243
-182
-123
-58
27
104
188
263
341
420
470
519
536
557
556
540
533
500
470
405
351
270
212
164
88
23
-62
-129
-205
-260
-289
-321
-338
-373
-406
-455
-503
-534
-567
-598
-630
-647
-666
-682
-705
-697
-673
-636
-584
-541
-489
-474
-438
-421
-407
-391
-404
-400
-413
-421
-428
-456
-461
-455
-440
-409
-360
-303
-219
-113
-7
130
257
409
550
660
770
857
935
983
1020
1020
1003
956
884
808
697
597
484
374
276
177
102
33
-16
-57
-93
-128
-146
-130
-120
-117
-126
-134
-151
-160
-180
-188
-177
-185
-179
-178
-164
-113
-68
-2
76
157
252
341
412
504
583
631
678
691
698
691
659
604
542
472
385
307
227
153
92
39
-16
-76
-130
-188
-228
-277
-325
-371
-425
-463
-524
-578
-645
-711
-771
-829
-870
-897
-918
-934
-918
-880
-831
-755
-673
-567
-486
-399
-334
-281
-235
-208
-191
-185
-181
-197
-193
-210
-225
-234
-226
-197
-161
-92
-23
63
158
252
381
491
621
750
841
907
941
982
988
970
913
837
754
644
538
411
298
182
81
-12
-85
-118
-138
-137
-145
-142
-134
-126
-101
-78
-63
-75
-82
-83
-113
-112
-139
-138
-151
-161
-148
-115
-55
11
102
166
257
327
402
467
491
529
538
529
515
483
453
417
361
292
228
151
88
35
-25
-61
-107
-134
-165
-197
-228
-256
-300
-357
-407
-463
-516
-579
-635
-695
-739
-789
-817
-821
-817
-791
-754
-690
-607
-505
-392
-270
-148
-53
24
87
129
154
156
132
87
24
-52
-123
-181
-241
-290
-311
-295
-257
-197
-136
-43
55
150
257
346
462
551
610
638
644
660
634
606
552
487
401
323
253
174
129
78
49
20
-4
-3
-10
5
11
14
8
13
26
23
27
6
-7
-37
-57
-74
-79
-86
-75
-37
-14
28
68
125
188
246
298
348
398
435
454
477
490
483
455
438
406
352
293
219
164
102
51
8
-26
-53
-81
-101
-137
-174
-226
-279
-340
-396
-446
-524
-578
-630
-665
-691
-700
-692
-677
-646
-598
-541
-468
-374
-293
-207
-132
-68
-5
57
101
136
146
114
88
42
4
-44
-96
-137
-182
-212
-247
-268
-269
-258
-230
-195
-148
-98
-39
25
87
145
206
278
326
364
390
409
417
412
405
385
368
337
294
250
194
147
98
61
28
-4
-31
-54
-73
-86
-94
-95
-85
-74
-57
-52
-39
-29
-20
2
20
49
74
105
145
170
203
242
279
319
355
387
400
423
425
414
402
372
339
308
283
249
221
181
144
107
63
26
-11
-53
-66
-115
-148
-182
-213
-229
-259
-283
-313
-339
-357
-360
-360
-355
-346
-339
-329
-311
-303
-282
-268
-259
-243
-227
-203
-183
-154
-122
-92
-73
-57
-49
-59
-87
-118
-153
-200
-237
-271
-302
-332
-359
-378
-386
-382
-371
-339
-305
-257
-217
-149
-81
-4
62
134
195
232
280
314
343
357
368
349
316
286
247
227
195
167
135
101
76
47
38
19
21
29
27
56
79
121
163
206
237
262
285
305
321
324
320
310
298
289
277
267
262
255
243
238
235
237
243
242
245
241
231
226
220
210
208
194
179
165
155
151
129
100
68
26
-10
-46
-84
-113
-157
-204
-247
-292
-329
-359
-401
-430
-453
-481
-493
-513
-522
-528
-536
-540
-540
-527
-509
-478
-448
-408
-369
-325
-282
-230
-179
-130
-93
-79
-79
-81
-84
-102
-114
-137
-161
-187
-211
-228
-228
-221
-211
-187
-163
-125
-76
-29
31
100
156
220
280
327
374
400
424
431
435
437
432
425
411
392
343
310
293
266
245
224
207
190
180
185
183
189
187
181
194
190
188
171
157
138
113
89
66
57
36
28
20
19
37
55
70
98
129
159
190
215
231
242
246
241
238
219
205
166
129
93
47
1
-53
-101
-144
-193
-222
-253
-279
-295
-327
-348
-366
-391
-402
-420
-433
-438
-448
-446
-449
-430
-413
-404
-379
-356
-319
-285
-244
-194
-139
-88
-38
16
64
106
140
158
163
142
116
65
11
-41
-114
-173
-248
-304
-348
-376
-392
-396
-384
-365
-330
-297
-227
-161
-95
-20
63
142
224
303
365
425
470
512
526
538
534
513
479
455
423
378
340
303
268
219
187
159
139
134
120
115
122
126
138
158
178
183
189
187
190
190
184
179
174
153
141
131
116
111
102
93
74
58
51
49
44
41
25
13
-3
-19
-29
-46
-76
-99
-121
-155
-175
-202
-217
-230
-254
-263
-278
-286
-291
-301
-306
-305
-305
-309
-309
-301
-310
-305
-296
-297
-285
-264
-247
-239
-232
-227
-213
-203
-187
-174
-159
-138
-125
-101
-78
-63
-67
-80
-95
-115
-128
-156
-178
-202
-236
-252
-261
-260
-255
-231
-195
-160
-113
-53
20
102
182
255
316
373
435
487
528
563
582
589
582
566
546
519
476
435
398
361
339
308
280
250
228
206
198
190
184
175
162
160
146
130
120
109
85
60
26
0
-22
-37
-51
-71
-78
-70
-70
-78
-71
-61
-58
-65
-76
-71
-71
-63
-59
-58
-68
-86
-97
-107
-127
-135
-147
-157
-158
-165
-163
-157
-143
-137
-130
-121
-115
-104
-103
-103
-116
-130
-142
-162
-186
-217
-241
-259
-265
-278
-279
-277
-288
-270
-251
-232
-206
-188
-156
-135
-122
-109
-113
-123
-129
-153
-176
-203
-235
-261
-281
-285
-273
-255
-211
-170
-122
-56
8
75
146
221
292
356
418
482
531
565
579
574
568
548
510
469
415
365
306
248
201
153
117
86
68
46
35
15
14
13
7
20
22
20
15
7
-2
-12
-30
-41
-48
-66
-58
-42
-27
-1
15
28
44
65
94
121
155
181
190
195
200
192
176
158
132
117
102
86
67
48
28
3
-20
-39
-51
-67
-85
-100
-113
-132
-155
-181
-198
-219
-247
-270
-300
-303
-315
-327
-325
-325
-318
-316
-304
-290
-276
-265
-255
-239
-224
-208
-200
-190
-187
-194
-200
-206
-204
-201
-199
-191
-178
-155
-128
-92
-52
-8
46
98
138
193
253
290
333
365
383
402
403
405
404
390
372
339
310
277
240
195
153
108
64
22
-18
-44
-66
-94
-105
-119
-126
-127
-139
-142
-137
-131
-130
-113
-94
-70
-45
-20
8
28
44
53
62
82
89
98
108
114
115
126
142
154
159
173
185
185
188
192
188
176
158
129
105
75
48
18
-12
-31
-49
-64
-84
-107
-126
-130
-138
-136
-123
-109
-104
-98
-106
-114
-112
-124
-135
-145
-154
-166
-185
-201
-215
-216
-220
-224
-215
-211
-206
-189
-166
-137
-107
-67
-40
-12
17
32
48
62
84
102
116
119
131
135
139
132
129
136
132
128
129
126
124
110
99
86
67
53
24
-7
-34
-72
-105
-132
-153
-164
-178
-193
-199
-196
-192
-178
-158
-133
-100
-67
-34
3
34
76
112
145
176
195
222
240
250
263
278
284
287
287
284
280
282
277
281
274
262
251
235
221
208
187
162
145
121
92
59
26
-9
-45
-75
-109
-137
-173
-203
-231
-254
-266
-280
-293
-298
-305
-312
-322
-329
-336
-346
-350
-358
-353
-348
-345
-335
-325
-320
-314
-291
-263
-226
-186
-146
-96
-53
-20
17
50
86
118
151
181
202
224
238
242
243
242
240
232
232
220
207
196
184
171
153
134
109
90
66
40
18
-2
-17
-33
-48
-70
-92
-102
-107
-113
-116
-114
-104
-98
-92
-73
-55
-31
-8
13
36
63
93
113
139
164
191
219
241
258
271
286
297
309
320
321
321
313
303
306
303
294
287
265
232
209
179
159
131
101
82
37
-7
-53
-102
-144
-182
-225
-258
-295
-328
-359
-391
-411
-431
-437
-442
-449
-448
-445
-427
-421
-400
-384
-381
-374
-369
-358
-346
-312
-289
-259
-224
-191
-151
-121
-79
-42
2
43
75
117
153
188
223
247
269
285
287
287
279
277
267
253
236
215
197
177
149
124
105
83
59
26
5
-18
-37
-59
-81
-90
-100
-115
-126
-141
-153
-152
-148
-132
-108
-81
-65
-43
-18
6
44
89
128
174
220
256
287
320
343
364
384
402
418
433
438
436
435
420
399
371
337
305
273
244
220
198
161
133
89
49
-1
-46
-92
-143
-185
-230
-264
-301
-330
-357
-391
-410
-435
-458
-473
-473
-477
-485
-492
-496
-487
-478
-462
-444
-421
-406
-389
-377
-360
-335
-312
-274
-250
-214
-180
-145
-107
-72
-30
15
55
95
137
171
204
233
260
271
286
286
295
301
296
292
273
260
245
223
199
177
162
152
130
106
89
74
61
60
52
53
53
56
59
52
56
66
79
91
109
125
136
150
164
177
190
205
213
223
245
251
266
265
262
254
245
245
235
227
209
199
180
154
124
93
61
22
-10
-51
-81
-100
-133
-152
-169
-192
-219
-238
-252
-269
-279
-284
-291
-297
-308
-320
-320
-337
-352
-357
-373
-382
-386
-396
-398
-398
-399
-393
-388
-376
-365
-353
-331
-308
-272
-233
-195
-160
-128
-97
-61
-24
15
56
96
131
163
202
235
261
284
296
301
316
322
330
325
310
298
280
262
233
206
179
156
133
119
109
104
95
80
84
79
71
73
73
80
93
108
126
147
169
190
213
232
244
252
250
248
240
231
223
209
197
181
158
149
126
106
93
74
65
52
34
21
8
-1
-21
-45
-65
-84
-109
-124
-137
-161
-169
-178
-193
-208
-224
-237
-248
-248
-254
-261
-273
-281
-296
-303
-307
-321
-333
-341
-340
-337
-329
-314
-309
-299
-281
-268
-254
-244
-227
-214
-198
-182
-168
-153
-142
-122
-106
-79
-54
-30
1
26
55
79
108
129
150
165
174
184
193
200
208
219
222
230
234
228
230
220
220
219
205
205
204
207
206
196
199
203
206
220
229
236
239
241
245
246
244
240
229
219
210
208
192
184
174
160
152
135
132
117
102
90
80
63
42
24
4
-17
-45
-71
-93
-116
-136
-160
-175
-190
-203
-208
-208
-214
-221
-213
-212
-210
-216
-222
-214
-223
-229
-243
-257
-272
-284
-296
-308
-313
-312
-308
-309
-300
-284
-273
-257
-230
-203
-170
-134
-108
-83
-66
-52
-39
-37
-32
-23
-19
-16
-9
-12
-9
1
13
30
49
66
86
104
115
120
133
148
163
176
183
196
204
196
197
197
191
192
200
205
213
219
228
238
242
255
261
261
254
250
244
234
229
225
218
207
192
174
159
140
116
100
77
59
40
21
12
-6
-13
-25
-35
-54
-68
-78
-93
-97
-107
-114
-130
-147
-163
-185
-196
-213
-228
-238
-243
-234
-230
-224
-216
-222
-209
-194
-182
-165
-150
-138
-124
-112
-101
-94
-90
-78
-72
-62
-61
-64
-58
-58
-66
-66
-61
-55
-49
-44
-41
-28
-18
-7
-3
-3
8
5
6
0
-4
-11
-13
-14
-14
-7
-6
-7
-6
-2
8
16
26
45
63
83
95
112
130
145
146
149
152
157
158
161
168
178
184
188
193
186
188
188
186
183
179
179
170
164
162
148
132
125
110
100
82
71
57
48
41
28
23
12
0
-12
-31
-44
-66
-79
-94
-109
-124
-140
-157
-174
-188
-202
-211
-229
-239
-251
-261
-260
-263
-258
-250
-238
-228
-201
-178
-158
-128
-113
-88
-63
-36
0
23
47
68
80
94
108
114
121
122
125
119
113
105
100
85
75
70
57
54
42
32
29
18
5
-3
-13
-16
-23
-34
-35
-36
-40
-41
-45
-45
-48
-45
-50
-53
-43
-42
-34
-35
-27
-16
-11
-3
10
17
28
31
36
44
48
54
55
71
69
70
81
81
86
86
89
95
91
100
105
107
108
113
106
110
110
96
93
83
73
65
51
38
18
5
-15
-42
-61
-91
-112
-133
-151
-166
-177
-184
-184
-186
-188
-181
-174
-165
-158
-144
-129
-111
-93
-68
-40
-20
4
24
43
62
72
95
113
132
149
165
170
167
164
165
162
156
151
140
127
105
90
63
44
33
13
0
-13
-24
-37
-45
-64
-80
-82
-88
-92
-105
-107
-108
-117
-122
-119
-118
-122
-111
-110
-110
-104
-108
-111
-99
-97
-89
-72
-65
-57
-48
-37
-24
-6
11
21
37
44
55
63
73
75
87
98
103
111
103
108
109
107
109
118
118
117
117
114
107
97
84
73
60
45
37
25
16
9
-3
-8
-17
-27
-41
-58
-66
-77
-87
-93
-93
-95
-93
-87
-82
-68
-55
-43
-26
-12
5
10
16
28
33
44
46
58
59
64
61
63
61
64
62
48
46
49
42
40
42
36
30
21
5
-5
-9
-17
-27
-37
-45
-53
-64
-77
-83
-102
-110
-121
-120
-116
-125
-122
-125
-125
-126
-116
-110
-104
-89
-78
-67
-57
-45
-41
-37
-25
-14
-2
4
15
20
32
41
53
65
70
78
81
81
84
89
93
103
117
123
122
117
112
107
91
92
87
85
84
75
74
63
59
56
49
41
39
38
40
34
33
25
21
18
15
11
-1
-11
-22
-40
-50
-62
-66
-62
-60
-56
-50
-39
-38
-30
-26
-19
-16
-11
-11
-7
-8
-20
-27
-22
-28
-30
-32
-42
-45
-55
-64
-70
-77
-85
-97
-100
-98
-100
-96
-91
-88
-80
-79
-77
-85
-90
-91
-97
-86
-92
-90
-83
-86
-80
-76
-70
-56
-45
-30
-21
-15
2
22
30
40
49
57
66
68
72
69
74
81
83
88
90
93
100
104
111
127
137
155
169
176
185
184
188
183
187
188
181
183
178
172
155
151
139
121
107
89
74
59
46
32
22
5
-13
-27
-41
-57
-68
-76
-88
-91
-95
-94
-106
-103
-105
-100
-96
-100
-98
-92
-90
-88
-88
-94
-90
-95
-92
-95
-93
-85
-84
-89
-89
-86
-89
-98
-99
-108
-113
-115
-123
-123
-128
-126
-127
-120
-121
-113
-101
-98
-86
-82
-74
-67
-60
-54
-55
-56
-58
-63
-66
-68
-67
-57
-51
-42
-26
-16
0
17
33
48
65
70
78
88
90
97
102
113
118
125
133
141
140
147
153
165
170
176
184
185
193
203
207
210
228
226
229
235
221
214
197
184
168
153
138
114
102
78
50
32
15
-2
-20
-31
-44
-50
-54
-65
-67
-72
-77
-73
-80
-74
-82
-91
-87
-95
-99
-99
-107
-109
-119
-126
-127
-134
-129
-130
-128
-126
-126
-129
-127
-131
-135
-133
-130
-124
-129
-126
-119
-118
-122
-120
-124
-122
-128
-131
-129
-128
-123
-118
-118
-111
-105
-104
-91
-83
-73
-62
-59
-55
-42
-30
-20
-18
-9
-8
-11
-2
7
17
34
53
71
85
102
112
122
136
145
152
161
164
170
179
185
198
200
202
218
221
231
239
249
260
258
257
248
241
232
220
206
196
178
165
141
116
101
83
66
54
27
10
-8
-30
-50
-66
-85
-108
-117
-133
-147
-156
-163
-163
-168
-170
-172
-169
-167
-155
-159
-161
-160
-162
-161
-168
-160
-157
-160
-158
-150
-147
-146
-139
-136
-134
-129
-129
-123
-122
-120
-111
-107
-98
-100
-96
-96
-95
-84
-76
-64
-56
-43
-28
-23
-6
6
18
29
36
50
52
60
70
65
62
72
77
81
83
87
89
98
105
113
123
126
131
139
150
158
162
165
163
163
167
164
167
166
157
157
151
155
153
143
145
137
129
117
106
98
86
67
48
32
12
2
-13
-34
-47
-56
-60
-71
-78
-78
-82
-86
-84
-89
-97
-108
-114
-119
-125
-123
-128
-127
-132
-138
-132
-126
-116
-100
-90
-76
-69
-58
-54
-44
-34
-35
-27
-25
-16
-16
-16
-14
-15
-20
-27
-25
-29
-23
-27
-31
-29
-30
-32
-35
-34
-30
-34
-37
-39
-42
-38
-37
-41
-42
-41
-37
-40
-42
-41
-34
-29
-22
-13
-2
4
10
13
14
26
27
32
35
39
43
42
41
39
44
43
47
49
53
62
66
68
76
77
82
94
98
106
115
118
113
113
111
113
112
107
104
96
93
82
78
73
63
61
53
43
33
27
20
16
8
5
-13
-25
-28
-40
-38
-46
-60
-63
-69
-71
-75
-73
-72
-73
-73
-69
-70
-69
-59
-54
-44
-45
-43
-48
-48
-49
-52
-51
-55
-48
-48
-60
-54
-52
-47
-37
-42
-33
-27
-24
-19
-13
-9
-5
-3
-4
1
0
-1
-7
-4
3
-7
-15
-19
-18
-10
-4
-2
3
1
5
3
5
7
3
3
5
8
12
15
17
22
21
20
19
27
23
23
28
21
22
16
23
20
18
23
22
18
14
15
16
19
15
11
11
9
7
7
7
3
-3
-12
-14
-11
-15
-17
-13
-10
-18
-14
-8
-3
1
8
4
12
15
8
21
17
13
14
4
-4
-7
-9
-11
-12
-17
-19
-25
-31
-36
-40
-37
-34
-33
-24
-20
-13
-6
5
10
12
18
32
39
41
59
68
75
84
88
91
81
79
88
82
76
80
81
68
62
55
55
48
38
31
36
34
17
25
16
1
-3
-11
-25
-37
-45
-55
-65
-75
-84
-92
-95
-92
-93
-95
-93
-98
-99
-99
-95
-92
-89
-88
-80
-71
-71
-64
-58
-63
-59
-52
-47
-47
-47
-40
-37
-28
-28
-25
-18
-21
-16
-14
-12
-4
3
6
4
0
8
14
11
24
36
49
60
61
76
83
86
88
92
102
108
104
108
114
110
109
105
93
79
60
49
36
26
20
10
-1
-13
-18
-25
-23
-31
-25
-22
-16
-5
-10
-2
1
6
12
18
27
31
36
39
38
29
22
16
12
5
4
0
3
1
-10
-14
-22
-22
-29
-34
-41
-44
-45
-51
-51
-54
-60
-60
-67
-71
-73
-79
-82
-78
-80
-84
-83
-82
-81
-79
-83
-85
-85
-77
-75
-72
-65
-63
-58
-49
-44
-40
-29
-20
-12
-5
9
18
33
45
55
64
72
81
88
99
94
89
91
95
100
99
102
102
103
102
103
105
97
95
98
96
89
100
100
98
95
94
84
74
62
49
42
32
21
6
-2
-12
-20
-34
-41
-53
-68
-69
-75
-82
-82
-84
-89
-85
-85
-86
-80
-76
-68
-65
-62
-51
-44
-41
-31
-31
-24
-18
-19
-19
-16
-15
-17
-16
-21
-23
-18
-19
-26
-36
-39
-44
-46
-49
-47
-43
-40
-47
-45
-41
-49
-47
-47
-42
-39
-29
-26
-17
-16
-14
-9
-8
-6
-6
-6
-7
-8
-9
-4
3
14
12
15
15
17
22
27
29
37
45
42
44
55
56
53
59
65
75
81
84
94
105
103
114
119
121
127
116
115
116
114
115
112
106
95
84
79
71
65
61
44
39
33
22
4
-8
-15
-29
-37
-54
-62
-70
-82
-87
-97
-100
-105
-109
-111
-109
-106
-103
-99
-98
-95
-91
-95
-96
-103
-102
-104
-99
-93
-84
-80
-82
-76
-79
-73
-73
-68
-66
-60
-57
-54
-54
-53
-50
-43
-38
-33
-23
-21
-19
-15
-13
-10
2
2
3
10
13
27
28
30
30
27
32
31
32
32
36
44
49
53
57
58
57
60
70
70
75
79
79
85
86
86
92
95
97
103
107
112
113
111
110
111
101
102
98
95
92
94
92
85
83
75
72
61
54
51
41
23
9
0
-6
-14
-23
-21
-27
-30
-37
-46
-52
-61
-67
-79
-91
-100
-102
-113
-118
-118
-128
-131
-134
-135
-142
-137
-134
-127
-114
-108
-97
-88
-73
-59
-52
-45
-38
-35
-32
-23
-24
-13
-10
-9
-9
-17
-18
-18
-17
-26
-26
-30
-34
-35
-30
-30
-22
-14
-8
1
6
8
20
25
28
39
41
40
51
53
59
64
67
76
79
80
81
84
87
85
86
80
81
70
65
62
53
52
49
55
47
42
47
41
39
41
39
42
39
39
41
43
42
39
36
33
34
33
28
21
18
10
-1
-8
-13
-19
-27
-33
-41
-45
-50
-58
-55
-54
-52
-55
-58
-54
-59
-63
-62
-61
-61
-63
-63
-62
-61
-68
-62
-56
-56
-51
-49
-44
-49
-44
-42
-38
-29
-24
-18
-14
-6
-2
-2
0
-4
-2
-4
-7
-6
-12
-16
-16
-14
-16
-9
-8
-2
0
2
6
3
5
14
12
6
14
13
11
14
13
16
25
22
33
36
38
43
39
42
48
47
51
51
52
51
51
56
56
56
56
54
48
46
45
40
34
29
27
23
22
19
18
18
20
20
18
20
18
20
17
24
21
11
6
-5
-8
-12
-19
-17
-19
-24
-27
-25
-26
-22
-17
-26
-26
-26
-34
-33
-36
-46
-50
-52
-60
-59
-60
-57
-59
-63
-56
-49
-49
-51
-49
-44
-46
-44
-40
-37
-32
-29
-30
-25
-11
-2
5
9
17
17
23
27
31
33
28
23
20
14
11
12
18
16
4
6
7
3
11
14
13
18
12
12
16
12
12
14
15
20
10
11
15
16
12
7
8
8
4
3
11
10
16
19
16
20
9
14
6
-2
6
1
2
4
4
7
8
5
-3
-1
-8
-9
-6
-8
-1
-4
3
13
12
11
13
8
4
-1
1
-1
-4
-4
-10
-13
-17
-13
-16
-10
-5
-1
2
3
6
13
19
23
23
28
37
39
44
50
53
50
50
44
42
41
37
37
33
27
23
21
15
10
6
3
-6
-15
-24
-39
-47
-54
-56
-61
-63
-60
-68
-69
-73
-72
-69
-70
-66
-66
-64
-63
-63
-61
-58
-57
-48
-45
-46
-38
-34
-34
-28
-19
-12
-8
-9
-1
2
8
17
22
26
35
39
44
45
49
53
58
59
61
74
70
68
70
65
64
62
52
46
40
31
22
19
11
12
11
5
2
-1
-2
-10
-10
-10
-15
-18
-22
-24
-24
-13
-5
-5
-5
-6
-6
-8
-11
-6
-6
-4
-5
0
1
3
14
20
32
30
34
33
31
23
19
21
14
16
9
6
0
-4
-4
-15
-25
-33
-41
-48
-48
-49
-46
-47
-51
-55
-58
-62
-73
-76
-76
-76
-77
-71
-66
-59
-50
-49
-41
-39
-30
-21
-8
-3
9
18
20
21
23
32
37
37
37
40
42
45
50
50
54
58
56
64
61
62
61
62
57
50
47
44
39
35
32
22
24
20
19
10
8
6
9
8
2
3
2
-3
-6
-4
-15
-21
-26
-32
-33
-32
-22
-15
-11
-5
2
4
7
12
17
23
26
36
43
48
48
50
53
54
51
52
53
53
56
56
52
44
31
23
25
22
19
18
7
-1
-11
-21
-34
-40
-52
-60
-66
-74
-85
-101
-109
-119
-125
-130
-133
-130
-126
-119
-107
-107
-105
-103
-98
-91
-86
-81
-74
-69
-66
-63
-57
-45
-37
-24
-15
-13
-4
-1
6
14
19
30
29
30
33
36
39
43
43
40
42
45
49
53
54
53
49
43
45
45
43
46
50
51
54
56
60
57
50
54
55
44
49
47
43
46
40
39
46
50
55
57
66
68
66
73
72
75
80
82
78
79
77
76
73
76
71
69
65
60
56
43
32
19
9
3
-6
-12
-26
-30
-41
-48
-50
-62
-66
-70
-71
-77
-84
-87
-95
-95
-95
-99
-98
-97
-98
-97
-100
-103
-95
-94
-95
-96
-97
-97
-95
-93
-96
-93
-88
-86
-80
-75
-70
-65
-53
-46
-40
-31
-19
-13
3
18
22
29
35
39
47
52
53
59
62
64
55
53
51
49
52
54
60
61
64
65
63
55
53
54
53
54
59
58
55
55
49
45
45
50
55
60
58
56
51
45
41
31
26
25
21
17
16
12
5
4
-1
-6
-12
-15
-15
-12
-11
-13
-20
-18
-22
-26
-30
-38
-43
-44
-43
-48
-43
-36
-44
-47
-45
-45
-42
-42
-37
-35
-29
-27
-29
-23
-20
-26
-22
-25
-30
-25
-31
-20
-16
-14
-16
-18
-18
-20
-18
-16
-7
-3
5
7
13
15
12
11
8
4
7
-1
-3
-5
-9
-8
-10
-7
-5
-1
8
17
19
24
23
16
20
24
26
30
37
39
40
44
51
52
53
46
44
45
42
45
37
37
44
39
39
37
40
37
35
33
29
34
27
29
30
25
24
22
20
15
8
5
3
-2
-8
-17
-16
-14
-18
-32
-39
-46
-54
-57
-60
-57
-60
-61
-66
-71
-73
-77
-77
-76
-74
-72
-72
-66
-62
-61
-58
-56
-52
-51
-45
-48
-48
-47
-46
-44
-46
-42
-35
-39
-33
-30
-22
-14
-4
4
10
23
25
29
35
36
32
31
39
40
34
33
30
29
23
22
21
18
23
29
30
37
37
36
38
37
38
41
40
42
47
44
43
46
46
47
53
58
64
63
63
59
58
60
60
62
64
65
57
60
62
60
57
52
47
42
34
27
18
10
6
0
0
0
0
2
0
-7
-9
-18
-26
-28
-34
-42
-45
-52
-56
-62
-72
-74
-76
-80
-82
-76
-79
-75
-73
-69
-69
-71
-66
-61
-53
-55
-53
-49
-51
-52
-51
-47
-42
-42
-39
-40
-38
-27
-28
-24
-16
-9
-1
3
13
20
26
27
33
32
29
27
30
33
33
36
36
30
25
26
22
22
21
18
24
22
19
20
23
19
21
16
7
6
-4
-5
-10
-9
-4
1
-2
5
-1
-2
1
-8
0
1
4
5
4
5
2
3
7
12
17
22
25
33
32
33
37
37
37
34
34
37
38
38
38
35
31
26
25
23
20
19
23
19
11
6
0
-3
-3
-6
-10
-17
-25
-29
-33
-35
-32
-31
-27
-23
-22
-26
-31
-29
-30
-32
-41
-40
-43
-42
-44
-47
-44
-46
-39
-40
-34
-26
-21
-18
-11
-3
-2
-6
-5
-4
-4
1
7
12
14
18
18
20
18
15
21
27
30
33
36
36
36
34
30
33
36
26
22
17
13
3
-6
-7
-8
-13
-20
-20
-18
-13
-10
-7
-6
-6
-2
-3
-1
0
-9
-11
-13
-10
-15
-13
-9
-2
1
-1
1
-1
-1
-1
4
6
5
6
13
14
11
18
15
15
16
10
12
12
9
9
4
6
-3
-2
-2
-6
-5
-14
-15
-19
-18
-21
-23
-20
-20
-24
-26
-26
-27
-26
-21
-26
-22
-23
-26
-22
-18
-14
-13
-12
-8
-9
-7
4
10
19
26
27
32
31
35
41
37
41
41
40
44
33
35
38
42
43
41
36
34
33
22
18
13
14
9
8
8
4
0
1
-2
-4
-5
-11
-10
-15
-15
-23
-24
-25
-32
-34
-38
-39
-45
-51
-51
-47
-48
-41
-36
-34
-33
-33
-30
-24
-24
-20
-13
-8
-5
-6
-5
-4
2
8
11
18
18
20
26
32
41
47
48
46
42
42
44
39
35
30
27
18
15
12
10
13
10
8
3
-6
-6
-6
-10
-12
-8
-5
0
3
2
2
-4
-2
0
5
2
-2
-2
-6
-6
-4
-5
-7
-11
-4
-4
-4
-3
-8
-9
-15
-14
-17
-17
-13
-14
-13
-12
-12
-14
-15
-17
-16
-16
-14
-7
-5
-3
-2
0
-1
-1
-3
-4
-2
-9
-10
-11
-11
-15
-18
-27
-37
-39
-39
-40
-42
-41
-37
-36
-34
-29
-29
-24
-15
-15
-10
-8
2
14
15
20
28
30
33
38
46
50
55
52
55
52
59
57
52
53
50
49
44
40
32
37
29
27
28
28
24
15
7
4
6
3
0
-3
-2
-5
-6
-10
-10
-9
-11
-12
-12
-10
-11
-12
-17
-25
-29
-33
-35
-32
-30
-33
-31
-35
-32
-37
-37
-34
-34
-28
-29
-26
-24
-23
-17
-18
-16
-15
-11
-9
-7
0
1
0
7
5
8
15
17
20
16
20
18
12
4
-1
-2
-5
-3
1
2
4
6
4
7
6
8
12
12
10
13
14
12
13
18
14
13
12
11
10
12
10
8
14
18
15
13
19
24
28
31
28
29
31
21
20
16
15
13
5
7
-1
1
0
-5
0
1
7
4
3
5
4
4
4
0
-3
-6
-5
-5
-8
-9
-12
-11
-13
-17
-21
-18
-30
-33
-37
-42
-44
-47
-44
-45
-40
-40
-37
-31
-30
-29
-24
-25
-25
-24
-24
-29
-29
-25
-24
-17
-9
-5
-2
1
5
6
9
11
12
14
8
6
6
8
9
10
16
18
20
25
27
27
22
22
21
19
18
18
19
11
12
5
4
5
1
4
7
3
3
3
-2
-3
1
2
2
4
12
16
19
23
21
21
24
25
28
30
31
36
36
34
29
28
27
29
33
34
32
25
25
22
17
16
12
6
0
-9
-16
-20
-27
-33
-36
-35
-36
-39
-40
-40
-34
-33
-32
-33
-30
-36
-38
-37
-38
-33
-31
-29
-27
-26
-20
-18
-20
-21
-18
-18
-16
-16
-17
-13
-23
-24
-21
-20
-19
-17
-17
-15
-12
-9
-6
-6
0
6
10
16
16
18
20
20
23
20
28
30
31
34
36
34
32
26
22
20
22
20
15
16
15
16
16
17
18
20
20
22
22
21
23
21
21
23
21
19
15
11
11
9
5
7
4
3
-1
0
1
3
3
5
0
-5
-6
-5
-6
-8
-7
-11
-15
-19
-21
-25
-23
-21
-23
-27
-29
-28
-25
-22
-27
-26
-21
-18
-17
-21
-19
-22
-27
-31
-30
-30
-29
-27
-27
-26
-18
-14
-9
-4
-2
-1
0
6
9
11
9
15
15
18
20
21
21
18
14
18
16
11
16
17
19
20
24
26
26
25
27
28
24
26
27
22
17
13
7
4
0
-2
-6
-7
-4
-2
-3
-8
-9
-12
-13
-16
-14
-12
-14
-15
-16
-9
-8
-6
-8
-6
-7
-8
-5
-5
-1
-3
-2
2
0
2
0
0
-2
-5
-4
1
-2
-2
-2
-2
-3
-4
-7
-13
-17
-15
-14
-10
-9
-10
-7
-6
-2
-1
-2
-1
1
2
2
4
3
5
7
10
10
9
14
14
9
10
11
10
7
7
5
3
2
4
7
4
3
1
1
5
3
4
5
3
7
11
12
15
16
19
15
15
14
9
11
12
14
8
7
4
5
3
-2
-3
-5
-8
-8
-10
-15
-19
-18
-21
-19
-19
-18
-17
-16
-16
-12
-9
-8
-6
-4
-2
0
0
-1
1
-1
-2
-1
1
2
4
1
0
1
-2
-2
1
3
3
5
5
6
2
3
1
1
1
3
2
2
0
2
0
-1
-2
-3
-4
-5
-2
-8
-10
-13
-16
-15
-15
-16
-17
-17
-15
-17
-16
-14
-16
-13
-14
-12
-13
-15
-10
-5
-5
-5
-6
-6
0
5
12
13
18
23
20
19
18
17
16
16
16
16
15
16
18
19
20
23
22
25
26
25
27
26
23
22
17
16
15
15
12
11
12
12
9
8
11
9
10
9
5
2
2
-1
-7
-8
-10
-12
-13
-17
-19
-20
-20
-21
-27
-26
-27
-28
-26
-25
-25
-21
-24
-23
-17
-17
-16
-13
-9
-9
-5
-4
-4
-6
-6
-7
-8
-9
-8
-6
-6
-6
-7
-7
-7
-7
-9
-9
-8
-9
-6
-5
-4
0
3
6
9
6
8
7
9
12
14
14
12
10
11
10
11
13
10
5
4
3
-1
0
0
2
1
0
2
3
4
5
11
10
11
9
9
8
10
4
0
1
1
2
1
1
-1
-1
-3
-5
-5
-8
-15
-16
-16
-15
-17
-19
-18
-14
-13
-9
-7
-5
-1
0
4
5
7
5
8
7
10
12
13
12
12
15
13
16
17
15
17
20
18
19
17
15
16
16
14
15
14
16
17
18
19
19
18
16
19
18
17
18
20
18
17
13
12
7
3
3
3
-1
-5
-7
-12
-14
-14
-19
-21
-22
-21
-23
-24
-25
-24
-27
-24
-23
-22
-23
-26
-26
-25
-28
-28
-30
-30
-27
-26
-25
-24
-23
-24
-23
-26
-25
-21
-18
-16
-15
-17
-16
-12
-15
-13
-11
-11
-8
-6
-3
-1
2
3
7
6
7
9
11
12
15
13
15
15
11
11
11
10
11
11
8
8
6
3
3
4
4
5
10
11
13
17
20
26
28
29
28
29
29
29
29
26
22
23
21
16
15
12
12
11
10
13
12
8
5
3
5
3
3
5
5
5
4
6
3
-2
-2
-2
-2
-1
0
0
-1
-1
2
-1
-1
3
1
3
2
0
-3
-8
-8
-11
-13
-14
-13
-12
-16
-16
-17
-17
-19
-19
-18
-16
-14
-14
-14
-14
-14
-15
-13
-9
-8
-7
-5
-4
-3
-4
-8
-10
-8
-8
-7
-6
-7
-8
-10
-13
-14
-15
-13
-13
-13
-8
-7
-5
-9
-6
-6
-3
-2
0
1
1
0
2
7
9
11
12
11
9
11
15
16
18
17
16
15
13
15
16
20
21
20
24
21
24
25
24
24
23
23
19
18
15
12
12
12
9
7
3
1
-1
-3
-5
-5
-5
-5
-5
-6
-7
-10
-14
-14
-16
-17
-18
-17
-19
-19
-20
-19
-22
-21
-20
-20
-21
-23
-23
-24
-26
-26
-23
-26
-26
-27
-26
-25
-23
-24
-26
-20
-20
-17
-14
-12
-10
-10
-5
-3
1
5
8
10
11
14
17
18
18
17
20
21
22
20
21
22
23
25
25
23
22
24
21
25
24
22
23
21
23
20
19
20
22
24
24
25
24
24
24
25
23
22
19
16
16
13
13
9
6
4
1
0
-2
-2
0
-2
-4
-8
-9
-10
-12
-11
-12
-15
-16
-16
-20
-19
-22
-21
-22
-20
-18
-19
-17
-16
-13
-13
-14
-11
-13
-11
-13
-13
-11
-14
-12
-14
-13
-12
-11
-10
-9
-13
-12
-12
-16
-16
-15
-13
-12
-10
-8
-7
-7
-6
-6
-7
-8
-6
-9
-9
-7
-9
-5
-2
1
3
6
6
6
7
5
8
9
10
9
11
11
11
12
9
6
8
8
7
9
7
9
9
7
8
9
6
6
9
6
5
6
2
3
1
-1
-1
1
2
3
8
9
9
11
13
11
12
13
13
13
13
12
12
12
8
8
7
8
9
10
11
12
11
10
7
6
6
8
10
9
8
7
3
1
0
-2
-3
-7
-9
-11
-16
-17
-20
-23
-22
-22
-21
-21
-20
-18
-18
-16
-16
-16
-15
-16
-16
-16
-15
-15
-17
-15
-14
-16
-13
-11
-9
-9
-8
-8
-7
-8
-7
-7
-6
-5
-7
-6
-7
-6
-5
-1
-1
2
4
6
7
10
10
8
7
8
10
11
13
10
11
10
11
11
10
13
13
14
14
17
16
16
14
10
10
9
8
6
8
7
9
9
12
12
12
13
14
13
14
14
12
11
7
7
7
6
6
3
2
3
2
1
0
-1
-1
-2
-3
-5
-6
-8
-8
-7
-9
-8
-9
-9
-9
-9
-10
-13
-13
-14
-14
-13
-12
-13
-15
-13
-14
-14
-10
-8
-7
-9
-10
-8
-6
-4
-2
-2
-1
-2
0
1
1
2
3
5
8
9
9
8
5
5
7
7
5
5
5
4
1
1
1
-3
-1
-3
-3
-4
-4
-5
-4
-6
-4
-4
-2
-2
-2
1
2
3
2
5
4
4
7
4
5
5
1
3
2
0
0
-1
0
-3
-4
-6
-6
-7
-7
-8
-8
-7
-4
-4
-3
-3
-1
-2
-2
-1
-1
1
1
-1
2
1
4
3
4
4
3
4
2
5
5
4
3
3
1
1
0
-3
-1
1
-1
-1
0
2
2
3
6
5
4
5
5
3
4
5
6
5
7
6
7
7
6
7
5
4
5
6
5
5
3
2
-1
-1
1
-1
-1
-1
-2
-6
-6
-8
-10
-10
-11
-11
-9
-10
-9
-7
-5
-4
1
1
4
4
3
3
1
3
-1
-1
-3
-3
-4
-5
-5
-4
-4
-3
-3
-2
0
-1
-1
0
0
-3
-2
-2
-6
-7
-6
-7
-5
-6
-6
-6
-6
-3
-3
-1
0
-3
-3
-3
-3
-3
-2
-3
0
2
3
4
3
2
3
2
1
0
1
0
0
3
3
3
4
4
7
4
5
7
5
6
6
7
8
6
7
8
7
9
8
11
9
9
10
9
10
9
8
6
7
7
7
6
8
8
10
9
8
7
6
5
3
2
1
1
2
1
1
-1
-4
-6
-5
-7
-8
-7
-10
-9
-10
-12
-12
-12
-11
-12
-12
-12
-11
-12
-13
-11
-13
-14
-14
-13
-12
-10
-9
-9
-5
-4
-2
-2
-1
-1
0
-1
-2
-1
-1
0
0
0
0
-2
-1
0
0
1
0
1
0
0
1
1
1
3
4
2
4
5
5
5
2
4
4
4
3
4
4
3
2
2
1
0
1
4
4
2
2
2
2
3
4
3
5
4
7
6
8
8
9
9
7
5
5
4
1
-2
-3
-2
-4
-3
-2
-4
-3
-4
-4
-4
-5
-6
-5
-6
-6
-5
-5
-5
-4
-5
-5
-6
-9
-8
-8
-7
-6
-6
-3
-1
1
2
3
5
5
8
8
10
12
11
13
12
13
11
10
10
10
9
9
9
10
9
9
8
7
5
5
5
4
4
3
4
5
5
5
3
2
2
3
2
1
0
0
0
-3
-4
-5
-7
-7
-8
-9
-10
-11
-12
-12
-13
-15
-16
-15
-15
-16
-14
-12
-13
-14
-13
-13
-13
-11
-13
-12
-13
-14
-14
-13
-10
-10
-8
-7
-4
-4
-3
-2
1
2
1
1
1
2
4
5
7
7
7
8
8
9
9
7
5
9
9
10
12
13
14
13
13
11
11
9
10
10
9
7
6
6
4
5
5
7
9
9
9
7
8
6
3
1
0
-1
-2
-3
-2
-3
-3
-3
-3
-1
1
1
0
2
-1
-1
0
-2
-2
-1
-1
0
-2
-4
-5
-5
-5
-5
-6
-5
-4
-3
-2
-1
-3
-3
-3
-4
-3
0
0
-2
-1
-4
-5
-7
-5
-4
-5
-4
-4
-4
-4
-2
-3
-2
-1
0
-1
0
1
0
0
1
0
1
0
0
2
2
3
2
1
0
1
-2
0
0
0
1
0
1
-1
-1
-2
1
1
1
1
2
2
2
2
2
-1
1
0
1
2
1
2
2
4
4
4
3
3
1
0
2
0
3
3
2
0
-1
1
3
3
4
6
5
7
7
7
7
7
7
6
6
6
5
3
2
1
-1
-3
-2
-1
-3
-3
-4
-6
-5
-5
-6
-7
-7
-9
-9
-10
-12
-12
-8
-9
-9
-7
-8
-6
-6
-5
-6
-6
-6
-5
-4
-3
-3
-3
-3
-2
-2
-3
-3
-4
-3
-2
0
0
0
2
4
4
5
7
9
10
9
11
12
13
11
10
9
7
7
9
8
7
7
6
5
5
2
2
1
1
0
-2
-1
0
-3
-2
0
-1
2
2
4
3
2
1
1
1
-1
0
-1
-2
-3
-3
-3
-3
-5
-6
-7
-7
-7
-6
-5
-5
-4
-4
-4
-5
-4
-5
-6
-6
-5
-6
-7
-7
-8
-7
-5
-6
-6
-5
-4
-3
-2
-2
-1
-2
-2
-2
-3
-2
-1
0
0
1
1
1
0
2
3
1
2
3
4
3
4
4
5
6
7
8
7
7
7
8
7
6
6
7
8
6
8
7
9
10
9
9
10
10
9
8
7
7
9
9
9
7
6
4
2
3
4
3
2
1
-1
-3
-4
-4
-3
-4
-4
-5
-7
-8
-9
-11
-10
-9
-9
-9
-8
-9
-8
-9
-9
-9
-9
-6
-6
-4
-4
-2
-1
-2
-3
-4
-5
-5
-7
-5
-5
-5
-3
-3
-2
-1
-1
-1
-2
-2
0
0
-2
-2
-1
-1
-1
-1
-3
-2
-3
-3
-2
-2
-1
0
-1
0
-1
-1
0
1
2
1
1
2
3
4
5
5
5
4
2
0
-1
0
0
2
3
5
6
7
7
7
8
9
8
9
8
9
8
9
8
7
5
4
3
2
2
2
3
3
3
1
1
1
1
1
2
2
1
-2
-2
-2
-3
-2
-3
-3
-3
-4
-5
-6
-6
-8
-8
-10
-9
-9
-7
-7
-6
-5
-5
-3
-3
-1
-1
0
0
1
-1
-1
0
0
0
1
-1
1
1
1
-1
0
0
0
0
-1
0
-1
-2
0
-2
-1
0
0
1
0
1
2
3
1
1
2
3
2
4
3
2
3
3
5
2
2
2
2
1
1
0
1
1
0
1
1
1
1
0
-1
0
-1
1
1
1
-1
0
-1
0
0
-1
-1
1
0
0
0
0
1
0
0
0
0
-1
-3
-4
-6
-6
