1
1
1
0
0
1
1
0
1
1
1
1
1
1
1
0
0
0
0
0
1
0
1
0
0
-1
0
0
0
-1
-2
-1
-3
-1
-3
-3
-2
-2
-2
-1
0
0
-2
-1
-1
-1
0
-1
-1
0
-1
-2
-2
-2
-3
-3
-4
-4
-4
-3
-2
-2
-2
-3
-3
-3
-4
-3
-3
-2
-2
-2
-2
-1
-1
-1
-1
-1
-1
0
0
1
1
1
3
2
2
2
3
3
3
4
4
3
3
3
4
4
4
4
4
4
5
5
5
4
3
3
3
3
3
2
1
1
2
1
0
2
0
0
-1
0
-1
-1
-2
-2
-2
-2
-2
-1
-2
-1
-1
-1
-1
-2
0
-1
0
0
0
0
1
0
0
1
0
1
1
0
1
0
0
0
-1
0
0
-1
0
0
0
0
0
0
0
0
0
-1
0
0
0
0
-1
0
-1
-1
-1
-1
0
0
0
1
0
0
1
0
0
1
0
0
0
1
-1
0
0
-1
-1
-1
-1
-1
-2
-2
-2
-2
-3
-3
-2
-2
-2
-2
-2
-1
-1
-1
-1
1
0
1
0
-1
2
0
0
0
1
1
0
1
1
0
0
0
1
1
0
1
1
2
2
2
2
1
1
0
1
1
1
0
0
1
0
0
0
0
0
0
0
0
1
0
1
-1
0
0
0
-1
-2
-2
-2
-2
-2
-3
-2
-2
-2
-3
-1
-1
-1
0
0
0
0
1
1
1
2
1
1
1
1
1
1
3
1
3
2
2
1
1
2
1
1
1
0
0
1
1
-1
-1
1
0
-1
0
-1
-1
0
0
0
0
-1
0
0
0
0
1
1
1
2
2
2
3
3
1
1
1
1
1
-1
0
-1
-2
-2
-3
-2
-2
-3
-2
-2
-1
-1
0
0
-1
0
-1
-1
0
-1
0
-1
0
-1
0
0
0
0
-1
-1
0
-1
0
-1
-1
0
-1
-1
-2
-2
-2
-2
-1
-1
-1
0
0
0
1
0
0
-1
0
-1
1
0
1
2
2
2
1
1
2
0
0
1
1
-1
-2
-1
-1
0
-1
0
-1
-1
0
0
-1
1
-1
-2
-1
-2
-2
-2
-1
-1
-1
-2
-2
-2
0
-1
-1
0
-1
0
1
1
0
0
1
0
1
0
0
1
1
0
0
-1
0
-1
-1
0
0
-1
0
0
0
0
1
1
2
2
3
4
2
2
2
2
2
2
3
2
2
2
2
2
1
1
0
0
1
1
1
1
2
2
3
2
2
3
3
4
4
4
4
3
3
4
3
2
0
1
0
-1
-1
-1
-1
-1
-2
-2
-3
-3
-2
-4
-2
-3
-3
-3
-3
-2
-2
-3
-3
-4
-2
-3
-3
-3
-2
-2
-2
-1
-1
0
0
0
0
1
0
-1
1
0
0
0
-1
0
0
0
0
0
-1
0
0
0
0
1
0
0
0
0
-1
-1
-1
-1
-2
-2
-2
-1
-2
-2
-3
-3
-1
-2
-2
-2
-2
-1
-3
-3
-2
-3
-3
-2
-3
-2
-2
-3
-1
-1
-2
-1
-1
1
0
1
1
2
3
3
3
4
3
3
3
3
4
2
3
4
3
3
3
3
4
3
2
3
3
4
3
3
3
3
2
2
2
2
1
1
1
0
0
0
1
0
-1
0
0
1
1
1
2
2
1
2
1
0
0
1
1
0
-1
-1
-1
-1
-1
-1
-1
-1
-1
-1
-1
-1
0
-1
-3
-1
-2
-2
-1
-2
-3
-2
-3
-3
-3
-3
-4
-3
-3
-4
-3
-3
-2
-2
-2
-2
-1
0
0
1
0
2
0
1
1
1
1
1
1
2
2
2
2
3
2
2
2
2
2
2
2
2
3
2
2
2
2
1
1
0
-1
-1
-1
-1
-1
-2
-1
-2
-2
-1
0
-1
0
1
1
1
1
0
-1
-1
-1
-1
-2
-2
-1
-2
-2
-1
-1
-2
-3
-2
-2
-3
-2
-1
-1
-1
-2
-1
-1
0
-2
-2
-2
-2
0
0
0
0
-1
0
-1
-2
-2
-2
-2
-3
-2
-1
-1
-1
-1
-1
-1
-1
-2
0
-1
-2
-1
-1
0
1
1
1
2
0
1
0
2
2
3
3
2
2
2
1
1
1
1
1
2
3
3
3
4
3
4
3
3
3
2
3
2
3
3
3
3
3
3
1
2
3
3
2
3
2
3
3
2
2
2
1
1
0
0
0
0
1
0
-1
-1
-1
-1
0
-1
0
0
0
0
0
-1
-1
-2
-2
-1
-1
0
0
0
2
1
1
1
1
1
0
0
0
-1
0
-1
-1
-1
0
0
0
-1
0
-1
-1
-1
-2
-2
-3
-2
-3
-5
-6
-5
-6
-6
-6
-5
-5
-5
-5
-4
-4
-5
-4
-4
-4
-4
-3
-2
-3
-2
-3
-3
-3
-3
-3
-5
-4
-3
-4
-2
-4
-5
-3
-2
1
1
0
1
1
2
2
3
4
3
3
3
2
3
2
1
2
2
3
3
3
5
4
4
4
5
4
5
4
5
5
5
4
3
2
3
3
3
4
4
4
4
4
4
4
3
3
2
1
1
0
1
0
-1
-1
-2
-1
-1
-1
-1
0
0
0
-1
0
0
1
0
-1
1
-1
0
-1
0
1
0
0
1
1
1
0
1
0
-1
-1
-1
-1
-1
-2
-1
-1
0
-2
-2
0
-1
-1
-1
-2
0
0
-1
0
0
0
1
0
1
1
1
2
0
-1
0
0
-1
-3
-2
-3
-3
-3
-3
-2
-4
-3
-5
-2
-1
-2
-3
-3
-3
-4
-3
-3
-2
-3
-3
-2
-3
-3
-4
-4
-5
-5
-4
-2
-4
-4
-2
-4
-4
-3
-4
-2
-3
-2
0
-1
-2
-1
0
2
2
1
1
1
2
2
3
4
5
5
5
6
5
6
6
5
6
5
6
6
6
7
5
4
5
6
6
8
9
7
6
5
5
4
4
3
3
1
1
2
2
2
0
0
-1
0
2
1
-2
-1
-2
-5
-5
-3
-5
-4
-4
-5
-6
-7
-6
-7
-7
-7
-6
-6
-6
-4
-3
-3
-2
-3
-2
-3
-2
0
1
3
2
4
4
4
3
1
0
0
0
-1
1
1
-1
-1
0
-3
-2
0
1
2
2
0
3
3
1
1
1
0
-3
-3
1
-11
-42
-3
8
-12
20
16
2
24
12
0
-3
-6
4
-7
15
19
-5
10
23
14
14
13
-2
-19
-12
-7
-15
-6
-2
-11
-12
-8
-15
-13
-4
-10
-11
-1
-4
-1
3
2
6
7
4
1
6
-1
-3
2
0
1
5
2
-3
-2
0
2
1
4
-2
-4
3
0
-6
1
-1
-2
2
-1
0
-1
3
-2
2
3
3
7
-1
-3
5
-2
0
3
-3
0
6
2
2
4
-8
-4
0
-4
-3
-2
-1
0
-2
0
1
-4
-2
1
-1
1
3
-3
2
-1
-3
4
-7
-7
2
-9
-2
-4
-8
-2
-9
-3
-3
-2
1
-5
-5
1
3
10
4
5
5
-4
10
4
4
14
3
8
23
1
14
16
-3
18
16
7
13
6
-2
7
7
3
6
8
2
12
-3
2
-31
-36
5
-4
10
16
2
5
-1
-7
10
-3
15
23
18
15
-13
-13
1
4
17
26
1
-14
-31
-45
-43
-23
-20
-19
-18
-37
-42
-34
-36
-29
-9
-3
9
2
21
-32
-32
18
6
48
60
55
0
-2
15
-20
9
19
12
34
13
15
-14
-22
4
7
49
37
1
-23
-57
-65
-31
2
-10
-15
0
-43
-55
-18
-26
-17
13
48
17
33
28
-25
18
49
12
46
85
20
11
-1
21
-14
-6
42
-16
6
2
6
-30
-28
17
-4
36
43
-1
3
-4
-23
-23
3
9
-15
-12
-35
-40
-39
-55
-37
-25
-15
-2
-29
-14
-20
-14
13
39
43
31
26
30
26
14
11
18
10
21
24
-6
1
2
2
10
12
4
-7
-16
-13
-49
-18
-15
-24
-1
-13
-30
-27
-17
-10
-5
18
23
24
19
19
11
-9
7
30
19
19
23
-5
-7
-11
-11
0
22
1
2
-23
-17
-38
-27
-3
-3
-7
12
15
-24
-5
-7
-3
27
41
16
19
2
-13
-10
-3
12
20
16
0
-3
-27
-12
-6
3
18
1
-3
-7
-26
-37
-4
4
15
24
23
1
-11
-20
-9
14
8
22
9
-8
6
-6
7
25
6
12
17
-7
-22
-4
-15
-10
-1
4
-2
2
-6
-4
-2
-1
7
-12
-14
-10
-23
-25
6
-21
-31
-7
-22
-28
10
3
-11
-3
18
6
-6
11
12
-4
25
51
1
2
24
-13
-17
20
16
-24
9
4
-28
-31
-12
4
-10
13
21
-32
-14
14
-28
-15
16
29
0
12
4
-38
-16
23
16
13
16
11
-8
5
24
-13
-11
52
46
2
13
-10
-28
7
28
23
10
-3
-6
-11
-14
9
-15
-27
25
19
-27
-6
2
-43
-19
27
32
-1
-3
-7
-22
-5
36
6
-32
8
17
-10
12
0
-45
-18
43
18
-11
23
-10
-34
19
39
-15
23
27
19
-12
2
8
-23
-2
58
3
-13
5
-41
-31
8
21
11
13
-19
-19
-31
15
25
18
33
36
-16
-20
-18
-9
-4
28
17
-21
-2
-32
-47
-60
2
26
18
12
1
-64
-67
2
30
27
41
23
-44
-31
-30
-33
-18
15
21
29
9
-21
-77
-62
6
46
55
67
12
-86
-48
-29
-25
42
51
0
-18
-37
-86
-73
-2
31
14
33
6
-53
-64
-16
-7
34
80
78
22
-12
-23
-37
1
94
113
64
15
-47
-48
-4
43
49
44
12
-1
2
-34
-55
-38
29
68
66
29
-46
-76
-58
-8
55
84
49
-4
-23
-2
-20
-17
21
41
17
19
21
-25
-37
-39
-23
28
60
35
-17
-34
-32
-28
14
31
26
-4
-3
11
3
-20
-8
-8
-8
10
-2
-9
-29
-28
-44
-12
4
4
-33
-40
14
12
12
-3
-3
-32
-39
12
11
24
3
-39
-18
-1
0
-4
17
3
-6
-7
17
14
-11
-22
-1
25
14
-4
-22
-24
-6
30
21
38
14
-35
-46
8
32
27
23
10
-6
13
41
1
-7
2
4
26
47
24
-29
-46
-6
3
20
15
-41
-49
-23
-17
-36
-11
5
-28
-19
0
-15
-34
-22
-12
-19
25
31
5
-2
-15
-7
26
62
41
14
-10
-2
1
4
22
11
25
21
-12
-18
-6
-22
-22
11
22
-4
-5
-4
-30
-29
-27
-7
4
16
26
4
-10
5
7
31
17
1
9
35
35
7
-23
-33
0
38
27
13
6
-39
-34
-16
-9
-10
-7
-13
-11
-8
-31
-42
-36
9
22
14
16
2
-17
-34
-7
38
65
52
50
41
-6
-25
-4
41
30
-3
42
16
-38
-9
-42
-65
8
53
-9
-15
-1
-48
-53
1
30
20
19
34
12
-36
-31
20
46
46
63
24
-17
-14
-14
-12
17
40
29
-20
-27
0
-10
-11
-10
1
12
13
-7
-42
-45
-27
-18
-6
22
-23
-37
-44
-29
-19
-19
5
5
7
-34
-14
30
12
-9
3
16
-3
9
44
-29
-20
22
31
-8
-28
-1
-33
-36
24
20
-24
-42
-20
10
-23
23
21
-15
-42
-45
20
51
-21
23
26
-5
-35
-29
26
8
50
70
13
-15
-29
-45
-1
17
65
52
-5
30
-4
-53
-48
31
80
42
26
-4
-43
-11
-6
1
16
11
9
-45
-21
-31
-70
1
1
-18
8
-16
-42
-19
-1
12
-14
64
52
-15
-24
9
11
2
54
33
-24
42
36
-22
-64
-19
89
61
4
-44
4
47
-9
-6
9
0
41
19
10
-49
-50
44
-3
-9
27
-34
-43
-19
-4
19
60
36
-69
-64
15
60
57
7
-8
4
48
14
-59
-53
39
86
3
-34
-17
-50
-76
-36
2
19
80
39
-109
-120
-24
6
-41
29
111
49
-45
-126
-69
12
74
60
-37
-11
89
38
-105
-116
-11
114
146
23
-71
-52
-30
-16
-14
-9
67
101
21
-115
-166
-2
125
85
5
-10
-33
-18
5
-69
-100
51
173
72
-75
-89
-66
-7
35
-4
19
86
113
-20
-147
-124
-39
117
153
-16
-104
-16
55
-8
-75
-44
6
101
105
-1
-56
-56
-35
-12
6
61
56
-16
-21
-10
2
-2
-4
17
27
16
27
-35
-44
12
10
2
-37
4
36
29
-15
-63
-39
35
50
-8
-35
-41
22
1
-21
-8
11
2
5
28
8
-38
-10
28
18
3
17
31
12
-11
-32
-28
30
61
-25
-60
5
0
0
18
1
-6
6
-1
-30
1
9
1
2
-3
12
-15
-8
0
-29
48
41
6
-17
12
28
-11
-22
-33
22
68
44
-37
-63
0
55
0
-15
21
45
14
-38
-26
-12
20
46
-3
-29
37
64
-31
-90
-13
70
82
22
-54
-14
39
-9
-64
-38
90
104
-33
-71
0
39
34
-26
-78
-34
31
51
-7
-33
27
43
-48
-87
25
78
38
-8
-39
-86
2
81
-11
-113
-82
72
87
-22
-94
-89
-25
45
11
-65
-9
56
-4
-83
-49
50
101
7
-108
-97
53
170
3
-163
-54
102
72
-61
-134
-38
77
22
-81
-37
77
79
-84
-218
-30
209
144
-66
-124
-5
122
58
-94
-94
71
149
40
-110
-81
95
80
-91
-90
53
185
61
-186
-151
66
203
91
-80
-72
18
99
-27
-152
-42
115
169
-24
-135
-34
105
48
-126
-53
187
216
6
-173
-117
70
129
42
-85
-44
131
111
-109
-165
5
135
50
-128
-47
102
73
-42
-105
-61
82
139
-4
-166
-59
107
83
-34
-68
26
74
44
-70
-168
-1
174
91
-111
-170
61
162
3
-146
-98
72
162
72
-150
-184
101
197
-19
-211
-62
175
175
-45
-165
-68
82
96
-25
-107
-6
135
77
-39
-94
-61
33
43
-18
-36
-6
28
-2
-8
-66
-97
14
91
47
-89
-120
-15
31
34
-8
-90
-34
97
49
-98
-121
-34
69
97
28
-57
-63
-13
4
-42
-1
89
83
-22
-67
-55
-25
-24
-23
-26
22
57
51
-21
-92
-62
-10
28
97
125
49
-86
-95
1
84
107
14
-25
44
96
26
-54
-95
-31
54
55
-12
-12
47
-21
-93
-59
72
109
-11
-90
-58
-5
75
97
-7
-57
-16
58
11
-50
-7
34
26
10
48
42
-16
-54
-52
-23
70
95
33
-8
-45
-46
-18
25
3
-34
9
26
-4
9
0
-37
-44
38
51
-8
-2
10
21
22
42
34
-11
-22
7
2
-9
19
54
42
-41
-62
-29
-13
-41
-39
6
43
53
15
-85
-126
-37
38
58
30
32
-5
-31
-37
-29
-23
42
83
50
40
2
-31
-42
-36
-33
30
99
82
-8
-67
-74
-22
26
22
4
10
24
-22
-85
-79
5
23
-40
-59
-5
33
-19
-84
-79
0
69
43
-10
-2
25
5
-51
-41
79
113
25
-71
-58
50
66
-2
-49
-34
31
24
-34
-36
-8
-2
-33
-65
-32
28
24
-54
-114
-36
54
82
7
-76
-40
32
39
27
16
28
-3
-21
4
27
52
21
-25
0
35
87
52
-25
-58
-35
72
70
20
-19
-27
11
-4
-12
4
18
14
-24
-34
-1
16
8
-9
18
32
39
14
-48
-53
30
65
46
21
6
15
-12
-23
-17
23
38
26
9
-7
13
3
-35
-40
8
25
-5
-23
-56
-57
-29
7
-1
-26
-45
-27
-7
-19
-3
20
3
3
-8
-3
66
45
5
-11
21
91
44
-33
-16
38
49
47
10
-5
7
-25
-27
-16
0
27
6
-53
-43
3
14
-22
-44
-12
14
0
-8
-18
-16
11
25
21
19
-17
-36
-17
-23
-8
-1
-6
-23
-28
-38
-52
-42
-11
7
-8
-34
-43
-58
-75
-42
8
7
-27
-42
-32
-32
-38
-11
17
12
7
3
-12
-22
9
44
45
46
36
39
48
34
16
11
36
69
62
32
2
0
21
11
29
48
65
58
14
12
36
54
50
69
53
53
88
63
41
4
6
39
56
42
7
-25
-24
-13
-24
-21
-15
-12
-29
-65
-70
-74
-65
-38
-70
-73
-56
-49
-71
-91
-86
-54
-31
-51
-65
-61
-43
-45
-74
-60
-22
-13
-16
-26
-34
-15
17
6
-27
-42
-5
33
11
-14
-21
-9
7
-19
-21
10
33
35
43
14
29
83
89
47
43
92
135
111
57
71
116
140
101
76
108
143
129
71
60
105
118
98
50
47
84
99
67
21
14
30
55
43
-1
-4
21
27
-32
-81
-76
-55
-56
-109
-127
-93
-82
-133
-216
-221
-143
-78
-126
-210
-202
-193
-156
-159
-188
-167
-138
-145
-201
-176
-136
-128
-169
-237
-268
-211
-134
-169
-264
-247
-157
-139
-178
-214
-150
-102
-99
-102
-52
54
102
79
87
215
365
463
460
441
519
625
688
683
679
718
692
607
574
595
604
514
359
236
211
200
115
2
-78
-96
-115
-178
-269
-331
-281
-213
-212
-230
-218
-182
-179
-186
-159
-106
-31
7
-16
-37
-24
44
80
73
71
58
69
32
-17
-43
-38
-56
-140
-198
-234
-308
-427
-642
-921
-951
-689
-356
-380
-896
-1362
-1323
-921
-606
-697
-929
-857
-561
-365
-360
-446
-433
-164
232
632
895
796
470
371
760
1380
1698
1481
1054
800
852
1023
1126
1100
900
476
124
107
293
325
34
-260
-255
-140
-160
-308
-425
-343
-146
-32
-28
-64
-140
-207
-139
188
544
576
304
40
61
426
724
704
510
336
230
314
415
442
332
147
-43
-130
-171
-214
-286
-433
-498
-571
-618
-653
-725
-815
-820
-696
-548
-586
-763
-874
-879
-923
-1041
-874
-486
-184
-491
-1145
-1401
-977
-394
-356
-756
-1014
-694
-218
-114
-358
-518
-381
17
480
856
912
609
340
513
1190
1788
1852
1409
901
846
1106
1459
1548
1274
724
321
219
405
527
276
-110
-316
-198
-129
-327
-615
-652
-467
-248
-142
-186
-367
-520
-488
-136
333
530
282
-110
-116
325
798
939
707
460
400
493
664
807
770
566
340
254
245
171
7
-123
-197
-206
-241
-473
-726
-795
-701
-529
-399
-522
-787
-1003
-919
-732
-664
-920
-1113
-895
-590
-502
-861
-1195
-1110
-789
-717
-928
-1106
-919
-553
-426
-595
-731
-684
-431
-23
367
635
573
283
273
735
1387
1695
1503
1177
1080
1163
1273
1416
1384
1203
848
506
375
442
409
195
-68
-192
-157
-243
-465
-541
-498
-315
-212
-319
-465
-504
-429
-215
33
181
168
36
25
202
474
687
786
711
641
598
655
787
874
860
756
587
438
342
222
114
56
-14
-122
-355
-604
-676
-644
-600
-604
-680
-823
-940
-903
-791
-655
-672
-881
-1067
-1143
-1103
-883
-654
-582
-740
-1053
-1163
-1017
-703
-570
-691
-821
-685
-419
-411
-518
-500
-258
158
433
491
456
366
444
802
1309
1657
1545
1157
980
1152
1380
1503
1376
1141
911
658
462
408
466
411
213
-87
-251
-249
-278
-355
-343
-262
-145
-152
-319
-418
-389
-240
8
241
268
113
-36
42
385
683
771
655
491
476
571
699
791
766
587
337
237
328
360
138
-132
-318
-342
-340
-486
-660
-733
-705
-749
-801
-879
-878
-889
-933
-887
-807
-851
-1066
-1300
-1180
-752
-410
-480
-914
-1297
-1189
-715
-488
-610
-854
-840
-538
-372
-440
-525
-448
-145
216
435
508
424
296
498
953
1409
1531
1271
941
1006
1289
1518
1454
1200
930
734
639
673
659
488
261
22
-24
-20
-83
-246
-282
-180
-39
-137
-316
-330
-175
49
71
-41
6
200
301
313
303
420
624
669
589
502
529
674
768
704
617
465
319
211
150
137
106
-54
-285
-487
-594
-561
-565
-623
-735
-787
-790
-777
-820
-851
-803
-750
-740
-852
-945
-1024
-954
-741
-542
-533
-817
-1143
-1132
-799
-539
-658
-966
-986
-661
-333
-404
-699
-779
-460
32
310
306
159
73
223
627
1089
1307
1208
977
934
1034
1200
1367
1328
1184
989
787
668
594
470
330
358
397
335
91
-273
-326
-97
175
216
4
-207
-221
-118
40
186
231
169
113
119
286
485
511
462
485
540
539
525
548
651
647
497
343
240
241
247
169
43
-83
-253
-381
-424
-432
-397
-483
-621
-702
-744
-739
-726
-686
-648
-611
-722
-894
-975
-1043
-871
-636
-485
-642
-1088
-1338
-1138
-747
-673
-953
-1175
-984
-613
-552
-719
-804
-623
-218
18
65
64
79
213
499
886
1143
1111
885
851
1049
1304
1390
1241
1015
870
820
798
800
686
469
320
336
389
303
17
-171
-38
208
277
134
-56
-114
-35
139
376
479
343
156
94
315
625
707
539
416
453
549
534
474
525
604
532
372
254
254
246
131
34
-50
-142
-301
-472
-530
-472
-452
-583
-783
-863
-814
-760
-794
-853
-856
-851
-872
-951
-970
-1101
-1087
-937
-770
-726
-993
-1283
-1251
-917
-738
-869
-1127
-1086
-738
-442
-479
-641
-677
-322
107
284
313
204
206
434
845
1193
1262
1084
892
1007
1227
1363
1349
1154
1033
918
817
754
649
605
573
500
383
186
26
10
128
196
209
101
-5
20
66
156
299
374
388
300
234
324
458
557
573
489
351
325
367
499
568
447
255
138
148
200
218
95
-17
-91
-184
-269
-376
-423
-418
-394
-460
-575
-714
-821
-828
-747
-655
-621
-739
-878
-934
-983
-918
-1012
-968
-863
-732
-723
-955
-1156
-1023
-731
-648
-817
-1026
-868
-484
-209
-381
-590
-580
-177
255
375
332
241
250
465
765
1021
1109
956
841
905
1079
1089
1022
904
894
839
605
462
457
518
509
355
198
184
156
62
135
226
289
207
110
174
309
343
324
312
333
369
305
297
396
447
394
251
163
300
416
344
189
121
146
194
112
22
39
21
-101
-193
-274
-309
-319
-419
-453
-466
-475
-559
-701
-753
-693
-627
-563
-551
-642
-733
-769
-762
-675
-800
-855
-719
-535
-448
-720
-1029
-921
-526
-331
-550
-891
-810
-374
-108
-271
-440
-449
-172
110
212
301
291
211
296
566
815
854
688
622
860
1059
969
734
593
738
866
762
586
481
368
348
292
322
357
285
126
103
149
271
357
317
284
295
330
353
418
430
458
449
407
353
299
265
292
323
350
238
79
34
77
111
92
24
-51
-76
-184
-258
-244
-255
-307
-384
-499
-534
-524
-535
-542
-564
-589
-596
-641
-565
-429
-391
-454
-592
-634
-562
-480
-620
-593
-467
-275
-287
-656
-943
-709
-319
-200
-515
-916
-816
-409
-232
-425
-583
-583
-227
-90
-128
-124
-48
93
223
310
429
515
549
639
802
887
833
744
697
923
954
814
598
495
565
680
602
478
408
325
266
322
380
463
401
293
333
375
385
353
342
405
404
256
138
196
249
260
169
59
80
3
-43
-78
-16
24
-44
-162
-228
-196
-257
-281
-271
-225
-270
-425
-541
-476
-336
-303
-389
-472
-472
-405
-372
-330
-271
-252
-264
-305
-339
-357
-335
-519
-475
-335
-154
-159
-489
-780
-699
-394
-249
-479
-840
-861
-530
-256
-390
-657
-810
-475
-144
-24
-71
-181
-150
38
275
483
616
604
580
651
739
853
864
745
848
890
838
644
443
440
656
694
518
220
44
163
411
501
429
199
23
152
356
426
358
208
201
268
224
154
106
140
175
154
56
33
-15
-8
17
52
64
-25
-173
-193
-96
-32
-24
-140
-238
-228
-187
-190
-202
-223
-179
-170
-268
-337
-300
-154
-70
-183
-399
-384
-250
-110
-186
-343
-455
-566
-503
-422
-258
-232
-503
-825
-835
-547
-347
-596
-938
-964
-541
-349
-583
-945
-988
-471
-118
-134
-363
-451
-301
-28
216
384
503
482
409
516
660
793
773
696
748
785
668
532
459
538
694
607
411
293
283
408
501
485
478
431
350
395
448
473
527
483
440
431
298
182
236
353
425
246
36
-2
73
116
72
28
-9
-7
-103
-130
-55
-35
-99
-223
-244
-138
-74
-165
-264
-253
-199
-178
-207
-226
-149
-136
-188
-251
-228
-110
-36
-120
-301
-356
-333
-390
-361
-330
-251
-260
-532
-797
-849
-644
-498
-683
-1033
-1132
-868
-674
-789
-1044
-1172
-847
-524
-432
-498
-552
-418
-187
57
232
341
387
406
515
678
856
874
768
775
825
923
866
742
699
734
766
646
501
444
546
625
547
441
332
334
387
405
440
405
321
203
207
289
346
300
199
184
159
149
139
111
126
119
71
63
18
-36
-3
65
95
26
-83
-136
-69
-12
-20
-57
-103
-113
-154
-185
-100
-5
-34
-183
-305
-289
-200
-196
-238
-268
-338
-402
-519
-661
-600
-463
-452
-595
-924
-1123
-1009
-819
-801
-1019
-1300
-1292
-1039
-912
-1028
-1171
-1142
-813
-564
-487
-431
-423
-277
-11
290
550
647
618
712
996
1215
1233
1070
1018
1230
1362
1283
1024
862
885
889
781
672
593
537
431
387
419
462
286
113
157
299
396
278
89
109
214
221
125
81
133
168
72
-20
-2
24
35
8
5
22
-29
-115
-78
5
29
-53
-165
-115
-18
-41
-130
-177
-84
0
-41
-156
-234
-202
-142
-99
-166
-228
-277
-306
-235
-180
-205
-378
-490
-544
-536
-470
-551
-589
-672
-835
-921
-940
-842
-826
-1005
-1198
-1167
-907
-822
-872
-982
-868
-546
-419
-390
-327
-133
123
300
388
505
664
777
898
1034
1078
1078
936
948
1063
1067
997
782
678
706
720
635
511
384
315
316
290
301
286
169
148
189
230
243
225
160
166
152
151
231
216
184
142
89
122
145
120
132
195
195
115
22
44
183
220
138
74
73
133
129
43
36
69
81
19
-54
-101
-66
-95
-191
-229
-228
-248
-317
-387
-375
-347
-395
-550
-669
-720
-815
-743
-774
-825
-920
-1093
-1165
-1131
-1038
-1039
-1156
-1258
-1204
-1014
-939
-893
-863
-838
-609
-436
-262
-133
-65
66
280
490
622
739
816
909
981
1005
1043
1066
1051
990
952
917
906
817
681
639
648
614
543
404
401
445
461
435
377
361
394
427
415
400
375
307
284
302
346
387
347
298
255
219
218
247
273
291
204
110
93
150
223
240
142
66
60
52
13
-31
-35
-16
-68
-183
-252
-267
-255
-283
-317
-373
-459
-568
-621
-570
-539
-581
-691
-846
-967
-991
-1016
-1025
-1035
-1101
-1098
-1186
-1284
-1250
-1182
-1092
-1082
-1158
-1179
-1015
-822
-719
-635
-603
-452
-237
-97
57
176
307
442
575
686
807
918
1024
1160
1184
1127
1075
1092
1175
1163
1040
917
873
875
795
671
569
596
618
552
435
334
395
474
431
383
314
295
299
302
345
399
391
300
225
211
299
347
287
247
232
237
236
197
195
218
218
135
38
-9
3
-5
-69
-77
-110
-172
-292
-418
-400
-340
-341
-425
-502
-598
-663
-669
-678
-633
-664
-770
-872
-965
-947
-871
-920
-973
-1054
-1117
-1059
-996
-926
-849
-888
-943
-886
-781
-665
-641
-666
-623
-437
-316
-294
-319
-278
-3
189
216
210
227
410
643
739
782
826
887
947
984
990
1040
1035
976
911
806
876
884
834
758
672
581
563
552
522
486
444
447
531
505
411
327
299
444
552
470
352
276
314
428
446
373
327
292
251
255
204
189
186
146
73
15
-32
-11
-37
-98
-126
-174
-260
-342
-398
-408
-397
-453
-500
-590
-683
-713
-698
-720
-722
-777
-869
-916
-958
-907
-799
-766
-805
-921
-1022
-938
-858
-813
-788
-806
-733
-686
-745
-765
-706
-614
-562
-614
-673
-558
-357
-293
-291
-359
-269
-32
86
177
251
336
460
545
603
714
850
917
975
1027
1053
1040
922
962
1155
1195
1043
817
724
910
1012
867
729
695
730
756
620
545
657
692
608
516
501
577
593
468
443
480
475
401
297
275
323
302
179
104
63
51
-14
-136
-141
-129
-211
-335
-429
-477
-447
-452
-527
-632
-735
-797
-783
-757
-778
-848
-936
-960
-905
-879
-892
-909
-927
-908
-906
-862
-786
-746
-753
-787
-818
-776
-731
-739
-678
-589
-535
-505
-587
-632
-530
-430
-378
-412
-473
-417
-265
-181
-155
-167
-160
1
144
209
328
419
520
620
668
778
967
1079
1098
1122
1169
1274
1316
1218
1225
1281
1241
1187
1075
1021
1090
1020
850
774
756
793
765
584
495
566
563
522
456
378
393
366
310
281
200
110
90
68
22
-21
-159
-233
-220
-215
-278
-410
-525
-505
-481
-552
-625
-701
-761
-781
-794
-823
-822
-887
-957
-978
-977
-901
-858
-880
-896
-889
-912
-895
-801
-712
-652
-708
-719
-644
-589
-562
-544
-492
-425
-472
-567
-500
-341
-200
-213
-380
-434
-319
-248
-258
-274
-230
-166
-124
-200
-213
-103
51
246
326
347
405
483
627
819
1007
1110
1146
1149
1233
1389
1464
1474
1447
1364
1371
1363
1236
1203
1149
1109
1065
926
769
714
658
632
632
536
418
360
237
215
249
176
114
27
-69
-95
-151
-236
-204
-201
-289
-383
-486
-480
-418
-461
-531
-627
-692
-685
-690
-734
-745
-785
-879
-872
-862
-847
-816
-878
-881
-830
-816
-804
-783
-792
-709
-612
-642
-644
-625
-596
-517
-510
-520
-476
-461
-455
-418
-409
-383
-362
-405
-407
-352
-307
-193
-225
-316
-327
-281
-163
-103
-155
-181
-68
55
119
168
192
338
507
583
698
787
887
985
1056
1166
1279
1331
1356
1382
1387
1386
1368
1325
1327
1261
1117
992
926
878
856
744
634
593
485
365
265
187
205
236
165
54
-39
-102
-85
-24
-11
-52
-171
-272
-264
-227
-200
-263
-381
-425
-435
-457
-541
-610
-634
-637
-697
-835
-889
-895
-879
-888
-969
-1008
-999
-991
-964
-939
-929
-927
-926
-897
-808
-751
-767
-770
-745
-664
-591
-579
-540
-502
-477
-433
-375
-325
-274
-234
-231
-220
-143
-27
79
116
58
19
93
206
287
276
228
294
416
472
480
485
547
703
806
820
846
872
937
1044
1132
1179
1184
1160
1146
1197
1214
1175
1136
1107
1052
1005
867
791
779
728
671
559
457
425
370
308
261
244
207
174
81
-9
-9
-45
-25
-40
-108
-195
-299
-348
-344
-329
-425
-585
-679
-767
-793
-872
-926
-939
-1006
-1082
-1184
-1222
-1171
-1141
-1120
-1122
-1116
-1123
-1117
-1060
-951
-847
-833
-842
-823
-733
-622
-509
-420
-380
-338
-330
-283
-171
-70
19
23
28
62
111
130
156
223
262
276
242
250
310
324
306
295
315
337
317
260
271
373
436
455
432
409
481
582
665
718
748
766
834
920
999
1058
1046
1081
1163
1179
1126
1046
1033
1088
1081
916
764
709
709
712
558
383
300
246
185
126
38
-13
-50
-163
-242
-265
-333
-390
-445
-543
-601
-658
-739
-762
-794
-855
-913
-990
-1051
-1078
-1061
-1046
-1046
-1091
-1173
-1182
-1140
-1040
-970
-987
-980
-966
-891
-801
-740
-658
-587
-540
-514
-423
-305
-207
-126
-115
-50
29
90
124
162
224
281
308
298
319
358
364
334
305
310
356
374
341
332
348
337
318
295
316
341
346
321
339
391
415
408
419
519
653
723
730
729
807
930
1025
1065
1071
1118
1161
1162
1133
1102
1086
1025
970
884
759
691
556
493
407
264
174
71
-49
-162
-260
-337
-384
-440
-544
-619
-699
-775
-807
-849
-874
-923
-1037
-1096
-1078
-1048
-1047
-1091
-1163
-1175
-1123
-1116
-1102
-1061
-1031
-977
-1008
-999
-894
-818
-718
-689
-661
-599
-541
-513
-424
-305
-207
-140
-134
-80
49
146
192
232
267
305
362
387
417
464
471
470
447
450
491
514
482
454
431
424
459
482
501
500
460
451
484
493
495
493
487
512
520
505
524
574
606
619
626
643
690
711
717
770
832
848
823
793
790
790
781
732
650
549
449
326
234
204
164
18
-189
-347
-416
-403
-438
-581
-718
-794
-796
-827
-902
-983
-997
-980
-995
-1010
-1057
-1085
-1066
-1035
-980
-951
-957
-965
-930
-864
-774
-750
-752
-699
-618
-570
-573
-525
-420
-313
-271
-262
-224
-148
-67
-6
73
125
144
151
182
289
389
428
407
425
486
533
546
549
590
643
634
594
605
624
660
653
633
626
602
598
601
644
643
598
543
521
565
546
485
436
421
422
373
291
240
262
303
312
276
251
266
262
261
263
272
261
239
235
223
215
163
82
-6
-72
-119
-184
-256
-338
-419
-509
-600
-652
-707
-771
-825
-832
-827
-852
-878
-920
-926
-895
-850
-839
-822
-771
-754
-726
-708
-668
-592
-561
-533
-492
-457
-448
-437
-380
-305
-247
-218
-189
-140
-81
-51
-43
-4
62
123
159
203
263
335
380
404
461
506
567
603
646
693
721
748
772
799
846
878
879
874
871
856
856
855
822
764
696
667
625
607
568
496
420
358
321
267
174
80
3
-36
-52
-137
-236
-308
-333
-303
-272
-319
-351
-357
-340
-305
-260
-237
-191
-172
-177
-163
-159
-154
-167
-189
-202
-218
-273
-316
-354
-372
-396
-431
-505
-547
-569
-580
-589
-582
-588
-595
-612
-621
-604
-589
-577
-561
-532
-515
-501
-478
-439
-404
-389
-388
-374
-343
-297
-262
-235
-178
-123
-95
-74
-35
36
119
177
220
304
413
486
501
550
647
765
839
837
869
934
984
1006
989
985
996
991
954
906
854
806
764
721
667
602
520
413
348
290
205
138
74
6
-73
-183
-261
-307
-355
-442
-550
-609
-596
-576
-613
-668
-697
-660
-605
-578
-569
-537
-465
-390
-336
-280
-223
-170
-123
-78
-26
11
33
16
29
30
-8
-37
-60
-65
-111
-179
-244
-274
-272
-306
-381
-444
-460
-468
-482
-505
-526
-513
-509
-481
-443
-401
-385
-368
-345
-299
-224
-180
-149
-96
-22
36
73
115
198
302
375
430
471
535
607
667
725
784
833
856
873
898
939
958
932
899
871
860
846
800
751
701
627
545
483
419
365
309
218
117
44
-18
-74
-134
-214
-283
-357
-407
-450
-490
-546
-595
-640
-656
-673
-687
-713
-747
-749
-722
-686
-687
-716
-719
-635
-511
-438
-435
-428
-367
-253
-131
-48
-3
31
63
107
132
166
201
199
199
143
65
36
21
-4
-58
-128
-207
-248
-277
-317
-328
-344
-353
-360
-423
-438
-412
-331
-226
-172
-155
-139
-111
-47
72
187
266
300
269
309
410
506
579
594
584
594
637
680
730
765
774
742
704
697
703
699
672
654
621
566
502
440
414
407
357
260
163
86
59
26
-19
-67
-144
-213
-265
-302
-302
-317
-358
-393
-435
-477
-516
-519
-482
-445
-461
-532
-566
-537
-477
-462
-489
-504
-492
-452
-427
-423
-420
-391
-349
-288
-256
-246
-224
-173
-111
-42
-6
-3
36
73
89
68
30
30
48
57
14
-52
-70
-53
-49
-107
-172
-202
-214
-197
-176
-156
-117
-103
-87
-66
-22
50
107
148
186
219
288
345
392
451
519
559
548
534
548
612
641
623
580
547
536
513
481
458
430
393
339
295
261
251
231
180
142
104
73
43
13
1
-13
-35
-68
-90
-99
-115
-128
-156
-183
-195
-218
-246
-274
-291
-300
-341
-384
-414
-422
-400
-372
-371
-407
-461
-476
-440
-402
-411
-448
-461
-442
-391
-398
-416
-415
-389
-323
-284
-272
-259
-237
-195
-118
-58
-42
-32
-14
37
99
100
106
121
145
164
143
111
116
148
143
117
97
92
138
179
183
189
203
230
253
269
294
321
334
333
342
352
349
332
321
302
314
310
281
251
225
235
239
218
171
132
136
164
161
138
118
104
106
99
87
95
89
69
48
35
43
57
50
34
5
6
2
-25
-41
-54
-45
-60
-80
-97
-105
-107
-122
-134
-156
-197
-229
-225
-200
-222
-259
-313
-326
-311
-322
-349
-391
-411
-435
-448
-464
-439
-429
-441
-458
-475
-445
-396
-355
-310
-281
-237
-194
-145
-90
-40
11
47
90
134
181
211
239
277
312
316
312
305
309
320
315
295
287
276
264
245
218
225
236
233
220
196
206
228
237
213
183
154
140
127
115
124
122
130
118
103
104
90
94
87
93
103
88
83
86
106
121
98
56
55
72
76
67
46
53
45
24
13
6
18
13
-1
-25
-36
-32
-60
-92
-112
-108
-102
-126
-172
-204
-228
-243
-269
-277
-269
-284
-322
-339
-345
-332
-308
-337
-377
-403
-412
-396
-390
-394
-402
-415
-409
-391
-356
-297
-245
-211
-179
-132
-79
-28
38
129
195
242
262
285
337
387
417
421
428
423
403
395
395
392
373
341
300
269
266
247
222
202
170
142
118
79
60
58
32
7
1
-7
0
-12
-17
-7
5
8
6
24
37
61
78
80
83
93
98
98
107
111
115
116
108
103
110
96
75
60
62
64
55
51
43
33
15
-2
-18
-26
-34
-77
-115
-153
-165
-175
-185
-206
-238
-283
-317
-321
-326
-335
-351
-380
-394
-414
-419
-426
-433
-426
-428
-433
-435
-406
-375
-333
-311
-285
-227
-185
-136
-80
-26
40
105
164
206
236
280
333
402
443
458
454
438
416
419
442
448
416
361
315
278
271
280
266
229
179
140
117
100
95
102
91
66
24
-4
5
4
15
9
9
-8
-26
-40
-34
-2
23
26
0
-11
-19
-20
-5
3
13
-1
-25
-28
-10
10
16
-7
-29
-30
-33
-37
-48
-43
-19
0
-16
-42
-40
-47
-82
-114
-117
-117
-118
-141
-138
-125
-124
-156
-198
-212
-202
-205
-212
-225
-254
-259
-278
-294
-293
-296
-325
-344
-329
-291
-270
-281
-288
-256
-215
-179
-146
-101
-56
2
53
103
164
216
265
298
337
368
384
408
439
446
432
411
382
383
354
329
307
269
248
229
202
171
141
112
85
59
33
15
13
-15
-15
-22
-34
-39
-35
-26
-41
-33
-26
-12
-11
-8
20
36
49
51
42
36
38
56
67
66
67
60
67
67
61
55
43
41
26
8
-1
-10
-13
-27
-45
-60
-79
-95
-104
-114
-115
-134
-160
-172
-184
-193
-210
-234
-249
-257
-283
-291
-302
-299
-305
-325
-338
-346
-359
-365
-381
-375
-343
-322
-294
-266
-247
-218
-185
-157
-111
-56
1
51
102
153
211
248
273
310
330
354
380
387
398
406
395
370
345
335
326
299
262
228
198
175
170
155
136
110
77
43
43
45
38
38
32
36
36
26
28
38
49
44
50
60
67
73
64
68
73
73
75
66
72
89
84
65
44
33
26
18
-3
-12
-11
-23
-39
-69
-75
-86
-95
-109
-135
-156
-180
-185
-187
-177
-180
-208
-235
-244
-241
-235
-244
-268
-268
-256
-245
-242
-241
-238
-233
-232
-232
-227
-214
-205
-193
-176
-162
-144
-129
-118
-104
-76
-54
-40
-13
26
68
113
126
145
172
190
202
222
257
285
322
334
343
352
339
330
311
306
298
284
246
225
220
215
202
160
131
117
102
84
73
71
69
65
63
48
34
18
-4
-15
-14
6
0
-13
-24
-34
-34
-41
-49
-50
-55
-63
-70
-63
-70
-82
-86
-95
-96
-100
-113
-118
-118
-125
-119
-125
-133
-123
-124
-137
-134
-136
-133
-135
-146
-139
-134
-137
-125
-121
-132
-120
-131
-118
-102
-95
-83
-81
-76
-82
-83
-79
-79
-83
-96
-95
-87
-82
-77
-86
-93
-97
-91
-101
-99
-86
-68
-42
-35
-16
6
33
57
103
141
169
201
221
255
276
294
312
314
320
317
312
332
335
329
317
284
254
239
223
187
159
128
108
91
68
46
19
-6
-28
-40
-34
-27
-32
-50
-66
-75
-69
-74
-71
-75
-76
-81
-90
-74
-71
-63
-61
-65
-72
-81
-88
-95
-92
-87
-78
-79
-89
-92
-93
-75
-70
-59
-51
-42
-28
-21
-19
-26
-12
-7
-4
-7
-9
-16
-25
-42
-56
-72
-70
-74
-87
-107
-129
-140
-163
-162
-177
-189
-201
-212
-222
-220
-217
-228
-222
-233
-226
-205
-192
-165
-139
-110
-71
-38
-13
35
80
122
150
181
211
243
283
313
330
344
331
326
329
329
321
299
273
244
231
216
187
152
128
101
86
69
49
30
8
-6
-25
-38
-44
-49
-49
-46
-55
-59
-62
-62
-59
-57
-49
-55
-68
-77
-64
-57
-52
-41
-41
-38
-29
-16
-11
1
7
12
22
25
25
21
25
36
36
20
6
11
15
1
-18
-33
-37
-56
-78
-95
-100
-102
-118
-125
-132
-152
-162
-170
-169
-157
-159
-162
-166
-166
-167
-170
-170
-170
-163
-157
-153
-143
-122
-107
-86
-72
-35
-2
22
48
66
96
132
165
194
224
253
269
280
290
297
309
319
311
303
305
299
275
239
209
191
170
133
104
68
40
19
-21
-60
-84
-94
-107
-120
-119
-130
-135
-139
-136
-118
-106
-103
-97
-90
-74
-59
-46
-28
-18
7
21
29
39
34
20
17
2
-2
-6
-21
-23
-23
-16
-15
-19
-35
-44
-44
-41
-44
-52
-46
-52
-55
-54
-58
-65
-78
-84
-96
-89
-85
-80
-84
-90
-85
-87
-90
-100
-107
-113
-128
-144
-143
-147
-147
-153
-160
-149
-144
-143
-135
-128
-111
-92
-64
-37
-5
11
26
53
77
108
136
158
168
186
215
242
256
265
265
253
259
266
262
248
215
199
185
168
144
123
119
105
84
48
23
21
14
7
-8
-27
-39
-29
-25
-25
-19
-12
-8
-13
-10
-4
9
22
20
16
15
10
5
-3
-2
-10
-11
-23
-30
-29
-27
-25
-43
-49
-54
-60
-67
-78
-76
-76
-93
-96
-101
-93
-82
-81
-70
-77
-76
-77
-84
-77
-66
-69
-63
-78
-84
-86
-77
-72
-81
-84
-79
-86
-107
-101
-92
-83
-88
-85
-87
-91
-93
-102
-97
-81
-66
-60
-53
-27
0
27
42
52
61
72
93
112
133
151
155
164
173
184
195
193
186
175
171
165
154
151
159
155
135
117
92
80
76
62
47
42
32
18
12
13
23
13
1
-17
-29
-26
-36
-48
-46
-45
-59
-58
-52
-55
-50
-49
-50
-59
-60
-57
-59
-56
-59
-57
-65
-67
-75
-69
-74
-81
-67
-64
-66
-69
-68
-63
-45
-49
-49
-48
-46
-39
-33
-32
-30
-18
-19
-31
-33
-21
-18
-22
-26
-40
-45
-39
-40
-52
-65
-62
-60
-66
-75
-80
-79
-82
-85
-82
-69
-55
-58
-59
-49
-32
-10
-1
16
53
84
110
109
113
127
153
172
172
186
197
196
195
186
171
168
166
162
145
125
109
102
90
84
76
75
70
63
63
60
47
14
8
6
-5
-23
-41
-39
-40
-43
-58
-68
-64
-70
-74
-75
-64
-47
-40
-31
-20
-18
-20
-22
-21
-20
-12
-7
6
8
17
5
-5
-5
-5
-6
-17
-18
-19
-24
-35
-41
-46
-31
-23
-34
-48
-49
-54
-62
-55
-50
-49
-64
-86
-98
-107
-108
-120
-135
-145
-143
-141
-142
-134
-126
-117
-117
-118
-116
-104
-74
-59
-38
-11
12
26
34
49
59
77
85
90
102
109
122
137
143
144
138
124
122
128
135
128
115
102
79
67
51
32
25
19
9
-4
-13
-23
-29
-34
-37
-34
-33
-41
-44
-32
-33
-24
-23
-25
-37
-42
-26
-27
-24
-12
-7
0
8
15
16
27
26
30
33
41
51
48
42
37
33
26
32
46
48
54
49
34
29
23
31
33
36
40
26
21
17
23
29
27
18
7
-13
-37
-37
-44
-30
-28
-34
-41
-48
-51
-61
-66
-71
-73
-60
-39
-23
3
13
11
15
20
21
27
22
36
43
49
65
67
72
86
77
70
55
41
31
29
35
24
21
7
-23
-49
-68
-93
-100
-115
-124
-132
-137
-145
-148
-147
-147
-136
-134
-130
-130
-115
-96
-87
-71
-70
-63
-54
-54
-47
-38
-27
-16
-16
-13
-8
4
26
35
32
28
42
46
54
64
65
69
64
61
68
66
55
58
58
62
59
57
59
74
67
66
70
60
63
67
73
76
77
75
71
68
70
70
68
68
71
69
73
79
76
75
78
79
76
86
87
81
79
63
60
61
58
50
37
31
12
-2
-17
-30
-32
-32
-54
-81
-93
-106
-109
-129
-137
-143
-155
-173
-169
-169
-164
-165
-167
-166
-167
-162
-163
-158
-149
-144
-142
-132
-138
-131
-110
-101
-96
-88
-69
-45
-30
-19
0
18
35
40
57
66
84
101
108
121
127
132
141
152
151
155
156
159
161
160
164
153
153
157
157
159
154
149
147
136
128
121
117
104
88
81
61
49
44
24
14
18
14
11
7
3
-1
-5
-4
-2
-5
-13
-21
-26
-40
-58
-65
-70
-77
-82
-89
-98
-114
-120
-123
-129
-143
-156
-159
-157
-154
-158
-158
-162
-158
-159
-156
-158
-164
-167
-170
-163
-157
-155
-156
-157
-152
-157
-148
-140
-130
-117
-107
-97
-82
-65
-57
-35
-21
2
31
48
61
75
91
105
117
121
133
142
146
156
165
179
190
198
200
194
192
186
178
174
172
176
181
185
182
189
182
168
162
149
145
137
122
127
116
104
92
81
81
83
79
72
69
63
60
59
56
50
54
46
43
40
29
24
21
12
3
-10
-27
-43
-70
-100
-118
-122
-124
-128
-129
-145
-165
-176
-189
-206
-213
-221
-223
-226
-230
-220
-228
-236
-241
-235
-227
-222
-226
-235
-241
-249
-245
-241
-228
-221
-216
-206
-187
-169
-163
-146
-137
-115
-96
-66
-33
-4
24
38
69
84
100
124
143
168
181
199
218
227
242
251
253
250
258
256
250
254
256
251
247
251
245
240
242
232
223
217
218
223
224
227
226
221
209
197
188
175
164
143
132
119
108
97
84
75
54
39
19
-4
-17
-39
-55
-73
-99
-99
-111
-123
-128
-138
-153
-177
-198
-208
-221
-225
-229
-249
-258
-254
-259
-262
-275
-290
-294
-301
-305
-304
-294
-292
-298
-304
-311
-304
-294
-283
-267
-246
-224
-207
-199
-199
-186
-169
-154
-136
-107
-71
-43
-18
14
40
69
87
93
101
116
137
164
185
204
220
237
252
256
267
265
265
271
281
299
312
320
329
336
331
317
314
318
312
308
304
303
306
301
295
288
275
262
243
227
200
179
171
168
161
146
133
95
72
51
38
23
-2
-21
-37
-68
-99
-119
-148
-165
-181
-201
-214
-235
-257
-268
-281
-295
-313
-327
-340
-356
-364
-381
-384
-384
-389
-402
-410
-408
-407
-408
-410
-398
-385
-365
-352
-328
-311
-286
-252
-226
-203
-173
-156
-137
-109
-86
-62
-31
-3
16
36
55
80
100
127
140
155
178
199
222
230
242
256
268
290
300
310
332
340
353
361
366
375
383
397
396
403
412
408
405
404
394
382
363
351
333
319
303
286
274
252
227
195
179
157
129
110
89
75
49
26
-8
-47
-76
-113
-145
-169
-193
-213
-235
-269
-298
-318
-332
-353
-365
-379
-395
-395
-402
-412
-413
-413
-415
-415
-416
-416
-406
-400
-394
-385
-372
-353
-342
-337
-310
-295
-274
-253
-225
-206
-194
-171
-155
-132
-107
-82
-56
-19
5
20
38
64
85
108
128
144
162
178
186
200
217
243
258
275
292
306
313
320
320
316
334
347
360
376
381
382
383
380
384
385
390
385
375
372
369
359
344
335
316
288
263
241
216
200
182
151
129
110
82
56
28
2
-31
-61
-87
-114
-143
-177
-209
-230
-259
-282
-294
-307
-325
-349
-365
-369
-375
-382
-388
-401
-403
-412
-415
-415
-412
-410
-402
-396
-393
-373
-365
-349
-337
-324
-308
-294
-275
-258
-238
-209
-185
-157
-135
-112
-97
-73
-46
-30
-16
10
37
61
83
107
135
142
161
179
197
220
236
255
273
286
303
317
326
335
345
348
349
347
350
348
351
353
358
369
371
375
363
361
354
347
344
337
331
320
309
289
272
242
214
184
156
128
112
88
66
44
14
-20
-52
-83
-116
-143
-163
-183
-215
-238
-255
-276
-294
-315
-339
-356
-359
-367
-376
-380
-382
-377
-385
-385
-383
-380
-377
-376
-378
-374
-364
-358
-353
-354
-345
-338
-323
-309
-298
-280
-260
-235
-218
-191
-162
-142
-118
-95
-67
-42
-23
4
37
69
103
127
148
176
201
221
243
274
297
324
347
361
378
395
406
414
422
428
431
438
446
450
452
440
436
423
414
392
369
346
332
315
293
268
244
224
201
187
161
138
117
98
72
57
44
29
1
-22
-44
-68
-91
-111
-127
-153
-181
-205
-222
-252
-275
-299
-316
-326
-341
-353
-370
-383
-380
-393
-400
-410
-418
-413
-413
-410
-404
-384
-377
-368
-364
-352
-340
-321
-314
-305
-294
-282
-275
-275
-253
-238
-214
-180
-152
-128
-106
-72
-45
-23
-2
37
65
95
127
161
191
209
236
252
273
299
317
342
355
370
387
407
427
437
436
425
424
426
421
415
420
413
404
397
384
374
347
331
320
305
282
255
222
196
169
144
119
81
57
26
-4
-22
-30
-52
-64
-74
-85
-103
-121
-143
-159
-171
-182
-186
-197
-207
-220
-230
-240
-258
-273
-282
-287
-290
-298
-300
-304
-312
-316
-315
-316
-318
-320
-320
-316
-310
-294
-279
-275
-265
-260
-251
-235
-221
-208
-191
-179
-171
-161
-144
-128
-115
-94
-76
-51
-24
-6
13
32
52
77
94
117
147
177
208
230
248
270
287
311
323
331
345
347
355
356
356
360
369
366
364
357
337
328
317
313
295
279
270
245
225
199
171
148
117
90
75
66
46
35
17
1
-9
-26
-38
-52
-66
-76
-84
-94
-106
-118
-130
-140
-157
-172
-187
-205
-223
-233
-241
-247
-251
-261
-277
-291
-290
-289
-278
-265
-258
-250
-245
-243
-232
-223
-225
-218
-214
-211
-205
-195
-182
-169
-162
-147
-134
-125
-110
-103
-90
-82
-75
-65
-58
-45
-33
-18
-1
10
17
30
55
76
103
130
147
166
180
192
217
232
258
273
296
319
327
335
330
332
328
329
330
321
312
309
313
307
287
271
255
230
217
197
173
159
141
121
102
83
71
53
37
22
4
-2
-22
-45
-73
-94
-115
-131
-151
-174
-193
-211
-213
-224
-234
-248
-249
-249
-255
-260
-265
-271
-270
-267
-260
-244
-227
-218
-212
-209
-211
-205
-186
-179
-167
-157
-147
-132
-122
-110
-103
-97
-98
-92
-90
-81
-67
-62
-50
-42
-27
-14
4
22
38
49
56
61
66
75
86
98
109
121
130
143
154
167
180
190
191
199
205
213
219
218
224
224
228
230
227
225
228
229
230
225
219
211
205
200
190
185
171
153
133
108
91
72
54
38
12
-15
-40
-68
-90
-107
-130
-153
-170
-175
-191
-212
-225
-231
-241
-247
-248
-253
-252
-245
-247
-244
-240
-244
-240
-229
-222
-216
-215
-199
-181
-167
-146
-135
-117
-99
-87
-70
-62
-54
-47
-32
-26
-18
-10
-1
7
12
27
38
44
55
60
56
69
80
88
98
103
112
117
122
125
132
145
144
149
154
158
159
168
171
165
168
160
160
163
169
175
180
183
182
181
183
177
167
162
160
156
158
156
148
141
132
119
105
85
71
54
41
21
2
-14
-38
-61
-92
-112
-130
-142
-153
-158
-162
-177
-187
-191
-199
-209
-213
-216
-213
-217
-217
-217
-220
-221
-226
-229
-233
-229
-219
-209
-203
-187
-166
-152
-136
-128
-123
-109
-101
-93
-85
-71
-54
-38
-15
-1
12
28
44
52
57
64
72
79
89
100
102
100
101
103
98
105
107
108
114
109
108
116
110
108
101
104
104
108
109
112
110
116
120
122
122
118
133
139
145
145
144
141
145
136
126
122
112
105
96
90
80
76
71
64
53
41
37
29
14
2
-4
-17
-34
-56
-73
-80
-90
-106
-114
-117
-123
-132
-138
-141
-155
-169
-176
-185
-191
-197
-206
-213
-209
-217
-219
-214
-208
-194
-183
-159
-146
-129
-110
-96
-76
-67
-59
-45
-27
-10
11
27
43
58
69
73
80
84
87
93
104
112
119
130
130
126
119
114
112
112
105
97
100
106
111
111
111
117
111
103
105
106
101
92
89
88
83
75
73
69
68
69
56
55
50
38
34
31
31
32
26
20
18
13
5
-3
-9
-8
-16
-20
-22
-28
-30
-38
-46
-48
-61
-70
-82
-92
-102
-114
-122
-133
-145
-154
-169
-175
-180
-190
-195
-199
-197
-194
-189
-179
-171
-163
-158
-160
-148
-137
-127
-113
-99
-88
-80
-61
-43
-27
-14
-2
14
27
36
52
64
76
93
105
114
117
127
131
134
137
142
144
156
155
150
151
154
161
157
155
158
159
159
158
158
160
161
158
150
151
150
147
144
139
134
122
112
102
99
85
79
67
53
42
28
13
0
-11
-16
-25
-39
-45
-54
-63
-76
-79
-83
-93
-101
-108
-107
-116
-117
-121
-129
-130
-135
-138
-146
-150
-151
-154
-160
-161
-167
-169
-171
-176
-178
-185
-186
-183
-179
-171
-162
-155
-137
-130
-119
-106
-99
-84
-72
-54
-42
-29
-13
-2
2
18
37
44
60
71
78
84
96
100
114
126
129
139
149
140
143
135
134
138
140
151
153
154
155
161
158
163
161
150
150
141
132
130
127
123
117
108
103
95
82
76
67
59
50
50
53
47
41
37
32
21
13
1
-7
-16
-27
-36
-51
-61
-71
-80
-89
-95
-108
-116
-124
-136
-144
-143
-148
-155
-167
-176
-183
-190
-187
-192
-192
-194
-193
-193
-193
-198
-191
-182
-179
-176
-163
-151
-147
-135
-123
-107
-95
-78
-63
-47
-33
-21
-8
-3
-1
11
21
27
31
32
48
64
75
90
106
121
131
144
158
169
179
184
189
198
207
214
223
224
224
217
218
210
203
199
192
189
193
187
171
161
147
144
139
123
110
103
84
73
63
53
51
39
33
28
19
11
3
-10
-21
-35
-40
-49
-58
-68
-83
-99
-114
-128
-146
-146
-155
-162
-165
-169
-179
-187
-195
-197
-203
-204
-204
-204
-197
-196
-189
-184
-180
-177
-176
-172
-165
-158
-146
-136
-127
-120
-110
-106
-96
-86
-77
-69
-59
-51
-43
-32
-14
-6
2
12
17
28
43
49
63
80
95
107
118
126
129
139
151
159
161
168
172
178
181
182
179
176
176
178
171
166
171
170
167
164
156
154
156
151
144
140
135
124
121
112
103
99
92
81
66
60
52
48
39
23
12
2
-11
-22
-37
-49
-59
-76
-90
-110
-117
-129
-133
-139
-149
-151
-157
-160
-155
-168
-175
-182
-182
-177
-187
-190
-187
-184
-191
-195
-196
-197
-191
-190
-191
-185
-184
-174
-160
-152
-142
-131
-117
-107
-93
-81
-69
-48
-24
-14
-4
12
26
47
61
75
86
96
109
121
132
145
158
156
161
165
172
170
175
179
180
184
179
180
176
177
175
176
177
174
173
161
152
148
145
135
134
131
126
117
106
98
92
83
77
75
65
57
45
36
27
11
4
-4
-13
-17
-26
-39
-46
-48
-63
-75
-78
-87
-98
-112
-120
-133
-149
-155
-167
-175
-175
-177
-180
-178
-176
-174
-172
-172
-178
-178
-184
-188
-187
-185
-177
-171
-164
-159
-158
-140
-134
-117
-104
-90
-67
-53
-40
-32
-21
-12
-4
2
17
22
33
41
48
63
72
79
90
92
97
105
105
110
121
127
134
141
141
140
144
141
137
143
145
146
146
139
137
132
122
115
111
109
100
99
100
99
104
106
104
108
109
105
105
103
106
105
95
91
86
79
68
59
47
27
12
0
-14
-27
-46
-61
-77
-94
-110
-124
-136
-137
-143
-150
-158
-170
-174
-179
-185
-188
-194
-197
-190
-186
-177
-173
-174
-171
-174
-164
-152
-144
-137
-125
-115
-103
-86
-72
-62
-57
-49
-41
-29
-17
-12
-2
8
11
16
26
32
40
47
54
60
69
75
76
84
86
83
83
86
87
91
97
109
113
114
110
109
113
112
116
114
113
114
116
117
117
119
122
126
132
136
137
127
116
113
107
99
91
82
75
70
63
62
55
47
38
32
27
20
15
1
-6
-14
-22
-34
-46
-62
-79
-92
-102
-110
-121
-122
-127
-136
-138
-148
-155
-164
-174
-178
-184
-190
-193
-192
-190
-190
-183
-175
-165
-158
-155
-140
-128
-120
-113
-103
-89
-67
-53
-44
-33
-25
-20
-12
-3
11
32
41
54
62
64
73
78
81
86
88
89
97
100
103
104
111
117
123
126
131
128
130
137
138
139
142
146
141
140
138
133
128
117
109
99
88
86
83
76
65
56
51
46
30
27
29
23
22
18
20
17
12
7
-4
-12
-15
-27
-33
-40
-45
-48
-59
-70
-75
-93
-103
-111
-114
-115
-120
-125
-130
-134
-133
-138
-138
-139
-142
-135
-138
-127
-120
-114
-109
-103
-92
-85
-73
-63
-60
-54
-47
-41
-30
-23
-15
-12
-13
-4
5
3
15
14
21
31
38
42
49
55
61
57
56
58
60
67
74
82
81
89
88
87
87
91
94
93
96
93
96
87
81
79
75
78
76
74
66
67
59
49
48
39
34
31
31
23
23
27
28
22
25
23
15
8
5
4
-7
-14
-23
-27
-33
-41
-46
-59
-69
-75
-84
-89
-88
-87
-86
-87
-84
-84
-85
-86
-89
-90
-94
-92
-91
-90
-88
-81
-78
-73
-66
-64
-63
-61
-56
-50
-41
-32
-25
-23
-11
-9
-10
-3
4
10
18
21
23
27
29
40
45
56
60
59
60
57
52
54
59
64
64
63
63
68
61
58
60
65
62
55
54
49
47
48
42
43
43
37
36
37
39
41
44
44
42
47
47
44
44
44
41
35
30
28
26
23
20
12
7
-1
-3
-2
-6
-7
-9
-17
-22
-25
-35
-40
-40
-42
-43
-47
-48
-53
-59
-61
-69
-76
-72
-68
-69
-69
-72
-69
-68
-65
-67
-65
-66
-66
-61
-59
-56
-55
-50
-39
-29
-23
-14
-1
0
6
10
11
16
15
18
17
13
16
15
17
12
12
16
18
13
13
14
15
19
20
24
18
25
29
28
35
45
47
51
54
52
46
48
47
42
44
39
33
41
40
40
38
32
28
25
24
20
19
19
20
24
24
29
33
28
19
10
3
0
-2
-2
-7
-11
-15
-23
-28
-35
-42
-47
-55
-61
-61
-63
-57
-60
-61
-66
-69
-68
-70
-70
-74
-68
-61
-64
-67
-66
-69
-66
-64
-68
-67
-65
-59
-52
-54
-51
-44
-37
-35
-28
-18
-10
-1
13
22
35
41
46
52
53
62
68
73
78
85
89
93
89
91
86
83
83
81
76
77
83
82
88
87
82
83
86
82
85
92
89
92
86
87
84
75
67
59
55
49
45
34
28
21
8
-6
-11
-18
-24
-29
-40
-45
-54
-63
-71
-80
-87
-94
-89
-88
-96
-92
-97
-100
-99
-108
-107
-109
-101
-100
-100
-99
-102
-105
-110
-109
-105
-100
-96
-99
-96
-94
-88
-78
-73
-59
-46
-42
-37
-31
-23
-9
4
19
28
39
51
53
57
60
64
71
72
77
82
87
86
82
84
77
69
65
60
56
58
62
60
60
55
50
44
47
47
54
51
52
54
51
50
46
41
34
31
28
30
26
30
35
33
30
25
24
22
21
22
16
14
6
2
1
-2
-3
-10
-13
-12
-22
-19
-19
-19
-22
-22
-26
-27
-32
-32
-28
-32
-36
-38
-40
-42
-45
-48
-54
-62
-62
-62
-58
-57
-59
-60
-63
-67
-63
-61
-55
-50
-50
-45
-44
-36
-33
-34
-24
-13
-6
6
13
10
9
12
22
24
26
19
22
25
21
21
24
32
37
36
40
44
38
40
42
41
47
39
41
40
32
32
31
38
42
40
36
40
41
37
36
34
28
30
27
20
17
12
10
9
11
16
17
12
8
3
-6
-2
-2
-8
-5
-2
6
6
-3
-2
-6
-16
-18
-20
-18
-24
-30
-36
-39
-46
-51
-56
-64
-60
-66
-68
-69
-67
-63
-63
-59
-60
-59
-52
-47
-45
-35
-29
-22
-16
-14
-19
-16
-16
-17
-13
-12
-8
-8
-7
-7
-6
-2
-3
4
10
16
17
21
19
19
19
19
27
23
30
27
24
23
23
28
33
34
37
40
38
40
38
46
44
44
46
42
44
45
42
39
38
35
30
28
32
33
33
25
28
36
34
36
37
42
37
34
32
29
28
23
24
18
13
9
1
-7
-10
-15
-19
-22
-31
-41
-45
-48
-55
-50
-52
-53
-53
-59
-65
-68
-66
-67
-70
-64
-57
-56
-51
-51
-48
-42
-41
-35
-36
-34
-24
-24
-16
-10
-6
-4
5
10
12
13
12
14
14
18
13
17
20
22
19
22
25
22
27
27
26
27
33
36
45
45
47
43
36
37
35
35
33
35
34
34
31
26
20
17
10
11
6
5
9
4
6
6
3
5
8
10
12
18
17
13
16
9
5
6
1
-7
-18
-18
-29
-36
-34
-39
-42
-41
-47
-53
-53
-55
-59
-66
-69
-69
-66
-61
-62
-57
-58
-57
-54
-48
-39
-34
-23
-27
-16
-13
-14
-5
-7
-4
-3
-2
-1
-1
-3
-4
5
0
5
-1
-5
-2
2
9
16
20
27
33
38
45
45
48
50
56
61
68
75
74
70
64
59
55
52
51
50
46
42
33
31
30
26
28
24
26
23
26
26
31
31
32
27
22
19
17
18
20
20
23
22
21
26
21
23
17
17
14
1
2
5
6
5
-1
-3
-11
-18
-20
-27
-30
-34
-40
-41
-42
-44
-42
-44
-42
-44
-48
-53
-49
-52
-59
-62
-67
-62
-66
-65
-69
-72
-74
-80
-83
-82
-82
-82
-78
-73
-71
-67
-64
-60
-54
-54
-46
-37
-30
-22
-14
-4
4
9
13
14
16
15
20
20
25
31
33
29
32
35
38
40
42
42
46
53
57
60
59
60
60
65
67
60
63
64
69
74
67
68
68
66
60
60
56
54
54
56
56
52
52
48
39
26
27
19
23
18
17
19
15
17
12
9
3
2
-5
-12
-17
-22
-24
-28
-37
-37
-45
-49
-55
-59
-62
-69
-70
-73
-76
-76
-76
-75
-72
-75
-76
-75
-75
-76
-73
-71
-64
-60
-56
-51
-45
-38
-30
-21
-16
-7
-10
-12
-3
-2
4
5
6
10
10
16
17
23
31
35
41
41
46
48
48
51
50
50
51
50
56
57
58
55
52
50
50
53
53
57
61
57
52
47
43
32
27
26
24
29
28
23
23
24
19
17
19
18
21
21
17
16
12
11
9
4
0
-3
-7
-11
-13
-16
-16
-14
-17
-27
-37
-45
-52
-58
-62
-63
-62
-64
-68
-68
-73
-79
-83
-84
-78
-74
-65
-62
-57
-51
-49
-44
-52
-52
-51
-56
-57
-55
-54
-46
-41
-39
-35
-27
-17
-16
-11
-8
-7
2
9
7
14
19
26
25
22
26
24
29
36
38
43
50
55
60
64
61
60
66
70
63
68
66
68
74
75
74
69
70
63
64
64
62
60
53
56
53
59
59
55
54
49
50
48
43
40
42
41
37
35
30
26
17
8
4
-2
-10
-17
-23
-24
-28
-37
-44
-51
-56
-60
-66
-71
-78
-77
-86
-91
-94
-95
-93
-91
-90
-89
-90
-87
-84
-82
-75
-75
-74
-70
-72
-73
-67
-64
-68
-69
-69
-66
-61
-54
-47
-43
-41
-38
-29
-21
-6
2
8
15
21
24
26
35
43
50
54
62
67
71
72
77
79
74
72
70
66
61
57
56
57
62
60
64
64
66
68
65
67
64
68
69
66
70
76
75
78
74
71
70
63
63
56
48
40
31
26
20
14
9
-1
-11
-18
-22
-27
-30
-34
-36
-47
-54
-57
-62
-67
-76
-80
-85
-91
-91
-90
-93
-95
-94
-97
-100
-96
-98
-98
-101
-100
-99
-97
-97
-100
-92
-93
-89
-80
-73
-65
-54
-48
-41
-30
-24
-18
-12
-1
4
15
19
26
38
47
50
54
60
65
68
77
84
88
96
98
100
103
103
105
102
102
95
93
87
85
81
77
81
76
80
80
78
78
78
75
74
67
64
59
58
53
53
52
48
40
38
30
25
18
0
-9
-19
-26
-27
-29
-32
-34
-49
-57
-65
-72
-78
-80
-76
-74
-76
-75
-74
-82
-78
-84
-87
-86
-85
-88
-89
-87
-88
-89
-90
-86
-83
-88
-88
-88
-91
-83
-82
-79
-74
-71
-66
-60
-58
-51
-44
-37
-32
-20
-12
-5
1
4
17
23
32
32
36
48
51
57
61
63
71
68
65
70
72
75
75
75
79
80
82
87
86
86
88
91
90
91
92
90
90
90
88
85
83
83
79
69
64
54
45
42
38
33
29
22
21
14
7
2
-8
-14
-18
-24
-32
-35
-40
-47
-54
-56
-61
-64
-68
-75
-77
-78
-76
-73
-70
-72
-75
-82
-81
-80
-81
-73
-73
-67
-63
-65
-59
-56
-51
-47
-48
-48
-50
-45
-41
-39
-33
-34
-32
-24
-28
-31
-27
-23
-14
-8
-7
1
10
11
13
8
13
14
18
23
29
39
39
42
40
40
41
44
42
47
48
48
47
49
51
53
59
56
56
55
53
57
57
57
58
55
58
54
53
54
50
48
46
37
33
30
30
21
18
10
3
1
0
-1
-8
-3
-12
-17
-20
-22
-25
-21
-20
-18
-20
-23
-31
-39
-36
-40
-45
-42
-42
-42
-42
-47
-49
-53
-50
-54
-52
-49
-49
-44
-43
-41
-40
-39
-39
-37
-39
-39
-32
-30
-30
-27
-22
-17
-11
-11
-6
-6
-6
1
11
13
21
25
26
31
27
26
27
27
24
24
29
29
24
24
29
29
30
29
32
32
32
31
30
37
33
31
34
35
34
33
33
31
26
25
28
27
23
23
20
22
20
20
15
9
9
5
1
-5
-8
-4
-4
-10
-12
-10
-8
-8
-9
-12
-14
-17
-19
-26
-25
-33
-40
-36
-34
-34
-31
-30
-36
-44
-51
-53
-56
-62
-62
-61
-60
-61
-58
-55
-52
-40
-37
-28
-27
-21
-20
-13
-10
-4
4
11
17
24
22
19
23
19
22
23
27
23
26
27
24
22
28
25
24
30
32
40
38
46
50
50
52
52
55
55
57
59
62
65
61
60
57
55
53
58
54
48
42
34
31
28
28
23
20
14
10
5
2
0
-2
-2
-5
-5
-8
-16
-18
-23
-30
-35
-38
-45
-52
-56
-59
-61
-62
-67
-72
-71
-78
-80
-84
-89
-87
-86
-83
-86
-82
-77
-73
-70
-64
-59
-62
-56
-47
-45
-38
-35
-30
-22
-22
-14
-6
-1
6
12
15
18
19
20
25
26
32
39
39
43
47
51
52
50
51
58
57
56
56
58
62
65
64
64
59
54
56
53
51
50
47
42
40
35
39
33
30
27
22
13
11
8
1
0
-5
-4
-7
-9
-7
-10
-9
-11
-11
-13
-14
-12
-11
-12
-11
-14
-20
-19
-24
-24
-25
-27
-27
-28
-25
-30
-28
-24
-23
-23
-26
-26
-29
-33
-32
-29
-28
-23
-20
-20
-22
-17
-17
-15
-8
-9
-9
-10
-5
-1
0
8
8
2
-1
-3
-5
-10
-10
-9
-2
-1
1
7
6
7
5
8
11
13
22
18
17
16
14
16
13
13
15
20
19
15
19
23
20
21
19
20
20
19
16
12
13
13
9
8
6
7
6
12
9
8
13
9
11
15
17
15
18
15
18
12
11
9
4
5
-1
-1
-4
-8
-12
-12
-18
-19
-32
-34
-35
-36
-37
-36
-34
-39
-39
-39
-38
-42
-39
-39
-36
-33
-28
-25
-29
-31
-28
-32
-32
-29
-28
-21
-18
-9
-8
-14
-13
-14
-14
-15
-8
-2
-1
4
11
13
18
17
15
16
18
27
33
31
35
40
38
44
35
38
43
38
45
43
44
48
47
45
47
43
44
43
40
41
43
38
35
31
28
27
23
24
19
20
21
23
23
20
23
22
25
21
16
13
15
13
8
3
-5
-8
-14
-18
-25
-33
-35
-42
-40
-42
-50
-46
-48
-47
-47
-50
-51
-47
-42
-45
-39
-43
-41
-37
-41
-42
-44
-44
-41
-45
-41
-36
-43
-42
-42
-41
-40
-38
-34
-39
-36
-36
-34
-30
-28
-24
-23
-17
-15
-13
-9
-7
-2
3
8
10
13
19
20
26
26
30
30
33
35
36
42
50
45
43
45
48
50
51
52
50
52
52
50
44
47
44
40
41
44
45
46
40
36
34
27
22
16
13
8
6
2
-4
-6
-13
-17
-20
-26
-29
-32
-38
-40
-37
-32
-30
-28
-28
-22
-21
-14
-16
-16
-14
-15
-14
-18
-15
-13
-18
-20
-23
-29
-29
-30
-27
-32
-35
-30
-27
-27
-27
-25
-27
-28
-29
-25
-21
-15
-13
-7
-1
1
8
8
13
16
18
16
21
28
26
32
34
33
37
42
43
39
43
41
40
45
40
44
42
47
46
42
39
36
37
34
33
34
29
29
27
25
22
23
20
18
16
10
7
3
-1
-9
-14
-21
-23
-26
-29
-30
-36
-36
-40
-37
-38
-38
-36
-39
-36
-35
-36
-35
-34
-34
-34
-33
-32
-38
-38
-38
-42
-38
-36
-40
-38
-36
-35
-33
-34
-34
-32
-32
-29
-23
-22
-21
-16
-12
-4
-3
-2
1
3
8
6
11
12
17
19
17
20
20
22
25
25
28
27
30
30
30
29
29
27
26
25
25
27
29
27
31
30
26
25
25
25
24
27
26
27
27
24
25
22
20
20
21
20
18
16
16
14
9
6
4
1
4
5
0
1
-1
-2
-5
-4
-10
-12
-12
-14
-16
-15
-15
-16
-18
-20
-19
-21
-21
-16
-18
-16
-13
-12
-11
-13
-18
-23
-28
-30
-35
-33
-32
-29
-27
-25
-25
-24
-25
-26
-23
-24
-20
-21
-19
-15
-13
-7
-11
-9
-9
-8
-5
-5
-1
1
5
6
10
10
11
16
15
18
18
21
24
24
25
24
24
23
25
25
30
28
31
37
36
40
39
39
39
37
35
31
29
29
27
27
27
23
16
12
8
4
0
-1
-1
-2
-1
-5
-3
-5
-8
-9
-7
-3
-5
-4
-7
-10
-13
-17
-19
-22
-29
-27
-30
-34
-36
-38
-42
-41
-38
-42
-39
-42
-40
-38
-41
-40
-37
-38
-38
-32
-31
-27
-23
-21
-17
-15
-15
-12
-6
-5
-6
-3
-4
0
2
1
-1
-2
-1
-2
1
-3
0
0
0
1
3
4
6
8
11
12
14
17
19
19
21
25
25
26
28
30
35
38
38
37
35
34
31
32
33
33
31
31
32
30
27
26
22
18
15
12
16
13
10
8
10
12
9
7
10
14
14
15
14
12
12
8
5
7
5
3
0
-5
-8
-8
-14
-18
-20
-23
-26
-26
-26
-26
-27
-25
-28
-25
-24
-25
-24
-22
-21
-17
-19
-18
-15
-12
-8
-8
-5
-6
-5
-4
-7
-5
-8
-11
-10
-10
-11
-9
-6
-7
-5
-7
-8
-5
-1
0
-1
4
7
7
7
7
7
10
11
8
9
5
6
4
6
7
8
8
10
13
14
16
12
11
9
11
13
12
12
11
7
6
4
2
2
2
0
-2
-2
-3
-5
-5
-2
-1
0
-4
-7
-10
-12
-13
-15
-14
-18
-22
-21
-24
-26
-29
-26
-28
-28
-23
-21
-16
-14
-12
-11
-8
-8
-6
-2
0
1
2
4
1
0
0
4
7
7
8
10
9
11
10
6
6
5
5
3
3
3
5
8
8
9
11
11
12
12
10
11
13
13
12
14
9
9
11
14
14
14
11
10
10
11
9
7
7
3
5
-1
1
4
5
8
11
11
12
12
10
9
9
10
8
9
10
10
6
10
6
8
9
7
5
5
5
4
3
4
4
5
3
3
3
2
4
-1
-1
-1
-6
-7
-11
-13
-14
-19
-21
-20
-19
-21
-23
-28
-27
-30
-34
-36
-39
-40
-39
-39
-38
-34
-34
-34
-32
-32
-33
-31
-28
-26
-21
-17
-11
-6
-7
-4
-5
1
2
2
3
7
9
11
12
14
14
13
16
16
19
21
22
26
24
23
21
20
22
22
25
25
25
26
29
29
28
31
26
28
28
26
26
28
26
24
23
21
20
15
13
8
6
5
6
4
0
1
-4
-5
-3
-2
-4
-3
-3
-3
0
-2
0
-1
0
3
3
0
1
-2
-3
-6
-7
-8
-10
-12
-15
-14
-16
-19
-19
-16
-18
-19
-19
-16
-18
-16
-15
-13
-10
-12
-11
-8
-8
-8
-7
-8
-8
-6
-5
-5
-4
-6
-5
-4
-3
-2
-3
-1
-1
-2
-1
2
1
-3
-2
-1
-1
2
3
2
2
3
2
-1
0
-2
1
6
3
7
7
6
8
5
9
7
7
10
9
9
6
4
4
2
0
-1
-1
-5
-6
-6
-6
-4
-4
-6
-7
-5
-6
-5
-4
-4
-3
-1
1
0
1
0
-1
-3
-3
-4
-4
-4
-6
-8
-7
-8
-10
-11
-11
-12
-11
-11
-12
-9
-9
-9
-12
-11
-9
-7
-5
-3
-2
-2
3
3
6
8
11
14
14
15
14
16
17
15
16
16
17
15
16
17
16
14
12
11
10
11
11
11
10
8
9
6
7
8
7
7
6
5
4
5
2
2
1
2
3
2
1
0
-2
0
1
1
1
2
4
3
4
4
2
5
5
2
2
1
2
2
0
-2
-1
-2
0
2
-1
2
1
1
2
1
-1
-3
-6
-6
-5
-7
-7
-11
-10
-11
-11
-13
-13
-15
-17
-19
-22
-20
-18
-20
-20
-19
-19
-18
-18
-17
-16
-16
-15
-14
-16
-17
-15
-13
-14
-14
-12
-15
-11
-10
-9
-6
-5
-4
-3
-4
-4
-1
-1
0
1
3
4
7
7
8
8
7
11
8
11
14
16
19
20
21
19
23
24
23
22
21
21
23
22
21
22
20
21
20
18
17
16
18
16
16
17
20
19
17
17
19
16
12
12
11
10
10
10
9
5
3
0
-1
-6
-6
-7
-9
-10
-12
-12
-15
-17
-18
-20
-21
-22
-22
-22
-23
-22
-23
-22
-22
-24
-27
-25
-25
-24
-26
-25
-22
-19
-15
-13
-12
-9
-7
-4
-4
-1
0
1
4
5
3
5
3
4
5
6
7
6
5
4
5
5
4
4
5
6
6
7
7
11
9
9
10
10
10
9
7
8
8
4
4
5
2
3
3
4
2
3
3
5
4
4
4
2
2
1
3
1
-1
-1
-2
-1
-1
-1
-2
-2
-3
-6
-4
-4
-3
-2
-3
-5
-4
-5
-6
-8
-7
-6
-7
-5
-5
-5
-3
-2
-2
0
-1
-2
-3
1
3
5
3
3
5
5
7
7
8
6
4
4
2
2
3
5
4
3
4
4
2
4
3
2
2
1
2
3
2
1
-1
-3
-4
-4
-3
-5
-4
-3
-3
-4
-5
-1
-1
0
-1
0
0
-1
-1
-3
-3
-3
-2
-1
-3
-4
-2
-3
-1
-2
0
-1
-1
0
0
0
1
0
-1
-1
-2
-1
-1
-1
1
3
2
0
0
1
0
1
0
-1
1
1
0
0
1
1
1
-1
-1
-1
-1
-2
-2
-4
-6
-6
-6
-5
-5
-7
-6
-6
-8
-8
-9
-7
-7
-9
-6
-7
-7
-7
-7
-6
-7
-5
-4
-3
-3
-1
0
2
1
2
5
6
7
9
10
11
11
11
11
11
11
12
11
11
10
9
8
10
10
11
13
13
14
12
14
12
14
12
13
13
12
13
12
12
10
10
8
6
5
5
5
6
6
5
6
4
3
2
0
-1
-3
-5
-4
-6
-8
-8
-8
-12
-12
-13
-11
-11
-11
-11
-7
-7
-8
-8
-10
-12
-13
-11
-14
-13
-13
-14
-14
-16
-15
-17
-16
-16
-16
-16
-14
-15
-15
-13
-12
-11
-10
-10
-10
-9
-9
-8
-7
-5
-7
-5
-6
-5
-3
-1
1
2
4
7
5
7
8
9
10
10
9
9
8
9
11
9
11
12
12
13
13
10
10
10
10
8
9
9
11
11
11
11
10
8
8
7
7
7
5
6
4
5
4
4
2
2
2
0
0
-2
-2
-4
-4
-4
-8
-5
-5
-6
-8
-8
-7
-7
-8
-6
-5
-4
-5
-6
-5
-5
-4
-5
-4
-4
-2
-2
0
-2
-1
2
0
0
0
1
1
5
6
8
6
6
7
4
6
5
6
7
7
8
9
9
9
5
4
5
3
5
5
4
1
1
-1
-1
0
-1
0
-1
0
-1
1
1
0
0
0
0
-1
-2
-2
-3
-4
-4
-5
-5
-6
-7
-9
-7
-8
-7
-9
-9
-11
-11
-12
-12
-12
-11
-8
-9
-8
-8
-7
-7
-7
-5
-3
-2
-3
-2
-4
-3
-4
-4
-2
-2
1
0
-1
1
1
2
4
4
3
5
3
5
4
3
3
4
4
3
4
3
3
3
2
1
2
1
1
2
1
0
3
5
5
4
4
3
5
6
7
6
8
8
8
9
7
7
7
8
8
9
7
7
7
5
5
3
3
4
4
5
4
3
0
-2
-3
-2
-1
-2
-4
-3
-3
-5
-4
-8
-7
-7
-7
-6
-6
-7
-6
-6
-4
-5
-5
-4
-3
-4
-3
-4
-2
-2
-3
-2
-4
-3
-3
-3
-2
-5
-3
-4
-5
-4
-3
-1
-2
-1
-2
-3
-2
0
0
1
3
3
2
1
2
1
1
1
1
0
1
2
3
1
1
2
1
2
3
4
5
6
7
6
7
6
6
6
6
5
4
4
5
5
3
3
4
2
2
3
4
3
4
3
3
1
0
1
1
1
0
-1
-1
-1
-1
-1
-2
-2
0
-1
-1
-2
0
-3
-2
-2
-1
-1
-2
0
-1
-1
-2
-4
-3
-4
-5
-8
-6
-7
-7
-5
-6
-7
-7
-9
-8
-8
-8
-8
-7
-7
-9
-8
-9
-9
-10
-11
-10
-8
-7
-6
-5
-6
-4
-5
-4
0
-2
-1
-2
0
0
-1
-1
-3
0
0
0
3
3
5
7
8
9
9
11
12
11
11
11
12
12
10
11
11
11
10
11
11
12
12
11
10
9
9
8
7
6
6
5
5
2
2
1
1
1
2
2
0
1
1
1
0
0
0
0
1
0
-2
-2
0
-2
-2
-3
-3
-2
-3
-3
-3
-3
-3
-5
-6
-7
-7
-7
-8
-8
-8
-9
-8
-10
-10
-10
-9
-10
-10
-10
-9
-9
-11
-9
-8
-7
-7
-6
-4
-4
-3
-4
-3
-3
-3
-1
-1
0
2
1
0
1
2
3
1
1
0
0
2
1
2
3
3
4
5
3
5
5
4
5
5
5
4
5
5
6
7
6
7
9
7
6
6
7
4
3
3
1
2
1
2
0
-1
-2
-3
-6
-5
-4
-4
-3
-3
-3
-3
-4
-3
-3
-3
-2
-1
0
0
1
1
2
2
2
2
2
1
3
4
3
3
3
2
0
0
-1
-1
-1
-1
-2
-2
-2
-2
-2
-2
-1
-2
-2
-2
-1
-1
-1
0
0
1
1
0
1
1
3
2
3
4
5
4
5
3
4
2
3
2
2
3
4
2
3
3
2
1
1
2
2
3
3
3
4
6
5
5
4
6
6
5
5
5
4
2
3
2
2
0
0
0
1
1
1
1
0
0
-1
-1
-2
-2
-1
-1
-3
-2
-1
-2
-3
-4
-4
-4
-4
-6
-6
-6
-7
-5
-5
-5
-6
-6
-7
-8
-8
-7
-10
-11
-12
-13
-13
-14
-14
-14
-14
-13
-13
-10
-11
-9
-9
-9
-7
-7
-7
-7
-5
-5
-2
-2
-2
-1
-1
-1
-1
-1
1
1
1
-1
-1
1
1
3
4
6
6
6
7
8
8
9
11
13
14
13
14
14
14
15
13
13
11
11
10
11
10
11
10
9
9
8
9
9
8
7
6
5
6
5
6
6
6
5
4
3
3
1
2
1
2
1
-2
0
-2
-4
-5
-7
-7
-9
-10
-10
-10
-11
-11
-12
-11
-11
-8
-9
-9
-7
-6
-5
-4
-5
-4
-5
-4
-4
-3
-3
-1
0
0
0
0
0
1
2
1
0
1
2
0
-1
-2
0
0
2
1
0
-1
0
2
2
3
2
2
4
3
2
4
3
4
3
2
2
4
3
1
2
3
2
2
1
0
1
0
1
0
0
0
-1
-1
-1
-1
-3
-3
-2
-3
-4
-4
-2
-2
-2
-2
-2
-1
-1
-1
-1
0
-1
-1
0
0
0
0
-1
-1
0
0
0
1
1
1
0
0
-1
-1
-2
0
0
-2
-1
-1
-1
-1
-2
0
-1
-1
0
2
3
2
2
1
2
2
0
1
0
0
1
0
0
0
1
2
2
1
2
2
3
3
3
3
4
5
4
5
5
4
5
5
7
6
4
1
2
1
0
1
1
1
1
0
-2
0
-1
-2
-1
-1
-1
-2
0
-2
-1
0
-1
0
0
0
0
0
-1
-1
-1
-1
0
-1
-2
-3
-2
-3
-4
-3
-3
-6
-6
-4
-5
-6
-5
-6
-3
-4
-2
-1
-1
-2
-1
-2
-2
-2
-2
-1
0
-1
-1
-2
-3
-2
-3
-3
-2
-2
-2
-1
-2
-2
-2
-2
-3
-3
-1
-2
-1
-2
-1
-1
-1
-1
0
0
0
1
2
3
3
3
3
3
3
4
4
3
3
4
3
3
5
5
6
7
6
7
6
5
5
5
5
5
5
4
6
5
5
4
3
3
4
4
5
4
2
2
3
2
1
1
0
1
-1
-1
-2
-3
-3
-4
-4
-4
-4
-4
-4
-4
-4
-2
-3
-3
-2
-2
-4
-3
-3
-3
-4
-3
-3
-3
-3
-3
-3
-3
-3
-4
-5
-3
-5
-4
-5
-4
-4
-2
-3
-2
-1
-2
-2
-1
-1
-1
0
-1
-1
0
1
0
1
1
1
0
1
1
1
1
1
1
0
2
2
2
3
2
2
3
2
3
3
2
3
3
3
2
4
4
5
4
3
2
1
2
2
2
3
2
3
3
3
2
2
3
0
-1
-2
-3
-2
-1
-1
-1
0
-2
-2
-1
-2
-2
-2
-2
-1
-3
-5
-5
-5
-6
-6
-6
-5
-5
-4
-4
-5
-5
-5
-4
-4
-4
-2
-1
-2
-1
0
1
1
2
3
3
2
2
3
3
2
3
3
2
1
1
0
2
1
2
2
2
2
3
3
3
4
4
5
4
4
3
5
4
4
4
3
4
4
3
2
2
2
2
1
2
2
1
1
0
0
0
-1
-1
-1
-3
-2
-3
-2
-1
-2
-2
-3
-3
-3
-3
-2
-2
-1
-1
-2
-2
-3
-3
-4
-3
-4
-4
-4
-5
-5
-5
-5
-5
-5
-4
-4
-4
-3
-2
-2
-1
0
0
-1
1
1
0
0
1
2
1
1
1
1
1
0
0
1
0
2
1
2
1
1
2
1
1
2
2
4
3
2
3
1
1
2
1
1
3
2
2
2
1
1
2
2
2
1
2
1
2
1
1
1
1
2
3
3
3
3
4
2
2
2
3
1
1
1
1
0
2
2
1
0
1
1
-1
0
-1
-2
-2
-4
-4
-5
-5
-5
-4
-4
-2
-2
-3
-2
-3
-3
-2
-4
-3
-2
-2
-2
-1
-2
-1
-2
-2
-3
-2
-3
-2
-3
-3
-3
-4
-2
-4
-4
-4
-3
-4
-3
-2
0
0
1
1
2
2
2
3
2
2
2
2
1
1
-1
-1
-1
0
1
1
2
1
0
1
3
3
3
4
4
5
4
4
5
6
5
6
5
5
5
3
5
3
4
5
4
5
4
4
4
3
3
3
1
0
0
0
-1
-1
0
0
1
1
0
-1
-1
-2
-2
-2
-2
-3
-5
-5
-7
-5
-7
-5
-5
-6
-5
-7
-6
-6
-5
-5
-5
-4
-3
-2
-1
-1
-1
-1
-2
-1
-1
0
0
0
-1
0
0
1
1
2
2
2
2
2
3
3
3
2
2
0
2
0
0
0
-1
0
1
0
2
2
4
3
4
4
5
5
4
5
4
5
2
3
3
2
3
2
2
3
0
1
1
0
1
2
2
2
2
2
2
2
