1
2
2
1
1
1
1
1
2
1
1
1
0
-1
-1
-1
-2
0
0
-1
0
0
-1
1
0
0
-1
0
-1
-1
-2
-2
-2
-1
-2
-1
-1
-1
-2
-2
-2
-2
-2
-1
-1
-1
-2
-1
-1
-2
-1
-2
-3
-2
-2
-2
-3
-1
-2
-2
-2
-1
-1
-2
-1
-2
-1
-1
-2
-3
-1
-1
-1
-1
-1
0
-2
0
-1
1
0
0
0
0
0
0
2
0
0
0
0
0
1
1
0
2
1
0
1
1
2
1
0
1
1
1
1
3
2
2
1
2
2
2
1
2
1
1
1
1
0
0
0
1
-1
-1
1
0
0
0
1
0
0
0
1
0
0
1
-1
0
1
0
0
0
0
0
0
0
1
0
0
-1
0
0
0
0
0
-1
-1
-2
-2
0
0
-1
-2
0
-2
0
-1
0
0
0
0
-1
-1
0
1
-1
1
1
0
1
1
2
1
1
0
1
1
0
1
1
0
0
0
0
0
0
-1
0
1
0
0
-1
0
-1
-1
-2
-1
-2
-1
-1
-2
-2
-1
-2
-1
-2
-1
-1
-1
0
1
1
0
2
1
2
1
2
1
1
1
1
2
2
0
1
1
0
0
0
2
2
0
1
1
1
1
0
0
1
0
0
0
1
0
-1
0
-1
1
-1
-1
0
-2
-1
-3
-2
-1
-1
-1
0
-1
-2
-1
-1
-2
-2
-3
-2
-2
-2
-2
-2
-1
-1
-2
-1
-1
-1
-1
-2
-1
-2
-1
-2
-2
-1
-1
0
0
-1
0
0
0
1
0
0
0
1
0
0
1
1
1
1
2
3
4
3
3
3
3
2
2
3
2
3
3
2
2
2
2
2
2
2
2
2
1
1
1
0
1
1
1
0
0
0
1
0
0
0
-1
1
1
-1
-1
-2
-2
-1
-2
-2
-2
-1
-1
-2
-2
-2
-1
-1
0
0
0
0
0
0
-1
1
1
0
0
-1
0
-1
0
0
-1
-1
1
0
0
1
0
1
0
0
0
1
0
2
1
1
1
2
1
1
2
1
2
2
2
3
2
1
2
1
0
1
0
0
-1
-1
-1
-1
-2
-1
-1
-1
-3
-2
-1
-1
-3
-3
-2
-1
-2
-2
-2
-3
-2
-3
-4
-3
-2
-2
-2
-1
-2
-2
-2
-1
-2
-1
-2
-1
-1
-2
-1
-3
0
-2
-1
-1
-1
-1
-2
-1
-1
0
-1
0
0
1
2
2
2
2
2
1
1
2
1
1
2
2
1
2
1
0
1
2
1
2
3
4
2
3
4
3
2
2
3
2
3
2
2
2
2
1
2
2
2
2
2
2
2
1
0
0
0
0
1
1
1
0
1
0
0
-1
-1
-1
-1
-2
-2
-1
-3
-3
-4
-4
-3
-3
-3
-2
-3
-3
-4
-3
-2
-3
-3
-1
-2
-1
-1
0
0
0
0
0
1
1
0
1
1
1
2
2
1
1
1
1
1
1
2
2
0
1
1
1
1
2
2
1
2
1
1
2
2
1
1
2
0
1
0
-1
-1
-1
-2
-2
-2
0
-1
-1
0
-1
-1
-1
-2
-2
-1
-2
-1
-1
-2
-2
-2
-1
-2
-2
-1
-2
-1
0
0
0
-1
-1
0
-1
-1
-1
-1
-1
-1
0
-2
0
1
0
-1
1
-1
-1
0
-2
-1
0
1
1
1
2
2
1
1
1
0
1
1
0
2
3
3
3
2
3
3
3
3
2
2
2
1
1
1
1
1
1
1
1
1
0
0
1
0
0
1
1
1
2
2
2
2
1
3
2
2
1
1
2
1
0
0
-1
-1
0
-2
0
-1
0
0
0
1
0
0
0
0
0
-1
-2
0
-1
-1
0
-2
-2
-2
-2
-2
-1
-1
-2
-1
-1
-2
-1
-1
-2
0
0
0
1
0
-1
0
0
1
0
-1
0
0
0
-1
-1
-1
-2
-1
-2
-2
-4
-2
-3
-3
-3
-4
-3
-4
-3
-3
-3
-3
-3
-3
-2
-2
-2
-2
-2
-2
-1
0
-1
-1
-1
0
0
1
1
2
3
3
2
3
3
3
3
3
2
2
1
3
3
2
3
3
3
3
3
3
2
2
1
2
2
2
2
2
2
0
1
0
1
0
1
0
1
0
-1
0
0
0
0
-1
1
-1
0
-1
-1
0
-1
-1
-2
-2
0
0
-1
-1
-2
-1
-2
-2
-1
-1
-2
0
0
1
-1
-1
-1
-1
-1
-2
0
-1
0
-2
0
0
-1
0
1
0
0
0
0
1
1
2
2
1
2
2
2
2
2
1
2
2
1
2
2
3
1
1
1
0
0
1
2
0
1
2
0
1
1
0
0
0
0
0
-1
-1
0
0
-1
0
-2
-1
-1
-2
-2
-2
-3
-2
-2
-2
-2
-2
-2
-3
-2
-2
-2
-2
-1
-2
-2
-2
-4
-3
-2
-2
-3
-2
-1
0
0
0
0
0
0
0
1
1
1
2
1
1
1
2
1
2
2
2
2
1
2
0
2
1
1
2
1
1
1
3
2
1
2
1
2
2
1
1
1
1
0
0
1
0
0
-1
-1
-2
-1
0
0
0
-1
-1
-1
-1
-1
-1
0
-1
-1
-1
0
0
0
0
0
0
0
0
1
1
0
1
1
1
1
1
2
2
3
3
2
2
1
2
1
1
0
0
0
1
1
0
0
0
0
1
0
1
0
0
0
0
0
-1
0
-1
-1
-2
-2
-2
-2
-1
-1
-1
-3
-3
-2
-3
-2
-2
-2
-3
-3
-2
-4
-3
-2
-2
-2
-2
-3
-3
-2
-2
-1
-1
-1
-1
-1
-1
-1
-1
0
-1
-2
0
0
0
-1
-2
-1
0
0
0
0
1
1
1
1
0
2
1
1
1
1
2
2
2
2
0
1
0
1
1
2
1
2
2
1
0
0
1
0
-1
0
1
2
1
1
1
1
1
0
1
2
1
1
1
2
2
1
1
1
-1
1
1
0
3
1
1
1
1
1
1
1
1
1
1
1
1
1
1
0
0
0
0
0
0
0
-1
0
0
0
-1
-1
-1
0
-1
-1
-1
0
1
-1
-1
0
1
0
1
-1
0
0
0
0
-1
0
0
0
1
0
1
0
0
-1
0
0
-1
-1
-1
-1
-2
-1
-1
0
0
-1
-1
0
0
-1
-1
0
-1
0
0
0
-1
-1
-1
-1
-2
-1
-2
-1
-1
0
-1
-1
0
-1
-1
-1
-2
-3
-2
-1
-1
-2
-2
-1
-1
-1
-2
0
0
1
0
1
1
2
2
1
2
2
3
3
2
2
1
1
2
2
3
3
2
3
2
2
1
2
1
1
1
1
1
1
1
1
1
1
0
1
0
1
1
0
0
0
-1
0
-1
0
-1
-2
0
-2
-1
-1
-1
-1
0
-2
0
0
-1
0
0
-1
-1
-2
-2
-1
-2
-1
-2
-1
-1
-2
-1
-2
-2
-4
-3
-2
-2
-3
-3
-1
-1
-2
-1
-2
-2
0
-1
-1
0
0
-1
0
1
2
2
2
1
3
2
3
3
3
3
2
4
3
4
3
3
2
1
2
1
2
0
1
2
1
0
0
-1
-1
-2
-1
0
0
-1
-1
-2
-2
-3
-3
-2
-2
-2
-1
-1
-3
-2
-2
-2
-1
-1
0
0
0
1
0
1
0
0
0
0
1
1
0
0
0
-1
0
-1
-1
-1
0
-2
-2
-1
-2
0
-1
0
0
0
0
0
1
0
0
2
1
3
2
2
1
2
3
4
5
4
5
4
4
4
5
4
4
3
5
4
4
3
3
2
2
1
2
0
1
1
1
0
-1
-3
-3
-5
-4
-4
-5
-5
-4
-4
-4
-3
-5
-4
-4
-4
-4
-3
-3
-4
-4
-5
-5
-4
-5
-5
-5
-4
-3
-3
-2
-2
-3
-2
-1
-1
-1
0
-1
0
-2
-1
0
-1
0
1
1
2
1
0
1
1
1
2
1
2
1
2
1
2
3
2
2
3
2
3
3
3
3
2
3
3
3
3
3
3
4
3
2
2
3
3
2
2
1
2
0
1
1
2
1
1
2
1
0
0
1
2
0
1
0
1
1
1
2
2
1
1
1
0
1
1
1
1
1
1
0
0
-1
-1
-1
-2
-1
-2
-2
-3
-3
-2
-3
-2
-3
-3
-3
-3
-4
-3
-2
-3
-2
-2
-2
-1
-1
-2
-2
-2
-2
-2
-1
-2
-2
-3
-3
-4
-3
-3
-4
-4
-4
-3
-4
-5
-5
-5
-5
-5
-4
-3
-3
-3
-3
-1
-1
1
0
1
2
2
2
3
5
5
6
7
7
8
8
8
9
8
8
9
8
8
7
7
9
9
9
7
8
7
7
7
7
7
6
6
6
5
5
5
5
4
3
3
2
1
1
1
0
-2
-3
-2
-3
-3
-4
-5
-6
-7
-7
-7
-7
-8
-9
-9
-10
-10
-11
-11
-11
-12
-12
-12
-12
-12
-13
-14
-14
-15
-16
-15
-16
-17
-16
-16
-14
-13
-14
-14
-13
-13
-11
-11
-8
-8
-5
-4
-3
-1
-1
0
1
2
2
4
5
7
8
10
11
12
14
15
16
18
19
20
21
22
22
23
24
24
24
25
24
25
25
26
25
25
24
23
23
21
20
19
18
16
16
15
13
12
10
7
6
5
4
3
1
0
-2
-3
-4
-6
-8
-9
-12
-14
-14
-17
-17
-18
-20
-20
-21
-21
-22
-21
-22
-23
-23
-22
-22
-22
-23
-24
-24
-23
-23
-22
-22
-21
-21
-21
-21
-20
-18
-18
-15
-16
-16
-16
-14
-13
-13
-13
-13
-13
-14
-12
-12
-13
-13
-14
-14
-14
-14
-14
-13
-13
-11
-10
-7
-5
-2
1
3
8
11
14
18
20
23
26
30
33
35
37
41
42
45
46
46
48
48
48
48
49
48
46
43
40
38
36
34
30
29
26
23
19
16
15
13
10
10
10
9
9
8
8
8
9
5
5
4
3
2
0
0
-2
-4
-6
-8
-10
-12
-17
-18
-20
-23
-25
-27
-30
-31
-34
-35
-37
-39
-40
-43
-44
-44
-44
-45
-45
-43
-44
-44
-44
-43
-42
-41
-39
-39
-38
-36
-36
-35
-36
-37
-36
-35
-37
-37
-36
-35
-35
-36
-38
-38
-38
-41
-41
-41
-39
-36
-33
-29
-24
-18
-10
1
12
24
37
50
63
80
94
108
120
131
140
148
152
153
153
147
138
128
115
101
92
77
62
50
37
26
16
7
1
-4
-7
-7
-4
1
6
10
15
16
17
20
22
23
24
25
21
18
15
9
3
-3
-9
-14
-23
-32
-37
-44
-53
-59
-67
-74
-79
-82
-88
-92
-95
-96
-98
-97
-94
-93
-90
-87
-79
-72
-68
-60
-53
-47
-41
-39
-34
-31
-31
-28
-27
-27
-30
-35
-35
-36
-39
-41
-43
-48
-57
-68
-78
-91
-102
-108
-110
-107
-101
-93
-85
-78
-68
-54
-33
-10
16
43
72
107
142
178
208
237
261
282
295
305
303
295
279
257
231
202
169
133
95
60
32
8
-13
-32
-48
-58
-60
-56
-43
-26
-11
8
26
44
58
73
84
94
104
109
116
118
112
108
100
88
73
54
37
19
1
-15
-28
-45
-67
-86
-107
-121
-132
-145
-156
-167
-175
-179
-182
-180
-179
-178
-171
-159
-146
-134
-120
-112
-103
-91
-81
-72
-66
-65
-66
-66
-70
-77
-83
-91
-100
-104
-107
-111
-110
-114
-112
-112
-112
-110
-104
-101
-102
-104
-105
-102
-105
-116
-133
-150
-153
-141
-119
-107
-106
-102
-90
-68
-34
-1
37
75
113
163
224
282
330
376
415
450
483
504
514
503
479
457
427
394
342
284
225
169
118
70
38
4
-32
-65
-84
-87
-75
-62
-42
-19
4
27
51
78
99
119
145
165
186
202
210
216
215
211
203
180
148
116
87
58
29
-7
-53
-96
-137
-174
-209
-240
-270
-304
-320
-334
-341
-341
-342
-335
-330
-315
-295
-271
-248
-222
-205
-191
-169
-154
-139
-123
-120
-117
-115
-122
-128
-138
-153
-162
-173
-184
-193
-197
-197
-204
-206
-203
-210
-210
-198
-183
-174
-161
-154
-141
-138
-141
-152
-180
-204
-194
-157
-119
-102
-102
-95
-65
-17
37
84
124
171
230
311
395
475
531
575
617
659
698
723
715
684
645
600
547
487
409
320
224
140
85
39
-12
-72
-132
-173
-185
-157
-122
-87
-60
-22
35
88
142
188
213
237
274
328
367
399
411
413
422
424
412
379
327
270
220
170
117
37
-49
-144
-226
-289
-342
-396
-462
-516
-550
-569
-576
-574
-571
-560
-532
-494
-442
-396
-359
-326
-306
-281
-249
-217
-195
-188
-179
-168
-157
-162
-177
-194
-206
-221
-229
-236
-250
-266
-287
-303
-304
-291
-300
-315
-315
-306
-286
-264
-245
-228
-214
-206
-216
-239
-271
-286
-254
-190
-125
-97
-92
-80
-39
22
77
136
171
223
289
376
476
554
627
672
714
764
822
861
865
834
797
744
683
602
510
410
320
244
173
125
69
12
-60
-119
-146
-133
-82
-24
33
73
135
182
214
249
278
311
335
383
418
448
458
458
464
453
432
389
340
285
235
181
113
30
-78
-173
-246
-333
-388
-452
-518
-571
-619
-665
-694
-699
-712
-710
-688
-644
-602
-564
-514
-477
-442
-396
-358
-307
-282
-255
-224
-203
-181
-187
-189
-200
-222
-241
-241
-233
-253
-265
-286
-294
-298
-315
-313
-318
-319
-312
-280
-247
-238
-240
-248
-224
-223
-244
-283
-319
-293
-238
-160
-107
-99
-85
-45
23
101
185
251
319
388
469
575
671
761
822
858
908
957
1001
1004
971
915
849
775
680
579
480
377
281
197
123
58
-15
-69
-107
-131
-143
-119
-75
-24
47
99
144
179
201
229
270
318
350
379
401
438
463
455
439
411
368
302
235
185
126
63
-15
-105
-204
-297
-380
-449
-509
-568
-613
-655
-694
-727
-741
-743
-731
-696
-658
-620
-577
-536
-475
-415
-356
-309
-282
-246
-212
-168
-133
-118
-115
-151
-173
-203
-225
-235
-255
-271
-283
-294
-306
-308
-325
-338
-346
-348
-347
-323
-297
-268
-241
-233
-214
-183
-159
-164
-201
-234
-219
-128
-19
41
59
51
69
118
189
255
310
352
403
481
570
668
734
777
805
835
892
955
965
940
893
840
770
683
595
491
396
295
206
122
53
-10
-63
-115
-160
-169
-162
-129
-83
-11
55
102
133
151
177
201
232
256
284
316
319
320
332
329
300
238
162
99
65
38
8
-47
-138
-230
-327
-404
-459
-500
-544
-603
-657
-691
-684
-666
-657
-653
-652
-627
-579
-527
-450
-375
-309
-266
-215
-188
-168
-123
-88
-41
-29
-38
-55
-81
-104
-132
-140
-173
-199
-217
-244
-257
-276
-287
-297
-294
-286
-289
-268
-230
-201
-186
-173
-145
-122
-102
-113
-160
-231
-241
-153
-28
53
49
7
-7
35
114
184
239
299
370
459
557
640
692
710
700
741
803
861
887
853
799
742
680
579
460
349
243
134
50
-6
-61
-120
-188
-224
-221
-210
-179
-157
-118
-43
51
125
163
179
210
254
314
357
368
375
365
363
374
392
378
303
203
132
97
61
25
-61
-161
-244
-300
-328
-352
-388
-457
-521
-575
-579
-560
-541
-524
-525
-516
-495
-461
-429
-383
-328
-267
-217
-196
-173
-155
-128
-101
-78
-70
-81
-123
-154
-168
-167
-163
-187
-204
-241
-281
-273
-266
-254
-258
-283
-300
-289
-284
-269
-249
-227
-206
-207
-191
-178
-180
-221
-290
-335
-285
-166
-67
-80
-129
-156
-119
-37
58
145
204
249
322
424
528
634
677
708
749
827
901
946
951
912
865
820
731
616
492
377
277
185
118
51
-12
-69
-118
-141
-133
-93
-73
-71
-67
-33
49
131
189
217
239
262
277
281
277
281
303
357
411
419
375
277
188
134
101
104
58
-21
-90
-159
-198
-252
-321
-394
-485
-576
-629
-630
-613
-581
-547
-556
-571
-585
-534
-449
-368
-293
-233
-163
-157
-165
-171
-150
-96
-80
-86
-148
-188
-183
-129
-94
-118
-177
-249
-293
-284
-229
-224
-248
-296
-339
-351
-361
-381
-398
-379
-382
-401
-441
-492
-602
-743
-829
-763
-506
-206
-21
-45
-133
-129
38
245
375
452
546
753
1030
1252
1310
1222
1085
1003
997
1033
1021
952
832
732
663
551
332
10
-268
-404
-398
-330
-322
-393
-442
-379
-257
-127
-61
-46
-30
83
304
557
722
737
661
622
659
735
789
753
673
619
650
687
657
484
230
0
-133
-155
-199
-303
-479
-638
-740
-796
-831
-908
-1016
-1065
-991
-831
-670
-538
-469
-398
-307
-201
-67
58
148
243
388
490
490
374
189
19
-77
-108
-122
-188
-311
-469
-579
-615
-654
-717
-800
-845
-781
-666
-575
-508
-491
-495
-467
-401
-269
-162
-93
-36
-23
-39
-97
-232
-509
-822
-936
-679
-162
248
281
11
-230
-220
10
180
177
212
480
973
1417
1549
1351
1062
902
918
982
970
890
833
873
913
800
481
16
-412
-598
-569
-433
-321
-255
-174
-69
2
-16
-59
-41
59
232
454
685
873
929
819
614
457
378
407
465
487
464
414
400
376
286
75
-163
-308
-345
-288
-252
-349
-527
-734
-866
-933
-975
-1004
-979
-871
-699
-535
-424
-344
-282
-183
-64
96
269
402
481
538
536
492
351
141
-91
-291
-398
-438
-446
-499
-604
-711
-796
-831
-820
-797
-709
-579
-404
-225
-127
-89
-87
-87
-81
-33
27
91
155
191
156
24
-168
-410
-727
-1115
-1355
-1190
-580
79
354
197
-67
-146
-22
80
43
93
445
1117
1678
1788
1543
1246
1057
928
748
619
628
735
922
952
789
423
-7
-420
-771
-996
-940
-613
-271
-46
-20
-50
-85
-90
-46
-10
68
255
603
953
1125
1008
721
436
266
275
359
421
445
485
547
542
398
162
-106
-307
-411
-397
-319
-282
-329
-465
-699
-913
-1061
-1104
-984
-793
-548
-328
-114
-25
5
56
124
231
345
481
610
653
585
433
219
-7
-292
-556
-728
-751
-711
-657
-694
-806
-870
-907
-889
-823
-642
-378
-148
13
122
167
149
94
25
-9
-15
55
143
161
88
-97
-358
-727
-1222
-1706
-1751
-1159
-299
288
377
223
116
93
15
-170
-202
198
949
1630
1849
1714
1489
1238
891
494
247
244
436
667
830
805
573
188
-289
-792
-1135
-1166
-944
-584
-179
210
423
363
128
-24
2
161
351
541
811
1088
1178
1004
643
274
87
75
195
287
384
476
516
435
229
46
-99
-217
-321
-340
-290
-226
-187
-289
-535
-817
-981
-955
-846
-626
-389
-170
3
90
171
229
295
362
407
458
483
486
429
291
76
-214
-511
-763
-880
-903
-860
-771
-708
-672
-671
-679
-663
-572
-376
-155
55
179
223
266
242
155
44
-47
-67
-39
-8
-16
-109
-279
-450
-793
-1378
-1872
-1743
-990
-112
376
407
298
267
267
120
-135
-195
243
969
1549
1741
1680
1514
1184
730
335
118
110
244
451
628
656
484
112
-358
-836
-1151
-1238
-1080
-707
-240
170
367
377
273
177
140
236
399
620
893
1078
1134
996
715
395
151
39
99
220
292
374
430
388
283
120
-13
-144
-302
-388
-375
-277
-188
-209
-393
-624
-796
-853
-790
-639
-401
-116
140
300
377
413
402
369
364
405
447
406
304
160
-38
-297
-609
-895
-1112
-1179
-1103
-959
-800
-683
-604
-581
-572
-533
-386
-205
-9
190
321
422
356
210
61
-6
-26
-4
-1
-24
-55
-195
-334
-658
-1120
-1626
-1643
-1041
-272
256
371
399
383
307
90
-218
-319
31
690
1194
1497
1586
1546
1334
878
417
120
57
182
377
563
672
605
302
-167
-635
-1012
-1208
-1161
-839
-314
152
426
504
519
506
443
343
320
539
837
1095
1107
936
660
357
83
-129
-132
-6
197
333
454
474
373
210
14
-128
-269
-365
-367
-207
-32
-16
-217
-538
-808
-966
-945
-765
-489
-185
82
242
276
265
246
247
236
217
173
173
218
227
135
-125
-466
-824
-1064
-1173
-1126
-970
-794
-620
-503
-466
-474
-431
-316
-212
-103
46
228
324
325
285
204
103
18
-69
-131
-136
-89
-111
-219
-419
-829
-1393
-1750
-1505
-820
-140
206
332
431
493
419
93
-220
-166
348
999
1445
1711
1825
1755
1380
807
305
76
111
207
330
461
583
514
95
-508
-999
-1287
-1344
-1165
-766
-245
223
496
596
639
607
501
336
325
578
887
1068
995
771
543
337
138
-43
-101
33
193
311
373
398
409
290
113
-139
-331
-384
-304
-193
-200
-248
-407
-647
-852
-963
-914
-722
-426
-143
50
184
295
378
407
372
313
233
160
164
232
273
133
-161
-568
-941
-1135
-1160
-1112
-1018
-851
-704
-550
-441
-427
-409
-327
-168
-14
140
296
422
453
406
290
159
71
-28
-56
-49
-41
-125
-286
-624
-1191
-1685
-1705
-1123
-420
58
271
399
449
377
99
-274
-334
66
748
1312
1687
1916
1954
1630
1046
480
177
177
243
349
492
683
705
404
-160
-757
-1143
-1350
-1349
-1083
-565
20
395
544
586
591
524
364
250
315
580
802
877
811
596
331
63
-134
-209
-100
-6
74
180
330
414
326
133
-94
-261
-374
-370
-303
-243
-262
-395
-578
-771
-879
-880
-813
-629
-337
-30
206
315
332
366
399
402
362
296
275
335
389
317
95
-271
-671
-968
-1071
-1070
-1011
-899
-721
-570
-489
-446
-373
-274
-167
-64
10
170
345
455
462
366
244
116
44
-2
-67
-98
-161
-238
-434
-856
-1433
-1768
-1489
-803
-109
230
336
368
376
307
0
-218
-56
533
1212
1703
1970
1997
1780
1274
672
257
131
202
290
388
532
636
510
81
-470
-966
-1302
-1420
-1270
-828
-246
219
453
514
545
493
368
223
180
392
670
830
817
694
481
229
1
-117
-118
-93
20
165
323
463
487
353
112
-144
-326
-422
-395
-319
-313
-414
-592
-755
-858
-931
-932
-822
-554
-188
67
195
232
315
432
515
463
323
256
302
391
346
165
-148
-521
-835
-1049
-1133
-1086
-981
-858
-731
-614
-508
-383
-239
-146
-73
16
152
271
358
371
330
256
190
143
38
-74
-152
-172
-214
-381
-822
-1430
-1729
-1345
-581
80
354
353
389
409
310
15
-225
-54
608
1319
1722
1856
1855
1677
1187
575
131
23
151
279
395
528
594
450
45
-473
-907
-1171
-1279
-1162
-711
-115
348
507
485
430
421
405
360
379
521
776
947
891
661
384
171
-45
-166
-143
-27
125
230
369
418
348
174
-20
-179
-328
-356
-299
-226
-244
-376
-594
-765
-852
-925
-912
-765
-496
-201
-25
17
40
102
224
310
322
277
287
348
388
345
164
-135
-483
-790
-990
-1034
-987
-896
-757
-648
-549
-443
-344
-202
-97
-7
64
156
239
308
311
258
174
128
64
-75
-198
-305
-335
-353
-481
-869
-1438
-1723
-1327
-511
144
380
354
352
398
343
72
-131
72
726
1394
1751
1858
1848
1631
1133
568
189
123
263
409
505
592
611
423
-5
-539
-920
-1121
-1186
-1055
-646
-114
264
359
245
150
209
336
395
481
687
939
1071
934
660
353
36
-195
-209
-77
86
256
351
354
315
226
54
-193
-355
-348
-273
-179
-128
-203
-380
-635
-838
-976
-1058
-1010
-817
-504
-173
30
47
-15
-40
64
197
302
387
458
520
581
529
281
-101
-482
-800
-1003
-1046
-963
-778
-615
-522
-498
-469
-399
-298
-184
-117
-27
137
300
325
241
88
-18
-16
-15
-84
-137
-195
-256
-339
-587
-1081
-1577
-1521
-827
54
579
660
579
529
476
271
-24
-75
359
1061
1597
1824
1844
1732
1344
780
273
60
195
412
556
595
613
494
120
-422
-859
-1056
-1097
-1093
-930
-544
-68
222
169
-55
-222
-74
180
376
570
798
940
881
663
364
155
20
-78
-117
2
220
339
301
167
82
43
5
-90
-174
-194
-171
-171
-251
-357
-491
-652
-802
-884
-857
-759
-590
-342
-132
-34
-41
-71
-25
132
326
439
469
468
488
498
380
129
-189
-503
-745
-885
-917
-851
-713
-587
-529
-522
-458
-297
-115
50
142
196
290
346
290
105
-32
-8
103
139
42
-107
-280
-471
-850
-1401
-1698
-1333
-472
327
694
649
477
285
145
-51
-147
87
662
1277
1563
1597
1518
1324
941
500
208
143
319
511
614
634
520
236
-248
-709
-951
-961
-830
-699
-565
-391
-205
-60
-47
-161
-224
-122
176
565
902
1090
1101
915
628
380
195
124
125
192
283
407
495
400
137
-114
-196
-156
-95
-34
36
17
-99
-268
-452
-606
-655
-694
-741
-734
-626
-471
-354
-307
-264
-214
-202
-172
-91
74
301
424
394
286
179
109
-27
-199
-391
-529
-668
-790
-865
-845
-722
-581
-509
-458
-310
-89
106
195
212
203
223
218
127
-21
-47
77
176
174
21
-197
-464
-893
-1372
-1620
-1254
-403
347
608
491
322
182
51
-101
-58
327
960
1461
1543
1403
1243
1110
900
662
544
579
686
711
649
510
323
-8
-462
-785
-878
-789
-684
-605
-532
-437
-383
-408
-441
-387
-187
51
350
654
910
1015
941
750
577
496
431
435
454
499
476
385
256
161
98
-19
-124
-142
-32
44
-45
-267
-472
-589
-586
-530
-478
-477
-526
-595
-617
-576
-472
-343
-164
35
208
286
194
61
19
77
168
185
156
158
97
-44
-230
-437
-701
-959
-1100
-1026
-766
-530
-402
-368
-359
-278
-141
-17
74
134
198
218
192
115
58
39
-32
-162
-311
-424
-695
-1142
-1497
-1319
-591
171
473
291
44
-73
-16
50
133
435
1029
1572
1626
1327
994
803
692
649
772
1007
1244
1201
802
260
-121
-290
-466
-610
-603
-396
-162
-149
-356
-580
-663
-611
-569
-488
-207
236
641
834
855
775
606
387
249
356
623
831
829
670
490
317
154
-47
-123
-32
127
145
3
-77
-108
-254
-601
-932
-978
-729
-402
-227
-259
-397
-567
-698
-724
-573
-263
40
249
380
386
263
75
-110
-177
-116
-10
89
78
-20
-166
-308
-451
-609
-777
-909
-865
-681
-482
-391
-416
-425
-370
-257
-74
162
355
428
367
171
51
79
148
130
-36
-263
-479
-810
-1255
-1414
-989
-254
224
213
-20
-189
-182
-119
-58
213
831
1531
1796
1543
1111
812
658
571
620
898
1293
1496
1268
687
33
-482
-775
-852
-668
-332
-48
-43
-273
-589
-819
-810
-637
-436
-268
-18
322
589
734
740
607
395
257
312
564
843
982
846
560
313
191
198
256
365
393
299
64
-210
-407
-478
-485
-567
-621
-608
-463
-362
-451
-600
-680
-621
-501
-349
-125
111
306
334
201
92
61
98
136
135
136
69
-131
-400
-618
-674
-550
-371
-335
-464
-642
-763
-802
-811
-745
-614
-400
-164
-50
15
79
163
188
116
68
86
243
361
285
10
-463
-1049
-1571
-1567
-900
-68
349
189
-213
-467
-446
-292
-153
122
764
1473
1773
1505
1019
705
629
712
886
1157
1416
1465
1211
777
270
-155
-467
-663
-617
-401
-169
-168
-402
-709
-890
-790
-506
-155
124
333
346
245
225
378
691
806
729
616
627
646
582
447
315
312
366
456
476
494
480
265
-150
-520
-560
-377
-211
-243
-401
-551
-663
-721
-784
-791
-649
-418
-249
-117
-62
-60
-27
16
108
180
278
383
425
373
194
-73
-347
-555
-675
-655
-507
-300
-192
-331
-547
-725
-779
-751
-711
-618
-467
-267
-155
-122
-112
-77
6
95
159
151
98
45
-23
-295
-807
-1294
-1280
-735
-172
-36
-340
-639
-709
-442
-125
128
384
736
1080
1139
1040
989
1107
1228
1356
1487
1513
1395
1007
565
287
289
342
222
-84
-360
-515
-625
-752
-917
-913
-755
-524
-292
-5
322
512
490
330
257
405
649
892
1031
1081
928
660
417
241
158
136
259
383
497
506
374
159
-106
-284
-452
-580
-606
-597
-578
-606
-613
-652
-707
-778
-813
-715
-497
-211
70
250
302
278
227
231
238
276
309
367
423
326
69
-349
-779
-1021
-1021
-923
-841
-737
-611
-538
-564
-604
-568
-494
-405
-368
-355
-234
-23
119
68
-40
-59
109
329
431
328
-78
-658
-1119
-963
-315
164
56
-424
-792
-821
-502
-212
-83
97
474
815
839
672
599
787
1047
1308
1505
1592
1499
1171
752
485
532
652
550
217
-136
-294
-395
-512
-690
-858
-891
-833
-683
-470
-177
104
259
384
582
791
825
692
540
591
801
973
1019
882
635
324
147
122
201
325
343
270
127
-19
-160
-376
-625
-782
-770
-655
-547
-586
-723
-845
-852
-708
-531
-394
-253
-85
87
230
331
393
348
265
245
271
320
348
232
-39
-360
-635
-791
-836
-895
-974
-1020
-967
-834
-661
-506
-413
-385
-358
-301
-259
-233
-217
-222
-185
-114
-48
-6
18
0
-252
-664
-820
-459
41
101
-302
-659
-564
-138
177
108
-93
-71
261
524
642
786
1015
1211
1283
1353
1439
1421
1228
964
841
904
992
830
407
-85
-406
-501
-528
-488
-504
-574
-728
-860
-813
-636
-431
-257
-19
317
697
944
945
824
733
766
819
886
934
871
727
560
499
485
445
288
6
-220
-274
-191
-122
-186
-370
-623
-852
-937
-930
-910
-919
-913
-768
-555
-400
-420
-517
-451
-158
194
451
612
633
591
525
456
444
431
351
136
-154
-387
-547
-675
-824
-967
-1071
-1112
-1083
-977
-823
-681
-520
-289
-58
18
-19
-129
-232
-293
-300
-229
-66
60
-90
-485
-744
-427
78
113
-379
-778
-539
45
442
354
-2
-225
-126
77
250
465
758
1008
1072
1132
1246
1257
1086
882
811
905
1016
963
738
444
202
52
-73
-304
-637
-875
-893
-737
-498
-339
-302
-341
-357
-304
-132
207
482
655
815
995
1055
966
847
745
639
485
605
959
1051
806
399
-46
-343
-366
-185
-34
-97
-161
-299
-667
-993
-1104
-1109
-1129
-897
-553
-432
-529
-635
-684
-622
-330
68
369
515
541
495
429
467
599
618
445
196
-29
-214
-358
-492
-597
-719
-888
-1084
-1220
-1255
-1088
-807
-605
-440
-273
-112
-102
-149
-193
-190
-153
-131
-127
-221
-367
-582
-637
-281
154
84
-438
-754
-509
53
442
475
205
-39
-28
152
307
392
561
760
937
1137
1319
1289
989
729
686
807
920
856
686
530
439
373
180
-139
-442
-673
-768
-680
-526
-435
-463
-496
-421
-255
18
252
351
413
560
756
837
844
896
936
903
909
963
997
906
687
439
247
158
115
20
-154
-353
-504
-574
-590
-643
-835
-1038
-1128
-1091
-945
-765
-668
-650
-673
-589
-391
-175
29
153
251
389
558
647
638
554
439
326
252
161
30
-179
-449
-630
-732
-812
-969
-1123
-1169
-1122
-973
-813
-625
-468
-357
-307
-348
-383
-339
-263
-188
-279
-566
-829
-741
-268
-25
-269
-637
-520
33
521
577
272
-22
-14
292
558
661
663
658
710
828
1013
1095
1046
963
916
902
823
654
429
284
271
429
551
394
51
-290
-433
-401
-272
-225
-333
-471
-469
-291
-40
180
315
391
510
651
721
715
690
706
759
823
951
1041
997
872
670
459
285
194
106
-99
-273
-397
-509
-566
-576
-691
-920
-1069
-1032
-895
-831
-808
-792
-725
-606
-506
-440
-415
-310
-131
71
265
437
544
547
471
366
292
215
204
171
93
-1
-177
-417
-693
-876
-985
-1099
-1136
-1024
-826
-656
-608
-623
-605
-522
-409
-369
-329
-212
-114
-263
-618
-790
-471
-95
-217
-652
-707
-132
486
664
352
6
19
359
683
712
604
624
790
925
1033
1072
983
850
756
812
931
909
642
283
142
290
515
435
59
-286
-362
-256
-174
-207
-352
-454
-449
-348
-209
-54
38
120
279
541
803
787
586
439
486
639
842
1014
1043
931
752
597
473
400
311
146
-63
-183
-269
-383
-544
-666
-791
-933
-978
-915
-823
-787
-792
-780
-735
-598
-451
-391
-389
-360
-216
-16
169
358
512
516
424
278
188
163
153
113
58
91
75
-169
-563
-876
-1011
-996
-903
-791
-729
-695
-703
-699
-668
-574
-459
-406
-352
-303
-352
-551
-695
-557
-247
-212
-550
-782
-462
152
551
471
154
42
280
641
719
567
485
632
911
1116
1150
1007
826
703
733
879
883
660
390
344
493
598
416
13
-253
-233
-50
15
-57
-184
-293
-311
-197
-70
-26
-63
-20
187
437
628
714
688
578
511
575
715
810
826
769
675
615
598
546
352
128
-2
-124
-297
-434
-512
-585
-668
-801
-912
-920
-863
-864
-916
-851
-638
-449
-418
-497
-566
-523
-395
-283
-144
85
294
403
364
273
229
216
165
111
131
211
231
87
-160
-420
-610
-673
-663
-670
-757
-857
-896
-862
-765
-644
-535
-483
-478
-499
-516
-595
-753
-747
-442
-97
-178
-575
-689
-245
348
538
271
23
141
501
746
661
465
502
797
1046
1104
1036
935
836
818
948
1016
812
486
328
470
654
585
248
-103
-221
-154
-69
-114
-246
-346
-340
-228
-71
12
4
9
101
244
380
520
609
635
675
714
765
773
673
540
488
596
717
717
563
379
221
52
-159
-369
-484
-525
-560
-653
-759
-849
-911
-986
-1046
-982
-773
-570
-451
-470
-519
-480
-404
-316
-195
-31
138
201
171
172
235
345
347
252
173
128
74
-9
-97
-174
-270
-340
-374
-403
-507
-722
-896
-924
-831
-727
-682
-647
-553
-465
-501
-613
-740
-835
-770
-477
-187
-271
-586
-604
-145
376
474
180
-71
34
418
691
694
550
556
773
976
1006
849
701
740
971
1166
1081
718
372
322
449
543
473
287
83
-89
-180
-248
-303
-334
-334
-250
-123
-6
59
54
46
143
332
496
558
558
657
833
962
956
840
728
694
673
618
605
629
598
459
242
33
-110
-232
-395
-593
-725
-815
-869
-861
-866
-890
-915
-915
-890
-863
-768
-610
-492
-439
-380
-244
-77
50
46
12
63
159
245
302
312
312
244
143
4
-119
-200
-260
-286
-269
-248
-317
-518
-668
-705
-743
-829
-899
-819
-661
-566
-615
-670
-663
-595
-632
-737
-710
-449
-194
-249
-417
-291
168
482
363
52
-75
98
456
671
598
496
535
691
792
817
889
992
1053
1086
1088
947
740
623
668
762
750
562
256
15
-121
-103
-86
-150
-257
-313
-314
-266
-152
-51
47
153
291
371
392
405
448
554
670
741
764
765
717
613
508
483
515
484
401
308
210
49
-173
-371
-524
-614
-687
-789
-859
-870
-798
-744
-770
-821
-839
-775
-714
-646
-613
-545
-349
-83
80
97
53
14
63
91
101
165
252
295
250
163
54
-78
-204
-290
-272
-178
-125
-224
-399
-548
-661
-759
-773
-713
-628
-631
-693
-748
-707
-610
-517
-576
-693
-596
-308
-116
-286
-480
-321
162
426
246
-78
-191
17
320
452
352
245
380
691
922
951
857
838
968
1146
1239
1153
981
907
972
957
698
347
93
28
79
107
15
-194
-410
-494
-418
-253
-94
10
59
72
149
334
488
549
547
530
582
649
708
720
715
726
733
686
529
358
248
162
68
-27
-159
-289
-382
-507
-662
-822
-926
-925
-845
-748
-642
-587
-640
-731
-799
-801
-710
-537
-350
-161
-6
20
16
5
47
62
37
24
31
54
63
84
89
-6
-213
-380
-398
-309
-296
-427
-555
-593
-539
-495
-552
-659
-772
-814
-752
-645
-535
-454
-368
-271
-213
-271
-325
-232
-151
-234
-288
-40
329
403
163
-119
-133
125
363
387
314
389
643
847
863
818
855
1010
1146
1241
1276
1200
1058
956
951
912
723
450
193
52
-3
-48
-129
-234
-303
-315
-323
-365
-377
-292
-128
67
255
399
417
353
296
286
357
471
608
695
721
652
500
319
201
144
132
71
-77
-226
-315
-290
-270
-361
-608
-837
-877
-741
-625
-638
-703
-729
-652
-599
-607
-679
-713
-552
-284
-96
10
30
42
22
-48
-81
-38
51
171
247
253
212
104
-11
-88
-122
-162
-262
-387
-444
-413
-378
-468
-626
-704
-712
-686
-676
-691
-646
-494
-265
-81
-40
-160
-359
-415
-213
59
4
-340
-526
-215
282
398
74
-292
-292
20
317
348
266
311
562
823
858
784
795
981
1224
1380
1353
1150
943
856
906
913
658
313
105
129
256
235
24
-262
-445
-438
-341
-272
-222
-85
154
330
315
175
122
217
367
505
547
570
573
543
446
270
163
142
174
139
30
-62
-110
-117
-137
-261
-435
-542
-565
-530
-517
-600
-640
-622
-591
-605
-655
-674
-652
-527
-375
-306
-306
-290
-202
-101
-98
-142
-113
6
102
96
21
-22
27
69
74
-15
-152
-253
-338
-389
-460
-446
-419
-429
-514
-644
-717
-755
-702
-599
-459
-292
-150
-75
-81
-105
-127
-177
-267
-287
-184
-92
-142
-291
-269
-36
145
72
-144
-166
75
378
498
419
378
504
715
857
901
975
1169
1331
1331
1201
1013
906
867
830
818
780
631
394
164
31
-68
-197
-316
-333
-283
-309
-364
-344
-218
-10
136
152
146
176
261
333
307
260
260
267
241
235
261
258
218
136
84
66
84
110
101
30
-70
-164
-222
-307
-427
-513
-526
-495
-459
-435
-453
-525
-596
-616
-611
-562
-467
-338
-224
-173
-188
-200
-178
-145
-99
16
159
255
197
35
-37
-6
-32
-194
-384
-463
-399
-351
-434
-571
-663
-649
-593
-569
-521
-437
-363
-313
-289
-308
-332
-286
-196
-105
-146
-325
-462
-405
-179
-99
-302
-509
-368
18
268
249
39
-96
60
416
676
663
577
619
851
1087
1122
1005
934
1029
1233
1359
1274
1048
805
729
734
677
539
326
160
43
-87
-247
-402
-458
-403
-287
-178
-138
-138
-47
68
99
5
-82
-83
6
90
125
163
224
252
185
99
61
98
223
312
311
209
81
-5
-65
-76
-92
-143
-222
-301
-343
-371
-380
-422
-529
-622
-678
-627
-541
-500
-494
-484
-463
-421
-412
-373
-225
-37
83
83
-11
-56
1
82
116
59
-34
-109
-190
-290
-381
-395
-331
-283
-277
-298
-320
-361
-396
-346
-262
-238
-280
-362
-404
-359
-262
-163
-102
-128
-227
-337
-321
-113
72
-23
-299
-364
-75
337
501
363
162
179
364
532
536
461
503
641
778
804
827
890
956
1006
1008
966
860
733
703
707
680
535
286
55
-92
-136
-159
-182
-231
-247
-236
-236
-237
-264
-257
-244
-271
-244
-167
-109
-70
-18
36
50
56
106
209
274
284
249
215
247
318
311
229
145
120
102
28
-46
-79
-117
-204
-295
-355
-352
-395
-524
-635
-654
-597
-550
-530
-509
-469
-415
-340
-265
-186
-110
-92
-107
-104
-57
4
31
10
-56
-142
-185
-163
-162
-205
-247
-263
-273
-291
-311
-314
-334
-429
-545
-601
-542
-412
-350
-369
-419
-385
-254
-110
-57
-71
-90
-107
-19
112
208
161
34
14
191
476
610
486
263
184
305
471
536
495
461
575
734
794
729
672
768
919
1017
995
874
732
636
610
612
564
398
160
-78
-189
-170
-155
-223
-337
-430
-466
-493
-487
-429
-351
-236
-192
-187
-155
-99
-19
35
23
44
117
186
221
217
252
337
417
456
431
368
241
129
128
134
103
-5
-153
-279
-400
-502
-559
-571
-619
-708
-761
-682
-532
-408
-399
-425
-402
-346
-303
-273
-216
-127
-41
7
46
97
104
-19
-156
-162
2
130
78
-60
-150
-167
-227
-357
-503
-541
-496
-467
-497
-523
-469
-427
-423
-439
-378
-248
-94
-11
35
120
181
197
187
194
289
314
179
17
98
372
541
451
144
-19
74
285
386
291
189
241
433
581
610
554
576
717
923
1055
970
752
546
517
602
564
328
30
-154
-175
-167
-233
-356
-456
-496
-508
-492
-452
-401
-337
-263
-195
-130
-97
-57
-51
-18
86
193
338
449
505
562
573
564
558
546
528
460
370
309
256
201
102
-21
-205
-422
-590
-659
-595
-508
-471
-548
-655
-671
-603
-566
-592
-605
-524
-363
-230
-184
-193
-197
-167
-114
-10
92
147
174
131
75
16
-31
-105
-223
-334
-388
-411
-442
-443
-445
-480
-534
-528
-482
-428
-432
-440
-339
-176
-16
83
154
226
278
320
331
361
369
355
299
244
199
138
148
195
237
205
92
0
-8
49
122
155
179
256
358
461
556
651
720
795
850
833
752
613
504
480
444
361
249
131
20
-113
-245
-322
-365
-400
-434
-446
-421
-399
-420
-460
-453
-376
-247
-123
-23
68
146
241
332
425
455
443
420
425
472
525
537
448
315
193
94
-3
-126
-223
-267
-310
-361
-440
-503
-512
-505
-551
-594
-548
-424
-340
-367
-431
-412
-297
-184
-148
-155
-128
-52
49
157
222
210
119
3
-40
-76
-97
-155
-217
-237
-251
-268
-305
-355
-413
-443
-411
-327
-275
-247
-209
-153
-61
18
81
138
183
216
224
248
337
433
429
312
157
23
-31
-26
-6
8
33
16
-34
-75
-81
-37
-27
-38
-32
39
157
261
305
309
318
412
517
551
529
490
494
514
520
475
361
245
204
223
200
92
-42
-126
-200
-290
-387
-404
-357
-299
-236
-184
-96
-18
63
104
125
156
202
256
288
314
341
331
310
276
207
145
59
18
1
-8
-98
-180
-252
-271
-268
-290
-298
-322
-337
-364
-384
-345
-259
-226
-275
-349
-363
-299
-211
-125
-82
-60
-55
-64
-116
-120
-56
-22
-56
-157
-225
-211
-180
-175
-184
-196
-221
-227
-216
-170
-122
-117
-117
-86
-52
16
54
58
92
160
233
228
181
120
111
147
166
123
84
71
128
167
101
-35
-162
-161
-49
75
111
60
-1
3
28
-1
-72
-126
-107
-37
46
129
189
224
220
215
232
311
419
466
447
388
331
310
281
269
250
195
106
35
2
-49
-113
-166
-151
-103
-89
-94
-111
-93
-2
104
122
67
1
-17
24
82
91
63
42
45
79
105
103
76
57
61
55
21
-45
-60
-20
29
32
-1
-53
-110
-110
-96
-91
-78
-78
-106
-148
-188
-215
-209
-211
-212
-223
-224
-243
-266
-239
-213
-226
-258
-250
-201
-116
-93
-101
-136
-142
-125
-105
-74
-74
-63
-43
17
32
20
-8
-37
-25
-9
-2
-30
-57
-50
-62
-76
-67
-61
-55
-27
44
132
197
209
178
85
-1
-32
13
69
73
41
-23
-85
-126
-167
-190
-197
-186
-133
-74
-38
8
40
88
155
230
338
430
447
424
410
441
505
524
502
438
371
306
207
100
21
-17
-45
-85
-145
-184
-158
-135
-143
-183
-176
-113
-60
-45
-66
-61
-23
40
67
61
34
88
195
247
232
167
135
160
209
216
156
122
98
75
48
6
-4
-45
-98
-148
-183
-193
-192
-235
-281
-297
-276
-254
-270
-259
-214
-171
-162
-191
-164
-110
-56
-57
-55
2
55
66
11
-18
12
38
7
-47
-77
-93
-105
-119
-115
-137
-191
-201
-163
-119
-99
-113
-121
-127
-113
-79
-55
-27
4
52
82
83
98
84
-5
-136
-249
-253
-208
-161
-186
-263
-325
-343
-329
-305
-267
-260
-237
-206
-110
22
125
210
280
378
521
623
632
574
517
548
611
626
574
479
407
330
256
129
-20
-145
-187
-160
-156
-181
-210
-209
-183
-156
-146
-150
-133
-52
85
178
190
174
198
267
355
400
371
348
326
291
266
278
265
223
187
121
42
-71
-159
-151
-102
-74
-119
-169
-172
-139
-119
-157
-211
-221
-168
-91
-46
-37
-36
-48
-53
-25
21
48
39
-33
-116
-120
-119
-135
-188
-233
-262
-261
-249
-265
-287
-289
-274
-262
-229
-240
-252
-259
-234
-157
-99
-94
-124
-97
-52
-33
-29
-21
19
42
50
15
-9
-22
-40
-59
-104
-181
-262
-306
-298
-244
-222
-221
-215
-213
-180
-154
-141
-134
-116
-35
77
197
262
289
319
392
499
595
637
577
484
432
476
488
446
394
287
199
113
20
-54
-136
-215
-273
-259
-192
-167
-185
-195
-144
-35
63
92
76
95
132
185
244
305
330
335
286
234
213
220
240
242
232
224
221
205
170
127
124
136
130
117
120
147
188
143
85
51
53
82
91
62
15
-12
-47
-97
-175
-234
-261
-237
-229
-270
-314
-327
-336
-329
-321
-331
-358
-369
-353
-329
-310
-298
-306
-324
-326
-312
-296
-294
-296
-295
-267
-220
-191
-217
-259
-270
-234
-200
-171
-165
-174
-149
-130
-123
-127
-132
-159
-214
-247
-210
-133
-77
-58
-78
-79
-39
-2
13
32
57
108
189
271
342
385
417
407
403
444
485
532
533
489
438
414
402
373
299
219
180
159
107
2
-70
-66
-35
-25
-32
-49
-41
-8
21
41
83
113
108
81
72
108
168
208
235
213
220
262
300
318
316
321
332
357
369
377
340
284
252
233
233
182
95
40
23
9
-43
-156
-245
-268
-244
-222
-255
-283
-295
-301
-298
-291
-272
-288
-315
-313
-301
-290
-289
-302
-307
-321
-350
-369
-376
-359
-346
-333
-314
-328
-364
-399
-381
-319
-246
-218
-238
-279
-272
-205
-168
-151
-124
-110
-94
-85
-72
-41
10
46
40
10
-42
-97
-132
-129
-104
-56
16
32
20
28
52
58
33
29
48
108
189
266
319
340
326
339
386
453
517
518
484
437
413
400
374
325
242
187
181
132
47
-78
-175
-163
-139
-149
-185
-229
-213
-143
-72
9
75
101
134
199
278
318
364
421
484
537
559
569
565
544
528
517
503
461
379
284
197
116
42
-26
-84
-113
-138
-149
-163
-177
-205
-250
-280
-263
-232
-218
-251
-279
-275
-287
-291
-306
-333
-370
-396
-414
-413
-424
-428
-453
-485
-518
-530
-522
-497
-472
-466
-447
-408
-358
-322
-315
-308
-289
-259
-234
-229
-214
-170
-116
-57
-39
-50
-70
-75
-38
14
64
83
73
53
33
29
53
43
20
38
105
158
168
149
137
149
172
196
238
266
284
304
329
381
401
383
374
383
422
444
401
324
285
298
292
217
129
67
32
25
-26
-75
-107
-104
-79
-62
-49
-32
10
67
138
217
307
347
355
371
389
428
449
453
475
464
441
378
325
302
273
239
184
132
105
74
15
-37
-75
-88
-95
-107
-142
-175
-197
-218
-213
-247
-279
-317
-314
-307
-322
-371
-429
-448
-448
-440
-462
-471
-491
-505
-521
-506
-456
-393
-373
-401
-409
-375
-319
-282
-287
-290
-275
-255
-243
-238
-234
-221
-200
-209
-208
-203
-187
-158
-130
-82
-44
-29
-8
0
23
57
91
125
115
85
47
36
72
134
179
182
157
155
205
259
263
221
180
193
218
222
201
186
212
267
283
267
270
279
295
289
284
267
258
246
235
213
182
178
172
168
170
212
212
215
219
236
275
307
321
329
352
394
401
353
334
329
347
349
338
305
261
248
247
230
214
200
159
129
85
29
-24
-78
-127
-168
-201
-248
-280
-308
-353
-384
-414
-436
-470
-495
-500
-496
-482
-484
-501
-521
-518
-521
-497
-473
-444
-411
-392
-375
-392
-410
-408
-359
-317
-297
-301
-288
-285
-275
-267
-265
-266
-278
-254
-213
-171
-155
-156
-160
-104
-50
-28
-21
-10
41
101
142
143
140
159
196
224
225
219
215
232
259
290
305
294
259
234
227
228
223
217
204
188
191
201
205
194
208
223
244
253
264
276
278
298
306
291
270
273
279
288
295
288
254
229
198
182
194
185
172
156
177
209
204
187
171
177
205
212
204
190
165
163
163
166
152
118
75
45
39
42
-9
-72
-135
-171
-190
-226
-286
-351
-398
-419
-398
-411
-436
-456
-459
-451
-433
-394
-379
-365
-348
-328
-301
-275
-277
-284
-278
-268
-253
-260
-273
-286
-288
-292
-285
-284
-282
-273
-259
-235
-228
-246
-246
-226
-213
-186
-160
-147
-143
-136
-124
-119
-94
-65
-30
16
41
37
55
85
146
197
206
204
220
257
284
298
319
350
370
400
425
431
426
415
424
432
431
410
383
368
349
335
320
307
286
257
240
213
213
217
200
195
196
186
173
120
90
92
75
64
51
40
39
61
77
85
104
131
127
100
88
112
128
119
101
85
69
56
15
-37
-88
-117
-146
-188
-239
-288
-333
-380
-419
-432
-448
-464
-470
-455
-429
-407
-398
-396
-364
-303
-257
-241
-243
-226
-171
-118
-109
-129
-157
-156
-138
-133
-140
-157
-167
-161
-147
-170
-195
-205
-197
-184
-156
-116
-97
-88
-93
-79
-57
-35
-15
-21
-29
-12
29
47
70
95
107
113
108
110
114
140
166
151
146
134
145
144
140
145
136
152
175
216
230
242
254
278
319
355
392
411
422
405
380
361
335
311
292
291
286
265
242
216
196
169
145
105
69
52
29
15
1
-27
-57
-54
-46
-31
-30
-35
-13
12
32
67
90
97
94
70
59
35
14
-4
-24
-37
-77
-122
-183
-225
-257
-286
-298
-306
-311
-326
-313
-302
-314
-315
-306
-309
-290
-255
-244
-220
-215
-219
-201
-185
-170
-174
-158
-137
-130
-117
-129
-146
-163
-168
-159
-161
-179
-193
-195
-201
-228
-238
-243
-239
-210
-190
-185
-182
-156
-126
-81
-56
-45
-20
10
54
96
116
136
161
195
233
242
245
251
271
280
289
314
319
297
288
255
243
251
251
248
248
273
304
318
322
314
329
372
382
368
363
356
339
310
282
245
228
223
189
151
110
91
97
76
51
22
-19
-52
-67
-72
-82
-105
-130
-145
-147
-142
-160
-188
-188
-156
-127
-139
-168
-168
-164
-160
-188
-221
-233
-227
-215
-199
-185
-171
-184
-184
-183
-169
-156
-173
-178
-168
-167
-166
-165
-185
-186
-187
-178
-163
-167
-160
-154
-126
-102
-109
-126
-123
-98
-83
-85
-90
-94
-74
-40
-33
-56
-52
-25
-10
-5
-12
-4
34
75
102
117
121
145
163
162
150
145
145
141
134
107
85
74
54
35
25
6
-9
-33
-31
-11
34
72
92
114
122
163
181
188
181
208
246
275
280
262
260
269
282
278
267
248
219
195
175
151
109
63
32
15
12
6
-8
-24
-36
-36
-54
-73
-90
-100
-90
-100
-133
-155
-165
-162
-148
-153
-163
-182
-188
-181
-177
-162
-161
-154
-151
-141
-109
-104
-131
-137
-122
-116
-125
-137
-146
-137
-117
-103
-108
-111
-107
-94
-71
-88
-91
-115
-126
-119
-106
-71
-56
-36
-34
-13
4
32
65
80
91
107
119
133
129
127
151
176
182
172
159
148
159
166
164
137
107
97
100
91
53
33
32
30
13
-18
-54
-79
-101
-107
-101
-85
-62
-58
-34
-19
-12
-1
25
45
73
97
113
147
179
200
182
168
170
175
177
184
174
171
149
106
80
61
64
32
0
-20
-37
-58
-72
-94
-114
-125
-123
-119
-117
-110
-114
-106
-102
-120
-135
-145
-165
-197
-212
-193
-191
-196
-229
-232
-217
-217
-203
-200
-196
-183
-146
-130
-114
-110
-112
-95
-83
-69
-66
-67
-57
-38
-29
-16
-7
3
23
48
71
96
117
129
140
162
178
195
204
183
202
220
232
242
249
269
277
291
278
250
234
223
216
200
168
123
104
75
34
19
-21
-28
-46
-54
-51
-46
-50
-75
-87
-87
-62
-48
-47
-48
-41
-26
-16
-11
-19
-10
7
12
21
9
0
-16
-30
-26
-26
-51
-77
-80
-73
-62
-74
-79
-84
-77
-63
-73
-90
-98
-93
-77
-58
-54
-63
-88
-84
-55
-40
-41
-47
-55
-39
-24
-28
-47
-67
-49
-37
-41
-56
-80
-107
-128
-122
-118
-136
-146
-152
-148
-142
-162
-176
-173
-157
-140
-140
-144
-134
-117
-98
-74
-39
-9
8
18
24
55
84
110
131
156
214
268
297
311
330
347
360
363
360
349
332
328
320
295
255
225
199
171
155
110
57
34
13
5
-4
-33
-63
-80
-86
-82
-94
-96
-92
-81
-68
-62
-55
-46
-16
9
30
31
38
53
59
68
71
78
73
60
44
19
4
-15
-45
-63
-70
-88
-115
-141
-168
-185
-194
-193
-199
-213
-222
-207
-186
-161
-166
-164
-150
-125
-119
-105
-96
-106
-86
-77
-63
-60
-67
-80
-82
-92
-94
-107
-121
-117
-110
-95
-87
-83
-94
-100
-100
-109
-124
-122
-136
-141
-130
-117
-119
-123
-111
-103
-91
-83
-71
-53
-18
45
84
115
167
220
271
314
362
409
442
450
459
485
489
482
484
476
451
412
362
321
284
236
200
174
141
102
63
46
40
28
6
-28
-34
-45
-35
-32
-50
-41
-33
-26
-32
-41
-43
-52
-62
-51
-39
-44
-37
-37
-39
-40
-47
-52
-64
-85
-106
-114
-137
-155
-169
-174
-188
-198
-229
-245
-245
-260
-271
-275
-259
-260
-265
-277
-283
-282
-268
-270
-275
-267
-250
-221
-212
-205
-189
-171
-152
-134
-129
-119
-106
-102
-104
-104
-98
-86
-66
-53
-28
-1
12
23
34
57
89
114
122
133
159
190
212
230
248
265
273
288
295
287
277
260
270
275
256
233
217
216
213
210
199
192
194
188
195
183
165
156
149
143
145
130
121
120
121
114
101
93
75
73
74
61
46
26
25
23
3
5
1
2
-11
-32
-43
-54
-74
-78
-70
-68
-53
-50
-51
-51
-45
-40
-51
-64
-59
-59
-61
-67
-84
-83
-87
-90
-100
-101
-101
-102
-105
-112
-135
-159
-169
-182
-191
-220
-232
-244
-264
-269
-284
-311
-329
-339
-345
-347
-358
-348
-333
-330
-314
-300
-285
-269
-257
-237
-203
-171
-133
-111
-74
-49
-8
20
46
93
138
179
199
219
253
277
293
308
313
318
317
312
312
316
311
296
276
273
262
259
247
225
219
217
203
186
185
173
184
176
170
166
155
165
155
143
115
96
103
111
109
96
97
82
71
68
50
56
50
45
43
47
49
31
16
8
16
13
4
-7
-24
-25
-23
-18
-19
-26
-39
-48
-43
-32
-33
-41
-49
-45
-51
-77
-101
-121
-131
-143
-149
-172
-189
-200
-213
-213
-234
-243
-261
-279
-280
-278
-282
-300
-322
-339
-331
-324
-321
-331
-331
-321
-319
-308
-302
-284
-265
-237
-222
-197
-169
-138
-101
-52
-3
32
75
110
143
177
203
232
262
288
301
302
293
281
276
267
265
261
247
250
244
236
210
193
180
181
184
190
194
188
184
171
181
181
163
154
144
144
157
164
153
113
82
58
59
52
31
11
-7
-19
-34
-39
-56
-55
-36
-35
-32
-36
-31
-27
-27
-20
-18
-35
-37
-22
-18
-13
1
11
14
23
40
49
35
31
31
35
29
28
21
-6
-10
-13
-28
-45
-65
-89
-117
-133
-144
-166
-182
-218
-240
-241
-243
-254
-266
-266
-263
-261
-256
-244
-214
-199
-194
-173
-161
-133
-113
-93
-68
-42
-27
-9
-1
7
9
15
24
27
35
34
21
9
16
11
9
8
19
25
35
26
18
37
56
69
75
88
102
119
134
151
165
169
166
175
184
211
215
221
207
213
200
189
194
176
167
163
146
125
112
88
73
49
46
24
-3
-31
-52
-71
-89
-111
-125
-134
-137
-130
-129
-120
-108
-101
-91
-86
-88
-68
-59
-47
-42
-34
-16
-3
17
25
27
18
30
34
32
23
12
15
-6
-16
-29
-31
-37
-40
-45
-61
-62
-59
-51
-39
-36
-39
-36
-22
-7
6
21
32
36
45
66
80
93
94
83
84
87
92
86
77
56
32
23
15
-5
-19
-35
-59
-73
-86
-81
-91
-103
-107
-114
-107
-85
-72
-72
-78
-77
-64
-50
-41
-33
-29
-13
2
2
4
5
3
7
5
0
4
12
20
20
18
28
39
43
40
35
35
28
20
16
20
34
34
18
17
19
27
22
14
3
6
10
2
-10
-24
-26
-41
-48
-61
-66
-56
-74
-74
-65
-73
-75
-58
-44
-30
-20
-13
0
10
10
15
16
11
23
43
61
64
80
86
80
87
108
116
115
112
112
114
117
116
111
115
115
104
97
88
75
64
62
56
37
7
-8
-18
-26
-41
-51
-71
-79
-71
-84
-96
-104
-103
-99
-89
-87
-91
-93
-79
-76
-76
-76
-62
-55
-66
-51
-50
-44
-41
-45
-48
-47
-44
-45
-56
-65
-65
-52
-49
-67
-69
-61
-38
-32
-34
-23
-3
11
19
20
28
37
35
33
29
26
27
30
41
43
39
43
45
40
45
36
28
40
49
43
40
33
20
4
-8
-10
-18
-23
-35
-46
-52
-59
-65
-60
-55
-52
-53
-37
-23
-17
-8
10
28
45
63
80
91
102
119
121
126
134
157
170
177
162
156
172
171
164
157
150
144
128
113
93
85
59
42
36
8
-19
-21
-30
-46
-51
-73
-84
-84
-91
-103
-101
-92
-90
-83
-84
-88
-86
-83
-73
-74
-78
-70
-65
-67
-68
-76
-87
-90
-93
-106
-101
-98
-102
-102
-116
-128
-127
-139
-137
-141
-140
-130
-131
-125
-124
-118
-97
-78
-54
-37
-33
-19
-23
-23
-6
8
13
14
9
15
24
26
28
33
30
27
32
32
33
39
43
51
61
69
82
98
102
91
98
106
112
111
109
108
108
98
101
101
100
92
98
102
120
135
128
132
127
132
126
126
118
112
109
103
99
99
88
73
55
43
33
22
13
15
26
25
20
27
26
9
8
3
-10
-20
-24
-26
-31
-51
-68
-76
-79
-74
-72
-74
-71
-71
-64
-57
-64
-65
-62
-72
-72
-75
-77
-90
-112
-112
-114
-117
-110
-114
-121
-128
-122
-114
-120
-122
-119
-116
-106
-109
-107
-104
-102
-105
-103
-99
-103
-102
-80
-69
-78
-74
-76
-74
-71
-65
-64
-65
-64
-45
-35
-42
-43
-39
-25
-18
-16
-6
10
32
43
57
68
65
73
81
90
107
119
123
129
136
144
156
152
146
154
162
164
165
150
145
150
138
130
134
120
107
91
82
90
90
82
75
62
71
72
57
59
60
59
56
55
54
55
61
65
58
53
48
49
45
55
54
47
45
45
47
37
23
21
17
3
-12
-20
-29
-36
-47
-55
-57
-65
-73
-80
-93
-101
-107
-122
-125
-133
-136
-148
-160
-168
-168
-167
-176
-181
-182
-190
-178
-170
-161
-160
-163
-149
-143
-124
-119
-118
-116
-102
-85
-81
-83
-81
-62
-39
-29
-28
-22
-17
-4
2
7
2
11
25
43
53
43
45
56
66
81
82
74
83
91
87
77
79
71
75
92
100
109
114
114
107
104
112
110
101
102
115
118
123
127
118
111
118
129
124
109
104
101
108
97
76
69
68
56
46
46
42
36
33
34
24
8
-1
5
-3
-12
-20
-20
-27
-28
-29
-37
-34
-54
-63
-56
-60
-62
-57
-62
-64
-62
-49
-52
-71
-66
-67
-77
-75
-80
-88
-95
-110
-108
-100
-113
-131
-131
-117
-108
-103
-99
-95
-101
-90
-84
-73
-69
-68
-54
-50
-49
-40
-37
-34
-26
-26
-24
-22
-20
-22
-24
-25
-28
-34
-29
-24
-20
-14
-9
-3
5
11
23
37
46
49
47
68
69
54
58
60
62
65
65
66
72
71
73
74
73
85
78
76
75
77
86
84
75
78
93
93
90
90
98
121
127
129
123
119
121
113
108
105
112
113
102
91
70
53
47
41
24
13
4
7
-2
-3
-12
-14
-17
-44
-47
-56
-63
-66
-79
-83
-89
-98
-90
-92
-98
-102
-109
-110
-105
-98
-104
-102
-104
-107
-108
-114
-115
-118
-107
-113
-117
-120
-107
-99
-99
-100
-86
-76
-86
-87
-85
-78
-68
-65
-69
-64
-38
-19
-32
-28
-17
0
9
12
12
13
8
13
20
15
17
20
17
12
28
35
35
40
47
57
54
56
61
61
58
53
72
86
87
88
94
93
98
101
91
80
73
74
76
63
61
64
59
56
55
47
47
60
61
59
51
56
57
59
48
52
55
57
62
48
51
54
41
33
43
40
35
32
18
16
6
9
5
-3
-3
-12
-13
-19
-20
-21
-30
-32
-37
-52
-66
-67
-60
-72
-86
-98
-95
-93
-100
-106
-104
-96
-96
-87
-86
-87
-87
-93
-78
-64
-55
-51
-48
-43
-41
-29
-18
-13
-6
-8
2
15
16
20
15
-1
-8
-4
-4
-12
-20
-27
-12
-12
-21
-20
-14
-18
-12
-11
-9
-7
-8
1
0
-2
-6
2
8
1
5
9
14
12
16
25
30
33
33
31
36
41
44
46
44
48
54
52
47
43
41
43
38
30
26
17
14
17
9
4
-1
-4
2
6
-7
-7
4
2
1
16
15
13
19
18
21
24
35
35
31
35
36
29
26
28
22
23
26
27
26
23
18
20
26
18
11
20
15
14
7
-12
-12
-14
-11
-17
-24
-25
-17
-11
-24
-30
-22
-18
-15
-11
-9
-15
-13
1
-10
-12
-9
-18
-29
-29
-26
-28
-39
-49
-49
-50
-45
-42
-39
-43
-43
-44
-36
-34
-31
-30
-32
-36
-39
-29
-29
-20
-24
-24
-21
-16
-6
-11
-8
-12
2
24
26
19
19
39
44
55
65
61
54
46
37
38
41
38
31
24
26
21
9
14
-1
-15
-25
-30
-39
-40
-43
-36
-28
-38
-37
-37
-38
-43
-42
-41
-45
-45
-35
-27
-13
-10
-17
-9
2
10
17
25
37
44
56
61
68
69
66
73
72
77
81
73
59
51
51
39
26
20
14
10
5
-3
-10
-16
-22
-28
-29
-30
-27
-29
-30
-27
-25
-25
-22
-12
-9
-14
-9
-3
-1
3
1
-1
-6
-6
8
12
6
5
5
0
-6
-13
-2
-8
-8
-10
-9
-4
-2
-12
-15
-8
-1
-5
-20
-19
-11
-6
-4
-5
-11
-11
-6
2
2
5
8
2
7
17
13
11
10
13
6
1
-3
-17
-9
-21
-21
-16
-13
-19
-23
-23
-24
-24
-22
-17
-23
-17
-26
-23
-18
-25
-21
-22
-24
-22
-20
-23
-22
-22
-27
-31
-24
-10
-2
6
20
27
35
43
55
57
65
76
75
72
84
79
61
65
62
57
45
44
39
25
15
16
12
6
8
9
2
-10
-3
-11
-23
-22
-23
-27
-36
-36
-42
-36
-40
-50
-34
-27
-29
-33
-32
-24
-13
-14
-8
-1
-2
3
10
16
16
7
-1
4
17
20
18
4
-1
9
2
0
9
5
12
11
9
18
14
19
15
8
10
14
11
10
11
4
0
-1
-1
-6
-18
-8
-11
-23
-31
-29
-23
-33
-37
-43
-45
-44
-46
-47
-45
-42
-49
-48
-44
-43
-48
-44
-33
-27
-34
-40
-34
-39
-36
-33
-26
-31
-37
-31
-16
-17
-19
-19
-24
-16
-12
-2
6
12
12
19
14
19
20
29
44
47
50
60
66
73
76
78
81
76
75
81
89
83
83
81
80
73
65
62
53
51
47
46
40
31
28
17
10
3
6
4
-6
4
9
14
8
3
7
9
10
16
28
18
19
17
24
21
20
9
-1
-1
-5
-3
-1
-12
-21
-24
-33
-32
-40
-50
-51
-56
-64
-67
-74
-76
-67
-68
-72
-72
-77
-78
-70
-72
-64
-57
-55
-49
-47
-42
-40
-38
-32
-34
-28
-28
-25
-26
-23
-25
-32
-30
-24
-23
-28
-32
-36
-35
-32
-21
-27
-33
-30
-27
-23
-19
-13
-19
-16
1
9
11
14
21
19
11
11
30
38
45
47
49
54
57
75
74
84
86
80
82
80
84
91
85
72
66
61
57
68
54
47
41
43
49
48
50
39
40
41
35
34
33
31
25
29
34
17
17
15
6
9
5
-5
-6
-13
-18
-11
-10
-14
-15
-16
-14
-16
-14
-13
-25
-28
-21
-24
-28
-27
-24
-25
-29
-28
-35
-43
-39
-36
-35
-32
-36
-40
-46
-49
-50
-60
-67
-65
-66
-63
-60
-61
-62
-79
-86
-73
-80
-74
-68
-69
-66
-61
-58
-65
-60
-53
-47
-46
-44
-49
-41
-25
-26
-31
-29
-15
-3
5
7
12
18
22
22
30
38
41
40
53
55
54
65
65
63
67
78
79
90
100
105
107
104
116
113
111
113
108
113
119
120
115
110
103
103
90
83
81
75
62
53
53
43
31
28
16
15
3
9
-7
-15
-16
-16
-22
-31
-31
-38
-41
-49
-53
-59
-57
-60
-68
-73
-75
-76
-76
-81
-83
-81
-90
-83
-86
-85
-81
-77
-68
-75
-71
-69
-65
-67
-68
-67
-64
-59
-56
-56
-52
-47
-51
-41
-40
-48
-49
-47
-40
-43
-42
-37
-32
-25
-32
-32
-24
-16
-14
-14
-13
-16
-16
-18
-8
-7
7
5
3
1
3
12
8
17
23
26
26
26
32
31
30
35
38
32
33
39
31
43
56
59
60
68
73
77
87
87
94
91
97
94
96
97
101
99
107
115
114
115
109
102
102
94
90
90
81
82
70
62
60
52
39
34
25
18
19
13
9
4
-3
-11
-21
-28
-34
-37
-42
-51
-54
-56
-66
-69
-66
-72
-64
-69
-71
-80
-87
-90
-103
-99
-97
-100
-95
-91
-93
-94
-88
-86
-85
-83
-80
-76
-68
-65
-68
-60
-62
-65
-65
-65
-64
-68
-69
-62
-58
-63
-63
-51
-50
-52
-40
-34
-30
-15
-12
-9
-13
-17
-11
-4
6
5
8
11
12
14
17
26
40
33
43
58
55
47
43
45
52
56
52
67
71
71
68
72
68
66
72
81
84
83
88
94
86
86
90
89
82
86
88
89
97
90
85
75
84
79
80
74
61
60
57
61
55
47
43
35
23
15
8
5
3
-10
-20
-21
-29
-39
-48
-54
-63
-78
-86
-91
-99
-101
-98
-102
-103
-103
-99
-99
-101
-103
-102
-100
-93
-90
-96
-94
-80
-77
-78
-75
-72
-63
-63
-57
-61
-64
-55
-48
-39
-35
-27
-21
-19
-14
-21
-24
-13
-12
-3
-1
8
15
18
26
35
40
44
47
51
50
56
68
65
62
63
68
73
74
68
62
60
62
61
51
48
49
41
37
29
26
21
19
14
7
12
17
12
13
9
6
11
13
20
15
20
26
26
36
29
25
32
35
30
32
35
34
33
38
39
32
36
36
35
30
26
26
16
15
14
11
8
2
-11
-14
-6
-10
-20
-22
-29
-26
-30
-48
-49
-53
-54
-51
-58
-69
-74
-68
-76
-80
-79
-77
-73
-74
-71
-82
-74
-69
-67
-64
-74
-65
-54
-42
-34
-34
-28
-20
-18
-15
-19
-23
-16
-11
-15
-9
-5
-4
-11
-20
-22
-11
1
7
12
16
20
28
31
37
41
43
54
51
56
64
68
64
58
60
66
62
60
60
52
52
47
50
47
36
32
38
31
32
29
21
21
19
27
25
15
26
20
17
14
10
13
14
14
10
9
5
9
6
-1
-2
-1
5
-3
-8
-5
-12
-8
-9
-20
-12
-2
-8
-18
-15
-13
-16
-11
-8
-13
-14
-17
-16
-11
-15
-18
-9
-12
-12
-19
-22
-23
-30
-29
-36
-34
-30
-39
-39
-44
-46
-48
-42
-35
-40
-41
-44
-46
-47
-41
-38
-32
-29
-31
-25
-15
-12
-14
-11
-11
-7
-7
-5
-1
3
-4
2
2
4
6
4
10
10
10
16
22
20
18
20
26
28
33
42
47
47
47
48
50
50
50
48
47
40
32
27
25
27
22
8
6
7
9
4
1
1
3
-1
-4
-10
-13
-9
-15
-15
-9
-14
-25
-22
-23
-19
-13
-9
-5
0
-4
3
7
13
19
13
16
22
23
19
19
12
13
15
7
8
4
3
-2
-1
0
1
12
12
7
11
14
13
12
3
14
18
17
17
6
7
3
-1
-7
-12
-10
-6
0
-6
-11
-11
-12
-11
-10
-14
-15
-16
-15
-21
-24
-16
-21
-24
-23
-16
-15
-11
-8
-11
-13
-15
-14
-13
-7
-6
-8
-10
-4
3
-3
-3
-8
-4
-7
-3
-7
-6
5
12
5
-2
3
7
6
3
5
11
12
12
10
4
10
12
5
0
4
5
-5
-14
-18
-17
-19
-17
-21
-25
-33
-30
-27
-30
-38
-38
-30
-21
-25
-24
-24
-18
-23
-29
-27
-33
-25
-30
-30
-23
-26
-23
-23
-30
-26
-19
-15
-5
-2
-2
6
4
9
15
18
22
20
22
27
29
26
25
34
32
38
48
52
48
49
55
59
66
64
60
58
63
63
60
61
54
51
36
29
29
22
16
20
18
15
18
12
17
14
4
3
4
5
0
-1
2
-6
-6
-9
-16
-17
-11
-11
-19
-25
-25
-18
-19
-23
-25
-25
-30
-33
-37
-40
-34
-36
-37
-38
-36
-36
-34
-31
-27
-19
-16
-15
-12
-3
-8
0
8
18
14
19
21
15
19
13
22
16
6
12
16
12
12
5
2
6
5
5
5
1
-7
-6
-3
-9
-10
-12
-14
-21
-16
-16
-14
-22
-20
-18
-18
-23
-25
-21
-19
-19
-19
-19
-19
-23
-30
-28
-33
-28
-26
-22
-15
-5
-5
-17
-17
-9
0
1
4
4
10
21
22
19
16
24
26
25
23
28
30
30
28
19
23
13
10
10
11
7
12
14
8
9
6
9
17
7
3
9
10
6
4
5
6
6
-3
-5
-6
-6
-5
-5
-12
-12
-12
-8
-1
-1
0
4
3
4
-2
-1
5
4
0
1
2
-4
-1
0
5
14
15
13
16
11
11
7
3
1
-2
-4
-4
2
-4
-4
-6
-7
-7
-2
-8
-10
-6
-6
-2
-3
-4
-1
1
-1
2
0
-1
1
0
-4
-8
-11
-9
-4
1
-3
-4
2
0
4
5
1
3
2
5
13
9
13
13
17
20
21
18
13
19
24
20
23
26
26
29
34
34
18
16
10
11
13
7
6
7
1
-2
-10
-14
-20
-25
-28
-28
-23
-27
-32
-38
-35
-26
-29
-33
-37
-36
-30
-34
-34
-32
-32
-30
-31
-23
-19
-22
-21
-23
-21
-18
-20
-22
-24
-23
-13
-12
-9
-11
-11
-1
-4
-5
-5
-3
0
-2
1
-2
3
1
6
8
5
9
8
13
14
17
15
18
22
22
19
21
24
28
29
29
28
30
33
29
31
28
28
35
35
34
29
21
25
25
20
20
19
18
14
12
17
15
14
10
8
4
8
16
14
14
14
15
15
13
7
1
-8
-10
-6
-9
-13
-16
-17
-8
-11
-16
-15
-17
-13
-9
-6
-10
-10
-14
-12
-7
-2
-8
-10
-6
-4
-7
-6
-12
-17
-18
-18
-19
-18
-19
-16
-9
-14
-12
-10
-17
-18
-20
-21
-18
-19
-22
-24
-27
-28
-27
-26
-31
-27
-25
-26
-28
-31
-31
-27
-21
-21
-19
-16
-16
-15
-12
-17
-7
-5
-6
0
1
0
4
12
16
15
16
20
26
27
28
30
25
25
30
33
33
32
32
38
39
39
30
30
34
33
30
23
24
25
27
33
35
30
28
34
32
35
33
24
22
26
25
19
16
11
14
11
7
6
1
-7
-6
-9
-15
-12
-15
-18
-24
-26
-23
-28
-26
-22
-18
-18
-21
-20
-15
-12
-11
-10
-6
-6
-3
-3
-4
0
-2
-4
-4
-7
-2
-8
-13
-13
-16
-18
-22
-24
-27
-25
-25
-32
-27
-30
-31
-30
-26
-26
-35
-35
-27
-26
-23
-17
-17
-21
-16
-8
-9
-14
-13
-6
-1
-1
-5
-3
0
8
13
16
13
9
11
12
14
12
8
6
8
6
14
14
14
15
14
17
19
18
19
29
23
25
22
21
21
19
17
14
12
13
8
4
8
8
6
13
14
16
8
7
4
2
5
7
4
-1
-2
-3
-3
-8
-7
-5
-11
-12
-9
-11
-9
-10
-4
-5
-5
-2
-1
1
3
3
-2
6
14
8
7
5
-1
3
2
8
10
8
8
4
6
5
5
7
8
5
8
5
1
-3
-5
-3
-2
-4
-5
-4
-10
-10
-11
-9
-14
-15
-14
-14
-10
-10
-6
-5
-5
-8
-11
-8
-10
-9
-5
-9
-16
-12
-7
-3
-1
0
-4
-2
1
-5
-3
-8
-5
-4
2
2
1
1
-6
-3
-9
-3
-3
2
-1
-2
-5
-4
-2
-7
-3
3
5
1
-1
0
3
1
1
2
-1
0
4
4
4
1
2
-1
-1
6
3
5
9
12
13
15
9
10
13
11
17
13
17
13
9
12
11
10
11
15
19
14
12
14
12
12
7
7
6
6
6
7
4
2
-1
-6
-8
-7
-5
-2
1
4
2
2
-1
-1
-3
-3
-5
-6
-3
-9
-6
-11
-10
-15
-10
-9
-10
-11
-13
-11
-13
-12
-13
-13
-11
-9
-8
-9
-3
-7
-4
-2
-4
-4
-5
-3
-4
-4
-10
-7
-3
-3
-9
-6
0
-4
-2
-2
-4
-1
-4
-1
-3
-6
-7
-9
-8
-9
-11
-11
-13
-11
-7
-5
-2
-1
-1
0
2
4
4
0
1
1
0
3
2
6
6
6
8
11
12
10
7
10
10
7
6
3
3
4
0
1
-1
0
-1
-3
-4
-4
-4
-4
-2
-3
-2
3
1
5
5
8
5
5
7
9
12
12
15
18
16
16
14
17
16
13
17
15
12
9
11
7
8
1
2
0
1
0
1
2
-4
-8
-5
-7
-3
-1
-4
-4
-5
-3
-7
-10
-9
-11
-10
-10
-6
-9
-12
-10
-8
-6
-9
-9
-8
-8
-6
-5
-8
-5
-3
-3
-2
-5
-5
-4
-1
-1
-2
-5
-4
-3
-3
0
2
2
4
8
10
10
11
14
9
11
12
15
16
13
15
12
13
13
11
8
9
10
7
5
3
1
4
1
-3
-4
-3
0
-2
-6
-9
-8
-8
-9
-13
-9
-4
-6
-3
-3
-3
-5
-7
-6
-6
-7
-5
-6
-6
-9
-13
-13
-16
-14
-15
-14
-14
-16
-17
-16
-15
-12
-15
-13
-12
-11
-6
-3
-4
-4
-3
0
5
3
1
2
5
9
10
7
6
4
6
9
7
6
2
3
8
6
5
3
5
6
7
6
9
5
7
5
6
6
5
8
6
6
8
9
6
5
9
11
8
4
6
4
10
8
4
5
4
5
3
0
0
4
5
3
2
2
1
3
3
2
0
-5
-3
0
-2
-3
-4
0
0
-1
-1
1
2
-4
-5
-8
-4
0
-1
-1
-1
5
6
2
-3
-3
0
3
4
5
0
-1
-2
1
2
-2
-2
3
3
2
1
-2
-5
-5
-3
-4
-6
-3
-4
-7
-6
-7
-8
-8
-8
-6
-6
-7
-6
-5
-2
0
2
-1
-2
0
2
2
2
0
-3
1
0
-3
-4
-2
-1
2
-1
-4
-6
-4
-6
-6
-6
-6
-8
-7
-4
-6
-7
-5
-2
-5
-5
-4
-3
2
1
3
4
4
8
6
3
3
2
4
2
4
4
4
4
7
6
2
2
4
3
2
3
5
6
4
0
-3
-2
0
0
-2
0
-1
1
1
1
-2
-1
2
3
4
5
2
-2
-2
-4
-4
-4
-5
-5
-4
-5
-7
-9
-10
-8
-5
-3
1
4
2
3
6
8
8
5
5
7
8
9
11
11
8
8
13
12
11
11
10
11
9
10
9
7
6
6
7
5
6
1
-1
1
3
2
2
1
-2
-4
-5
-5
-3
-3
-5
-4
-2
0
1
-2
-1
-3
-7
-4
-2
-3
-5
-9
-5
-6
-9
-9
-8
-7
-5
-6
-6
-5
-5
-7
-5
-4
-3
-1
1
0
-1
-1
-2
-1
-3
-1
-2
-3
-3
-3
-5
-3
-4
-5
-5
-4
-2
-1
-3
-4
-5
-2
2
1
-2
-6
-5
-3
-2
-2
-3
-2
-2
0
0
-1
0
0
-2
-2
1
-4
-4
-4
-4
-5
-5
-1
-1
-1
1
1
5
0
1
2
3
6
2
2
5
7
10
7
6
7
10
12
12
13
13
15
14
13
9
7
9
5
7
4
3
4
3
1
-1
-1
-3
-2
-5
-3
-5
-7
-9
-6
-7
-6
-8
-10
-11
-10
-10
-11
-10
-10
-9
-8
-5
-5
-4
-4
-3
1
1
0
3
4
5
6
4
5
3
3
4
4
3
3
1
5
5
3
3
2
5
3
4
6
4
6
8
7
8
4
6
7
8
6
6
5
5
5
4
3
2
2
0
0
0
-3
-5
-4
-4
-4
-4
-3
-3
-5
-4
-7
-9
-8
-4
-3
-5
-7
-4
-1
-2
-1
-1
-2
-3
-1
0
-1
-3
-2
-2
1
2
2
1
-1
1
2
4
3
3
3
4
5
4
4
2
2
2
2
0
-1
-3
-3
-4
-6
-7
-8
-8
-9
-9
-9
-11
-11
-9
-9
-10
-9
-9
-7
-7
-4
-5
-4
-2
-3
-2
-2
-3
-3
-4
-1
-1
-2
0
-2
-1
1
-1
0
1
2
3
3
4
2
2
3
6
5
3
4
4
5
5
2
0
0
2
5
4
5
6
6
5
7
8
8
6
4
6
9
6
4
4
6
5
6
5
3
3
3
2
1
1
3
1
0
0
2
2
3
4
2
1
3
4
4
3
5
5
8
3
1
1
3
5
4
3
2
0
3
0
-1
3
2
5
3
2
-1
-1
-2
-2
-5
-7
-5
-6
-5
-6
-2
-1
-2
-3
-7
-6
-3
-2
-3
-2
-1
-1
-2
-3
-5
-4
-4
-3
-5
-6
-8
-6
-5
-9
-9
-9
-9
-9
-9
-7
-8
-7
-7
-9
-11
-8
-9
-10
-10
-10
-8
-8
-7
-7
-7
-7
-6
-5
-3
-5
-6
-6
-4
-4
-2
0
1
0
1
1
1
4
4
4
7
6
6
7
8
9
10
11
10
9
10
10
9
10
9
9
9
6
6
7
9
9
9
8
8
12
12
10
10
9
10
12
11
8
6
6
8
7
6
6
5
5
5
4
3
1
0
-1
1
0
-1
-1
1
-3
-3
-3
-3
-3
-5
-6
-5
-2
-3
-4
-4
-4
-3
1
0
-1
-1
-3
-1
-2
-3
-4
-5
-3
-1
-3
-4
-2
-3
-2
-5
-4
-6
-7
-7
-8
-10
-7
-6
-9
-8
-7
-8
-9
-10
-9
-7
-6
-7
-7
-6
-8
-8
-7
-4
-4
-3
-3
-2
-4
-4
-5
-1
-2
-1
2
0
3
2
2
4
4
5
5
5
5
4
6
7
7
8
10
10
10
9
10
12
8
9
8
6
6
5
4
5
3
3
3
2
2
-1
0
-3
-2
-1
-2
-1
-2
-1
-2
-5
-5
-5
-4
-3
-2
-3
-2
-3
-4
-5
-6
-8
-9
-5
-6
-5
-5
-7
-8
-7
-7
-8
-7
-8
-4
-3
-2
-3
-4
-1
-1
-1
-1
-2
-1
-1
2
3
3
2
2
2
5
5
6
5
5
6
6
8
4
5
7
6
6
7
6
7
5
8
8
8
7
9
9
7
8
7
7
3
2
3
2
2
3
5
2
0
1
-1
0
1
2
3
1
-1
1
2
2
1
-2
1
3
2
0
0
2
2
2
3
2
2
4
4
4
2
-1
0
0
0
-1
-3
-3
-4
-3
-2
-3
-4
-6
-6
-6
-6
-8
-10
-9
-8
-7
-8
-8
-11
-10
-9
-7
-9
-10
-10
-8
-6
-7
-9
-9
-7
-3
-4
-4
-5
-4
-3
-2
-3
-4
-5
-5
-3
-4
-2
0
-1
-4
-4
0
0
0
-1
2
5
5
5
3
3
4
4
6
5
5
5
5
5
4
3
3
6
5
4
2
3
2
3
3
3
5
6
5
6
8
6
5
4
6
6
5
6
4
5
6
5
3
3
5
4
3
2
0
1
0
3
3
2
0
-2
-1
-1
0
-3
-4
-6
-4
-5
-4
-6
-5
-4
-3
0
-1
-3
-3
-1
1
0
1
1
0
2
2
0
0
1
0
-1
-2
-2
-1
-2
-1
1
-1
-2
-2
-3
-2
-3
-1
-1
-2
-2
-1
-1
-2
-4
-2
-1
-1
-3
-1
-1
-1
-2
-1
-2
-2
-3
-2
0
-1
-1
-1
3
2
1
-2
-3
-2
-1
1
1
1
-3
-1
1
0
-2
-1
0
0
0
0
0
2
3
3
1
-1
-2
-2
-1
2
1
0
0
0
1
1
1
2
1
1
1
3
1
0
3
1
1
2
4
4
3
4
3
3
2
0
2
3
1
0
-1
1
2
2
-2
-4
-3
-2
-4
-2
-3
-2
-4
-4
-4
-1
-3
-5
-3
-4
-1
-1
-4
-2
-3
-2
-1
-3
-2
0
0
-1
0
-3
-3
-3
-1
-1
0
-2
-1
0
-1
-2
-3
0
0
0
-2
-3
-1
-1
2
2
2
2
3
4
3
3
5
4
3
4
3
4
3
2
3
3
3
3
5
5
6
4
5
4
3
2
3
5
3
3
2
3
2
1
0
-1
-1
0
0
-2
-2
-1
-1
-1
-3
-3
-1
-1
0
0
-1
-2
-3
-2
-4
-3
-4
-5
-5
-6
-5
-5
-4
-5
-4
-2
-1
0
-2
-3
-2
-2
-2
-2
-2
-2
1
1
0
-1
-1
1
2
-1
-1
0
3
3
3
2
1
1
0
0
0
1
1
0
0
0
1
1
0
-1
0
1
-1
1
0
0
1
1
-1
-1
0
0
-1
-1
-1
-2
2
0
1
-1
-1
-1
1
0
-1
-2
-2
-2
0
0
0
0
-1
-1
-1
0
1
-1
0
1
1
0
0
0
-1
0
1
2
1
0
2
2
0
1
2
4
5
4
2
2
2
2
2
2
2
3
1
2
2
1
2
0
0
2
3
4
1
-1
0
0
1
0
-2
-3
0
2
0
-2
-1
0
0
-2
-3
-3
-4
-2
-3
-3
-5
-4
-3
-3
-5
-4
-3
-3
-3
-2
-2
-2
-1
0
-2
-2
-3
-3
-4
-3
-2
-2
-3
-2
-1
-1
2
-1
-1
-2
0
0
0
-1
-1
0
-1
-1
-1
-2
-1
0
1
2
0
1
2
3
3
3
2
1
3
4
4
5
5
5
5
7
6
5
3
4
4
5
4
2
3
3
5
4
3
1
0
1
0
0
1
1
1
0
0
0
0
1
0
1
2
2
1
0
1
3
3
1
0
1
2
2
2
1
0
1
2
1
1
0
0
-2
-1
-1
-1
-1
-2
-2
-6
-5
-7
-7
-5
-8
-7
-7
-6
-4
-6
-8
-8
-7
-8
-6
-4
-4
-6
-6
-4
-2
-2
-4
-3
-2
-1
0
-3
-1
0
-1
1
3
3
1
2
2
3
3
3
2
3
5
4
5
7
4
5
4
5
4
3
3
2
2
1
1
-1
0
2
