2
1
-1
0
0
1
2
2
0
0
0
0
0
1
4
3
5
4
1
1
-1
1
-1
-2
-2
-1
-2
-1
1
0
-2
-2
1
-1
-2
-4
-4
0
-1
-2
-3
-3
-2
-5
-3
-3
-3
-4
-4
-5
-3
-4
-3
-2
-3
-5
-3
-4
-5
-6
-2
-2
-2
1
-3
-3
-2
0
0
-1
2
0
1
-1
-1
1
-2
-1
-2
1
0
1
2
0
1
0
0
1
0
1
2
2
1
2
1
2
3
1
2
1
0
0
0
2
3
-1
2
5
3
4
2
1
2
2
3
2
3
4
4
4
3
1
2
2
2
-2
-1
1
-2
-1
-3
-1
-1
-2
-1
-2
0
-2
-2
-1
-1
0
0
1
2
1
0
2
2
2
1
1
0
0
2
4
2
1
1
3
1
1
-1
-1
0
0
-3
-1
2
1
2
0
0
-2
-2
-4
-6
-3
1
0
3
2
2
2
0
-2
-2
-1
1
1
2
0
-4
-3
-6
-7
-6
-3
-5
-3
-4
-4
-4
-6
-4
-2
-1
-1
-1
0
-2
-2
1
-1
4
2
4
3
3
2
4
7
3
1
4
2
-2
-1
0
-1
0
0
0
-1
-2
-2
-2
2
0
-1
-1
2
3
1
2
1
-1
0
0
1
4
2
5
6
4
2
1
0
0
2
0
0
0
0
-1
0
2
1
-1
0
0
1
0
0
1
0
-1
-1
3
0
-1
4
-1
-2
-3
-1
1
-1
4
4
-1
-1
-5
-3
-1
-2
1
0
1
1
-3
0
-3
-3
1
-1
0
0
1
4
0
1
0
-3
-5
-6
-6
-1
1
0
2
2
0
0
-2
-2
1
4
2
-1
-2
-1
-2
-4
-2
-2
1
1
-1
-2
-3
-4
-3
-3
-1
-1
-2
1
-1
2
0
-1
3
1
0
3
0
-4
3
-1
0
1
-2
1
-3
0
2
3
6
6
4
5
2
0
1
2
5
7
6
2
-2
-1
-4
-3
-4
-1
-3
2
2
0
4
-1
-3
-4
-5
-4
0
0
2
3
3
3
1
-1
2
1
4
2
2
1
0
2
1
5
2
4
0
-2
-5
-5
-1
-2
1
-1
-1
-3
-4
-4
-3
0
0
4
2
0
-1
-1
2
1
7
2
5
2
-2
-2
-7
-1
-4
-1
-4
-4
-5
-6
-5
-7
-7
-8
0
-1
-2
2
-2
-1
0
4
7
7
5
6
1
-1
3
0
3
5
3
2
1
0
-3
-3
-1
1
0
3
-3
0
3
0
2
3
5
5
5
4
2
2
0
-2
1
1
1
-3
-3
-3
-4
-2
-7
-8
-12
-4
-4
-4
-4
-5
-3
-3
0
0
-2
3
7
6
1
-2
-3
0
0
0
2
1
-1
-3
1
-2
1
3
2
2
1
0
-1
1
2
2
2
1
1
2
4
0
1
3
0
0
0
1
-1
-2
3
4
7
7
4
2
2
3
2
0
-2
1
-1
2
2
1
1
-2
0
-2
-3
-3
-1
0
0
-2
-2
-3
-3
3
1
5
4
-1
-1
0
-2
0
1
2
1
-1
-4
-2
1
1
2
3
3
0
-5
-5
-6
-9
-5
-7
-4
-4
-2
-1
-5
-3
-1
1
1
3
6
7
6
3
6
4
2
2
1
3
3
6
3
-1
-2
-3
-5
-4
-4
0
-1
-2
0
-4
-4
-2
1
5
1
-3
-7
-6
-3
0
7
6
2
2
-1
-2
-2
-4
-2
-2
-2
0
-2
-4
-1
-3
0
-5
-6
-6
-5
-4
-1
-1
1
3
0
3
-2
0
4
7
2
-1
4
2
5
2
6
6
4
4
2
3
1
-1
0
-1
1
2
1
-4
-7
-1
0
3
3
1
0
3
2
4
3
8
7
6
1
0
0
3
4
4
8
5
3
-1
-5
-6
-2
-3
-1
1
3
2
-7
-6
-7
-5
1
3
2
-2
0
-2
-3
-2
0
2
2
3
4
1
-4
-5
0
3
3
3
4
2
-2
-4
-6
-6
-4
-3
-3
-2
-5
-2
-1
-3
-4
2
5
-1
1
-6
-6
-5
0
3
6
10
5
5
-1
-4
-5
1
0
-1
2
-2
-3
-5
-3
-8
-6
-5
-1
2
-2
-1
-3
-5
-5
1
0
-1
-2
-1
1
-1
0
1
2
3
3
4
0
1
2
2
2
-1
-2
-4
-2
-3
2
3
3
2
3
1
-2
-1
3
2
2
1
-2
3
-3
1
4
8
4
4
3
0
-1
-1
-2
-1
3
3
6
5
3
-2
1
4
0
1
1
0
2
0
1
0
2
-1
-3
0
-1
-1
-1
-1
2
1
3
-1
-2
-1
-1
0
1
-1
-1
4
4
1
1
1
0
4
4
2
-1
-3
-7
-8
-1
-2
1
3
5
0
-5
-9
-7
-3
2
6
4
3
-4
-7
-6
-2
3
8
9
7
2
-6
-4
-5
-5
-2
0
0
-5
-6
-2
-1
-1
0
-2
0
-1
-3
-4
-3
-1
-3
-2
-1
2
1
2
0
-2
0
-1
3
0
2
-1
-2
-1
-1
-1
1
2
-1
4
2
1
3
4
1
0
0
-3
-2
1
0
-1
-2
-2
-4
-6
-8
-4
-2
-1
1
0
-3
-7
-8
-5
-2
3
2
2
2
-2
-3
-3
2
3
3
3
3
1
2
-2
-3
1
4
3
4
1
-3
-5
-2
-2
-1
4
5
7
4
0
2
0
2
3
0
6
5
5
3
-1
2
4
6
6
8
5
4
0
-1
-1
-2
1
2
2
2
4
5
1
-2
-3
-2
0
4
7
4
2
1
0
-2
-3
-2
1
2
5
5
1
-3
-5
-3
2
5
3
2
2
-3
-7
-7
-8
-5
-4
0
1
-3
-4
-7
-9
-7
-5
-3
-3
-1
5
4
0
1
0
-2
1
3
1
3
2
5
2
0
-3
-5
-2
-2
-2
-2
-1
-2
-3
-1
-2
-4
-2
3
1
-1
-1
-1
-2
0
0
-1
0
0
0
0
1
-1
-2
-3
-4
-3
-2
2
0
0
-1
-4
-8
-8
-6
-6
-1
0
-3
-3
-4
1
3
3
2
-1
-5
-3
-4
-2
0
0
3
4
2
4
6
5
4
3
4
1
-1
0
4
2
5
3
4
5
4
5
7
7
3
2
1
1
4
2
2
0
1
-1
-1
-1
-2
2
1
3
1
0
0
2
-2
0
-1
2
3
4
5
5
4
2
3
2
0
-2
-3
-3
-5
-6
-7
-10
-9
-8
-6
-7
-3
-2
0
-2
0
3
3
4
3
4
3
2
3
3
4
4
0
-2
1
-1
-1
1
0
0
2
0
-3
-3
-1
-1
-2
0
-2
-5
-6
-1
-1
-1
1
3
3
2
3
2
2
2
0
-1
0
0
1
0
1
3
1
2
-1
-4
-5
-2
-1
-1
0
-3
-4
-8
-6
-7
-8
-4
-3
1
-1
-1
1
0
0
-1
-3
-4
-1
1
2
0
0
2
3
3
1
0
2
-1
1
-1
-4
-4
-4
-2
-2
-2
-2
0
0
2
3
3
5
2
4
3
5
6
5
3
1
-1
0
1
0
4
2
1
1
-2
-3
-3
-2
-3
0
-1
1
1
0
1
0
3
3
5
6
6
5
1
1
1
3
3
3
3
2
3
1
0
-1
-2
-5
-8
-7
-5
-3
0
-1
-4
-5
-4
-5
-3
0
3
6
6
5
7
7
8
11
7
7
7
4
2
0
1
0
-4
-3
-3
-3
-2
-3
-2
-2
1
-2
1
0
0
-1
0
0
0
3
1
0
1
2
0
0
-1
0
0
-2
-4
-4
-4
-7
-7
-7
-6
-5
-5
-4
-3
-4
-2
-2
-3
-3
-3
-2
1
2
-1
-1
-3
-2
-3
-2
0
1
0
-2
-3
-5
-4
-2
-1
-2
-2
-3
-3
-4
-2
1
2
4
4
2
0
1
3
2
2
3
3
3
3
2
1
1
1
2
0
2
2
2
3
1
2
1
-1
0
1
1
2
3
2
1
1
1
3
3
3
3
1
2
3
2
-1
-1
1
0
1
1
1
0
1
-1
0
-3
-2
-4
-2
0
0
2
0
-1
0
1
0
3
5
5
5
3
-1
1
-3
-5
-6
-4
-4
-4
-2
-1
-2
-3
0
2
-1
0
-2
-2
0
2
4
5
3
1
1
1
2
4
4
5
7
6
6
5
5
6
3
0
-2
-3
-5
-7
-10
-10
-10
-9
-11
-9
-7
-4
-3
-4
-5
-4
-4
-2
-2
1
2
2
2
2
2
3
2
1
-1
-3
-4
-5
-5
-4
-3
-3
-5
-6
-7
-6
-3
0
2
6
5
4
2
0
4
5
3
7
6
7
4
1
2
2
5
8
9
6
4
2
-1
-2
-3
-4
-3
-2
-2
-4
-1
-1
-3
-3
-1
1
3
6
7
8
11
12
11
11
6
4
4
1
3
3
2
0
0
0
-3
-5
-5
-7
-7
-8
-7
-4
-5
-3
-4
-5
-4
-4
-5
-5
-7
-10
-12
-14
-14
-17
-17
-16
-15
-11
-9
-5
-2
-1
1
0
0
3
4
7
9
11
11
11
12
13
13
14
14
15
14
15
10
8
8
6
5
0
2
4
4
4
2
2
4
4
4
5
6
9
10
9
7
8
9
8
10
12
10
7
6
5
4
2
1
0
-3
-5
-12
-15
-18
-21
-26
-28
-28
-30
-31
-30
-26
-23
-18
-18
-16
-17
-13
-11
-9
-4
-2
-2
-2
-3
-1
1
-2
-3
0
0
2
4
7
9
9
12
16
17
18
19
20
22
19
18
19
18
18
15
14
13
13
13
8
6
6
4
2
1
3
2
1
1
2
1
1
4
5
7
7
6
6
6
6
3
1
1
-2
-1
-3
-2
-2
-2
-1
0
-1
-5
-5
-6
-11
-14
-16
-16
-19
-20
-22
-22
-25
-27
-29
-31
-39
-50
-65
-77
-89
-101
-108
-117
-120
-118
-112
-103
-87
-64
-38
-7
26
64
102
138
174
203
226
244
257
262
263
256
237
209
170
130
82
30
-17
-70
-117
-161
-202
-231
-248
-257
-249
-226
-193
-145
-96
-44
12
75
131
176
225
257
284
295
288
274
248
220
182
143
98
60
14
-37
-84
-129
-166
-204
-230
-257
-273
-296
-302
-295
-285
-264
-241
-195
-141
-80
-56
-93
-145
-158
-134
-166
-231
-272
-260
-245
-260
-292
-286
-222
-142
-69
-6
83
183
271
343
417
506
580
614
627
644
645
636
591
504
403
297
193
54
-107
-264
-407
-539
-662
-756
-810
-809
-783
-722
-615
-454
-257
-87
79
275
467
629
759
887
982
1020
1029
1021
986
918
865
780
678
565
491
409
274
150
6
-162
-335
-498
-683
-883
-1084
-1273
-1398
-1500
-1531
-1524
-1462
-1317
-1130
-887
-613
-290
12
311
603
869
1087
1236
1318
1317
1270
1149
998
791
549
289
29
-178
-381
-563
-745
-856
-919
-968
-958
-885
-861
-956
-1067
-1060
-969
-1004
-1087
-1110
-1022
-901
-826
-732
-540
-277
-29
191
406
691
968
1216
1420
1594
1768
1868
1908
1874
1786
1666
1482
1241
929
612
285
-40
-380
-726
-1039
-1291
-1469
-1634
-1728
-1751
-1673
-1553
-1408
-1168
-848
-488
-189
93
429
770
1065
1292
1490
1631
1734
1784
1769
1749
1664
1556
1389
1198
1032
847
618
369
142
-77
-315
-542
-768
-990
-1221
-1426
-1565
-1659
-1717
-1743
-1692
-1578
-1379
-1115
-785
-439
-84
269
617
957
1208
1374
1465
1480
1441
1325
1153
948
702
402
98
-161
-363
-584
-926
-1312
-1644
-1796
-1901
-2077
-2232
-2275
-2159
-2033
-1920
-1774
-1502
-1148
-765
-374
-26
379
793
1174
1481
1754
2050
2260
2408
2437
2438
2395
2275
2053
1704
1334
957
589
165
-309
-773
-1174
-1495
-1789
-1989
-2104
-2101
-2045
-1915
-1695
-1401
-1017
-609
-225
144
530
893
1188
1380
1520
1629
1682
1673
1673
1621
1556
1433
1323
1207
1044
891
700
499
232
-8
-280
-536
-776
-1038
-1239
-1440
-1519
-1555
-1569
-1534
-1432
-1243
-1031
-751
-487
-186
104
376
651
876
1094
1222
1283
1273
1238
1165
1045
861
647
414
165
-49
-254
-473
-696
-867
-994
-1091
-1150
-1196
-1211
-1183
-1123
-1050
-942
-773
-615
-535
-475
-385
-262
-150
-100
-76
-54
11
64
113
162
227
301
366
437
496
552
591
605
601
591
605
603
559
468
397
356
309
262
186
147
86
38
-9
-62
-111
-189
-289
-384
-436
-514
-597
-678
-649
-620
-565
-457
-314
-141
7
222
417
620
797
944
1050
1115
1164
1141
1111
1024
935
800
668
586
463
324
139
4
-88
-188
-316
-467
-591
-699
-797
-885
-939
-993
-985
-948
-883
-771
-613
-424
-261
-56
124
306
477
624
713
747
774
768
782
734
642
514
330
18
-352
-647
-841
-1064
-1417
-1734
-1845
-1803
-1813
-1862
-1824
-1616
-1305
-1010
-733
-448
-103
292
656
977
1275
1562
1792
1986
2079
2148
2193
2172
2040
1753
1463
1193
917
524
41
-389
-745
-1072
-1383
-1630
-1773
-1815
-1794
-1711
-1552
-1306
-1035
-780
-537
-257
41
310
506
639
764
884
982
1045
1078
1074
1076
1063
1071
1095
1120
1046
924
809
658
489
259
31
-229
-510
-761
-971
-1143
-1326
-1439
-1470
-1430
-1291
-1096
-856
-626
-361
-77
201
480
679
810
872
934
964
936
841
700
522
326
165
33
-65
-189
-283
-378
-429
-462
-502
-513
-509
-493
-527
-562
-551
-536
-522
-492
-443
-386
-304
-231
-124
-1
100
176
250
301
336
334
307
294
243
145
24
-68
-140
-231
-325
-402
-430
-425
-405
-348
-266
-155
-19
136
289
448
568
681
759
814
870
857
798
713
592
417
229
39
-116
-292
-471
-644
-745
-763
-767
-767
-747
-657
-523
-395
-278
-125
28
171
337
501
678
813
892
957
1009
1034
994
921
853
742
613
476
358
249
122
-25
-147
-240
-343
-417
-508
-597
-655
-694
-706
-689
-636
-607
-545
-449
-309
-168
7
182
305
288
150
98
44
44
-206
-447
-576
-594
-651
-909
-1079
-1129
-1013
-927
-864
-774
-640
-378
-119
158
396
644
923
1099
1265
1382
1539
1599
1555
1382
1192
1043
869
622
249
-99
-388
-579
-798
-988
-1097
-1152
-1153
-1131
-1006
-832
-627
-461
-345
-184
4
210
324
343
357
404
498
533
497
466
468
475
457
496
563
561
497
436
382
323
221
104
-92
-310
-474
-608
-744
-875
-994
-1061
-1059
-1005
-867
-743
-588
-419
-179
99
329
533
694
830
920
965
981
969
872
728
543
382
250
137
-29
-224
-361
-432
-434
-477
-501
-510
-509
-501
-450
-362
-287
-255
-200
-113
-38
15
28
39
15
-23
-92
-97
-79
-104
-150
-177
-118
-66
-58
-50
-8
56
98
143
193
232
271
290
331
393
458
465
460
461
480
447
395
358
307
218
72
-31
-118
-256
-452
-630
-722
-762
-779
-827
-816
-748
-650
-544
-415
-240
-85
61
204
362
508
604
689
776
853
895
915
940
945
931
902
843
773
698
553
374
183
5
-175
-390
-576
-772
-934
-1066
-1137
-1148
-1142
-1093
-990
-802
-619
-390
-179
39
251
400
547
681
777
817
819
780
742
707
636
479
205
-63
-302
-449
-682
-961
-1196
-1326
-1352
-1441
-1521
-1553
-1430
-1240
-1053
-884
-697
-414
-125
181
458
755
1093
1356
1571
1721
1873
1972
2005
1938
1757
1534
1297
1057
729
356
-30
-380
-736
-1041
-1297
-1502
-1608
-1704
-1703
-1642
-1502
-1310
-1126
-945
-717
-445
-174
24
188
371
540
713
841
945
1032
1111
1177
1228
1283
1300
1268
1175
1069
923
729
499
230
-52
-379
-697
-954
-1160
-1355
-1521
-1591
-1575
-1476
-1342
-1148
-903
-603
-261
53
362
664
941
1144
1304
1413
1482
1480
1397
1260
1051
834
612
390
136
-133
-369
-556
-704
-807
-890
-915
-893
-872
-868
-835
-790
-757
-770
-819
-807
-732
-654
-646
-662
-597
-434
-297
-201
-87
80
282
466
621
774
937
1086
1197
1249
1269
1269
1219
1092
940
771
604
406
139
-144
-412
-626
-825
-1002
-1180
-1300
-1346
-1332
-1260
-1157
-992
-813
-636
-454
-269
-61
112
252
327
433
546
604
635
639
689
723
759
786
842
918
955
967
955
975
974
912
774
608
440
237
16
-226
-452
-686
-910
-1062
-1150
-1165
-1188
-1162
-1067
-904
-673
-417
-132
128
382
618
831
1044
1190
1260
1254
1196
1106
972
809
618
398
159
-62
-216
-344
-478
-611
-694
-741
-841
-971
-1138
-1238
-1307
-1453
-1574
-1680
-1658
-1598
-1582
-1524
-1387
-1153
-882
-587
-286
7
318
670
1029
1319
1566
1767
1921
2024
2026
1985
1888
1734
1466
1146
798
470
142
-262
-666
-1031
-1291
-1534
-1738
-1892
-1940
-1910
-1817
-1669
-1486
-1224
-953
-677
-409
-93
234
526
763
965
1168
1333
1480
1557
1612
1654
1644
1652
1610
1532
1428
1317
1194
1033
884
701
494
235
-43
-310
-549
-770
-977
-1158
-1310
-1368
-1371
-1309
-1216
-1059
-847
-600
-305
-17
276
531
742
936
1064
1142
1163
1156
1087
957
771
567
380
155
-75
-272
-430
-568
-694
-770
-805
-799
-785
-784
-847
-921
-1015
-1068
-1080
-1195
-1288
-1384
-1346
-1285
-1246
-1202
-1118
-917
-697
-457
-217
48
323
602
896
1134
1336
1469
1575
1627
1631
1605
1507
1373
1152
907
614
355
108
-195
-493
-776
-985
-1150
-1275
-1367
-1431
-1451
-1399
-1278
-1139
-971
-805
-604
-383
-137
162
408
635
813
989
1172
1329
1470
1522
1582
1590
1603
1581
1533
1467
1301
1137
951
797
600
360
102
-152
-340
-535
-697
-860
-1012
-1126
-1200
-1211
-1185
-1130
-1034
-896
-727
-505
-253
-1
256
487
691
866
990
1079
1099
1040
915
775
601
394
130
-139
-381
-610
-799
-959
-1082
-1162
-1181
-1156
-1092
-1077
-1094
-1119
-1074
-1016
-1010
-1011
-1029
-961
-896
-856
-808
-728
-545
-354
-132
89
325
582
840
1104
1320
1532
1676
1793
1840
1823
1762
1634
1469
1201
899
560
236
-74
-438
-770
-1089
-1324
-1514
-1641
-1721
-1737
-1696
-1592
-1402
-1195
-922
-640
-380
-129
115
370
591
768
931
1040
1166
1266
1356
1417
1491
1518
1552
1579
1599
1605
1540
1424
1272
1101
887
636
334
9
-299
-587
-873
-1152
-1387
-1562
-1669
-1714
-1702
-1599
-1443
-1231
-972
-667
-305
35
370
658
932
1116
1236
1306
1312
1245
1091
912
712
515
280
10
-237
-467
-661
-859
-1014
-1122
-1198
-1239
-1263
-1311
-1387
-1459
-1510
-1494
-1520
-1531
-1566
-1465
-1302
-1195
-1077
-938
-667
-373
-81
180
440
781
1114
1450
1691
1942
2141
2247
2302
2292
2246
2080
1875
1564
1215
832
434
52
-384
-796
-1161
-1442
-1626
-1737
-1835
-1871
-1804
-1621
-1381
-1159
-911
-629
-338
-52
218
465
702
872
1013
1117
1233
1351
1411
1440
1471
1507
1542
1550
1550
1521
1436
1322
1184
1009
760
468
146
-172
-513
-840
-1170
-1488
-1731
-1916
-2004
-2020
-1958
-1830
-1636
-1359
-1032
-650
-278
79
413
684
944
1141
1239
1254
1187
1087
943
773
578
365
134
-100
-277
-402
-497
-616
-726
-781
-811
-814
-831
-830
-854
-941
-1041
-1156
-1183
-1259
-1333
-1402
-1382
-1234
-1100
-929
-751
-488
-145
195
532
822
1120
1389
1626
1822
1972
2072
2061
1993
1852
1723
1535
1290
982
635
289
-52
-351
-670
-976
-1262
-1466
-1578
-1652
-1682
-1688
-1604
-1434
-1214
-981
-712
-428
-183
93
334
619
854
1051
1195
1287
1432
1529
1640
1675
1697
1688
1657
1611
1509
1411
1232
1052
835
591
334
28
-264
-586
-884
-1166
-1428
-1630
-1773
-1882
-1940
-1898
-1787
-1616
-1378
-1100
-780
-418
-29
323
637
896
1107
1254
1314
1311
1240
1129
945
743
503
274
20
-231
-451
-646
-796
-924
-1027
-1112
-1150
-1183
-1162
-1144
-1084
-1062
-1080
-1099
-1133
-1052
-1036
-1001
-953
-850
-688
-514
-318
-155
72
374
683
951
1156
1357
1555
1742
1880
1937
1963
1913
1824
1671
1501
1306
1051
753
416
111
-189
-456
-760
-1046
-1306
-1520
-1643
-1716
-1719
-1701
-1646
-1525
-1315
-1061
-807
-550
-292
-9
287
595
880
1123
1305
1439
1611
1713
1787
1782
1746
1697
1614
1519
1381
1226
1032
818
578
335
101
-157
-453
-762
-1041
-1262
-1456
-1628
-1771
-1863
-1856
-1782
-1643
-1433
-1196
-936
-667
-335
31
369
674
908
1104
1255
1341
1370
1332
1237
1086
885
660
424
192
-68
-330
-546
-727
-888
-1022
-1129
-1205
-1236
-1235
-1166
-1091
-986
-923
-890
-864
-816
-710
-654
-594
-565
-472
-321
-194
-85
23
162
345
552
729
850
966
1070
1184
1266
1293
1293
1249
1184
1073
947
806
643
438
200
-31
-237
-427
-629
-816
-971
-1079
-1125
-1160
-1131
-1074
-996
-859
-725
-536
-359
-172
-5
171
372
541
693
806
902
1010
1109
1170
1184
1161
1163
1161
1132
1070
1007
931
837
717
595
467
313
142
-61
-248
-386
-521
-663
-823
-959
-1032
-1044
-1063
-1052
-1026
-970
-861
-732
-559
-373
-184
11
182
346
510
649
740
766
775
732
653
530
374
192
-6
-172
-352
-520
-686
-833
-910
-941
-949
-944
-878
-760
-641
-512
-449
-404
-392
-353
-334
-330
-325
-335
-323
-301
-271
-249
-203
-117
14
143
232
332
454
611
733
821
872
893
919
909
871
801
738
615
480
352
193
50
-132
-297
-459
-605
-697
-789
-845
-868
-857
-822
-706
-551
-395
-238
-62
110
288
453
584
714
779
853
890
934
981
962
908
837
799
748
684
625
560
496
445
374
306
220
125
15
-114
-211
-321
-427
-524
-635
-719
-805
-846
-882
-904
-886
-818
-697
-556
-364
-173
35
205
370
534
668
773
798
777
706
601
453
257
61
-124
-298
-471
-629
-754
-831
-865
-863
-840
-785
-710
-592
-478
-348
-312
-320
-377
-431
-474
-572
-667
-752
-766
-750
-727
-702
-637
-500
-304
-97
96
282
450
630
811
956
1072
1134
1144
1141
1121
1089
1021
894
741
588
420
259
101
-73
-235
-401
-538
-644
-718
-766
-814
-842
-796
-709
-562
-413
-258
-90
80
288
476
663
810
936
1021
1118
1185
1213
1206
1177
1150
1103
1053
971
889
780
661
560
421
275
101
-97
-298
-498
-680
-853
-1033
-1215
-1326
-1403
-1430
-1410
-1362
-1248
-1088
-870
-621
-359
-102
152
412
643
860
1019
1115
1140
1079
1018
918
775
602
425
228
26
-154
-316
-452
-594
-695
-763
-816
-842
-853
-861
-863
-845
-817
-776
-796
-850
-941
-942
-930
-927
-939
-935
-817
-701
-564
-453
-313
-118
87
288
475
652
785
908
991
1062
1110
1104
1084
1020
959
868
803
713
593
462
282
155
29
-127
-309
-491
-645
-795
-881
-958
-977
-967
-885
-755
-584
-342
-111
169
400
624
832
1031
1191
1274
1330
1334
1349
1335
1281
1197
1100
1043
981
931
841
737
610
467
335
168
-7
-198
-407
-639
-829
-989
-1135
-1278
-1395
-1437
-1424
-1335
-1223
-1058
-858
-635
-385
-120
124
335
521
641
741
805
836
807
721
593
442
288
136
-27
-176
-341
-463
-540
-620
-685
-753
-793
-818
-824
-830
-827
-794
-757
-680
-599
-540
-515
-523
-480
-457
-446
-459
-426
-347
-266
-160
-99
-2
92
205
292
363
445
507
570
613
675
739
784
819
840
875
895
874
816
738
629
490
342
166
-10
-209
-394
-569
-723
-817
-883
-886
-835
-736
-601
-422
-225
-12
175
358
514
648
747
795
816
811
816
807
795
783
751
730
740
758
753
748
725
699
629
546
453
308
148
-45
-229
-419
-611
-790
-921
-1026
-1084
-1090
-1034
-946
-827
-661
-483
-291
-90
81
218
314
400
454
490
481
419
324
221
135
55
-16
-126
-219
-277
-338
-399
-452
-500
-556
-623
-677
-717
-745
-775
-808
-800
-776
-714
-614
-506
-444
-442
-449
-394
-323
-296
-283
-298
-243
-160
-99
-89
-97
-54
31
143
215
241
291
386
510
601
679
742
790
849
882
902
882
813
709
570
417
290
138
-14
-166
-330
-446
-525
-558
-540
-521
-460
-361
-218
-55
104
232
339
448
530
617
644
654
630
614
580
572
560
571
593
621
686
744
798
832
836
797
728
632
510
353
136
-81
-300
-491
-669
-821
-909
-980
-990
-977
-916
-818
-698
-571
-431
-318
-193
-86
-35
18
49
55
58
46
43
30
16
2
-15
-21
-64
-113
-170
-223
-272
-337
-421
-494
-543
-588
-630
-647
-648
-596
-553
-489
-439
-420
-420
-446
-455
-534
-557
-589
-575
-597
-619
-573
-489
-356
-250
-99
44
225
454
632
779
892
1007
1091
1129
1116
1055
994
893
778
622
460
298
117
-53
-204
-337
-442
-516
-580
-621
-605
-566
-496
-387
-262
-135
30
200
367
522
622
704
768
832
888
908
920
906
906
910
924
934
942
958
927
881
819
748
626
453
247
14
-212
-430
-636
-819
-978
-1096
-1172
-1189
-1156
-1074
-992
-885
-760
-598
-437
-289
-142
-43
60
134
192
215
226
246
249
238
224
204
163
114
52
6
-47
-111
-172
-251
-340
-402
-468
-538
-613
-667
-695
-710
-717
-723
-702
-653
-611
-575
-518
-443
-412
-398
-430
-414
-391
-349
-327
-286
-188
-75
58
135
227
320
448
529
584
616
613
614
598
590
576
561
527
503
506
509
535
519
501
456
409
358
276
172
50
-80
-202
-276
-345
-397
-396
-383
-323
-235
-103
40
196
336
462
600
695
776
827
851
876
881
901
911
921
885
820
761
670
564
410
219
10
-190
-396
-592
-753
-896
-992
-1043
-1049
-1002
-945
-856
-742
-638
-548
-468
-384
-338
-306
-294
-281
-259
-221
-150
-78
-3
87
210
312
388
442
452
436
387
314
206
58
-114
-291
-424
-565
-681
-754
-807
-799
-782
-735
-664
-593
-512
-442
-379
-358
-357
-385
-412
-466
-520
-524
-472
-384
-302
-192
-61
114
266
376
448
496
554
590
574
534
512
544
589
641
679
746
823
887
937
933
895
817
684
521
326
137
-44
-231
-387
-500
-547
-555
-517
-444
-331
-176
-20
134
271
406
474
535
541
568
579
595
613
616
666
697
745
719
695
622
538
423
225
52
-132
-296
-446
-575
-645
-685
-686
-653
-575
-486
-420
-381
-369
-389
-425
-485
-543
-597
-635
-633
-590
-500
-380
-207
-41
124
289
427
528
523
486
383
247
86
-96
-285
-438
-561
-648
-695
-708
-694
-641
-589
-528
-453
-408
-371
-362
-365
-372
-370
-365
-368
-354
-289
-227
-185
-182
-169
-147
-106
-92
-91
-82
-80
-52
-51
-41
-25
10
38
76
125
206
320
425
541
664
785
904
981
1043
1097
1120
1129
1091
1033
934
816
658
499
339
172
27
-120
-256
-326
-357
-358
-336
-314
-245
-160
-79
-20
35
100
122
131
156
203
268
312
349
388
453
509
552
583
573
553
514
464
383
291
181
62
-73
-206
-318
-448
-569
-697
-794
-864
-918
-951
-969
-950
-913
-831
-752
-629
-507
-397
-257
-139
-23
47
101
124
122
125
120
107
84
61
40
37
28
14
6
-27
-71
-134
-195
-260
-336
-414
-509
-597
-642
-644
-635
-647
-654
-650
-613
-588
-540
-477
-395
-283
-213
-111
-43
53
132
195
237
284
392
477
585
675
782
907
1046
1146
1225
1268
1291
1279
1177
1064
885
694
486
257
39
-157
-305
-415
-499
-553
-553
-529
-490
-441
-379
-299
-237
-173
-106
-50
5
70
130
239
329
430
518
605
685
727
751
737
702
608
528
400
271
142
18
-108
-242
-344
-455
-542
-641
-713
-762
-806
-849
-876
-868
-830
-761
-689
-580
-456
-317
-185
-63
55
155
244
303
328
338
346
333
317
299
264
250
214
178
113
43
-36
-138
-259
-386
-500
-587
-670
-735
-760
-751
-705
-637
-548
-435
-288
-146
-32
47
92
88
44
17
-34
-69
-86
-75
-20
16
44
63
94
123
163
167
162
191
245
314
390
490
613
762
882
952
973
971
932
825
672
487
318
161
14
-128
-245
-329
-374
-398
-407
-396
-407
-406
-420
-432
-419
-394
-352
-278
-202
-83
73
256
414
557
671
743
805
818
812
743
662
550
435
330
220
121
7
-64
-159
-249
-329
-413
-499
-582
-648
-716
-746
-767
-747
-713
-647
-565
-473
-379
-289
-196
-109
-1
84
172
243
324
400
473
533
559
550
509
430
325
199
58
-97
-262
-394
-509
-597
-665
-702
-709
-699
-664
-629
-592
-564
-515
-478
-442
-373
-312
-250
-185
-95
-12
57
92
75
70
46
51
79
99
154
196
245
287
324
337
334
344
337
324
319
329
353
397
448
491
525
565
572
552
515
451
395
314
243
154
73
12
-42
-90
-142
-181
-213
-243
-258
-280
-298
-304
-285
-258
-223
-168
-111
-25
72
170
259
344
428
477
493
491
481
487
470
467
448
415
395
363
319
242
149
28
-102
-235
-361
-474
-581
-639
-680
-696
-675
-629
-555
-487
-408
-331
-231
-147
-86
-15
43
101
152
207
244
270
266
240
197
148
78
-2
-85
-162
-221
-280
-343
-421
-481
-529
-565
-578
-592
-619
-640
-649
-639
-604
-551
-492
-414
-365
-312
-287
-285
-265
-233
-148
-17
127
263
392
473
521
535
531
529
514
490
454
436
422
425
445
491
515
539
546
504
458
393
340
286
219
156
87
39
3
-36
-67
-102
-131
-181
-241
-294
-327
-310
-253
-191
-108
-22
66
146
196
238
281
330
377
415
460
513
542
571
574
559
529
470
397
305
201
81
-17
-79
-123
-164
-186
-194
-191
-203
-211
-228
-264
-313
-380
-437
-486
-509
-511
-487
-434
-372
-295
-228
-157
-131
-126
-123
-119
-126
-134
-126
-119
-107
-88
-90
-83
-77
-94
-108
-141
-202
-283
-346
-417
-475
-529
-551
-527
-474
-412
-362
-287
-221
-166
-115
-71
-13
48
113
182
246
308
351
361
361
341
305
264
216
146
77
23
-16
-35
-40
-24
-1
21
64
97
147
197
237
249
254
284
298
331
340
345
357
350
315
279
248
226
221
220
218
208
206
190
186
181
169
164
139
102
75
54
26
14
23
46
79
119
174
206
235
257
273
268
240
222
214
211
208
195
182
157
124
79
5
-66
-145
-233
-327
-412
-497
-567
-619
-678
-703
-714
-707
-697
-680
-637
-598
-544
-501
-445
-394
-339
-276
-208
-129
-67
-18
17
46
70
89
102
111
115
94
65
32
-1
-29
-65
-123
-179
-205
-240
-261
-281
-291
-300
-303
-278
-220
-156
-103
-53
2
52
100
145
175
215
246
278
325
382
408
428
439
448
468
477
481
458
431
395
355
304
266
229
194
170
174
180
174
163
146
121
93
67
40
25
6
3
3
23
34
44
76
91
114
138
140
144
144
154
167
176
184
182
171
153
121
92
68
30
4
-22
-75
-104
-140
-180
-212
-235
-242
-264
-286
-303
-330
-356
-376
-393
-407
-421
-420
-405
-374
-344
-298
-242
-201
-149
-112
-77
-51
-27
-6
26
59
74
109
133
166
176
174
165
133
93
26
-58
-144
-227
-296
-364
-415
-432
-435
-412
-381
-343
-286
-236
-170
-116
-60
-20
12
46
84
118
160
207
248
296
328
350
367
370
355
343
325
290
256
216
189
175
172
164
187
190
182
168
131
112
81
63
50
32
6
-12
-15
-15
-1
11
39
68
96
108
103
93
78
65
65
61
69
66
53
46
26
10
-11
-36
-55
-84
-93
-110
-116
-113
-109
-81
-54
-30
-6
33
57
77
83
76
64
30
-8
-50
-86
-119
-146
-163
-179
-188
-206
-190
-170
-160
-133
-119
-92
-86
-95
-104
-121
-120
-121
-118
-106
-81
-55
-28
4
23
50
59
50
35
1
-49
-102
-150
-201
-239
-261
-268
-275
-262
-241
-207
-161
-110
-51
5
48
83
104
120
138
168
196
220
214
153
105
72
82
121
224
307
341
345
266
178
96
88
163
306
444
518
504
400
269
157
146
181
225
279
250
143
-4
-171
-283
-314
-273
-198
-141
-123
-176
-250
-329
-354
-312
-210
-94
-2
44
9
-57
-111
-117
-79
0
101
167
179
161
119
69
64
82
117
117
64
-20
-140
-237
-310
-317
-309
-290
-273
-293
-325
-370
-368
-328
-268
-201
-149
-123
-129
-141
-158
-134
-61
18
84
123
127
127
144
164
188
230
268
259
205
129
39
-31
-73
-102
-103
-104
-97
-94
-98
-96
-93
-60
-30
-2
5
7
10
17
56
105
168
219
243
251
229
204
190
182
199
207
202
206
192
170
151
152
154
153
150
135
108
76
65
71
83
90
81
50
0
-49
-91
-111
-116
-88
-68
-57
-50
-63
-68
-71
-76
-89
-111
-137
-164
-174
-155
-102
-55
-6
38
64
92
103
119
146
180
219
247
260
244
205
153
95
38
-11
-44
-94
-156
-223
-290
-360
-415
-438
-448
-450
-459
-466
-470
-448
-420
-380
-316
-243
-170
-117
-81
-58
-31
-11
15
60
112
168
215
249
264
267
271
277
269
263
239
190
117
45
-16
-80
-130
-170
-203
-210
-207
-205
-190
-177
-150
-113
-85
-51
-3
40
90
138
184
236
273
301
324
328
328
318
307
294
273
260
250
230
216
194
176
162
133
103
69
25
-9
-46
-72
-88
-85
-77
-71
-55
-31
-17
-4
-3
-21
-36
-68
-97
-120
-120
-105
-91
-55
-30
-11
2
15
29
49
80
128
161
177
175
135
89
41
-9
-42
-72
-104
-111
-136
-179
-231
-281
-315
-346
-377
-399
-413
-417
-420
-412
-387
-358
-311
-270
-228
-188
-139
-105
-80
-49
-24
11
38
77
113
162
223
273
320
347
361
344
329
310
287
262
237
208
159
95
29
-46
-99
-121
-124
-106
-88
-70
-69
-61
-44
-17
18
66
112
154
185
206
235
256
278
297
320
332
325
300
264
231
191
155
132
124
95
50
7
-43
-78
-123
-152
-177
-190
-197
-201
-193
-196
-185
-184
-187
-167
-146
-129
-121
-130
-145
-165
-177
-167
-148
-129
-96
-78
-49
-31
0
45
84
114
140
137
103
84
47
0
-36
-43
-48
-59
-47
-52
-57
-59
-89
-122
-168
-208
-245
-272
-300
-329
-352
-372
-379
-374
-353
-309
-257
-217
-179
-148
-99
-62
-15
35
98
153
190
225
238
254
271
296
328
354
369
371
341
303
260
220
192
165
133
84
63
45
33
25
35
53
65
90
103
123
140
150
176
191
218
240
256
282
298
313
306
292
268
246
231
217
193
157
108
59
1
-52
-96
-121
-143
-159
-171
-204
-233
-263
-275
-267
-257
-245
-220
-206
-197
-197
-201
-205
-195
-176
-169
-151
-149
-138
-135
-132
-125
-106
-72
-50
-31
-47
-55
-77
-91
-86
-84
-67
-63
-52
-50
-63
-75
-84
-79
-71
-73
-68
-85
-110
-129
-161
-180
-178
-184
-181
-175
-181
-185
-178
-173
-138
-93
-40
14
53
78
94
109
127
151
170
179
194
188
170
159
149
153
160
169
178
179
177
162
139
121
115
119
126
132
135
130
106
89
85
91
104
114
126
132
138
147
150
162
168
175
184
182
176
167
154
144
138
131
104
77
37
-5
-56
-106
-130
-153
-170
-187
-193
-210
-223
-231
-220
-216
-184
-147
-113
-81
-72
-51
-51
-41
-30
-26
-23
-21
-29
-29
-50
-62
-67
-69
-55
-40
-28
-19
-22
-47
-63
-89
-100
-102
-99
-83
-66
-59
-50
-40
-30
-14
-1
11
11
-1
-18
-37
-47
-50
-58
-64
-54
-51
-48
-37
-27
-15
-6
1
2
2
1
-5
5
25
25
20
8
-3
-20
-38
-42
-37
-21
4
30
56
68
83
99
104
109
111
101
92
80
78
85
93
121
150
170
185
176
171
146
122
113
102
103
102
96
91
78
58
44
32
25
26
26
17
2
-12
-43
-50
-52
-60
-58
-89
-114
-127
-139
-136
-118
-105
-76
-63
-60
-67
-77
-74
-56
-32
-7
24
42
49
47
38
20
17
11
11
12
13
12
-1
-25
-42
-55
-79
-88
-105
-109
-118
-129
-131
-123
-102
-85
-64
-46
-38
-30
-38
-47
-52
-41
-19
-4
8
18
14
6
-3
5
3
5
-1
-16
-31
-43
-54
-61
-69
-72
-75
-90
-93
-114
-127
-131
-129
-117
-109
-83
-66
-43
-17
-8
1
18
21
29
57
82
111
143
167
192
226
246
264
276
285
284
265
239
226
205
186
169
160
143
132
125
107
89
61
48
31
23
21
17
4
6
2
-10
-14
-23
-23
-33
-25
-29
-30
-23
-16
-3
11
26
36
39
37
16
2
-6
-5
-9
-11
0
4
0
-5
7
-9
-18
-35
-59
-84
-107
-129
-134
-143
-146
-159
-185
-199
-219
-228
-230
-227
-221
-203
-181
-163
-148
-132
-114
-90
-70
-54
-51
-52
-59
-78
-106
-121
-137
-151
-140
-130
-109
-91
-95
-95
-100
-97
-84
-73
-62
-53
-44
-30
-27
-11
13
39
67
86
108
122
137
149
160
169
178
193
203
215
233
242
248
253
253
259
259
260
260
239
220
193
174
150
125
113
93
80
75
57
58
65
73
73
60
51
35
30
28
47
55
65
70
57
50
19
1
-2
-6
-17
-26
-29
-49
-64
-82
-82
-88
-92
-83
-81
-80
-90
-90
-103
-105
-113
-122
-126
-126
-130
-137
-141
-151
-162
-175
-176
-191
-192
-183
-166
-137
-120
-94
-73
-55
-44
-41
-28
-16
1
15
11
3
-12
-34
-48
-63
-75
-74
-84
-89
-92
-104
-120
-123
-137
-135
-127
-118
-112
-101
-85
-68
-51
-23
13
57
94
119
142
157
159
168
179
192
218
237
251
264
269
270
259
256
251
231
193
156
124
97
76
51
25
2
-20
-45
-60
-71
-69
-65
-51
-29
-8
21
48
63
71
81
97
96
94
82
68
65
58
56
49
38
24
3
-14
-35
-48
-49
-52
-54
-67
-74
-88
-94
-98
-99
-84
-78
-62
-72
-87
-93
-98
-98
-104
-108
-113
-121
-126
-132
-142
-153
-158
-162
-158
-141
-122
-107
-103
-92
-88
-83
-74
-73
-63
-55
-52
-48
-48
-55
-51
-48
-38
-25
-12
-14
-13
-9
5
15
23
32
39
41
37
32
33
25
27
30
36
53
64
93
113
133
159
182
179
188
198
200
214
227
238
232
216
191
166
151
150
136
122
103
70
54
27
6
-2
-8
-14
-10
-18
-27
-24
-33
-48
-42
-37
-32
-19
-14
-22
-22
-18
-11
-12
1
2
-1
-9
-19
-13
-8
2
8
13
14
3
-3
-5
-22
-41
-41
-43
-49
-61
-83
-115
-132
-150
-158
-159
-165
-172
-173
-164
-149
-130
-116
-105
-90
-70
-69
-67
-66
-68
-65
-76
-66
-52
-39
-33
-44
-48
-48
-47
-36
-28
-14
1
6
10
12
8
-6
-11
-28
-29
-41
-49
-68
-73
-66
-67
-61
-63
-58
-44
-41
-25
-2
22
59
96
129
159
185
204
220
238
250
254
259
244
218
198
178
165
148
140
130
119
98
85
80
64
54
45
44
24
19
23
18
32
44
57
63
60
53
58
52
51
39
19
5
-14
-26
-51
-60
-60
-62
-63
-70
-74
-83
-93
-112
-123
-133
-135
-134
-141
-141
-146
-147
-147
-153
-150
-149
-141
-130
-119
-103
-87
-59
-37
-22
0
9
19
24
22
30
34
37
24
19
12
-5
-17
-30
-40
-50
-51
-47
-48
-37
-26
-27
-17
-6
2
28
25
18
12
3
-7
-22
-20
-16
-12
-17
-32
-53
-62
-62
-63
-56
-44
-25
-11
5
13
28
38
49
74
91
113
132
148
170
183
183
175
170
153
130
111
101
86
68
56
50
44
35
35
28
32
44
56
64
68
67
65
61
54
54
51
52
45
43
41
16
3
-6
-13
-14
-18
-27
-31
-45
-55
-62
-78
-91
-113
-137
-154
-159
-164
-172
-185
-190
-193
-194
-181
-160
-144
-122
-99
-71
-46
-18
15
25
40
44
38
47
48
54
62
65
64
49
29
9
-3
-8
-22
-24
-25
-27
-34
-33
-31
-31
-28
-19
-11
-11
-13
-22
-20
-30
-38
-35
-26
-19
-21
-27
-32
-47
-52
-49
-43
-28
-26
-19
-9
-5
0
6
12
25
45
56
68
84
93
103
111
122
138
157
174
184
197
190
187
177
173
166
159
159
147
139
118
109
99
92
89
82
90
83
72
59
47
26
20
4
-18
-25
-41
-51
-58
-62
-59
-63
-72
-77
-88
-101
-116
-139
-151
-164
-183
-191
-198
-192
-196
-194
-184
-178
-164
-152
-125
-115
-113
-109
-113
-121
-120
-111
-104
-85
-57
-38
-22
-7
6
11
17
21
26
24
21
13
8
0
0
3
3
10
13
20
18
24
26
21
26
39
46
56
64
58
38
43
38
29
33
32
36
37
39
27
17
8
3
12
11
15
27
29
35
45
57
72
84
102
114
112
110
111
110
113
111
113
119
110
103
94
86
71
64
58
42
34
18
8
-3
-14
-15
-19
-26
-41
-52
-57
-60
-60
-54
-45
-32
-37
-37
-30
-30
-22
-13
-1
7
8
11
14
8
5
-6
-19
-34
-51
-67
-83
-90
-101
-109
-123
-136
-143
-139
-135
-135
-124
-119
-111
-98
-74
-51
-22
-5
3
17
29
41
48
66
76
80
90
83
84
84
83
84
80
77
62
47
38
34
25
11
-4
-13
-15
-26
-39
-53
-62
-75
-87
-83
-82
-76
-67
-58
-42
-18
6
18
25
39
51
65
70
75
80
97
112
123
130
133
134
128
126
121
113
108
94
73
55
40
20
5
-4
-5
-15
-18
-30
-47
-69
-85
-91
-96
-95
-95
-94
-93
-93
-92
-90
-84
-72
-58
-53
-41
-35
-33
-18
-19
-9
1
4
7
5
-5
-24
-33
-51
-62
-74
-89
-91
-88
-84
-89
-85
-83
-82
-75
-74
-63
-61
-58
-56
-59
-59
-56
-43
-28
-10
3
19
32
49
61
74
83
87
93
95
87
87
82
79
81
79
78
74
74
66
59
51
46
43
34
35
34
36
41
42
39
28
24
22
18
26
39
56
56
53
59
54
58
67
76
89
94
92
88
82
84
80
69
61
53
35
24
14
-3
-1
-5
-8
-9
-7
-7
-23
-24
-35
-44
-50
-57
-62
-62
-59
-65
-58
-53
-46
-43
-29
-23
-20
-18
-29
-32
-34
-32
-33
-30
-30
-39
-41
-49
-49
-56
-69
-72
-80
-87
-87
-88
-97
-109
-105
-104
-102
-96
-82
-69
-69
-61
-57
-56
-56
-49
-47
-45
-36
-22
-7
-3
3
19
25
38
41
40
45
48
53
55
49
43
31
19
0
-5
-10
-21
-21
-23
-21
-31
-27
-29
-18
-14
-13
-10
-11
-8
-9
-3
8
14
25
32
35
36
41
54
70
88
96
112
123
137
145
149
156
157
166
170
163
158
152
140
125
104
98
83
61
41
24
9
0
-6
-17
-30
-34
-47
-54
-54
-54
-54
-54
-50
-39
-40
-42
-39
-35
-39
-37
-31
-29
-27
-29
-30
-35
-41
-47
-65
-75
-76
-81
-82
-84
-85
-93
-96
-93
-89
-81
-84
-89
-89
-83
-79
-74
-71
-60
-45
-34
-27
-18
-6
4
12
16
19
26
31
40
45
52
55
46
46
49
44
42
34
33
22
10
-2
-16
-19
-23
-19
-17
-20
-23
-19
-15
-15
-12
-6
-6
-5
-6
-2
-2
-4
-4
-5
-4
1
8
13
21
25
36
42
41
51
51
47
54
62
73
75
82
84
82
85
75
73
76
77
80
74
63
61
55
44
37
25
10
4
-5
-13
-21
-28
-39
-40
-44
-57
-64
-74
-79
-81
-88
-81
-74
-72
-69
-71
-67
-62
-57
-56
-54
-51
-49
-45
-42
-36
-34
-21
-14
-13
-10
-6
2
5
14
22
25
24
22
15
7
1
-10
-21
-27
-24
-30
-22
-19
-18
-14
-12
-1
4
23
27
40
45
50
57
55
55
46
40
34
27
12
12
7
-8
-9
-21
-17
-18
-24
-27
-35
-41
-48
-54
-52
-58
-61
-60
-57
-51
-45
-37
-27
-16
-10
-1
9
28
45
60
72
81
99
107
118
127
132
138
139
135
139
140
127
113
90
78
66
47
41
26
14
1
-12
-25
-36
-47
-48
-51
-55
-41
-37
-30
-31
-33
-32
-37
-33
-25
-18
-18
-14
-11
-13
-7
-4
-3
-3
1
5
-5
-16
-14
-17
-22
-22
-21
-33
-42
-58
-66
-72
-85
-89
-93
-105
-100
-100
-92
-87
-89
-84
-83
-66
-55
-39
-25
-18
-20
-17
-12
-5
-4
-10
-7
-4
-6
3
-4
-9
-2
-1
8
8
6
8
4
-5
-5
-6
-12
-23
-28
-28
-30
-32
-28
-19
-16
-16
-16
-13
-11
-6
1
6
10
18
24
35
40
54
59
62
76
86
98
104
117
128
130
133
135
145
138
130
124
114
111
106
104
95
91
81
78
69
61
50
33
26
16
9
-4
-18
-22
-27
-32
-48
-44
-52
-55
-61
-66
-65
-67
-60
-57
-55
-50
-41
-45
-33
-37
-39
-38
-39
-37
-45
-47
-37
-32
-30
-29
-27
-32
-37
-36
-37
-33
-36
-43
-39
-44
-45
-39
-39
-35
-34
-29
-29
-31
-28
-29
-28
-32
-30
-28
-29
-33
-36
-34
-38
-34
-27
-32
-30
-28
-17
-16
-14
-11
-13
-14
-16
-13
-16
-13
-19
-20
-17
-19
-16
-18
-17
-11
-9
-3
11
12
21
27
38
50
63
78
79
86
86
93
97
98
102
106
112
115
112
108
101
87
73
66
58
52
44
40
28
18
5
-2
-7
-12
-14
-23
-31
-34
-43
-51
-51
-52
-42
-42
-43
-42
-38
-38
-33
-18
-12
-12
-16
-9
-8
-9
-3
-3
-6
1
7
9
6
6
-4
-12
-22
-35
-48
-58
-62
-57
-58
-65
-61
-66
-66
-67
-64
-55
-46
-34
-33
-23
-21
-11
-13
-16
-9
-6
5
11
14
14
16
26
34
35
45
55
56
60
58
56
49
41
44
28
20
23
20
19
19
14
7
1
-9
-11
-17
-16
-13
-8
7
14
16
21
25
36
38
47
67
70
77
78
75
76
81
80
81
74
67
59
47
41
28
19
8
-8
-22
-33
-41
-46
-54
-69
-71
-70
-74
-81
-85
-82
-81
-82
-85
-84
-84
-93
-94
-93
-83
-72
-68
-57
-49
-46
-38
-33
-28
-23
-19
-14
-9
-1
0
-3
-5
-3
-5
-4
-8
-8
-9
-16
-17
-21
-27
-34
-30
-25
-13
-8
1
15
25
34
45
59
60
59
59
58
52
53
55
47
47
50
48
48
48
53
55
52
48
38
25
14
11
9
7
-1
-6
-12
-14
-23
-20
-19
-15
-14
-10
-3
-6
0
10
14
11
19
33
37
44
48
46
47
39
31
29
24
24
17
10
6
-1
-4
-7
-15
-17
-10
-13
-13
-16
-12
-10
-17
-25
-26
-30
-34
-34
-28
-22
-19
-18
-21
-18
-12
-2
13
22
31
44
55
62
63
64
63
63
59
51
44
33
31
21
16
5
0
-16
-30
-37
-52
-60
-62
-62
-68
-69
-65
-66
-63
-58
-56
-58
-57
-49
-43
-44
-51
-48
-46
-41
-39
-38
-34
-33
-31
-39
-39
-48
-52
-45
-46
-44
-46
-43
-49
-55
-63
-62
-60
-48
-39
-34
-24
-20
-25
-17
-19
-17
-12
-3
13
19
36
41
55
65
77
81
99
111
113
116
115
116
113
112
104
108
103
92
86
86
81
80
76
71
69
63
59
51
43
33
23
16
17
20
13
13
7
-6
-14
-15
-20
-23
-24
-25
-16
-15
-25
-25
-22
-23
-21
-21
-18
-23
-20
-19
-21
-19
-17
-12
-10
-8
-13
-16
-12
-10
-14
-11
-10
-14
-17
-13
-20
-24
-21
-28
-36
-40
-53
-58
-62
-64
-59
-60
-58
-54
-52
-51
-54
-55
-53
-48
-37
-38
-35
-37
-43
-45
-42
-40
-40
-32
-35
-35
-33
-26
-24
-20
-16
-11
-2
0
5
8
9
11
16
1
2
0
-3
1
1
3
1
6
5
4
5
7
11
18
21
25
34
45
46
48
49
57
66
73
72
79
88
90
92
90
89
87
90
85
75
74
76
75
72
71
66
52
47
41
38
29
22
16
6
-1
-11
-15
-19
-21
-26
-35
-36
-39
-33
-39
-41
-39
-40
-35
-33
-29
-28
-25
-24
-30
-31
-30
-33
-33
-30
-38
-43
-40
-40
-44
-52
-53
-59
-60
-57
-56
-49
-42
-41
-34
-32
-31
-20
-15
-13
-14
-9
-2
1
4
5
1
3
1
4
11
12
12
13
11
12
4
-2
-8
-3
2
-3
-2
4
4
0
-10
-9
-15
-17
-15
-10
-13
-17
-16
-15
-4
-3
-4
2
4
7
14
12
13
22
23
20
30
26
29
35
28
34
38
34
38
39
34
36
29
31
29
27
20
13
11
-1
-4
-8
-7
-11
-6
-9
-10
-10
-14
-14
-11
-6
-3
4
3
9
6
2
7
12
19
17
24
16
11
12
6
-1
-2
1
-4
3
0
-7
-9
-16
-14
-14
-8
-3
1
4
11
15
15
11
15
18
13
9
11
11
9
18
15
20
22
22
15
4
4
5
1
-2
-3
-3
-9
-15
-17
-20
-24
-27
-27
-30
-34
-32
-41
-40
-36
-42
-42
-42
-37
-30
-36
-34
-33
-37
-32
-37
-34
-36
-35
-29
-25
-16
-11
-1
2
0
2
7
9
11
12
14
15
11
19
20
17
25
27
22
24
32
28
31
24
20
19
13
12
10
5
11
11
10
6
3
6
5
-1
-3
-4
-1
3
1
5
11
14
11
15
15
14
13
13
16
12
7
5
7
7
7
2
-6
-14
-18
-27
-26
-23
-19
-12
-12
-11
-14
-14
-14
-13
-8
-9
-4
-5
-3
-1
-11
-9
-3
1
4
10
10
13
12
14
15
17
23
20
20
23
25
31
37
37
29
25
29
27
24
24
25
26
21
17
18
18
21
18
18
17
17
22
20
16
11
0
-4
-7
-14
-15
-12
-8
-15
-14
-9
-21
-21
-20
-25
-24
-28
-25
-25
-30
-26
-27
-29
-27
-31
-31
-34
-35
-32
-39
-38
-38
-39
-39
-39
-38
-42
-40
-37
-36
-31
-30
-24
-14
-9
-2
7
11
16
22
17
20
29
23
14
12
9
4
1
-6
-9
-14
-20
-24
-25
-26
-20
-13
-13
-11
-11
-15
-12
-9
-4
-1
10
8
8
7
8
7
3
3
2
8
9
10
8
7
10
8
11
20
15
19
27
24
21
19
16
15
18
16
10
9
11
18
24
33
37
41
40
41
37
34
30
36
39
34
38
39
40
41
37
28
27
31
29
24
27
23
21
17
18
21
27
23
24
26
24
28
24
31
29
27
16
5
3
-2
-7
-11
-13
-16
-17
-25
-26
-27
-28
-25
-29
-27
-20
-17
-19
-19
-22
-21
-23
-23
-22
-31
-39
-45
-57
-68
-65
-65
-65
-65
-63
-60
-54
-52
-51
-53
-49
-42
-53
-56
-55
-52
-46
-47
-44
-47
-49
-45
-44
-44
-37
-37
-37
-31
-27
-29
-30
-22
-20
-12
-2
0
5
17
18
22
26
28
27
30
32
35
38
45
46
54
51
49
56
60
65
62
62
56
56
51
53
56
49
48
42
38
37
31
23
23
22
20
18
18
23
19
19
18
19
21
30
28
28
34
30
29
25
30
30
28
25
25
29
29
26
18
12
9
9
8
7
3
-4
-8
-7
-16
-21
-22
-20
-16
-13
-16
-17
-15
-21
-18
-25
-26
-28
-32
-33
-37
-42
-42
-40
-45
-50
-52
-52
-46
-41
-37
-37
-38
-36
-36
-37
-36
-40
-39
-34
-29
-27
-31
-30
-35
-33
-34
-26
-31
-28
-22
-20
-9
-11
-5
-8
-8
-8
-8
-3
-1
3
6
12
10
12
13
21
21
22
29
28
26
25
27
29
30
28
33
39
41
44
49
48
47
42
35
36
35
28
25
28
27
30
29
32
38
32
38
37
37
34
30
31
26
28
32
27
28
29
27
22
17
9
-4
-7
-8
-14
-13
-18
-26
-36
-31
-35
-41
-36
-38
-34
-34
-32
-29
-30
-28
-27
-31
-33
-38
-39
-40
-42
-51
-53
-53
-59
-63
-58
-56
-53
-45
-40
-29
-29
-28
-25
-25
-21
-12
-12
-16
-13
-13
-11
-14
-10
-7
-6
-2
0
8
9
8
14
12
15
19
22
27
35
38
38
35
35
47
49
50
53
45
45
48
45
42
46
47
46
42
41
44
37
35
31
27
23
20
18
13
12
8
8
1
-4
-1
-7
-4
-4
-1
-7
-5
3
4
12
17
15
13
15
12
9
6
5
-1
-10
-14
-15
-20
-24
-27
-34
-39
-43
-37
-36
-35
-32
-33
-35
-28
-29
-33
-34
-32
-33
-23
-19
-16
-5
3
5
2
11
21
18
17
17
17
13
7
8
10
-1
-3
-11
-16
-18
-21
-19
-27
-24
-19
-23
-21
-21
-10
-8
-10
-2
-4
8
18
18
15
21
20
14
12
9
11
9
3
-1
-6
-10
-11
-12
-11
-11
-16
-18
-27
-24
-21
-17
-18
-16
-6
-7
-3
-1
0
1
1
2
1
2
-2
1
0
-2
-2
6
11
12
15
13
14
18
24
22
21
24
26
21
20
21
15
19
17
18
19
21
17
21
19
13
11
4
2
-4
-4
-5
-5
-12
-16
-19
-16
-16
-16
-10
-12
-7
1
3
8
14
14
11
13
14
24
27
22
27
22
23
21
17
14
10
7
2
-2
-9
-6
-9
-10
-10
-16
-16
-19
-23
-26
-20
-16
-14
-8
-8
-8
-7
-7
-2
-1
-1
7
15
10
9
4
2
0
-4
-3
2
-4
-11
-9
-14
-17
-19
-19
-22
-24
-17
-22
-16
-15
-16
-11
-12
-12
-7
-4
-5
2
2
11
21
24
22
22
21
27
29
29
37
28
23
17
9
4
6
8
7
2
4
4
-1
-5
-7
-11
-9
-3
-3
-4
-6
-4
-5
-7
-14
-14
-8
-13
-9
-6
-5
-7
-9
-12
-15
-18
-22
-27
-29
-26
-28
-24
-30
-37
-34
-35
-36
-33
-30
-31
-30
-33
-29
-26
-22
-18
-12
-11
-13
-5
-3
-4
-5
0
0
-4
-2
3
0
8
9
6
5
9
12
14
13
18
26
22
29
36
41
44
47
54
55
57
62
61
57
59
61
57
54
61
56
52
50
45
44
39
36
37
39
36
29
33
28
26
26
21
23
20
14
8
5
-2
-5
-6
-4
-9
-14
-16
-20
-22
-24
-26
-28
-33
-37
-42
-48
-44
-50
-52
-43
-43
-40
-40
-42
-42
-38
-38
-39
-42
-40
-42
-47
-44
-45
-45
-39
-40
-38
-35
-34
-31
-36
-31
-31
-36
-34
-36
-35
-32
-30
-26
-25
-22
-24
-20
-18
-15
-10
-8
-4
-3
-1
2
6
7
10
11
13
16
15
18
19
19
16
15
17
14
16
18
22
22
21
26
27
27
25
21
20
25
29
31
33
31
30
27
27
28
29
34
34
34
32
30
31
30
32
32
32
32
28
31
31
28
27
25
27
27
25
26
25
25
20
14
9
9
5
2
-1
-6
-4
-7
-11
-11
-12
-18
-18
-24
-25
-21
-21
-22
-19
-16
-18
-19
-19
-15
-13
-6
-7
-11
-8
-11
-11
-16
-12
-13
-12
-9
-9
-11
-10
-10
-16
-17
-21
-22
-22
-23
-23
-24
-29
-31
-31
-31
-29
-28
-32
-31
-32
-29
-26
-27
-22
-14
-12
-9
-10
-5
-6
-4
-6
1
6
5
13
7
11
6
2
1
4
7
7
10
13
12
13
18
16
13
11
11
9
11
14
15
17
17
15
14
18
19
19
21
23
28
21
22
27
31
36
34
34
36
33
35
32
29
27
26
22
19
18
14
11
10
8
5
3
1
0
-1
-2
-8
-10
-12
-19
-22
-24
-30
-31
-29
-31
-29
-26
-27
-28
-31
-30
-30
-33
-28
-26
-29
-25
-30
-30
-30
-25
-23
-17
-14
-15
-7
-9
-2
-1
-3
-3
-7
-8
-13
-11
-12
-15
-13
-13
-11
-15
-15
-15
-17
-15
-11
-15
-12
-2
5
11
12
18
21
22
26
26
22
21
17
15
18
21
16
19
21
17
11
8
7
6
7
6
7
9
14
17
19
19
22
22
18
20
19
24
30
32
38
38
38
35
39
40
43
42
39
39
35
31
25
23
21
18
16
17
10
10
4
-2
-5
-10
-11
-13
-16
-17
-21
-25
-26
-27
-31
-34
-34
-28
-29
-31
-31
-32
-32
-36
-35
-31
-33
-35
-37
-40
-42
-42
-40
-40
-38
-38
-35
-34
-33
-35
-36
-29
-31
-29
-29
-30
-24
-28
-26
-24
-24
-16
-10
-7
-4
-2
1
3
5
9
12
14
17
20
25
25
28
28
31
28
24
21
21
20
19
17
16
16
13
15
13
14
14
13
7
4
5
6
6
8
12
8
11
14
16
15
14
14
13
11
9
8
9
10
10
11
12
13
7
6
6
4
9
7
6
9
11
7
5
2
-1
-2
1
4
5
7
10
10
8
8
5
6
10
14
18
20
21
25
24
25
26
26
23
21
18
18
16
14
12
10
8
3
4
5
2
-1
-3
-8
-10
-12
-16
-16
-21
-24
-23
-23
-27
-29
-32
-36
-36
-39
-36
-33
-34
-34
-33
-35
-33
-31
-29
-31
-33
-35
-32
-31
-29
-29
-25
-25
-24
-21
-23
-17
-16
-18
-20
-21
-20
-15
-12
-11
-7
-6
-3
-1
-1
0
5
7
8
8
8
12
16
16
19
22
23
25
27
29
31
34
33
32
32
31
32
33
33
35
36
32
30
28
25
27
26
25
24
25
23
23
24
22
18
15
15
13
13
13
12
11
11
10
9
7
7
2
5
1
-3
-4
-8
-12
-12
-14
-13
-11
-18
-18
-16
-21
-19
-23
-26
-23
-23
-24
-24
-28
-30
-30
-29
-28
-26
-23
-26
-24
-30
-31
-32
-35
-33
-30
-28
-27
-22
-18
-17
-12
-9
-6
-6
-6
-3
-3
1
2
5
1
-2
-5
-2
1
4
6
7
8
8
11
16
17
21
21
26
27
28
30
31
31
31
28
23
21
20
19
19
20
20
18
17
16
17
18
17
15
15
15
15
11
8
8
6
4
5
5
4
3
1
0
1
3
1
2
1
0
0
-1
-2
1
3
1
-1
2
-2
-4
-4
-5
1
-3
-2
-4
-6
-9
-13
-14
-21
-22
-23
-21
-23
-26
-27
-26
-24
-22
-22
-22
-23
-23
-24
-23
-21
-20
-18
-17
-12
-14
-10
-12
-13
-12
-12
-11
-9
-7
-4
-4
-2
-3
-3
-4
-4
-3
-3
-1
-1
-3
-2
3
2
2
1
4
2
5
7
8
10
12
16
17
20
20
19
20
18
20
19
20
21
21
18
21
21
21
24
22
23
25
26
26
25
25
27
25
26
23
21
19
12
11
6
4
3
0
-2
-6
-6
-8
-11
-10
-8
-11
-10
-11
-11
-8
-9
-5
-7
-12
-12
-12
-11
-12
-6
-6
-6
-7
-8
-11
-11
-12
-15
-18
-19
-17
-20
-20
-20
-21
-19
-15
-14
-13
-14
-12
-16
-18
-17
-16
-12
-8
-1
-2
-3
-3
-1
0
-1
3
4
3
2
-1
1
1
1
-1
1
1
0
1
2
2
2
2
4
6
10
13
17
15
16
17
16
18
17
15
14
13
11
11
12
11
11
11
13
11
9
7
7
3
3
3
-1
1
0
0
-1
1
-3
-4
-4
-3
-3
-4
