-1
0
-1
0
-1
0
-1
-1
0
-1
1
-1
-1
0
0
0
1
2
1
2
3
2
3
3
3
4
3
4
3
4
3
4
3
2
3
3
3
4
4
5
4
4
4
4
4
4
4
5
5
5
5
5
5
5
4
4
4
4
5
3
5
4
3
4
3
2
2
1
1
1
0
-2
-1
-2
-2
-3
-3
-4
-4
-4
-3
-4
-5
-5
-5
-5
-5
-5
-5
-4
-7
-6
-7
-6
-6
-7
-7
-8
-7
-6
-6
-6
-6
-6
-5
-5
-4
-4
-3
-2
-2
-2
-2
-1
-1
0
0
0
0
1
0
1
0
2
2
1
2
2
2
2
2
2
3
1
2
3
3
3
4
3
2
2
3
2
2
2
1
1
1
2
1
1
0
0
0
0
1
2
2
1
0
0
-1
-1
-1
-1
-1
-1
-3
-3
-3
-3
-3
-3
-3
-2
-2
-2
-1
0
0
-1
0
1
1
1
2
3
1
3
2
3
3
3
3
4
4
4
5
4
4
4
3
4
4
3
2
3
3
2
2
1
1
2
2
0
1
1
0
1
0
0
0
0
0
0
0
0
0
1
1
1
-1
1
-1
-2
-1
-2
-2
-2
-2
-2
-1
-2
-2
-2
-2
-2
-2
-1
-2
-2
-2
-2
-1
-2
-2
-2
-2
-1
-1
-1
-2
-1
-1
-1
0
0
1
-1
-1
1
1
1
0
0
-1
0
0
-2
-2
-2
-2
-2
-2
-2
-3
-2
-2
-1
-2
-1
1
0
1
0
0
0
-1
-1
-1
-1
-1
-1
0
-1
0
-1
-1
0
-1
0
0
0
-1
0
-2
-2
-2
-2
-2
-1
-1
-2
-2
-2
-3
-1
-1
-2
-1
-2
-1
0
0
1
1
1
2
3
2
4
3
4
3
3
4
4
4
4
4
4
3
3
3
3
3
2
3
2
2
2
2
2
2
2
0
1
1
1
2
3
2
3
2
3
1
2
2
2
2
1
1
1
2
0
0
-1
-2
-2
-2
-1
-1
-2
-2
-2
-1
-2
-1
-1
-2
-3
-2
-2
-2
-2
-2
-2
-1
-1
-1
-1
-1
-2
-2
-1
-2
-2
-1
-1
-3
-2
-1
-1
-1
-1
-1
-1
0
0
0
1
1
1
1
2
2
2
1
3
3
3
3
3
2
2
2
3
2
1
1
1
2
1
2
1
1
0
1
1
1
0
1
0
1
-1
0
-1
-2
-1
-2
-1
-1
-2
-3
-3
-5
-5
-4
-4
-5
-4
-4
-4
-3
-3
-4
-4
-4
-4
-2
-3
-3
-3
-3
-3
-2
-1
0
0
0
1
1
1
1
1
1
1
1
0
0
0
0
-1
-1
0
-1
-1
0
2
1
1
2
1
1
2
2
3
3
4
4
4
5
4
6
6
6
7
5
5
6
6
5
5
4
4
4
3
2
2
1
1
0
-1
-2
-2
-2
-2
-2
-1
-3
-1
0
-1
-2
-2
-3
-5
-3
-4
-4
-3
-3
-3
-3
-3
-3
-4
-2
-1
-1
0
0
-1
0
0
-1
0
0
0
0
2
2
1
2
2
2
3
2
3
3
2
3
2
3
3
3
3
4
2
3
3
1
2
1
1
1
0
2
0
0
-1
-1
-1
-1
-1
-1
-2
-2
-2
-4
-2
-3
-3
-3
-3
-3
-5
-4
-5
-6
-5
-5
-6
-4
-3
-3
-2
-3
-2
-1
-1
-1
0
1
1
1
1
1
1
0
0
0
0
1
2
1
1
1
1
1
1
0
1
2
1
1
0
1
0
1
1
2
0
2
3
3
2
2
4
4
4
3
3
3
2
2
2
2
1
0
0
-1
-2
-1
-2
-2
-2
-2
-3
-2
-2
-1
-1
-1
-2
-2
-1
-2
-3
-1
-1
-1
-1
0
0
-1
-1
-1
-1
0
0
0
0
0
-2
0
0
-1
-2
-1
0
1
2
2
3
4
4
4
4
3
3
4
3
3
4
4
4
3
3
2
2
1
1
1
1
1
2
1
0
-1
-1
0
-1
-1
-1
-1
-3
-3
-2
-3
-3
-3
-3
-3
-2
-2
0
-1
-1
-1
0
0
0
0
0
0
0
-1
-1
0
-1
0
0
-1
-1
-1
-1
-1
-1
-1
-1
-1
-2
-2
-2
-1
-3
-2
-1
-1
-1
0
0
-1
0
1
0
1
1
1
-1
0
0
0
-1
0
0
0
-1
0
0
1
0
0
-1
0
-1
0
0
0
-1
-1
-1
-2
-1
-1
-1
-1
0
-1
-1
-1
-2
-1
0
0
0
0
-1
0
0
0
1
1
0
-1
-1
-1
-2
-2
-2
-2
-2
0
-1
1
1
1
1
0
1
0
1
0
0
1
1
1
2
2
2
0
2
2
2
3
2
2
2
3
2
2
3
2
2
3
3
2
2
4
4
5
3
4
4
4
4
4
5
4
4
2
3
3
2
2
3
2
2
1
1
0
-1
0
-1
-1
-1
-1
-1
-1
-1
-1
-2
-2
-3
-1
-1
-1
-3
-3
-3
-3
-3
-3
-4
-4
-4
-3
-3
-4
-4
-5
-5
-4
-5
-5
-4
-4
-3
-4
-4
-4
-4
-4
-3
-4
-4
-4
-4
-5
-3
-3
-3
-3
-3
-2
-3
-3
-2
-2
-1
0
0
1
2
2
2
2
2
2
2
2
3
3
4
4
4
4
5
4
3
3
3
3
3
3
1
1
2
2
2
1
3
3
3
2
2
2
2
2
3
2
3
3
2
1
3
2
1
1
2
0
1
1
0
0
0
0
0
0
-1
-1
0
-2
0
-1
0
0
0
0
0
1
0
0
1
-1
1
0
0
2
0
0
0
0
1
0
1
2
1
0
0
1
1
1
0
0
0
0
-1
-1
-2
-3
-4
-3
-3
-3
-4
-3
-1
-3
-3
-3
-3
-2
-2
-3
-2
-1
-1
-1
-1
0
-1
0
-1
0
-1
-1
-1
-1
-2
-1
-2
-1
-3
-1
-1
-1
0
1
1
1
2
1
2
2
1
1
2
2
2
2
3
3
3
3
3
1
1
1
1
2
2
1
1
1
1
0
0
2
0
0
1
-1
0
-1
0
-1
-1
0
0
1
0
-1
0
-1
-1
-1
-2
-2
-1
-2
-3
-2
-2
-2
-1
-2
-1
-2
-1
-1
-2
0
-1
-1
0
-1
-1
-2
-1
0
-1
0
0
-1
-1
-2
0
-1
0
0
0
0
0
0
0
0
1
1
3
4
4
5
4
4
3
5
5
5
6
5
4
5
4
3
4
3
3
2
1
2
2
2
2
3
2
2
1
1
0
0
-1
-1
-2
-3
-4
-4
-4
-4
-5
-5
-6
-6
-5
-5
-5
-4
-4
-4
-3
-3
-3
-2
-2
-2
-1
-1
0
0
2
1
0
0
0
1
1
0
0
-1
-1
-1
0
-2
0
0
0
0
0
0
1
1
1
2
1
0
0
0
0
1
2
2
1
1
1
1
-1
-2
-2
-3
-3
-3
-2
-3
-3
-2
-3
-3
-3
-1
0
0
2
3
4
4
4
4
4
2
3
2
1
0
0
1
0
1
1
1
1
1
0
-1
0
-2
-1
-1
-1
0
-1
1
0
0
1
0
0
1
0
0
1
1
2
0
0
-1
1
0
0
1
0
-1
-2
-4
-3
-2
-3
-3
-2
-2
-2
-1
-1
-2
-1
-2
-1
1
2
2
2
3
3
1
2
2
0
2
1
0
1
2
1
2
3
3
3
3
3
2
2
1
0
0
0
1
0
0
0
1
0
0
1
1
2
2
2
3
2
0
-1
-2
-4
-4
-4
-2
-3
-3
-2
-3
-4
-3
-3
-2
-2
-1
3
4
6
4
4
3
2
1
1
1
2
2
3
3
3
3
2
1
-1
0
2
2
3
1
-2
-2
-3
-1
-1
-1
-1
-1
0
1
2
3
3
3
5
3
2
2
3
0
-1
2
1
-1
-3
-4
-5
-7
-5
-5
-5
-3
-1
-2
-3
-3
-2
-4
-4
-3
-4
-2
-2
-5
-6
-6
-7
-6
-7
-6
-4
-4
-3
-2
-3
-3
-3
-4
-4
-5
-5
-3
-3
0
0
4
3
4
6
4
3
5
5
7
8
7
8
10
8
6
6
4
4
2
1
0
2
0
1
3
4
2
1
1
-3
-1
-2
-2
0
-1
1
0
0
-1
-1
-2
-3
-3
-5
-4
-4
-7
-3
1
1
2
1
3
2
0
-2
-1
-3
-1
0
1
1
-1
-2
-1
-1
-1
-3
0
4
6
6
6
8
9
10
7
5
3
4
2
3
5
5
8
8
6
6
5
4
3
3
5
4
3
4
4
1
-1
-4
-6
-5
-5
-3
-1
1
2
1
-4
-1
-1
-4
-2
-3
-3
-5
-6
-8
-7
-10
-13
-12
-11
-10
-6
-6
-8
-7
-7
-9
-8
-18
-59
-9
10
-30
19
16
-2
24
21
0
-14
-25
-28
16
7
9
44
11
19
38
-2
-3
-1
-26
-6
-1
-2
11
2
-9
7
-1
-20
-16
-15
-11
-26
-11
15
8
10
26
8
1
9
2
4
1
6
16
11
10
13
2
2
11
-1
7
16
2
-8
-1
-8
-12
-4
-9
-7
-5
-4
-6
-6
-12
-3
1
6
8
6
16
5
9
2
-6
11
4
-10
5
5
-13
4
-5
-5
-7
3
-2
-3
-29
-73
0
4
7
40
28
30
31
14
12
-9
-8
33
45
27
27
15
-4
21
36
10
8
-7
-33
-27
-40
-18
-35
-25
-10
-28
-17
-17
-72
-63
-8
-24
36
46
28
11
30
45
5
18
35
23
31
28
1
-6
-31
22
5
15
29
-36
-27
-18
-51
-32
-19
-22
-26
-33
-58
-100
-43
-40
-46
40
9
42
65
47
60
26
18
14
64
56
41
82
15
16
47
5
0
-31
-52
-53
-68
-34
-87
-99
-70
-69
-46
-22
-10
-71
-38
-43
-62
33
24
55
92
74
76
82
102
57
29
45
71
75
32
-4
-15
-12
8
14
43
-15
-32
-49
-72
-80
-99
-77
-108
-56
-43
-97
-63
-62
-100
-22
8
28
31
49
55
23
68
58
44
98
89
74
61
57
14
3
41
5
37
37
-5
2
-22
-6
-14
-11
22
-21
12
15
-45
-41
-25
-26
-21
8
-30
-35
-3
-34
-23
10
18
22
47
37
9
37
22
63
43
77
84
54
57
41
-4
5
16
-12
3
-13
-51
-38
-28
-92
-34
12
-40
-26
-10
-62
-60
-25
-27
-55
-21
20
-30
-48
30
-27
-68
40
-10
-17
37
14
-46
3
24
-24
10
59
11
-23
22
29
-50
-41
18
-26
5
-9
-17
-27
-34
-45
-22
65
25
-20
-3
-15
-22
11
-4
-9
24
15
10
52
8
-36
13
5
28
-36
4
42
-38
-16
23
21
40
33
29
42
37
-19
-28
54
68
-2
-46
53
1
-21
15
2
-46
-17
-11
-39
-42
-77
-80
-70
18
16
-73
-6
44
-74
-12
74
-24
-9
50
19
35
64
51
-6
15
75
15
-20
62
-30
-88
4
38
-33
-20
21
-35
6
32
-16
-105
-16
42
-14
23
40
-3
-61
86
21
-36
44
32
9
59
120
-16
-59
39
19
-34
38
66
-90
-25
21
-20
-36
42
-43
-7
27
14
-62
-31
80
-52
28
72
49
10
-46
9
42
13
38
-7
20
51
-11
-73
19
-10
-62
25
44
-14
-83
-79
-16
35
-22
17
-7
36
-5
-48
-8
-11
-15
67
46
36
38
-97
-27
-54
27
-34
-49
11
37
-115
20
-17
-51
-22
50
13
-3
37
-125
-36
70
13
2
36
46
7
-20
76
-13
-61
-38
38
-75
68
9
-152
9
-15
-63
31
22
-50
-30
-36
35
20
-9
51
-29
-57
39
14
-39
34
-38
-85
38
46
8
-31
6
18
-13
-7
79
-27
-29
56
22
-8
103
-18
-60
6
20
-6
30
82
13
-36
-4
107
-12
-44
69
-34
-83
141
24
-62
-6
-23
-104
13
84
-14
-39
0
17
-105
20
59
-45
26
116
36
-17
31
-39
-56
39
176
86
21
37
23
-66
-32
107
26
43
65
5
-4
15
-11
-65
7
76
37
-3
14
-40
-101
-15
85
-3
-65
5
-59
-52
-8
-13
-33
-5
-5
-39
52
5
-78
-66
13
3
-30
52
55
-23
-79
-80
-90
11
11
29
-15
11
-17
-75
-28
-23
-43
-13
105
77
19
-38
-151
-175
26
123
67
40
54
-94
-131
-3
0
14
65
120
46
10
-25
-123
-111
28
71
39
82
108
-64
-143
-91
-2
40
99
125
15
-28
-70
-72
-66
-3
38
-10
-39
62
0
-147
-88
11
-27
75
153
28
-68
-71
-71
-76
50
74
23
-46
47
24
-105
-18
6
10
10
87
56
8
-45
-71
-48
0
126
92
69
-24
-80
-68
39
67
110
71
48
61
3
-21
2
65
-11
66
156
74
34
-71
-118
-3
36
65
15
40
5
-32
-57
-35
57
-4
-42
39
32
-21
-26
-41
-17
18
89
54
-5
-31
12
-34
-75
27
32
67
46
-27
-47
-87
-112
-19
61
39
-18
-28
-99
-59
-42
1
-49
-100
77
57
-77
-78
23
-149
-104
151
85
-70
-9
-28
-67
-9
83
99
-4
64
26
-37
-59
6
18
-21
45
18
-69
-34
-20
16
-48
-35
4
42
17
-127
-71
66
17
-38
90
115
-33
-105
-98
26
94
116
43
-20
113
78
-39
-112
-32
84
37
13
104
44
-82
-158
-61
62
9
-7
50
-3
-130
-49
22
-42
-18
46
-45
66
-30
-81
52
-100
-75
27
148
80
-6
-91
-71
-13
47
76
-32
7
59
-15
-19
23
2
32
31
-22
1
139
92
-79
-175
-18
158
144
71
-102
-23
-11
56
71
-82
-78
98
73
47
-2
-68
89
-133
-51
116
143
84
-99
-81
-117
32
84
70
57
-126
-30
76
-8
-18
-201
-122
108
162
-59
-172
-12
94
8
-49
-59
90
151
-65
-169
-100
84
75
27
-139
-121
-7
121
48
34
-194
-134
73
174
68
-108
-100
59
112
129
100
-52
7
106
143
-159
-132
38
101
45
-85
-95
-145
75
112
-25
-145
-88
107
215
141
-107
-270
-47
218
194
-9
-169
-100
31
132
-99
-188
-121
15
71
72
-47
-141
-111
61
56
-109
-122
18
125
113
-52
-298
-119
142
172
-8
-117
-144
80
193
47
-50
-92
-65
77
191
8
-96
-96
-6
107
-1
7
20
-27
33
83
-109
-89
-10
68
25
-9
-74
-39
129
113
139
-66
-54
56
111
196
-16
-77
-2
70
198
45
-58
-123
-79
104
156
-96
-172
33
87
-20
-16
-49
-89
70
117
-99
-112
7
93
-40
-38
-90
-36
94
135
-12
-164
-5
103
21
-8
-91
-101
136
105
-119
-94
-16
3
-39
17
-72
-84
-57
64
37
-151
5
30
-34
14
85
-11
57
192
-3
-44
-4
138
104
-53
-52
12
80
153
21
-153
-24
23
22
-40
46
-51
53
94
-44
-107
-35
32
4
-118
64
161
28
51
-135
-90
-59
137
54
34
-78
26
152
79
-46
-271
-93
118
193
65
-120
-194
-30
92
-34
-253
-9
68
38
20
-127
-133
-107
79
109
-43
-129
86
125
55
-144
-206
-53
224
287
35
-70
-324
-80
146
67
-5
-150
-20
227
172
-95
-284
-238
62
257
209
-83
-152
-5
71
-20
-86
27
139
178
99
-184
-260
-49
124
144
-74
-97
-30
60
21
-131
-143
-82
85
281
195
-110
-185
-123
84
65
70
36
38
219
22
-106
-208
-108
140
206
60
45
-204
-33
38
-47
-49
-191
83
214
80
-108
-152
-150
55
92
-20
-17
155
117
24
-147
-164
-13
123
120
139
-58
-69
59
30
21
-27
-127
28
234
114
-70
-54
5
25
-18
-29
79
14
95
119
-3
-129
-72
85
137
12
-60
-9
117
103
-93
-168
-52
52
97
7
-92
-37
73
26
-67
-34
-10
139
49
-49
-107
-75
-59
36
-31
-92
-126
61
35
-38
-3
27
-53
-195
11
65
108
-32
-66
-144
-52
48
69
11
30
34
-41
-57
-28
78
45
-23
-69
-8
76
63
-27
-186
-232
-11
110
145
22
-155
-58
-41
22
47
-34
-14
-27
33
64
101
-5
-104
0
-22
11
148
168
48
-176
-197
78
149
113
-10
-49
-13
32
62
-59
-30
-18
-8
-10
94
217
80
-53
-147
-90
17
67
108
85
9
-72
-214
6
65
10
2
32
51
-25
85
-56
-116
-25
15
52
82
107
-78
-196
29
60
-3
13
28
53
-50
-78
-75
-43
6
37
44
-11
-58
-40
-50
18
55
-29
-25
24
46
8
-80
-51
47
116
115
50
-45
-46
15
-48
-14
113
149
83
-53
-48
-60
-26
-24
-25
9
39
172
92
-95
-187
-67
8
141
129
70
-41
-67
-59
-160
-101
38
68
74
48
-72
-105
-63
-119
-107
18
137
208
27
-33
-156
-189
-76
99
160
74
16
-9
-47
-50
-85
-42
47
133
124
29
-43
-149
-152
-85
17
98
108
43
-67
-169
-149
-81
3
137
86
-6
-14
10
-7
-47
14
26
98
111
123
32
-102
-81
-51
-11
40
61
133
64
-108
-151
-144
6
69
68
47
1
18
2
-31
5
53
61
62
93
91
31
54
-32
-102
-17
4
43
86
100
6
-74
-40
-26
-8
-7
-91
14
73
60
-42
-100
-153
-62
11
92
95
-38
-59
-32
-12
-41
-8
89
148
55
-15
-31
-40
-77
-38
-10
13
60
30
-21
-100
-153
-108
-51
-28
33
75
-34
-57
-74
-40
-42
-21
59
92
94
45
-16
-41
-33
20
56
99
74
35
3
8
19
-6
60
53
63
48
-2
-114
-100
-39
8
41
46
-5
-40
-29
-124
-138
-54
84
111
62
-16
-73
-100
-13
49
30
43
128
101
-6
-44
-96
-54
80
109
124
96
30
-23
-64
-121
-80
16
90
121
-3
-82
-103
-13
45
-7
12
17
-5
1
2
-38
-70
-27
25
-23
-18
-20
-46
-63
-43
-43
-41
-12
46
-21
-82
-70
-25
-9
-5
-2
14
-22
-78
-91
-5
62
52
-20
-41
13
-35
-46
-68
-26
-18
24
23
-12
-25
-87
-46
18
51
78
64
95
132
69
40
114
117
110
159
138
129
150
90
-8
43
86
157
145
73
73
29
31
24
93
94
69
2
-1
57
33
8
-17
-14
5
7
10
17
-31
-84
-77
-36
-32
-54
-132
-155
-134
-116
-102
-137
-126
-136
-192
-174
-173
-132
-170
-179
-250
-258
-200
-224
-228
-360
-427
-365
-304
-260
-291
-351
-435
-376
-319
-261
-200
-198
-78
-78
-73
58
188
255
362
493
594
692
741
770
773
854
951
954
860
810
742
654
547
436
408
274
126
8
-93
-158
-234
-285
-356
-344
-400
-382
-356
-385
-369
-317
-253
-193
-72
-19
16
13
47
82
143
210
217
243
280
298
144
124
155
164
114
105
90
43
-63
-186
-220
-297
-367
-592
-919
-1179
-1056
-572
-207
-403
-1065
-1433
-1372
-1159
-1017
-929
-633
-197
-46
-344
-764
-791
-280
299
677
939
1055
956
711
485
540
1045
1536
1740
1442
948
601
468
432
457
509
531
423
13
-323
-472
-422
-304
-348
-387
-333
-218
-303
-466
-538
-340
-80
42
150
167
167
213
195
193
410
703
868
854
697
545
543
641
702
707
692
608
381
106
-36
-77
-70
-75
-176
-351
-496
-676
-883
-900
-859
-705
-651
-720
-754
-795
-738
-736
-688
-449
-338
-588
-996
-1184
-922
-313
144
-37
-610
-1034
-1010
-839
-800
-714
-401
-32
89
-271
-736
-776
-290
310
776
1002
1120
1042
762
532
690
1285
1878
2038
1708
1178
801
697
730
733
758
753
537
90
-383
-572
-465
-366
-394
-402
-472
-606
-787
-837
-772
-533
-325
-248
-204
-205
-92
-3
51
246
537
787
810
697
622
659
766
962
1109
1137
990
717
408
300
391
451
393
221
72
-190
-464
-624
-704
-633
-515
-514
-651
-841
-939
-977
-917
-845
-671
-440
-359
-482
-852
-1194
-1220
-967
-615
-307
-111
-219
-621
-1109
-1368
-1202
-805
-421
-303
-397
-522
-666
-868
-858
-511
79
697
947
821
600
538
607
911
1427
1905
2032
1730
1268
811
659
846
1056
1119
980
604
46
-365
-473
-332
-141
-129
-349
-639
-747
-753
-701
-645
-527
-400
-259
-187
-248
-225
-160
60
336
570
742
721
543
537
633
837
1093
1196
1123
955
659
435
424
488
569
472
246
-96
-370
-458
-471
-483
-563
-586
-615
-733
-901
-1019
-1008
-937
-756
-598
-515
-500
-503
-501
-591
-646
-682
-647
-525
-352
-214
-202
-278
-496
-703
-752
-696
-549
-433
-398
-498
-523
-541
-604
-591
-350
43
390
596
594
507
491
565
826
1279
1694
1793
1514
1155
846
780
901
1063
1125
950
595
96
-263
-346
-202
-33
-58
-271
-549
-777
-825
-671
-540
-371
-218
-145
-204
-301
-317
-176
101
303
390
405
406
438
485
569
673
750
706
590
523
533
582
504
343
134
-60
-128
-134
-197
-273
-389
-543
-681
-755
-702
-637
-706
-776
-712
-563
-435
-384
-375
-377
-388
-391
-354
-351
-446
-522
-540
-400
-166
-73
-269
-634
-876
-864
-726
-671
-591
-492
-479
-557
-745
-789
-571
-247
102
331
418
361
355
399
657
1124
1555
1644
1344
997
776
859
1107
1295
1222
924
459
49
-116
44
316
293
11
-305
-423
-329
-246
-282
-215
-112
-104
-90
-60
22
58
89
132
209
386
555
576
402
332
414
589
712
717
607
474
407
373
384
329
173
31
-111
-253
-305
-302
-278
-373
-549
-750
-887
-814
-667
-589
-612
-660
-732
-737
-729
-696
-531
-408
-430
-532
-685
-856
-910
-711
-346
-96
-195
-613
-1019
-1055
-826
-639
-601
-592
-482
-431
-536
-756
-752
-406
36
359
512
513
520
567
635
879
1291
1660
1736
1461
1107
977
1081
1215
1265
1158
848
436
160
109
178
186
122
13
-133
-276
-335
-314
-147
-50
-23
-46
-95
-87
-78
-55
42
248
452
515
291
71
87
352
654
843
845
640
311
96
174
411
626
575
199
-210
-385
-326
-218
-204
-322
-530
-726
-878
-873
-751
-719
-764
-820
-902
-853
-725
-712
-727
-689
-616
-566
-625
-748
-924
-909
-656
-280
-66
-244
-765
-1153
-1036
-679
-440
-444
-521
-541
-588
-688
-740
-560
-143
261
415
441
439
463
518
661
1042
1518
1818
1708
1368
1098
1077
1260
1438
1483
1291
913
551
364
420
515
501
249
-103
-234
-159
-59
-34
-90
-182
-226
-192
-122
-41
-45
-70
-51
95
245
245
82
4
160
394
504
449
222
-7
-49
56
272
451
388
48
-359
-542
-398
-189
-82
-198
-461
-700
-798
-723
-587
-482
-423
-453
-578
-656
-563
-448
-384
-357
-318
-214
-203
-344
-538
-656
-623
-418
-120
15
-180
-687
-1064
-1031
-636
-343
-416
-705
-891
-878
-754
-680
-566
-387
-186
-23
61
173
288
377
508
798
1206
1509
1480
1250
1076
1095
1263
1427
1504
1395
1046
648
460
491
547
444
219
77
56
49
-75
-256
-309
-278
-222
-142
-81
-30
-92
-248
-226
25
251
202
-67
-255
-106
219
425
400
179
-10
-22
94
282
454
415
143
-94
-106
80
177
97
-131
-346
-383
-332
-282
-304
-400
-470
-508
-495
-395
-326
-359
-429
-421
-316
-254
-303
-459
-573
-574
-554
-527
-514
-488
-552
-822
-1031
-967
-668
-515
-782
-1227
-1327
-937
-533
-467
-677
-769
-622
-321
-3
228
395
444
444
597
960
1415
1579
1400
1181
1181
1396
1597
1602
1369
1037
776
690
733
769
642
403
179
53
45
31
-35
-146
-163
-112
-19
36
-14
-109
-157
-74
103
241
162
-48
-175
-35
233
439
382
119
-116
-108
169
382
457
341
61
-93
-54
77
166
110
-99
-276
-281
-224
-241
-347
-428
-404
-321
-285
-355
-453
-506
-557
-531
-365
-252
-332
-591
-801
-817
-712
-652
-758
-864
-810
-725
-868
-1110
-1182
-1016
-872
-968
-1179
-1138
-828
-557
-599
-814
-779
-437
-5
275
411
458
513
575
750
1108
1509
1745
1656
1401
1245
1264
1432
1518
1454
1279
1058
841
611
511
514
490
383
234
74
-114
-198
-169
-43
73
69
-94
-237
-266
-152
31
160
143
53
-30
-81
11
226
395
401
267
171
184
253
343
390
336
242
132
57
30
34
71
61
-58
-201
-326
-443
-474
-388
-305
-333
-476
-617
-675
-742
-647
-487
-408
-522
-779
-904
-859
-691
-627
-767
-960
-1049
-927
-746
-765
-954
-1088
-1010
-929
-944
-950
-818
-605
-475
-537
-665
-584
-228
172
392
403
391
466
649
933
1222
1427
1457
1336
1252
1272
1341
1404
1371
1231
1105
981
838
629
488
446
444
389
239
77
-77
-150
-219
-101
75
137
-17
-207
-177
-37
118
140
84
1
-28
42
201
365
396
277
124
72
212
390
483
409
281
206
151
127
141
161
134
112
-52
-213
-296
-266
-197
-205
-276
-394
-517
-633
-616
-546
-448
-457
-598
-742
-821
-795
-706
-667
-751
-958
-1152
-1216
-1077
-823
-736
-931
-1169
-1214
-1074
-932
-883
-875
-790
-660
-588
-598
-612
-436
-114
197
354
389
439
558
745
966
1165
1304
1342
1272
1214
1283
1398
1436
1297
1111
971
853
759
671
655
654
529
343
233
164
108
116
188
222
182
99
26
23
115
206
219
158
149
173
225
261
247
280
270
221
176
205
323
373
302
146
50
64
126
148
135
97
13
-97
-204
-241
-169
-137
-195
-332
-508
-606
-625
-613
-595
-639
-737
-822
-902
-919
-941
-940
-982
-1070
-1207
-1330
-1306
-1147
-957
-880
-997
-1180
-1264
-1128
-896
-727
-670
-724
-661
-527
-400
-338
-242
-1
306
501
547
469
463
653
972
1273
1483
1411
1248
1151
1178
1300
1390
1418
1302
1150
984
836
744
718
698
599
466
376
331
268
192
128
141
221
250
241
171
125
124
131
186
266
290
248
150
121
187
271
267
200
168
198
226
194
185
162
99
13
-58
-59
-26
-36
-117
-219
-275
-328
-420
-488
-541
-587
-640
-681
-717
-794
-865
-914
-967
-987
-968
-951
-928
-991
-1096
-1137
-1081
-1011
-1001
-1011
-930
-822
-840
-955
-1001
-878
-690
-640
-691
-701
-544
-360
-293
-337
-244
34
292
434
464
496
629
833
1056
1225
1278
1251
1207
1249
1374
1496
1459
1320
1201
1163
1157
1079
910
801
794
732
611
460
386
350
302
265
248
283
280
210
151
128
163
193
194
188
156
98
58
80
151
163
104
48
16
-3
-22
-49
-83
-91
-87
-93
-144
-232
-242
-220
-241
-291
-351
-418
-457
-464
-467
-498
-569
-689
-771
-806
-801
-786
-801
-802
-852
-899
-911
-848
-790
-805
-878
-960
-984
-931
-805
-662
-593
-689
-822
-839
-687
-543
-528
-603
-543
-347
-172
-169
-270
-241
-33
213
396
501
556
599
674
839
1053
1200
1254
1256
1252
1280
1284
1242
1236
1212
1188
1112
939
807
772
782
734
588
443
390
398
421
379
294
199
182
200
243
229
194
163
135
128
124
92
110
157
186
187
114
43
11
39
81
68
25
15
2
-74
-145
-162
-121
-123
-197
-286
-401
-502
-587
-648
-664
-666
-715
-813
-954
-1040
-1030
-986
-967
-1019
-1048
-1031
-990
-964
-931
-930
-951
-967
-946
-924
-857
-741
-658
-681
-719
-692
-590
-481
-478
-531
-498
-337
-207
-164
-218
-176
37
242
381
429
486
595
713
876
1009
1097
1189
1258
1346
1444
1484
1413
1345
1324
1396
1417
1271
1123
1007
974
931
818
731
663
580
483
446
452
481
460
295
129
64
132
239
272
206
77
-24
-61
-18
49
60
9
-45
-89
-119
-130
-134
-143
-166
-192
-253
-286
-319
-364
-439
-508
-540
-593
-658
-729
-809
-895
-961
-1027
-1053
-1035
-1042
-1036
-1039
-1047
-1090
-1106
-1051
-942
-854
-837
-855
-843
-751
-693
-700
-743
-680
-482
-310
-369
-510
-529
-356
-199
-249
-374
-319
-61
142
79
-135
-148
133
483
661
619
570
643
827
1066
1263
1371
1361
1306
1328
1447
1565
1573
1466
1319
1295
1286
1204
1063
933
882
824
714
579
448
387
387
380
313
189
55
1
18
39
54
-25
-118
-117
-111
-129
-197
-233
-175
-128
-172
-226
-293
-262
-194
-182
-191
-254
-309
-370
-437
-454
-426
-454
-540
-629
-703
-721
-726
-783
-814
-854
-872
-920
-1009
-982
-891
-803
-776
-832
-854
-822
-777
-719
-653
-593
-593
-637
-651
-595
-524
-427
-327
-302
-387
-463
-473
-332
-171
-151
-256
-298
-167
24
61
-48
-62
152
460
653
647
648
776
960
1143
1266
1361
1446
1515
1540
1539
1539
1531
1554
1509
1448
1309
1156
1039
943
884
777
641
503
419
327
209
112
57
36
-19
-69
-107
-155
-212
-290
-284
-211
-173
-195
-245
-272
-230
-194
-226
-238
-196
-136
-142
-253
-315
-345
-374
-388
-391
-438
-568
-709
-767
-770
-769
-810
-905
-960
-974
-1007
-1013
-1021
-1019
-990
-955
-916
-870
-828
-787
-755
-737
-697
-626
-562
-500
-471
-454
-416
-430
-403
-297
-111
-42
-185
-320
-242
-26
90
-30
-141
-60
168
274
182
88
215
488
700
762
736
797
974
1183
1341
1405
1407
1421
1461
1563
1635
1631
1544
1392
1295
1225
1171
1069
938
852
742
607
411
280
220
193
170
99
-14
-168
-289
-283
-209
-162
-180
-249
-280
-286
-320
-349
-324
-223
-169
-234
-387
-467
-434
-380
-365
-429
-504
-574
-649
-717
-730
-716
-764
-855
-939
-970
-951
-953
-1010
-1027
-1002
-987
-963
-941
-891
-810
-747
-744
-766
-669
-544
-481
-480
-461
-347
-211
-211
-255
-210
-101
-38
-63
-25
173
311
195
-6
-22
169
343
261
67
77
291
457
386
275
322
551
744
784
802
891
1042
1144
1226
1315
1408
1459
1448
1453
1449
1402
1321
1227
1175
1152
1025
820
655
587
544
388
175
74
43
-3
-131
-233
-256
-250
-266
-319
-383
-428
-444
-443
-429
-367
-363
-417
-506
-529
-459
-418
-451
-514
-521
-525
-572
-669
-744
-743
-714
-742
-828
-860
-841
-854
-881
-901
-894
-873
-858
-835
-802
-765
-746
-708
-629
-542
-504
-510
-469
-419
-344
-301
-269
-211
-126
-32
39
44
62
124
156
150
135
199
329
355
233
115
152
318
374
267
130
154
324
447
391
299
362
563
729
798
814
840
935
1053
1151
1226
1272
1288
1290
1282
1278
1246
1189
1115
1033
967
874
725
557
456
409
368
214
63
-19
-53
-90
-147
-203
-248
-299
-380
-433
-463
-436
-432
-487
-534
-582
-640
-687
-681
-643
-628
-705
-831
-897
-885
-823
-798
-864
-920
-951
-938
-911
-929
-899
-840
-788
-792
-778
-715
-649
-601
-542
-468
-392
-337
-308
-267
-176
-90
-35
-28
-14
47
133
191
219
222
239
244
250
276
310
347
315
235
215
275
342
329
239
160
157
176
170
126
120
193
273
281
228
219
285
419
539
645
707
758
810
902
1009
1092
1155
1177
1173
1151
1121
1087
1040
967
882
735
589
492
461
416
218
-49
-199
-184
-134
-199
-381
-537
-598
-590
-599
-679
-767
-798
-778
-784
-804
-869
-967
-1001
-926
-803
-777
-838
-894
-893
-849
-782
-721
-666
-619
-594
-589
-619
-597
-493
-363
-271
-238
-256
-291
-272
-186
-80
-12
18
28
23
40
62
104
171
219
245
230
216
246
300
373
385
347
320
309
324
357
410
425
373
311
332
391
420
366
283
264
290
295
226
161
179
262
307
269
230
241
353
479
546
575
564
580
649
734
821
859
868
827
744
688
656
640
575
506
416
287
117
-20
-98
-126
-196
-336
-459
-516
-572
-641
-713
-766
-770
-786
-861
-946
-966
-914
-872
-910
-966
-957
-935
-920
-847
-802
-792
-792
-776
-715
-633
-574
-535
-506
-487
-469
-443
-362
-254
-202
-182
-169
-103
-4
40
63
114
221
305
331
330
391
498
564
572
538
581
651
685
644
649
707
731
693
612
585
603
624
592
517
447
370
322
317
329
320
250
161
95
53
21
-57
-98
-71
-14
-3
-85
-146
-124
-9
129
247
286
270
286
340
435
520
573
585
569
548
505
483
469
447
378
247
97
-89
-162
-166
-182
-317
-561
-737
-752
-739
-780
-891
-993
-994
-967
-980
-1027
-1092
-1083
-981
-901
-891
-925
-965
-946
-811
-664
-589
-602
-626
-567
-483
-372
-280
-205
-128
-29
28
27
54
161
313
414
493
554
603
629
671
757
859
939
945
913
908
950
1000
957
884
869
888
886
811
704
626
566
488
430
402
386
338
221
98
17
-27
-39
-15
-1
-45
-211
-387
-424
-338
-274
-334
-468
-526
-493
-410
-402
-407
-358
-258
-155
-148
-144
-103
3
153
258
284
260
241
251
268
288
274
216
129
16
-63
-121
-221
-321
-408
-475
-537
-674
-782
-829
-863
-883
-929
-941
-941
-920
-910
-920
-898
-852
-789
-738
-678
-617
-537
-441
-359
-273
-193
-137
-45
100
272
405
470
495
545
639
766
874
945
992
1030
1050
1062
1098
1128
1166
1178
1137
1075
1014
978
948
900
827
739
631
540
478
404
329
252
175
83
-17
-78
-107
-143
-210
-308
-383
-397
-375
-398
-474
-555
-553
-518
-525
-581
-611
-564
-520
-569
-653
-668
-590
-466
-430
-467
-480
-399
-307
-206
-148
-92
-33
-8
39
101
175
210
206
177
174
173
131
70
14
-50
-137
-254
-369
-428
-422
-444
-542
-668
-740
-729
-722
-735
-746
-747
-687
-596
-539
-534
-509
-424
-290
-178
-109
-47
19
104
224
382
518
577
620
694
818
947
1019
1003
1009
1062
1111
1122
1089
1081
1084
1054
965
870
802
767
737
668
573
474
397
333
246
169
96
13
-52
-102
-122
-162
-196
-215
-245
-304
-379
-401
-385
-335
-312
-362
-420
-445
-401
-388
-419
-410
-372
-376
-468
-558
-558
-472
-450
-533
-622
-623
-579
-564
-600
-585
-507
-451
-446
-466
-432
-330
-237
-194
-157
-115
-72
-73
-67
-34
-16
-31
-90
-119
-117
-96
-162
-251
-255
-215
-186
-272
-352
-281
-170
-130
-150
-164
-87
54
134
153
175
228
333
429
507
588
652
662
692
746
821
853
851
865
877
884
861
804
767
760
774
748
649
551
507
478
456
406
353
316
255
202
159
102
70
41
8
-29
-70
-115
-137
-151
-190
-217
-243
-261
-279
-303
-317
-317
-318
-342
-355
-359
-364
-393
-436
-470
-481
-507
-539
-553
-551
-589
-698
-800
-815
-757
-741
-808
-860
-863
-836
-832
-871
-850
-738
-617
-565
-567
-526
-434
-314
-202
-114
-22
54
106
155
223
299
339
370
434
500
492
439
396
450
548
554
483
420
416
458
487
454
461
480
483
465
437
463
478
450
409
389
413
403
365
358
387
400
353
299
319
388
417
380
334
334
354
364
361
356
349
327
296
260
262
273
240
198
172
155
128
79
49
41
32
-26
-109
-167
-188
-176
-207
-252
-282
-293
-335
-409
-472
-494
-505
-520
-549
-600
-645
-701
-723
-718
-744
-809
-847
-832
-816
-845
-918
-941
-903
-850
-879
-910
-882
-769
-672
-676
-679
-567
-383
-236
-199
-165
-52
103
233
315
440
568
650
676
725
799
868
896
868
847
851
855
856
811
750
690
642
608
554
488
427
395
366
339
313
259
195
144
118
131
134
86
27
23
78
109
96
72
80
104
120
155
185
221
233
224
213
234
261
266
227
213
211
199
160
129
122
125
94
25
-23
-28
3
-11
-62
-122
-159
-196
-246
-298
-331
-346
-366
-404
-455
-505
-561
-585
-601
-611
-633
-662
-696
-732
-761
-786
-801
-817
-810
-789
-772
-794
-824
-832
-790
-719
-682
-696
-677
-586
-478
-414
-378
-294
-148
14
141
208
279
389
517
644
753
844
914
943
962
986
1052
1084
1037
949
877
855
828
761
683
613
576
504
384
271
215
199
165
169
174
156
83
-3
-13
40
112
111
44
-3
3
12
36
79
107
120
102
102
112
128
152
155
179
217
200
160
128
157
188
174
121
70
41
4
-51
-104
-127
-118
-140
-213
-287
-350
-373
-374
-413
-461
-496
-526
-559
-610
-637
-639
-647
-689
-720
-741
-745
-772
-804
-807
-786
-787
-799
-802
-775
-744
-757
-747
-656
-554
-490
-485
-435
-317
-185
-121
-96
-14
145
310
413
449
530
657
779
863
936
1011
1059
1058
1062
1096
1130
1116
1039
963
919
863
779
695
627
563
451
360
277
229
200
147
90
47
21
-11
-56
-80
-73
-56
-65
-91
-105
-108
-118
-151
-155
-141
-126
-105
-94
-87
-75
-66
-57
-65
-64
-60
-38
-1
6
10
-1
-31
-52
-61
-68
-89
-131
-150
-162
-193
-232
-251
-272
-255
-252
-301
-354
-415
-424
-426
-422
-453
-495
-525
-545
-566
-586
-584
-572
-560
-552
-561
-570
-550
-530
-476
-430
-402
-402
-391
-346
-262
-206
-173
-149
-99
-14
62
125
158
219
298
390
465
502
554
611
673
720
772
828
856
852
828
831
853
846
808
762
698
658
598
536
479
422
356
274
199
146
100
52
-13
-60
-102
-127
-130
-146
-167
-208
-227
-220
-218
-213
-216
-193
-179
-185
-185
-168
-137
-114
-118
-110
-75
-58
-46
-53
-40
-11
-8
-19
-31
-49
-46
-37
-63
-92
-101
-109
-153
-212
-256
-264
-278
-310
-343
-351
-344
-353
-389
-404
-388
-377
-384
-391
-362
-335
-322
-328
-321
-311
-293
-288
-258
-225
-214
-218
-231
-221
-178
-136
-124
-134
-114
-74
-34
-9
17
66
105
137
169
227
312
363
386
432
505
573
626
659
692
723
738
730
717
710
717
696
635
577
550
529
473
403
335
268
211
132
49
-5
-72
-140
-188
-197
-204
-240
-314
-362
-372
-359
-379
-402
-388
-340
-297
-300
-316
-323
-297
-260
-235
-216
-179
-155
-148
-143
-119
-77
-77
-93
-96
-69
-42
-27
-43
-68
-70
-74
-90
-110
-99
-91
-105
-132
-170
-185
-180
-172
-176
-184
-196
-192
-182
-162
-141
-139
-137
-138
-144
-135
-136
-133
-117
-114
-117
-137
-138
-134
-144
-150
-131
-106
-87
-64
-58
-15
44
93
127
172
258
331
375
396
439
535
629
675
683
662
676
695
710
718
706
687
639
571
506
456
422
385
316
248
175
123
45
-17
-69
-105
-155
-234
-297
-336
-347
-376
-403
-424
-448
-460
-479
-481
-456
-426
-420
-440
-439
-383
-313
-276
-265
-258
-241
-213
-209
-202
-177
-137
-120
-128
-138
-138
-86
-39
-35
-51
-61
-44
-32
-21
0
13
26
18
15
20
42
52
57
45
32
39
28
12
-12
-18
-18
-24
-55
-79
-74
-60
-81
-123
-163
-174
-153
-157
-181
-177
-143
-126
-136
-174
-166
-94
-23
5
10
39
100
174
239
301
369
441
462
484
520
561
596
607
604
611
610
568
498
451
421
382
318
236
197
149
103
45
13
-24
-82
-131
-181
-181
-182
-211
-257
-297
-312
-322
-336
-360
-375
-361
-350
-341
-341
-331
-283
-223
-189
-171
-149
-127
-103
-70
-23
12
38
41
41
46
63
97
105
92
78
57
45
41
32
28
10
-5
-18
-50
-68
-78
-88
-115
-134
-147
-160
-163
-169
-184
-200
-202
-192
-185
-189
-180
-165
-159
-175
-201
-180
-126
-72
-39
-58
-89
-94
-62
-25
4
16
16
41
75
124
163
199
243
294
336
343
357
384
429
467
493
501
480
464
450
438
411
379
345
294
228
165
133
99
72
24
-32
-87
-145
-170
-194
-222
-246
-266
-290
-318
-333
-325
-313
-317
-346
-363
-353
-319
-288
-270
-245
-213
-176
-159
-138
-105
-71
-47
-34
-16
5
29
42
68
99
115
113
103
103
115
139
138
127
112
98
86
69
51
34
12
-7
-21
-31
-54
-70
-75
-92
-101
-107
-111
-113
-105
-106
-114
-124
-125
-109
-101
-89
-97
-116
-110
-102
-95
-98
-87
-55
-33
-26
-23
1
36
66
91
115
129
158
177
208
251
274
289
305
334
355
356
351
349
352
343
326
316
299
274
236
196
156
123
86
37
10
-3
-17
-66
-114
-160
-188
-204
-227
-255
-267
-264
-278
-294
-316
-320
-325
-312
-289
-262
-234
-238
-248
-237
-178
-124
-93
-83
-61
-25
6
29
47
78
102
120
139
158
170
177
170
165
166
156
115
86
67
48
28
-2
-21
-16
-25
-48
-82
-89
-64
-46
-52
-66
-66
-47
-25
-34
-43
-34
-20
-19
-37
-64
-71
-82
-95
-112
-124
-127
-144
-162
-169
-155
-142
-151
-158
-125
-91
-68
-42
-30
2
41
88
113
137
171
195
230
253
267
275
284
301
300
301
291
279
250
215
200
185
165
128
81
14
-34
-64
-83
-114
-156
-195
-226
-237
-243
-252
-235
-215
-210
-194
-200
-180
-138
-98
-69
-42
-19
10
27
54
86
104
122
132
136
136
144
150
164
159
163
155
142
144
141
140
114
86
67
68
68
60
40
12
-8
-28
-49
-46
-41
-39
-47
-62
-67
-54
-46
-59
-78
-72
-77
-93
-115
-123
-113
-148
-188
-206
-215
-231
-239
-259
-270
-259
-258
-277
-266
-233
-204
-172
-152
-116
-83
-45
-17
20
75
124
151
166
190
225
266
287
292
289
282
271
279
283
267
243
211
198
180
147
99
49
18
0
-23
-57
-73
-93
-101
-120
-138
-149
-152
-145
-161
-154
-129
-114
-119
-116
-102
-82
-53
-29
-14
15
35
48
59
71
89
101
113
111
106
113
123
121
117
107
113
126
126
115
102
101
103
99
93
93
84
69
51
39
46
44
25
3
-5
-11
-31
-55
-76
-93
-105
-125
-147
-164
-182
-187
-196
-214
-227
-257
-284
-295
-300
-311
-316
-319
-309
-289
-271
-260
-250
-233
-203
-159
-125
-87
-44
-1
49
89
137
172
199
225
256
284
310
323
318
322
331
331
312
292
258
240
224
199
193
166
125
76
29
4
-15
-29
-38
-58
-80
-99
-115
-113
-100
-85
-73
-67
-59
-38
-21
-2
19
45
69
72
84
89
98
116
127
129
136
150
167
170
169
168
162
158
143
132
132
126
112
88
80
77
64
45
7
-18
-29
-46
-62
-67
-81
-86
-117
-148
-164
-180
-211
-250
-271
-283
-296
-329
-357
-375
-391
-410
-438
-461
-475
-479
-468
-458
-451
-440
-420
-392
-350
-302
-257
-209
-155
-89
-35
10
67
116
158
194
243
292
342
380
397
411
432
457
466
471
474
467
452
420
392
357
328
288
239
198
158
126
97
80
65
49
35
5
-24
-39
-51
-55
-60
-47
-43
-52
-49
-43
-35
-22
-13
-6
-6
7
27
37
52
67
79
87
95
87
100
113
121
133
120
120
118
105
97
90
80
60
43
23
8
-3
-9
-31
-51
-72
-116
-150
-180
-196
-219
-256
-285
-322
-351
-378
-417
-433
-446
-458
-472
-490
-491
-493
-478
-458
-435
-409
-381
-353
-309
-267
-223
-182
-145
-103
-50
6
72
133
178
222
262
297
317
344
385
420
433
436
439
454
461
467
457
446
432
402
374
357
338
314
288
250
218
183
147
120
101
79
47
27
4
-18
-29
-48
-67
-83
-93
-92
-98
-96
-98
-79
-58
-49
-52
-43
-34
-16
-1
-5
11
21
48
68
78
93
94
81
73
78
75
71
58
36
20
3
-10
-32
-52
-74
-111
-150
-174
-206
-234
-258
-279
-295
-316
-347
-372
-388
-400
-392
-401
-420
-431
-439
-436
-421
-404
-398
-383
-357
-340
-328
-306
-270
-238
-203
-166
-120
-61
-4
31
63
100
137
186
227
264
298
331
355
378
406
435
460
462
467
468
471
481
489
492
493
473
441
416
382
350
322
286
248
221
185
150
118
94
83
67
44
23
2
-10
-17
-15
-12
1
-7
-14
-6
6
13
16
27
32
33
32
24
18
27
24
15
-1
-13
-3
-18
-37
-47
-52
-63
-99
-135
-164
-180
-211
-236
-262
-284
-307
-339
-360
-370
-368
-380
-399
-416
-423
-416
-411
-410
-423
-422
-416
-407
-400
-383
-363
-352
-348
-349
-328
-295
-275
-243
-212
-179
-134
-106
-76
-40
-7
39
75
115
155
190
228
260
283
328
367
384
407
422
442
463
476
493
506
513
516
517
515
508
498
485
468
448
415
388
361
318
291
248
208
168
126
100
69
44
28
15
-3
-20
-18
-15
-23
-42
-51
-58
-67
-62
-68
-54
-54
-50
-65
-71
-72
-70
-75
-84
-85
-95
-107
-118
-129
-142
-148
-168
-190
-209
-231
-253
-271
-287
-302
-309
-330
-353
-366
-372
-369
-374
-386
-388
-382
-377
-375
-371
-353
-332
-312
-303
-283
-260
-235
-202
-180
-168
-153
-135
-114
-91
-63
-27
-13
11
30
49
88
123
148
180
205
227
250
272
296
317
345
374
392
402
418
426
437
455
451
445
442
444
447
441
434
421
398
383
361
341
329
301
271
242
219
191
160
129
107
81
52
18
-7
-25
-46
-65
-90
-108
-121
-126
-140
-152
-166
-172
-179
-201
-223
-234
-231
-242
-248
-251
-254
-265
-275
-292
-298
-282
-283
-288
-293
-296
-299
-292
-301
-297
-292
-299
-307
-305
-297
-279
-272
-266
-241
-229
-224
-221
-203
-177
-143
-130
-117
-110
-96
-85
-79
-64
-44
-20
-11
-4
8
27
51
76
96
124
143
161
181
194
213
240
263
276
295
314
329
347
365
380
400
404
409
424
439
443
446
455
445
448
445
425
414
398
373
335
301
273
230
191
152
126
97
64
24
-20
-62
-107
-142
-170
-192
-204
-224
-254
-283
-300
-295
-307
-322
-335
-347
-360
-353
-340
-332
-330
-331
-333
-332
-321
-308
-289
-287
-285
-277
-270
-259
-255
-240
-225
-222
-216
-213
-202
-185
-167
-159
-140
-124
-122
-120
-106
-98
-85
-63
-48
-25
-15
-15
0
10
26
43
55
64
78
93
100
109
125
139
153
173
187
206
224
247
266
276
289
302
309
318
336
350
362
372
370
375
376
370
360
349
349
350
332
315
309
301
275
261
244
223
207
182
159
131
102
69
39
1
-31
-76
-118
-149
-184
-221
-244
-264
-278
-309
-336
-360
-376
-383
-386
-393
-401
-404
-413
-415
-402
-396
-388
-372
-368
-360
-350
-333
-321
-308
-284
-257
-237
-217
-192
-171
-134
-113
-96
-77
-52
-28
-8
23
55
71
73
75
77
88
98
107
112
123
136
133
132
140
153
156
160
160
171
178
182
189
195
201
208
214
217
217
225
226
228
236
237
251
261
264
265
266
271
271
263
262
255
244
240
231
219
211
191
159
135
116
94
73
56
33
15
-9
-24
-43
-62
-70
-104
-132
-142
-160
-194
-219
-240
-255
-268
-298
-329
-350
-360
-372
-392
-408
-407
-409
-410
-410
-408
-401
-387
-366
-351
-324
-288
-266
-240
-218
-197
-165
-137
-115
-81
-51
-37
-17
3
28
46
63
77
101
134
147
167
179
183
203
215
214
231
251
260
271
265
271
273
277
279
276
275
275
271
259
268
264
259
255
241
230
227
223
232
232
232
225
206
195
182
187
166
151
134
116
87
68
47
20
12
-12
-31
-51
-65
-85
-104
-120
-138
-148
-166
-174
-173
-174
-172
-184
-199
-214
-218
-220
-231
-234
-239
-246
-266
-283
-289
-288
-292
-306
-319
-326
-321
-323
-323
-331
-324
-317
-316
-318
-308
-294
-278
-273
-253
-219
-185
-148
-130
-87
-52
-20
5
30
72
100
127
143
162
194
214
227
233
237
245
249
252
256
269
279
294
304
308
324
325
327
327
331
333
321
311
308
310
310
295
280
270
259
244
229
222
205
191
176
156
142
133
110
88
79
61
53
33
15
-7
-24
-39
-59
-63
-70
-89
-99
-112
-123
-124
-133
-147
-151
-159
-162
-179
-187
-203
-216
-224
-241
-250
-245
-250
-267
-278
-283
-282
-290
-299
-309
-309
-300
-304
-306
-312
-310
-305
-307
-309
-301
-286
-275
-256
-240
-222
-195
-174
-150
-119
-85
-63
-33
-4
20
51
81
106
132
156
177
204
231
248
263
277
277
287
312
316
318
325
336
355
362
366
363
363
370
370
357
342
331
320
309
292
283
275
258
231
203
182
161
141
118
82
57
27
-1
-34
-59
-79
-99
-124
-150
-163
-185
-193
-207
-228
-241
-246
-258
-264
-270
-273
-268
-265
-255
-249
-239
-228
-221
-214
-212
-205
-196
-196
-183
-162
-156
-150
-151
-142
-138
-138
-136
-133
-131
-133
-124
-126
-118
-109
-98
-92
-86
-86
-83
-82
-73
-52
-36
-11
-1
13
35
57
71
94
112
137
160
182
200
217
248
260
276
281
299
317
321
329
338
341
327
315
311
309
301
278
262
248
231
222
208
189
171
151
132
106
79
54
33
22
5
-14
-34
-56
-71
-88
-104
-119
-140
-154
-170
-183
-202
-213
-220
-224
-227
-235
-242
-248
-249
-254
-256
-260
-262
-264
-268
-266
-254
-242
-229
-214
-192
-162
-147
-131
-118
-110
-98
-75
-61
-46
-35
-21
-2
9
19
24
32
27
26
26
27
28
25
19
9
16
9
12
11
11
15
7
8
8
15
29
27
41
62
77
98
102
121
139
153
167
184
201
217
228
233
248
258
266
264
259
258
253
245
226
212
196
180
162
133
117
96
78
60
44
31
20
4
-14
-31
-45
-63
-82
-101
-115
-129
-145
-156
-174
-178
-189
-203
-215
-226
-227
-228
-231
-230
-227
-224
-215
-213
-207
-188
-183
-181
-166
-147
-130
-113
-92
-80
-59
-32
-22
-11
3
16
30
43
49
58
63
76
82
82
81
82
88
86
80
81
77
82
80
66
66
59
59
58
50
50
40
34
34
31
29
29
36
40
41
39
46
53
69
80
89
105
122
132
126
130
141
143
154
164
162
159
160
150
141
133
128
106
87
73
61
44
34
21
-4
-18
-41
-66
-88
-103
-128
-147
-157
-173
-191
-208
-229
-243
-248
-254
-264
-270
-280
-276
-273
-266
-256
-250
-236
-232
-222
-218
-200
-181
-168
-148
-128
-110
-86
-74
-54
-34
-14
3
27
53
69
88
101
118
135
148
154
159
164
175
183
188
193
190
193
199
202
206
204
199
194
190
193
188
186
183
160
153
143
135
123
115
108
99
91
87
85
82
73
71
72
71
67
67
61
58
66
60
48
42
39
29
21
12
7
-7
-15
-33
-39
-44
-53
-64
-83
-94
-115
-121
-138
-156
-170
-175
-193
-215
-224
-227
-234
-256
-267
-275
-278
-291
-290
-290
-288
-287
-280
-271
-260
-237
-229
-206
-185
-166
-137
-112
-82
-56
-34
-14
6
28
51
78
100
116
131
139
148
163
183
188
196
200
198
198
199
205
210
205
207
212
204
205
209
205
205
201
203
204
204
204
204
204
206
198
186
175
168
156
154
136
117
107
82
64
53
44
30
21
7
-7
-21
-36
-49
-53
-62
-80
-93
-105
-115
-129
-138
-146
-146
-151
-163
-170
-176
-178
-178
-186
-189
-196
-207
-218
-231
-233
-242
-240
-246
-256
-249
-242
-243
-245
-244
-237
-230
-221
-207
-197
-183
-165
-149
-134
-117
-94
-70
-55
-28
-5
17
33
44
62
81
95
105
118
133
159
177
178
182
187
191
199
200
210
220
227
230
227
225
232
236
229
232
230
230
237
235
228
225
223
220
220
220
217
224
219
209
203
188
176
160
140
123
100
83
69
49
36
23
9
-9
-31
-55
-78
-92
-105
-118
-132
-141
-150
-162
-177
-191
-204
-212
-216
-228
-229
-230
-242
-255
-257
-269
-269
-274
-276
-275
-269
-260
-262
-252
-245
-241
-237
-232
-228
-215
-197
-184
-178
-164
-142
-132
-125
-118
-98
-78
-67
-47
-31
-9
9
17
27
52
67
88
101
115
132
144
160
164
166
174
175
178
179
178
182
185
187
190
189
196
199
205
210
218
224
224
231
227
225
222
216
222
224
219
223
223
230
234
223
210
202
191
175
154
139
125
112
94
77
58
42
17
-9
-35
-65
-80
-107
-135
-158
-175
-194
-213
-231
-246
-266
-277
-289
-308
-317
-326
-329
-331
-331
-332
-338
-334
-328
-321
-307
-292
-276
-260
-247
-235
-211
-192
-173
-161
-143
-130
-123
-105
-83
-61
-37
-22
-8
6
24
49
57
82
93
103
112
119
130
133
150
163
173
175
183
185
188
188
194
201
205
206
204
212
211
209
207
212
213
214
212
212
221
233
239
237
242
248
249
242
236
232
234
227
223
213
199
196
184
171
152
141
129
108
85
60
28
-4
-32
-67
-97
-130
-164
-198
-226
-262
-288
-306
-325
-350
-363
-380
-391
-394
-396
-397
-400
-392
-392
-385
-378
-363
-346
-333
-320
-310
-300
-281
-255
-229
-211
-192
-167
-146
-120
-94
-76
-54
-32
-14
6
31
46
63
81
82
106
111
123
134
140
153
155
168
172
179
184
190
189
189
194
193
192
196
198
203
196
193
194
189
193
194
200
207
204
200
202
205
205
202
201
202
203
203
210
215
216
214
215
204
193
186
172
152
141
124
104
93
72
57
41
22
-3
-28
-49
-70
-98
-124
-146
-167
-190
-214
-234
-249
-262
-278
-289
-302
-308
-306
-310
-310
-319
-324
-316
-315
-311
-301
-287
-285
-278
-267
-256
-240
-232
-216
-200
-175
-145
-123
-95
-72
-51
-26
-14
4
23
35
58
69
73
80
84
85
91
98
102
105
105
112
118
123
122
120
128
130
127
129
135
141
148
159
166
165
167
171
166
175
181
182
186
181
185
176
177
177
179
179
177
177
178
168
167
158
148
141
128
131
122
115
110
98
87
78
60
45
29
10
-14
-38
-62
-87
-112
-134
-155
-175
-193
-209
-227
-251
-270
-282
-297
-306
-312
-314
-316
-315
-318
-318
-316
-318
-313
-309
-302
-288
-276
-258
-231
-206
-188
-162
-135
-110
-80
-54
-33
-5
27
54
75
94
108
118
135
145
154
168
178
186
190
196
200
206
205
211
212
217
210
209
198
187
179
170
169
164
163
155
155
151
149
142
140
140
147
138
143
146
141
141
140
138
132
132
127
128
127
117
102
87
72
63
53
40
28
9
-7
-15
-27
-39
-51
-67
-82
-98
-112
-127
-143
-157
-172
-181
-195
-211
-229
-240
-251
-261
-273
-282
-289
-292
-296
-297
-290
-285
-279
-275
-268
-256
-240
-229
-214
-198
-183
-163
-141
-127
-110
-92
-74
-53
-33
-11
5
17
33
51
69
94
102
118
138
148
157
157
165
169
176
181
184
188
196
199
198
205
207
202
209
203
199
195
192
182
178
171
169
165
160
157
148
141
132
130
128
121
121
122
121
121
114
106
101
89
72
59
46
34
19
12
-1
-8
-18
-35
-47
-55
-67
-78
-92
-99
-105
-115
-128
-135
-141
-154
-168
-182
-192
-200
-207
-218
-214
-213
-212
-215
-224
-219
-216
-200
-197
-188
-175
-170
-161
-149
-139
-127
-121
-118
-111
-100
-88
-79
-77
-73
-61
-56
-44
-32
-22
-3
4
18
34
39
57
72
78
90
97
102
115
129
134
141
151
155
155
157
160
165
168
168
171
169
170
169
163
154
149
143
141
137
138
136
132
128
118
113
102
93
91
86
77
69
69
65
60
47
42
36
31
23
14
14
4
-5
-12
-24
-32
-44
-55
-63
-70
-81
-93
-111
-113
-115
-129
-128
-137
-134
-134
-143
-150
-153
-154
-156
-151
-151
-147
-146
-138
-132
-130
-121
-111
-97
-87
-74
-66
-57
-54
-48
-40
-33
-26
-25
-20
-14
-7
-15
-4
1
-5
-6
5
10
17
17
16
14
11
9
13
18
24
31
34
40
48
53
56
61
72
77
88
103
106
116
119
123
128
131
130
128
125
124
120
126
123
115
108
99
91
81
72
58
51
46
43
31
19
9
-2
-10
-20
-33
-36
-42
-45
-52
-57
-58
-64
-73
-80
-88
-94
-98
-100
-104
-109
-113
-116
-115
-112
-98
-95
-93
-84
-83
-78
-70
-62
-51
-44
-31
-21
-18
-8
-1
-5
3
4
10
14
10
13
12
6
1
-4
-3
-3
-1
0
4
10
14
16
17
18
16
14
10
6
10
12
10
3
9
15
18
19
26
36
37
50
55
61
72
82
88
102
103
111
116
118
124
126
124
121
116
110
102
90
81
75
68
57
46
37
26
10
-4
-20
-42
-55
-66
-79
-87
-93
-102
-110
-115
-122
-122
-116
-112
-113
-122
-123
-119
-115
-109
-104
-102
-103
-94
-90
-95
-90
-79
-74
-61
-53
-45
-35
-33
-23
-22
-17
-9
2
20
32
47
54
60
68
76
82
83
86
90
94
88
76
74
67
60
55
49
43
34
20
13
8
0
-5
-8
-5
-3
-10
-11
-17
-15
-12
-16
-10
-9
-8
-5
-5
-6
-8
0
7
15
21
24
37
39
48
50
49
46
48
50
52
51
46
45
34
25
12
9
0
-13
-18
-26
-37
-46
-56
-62
-70
-74
-76
-82
-89
-93
-92
-92
-87
-92
-90
-87
-88
-89
-79
-74
-70
-61
-53
-44
-33
-24
-13
-6
4
17
33
44
49
57
71
83
91
99
105
114
121
122
130
137
139
135
126
121
114
112
110
101
93
83
72
68
57
41
33
25
13
-1
-12
-21
-31
-39
-44
-48
-51
-59
-61
-61
-60
-56
-49
-50
-42
-35
-30
-25
-34
-28
-29
-25
-24
-17
-11
-7
0
1
2
6
0
-5
-2
0
0
-6
-4
-15
-25
-28
-38
-50
-61
-67
-73
-82
-97
-101
-102
-112
-117
-122
-119
-118
-110
-110
-111
-104
-100
-100
-93
-79
-73
-65
-62
-59
-50
-42
-33
-22
-13
-5
2
12
21
27
29
33
44
47
51
64
73
84
92
100
109
118
125
127
131
130
136
133
131
128
120
123
124
118
114
115
108
106
101
90
81
73
71
65
58
54
48
44
42
36
30
23
12
9
1
-7
-17
-22
-22
-22
-19
-18
-15
-16
-21
-20
-10
-5
-5
-13
-11
-14
-18
-23
-36
-43
-54
-60
-61
-72
-80
-90
-104
-116
-123
-134
-138
-136
-136
-134
-133
-130
-124
-122
-115
-111
-111
-110
-101
-91
-92
-90
-85
-75
-66
-62
-59
-52
-42
-35
-24
-16
-2
10
22
36
38
45
51
60
65
70
75
80
86
106
111
112
122
120
124
126
127
133
134
130
129
127
123
116
113
107
101
100
94
96
91
83
75
68
66
65
58
58
53
48
34
21
14
4
-8
-19
-14
-22
-30
-34
-43
-46
-50
-56
-60
-64
-73
-77
-84
-85
-92
-101
-111
-121
-130
-137
-139
-139
-141
-138
-140
-145
-135
-136
-133
-128
-118
-114
-100
-92
-91
-77
-69
-63
-58
-55
-47
-39
-28
-15
-10
1
16
24
36
46
53
62
71
85
84
85
85
89
95
97
97
96
99
101
103
105
105
98
95
96
97
103
111
112
111
101
91
87
77
76
72
66
57
46
37
33
28
18
18
16
16
17
21
19
23
28
26
30
33
23
16
10
4
-1
-8
-12
-23
-24
-29
-36
-38
-48
-53
-63
-71
-74
-84
-92
-97
-106
-109
-112
-115
-115
-117
-116
-115
-112
-111
-113
-108
-105
-105
-105
-104
-95
-88
-81
-72
-68
-52
-45
-41
-31
-19
-19
-13
-1
-3
5
15
25
35
38
44
47
51
50
49
53
61
64
59
60
61
61
61
57
61
63
64
64
66
68
62
54
54
48
42
44
43
47
47
50
54
53
54
47
53
48
41
44
44
43
39
35
38
39
41
37
36
31
29
31
29
28
27
23
15
12
10
3
-3
-6
-11
-16
-26
-31
-38
-44
-51
-56
-63
-74
-79
-95
-100
-107
-116
-117
-115
-124
-131
-126
-127
-125
-125
-119
-108
-101
-92
-80
-73
-63
-55
-44
-30
-20
-16
-9
-2
2
12
21
32
44
54
62
68
77
83
92
93
91
93
97
98
98
94
98
95
90
91
90
89
89
87
80
79
71
61
52
42
36
31
25
22
24
20
23
24
17
15
12
10
10
11
19
22
23
25
22
23
26
28
25
22
22
19
14
12
11
6
0
-4
-6
-11
-12
-16
-28
-40
-54
-66
-77
-85
-109
-120
-122
-134
-139
-146
-149
-156
-153
-155
-157
-158
-154
-146
-141
-134
-119
-109
-106
-94
-87
-80
-74
-65
-54
-43
-30
-24
-9
2
14
23
29
36
47
56
62
65
76
86
87
89
92
95
100
102
98
94
95
99
101
108
109
110
106
100
98
91
85
77
77
68
66
57
47
46
38
38
35
31
29
32
38
42
36
39
39
44
48
47
50
50
52
53
43
45
43
44
45
39
34
28
26
16
15
4
3
0
-13
-25
-42
-54
-65
-74
-89
-104
-110
-126
-130
-134
-141
-141
-139
-133
-134
-136
-135
-131
-126
-118
-114
-102
-93
-82
-72
-64
-55
-53
-46
-45
-34
-27
-20
-13
-4
5
5
9
12
17
20
21
23
23
26
32
26
25
31
31
34
36
42
46
44
54
64
68
71
72
71
68
68
68
66
66
63
61
58
55
49
49
48
48
45
43
47
50
46
48
45
45
51
42
43
39
39
41
39
36
33
33
30
19
14
8
1
2
-6
-8
-16
-21
-21
-34
-37
-41
-50
-51
-60
-60
-68
-75
-81
-88
-90
-91
-94
-95
-95
-94
-90
-90
-91
-94
-97
-93
-91
-86
-80
-71
-63
-63
-60
-57
-51
-42
-39
-32
-25
-5
6
9
13
19
24
33
31
36
42
46
48
50
60
63
63
70
68
72
73
72
70
68
68
66
70
72
74
69
68
64
66
60
63
62
64
75
77
78
82
87
86
88
88
87
84
87
86
74
74
75
70
66
67
62
53
45
30
20
13
4
-7
-17
-29
-44
-52
-70
-81
-93
-106
-110
-122
-129
-138
-141
-141
-134
-135
-138
-133
-131
-128
-131
-127
-127
-128
-128
-123
-121
-116
-108
-105
-109
-108
-107
-100
-97
-89
-72
-60
-49
-38
-26
-21
-13
-3
6
11
16
16
18
25
39
46
51
56
56
65
71
76
80
82
80
82
86
82
86
93
97
93
96
96
96
97
99
100
104
108
108
107
105
104
112
108
103
102
95
92
81
72
71
64
66
60
51
50
42
44
43
34
29
30
22
17
5
-8
-19
-23
-31
-42
-57
-68
-76
-82
-85
-97
-106
-109
-114
-113
-120
-125
-123
-131
-128
-130
-135
-134
-129
-125
-125
-116
-109
-99
-89
-85
-74
-68
-64
-55
-46
-40
-33
-25
-14
-13
-4
4
6
10
8
14
21
29
32
39
41
38
44
40
45
48
52
56
54
51
50
45
41
43
38
37
37
39
32
33
37
39
43
47
59
64
67
80
82
84
85
86
84
86
84
85
87
86
83
80
75
66
62
58
53
46
38
28
25
22
13
8
5
-5
-19
-25
-41
-52
-59
-62
-65
-71
-73
-77
-82
-86
-86
-92
-98
-98
-107
-110
-104
-103
-100
-102
-103
-98
-94
-94
-93
-86
-76
-72
-63
-54
-47
-40
-37
-26
-26
-24
-15
-12
-7
-7
-9
-6
-3
0
1
6
9
12
14
19
26
28
36
42
46
51
49
55
52
56
59
62
65
64
68
69
70
66
65
70
68
69
74
74
80
79
81
80
77
76
74
73
68
72
69
66
60
59
59
55
48
41
36
29
20
14
4
-2
-10
-19
-21
-30
-35
-43
-53
-54
-67
-77
-78
-81
-84
-85
-88
-90
-89
-95
-95
-100
-100
-102
-102
-101
-102
-97
-91
-85
-79
-73
-70
-65
-60
-53
-51
-39
-32
-26
-18
-13
-12
-9
2
6
6
10
16
20
21
30
34
37
38
36
42
41
44
47
47
48
46
43
47
48
57
61
56
58
60
59
55
56
58
62
60
54
51
49
47
44
42
44
39
38
45
46
43
38
40
35
28
25
22
21
19
19
11
4
5
3
5
3
-3
-14
-20
-21
-32
-37
-39
-43
-41
-48
-55
-59
-58
-64
-66
-64
-66
-69
-66
-68
-64
-62
-61
-57
-62
-61
-63
-65
-57
-55
-49
-44
-49
-43
-43
-39
-36
-33
-30
-28
-20
-16
-12
-5
1
5
11
16
18
18
22
28
27
32
34
40
44
44
42
45
46
48
50
53
55
50
55
51
49
50
51
54
51
43
45
48
49
47
44
42
44
47
47
50
41
39
34
28
24
23
18
19
16
13
8
0
-5
-12
-19
-25
-25
-30
-35
-40
-36
-41
-44
-45
-54
-58
-59
-59
-58
-56
-53
-53
-50
-48
-40
-35
-29
-31
-27
-29
-34
-32
-32
-28
-24
-24
-22
-17
-21
-19
-19
-19
-14
-11
-2
2
10
14
16
13
14
21
24
27
30
29
36
41
40
49
55
57
58
56
55
56
57
57
50
48
47
41
35
33
29
20
14
7
0
-6
-14
-13
-13
-14
-15
-17
-18
-17
-13
-16
-15
-12
-10
-8
-8
-7
-6
-6
-12
-14
-15
-18
-21
-23
-26
-27
-30
-33
-36
-43
-42
-43
-46
-46
-44
-42
-42
-36
-36
-28
-36
-34
-33
-38
-33
-28
-31
-33
-34
-31
-31
-27
-26
-25
-22
-23
-24
-19
-13
-14
-9
-10
-8
1
0
5
15
21
28
30
32
34
39
40
41
41
46
45
44
47
44
46
48
53
59
57
58
60
63
60
62
65
64
67
64
62
62
59
52
52
52
42
37
35
35
32
29
28
28
24
17
16
15
11
2
2
-11
-14
-18
-31
-35
-41
-44
-49
-48
-44
-46
-48
-47
-44
-41
-38
-38
-40
-40
-33
-33
-38
-40
-44
-45
-49
-49
-52
-52
-53
-51
-55
-57
-56
-59
-54
-55
-55
-49
-46
-46
-51
-44
-44
-45
-41
-41
-31
-25
-21
-17
-14
-11
-5
0
4
8
10
12
19
22
23
28
33
37
44
41
41
45
52
58
58
62
62
64
65
65
65
63
62
59
63
57
55
59
55
51
47
49
48
46
44
44
44
35
34
29
22
18
14
5
1
-2
-4
-14
-17
-18
-18
-20
-21
-21
-25
-24
-34
-32
-26
-31
-34
-32
-39
-41
-46
-53
-58
-60
-56
-60
-60
-59
-61
-62
-58
-59
-61
-62
-58
-58
-55
-50
-54
-57
-58
-56
-50
-47
-42
-37
-38
-31
-27
-18
-10
-1
9
18
25
28
32
33
43
44
45
56
57
57
61
61
64
67
67
69
65
72
74
77
77
76
69
69
71
75
75
73
78
70
71
69
65
57
50
44
37
31
24
15
14
10
6
-2
-4
-6
-14
-18
-23
-30
-31
-37
-39
-43
-47
-49
-50
-55
-58
-65
-66
-66
-67
-70
-73
-73
-73
-74
-75
-72
-72
-73
-69
-68
-68
-58
-61
-60
-56
-46
-44
-46
-37
-30
-26
-25
-26
-23
-19
-15
-13
-10
-8
-4
2
5
9
11
18
20
19
20
19
22
31
31
36
41
43
42
40
38
38
40
34
33
36
42
45
55
54
53
53
56
58
52
60
68
67
65
65
61
61
59
54
45
40
37
31
25
24
19
17
18
13
14
9
4
1
-3
-1
-9
-17
-22
-23
-22
-27
-24
-34
-40
-35
-43
-43
-46
-45
-41
-42
-47
-50
-54
-55
-51
-55
-56
-49
-50
-47
-38
-39
-32
-28
-28
-25
-30
-30
-25
-30
-33
-33
-31
-33
-30
-27
-29
-27
-30
-25
-22
-17
-11
-2
4
13
20
23
24
23
25
23
24
23
29
33
35
41
44
44
46
45
41
42
40
39
41
44
43
43
41
40
35
31
33
27
20
20
19
18
15
16
17
22
20
15
15
14
11
3
3
1
6
7
9
8
5
3
-2
-4
-4
-14
-12
-8
-11
-9
-16
-16
-19
-25
-32
-36
-41
-44
-51
-48
-45
-50
-50
-52
-52
-47
-48
-48
-44
-43
-37
-35
-33
-29
-31
-32
-34
-36
-35
-34
-35
-31
-32
-28
-26
-25
-25
-26
-24
-21
-24
-22
-18
-12
-4
-1
1
4
11
10
16
18
23
30
33
40
41
47
53
62
62
62
65
73
79
79
83
78
73
78
76
73
79
75
73
71
68
62
62
59
54
49
48
42
40
34
28
23
19
16
9
3
-8
-13
-16
-17
-26
-27
-34
-39
-39
-37
-44
-48
-50
-52
-54
-58
-56
-58
-60
-66
-68
-73
-70
-69
-68
-63
-57
-56
-54
-56
-53
-46
-42
-42
-38
-34
-36
-35
-39
-39
-35
-32
-31
-27
-24
-23
-12
-9
-3
3
9
13
19
25
30
37
45
47
50
58
60
58
60
64
60
57
55
53
50
46
45
41
37
37
31
27
19
16
15
12
10
7
4
3
-2
-5
-8
-6
-9
-3
2
8
12
11
11
7
5
5
4
5
5
0
0
-8
-7
-9
-9
-10
-16
-13
-16
-23
-23
-22
-23
-24
-25
-26
-33
-33
-36
-38
-39
-35
-38
-34
-34
-33
-29
-30
-28
-29
-24
-23
-22
-23
-21
-24
-27
-29
-31
-31
-28
-28
-28
-28
-27
-25
-17
-8
3
8
11
17
18
22
27
31
36
38
38
43
40
41
44
42
42
37
32
33
35
31
28
29
17
16
15
17
20
23
26
23
29
30
34
37
34
35
36
35
39
38
41
43
41
41
39
40
34
33
30
26
21
16
15
12
9
3
0
-4
-8
-15
-16
-18
-20
-25
-27
-23
-22
-21
-21
-23
-25
-24
-25
-34
-41
-47
-51
-53
-60
-61
-66
-72
-73
-79
-80
-77
-73
-65
-66
-63
-61
-57
-54
-55
-55
-51
-44
-43
-38
-35
-29
-26
-21
-15
-12
-7
-6
-2
2
5
10
16
17
23
26
31
33
40
45
47
52
49
47
47
48
47
49
51
61
65
66
66
67
66
64
66
64
63
65
59
59
57
49
43
39
38
39
39
36
29
27
21
18
16
10
3
-3
-6
-11
-10
-9
-8
-1
0
-5
-7
-9
-12
-14
-20
-32
-37
-40
-37
-39
-44
-43
-44
-45
-54
-53
-53
-57
-50
-45
-45
-48
-43
-44
-45
-40
-41
-45
-44
-47
-55
-53
-55
-51
-46
-41
-35
-32
-26
-23
-20
-16
-13
-5
-4
6
16
20
27
26
29
31
34
35
37
41
40
42
41
35
35
33
35
29
30
26
23
27
28
28
25
20
22
26
20
16
14
13
14
12
13
15
21
25
20
22
24
19
18
18
20
17
18
16
16
11
13
12
9
10
11
12
6
5
3
-5
-12
-9
-13
-13
-15
-13
-17
-20
-19
-22
-21
-21
-22
-22
-21
-21
-23
-30
-35
-42
-32
-32
-37
-30
-32
-30
-27
-26
-25
-24
-22
-20
-21
-19
-20
-20
-19
-15
-15
-14
-16
-15
-17
-15
-15
-9
-6
-5
-2
1
5
10
17
21
25
27
34
33
34
34
29
21
20
13
8
10
10
10
13
14
16
15
15
18
16
17
20
21
18
23
24
27
30
24
20
20
12
10
10
5
3
1
2
3
6
3
2
0
0
0
1
0
-1
0
2
-1
-4
-4
-5
-1
-1
4
6
7
6
6
4
0
-1
-1
-7
-7
-10
-15
-23
-26
-30
-33
-35
-36
-34
-32
-36
-36
-39
-41
-37
-38
-33
-31
-25
-24
-26
-16
-11
-10
-5
-5
-1
0
5
4
7
9
11
10
14
16
17
16
13
17
14
19
17
18
20
20
22
24
24
24
23
21
21
15
18
20
22
24
22
20
17
18
15
11
13
11
12
12
12
14
10
10
8
3
4
2
3
-2
-8
-10
-12
-12
-13
-10
-9
-12
-11
-18
-17
-17
-15
-15
-16
-16
-18
-16
-18
-22
-25
-22
-24
-28
-27
-28
-27
-23
-24
-26
-24
-23
-23
-24
-23
-20
-17
-14
-12
-4
2
1
10
5
4
6
1
3
0
6
8
8
9
12
7
11
16
14
18
21
28
28
28
27
25
26
31
33
34
40
45
48
50
49
53
49
46
41
37
35
26
24
19
15
10
2
3
0
-9
-8
-12
-18
-20
-21
-19
-16
-19
-20
-24
-26
-28
-24
-27
-27
-25
-24
-24
-19
-17
-18
-12
-16
-15
-14
-14
-15
-19
-20
-20
-26
-26
-26
-27
-29
-32
-30
-29
-27
-22
-23
-21
-18
-17
-17
-15
-11
-12
-14
-10
-11
-11
-9
-6
-8
-9
-8
-3
-2
-3
2
1
5
4
4
7
13
16
14
14
17
17
18
20
21
25
22
23
26
29
29
30
33
35
32
31
34
33
28
28
25
25
24
19
17
16
13
13
10
5
6
3
3
4
0
2
-1
3
2
-3
-3
-5
-4
-2
-2
-3
-2
-5
-6
-9
-7
-8
-8
-7
-9
-10
-14
-18
-20
-23
-23
-23
-25
-26
-27
-27
-30
-28
-28
-28
-27
-26
-25
-23
-16
-15
-12
-9
-5
-2
-3
-1
1
-1
1
-1
0
-1
-1
-2
0
1
7
5
5
9
11
18
19
21
21
23
22
24
21
20
18
18
17
15
13
13
11
13
13
9
12
12
12
13
13
15
13
13
13
8
10
8
10
10
5
7
6
5
4
3
4
2
0
-1
0
0
-4
-4
-8
-12
-15
-15
-14
-12
-9
-10
-11
-11
-12
-14
-13
-12
-12
-11
-12
-15
-14
-15
-12
-11
-14
-13
-12
-9
-10
-9
-7
-11
-9
-14
-13
-15
-10
-10
-13
-9
-12
-10
-10
-13
-14
-15
-12
-10
-12
-9
-6
-5
-2
0
1
3
1
4
7
7
9
8
9
6
4
7
5
9
9
10
12
15
17
21
23
19
19
17
15
14
13
10
14
13
10
11
8
5
5
7
7
11
13
15
16
16
16
15
18
15
12
11
9
7
5
4
3
4
3
2
-1
-3
-2
-4
-7
-9
-9
-8
-6
-10
-10
-14
-16
-14
-11
-14
-15
-14
-14
-14
-17
-18
-18
-18
-18
-15
-14
-16
-18
-20
-20
-18
-15
-13
-11
-6
-4
-5
-5
-2
-6
-5
-3
-2
2
1
7
7
6
8
5
8
12
12
13
13
13
15
14
15
16
12
14
14
12
14
15
18
18
16
17
15
14
13
10
9
8
7
6
7
4
5
5
2
2
-5
-10
-12
-15
-14
-12
-13
-16
-15
-13
-16
-18
-22
-22
-19
-16
-15
-13
-12
-12
-11
-11
-11
-10
-9
-8
-6
-5
-3
-3
-3
-1
-5
-7
-9
-9
-10
-8
-6
-4
-4
-2
-2
-5
-4
-2
1
1
2
1
4
2
6
7
9
12
12
15
15
15
17
18
19
20
21
21
24
24
22
19
19
21
18
15
13
11
11
12
14
10
9
10
13
12
9
10
8
5
6
4
4
1
-2
-1
-4
-4
-8
-11
-11
-10
-14
-15
-17
-17
-20
-21
-22
-22
-22
-23
-22
-19
-17
-17
-17
-16
-16
-15
-14
-12
-14
-10
-9
-7
-4
-3
-3
-4
-3
-5
-7
-8
-8
-8
-5
-5
-5
-2
-1
-2
-4
-3
-3
-3
1
1
3
7
9
10
8
9
9
6
7
9
9
11
10
11
12
12
13
15
14
14
14
14
15
17
18
15
14
14
13
8
7
7
6
6
7
3
3
4
4
6
4
4
2
2
1
3
1
1
0
0
-2
-3
-5
-6
-4
-5
-5
-4
-5
-5
-5
-4
-3
-3
-4
-5
-5
-1
-2
-2
-2
-4
-1
0
0
0
1
0
-2
-4
-5
-5
-6
-7
-7
-8
-10
-12
-10
-10
-10
-10
-10
-9
-10
-8
-8
-9
-7
-8
-6
-7
-9
-10
-11
-11
-13
-14
-12
-8
-8
-9
-10
-7
-4
-3
-1
-1
0
2
4
5
5
4
5
6
4
6
7
11
11
11
10
9
10
9
12
15
16
16
17
14
13
13
13
13
12
9
9
7
6
4
4
5
4
4
3
3
3
6
7
8
9
7
8
4
5
5
2
4
4
2
1
-1
-1
-1
-4
-5
-7
-10
-12
-13
-12
-13
-15
-13
-12
-12
-12
-13
-12
-13
-13
-14
-12
-10
-11
-13
-12
-13
-14
-15
-13
-11
-12
-8
-5
-4
-1
0
1
1
-1
-1
-1
1
4
5
5
5
4
6
8
10
11
12
16
17
17
19
21
21
20
19
20
19
19
16
14
11
11
8
7
4
1
2
-1
-1
-1
-2
-1
-1
-1
0
-4
-4
-6
-7
-8
-6
-5
-7
-5
-8
-11
-8
-7
-7
-8
-10
-8
-5
-9
-9
-9
-8
-7
-6
-6
-6
-5
-4
-4
-7
-7
-7
-6
-5
-5
-8
-9
-10
-9
-10
-10
-9
-8
-10
-8
-5
-2
-3
-4
-5
-4
-2
-1
-2
-1
-1
0
4
6
7
6
9
11
12
12
12
14
12
11
13
12
12
12
13
13
12
12
12
11
9
10
11
13
12
11
10
10
10
11
11
10
10
9
8
7
5
4
3
4
4
4
5
4
-1
-2
-1
-5
-5
-4
-5
-7
-6
-7
-8
-8
-9
-10
-9
-7
-8
-8
-5
-5
-5
-3
-5
-3
-4
-6
-7
-7
-8
-11
-11
-11
-13
-14
-11
-10
-13
-12
-12
-9
-7
-9
-8
-7
-7
-7
-8
-7
-7
-8
-7
-6
-6
-6
-5
-6
-6
-6
-7
-8
-9
-8
-7
-6
-4
-4
-5
-5
-5
-6
-4
-3
-1
-1
2
3
6
8
8
9
9
10
12
15
16
16
12
12
14
13
15
15
16
16
15
15
17
15
14
12
12
10
6
5
5
2
3
3
2
1
2
2
2
2
2
1
1
-1
-2
0
0
2
1
2
0
0
0
-3
-2
-3
-2
0
1
1
2
-1
-2
0
-1
-2
-2
-5
-4
-6
-7
-10
-6
-4
-3
-3
-3
-4
-4
-3
-5
-4
-4
-3
-3
-3
-3
-3
-2
0
0
-2
-4
-4
-5
-4
-2
-1
-1
-1
-2
-2
0
-1
-1
2
3
7
7
9
8
9
9
8
5
5
4
4
4
3
3
3
3
0
-2
-1
-1
-2
-2
-1
0
2
4
4
4
3
4
5
6
6
6
6
5
5
6
3
4
2
0
-1
-4
-5
-8
-10
-12
-12
-12
-14
-15
-14
-13
-13
-12
-13
-11
-12
-12
-11
-11
-11
-10
-10
-10
-9
-8
-9
-11
-13
-14
-14
-10
-9
-8
-8
-9
-8
-9
-7
-7
-7
-5
-4
-2
0
0
1
6
6
8
7
8
9
12
14
14
15
17
18
16
16
14
12
12
9
9
11
10
12
10
11
8
7
6
8
9
9
11
11
10
10
11
11
14
13
10
10
12
12
11
11
13
14
14
13
13
12
11
11
7
4
2
0
0
-2
-3
-2
-3
-5
-4
-5
-4
-3
-4
-7
-6
-6
-7
-7
-7
-6
-6
-9
-7
-9
-10
-12
-16
-16
-17
-16
-15
-15
-13
-13
-14
-12
-13
-14
-13
-16
-17
-16
-15
-15
-14
-14
-13
-13
-12
-12
-9
-8
-6
-5
-3
-3
-1
-2
-3
-2
-1
0
-1
1
3
4
3
2
1
2
4
4
4
6
7
8
7
6
4
3
4
2
4
4
4
4
2
3
3
2
3
5
7
5
6
8
7
7
7
7
4
4
4
4
4
2
3
2
1
2
5
4
5
4
5
6
5
8
6
7
6
5
6
6
7
6
8
10
8
7
9
6
5
4
5
4
2
2
1
-1
-2
-4
-4
-7
-8
-8
-7
-6
-7
-5
-4
-3
-4
-4
-6
-6
-6
-9
-8
-8
-7
-7
-8
-8
-7
-6
-7
-6
-6
-3
0
2
6
7
6
6
3
4
7
6
7
10
11
13
11
10
10
7
6
4
5
4
4
2
1
3
1
2
1
1
0
1
-1
-5
-6
-7
-8
-8
-8
-9
-8
-9
-8
-7
-8
-7
-8
-10
-11
-11
-10
-10
-10
-10
-11
-9
-12
-13
-10
-9
-7
-6
-5
-4
-4
-2
-1
-2
-2
0
0
-1
-3
-1
-1
-3
-3
-5
-3
-4
-4
-4
-3
-2
-3
-1
1
3
4
8
8
8
9
10
11
12
14
15
16
15
16
16
15
14
14
12
12
12
10
10
11
11
10
11
10
8
7
6
5
5
6
8
7
6
4
3
2
2
2
-1
1
0
0
2
1
2
-1
-1
-2
-3
-5
-7
-8
-8
-9
-9
-10
-12
-13
-12
-13
-16
-16
-16
-15
-15
-15
-12
-12
-9
-8
-10
-9
-7
-7
-7
-6
-5
-4
-5
-6
-6
-5
-5
-6
-7
-6
-8
-7
-6
-5
-2
-2
-2
-2
-1
0
2
3
4
5
5
6
5
5
6
7
7
7
7
4
5
4
4
3
4
5
4
4
3
3
2
3
1
2
2
3
3
5
5
5
8
8
9
9
7
8
8
8
8
7
5
6
6
5
5
5
2
3
2
4
6
5
4
2
2
1
0
-1
0
-1
-2
0
2
1
0
-1
-1
-3
-3
-4
-4
-4
-3
-4
-3
-2
-3
-5
-5
-4
-2
-1
0
0
-2
-3
-4
-3
-3
-4
-4
-3
-2
-2
-1
0
0
0
-1
-1
-2
-4
-2
0
-2
-2
-3
-4
-4
-6
-4
-3
-4
-2
-5
-5
-4
-5
-7
-7
-7
-7
-9
-7
-6
-6
-7
-6
-3
-4
-4
-5
-6
-4
-4
-2
1
1
0
1
2
4
3
3
4
5
9
8
11
13
12
12
11
13
12
12
9
8
6
5
3
5
5
4
5
5
3
1
-1
-1
0
1
4
5
4
2
1
1
3
0
0
0
-2
0
0
-2
-1
-2
-2
-2
-2
-3
-4
-4
-4
-4
-3
-3
-3
-4
-4
-4
-6
-4
-4
-3
-2
-1
0
-1
-2
0
0
0
0
-1
-1
0
2
-1
1
2
3
3
1
-1
2
2
2
3
5
6
7
7
7
5
4
3
4
4
1
0
1
0
-3
-3
-2
-5
-7
-7
-6
-7
-6
-7
-6
-6
-4
-5
-8
-7
-9
-7
-9
-7
-6
-6
-6
-7
-7
-7
-7
-9
-5
-6
-5
-3
-4
-4
-4
-3
-4
-3
-4
-4
-1
-2
-2
-1
0
0
0
0
1
2
3
5
