0
-1
0
0
0
0
0
1
0
-1
-1
-1
-1
-1
-2
-1
0
0
-2
0
1
0
1
1
0
0
0
0
0
1
2
1
0
0
-1
0
0
-1
-1
-1
-2
-1
-1
2
2
2
2
2
0
-1
1
2
1
0
0
-1
0
1
0
-1
-1
-1
0
0
-1
1
-1
1
1
0
0
-1
-2
-2
-1
-2
-2
-1
-2
-2
0
-1
-1
-1
-1
-1
-1
-1
0
-1
0
-1
-1
0
0
0
-1
-1
1
1
0
-1
-2
-1
-2
-1
-1
0
1
0
0
2
2
2
2
2
2
1
0
1
2
1
0
2
2
1
1
1
1
1
-1
-1
-1
1
0
-1
1
0
1
1
0
1
1
1
1
2
1
0
1
2
1
1
3
2
2
3
3
2
4
2
2
1
0
-1
-1
-1
-1
-1
-1
-1
0
-2
-1
-1
-1
-1
-1
-1
-1
-1
0
1
0
1
2
2
1
1
0
0
0
-1
0
-2
-1
-3
-2
-1
-1
-1
-1
-1
-2
-2
-3
-4
-3
-3
-3
-4
-3
-3
-4
-2
-3
-4
-2
-3
-2
-2
-2
-2
-3
-1
0
0
0
1
1
-1
0
-1
1
2
0
-1
1
0
-1
0
2
2
3
4
2
3
4
3
2
2
1
2
1
0
1
2
2
2
2
0
-1
1
1
2
2
1
1
1
2
3
4
2
1
2
0
1
1
0
1
0
1
2
1
0
3
2
2
3
3
1
-1
0
-2
-1
-2
-1
-3
-2
-2
-1
-1
0
-1
-2
-1
-3
-1
-2
-2
-1
-1
-1
-1
1
-1
-1
-1
-2
-2
-1
-1
-1
-2
-3
-1
0
0
-1
0
-1
-1
-1
1
1
0
1
-1
1
-1
0
1
1
0
0
0
-1
0
-1
-1
-2
-1
-3
-2
-2
-1
-1
-2
-1
0
0
-1
0
0
0
0
2
1
1
0
0
0
-1
-1
-1
0
0
0
1
2
2
1
1
2
1
2
3
1
3
2
2
1
1
-1
0
0
-1
0
1
1
1
1
-1
-1
-1
0
0
0
0
-1
1
0
1
0
2
0
1
1
0
3
1
0
0
-1
0
-1
-1
0
1
0
0
-1
0
-1
-2
-1
-2
-1
0
0
0
0
1
0
0
-1
0
-1
1
-1
-2
-1
-2
-1
-1
0
1
-1
2
1
0
1
1
1
1
1
1
2
3
3
2
1
2
2
1
1
1
-1
-1
-1
0
-2
-2
-1
-3
-3
-1
-1
-2
-2
-2
-2
-2
0
-2
-3
-3
-3
-3
-2
-2
0
-1
-1
-2
-2
-1
-1
0
0
1
2
0
0
-1
-1
-1
-1
0
-1
-1
0
-1
-1
0
-1
0
2
2
0
1
1
0
0
1
2
3
2
2
2
2
3
3
1
0
2
1
2
1
2
2
1
1
1
2
1
1
0
-1
-1
-1
-1
-1
0
1
0
0
0
0
-1
1
1
-1
1
0
0
0
0
0
1
2
1
0
0
-1
0
0
-2
1
2
0
-2
1
3
0
1
1
1
-2
-1
0
0
1
1
-1
1
-1
-2
-2
0
1
-1
-1
0
0
-1
-1
-1
-2
-2
-1
2
1
1
1
1
0
-2
1
-1
-2
-1
1
-1
0
2
2
1
0
2
0
-1
3
1
-3
-2
1
-2
-3
-1
-1
-5
-1
0
-3
-2
1
0
-6
-1
0
-6
-1
0
-5
0
4
-3
-2
2
-2
-4
1
0
-4
2
4
-2
-1
2
1
-1
1
2
0
-1
2
-1
-1
0
1
-2
1
5
-2
1
5
-2
1
5
-2
-3
6
3
-2
2
3
-4
2
3
-6
1
5
-2
-2
1
2
0
1
1
-1
0
0
-2
-4
0
3
-1
-2
1
6
-3
-6
3
1
-4
-3
0
-4
-2
1
-1
1
-1
-3
1
0
-3
-2
1
3
0
0
-2
1
3
0
-1
4
4
-4
-2
3
2
0
-2
0
5
2
-2
2
4
1
-3
0
1
-3
4
3
-5
1
2
0
0
-1
-1
-2
-1
2
-5
-2
-2
-1
-2
-2
4
2
-4
-5
3
2
-7
-2
3
-1
-2
2
2
0
-1
2
1
1
3
4
4
-4
1
4
1
-4
4
2
-1
5
5
-2
5
1
-1
1
1
1
0
5
3
-2
-2
5
-2
-5
1
5
-6
-3
4
-5
-7
2
-2
-4
2
0
-5
-1
1
-7
5
5
-7
-1
9
-6
-10
9
5
-14
4
11
-8
-5
11
-3
-7
5
5
-3
0
7
-4
-3
2
1
5
0
-4
8
3
-7
3
5
-5
-5
7
-1
-2
1
9
1
-5
3
4
-4
0
11
1
-12
7
9
-20
4
12
-16
1
16
-12
-10
15
-2
-10
8
6
-6
2
4
-8
3
3
-3
4
3
-9
2
2
-1
0
2
2
-7
-1
2
-2
-7
-2
2
-2
-5
5
3
-5
-1
9
-5
-4
0
1
-6
-4
7
-4
-9
12
0
-21
10
18
-26
1
30
-27
-15
37
-16
-35
40
4
-52
29
30
-56
5
47
-42
-21
53
-15
-42
43
7
-43
24
26
-41
5
39
-41
-10
46
-23
-35
43
0
-46
28
18
-47
10
42
-43
-3
45
-28
-20
47
-15
-32
44
12
-55
36
31
-67
21
54
-52
-10
71
-40
-41
66
-7
-61
70
9
-74
66
28
-86
47
55
-94
29
79
-87
-1
107
-75
-36
108
-33
-76
112
-13
-85
88
22
-90
60
43
-99
30
75
-90
8
78
-77
-14
82
-53
-44
89
-39
-57
78
-6
-86
76
16
-96
58
61
-101
15
97
-105
-24
128
-87
-49
125
-58
-73
126
-27
-96
108
2
-112
95
32
-125
81
48
-126
57
86
-128
19
108
-115
-24
123
-80
-60
116
-49
-83
114
-34
-89
113
-28
-95
111
2
-121
103
25
-138
92
63
-145
51
88
-142
36
96
-120
-3
107
-81
-47
121
-44
-79
88
10
-105
68
39
-96
59
35
-80
44
37
-64
4
59
-46
-15
49
-31
-26
32
6
-44
31
19
-17
1
20
-2
-2
20
-4
-3
-6
14
4
-32
40
12
-21
-2
41
-19
-31
35
3
-42
33
21
-42
25
18
-28
5
31
-15
-7
6
25
-25
-1
10
21
-36
10
24
-26
14
24
-25
-2
57
-31
-26
53
23
-86
60
50
-94
28
113
-126
-13
143
-114
-67
153
-59
-112
137
2
-139
98
57
-150
49
85
-106
-13
96
-55
-59
91
-39
-58
39
4
-49
-14
44
-46
-22
48
-31
-37
41
2
-69
48
24
-87
43
32
-56
11
60
-53
-19
68
-53
-23
73
-41
-39
76
-20
-44
75
-29
-9
45
-15
-10
34
-4
-9
21
-12
9
23
-7
-21
47
1
-36
57
-17
-39
43
17
-53
31
35
-55
35
43
-80
21
72
-68
-27
92
-57
-42
89
-56
-35
78
-40
-13
38
-28
12
10
-16
-14
12
5
-34
37
-16
-25
14
25
-54
10
43
-31
-24
42
-27
-33
39
-28
-35
50
-15
-52
43
-7
-20
2
32
-54
20
21
-38
4
46
-47
4
41
-18
-21
23
29
-59
32
47
-50
-5
58
-50
-3
40
-20
7
2
11
4
-34
43
-37
-5
38
-44
18
28
-23
-9
26
-12
-11
0
26
-36
10
10
12
-30
22
17
-18
-1
26
-2
-25
20
-1
-24
29
12
-43
31
-17
-2
-10
20
-26
-13
37
-1
-35
45
-7
-15
7
-17
14
11
0
-47
40
18
-51
7
43
-42
-24
84
-41
-32
66
-14
-38
43
-8
-36
35
48
-73
12
91
-82
16
62
-39
-53
109
-32
-56
96
-17
-74
55
24
-82
54
15
-45
-17
55
-21
-13
6
22
-31
6
2
26
-31
-6
33
-49
34
-20
-5
23
-22
-21
41
-22
-18
34
-21
-37
69
-19
-68
69
-10
-81
42
36
-90
17
62
-89
14
68
-108
3
90
-117
21
87
-82
-16
73
-5
-76
60
44
-115
41
23
-56
21
44
-52
11
16
-10
-47
54
16
-91
61
3
-40
47
-11
4
18
31
-7
-6
30
-6
4
-8
55
-66
36
45
-61
47
28
-21
-3
59
-68
7
85
-75
-4
98
-76
-9
68
-3
-91
97
-24
-55
59
-28
-30
18
28
-88
32
76
-105
10
66
-25
-34
13
54
-58
-24
84
-80
10
78
-81
6
62
-9
-72
76
33
-110
57
47
-58
-33
59
23
-87
46
7
9
-26
-2
88
-84
-23
112
-75
-52
124
-42
-74
128
-48
-62
74
14
-75
8
71
-85
2
48
-39
-20
29
-25
-26
13
-4
-42
2
57
-87
-45
120
-65
-89
89
36
-124
48
53
-94
11
46
-33
-53
92
-39
-78
136
-50
-89
144
-47
-79
96
10
-76
33
46
-55
-1
55
-18
-17
44
-23
-6
65
-60
3
46
-40
15
33
-22
18
-7
6
2
7
-30
3
34
-46
36
-11
10
-17
14
18
-44
67
-17
-49
82
-35
-38
81
-34
13
4
39
-60
61
23
-122
119
4
-110
92
-19
-39
45
-54
50
-33
13
10
-50
26
-5
-21
11
39
-51
32
1
0
5
-14
-5
46
-25
-26
55
-16
-49
60
-20
-32
52
-36
7
16
17
7
-52
94
-26
-58
84
-1
-83
85
28
-97
71
20
-52
4
52
-25
-22
57
31
-136
105
5
-116
98
-5
-36
3
44
-52
-40
102
-18
-149
154
-34
-103
63
18
-62
-17
52
-69
10
-19
42
-92
11
55
-98
-2
54
-35
-20
21
-10
0
-52
58
-70
-14
50
-24
-8
24
-10
-19
7
16
-10
-18
46
5
-85
106
-40
-63
155
-112
6
111
-85
5
34
11
-20
-18
76
-13
-64
64
48
-106
70
44
-109
123
-27
-7
21
23
-18
-11
30
-9
-33
60
9
-64
62
30
-72
85
-39
-59
84
-35
-16
32
4
-1
-33
49
-26
-19
40
0
-18
-11
50
-42
9
-3
23
-25
19
-21
8
36
-29
-54
163
-130
-28
105
-2
-129
158
17
-210
175
57
-240
135
85
-209
88
100
-199
90
59
-131
80
-14
2
-85
94
-12
-133
94
61
-172
67
138
-208
129
74
-223
179
14
-242
262
-101
-39
71
-24
21
-128
145
-11
-184
220
-8
-276
285
7
-251
143
169
-234
-55
300
-187
-169
322
-120
-226
227
22
-262
119
282
-401
111
312
-476
158
152
-162
-68
161
72
-311
160
228
-372
105
261
-329
30
169
-71
-150
203
31
-146
0
245
-232
1
239
-87
-212
325
-68
-323
416
1
-391
301
211
-444
160
369
-325
-192
608
-230
-475
683
-76
-530
549
103
-586
416
293
-780
387
512
-821
87
760
-757
-175
832
-534
-361
881
-446
-580
895
-167
-753
867
-17
-863
696
241
-916
556
334
-752
270
403
-428
-211
674
-355
-459
773
-343
-484
844
-387
-305
534
-133
-261
164
209
-398
150
272
-329
-27
386
-289
-197
497
-91
-393
322
163
-418
128
306
-289
-119
499
-451
-129
659
-599
-48
669
-707
14
552
-452
-83
336
-33
-323
253
55
-247
20
382
-414
-79
583
-463
-189
506
-261
-252
430
-159
-266
367
-122
-192
262
8
-146
3
146
-110
-123
216
93
-345
216
180
-471
319
88
-322
212
-52
8
-1
-88
261
-254
93
173
-354
332
-90
-11
15
-73
190
-161
-55
107
-25
-70
81
56
-136
154
9
-203
231
-75
-8
37
-14
44
-80
136
47
-191
175
-1
-184
158
102
-209
189
-91
-27
151
-213
203
-17
-130
73
44
-23
-201
328
-175
-167
415
-325
-73
314
-261
-98
236
-182
8
33
-103
29
10
-25
105
-105
-104
252
-179
-115
414
-292
-119
315
-169
-164
254
-7
-179
103
60
-32
-164
350
-169
-189
433
-234
-152
283
-116
-109
243
-93
-87
185
-111
-114
232
-149
63
27
-56
173
-270
121
133
-205
100
-105
132
18
-284
356
-125
-142
236
-193
-51
191
-247
109
89
-236
227
-148
-108
227
-146
-97
100
19
-55
-151
252
-47
-472
656
-355
-367
731
-417
-316
712
-356
-289
486
-87
-327
316
127
-394
259
105
-400
118
439
-582
240
385
-568
180
452
-553
159
417
-470
-33
484
-355
-134
526
-316
-273
496
-45
-587
608
171
-699
436
384
-722
304
405
-546
-9
549
-339
-327
527
-106
-520
496
216
-582
292
405
-474
-66
584
-310
-312
555
-58
-478
410
206
-506
147
403
-455
-85
498
-254
-366
490
-39
-416
266
217
-441
66
323
-213
-205
319
-43
-380
236
132
-328
-9
349
-287
-147
328
-38
-323
305
37
-342
159
282
-369
24
351
-306
-99
284
7
-336
176
175
-319
2
317
-184
-85
186
30
-225
144
172
-317
73
149
-144
-79
209
2
-288
221
161
-376
147
248
-354
-16
256
-136
-135
195
-16
-135
42
78
-86
-14
190
-149
-68
230
-59
-124
94
63
-78
-68
173
-57
-133
161
1
-129
203
-24
-161
138
31
-120
7
164
-56
-115
110
92
-145
53
91
-96
-24
10
3
0
67
-48
-5
115
-30
-187
168
58
-216
99
102
-97
-30
64
-28
-49
137
-24
-113
156
67
-313
126
276
-378
76
320
-276
-45
231
-70
-140
130
-12
-103
63
87
-183
6
190
-225
-67
291
-106
-234
176
80
-222
-14
206
-60
-143
149
10
-137
135
56
-232
138
159
-356
70
207
-246
-78
219
-63
-129
82
13
-76
53
2
-51
62
-43
-77
-33
148
-96
-90
220
-13
-158
70
88
-66
-72
52
10
-81
89
-36
-82
138
-56
-135
118
32
-87
-30
57
12
-65
54
92
-98
-11
128
-23
52
63
-91
50
100
-58
-37
120
44
-58
-11
28
-27
59
32
19
58
18
-6
-39
46
-59
-49
53
-102
-73
53
-89
-59
84
80
-48
6
-3
-51
1
35
22
-13
85
56
-96
125
58
-189
77
24
-135
82
105
-121
27
72
-66
-14
52
38
-70
21
96
-53
8
85
-113
-23
69
-29
48
55
5
-13
18
38
-51
-103
23
-42
-87
60
-1
-132
-92
-2
-70
-40
113
-1
-105
77
-51
-54
62
31
-49
-47
112
-10
-40
99
-26
-112
28
28
-26
47
52
-56
10
129
-28
-15
84
-33
-145
52
67
-52
-55
-2
0
-139
5
112
-84
-42
96
-90
-30
171
-122
-120
144
-93
-94
88
14
-91
-50
38
1
-9
102
43
-36
66
13
-62
95
63
-55
79
144
-65
30
162
8
-11
59
74
0
21
82
21
40
50
-20
-64
72
-7
0
153
49
-38
18
-32
-88
32
-33
-48
-19
-61
-62
-36
-60
-47
-11
-48
-6
17
-15
-32
-20
-114
-142
-25
-58
-87
53
69
-30
38
132
-52
-44
67
-66
9
120
60
41
9
-26
-55
-12
-38
-71
23
8
-41
70
61
-15
-19
-39
-25
-4
29
-8
-42
-30
-79
-106
-31
-43
-151
5
16
-140
30
108
-109
-39
64
-61
36
64
6
2
48
70
67
1
67
94
-81
85
201
4
34
161
-66
26
177
21
31
72
-52
-83
61
29
-89
56
60
-104
36
149
-41
-17
115
-30
-21
113
23
-11
118
64
42
165
137
53
97
106
71
117
74
85
59
-21
69
29
-4
-9
-123
-61
-3
-109
-56
-113
-235
-226
-244
-233
-318
-295
-279
-429
-412
-318
-388
-477
-427
-443
-549
-435
-377
-412
-291
-130
-92
-11
151
171
281
379
412
577
680
623
755
812
718
763
768
595
612
531
401
375
217
86
-33
-150
-321
-438
-478
-599
-643
-558
-587
-639
-538
-512
-504
-310
-140
-88
31
192
318
359
518
663
580
557
630
541
513
598
406
284
278
20
-123
-130
-283
-368
-299
-368
-432
-282
-345
-391
-196
-155
-166
19
105
-10
104
-84
-795
-1340
-1384
-1098
-474
-61
-140
-167
-210
-418
-632
-624
-651
-602
-171
425
1102
1485
1337
783
322
405
691
1014
1369
1433
1359
1327
1190
860
314
-232
-633
-606
-222
-135
-303
-665
-1198
-1655
-1684
-1486
-1386
-1148
-877
-488
-34
299
306
188
197
302
690
1142
1443
1360
1119
1028
888
696
526
244
13
-150
-121
53
-160
-494
-751
-943
-807
-518
-353
-164
-175
-282
-138
39
143
163
-3
32
256
386
505
443
142
-29
-138
-86
111
0
-191
-210
-346
-464
-431
-595
-995
-1337
-1623
-1599
-1177
-882
-695
-501
-406
-276
-137
-72
-29
4
175
552
925
1337
1496
1313
1181
1009
928
1032
1062
990
1051
991
906
819
463
135
-217
-574
-639
-576
-605
-690
-812
-863
-1050
-1124
-1017
-1043
-821
-396
-178
185
615
693
684
797
840
962
1120
1106
1130
1067
935
685
476
223
-151
-424
-493
-525
-577
-547
-674
-864
-869
-750
-693
-464
-241
-179
-65
230
405
468
644
652
484
574
629
483
390
252
20
-159
-204
-348
-491
-435
-494
-620
-509
-436
-493
-371
-687
-1917
-3210
-3334
-1858
183
927
323
-65
95
194
-92
-508
-581
-238
189
996
2202
2859
2244
601
-730
-575
567
1255
1370
1277
1139
1127
1023
731
64
-987
-1681
-1358
-403
481
535
-355
-1251
-1747
-1869
-1516
-1075
-905
-486
218
960
1604
1471
746
164
177
800
1646
2047
1883
1358
941
799
538
210
-268
-812
-844
-505
-267
-157
-424
-1107
-1522
-1463
-1037
-396
-82
-202
-296
41
420
621
587
248
166
504
872
1158
1118
532
-165
-396
-304
-108
-141
-410
-754
-915
-749
-636
-580
-667
-981
-1054
-662
-118
98
-440
-1421
-2056
-1641
-451
667
826
376
96
148
251
0
-363
-554
-451
4
815
1603
1850
1320
308
-360
-130
628
1096
1144
1072
1106
1217
1126
609
-148
-849
-1231
-897
-290
118
130
-305
-924
-1322
-1434
-1345
-1043
-685
-274
401
1048
1367
1274
784
305
212
526
994
1212
1172
1045
760
552
313
-175
-682
-968
-1017
-819
-474
-236
-385
-775
-1020
-968
-665
-258
43
168
339
523
653
747
548
217
111
279
549
681
627
234
-199
-367
-362
-318
-318
-492
-673
-691
-705
-582
-488
-537
-670
-576
-292
141
492
414
266
296
395
477
589
574
365
-44
-764
-1252
-1155
-870
-809
-912
-969
-813
-664
-702
-895
-959
-698
-366
13
547
1088
1430
1384
1123
1018
1210
1443
1427
1401
1507
1557
1425
1168
762
357
-48
-344
-428
-503
-562
-763
-1067
-1141
-1191
-1331
-1317
-1334
-1147
-662
-361
-100
236
372
409
594
808
935
1017
960
873
916
884
754
646
327
23
-85
-174
-207
-254
-454
-659
-817
-894
-713
-612
-573
-476
-378
-93
244
329
305
229
291
459
485
614
730
614
517
422
230
55
-163
-408
-561
-560
-339
-134
-216
-384
-546
-596
-404
-216
-440
-1192
-2346
-2876
-1930
-258
804
653
-77
-382
-225
-121
-385
-650
-460
-41
436
1224
2064
2349
1617
254
-461
61
1149
1766
1712
1450
1417
1328
939
375
-225
-662
-966
-963
-467
38
91
-418
-1296
-1942
-2003
-1829
-1491
-930
-255
384
767
770
800
716
433
358
464
879
1371
1675
1659
1408
948
237
-421
-699
-686
-673
-654
-569
-556
-602
-759
-1092
-1200
-1050
-827
-436
-42
372
777
886
664
350
262
342
402
587
754
726
576
294
-77
-244
-427
-777
-969
-957
-777
-537
-382
-371
-574
-775
-911
-769
-211
241
544
759
834
779
741
648
448
335
214
-36
-260
-443
-584
-632
-649
-785
-835
-795
-756
-808
-740
-495
-249
-6
214
451
762
967
1027
1029
1025
995
942
1037
1124
1053
971
817
547
354
205
-57
-266
-299
-477
-605
-548
-636
-721
-705
-822
-945
-930
-834
-733
-394
-96
7
287
550
530
428
380
295
333
442
504
563
628
481
202
77
10
10
54
-52
-165
-161
-214
-334
-341
-320
-324
-236
-154
-103
-70
-67
-9
-30
-70
28
111
168
253
234
246
269
144
76
20
-117
-126
30
201
173
21
-83
-224
-353
-476
-528
-308
-157
5
216
301
296
39
-460
-1122
-1768
-1939
-1407
-536
180
465
296
0
-333
-685
-856
-880
-578
-129
326
849
1340
1581
1333
715
177
17
367
931
1330
1561
1667
1513
1057
571
200
71
-53
-216
-309
-323
-189
-274
-650
-973
-1282
-1505
-1556
-1338
-816
-242
67
-12
-217
-259
-110
86
290
428
488
641
917
1099
1141
920
370
-185
-500
-391
46
316
385
299
52
-58
-75
-208
-282
-353
-533
-404
62
484
628
358
-46
-305
-361
-318
-257
-33
229
381
530
511
345
112
-123
-288
-312
-79
211
381
373
115
-209
-448
-678
-771
-613
-245
85
253
260
73
-290
-918
-1461
-1626
-1602
-1212
-502
95
429
372
12
-447
-838
-961
-904
-533
138
771
1284
1573
1434
1039
671
276
106
425
927
1299
1608
1663
1354
1023
658
107
-253
-243
-149
-62
25
-16
-215
-462
-838
-1339
-1471
-1460
-1492
-1272
-981
-754
-554
-535
-632
-624
-520
-444
-284
42
447
839
1129
1214
1125
1026
889
715
663
782
898
981
1007
817
534
233
-136
-442
-532
-645
-814
-830
-709
-508
-329
-284
-424
-620
-732
-653
-339
163
575
814
971
912
741
583
478
414
307
284
352
366
321
73
-295
-543
-809
-937
-846
-726
-521
-397
-388
-339
-324
-327
-351
-377
-212
-4
200
275
173
148
173
58
-24
29
-44
38
177
99
20
-14
-201
-410
-375
-303
-288
-144
-12
31
78
115
42
6
132
185
281
487
645
675
646
714
685
607
590
345
110
-20
-168
-317
-510
-706
-889
-967
-961
-966
-968
-923
-837
-768
-554
-331
-244
-82
80
201
378
610
841
1057
1189
1127
959
832
751
652
566
509
344
186
97
7
-62
-148
-307
-436
-437
-353
-301
-180
55
171
183
163
137
188
190
195
325
416
425
374
267
155
76
-68
-208
-279
-442
-515
-432
-347
-293
-305
-400
-435
-406
-371
-428
-637
-837
-854
-712
-415
-192
-212
-196
-103
-102
-137
-198
-333
-481
-541
-489
-327
-2
259
310
255
390
573
707
859
935
1009
1199
1316
1287
1323
1336
1180
880
518
161
-47
-208
-442
-727
-990
-1282
-1589
-1770
-1830
-1791
-1720
-1675
-1530
-1209
-786
-474
-249
-52
84
344
583
799
1074
1331
1491
1576
1610
1523
1323
1160
944
775
780
698
498
374
211
-80
-268
-400
-554
-622
-588
-523
-416
-256
-149
-48
174
264
246
372
341
234
272
251
163
182
153
12
-8
-25
-218
-405
-524
-551
-531
-439
-450
-553
-490
-435
-460
-362
-244
-167
-90
-106
-136
-109
-168
-389
-568
-552
-442
-312
-153
-58
-53
-138
-360
-626
-712
-628
-474
-241
-26
148
319
462
532
486
446
516
592
654
897
1091
1163
1164
957
668
429
206
-21
-241
-529
-751
-831
-808
-835
-882
-950
-1090
-1201
-1189
-1031
-791
-502
-300
-21
364
583
607
643
764
917
1069
1165
1234
1333
1383
1322
1141
906
660
395
184
56
23
77
51
-39
-167
-307
-381
-390
-393
-383
-268
-123
85
296
349
249
68
-120
-179
-205
-236
-220
-250
-293
-342
-389
-466
-636
-771
-813
-814
-722
-533
-354
-216
-73
3
-3
15
33
-65
-199
-302
-287
-136
9
86
15
-72
-168
-330
-484
-599
-620
-572
-463
-280
-61
196
464
584
562
582
691
815
909
925
928
1007
1052
1027
923
744
417
-1
-309
-564
-756
-849
-942
-1044
-1021
-935
-975
-1046
-997
-872
-693
-473
-269
-33
267
496
623
744
840
866
912
962
1022
1122
1135
955
705
469
232
148
157
100
36
-35
-107
-161
-210
-272
-386
-429
-363
-232
-69
69
96
117
114
18
8
-32
-104
-95
-110
-148
-131
-127
-184
-236
-284
-330
-366
-404
-420
-384
-356
-284
-199
-126
-1
-2
-43
-74
-210
-411
-625
-658
-505
-277
-46
81
43
-87
-305
-499
-515
-412
-223
-55
-10
87
256
377
414
378
317
306
423
650
885
1033
1012
823
673
520
381
372
349
208
47
-113
-276
-479
-707
-886
-969
-921
-844
-693
-425
-247
-191
-145
-62
24
109
247
447
643
790
874
880
801
693
568
488
450
376
255
120
70
35
37
16
-81
-164
-210
-229
-180
-84
-82
-101
-82
-91
-69
-18
17
7
-7
-29
-74
-84
-88
-126
-223
-313
-354
-386
-376
-414
-506
-526
-488
-460
-471
-539
-587
-513
-407
-327
-141
18
-32
-285
-524
-624
-620
-487
-299
-35
328
468
308
62
-224
-410
-417
-265
48
393
638
720
733
790
766
613
434
417
607
965
1294
1394
1340
1158
859
515
259
161
29
-83
-212
-383
-449
-564
-879
-1258
-1553
-1635
-1449
-1098
-694
-392
-164
-20
-74
-79
74
272
511
741
924
1162
1348
1353
1171
883
597
341
153
92
160
233
151
-41
-286
-452
-555
-661
-685
-594
-411
-230
-67
27
-17
-108
-198
-211
-131
-26
134
272
253
156
-1
-248
-434
-464
-446
-391
-352
-428
-460
-495
-611
-682
-708
-685
-646
-466
-171
87
277
303
223
211
232
279
410
522
512
430
287
59
-221
-431
-500
-478
-390
-296
-233
-179
-165
-235
-279
-227
-116
41
176
383
662
831
892
845
759
720
699
706
801
844
805
677
433
221
33
-182
-346
-529
-702
-741
-713
-653
-694
-806
-859
-827
-686
-460
-221
4
128
161
318
546
717
775
775
787
784
755
705
650
555
404
201
21
-95
-158
-199
-280
-325
-330
-347
-414
-470
-419
-319
-234
-226
-190
-58
53
101
107
93
96
65
44
112
97
57
-4
-90
-111
-130
-186
-301
-436
-496
-538
-500
-384
-366
-318
-199
-136
-9
113
203
234
60
-218
-461
-591
-624
-588
-460
-168
70
130
-9
-264
-466
-487
-379
-274
-58
365
814
1017
1027
944
803
690
563
522
785
1163
1299
1149
859
563
234
-140
-475
-587
-463
-381
-395
-465
-587
-761
-1016
-1292
-1386
-1234
-882
-454
-88
167
280
193
74
99
247
503
733
853
932
949
820
601
305
-32
-291
-382
-197
88
278
256
68
-143
-292
-338
-208
-41
122
302
422
466
397
251
74
-79
-199
-194
-8
180
205
88
-81
-272
-485
-595
-566
-489
-358
-211
-182
-188
-242
-355
-432
-409
-305
-161
-4
147
205
214
264
209
123
97
110
192
278
296
225
54
-202
-376
-410
-453
-564
-693
-695
-537
-337
-181
-128
-87
-81
-172
-98
139
351
455
483
516
639
781
758
627
469
417
448
496
572
522
359
184
-64
-233
-227
-244
-341
-447
-515
-555
-653
-791
-932
-983
-911
-712
-493
-177
103
200
203
198
303
463
619
812
1013
1094
1093
1017
868
697
530
352
193
86
19
-55
-132
-248
-407
-508
-578
-578
-462
-332
-206
-81
-11
19
49
72
116
191
246
270
273
315
340
233
68
-116
-231
-258
-289
-321
-355
-380
-451
-522
-533
-430
-325
-311
-293
-243
-124
43
169
216
118
-104
-375
-568
-601
-558
-559
-464
-243
0
46
-189
-446
-490
-390
-234
-32
285
676
858
813
711
723
773
651
495
585
881
1130
1067
742
346
-23
-328
-522
-544
-475
-471
-577
-746
-882
-970
-1083
-1228
-1270
-1102
-768
-372
17
325
505
571
518
533
697
903
1076
1096
1016
912
796
692
570
392
167
-34
-135
-146
-137
-197
-284
-375
-358
-265
-159
-36
58
140
206
228
248
270
249
193
130
130
144
93
-37
-192
-351
-387
-334
-315
-303
-289
-280
-282
-294
-333
-350
-338
-286
-192
-68
51
106
133
122
123
107
134
223
292
347
363
353
274
89
-68
-236
-302
-416
-694
-878
-766
-531
-447
-460
-576
-572
-488
-455
-339
-119
173
315
311
397
555
630
475
254
225
376
559
574
512
435
270
49
-155
-222
-179
-243
-347
-330
-215
-210
-420
-680
-820
-802
-630
-398
-130
147
286
246
202
234
337
470
631
862
1039
1105
1056
870
675
502
321
233
273
350
322
159
-136
-386
-492
-595
-644
-496
-291
-186
-108
-52
-15
0
-50
-108
-100
-10
95
176
218
190
93
5
-44
-83
-82
-90
-125
-179
-243
-269
-259
-233
-208
-195
-148
-72
36
137
183
250
309
371
415
405
254
-2
-260
-491
-592
-687
-817
-901
-786
-610
-639
-744
-822
-809
-671
-507
-290
1
382
590
615
681
775
841
817
768
795
892
905
722
484
270
62
-153
-315
-371
-391
-429
-481
-541
-573
-667
-799
-859
-787
-609
-356
-67
156
346
502
596
637
673
714
744
806
847
818
755
603
398
232
83
-62
-157
-207
-285
-373
-386
-360
-345
-308
-289
-276
-157
11
109
150
127
84
104
151
193
236
201
92
5
-19
-20
-68
-102
-131
-147
-146
-118
-128
-213
-291
-326
-277
-155
-20
39
41
35
24
31
48
73
134
186
238
297
284
175
29
-87
-179
-224
-219
-289
-429
-567
-663
-725
-768
-793
-698
-580
-477
-365
-240
-117
-17
69
126
252
403
462
459
507
534
460
332
235
232
274
286
297
280
222
147
74
24
-32
-84
-136
-120
-43
-21
-76
-112
-146
-175
-157
-110
-21
96
194
232
276
375
435
437
424
394
381
362
342
329
328
309
251
155
55
-8
-75
-108
-131
-134
-143
-156
-163
-127
-73
-102
-132
-131
-119
-146
-211
-240
-255
-252
-271
-305
-254
-193
-182
-167
-144
-128
-134
-148
-135
-85
-4
106
176
223
264
275
230
176
146
154
170
149
138
98
45
-38
-213
-487
-708
-796
-833
-842
-834
-734
-597
-496
-488
-486
-413
-277
-159
-2
211
420
596
631
586
573
571
531
505
482
476
490
475
438
399
321
211
123
116
122
133
196
195
127
28
-98
-216
-294
-314
-313
-253
-177
-119
-71
-56
-87
-116
-113
-79
22
138
172
181
160
95
0
-49
-26
1
43
101
135
116
86
31
-9
37
86
126
163
202
193
145
102
30
-42
-118
-158
-143
-73
8
20
-11
-79
-152
-153
-95
-80
-54
21
98
136
153
148
99
46
3
-7
-16
-23
-16
-24
-14
4
-17
-68
-105
-164
-221
-189
-167
-181
-181
-184
-215
-265
-326
-360
-367
-390
-386
-343
-299
-266
-297
-350
-356
-355
-357
-354
-300
-231
-216
-175
-132
-133
-116
-42
51
155
283
437
562
640
672
707
737
735
731
747
769
760
691
552
407
253
76
-84
-182
-221
-241
-252
-281
-332
-400
-481
-488
-460
-370
-250
-133
0
94
121
110
95
94
116
179
282
339
374
406
392
310
234
173
156
187
225
264
306
276
178
79
-2
-55
-98
-93
-73
-4
37
4
-27
-69
-137
-213
-235
-235
-237
-242
-228
-247
-274
-269
-274
-286
-241
-231
-221
-200
-216
-201
-170
-143
-106
-82
-111
-140
-162
-135
-121
-105
-86
-117
-122
-130
-154
-222
-272
-314
-376
-411
-398
-363
-336
-328
-308
-304
-312
-278
-207
-120
-40
31
116
207
286
369
464
520
575
640
668
710
726
687
648
606
563
514
467
380
242
110
5
-82
-137
-152
-161
-140
-146
-177
-219
-231
-205
-157
-96
-76
-64
-67
-62
-94
-120
-127
-119
-96
-43
42
112
172
196
178
175
191
231
270
319
406
449
470
424
351
308
247
195
185
187
165
126
67
-3
-79
-161
-228
-276
-311
-338
-344
-340
-357
-416
-478
-480
-465
-422
-353
-276
-172
-115
-111
-71
-8
6
-25
-44
-63
-48
-48
-100
-160
-232
-313
-366
-376
-375
-398
-464
-529
-542
-499
-456
-440
-410
-382
-342
-261
-178
-119
-83
-49
10
48
120
227
304
372
431
517
617
687
717
708
648
631
594
558
580
550
505
440
367
265
144
27
-53
-85
-98
-70
-16
62
70
3
-58
-146
-188
-172
-112
-37
2
7
-24
-79
-129
-155
-159
-137
-74
64
199
285
305
279
239
200
189
198
275
388
409
355
316
279
203
114
27
-8
13
49
62
59
24
-56
-179
-246
-289
-281
-245
-268
-297
-295
-315
-375
-403
-451
-469
-475
-444
-414
-368
-309
-314
-337
-321
-277
-272
-251
-214
-140
-52
-5
9
2
-48
-125
-165
-153
-100
-69
-101
-128
-144
-158
-166
-177
-170
-167
-171
-156
-113
-60
-35
-35
-55
-83
-89
-55
8
81
190
272
356
399
422
440
436
425
440
501
559
590
567
530
421
322
241
160
136
113
78
36
-11
-85
-153
-215
-257
-272
-261
-231
-183
-122
-71
-52
-16
57
135
230
298
382
427
455
440
384
372
362
335
349
359
344
359
322
223
136
82
47
29
17
26
14
-18
-56
-104
-128
-159
-194
-228
-251
-285
-321
-349
-400
-424
-421
-427
-414
-415
-404
-394
-411
-446
-447
-412
-354
-297
-236
-183
-161
-159
-160
-164
-158
-142
-155
-142
-135
-132
-155
-205
-278
-313
-322
-330
-323
-321
-297
-302
-283
-236
-180
-134
-121
-88
-41
18
104
180
248
317
360
412
466
507
520
528
536
532
550
568
528
468
405
319
257
212
186
150
133
130
134
147
137
82
45
35
39
85
140
192
233
233
196
162
122
36
-29
-9
41
120
212
244
207
154
100
77
82
83
93
104
125
121
93
71
1
-85
-131
-123
-63
-26
-25
-62
-125
-193
-261
-307
-328
-338
-360
-361
-406
-453
-490
-536
-533
-516
-489
-444
-379
-315
-253
-199
-171
-117
-37
3
29
33
29
-3
-41
-109
-193
-231
-252
-246
-215
-195
-185
-174
-201
-223
-195
-149
-125
-97
-49
-3
42
92
118
135
158
196
249
339
444
504
535
558
573
564
561
544
513
487
454
400
344
266
189
122
48
-29
-99
-122
-128
-110
-67
-29
-21
-7
-25
-38
-39
-70
-68
-23
46
90
143
176
196
177
145
134
140
167
156
135
129
95
37
-12
-65
-119
-174
-218
-213
-173
-142
-127
-146
-161
-171
-149
-118
-86
-60
-36
-14
-26
-44
-80
-105
-165
-228
-233
-229
-241
-267
-316
-313
-279
-262
-213
-167
-137
-95
-67
-55
-31
-36
-40
-55
-54
-43
-52
-57
-82
-147
-197
-205
-188
-164
-159
-171
-202
-246
-253
-229
-181
-151
-147
-147
-128
-83
-47
8
52
83
119
212
328
430
501
532
538
569
596
585
615
609
587
551
491
425
324
235
143
89
48
22
1
-44
-93
-115
-114
-117
-143
-153
-145
-114
-66
-36
-19
-12
-22
-19
18
48
72
79
81
102
131
137
153
148
135
97
46
25
-20
-76
-86
-71
-74
-88
-98
-88
-68
-58
-72
-67
-63
-89
-118
-125
-151
-214
-276
-309
-328
-318
-293
-283
-302
-317
-311
-274
-208
-145
-85
-44
6
31
51
64
58
19
-5
-5
-17
-6
-22
-55
-65
-112
-153
-179
-225
-249
-239
-225
-209
-197
-211
-223
-244
-249
-235
-181
-114
-35
29
79
153
199
235
274
336
399
462
504
537
524
495
454
409
371
316
292
228
172
104
34
-21
-44
-26
-6
3
-5
-13
-41
-43
-29
-5
20
57
93
134
157
143
144
116
72
49
45
40
29
-14
-47
-72
-91
-99
-84
-89
-111
-91
-54
-35
-21
-7
-11
-15
-21
8
69
92
63
37
35
19
-16
-56
-116
-156
-209
-256
-254
-251
-252
-268
-281
-261
-211
-149
-104
-73
-36
-29
-4
39
79
78
45
8
-54
-97
-123
-138
-173
-211
-234
-241
-250
-240
-234
-231
-217
-176
-119
-43
29
83
125
164
198
233
297
346
410
446
468
474
467
413
342
307
250
221
216
195
146
80
-19
-99
-138
-167
-169
-162
-153
-149
-138
-102
-86
-92
-75
-48
-24
5
28
64
76
71
49
20
22
5
-8
-4
2
-3
-13
-29
-34
-64
-85
-85
-95
-78
-66
-72
-67
-76
-78
-82
-83
-77
-63
-57
-61
-70
-83
-75
-63
-66
-86
-76
-53
-43
-61
-66
-69
-66
-35
-6
20
33
25
-3
-13
-1
-7
-16
2
-17
-10
2
5
24
5
-26
-62
-74
-73
-83
-97
-102
-99
-109
-120
-83
-59
-63
-57
-15
48
115
185
252
304
330
346
348
363
364
364
375
370
358
337
298
241
175
91
42
10
-25
-52
-83
-127
-165
-193
-224
-240
-247
-254
-253
-242
-230
-211
-194
-173
-154
-120
-70
-11
47
96
104
108
137
143
133
144
146
140
126
112
103
58
-1
-35
-62
-76
-97
-98
-107
-139
-143
-148
-168
-161
-150
-151
-141
-113
-85
-81
-82
-83
-69
-62
-41
-25
-30
-15
-15
-30
-36
-50
-70
-74
-69
-53
-36
-19
-20
-26
-29
-26
-38
-43
-36
-33
-32
-48
-60
-71
-74
-84
-80
-73
-66
-78
-66
-47
-43
-14
17
53
86
121
181
223
253
268
290
325
344
358
378
397
371
346
322
281
219
185
141
88
45
21
-24
-66
-103
-136
-146
-187
-213
-227
-239
-244
-236
-227
-190
-162
-129
-117
-95
-57
-27
0
38
56
72
96
127
167
174
154
145
127
117
112
82
67
54
27
15
-1
-25
-36
-67
-81
-91
-97
-111
-108
-112
-115
-119
-114
-100
-113
-124
-142
-129
-116
-100
-76
-61
-63
-66
-67
-93
-89
-82
-80
-68
-58
-49
-39
-28
-44
-55
-49
-52
-35
-15
11
35
35
-3
-43
-61
-82
-76
-57
-59
-41
-55
-71
-80
-95
-96
-87
-68
-28
35
88
146
178
183
180
179
194
210
220
246
266
261
266
254
231
199
161
135
114
77
35
38
4
-40
-88
-123
-139
-142
-140
-147
-135
-112
-105
-106
-84
-66
-56
-44
8
48
82
115
148
160
145
139
131
115
109
102
97
105
109
99
77
44
11
1
-6
1
-7
-11
-5
-6
-10
-20
-34
-28
-36
-39
-31
-32
-31
-51
-97
-136
-165
-189
-187
-194
-211
-213
-224
-214
-202
-191
-200
-218
-209
-191
-185
-164
-131
-125
-125
-109
-96
-82
-64
-64
-66
-69
-61
-51
-51
-55
-56
-53
-34
-1
18
32
60
86
115
154
187
197
220
235
260
294
306
298
291
283
265
271
275
267
218
186
147
117
113
85
47
25
11
-3
1
-12
-25
-41
-55
-44
-18
14
26
31
26
22
7
8
1
-25
-41
-56
-63
-61
-63
-75
-87
-89
-89
-88
-89
-98
-94
-68
-53
-45
-21
-12
-8
-5
0
-1
-4
-4
-13
-15
-17
-17
-17
-29
-51
-71
-84
-88
-100
-116
-122
-119
-133
-124
-120
-113
-106
-105
-83
-71
-31
-13
-9
-8
-8
-6
-22
-35
-57
-97
-119
-116
-122
-117
-113
-125
-127
-105
-89
-75
-58
-43
-16
18
54
107
152
177
191
203
221
218
224
223
219
237
236
249
249
225
207
185
161
151
127
112
100
85
81
63
52
39
28
21
11
8
19
25
24
22
9
-7
-37
-55
-69
-65
-52
-79
-80
-79
-86
-100
-106
-111
-120
-121
-119
-82
-74
-69
-65
-79
-76
-74
-62
-55
-54
-49
-46
-41
-45
-58
-50
-39
-23
-3
10
9
26
19
2
-9
-21
-40
-51
-47
-57
-62
-54
-52
-59
-79
-104
-102
-98
-89
-86
-87
-84
-91
-100
-94
-78
-87
-97
-99
-84
-66
-66
-51
-38
-27
-24
-15
16
21
43
57
77
99
128
138
148
172
173
180
199
201
209
218
216
236
238
223
216
197
179
161
137
112
95
93
76
52
33
16
3
-3
-23
-27
-12
-4
12
6
8
14
-1
1
-4
-2
-2
-22
-32
-49
-72
-92
-101
-107
-112
-139
-164
-160
-174
-177
-188
-187
-180
-163
-146
-135
-115
-102
-89
-75
-75
-81
-75
-63
-40
-18
10
39
52
56
49
42
42
48
61
67
77
69
68
53
29
14
15
11
9
5
7
3
-5
-14
-26
-31
-47
-66
-71
-71
-67
-54
-49
-47
-40
-48
-50
-46
-34
-11
0
25
62
85
101
106
101
92
76
74
76
74
64
77
66
68
63
58
55
51
69
76
85
97
106
94
76
61
45
32
36
45
56
63
65
51
31
10
-2
-17
-19
-18
-7
-16
-35
-44
-69
-96
-109
-121
-132
-127
-126
-118
-117
-125
-139
-142
-140
-130
-107
-89
-56
-33
-25
1
15
20
44
38
57
79
97
101
96
94
88
80
78
80
66
64
58
54
41
18
-5
-15
-25
-48
-58
-61
-58
-61
-76
-83
-88
-88
-87
-86
-62
-35
-30
-11
-7
-18
-19
-12
-19
-11
-13
-17
-17
-11
-16
-17
-13
-24
-41
-48
-45
-44
-15
0
10
31
40
57
68
66
80
87
102
106
128
143
148
143
123
114
98
99
86
85
89
75
68
45
21
7
5
2
-3
13
12
18
23
20
18
-6
-13
-29
-49
-50
-66
-79
-90
-116
-141
-157
-168
-190
-199
-207
-207
-201
-195
-177
-181
-167
-144
-119
-77
-44
-20
12
37
54
76
99
124
134
131
143
150
149
168
164
144
134
133
132
124
118
99
67
51
40
27
18
10
-4
-19
-26
-35
-37
-47
-47
-42
-34
-18
-8
-1
-14
-14
-21
-33
-44
-50
-54
-53
-57
-69
-76
-69
-67
-78
-62
-45
-29
-5
10
19
11
17
24
22
11
5
22
32
41
37
29
29
19
-7
-6
7
4
2
14
7
12
10
15
25
21
13
-1
1
12
24
21
26
22
16
4
5
5
-16
-21
-35
-44
-53
-50
-61
-68
-62
-57
-60
-52
-44
-50
-30
-18
-8
8
28
49
55
66
80
78
77
89
95
104
104
98
89
68
54
55
49
49
32
25
27
17
22
39
43
36
26
-9
-30
-40
-58
-68
-61
-48
-52
-53
-57
-66
-70
-81
-87
-86
-91
-91
-82
-85
-91
-101
-114
-119
-117
-112
-98
-84
-71
-66
-50
-29
-14
8
29
40
53
68
78
93
91
82
81
68
65
70
87
90
86
95
83
74
72
76
68
64
59
56
49
44
48
46
43
26
17
14
3
4
15
13
0
-14
-35
-50
-62
-83
-84
-94
-95
-98
-92
-78
-75
-61
-62
-59
-58
-54
-38
-21
-5
11
19
32
43
46
34
36
27
13
8
5
11
15
25
32
30
22
17
6
7
11
-7
4
8
-2
7
8
5
8
2
2
14
5
1
-5
-2
0
0
-2
0
4
4
12
22
28
17
6
-1
10
2
-4
-6
-2
-8
-15
-13
-13
-6
-17
7
-12
3
6
5
18
7
10
9
-5
-3
-2
-5
5
-10
-4
3
4
7
14
21
20
10
-6
-7
-16
-25
-24
-10
-3
11
18
19
24
24
16
12
20
15
19
20
3
-16
-21
-38
-51
-50
-49
-50
-55
-37
-36
-31
-40
-39
-26
-17
2
5
-4
1
17
9
7
12
-5
-7
-8
-14
-19
-29
-35
-41
-52
-45
-35
-36
-37
-32
-36
-38
-39
-35
-25
-15
-5
0
9
15
4
-5
0
-7
-3
1
2
10
-3
-5
-1
0
5
6
3
6
12
7
23
29
36
42
38
46
56
70
80
84
79
92
104
115
122
122
117
109
105
103
94
89
78
70
63
59
51
34
25
15
9
4
1
-3
-2
-8
-18
-16
-18
-19
-17
-18
-19
-8
-11
-17
-22
-29
-27
-29
-36
-44
-49
-53
-68
-71
-68
-72
-74
-72
-76
-76
-74
-71
-70
-65
-64
-69
-64
-55
-47
-45
-39
-39
-30
-30
-30
-39
-50
-34
-24
-40
-58
-70
-71
-42
-24
-11
-19
-35
-27
-32
-33
-27
-27
-16
-9
-9
-1
1
13
26
20
10
-1
-6
2
5
13
23
1
9
17
19
15
14
7
0
17
21
23
28
29
35
44
55
73
83
84
82
100
119
133
138
123
114
107
91
81
75
78
78
67
78
68
42
35
18
11
10
17
16
13
16
15
14
-3
-23
-31
-35
-38
-33
-25
-22
-32
-54
-63
-87
-101
-97
-91
-93
-91
-94
-102
-104
-99
-93
-82
-59
-54
-39
-30
-11
2
1
24
26
23
33
24
20
12
11
1
-10
-4
-15
-21
-20
-20
-18
-8
-5
-10
-21
-30
-31
-27
-12
-9
-1
19
12
0
-4
-3
0
3
2
3
-1
-18
-20
-17
-23
-22
-26
-16
-15
-26
-13
0
12
21
26
40
46
47
54
60
62
66
71
74
86
94
98
86
83
88
82
78
75
75
66
48
32
22
9
-2
-9
-14
-9
-12
-17
-11
-15
-23
-29
-39
-38
-43
-37
-35
-39
-44
-55
-62
-72
-76
-71
-72
-73
-73
-72
-73
-65
-58
-43
-38
-36
-38
-34
-27
-30
-27
-31
-26
-27
-22
-6
-5
-11
-23
-26
-24
-25
-18
-13
-7
-6
-7
-2
-10
-7
-3
3
3
-3
2
18
34
37
46
52
38
39
41
48
55
54
50
53
52
60
61
57
57
51
43
48
54
49
53
46
43
48
37
30
25
23
20
20
33
27
15
3
8
15
5
5
18
19
12
19
14
10
2
-1
-4
-2
-9
-12
-6
-18
-29
-33
-35
-42
-40
-46
-40
-27
-20
-9
-9
-21
-26
-32
-38
-38
-40
-43
-41
-50
-62
-61
-62
-65
-61
-68
-67
-56
-49
-41
-36
-27
-31
-21
-7
-6
5
5
0
5
13
22
34
29
20
20
15
12
7
-4
-6
-14
-12
-1
-3
5
11
1
3
7
11
16
16
22
23
24
25
23
21
10
12
12
7
2
0
2
-3
-4
6
-3
-15
-22
-27
-27
-22
-11
2
1
5
22
23
26
30
41
46
51
58
68
69
56
54
41
39
35
33
34
31
39
42
39
38
34
30
22
14
20
37
37
38
38
25
6
2
1
10
6
9
11
-3
-16
-28
-36
-53
-51
-50
-60
-62
-61
-74
-79
-66
-64
-64
-60
-58
-53
-38
-36
-33
-32
-26
-25
-27
-17
-11
-10
-3
0
1
-5
-6
-1
-9
-4
-3
-3
2
-1
8
10
4
1
-7
1
-1
-2
-2
-8
-8
-5
-5
-6
-4
-15
-11
-21
-30
-28
-37
-40
-43
-42
-36
-32
-28
-23
-12
-7
-7
0
-5
-4
7
8
16
23
32
41
60
55
53
56
52
60
49
52
56
68
74
79
79
67
55
47
44
34
38
39
46
45
43
37
28
30
21
12
13
13
10
8
0
4
-13
-25
-21
-31
-40
-41
-54
-64
-61
-56
-50
-46
-55
-60
-56
-60
-47
-38
-33
-30
-30
-27
-17
-13
-13
-17
-22
-24
-22
-21
-11
2
1
1
9
18
20
17
9
-2
-5
-3
4
-3
-6
-11
-8
-4
-5
-8
-5
3
-3
-11
-17
-16
-20
-17
-19
-21
-23
-23
-29
-32
-28
-27
-25
-23
-18
-10
-10
-13
-15
-4
6
26
38
35
45
52
50
55
65
61
55
59
63
72
70
68
58
49
51
49
51
55
60
52
48
49
43
39
38
30
30
30
21
33
30
30
39
38
36
26
20
11
8
5
2
-7
-9
-7
-11
-18
-33
-33
-45
-53
-58
-59
-57
-65
-70
-67
-61
-65
-61
-59
-59
-66
-68
-73
-72
-58
-58
-56
-57
-60
-54
-56
-54
-48
-44
-39
-33
-20
-28
-37
-46
-38
-39
-35
-27
-33
-24
-27
-24
-27
-22
-21
-13
-12
-11
-3
-2
5
0
8
14
12
4
2
2
2
-1
5
24
26
30
35
38
41
28
22
29
34
40
34
42
51
51
37
33
38
40
44
54
67
75
77
64
66
70
71
75
77
83
87
90
96
96
91
86
78
82
77
74
67
55
43
35
25
15
10
2
-6
-14
-10
-16
-36
-45
-59
-65
-68
-68
-71
-66
-64
-66
-67
-79
-80
-85
-82
-73
-73
-63
-60
-60
-52
-49
-53
-61
-64
-63
-68
-70
-74
-71
-73
-82
-79
-74
-67
-50
-45
-34
-24
-16
-9
-2
4
6
-1
5
14
8
17
8
13
16
7
14
15
17
14
25
33
33
32
26
35
37
38
43
53
50
54
55
55
54
56
50
52
56
54
62
57
63
50
50
39
28
23
19
17
11
17
13
13
23
26
27
30
21
20
20
11
6
4
2
4
3
-5
-3
-2
4
4
-10
-14
-10
-12
-27
-23
-40
-43
-45
-55
-52
-53
-56
-54
-52
-48
-61
-59
-53
-54
-49
-49
-48
-48
-48
-49
-44
-48
-54
-42
-39
-44
-33
-35
-38
-30
-30
-31
-24
-13
-14
-5
6
11
10
14
21
27
35
44
53
65
67
63
61
68
61
52
49
40
40
35
40
37
24
23
12
17
22
15
14
16
18
17
13
18
21
20
27
21
12
17
11
9
20
21
40
47
48
52
43
46
50
47
41
45
43
40
44
31
29
28
23
28
23
17
14
8
13
-1
-10
-19
-33
-34
-39
-46
-52
-47
-51
-48
-44
-47
-58
-62
-51
-52
-50
-45
-46
-53
-64
-74
-78
-82
-88
-76
-73
-67
-67
-73
-71
-75
-74
-79
-75
-63
-55
-58
-56
-48
-58
-66
-76
-71
-62
-57
-41
-37
-36
-29
-21
-13
-10
1
11
24
32
45
53
65
74
79
90
95
96
98
101
103
97
91
97
99
96
81
79
79
72
67
68
63
66
57
57
55
52
56
49
50
56
52
45
39
34
41
40
39
33
44
43
44
47
42
29
21
12
6
12
8
7
4
4
-8
-18
-16
-14
-22
-33
-29
-42
-44
-55
-69
-79
-83
-83
-92
-90
-89
-90
-88
-78
-84
-88
-92
-93
-81
-77
-70
-66
-67
-64
-67
-64
-57
-61
-57
-51
-40
-35
-33
-32
-29
-25
-23
-17
-9
-1
4
4
10
11
16
15
17
29
30
32
37
34
32
36
38
41
34
36
30
28
32
34
44
48
36
35
33
29
22
33
46
40
39
35
37
43
34
20
19
16
12
10
14
17
17
13
13
8
3
0
1
5
0
2
8
8
16
19
21
25
12
11
24
30
32
25
25
24
25
30
23
31
29
26
23
24
22
21
17
17
19
9
13
7
3
-4
-8
-8
-13
-13
-17
-17
-19
-22
-34
-35
-36
-49
-50
-49
-46
-50
-47
-36
-40
-33
-27
-28
-19
-26
-32
-30
-23
-17
-23
-29
-27
-31
-36
-36
-39
-43
-41
-43
-45
-36
-31
-28
-30
-28
-20
-17
-14
-12
-9
-7
-4
-2
-2
1
8
18
19
27
31
33
26
16
19
19
15
20
13
17
18
21
28
26
34
28
21
20
23
18
24
23
10
13
10
10
6
17
11
3
6
6
11
10
15
16
14
5
7
8
10
16
9
9
8
11
10
11
19
22
18
18
11
2
1
4
6
6
6
13
8
8
1
-4
-11
-21
-24
-25
-21
-15
-17
-28
-23
-34
-36
-29
-24
-22
-21
-23
-29
-16
-12
-13
-20
-15
-12
-11
-6
-4
1
1
2
2
3
9
7
9
22
24
24
24
22
24
23
18
15
15
16
17
12
13
8
0
-6
-2
0
7
16
23
26
17
14
13
16
17
20
20
20
19
15
14
14
13
9
-2
-9
-7
-14
-16
-20
-32
-32
-27
-29
-28
-32
-38
-39
-38
-26
-23
-25
-20
-16
-10
-13
-9
-8
-8
-6
-8
-2
2
-3
-12
-10
-9
-7
-13
-13
-5
-1
7
10
15
15
15
16
10
9
6
13
2
0
5
7
11
2
-1
-5
-14
-21
-24
-25
-18
-23
-25
-15
-18
-14
-12
-19
-25
-25
-23
-28
-20
-11
-9
-14
-12
-11
-6
-2
3
12
11
11
18
22
23
25
23
26
27
33
32
39
40
45
41
40
41
47
48
42
47
42
36
37
41
32
33
43
38
49
53
42
48
49
46
38
37
27
19
14
12
8
1
-7
-16
-29
-37
-36
-36
-39
-36
-28
-28
-30
-37
-32
-38
-50
-51
-54
-46
-48
-44
-44
-38
-41
-52
-39
-47
-41
-35
-37
-28
-33
-33
-28
-24
-24
-22
-19
-21
-20
-11
-11
-12
-12
-13
-2
-3
-1
-2
-10
-7
-8
-12
-9
-4
-6
-2
-1
-10
-14
-15
-17
-10
-12
-13
-2
0
12
8
12
16
9
7
13
8
8
16
19
23
20
27
21
24
22
22
30
32
38
42
42
39
43
36
33
27
28
33
40
43
33
30
29
27
24
22
25
22
26
22
25
24
22
13
11
12
11
8
4
9
12
8
-3
-2
0
3
14
16
12
14
12
13
8
7
4
-1
-10
-13
-17
-17
-22
-33
-35
-33
-37
-31
-24
-39
-38
-30
-32
-34
-39
-45
-48
-57
-53
-41
-44
-36
-35
-33
-28
-26
-26
-25
-19
-13
-13
-8
-3
-4
2
-5
-3
-1
-4
-1
7
12
11
12
15
9
4
2
4
1
-5
-8
-12
-18
-17
-16
-22
-21
-17
-14
-22
-28
-32
-29
-27
-25
-21
-15
-13
-15
-8
-1
3
17
26
35
42
42
46
47
51
53
54
63
70
59
55
57
51
46
54
42
41
45
30
32
26
22
2
0
6
10
11
3
-3
-12
-12
-15
-10
-15
-21
-32
-33
-30
-43
-40
-46
-44
-47
-54
-50
-48
-43
-29
-32
-34
-37
-32
-18
-15
-15
-6
-9
-5
0
0
4
7
9
16
19
22
30
31
25
26
22
18
21
29
37
28
26
22
26
24
14
16
17
23
23
15
12
11
12
13
10
11
9
2
-5
-2
-2
1
3
-3
-3
4
-1
-1
-2
-2
5
6
10
11
16
22
21
21
22
24
15
7
1
3
5
3
7
4
8
7
7
2
-4
-4
-11
-18
-18
-17
-20
-23
-32
-27
-31
-25
-17
-22
-17
-17
-25
-20
-13
-8
-10
-20
-25
-28
-23
-32
-32
-31
-31
-34
-36
-31
-33
-26
-26
-30
-27
-35
-31
-33
-32
-31
-31
-29
-29
-31
-34
-28
-25
-29
-26
-17
-15
-7
3
9
11
9
5
6
11
17
26
27
30
24
19
25
28
30
32
31
31
35
30
36
41
35
31
37
37
39
41
37
34
28
28
29
25
25
22
25
28
35
37
33
34
28
25
19
25
29
31
26
28
22
16
15
17
18
15
17
18
23
18
10
6
3
-6
-3
-4
-10
-6
-9
-4
-3
-10
-14
-15
-23
-31
-32
-35
-29
-28
-38
-38
-41
-43
-46
-49
-54
-50
-50
-49
-42
-40
-46
-52
-47
-46
-47
-48
-42
-29
-17
-15
-11
-8
-12
-19
-19
-15
-15
-19
-10
-4
2
7
8
6
-1
-1
-6
2
0
-4
3
6
7
13
19
17
12
13
15
19
30
30
30
32
27
21
19
19
25
24
18
22
20
21
16
11
7
10
11
12
21
25
26
21
19
18
21
14
15
14
13
10
10
10
11
11
12
13
12
16
20
20
14
1
0
1
-3
-9
-6
1
1
-2
-4
4
-5
-5
-3
-8
-3
-2
-2
-1
-4
-5
-5
-6
-10
-14
-11
-11
-13
-17
-15
-8
-11
-12
-4
-6
-14
-12
-16
-16
-13
-15
-18
-14
-10
-8
-11
-9
-5
-10
-10
-7
-4
-4
-3
-5
-3
-5
-8
-4
-3
2
1
-2
4
4
3
0
-3
-1
-3
-6
-6
-3
-7
-11
-8
-10
-14
-8
-8
-12
-6
-8
-9
-12
-9
-11
-9
-5
-2
1
1
3
6
6
6
7
9
15
17
12
15
17
18
18
11
11
14
14
11
16
15
13
13
7
8
7
11
6
5
6
10
15
11
14
11
10
6
6
6
-1
-5
0
-1
-4
-4
2
4
5
3
4
4
-1
-3
-3
-3
-2
-3
0
3
0
-6
-6
-10
-14
-12
-9
-10
-13
-9
-11
-17
-15
-13
-8
-7
-6
-4
-1
-4
-8
-10
-12
-12
-12
-12
-9
-2
-3
-2
-4
-4
-4
-7
-7
-4
-4
-6
-9
-4
-4
-3
-5
-7
-3
-3
-1
-2
3
5
5
5
11
8
4
3
2
-1
-4
-3
-2
1
-3
1
4
4
4
6
6
10
12
13
18
19
21
21
20
18
20
20
18
14
14
15
10
12
12
12
10
4
5
1
-3
-2
-1
-5
-5
-6
-2
1
-4
-3
2
0
3
-1
3
3
-3
-1
-5
-8
-7
-9
-11
-11
-8
-9
-10
-6
-2
-2
-2
-2
-3
-4
-7
-5
-5
-2
-6
-7
-9
-10
-11
-12
-7
-13
-14
-10
-11
-7
-4
-7
-9
-10
-9
-5
-8
-5
-1
-7
-10
-6
-5
-8
-4
0
0
3
4
8
7
5
3
4
5
7
6
4
9
8
7
4
4
5
-3
0
6
9
11
6
10
5
2
2
3
1
0
-2
-3
0
-1
2
6
11
9
7
6
2
-1
1
0
-5
0
-2
0
-1
0
-1
-3
1
-2
0
4
0
1
4
2
4
0
1
-2
5
11
9
11
9
7
6
2
2
4
0
4
2
5
5
2
-1
-1
-4
-6
-5
-4
0
-4
-2
-2
0
2
-1
-1
0
-2
-3
0
-1
-3
-10
-12
-12
-12
-12
-16
-15
-13
-16
-15
-10
-10
-13
-14
-15
-15
-15
-14
-8
-5
-1
-2
-2
-2
-5
-2
1
6
9
12
12
12
13
12
16
17
10
6
12
15
15
17
20
24
18
16
19
17
16
16
17
16
14
9
9
10
9
7
1
5
4
2
0
5
2
-1
-4
-7
-4
-3
-7
-8
-7
-11
-13
-14
-17
-20
-22
-23
-24
-21
-19
-17
-10
-6
-6
-11
-13
-13
-10
-9
-6
-4
-2
-4
-6
-11
-8
-6
-5
-2
3
11
16
13
9
7
0
0
-4
-3
-5
-7
-9
-15
-12
-14
-15
-12
-8
-6
-2
-1
2
4
4
4
3
2
4
7
2
1
2
2
-1
0
2
5
8
7
10
9
11
13
11
9
12
17
17
17
17
15
15
11
5
4
9
11
5
6
8
10
10
12
10
8
8
4
7
7
2
-1
-7
-4
-1
-2
-2
-1
-1
-3
-4
-8
-7
-7
-6
-6
-1
4
4
-1
-4
0
-3
-5
-9
-11
-6
-5
-8
-7
0
0
-2
-5
-1
-2
-4
-4
-8
-7
-8
-7
-11
-10
-9
-11
-11
-10
-9
-7
-5
-10
-8
-5
-5
-6
-7
-6
-3
-6
-5
-3
-5
-1
-1
-3
-3
-7
-9
-5
-3
-1
3
1
1
3
4
3
1
-3
-3
-2
0
4
9
13
10
7
10
12
12
9
7
10
13
10
11
12
10
12
10
8
6
8
4
3
3
2
4
3
0
-1
0
-2
-2
-3
-8
-10
-11
-8
-11
-10
-11
-11
-5
-2
3
5
6
6
7
5
1
4
9
12
12
7
7
-1
-6
-4
-4
-3
-4
1
2
2
5
6
7
3
1
3
-2
-4
0
-2
-3
-3
-2
-1
2
0
-1
-2
-3
0
1
1
1
2
1
0
3
6
7
4
-1
-1
-2
-2
1
1
-1
-2
0
-4
-8
-7
-5
-2
-2
2
2
3
2
-1
-1
-7
-6
-6
-9
-9
-9
-6
-7
-8
-10
-12
-9
-11
-11
-9
-5
-2
2
0
2
3
3
2
4
7
9
5
6
5
-1
-1
-2
-3
-1
1
3
3
1
3
3
6
7
2
2
2
0
2
0
2
2
-3
-7
-9
-5
-1
-2
-3
2
2
2
4
0
-1
3
2
1
4
2
0
-2
0
-1
-3
-3
-1
5
10
9
12
11
12
11
11
11
6
6
2
4
5
0
0
1
0
-4
0
2
2
0
-4
-2
-2
-3
-4
-4
-4
-2
-3
-2
2
-2
-5
-12
-17
-13
-11
-14
-15
-11
-10
-6
-5
-4
-1
-2
0
1
-1
0
0
1
4
5
4
4
2
4
7
9
7
5
2
-3
-3
-2
0
5
4
9
7
4
3
0
-1
-2
-1
0
1
2
2
4
2
-3
-6
-8
-11
-5
-1
-2
-5
-2
-2
-7
-5
-3
1
0
0
4
6
4
0
1
2
4
5
7
11
12
8
8
8
5
4
-1
-1
2
1
1
0
-1
-3
-10
-10
-9
-7
-2
-4
0
3
0
-3
-5
-5
-5
-5
-3
-6
-7
-8
-8
-6
-3
-2
-1
0
1
3
2
5
9
9
7
6
9
10
5
3
2
1
3
3
6
9
9
8
6
6
3
1
2
4
3
2
4
3
-1
-3
-4
-3
-5
-4
0
-1
4
5
0
1
0
0
1
1
0
4
4
2
-1
0
-5
-9
-9
-9
-6
-8
-8
-7
-8
-8
-8
-8
-9
-9
-8
-7
-5
-6
-5
-2
-3
1
-2
-2
-5
-8
-8
-4
-1
3
6
6
6
4
2
1
-2
-1
2
2
4
6
5
4
3
4
3
1
3
6
3
0
-3
-4
-4
-2
0
1
4
6
4
1
-2
0
-1
-4
-3
-5
0
0
-2
-1
-1
-2
-2
-1
-1
0
5
7
5
4
-1
-5
-3
-5
-2
0
1
5
4
5
7
8
4
3
3
1
-1
2
3
2
2
1
-2
2
7
7
8
8
8
10
10
6
1
2
3
4
6
4
4
5
2
1
2
1
0
-6
-7
-2
4
3
1
0
-4
-5
-5
-3
-1
-2
-4
-6
-5
-2
-5
-6
-8
-12
-12
-8
-8
-11
-6
-3
-3
-5
-9
-9
-11
-12
-11
-8
0
-4
-7
-10
-11
-8
-9
-7
-3
2
0
2
5
3
0
-2
2
1
1
3
4
5
6
8
10
11
5
3
0
-2
0
-3
0
6
7
6
7
8
9
9
7
4
5
3
2
4
6
6
6
8
4
6
5
5
2
3
5
6
8
7
4
5
5
5
6
5
6
6
2
-2
-3
-2
-4
-7
-5
-4
-4
-2
-4
-4
-8
-12
-12
-10
-10
-9
-6
-4
-6
-6
-3
-4
-6
-6
-7
-8
-5
-3
0
0
1
-2
-6
-4
-6
-5
-3
-1
1
1
4
4
2
4
3
2
1
0
0
1
2
3
3
3
1
-1
-2
-2
-2
-2
-2
3
5
5
8
9
8
5
5
8
7
7
11
12
11
9
7
7
6
4
5
3
5
2
1
4
3
1
0
0
-1
-3
-1
-2
-3
-4
-5
-8
-9
-6
-5
-3
-4
-4
-3
-1
-1
1
1
-4
-3
-4
-3
-7
-8
-8
-4
-5
-6
-7
-6
-6
-8
-9
-11
-10
-7
-4
-2
-2
-2
-1
-5
-8
-5
-6
-3
-2
-3
1
-1
-1
-1
-1
0
-1
-4
-6
-6
-5
-1
0
1
-3
-2
0
-1
0
3
7
6
8
7
8
7
5
3
0
-1
1
1
6
8
7
9
9
8
8
6
5
4
5
7
9
7
10
13
12
11
11
9
10
11
13
13
10
8
5
4
5
5
5
5
6
3
1
2
0
-1
-3
-2
-5
-8
-9
-6
-5
-5
-1
-1
-2
-7
-10
-10
-12
-15
-12
-11
-9
-8
-8
-6
-10
-11
-11
-12
-14
-13
-10
-10
-9
-7
-5
-6
-7
-6
-4
-8
-9
-7
-5
-1
-1
2
3
-3
-3
-5
-3
0
1
7
8
5
5
5
3
4
2
2
0
1
3
6
7
7
8
8
7
5
4
6
7
8
6
1
1
0
-1
-2
-1
-1
-2
-3
-3
0
2
2
4
1
1
4
5
7
7
6
5
8
8
6
5
3
2
-1
0
2
0
3
2
1
1
0
-3
-5
-4
-3
-4
0
-1
0
-1
-3
-5
-5
-6
-5
-1
2
3
4
5
6
4
1
1
-1
-2
-1
-2
-3
-4
-4
-4
-3
-3
-2
-5
-6
-5
-4
-3
0
2
2
-1
-1
0
0
2
0
-1
-2
-2
1
1
-1
-1
-2
-1
2
3
3
4
7
4
3
3
2
1
-1
0
-2
1
-1
-3
1
3
2
-1
-1
2
-1
-2
-1
-1
-3
-4
-4
-3
-1
-2
-3
-6
-8
-9
