3
3
3
5
3
2
2
1
-2
1
-1
-3
-4
-5
-3
-1
2
4
6
2
-1
-1
1
4
6
6
4
0
-4
-4
-3
-2
-2
-2
-3
-3
-1
-2
1
-1
-1
-3
-6
-5
-5
-4
-2
4
1
0
-1
-6
-2
-2
0
4
0
-4
-2
-4
-1
3
3
1
-1
0
2
3
0
-2
-7
-9
-8
-3
-1
-1
-3
-7
-6
-8
-4
-1
-1
3
3
2
2
0
1
3
2
7
7
5
3
2
6
7
6
5
1
0
0
2
5
7
3
1
1
4
5
4
4
-1
-1
0
1
1
1
2
-2
-4
-1
1
-1
-3
-3
-1
0
1
3
2
3
1
5
3
4
2
2
-1
0
0
-3
-2
-5
-3
-2
0
0
-1
-4
-5
-6
-3
1
2
-1
-3
-7
-6
-4
-3
-2
-5
-5
-4
0
2
5
2
0
-4
-7
-5
-1
3
4
5
-1
-1
-4
-5
-1
-1
-2
-2
3
1
4
2
0
-2
-4
-7
-2
2
0
5
5
4
2
-1
-1
3
3
6
2
1
0
-4
-5
-6
-3
-3
-3
-3
-3
-2
3
3
-2
-2
-3
-3
-1
-1
-1
1
1
-1
-2
0
-1
0
3
5
6
5
5
4
4
4
2
3
5
5
5
4
1
1
1
-1
0
-1
1
0
1
1
-1
1
3
2
2
2
2
0
0
1
6
6
4
4
3
3
1
2
1
1
0
1
2
-2
-1
-6
-5
-3
1
-1
0
-2
-4
-2
-3
-3
-2
-2
-4
-2
-3
-4
-3
-7
-6
-3
-3
-2
0
-2
-2
0
1
2
1
1
1
1
2
3
4
1
-2
-3
-5
-2
1
2
2
1
-1
-3
-5
-6
-7
-8
-2
0
-1
1
0
-3
-1
1
1
3
3
5
3
2
3
2
1
-3
-1
0
0
0
-2
0
5
1
2
4
1
-3
-6
-5
-6
-1
0
3
1
1
-1
0
2
1
3
1
0
0
2
1
2
5
2
0
-3
0
2
2
2
0
-2
-1
-3
-3
-1
1
0
-1
1
0
-1
3
3
1
1
-1
3
5
3
3
4
1
0
2
5
7
4
-1
-3
-3
-3
3
2
6
3
0
0
-2
1
1
1
1
-1
-2
-1
-1
-1
-1
-2
-3
-4
-6
-5
-4
-3
-2
-5
-4
-4
-3
-1
-3
-1
0
-1
1
3
2
0
-1
-4
-5
-5
-3
-1
0
-2
1
1
3
3
4
3
1
0
-1
2
4
5
8
2
-1
-2
-3
-3
-2
4
6
6
5
3
3
0
-3
-1
1
5
7
6
4
1
-2
-2
-1
4
-1
-4
-4
-4
-2
-4
-5
-3
0
-4
-2
0
1
1
0
2
3
2
0
0
0
-3
-5
-4
-4
-4
-5
-5
-3
-2
-1
-1
-2
-4
-2
0
3
0
-3
-1
-1
-2
-3
0
-2
-3
-2
-1
-2
-2
-2
0
2
4
5
4
2
2
-1
-1
1
-1
3
1
2
2
3
3
1
-1
-3
3
4
6
5
1
2
1
3
3
3
3
0
3
3
3
5
3
2
2
-1
-1
-2
-1
0
3
4
3
-2
-4
-4
-4
-3
-3
0
-4
-6
-5
-4
-3
-5
-6
-3
-3
-5
-1
-1
-3
-4
-7
-7
-2
0
2
2
1
-1
0
2
3
3
2
2
1
3
1
3
3
7
5
1
-1
0
-1
-1
0
3
2
1
3
0
-2
-1
-2
-3
-1
-2
3
3
2
2
-2
-2
0
-2
2
3
2
3
3
4
6
5
4
3
6
7
7
3
-1
0
-1
0
2
3
2
-1
-2
-1
-3
-2
-1
-1
-1
-1
-1
-1
0
-2
-4
-6
-6
-6
-5
-4
-1
0
3
1
2
0
-2
-1
1
1
2
-1
-5
-5
-5
-2
-2
0
1
2
-2
-1
-3
-6
-2
-2
0
-1
-2
-1
0
1
1
1
0
-2
-3
-1
1
0
0
0
0
0
0
-1
1
3
2
3
0
-1
0
-1
-1
2
1
-1
1
-2
-3
-2
-3
-1
1
-1
-2
0
0
1
5
4
2
2
-2
0
-1
-1
4
7
8
4
3
0
-1
3
4
5
4
5
6
4
5
1
0
0
4
3
1
1
1
0
0
-2
1
1
-1
1
2
2
-1
0
-1
0
-4
-7
-6
-6
-3
0
1
0
-1
-4
-2
-1
-1
1
2
2
1
2
3
1
2
1
-1
-1
-1
2
0
1
-2
-5
-6
-5
-3
-5
0
-1
2
1
-2
-3
-1
-1
-3
-1
0
-2
-2
-6
-6
-6
-7
-2
1
0
2
1
-5
-6
-4
0
3
4
2
-2
-3
-4
-7
-4
-4
-2
0
-2
-5
-6
-4
-5
-3
-3
-1
1
-1
2
6
7
7
7
1
-2
-3
-1
1
8
8
8
5
2
6
5
5
7
4
3
0
-2
1
5
7
6
0
-2
-5
-3
1
5
8
6
6
3
5
2
3
4
2
1
0
1
-1
-1
3
2
-1
0
-2
0
1
2
4
2
0
0
1
0
2
3
2
-2
-3
-4
-5
-3
-4
-2
0
2
0
1
0
-1
-1
-1
-3
-2
-3
-3
-1
1
-3
-4
-7
-9
-7
-6
0
3
1
0
0
-1
-4
-5
-4
-3
-2
-3
-2
-3
-2
-2
0
0
-4
-3
-6
-5
-5
-5
-5
0
0
-2
-3
-8
-8
-8
-6
-4
0
4
6
8
6
5
2
2
2
1
6
11
13
11
10
6
4
1
2
6
5
4
4
6
5
3
4
4
3
4
4
5
8
6
5
4
4
2
0
1
2
4
5
2
2
1
3
6
11
11
7
3
-3
-5
-5
-2
2
4
3
-2
-6
-11
-10
-11
-11
-7
-3
-3
-3
-2
-3
-3
-3
-3
-4
-3
-1
-1
1
-1
-3
-5
-4
-4
-2
-3
-7
-1
-7
-9
-5
-4
-2
1
3
2
4
1
-7
-10
-13
-14
-11
-6
0
3
4
2
2
-1
-4
-4
-3
-2
-1
-2
-1
-1
-3
-4
-2
1
5
10
15
13
11
7
1
0
3
8
13
12
9
-3
-18
-22
-22
-7
6
21
27
26
18
4
-9
-18
-17
-8
11
16
12
-1
-13
-18
-18
-9
2
11
16
15
14
9
1
4
14
25
34
42
49
46
52
41
31
24
18
19
15
12
-3
-16
-38
-54
-71
-80
-86
-84
-81
-78
-70
-65
-54
-43
-32
-18
-8
1
8
15
22
30
31
33
37
41
42
41
35
27
19
11
10
4
-1
-9
-12
-22
-30
-34
-34
-37
-37
-34
-37
-35
-37
-35
-29
-24
-15
-9
-2
0
6
19
22
23
29
31
33
37
45
50
50
46
44
38
29
30
32
32
37
34
33
25
17
16
13
13
19
28
34
34
31
22
17
11
9
10
12
16
18
17
9
4
-5
-10
-11
-11
-10
-10
-7
-3
-11
-19
-27
-33
-36
-33
-32
-37
-36
-38
-39
-35
-39
-47
-49
-52
-53
-49
-46
-44
-44
-44
-48
-46
-41
-38
-39
-38
-39
-40
-35
-27
-17
-8
-1
8
16
18
26
28
31
35
39
37
40
47
53
64
68
66
58
53
48
42
35
34
32
32
31
35
33
30
28
20
16
13
14
10
12
12
6
2
-1
4
4
5
3
-2
-5
-1
2
5
8
2
-10
-24
-31
-32
-28
-17
-14
-15
-24
-34
-42
-38
-36
-38
-37
-41
-47
-54
-57
-63
-74
-89
-104
-108
-115
-118
-102
-92
-89
-88
-92
-98
-92
-81
-69
-54
-35
-15
5
32
56
83
102
125
150
172
194
209
226
238
249
250
250
245
233
212
192
169
131
112
82
52
24
5
-11
-29
-46
-62
-73
-82
-89
-92
-95
-94
-81
-66
-46
-25
-9
8
7
11
12
23
34
47
57
61
55
34
26
17
12
4
-7
-24
-48
-78
-107
-134
-158
-188
-244
-288
-334
-350
-350
-357
-353
-365
-346
-329
-321
-318
-301
-269
-226
-185
-147
-82
-13
55
113
176
232
300
351
383
410
438
465
467
441
417
395
370
336
287
233
180
125
78
33
3
-34
-49
-88
-98
-118
-113
-114
-126
-104
-101
-91
-99
-81
-63
-24
1
27
74
104
137
166
186
211
246
269
282
305
331
355
352
345
313
281
230
174
128
77
14
-40
-113
-176
-229
-278
-317
-342
-354
-379
-403
-428
-429
-440
-434
-416
-383
-353
-313
-308
-301
-330
-352
-387
-389
-380
-352
-310
-294
-281
-308
-318
-324
-334
-340
-325
-311
-302
-279
-235
-180
-80
33
161
286
412
507
607
691
762
811
856
885
893
879
850
805
720
627
524
424
318
238
134
56
-63
-117
-202
-243
-278
-311
-293
-321
-324
-364
-377
-348
-313
-222
-156
-63
10
42
104
165
250
329
395
466
544
585
633
655
695
709
715
690
634
565
517
411
310
185
59
-41
-142
-212
-277
-333
-436
-526
-591
-633
-647
-668
-669
-647
-619
-574
-555
-546
-570
-633
-720
-774
-825
-789
-769
-735
-703
-685
-668
-687
-719
-753
-758
-715
-671
-619
-546
-444
-300
-144
47
238
422
578
712
834
945
1030
1100
1123
1120
1118
1085
1041
979
889
790
633
499
379
271
202
143
96
26
-54
-152
-206
-224
-254
-272
-318
-313
-336
-345
-318
-306
-226
-168
-123
-62
-18
15
49
46
93
117
178
241
304
388
430
495
522
541
537
515
493
456
404
348
305
262
216
199
183
138
66
5
-66
-114
-178
-232
-307
-370
-431
-491
-513
-548
-570
-592
-598
-577
-555
-535
-507
-516
-511
-539
-584
-615
-672
-642
-631
-620
-622
-618
-580
-562
-545
-568
-554
-535
-506
-487
-461
-357
-195
-27
129
302
475
632
785
907
997
1078
1140
1156
1154
1108
1033
986
904
805
703
591
482
384
282
168
86
31
-52
-138
-189
-277
-286
-348
-412
-402
-420
-411
-414
-403
-365
-312
-265
-233
-166
-119
-38
-8
47
92
143
211
272
351
423
518
570
614
644
633
598
524
472
437
386
351
301
267
199
132
55
-9
-72
-133
-206
-265
-316
-380
-452
-530
-585
-613
-622
-639
-659
-681
-754
-843
-916
-988
-977
-999
-1009
-1008
-1001
-952
-923
-889
-830
-776
-713
-644
-573
-498
-351
-200
-26
165
335
525
726
909
1065
1212
1328
1405
1425
1426
1425
1373
1293
1178
1038
936
849
777
693
591
488
384
270
163
72
-17
-119
-201
-320
-369
-469
-534
-529
-561
-501
-535
-496
-461
-445
-432
-433
-409
-389
-365
-349
-298
-217
-148
-66
2
86
147
221
283
330
372
377
398
390
414
426
419
396
336
306
254
193
138
87
47
-45
-126
-200
-268
-333
-409
-446
-484
-542
-602
-604
-574
-542
-494
-471
-442
-488
-544
-616
-667
-645
-637
-631
-663
-659
-633
-608
-591
-563
-501
-457
-438
-429
-388
-275
-143
9
155
319
518
725
921
1098
1250
1364
1432
1438
1410
1364
1292
1213
1099
950
816
683
580
473
371
273
170
39
-57
-137
-221
-281
-345
-418
-466
-538
-623
-610
-605
-557
-532
-523
-493
-431
-361
-304
-270
-237
-201
-159
-134
-81
-25
40
78
130
217
286
362
421
446
456
456
414
386
356
298
247
188
127
86
52
15
-21
-59
-109
-163
-237
-292
-354
-429
-480
-529
-581
-601
-622
-603
-583
-597
-631
-670
-689
-708
-706
-740
-726
-699
-685
-679
-688
-659
-585
-521
-447
-374
-286
-179
-67
74
226
389
567
718
854
972
1078
1201
1286
1334
1334
1308
1241
1149
1037
911
801
677
547
443
338
264
232
191
143
94
16
-42
-138
-201
-299
-361
-401
-485
-471
-539
-517
-504
-499
-445
-429
-355
-297
-253
-222
-194
-169
-162
-105
-90
7
67
128
207
248
309
334
366
362
363
351
321
301
250
220
143
87
55
-14
-32
-61
-69
-89
-124
-178
-250
-338
-409
-461
-491
-511
-521
-535
-548
-543
-548
-575
-593
-620
-643
-651
-683
-679
-677
-646
-646
-652
-643
-616
-570
-516
-488
-424
-322
-193
-34
133
288
467
650
805
974
1110
1235
1316
1363
1349
1316
1270
1185
1101
986
864
742
638
537
431
346
252
180
98
26
-41
-80
-128
-216
-252
-336
-394
-454
-518
-509
-496
-456
-428
-433
-425
-433
-411
-402
-349
-324
-299
-271
-264
-224
-226
-187
-153
-89
-5
77
153
199
243
287
312
332
310
322
306
268
225
185
163
139
83
29
-13
-67
-102
-148
-189
-204
-232
-275
-319
-353
-374
-408
-415
-445
-472
-530
-551
-551
-560
-566
-585
-586
-605
-626
-633
-615
-588
-542
-504
-479
-413
-333
-231
-116
4
146
294
450
595
774
946
1094
1214
1288
1329
1325
1298
1250
1175
1081
962
828
732
628
555
497
449
395
290
252
161
120
20
-79
-142
-276
-343
-457
-545
-587
-637
-658
-670
-666
-658
-614
-576
-527
-488
-471
-418
-433
-376
-323
-281
-225
-190
-124
-53
16
69
133
184
219
260
255
279
266
228
195
133
108
49
25
15
3
3
-24
-64
-104
-149
-163
-190
-227
-266
-292
-360
-409
-458
-525
-570
-638
-653
-686
-677
-665
-650
-602
-580
-566
-553
-529
-491
-463
-410
-369
-317
-227
-114
56
233
444
632
818
994
1134
1292
1404
1490
1513
1485
1428
1343
1255
1138
1008
868
729
604
479
385
325
266
189
120
43
-16
-71
-166
-228
-347
-425
-527
-654
-678
-753
-742
-730
-731
-711
-691
-673
-634
-567
-543
-495
-478
-479
-437
-420
-344
-281
-236
-164
-126
-45
29
143
225
303
345
381
388
378
415
396
357
309
240
214
160
132
84
39
-13
-61
-86
-108
-118
-141
-189
-215
-267
-297
-329
-381
-411
-475
-499
-554
-572
-616
-618
-588
-542
-501
-488
-473
-439
-408
-346
-308
-239
-173
-99
-17
102
271
420
613
772
953
1099
1247
1359
1409
1412
1329
1239
1114
966
827
705
597
476
361
266
203
156
128
98
22
-16
-98
-182
-285
-401
-529
-624
-758
-853
-895
-949
-915
-899
-881
-835
-803
-748
-661
-606
-530
-452
-385
-328
-286
-275
-208
-152
-89
-10
65
146
239
290
364
416
457
497
517
554
550
509
452
385
305
259
191
164
119
75
51
14
8
-2
-32
-53
-104
-147
-198
-232
-272
-326
-381
-450
-455
-464
-449
-428
-395
-383
-367
-367
-371
-372
-376
-344
-324
-306
-249
-181
-60
72
197
371
538
718
869
1016
1136
1228
1265
1259
1240
1188
1110
1006
854
697
512
332
181
55
-33
-116
-175
-227
-294
-339
-393
-432
-459
-532
-595
-652
-753
-786
-855
-859
-841
-839
-778
-727
-665
-560
-481
-395
-285
-240
-193
-161
-171
-115
-83
-47
2
2
48
97
161
246
340
411
467
483
520
552
549
526
478
411
343
275
217
166
134
100
53
24
-13
-39
-59
-100
-98
-102
-138
-179
-217
-284
-362
-445
-503
-534
-542
-534
-531
-505
-476
-477
-463
-425
-390
-342
-307
-300
-266
-202
-114
15
149
306
492
659
819
962
1102
1235
1308
1314
1278
1218
1116
991
833
685
522
356
212
103
10
-46
-92
-120
-187
-222
-279
-312
-329
-403
-458
-563
-646
-765
-816
-876
-880
-868
-863
-808
-797
-751
-668
-601
-497
-422
-355
-284
-218
-148
-107
-43
-15
35
78
150
220
298
378
457
514
564
610
633
636
620
584
549
479
398
306
211
155
79
47
20
-30
-51
-78
-105
-126
-143
-169
-193
-226
-249
-287
-336
-406
-469
-490
-494
-476
-466
-449
-436
-412
-427
-418
-391
-355
-317
-290
-249
-158
-60
53
190
325
468
613
758
891
1008
1111
1208
1261
1273
1233
1153
1042
900
741
599
429
246
88
-59
-178
-250
-320
-347
-391
-432
-439
-490
-499
-579
-643
-712
-782
-846
-869
-938
-934
-935
-952
-900
-843
-743
-614
-527
-407
-272
-203
-95
-38
12
67
102
119
177
209
292
355
420
512
577
639
712
750
791
794
761
727
679
625
551
489
396
295
188
105
35
-4
-38
-72
-105
-145
-181
-213
-252
-259
-299
-291
-349
-385
-436
-474
-463
-479
-469
-488
-475
-452
-428
-406
-409
-391
-384
-369
-323
-290
-188
-116
-24
66
188
350
502
642
744
823
892
931
943
922
873
789
688
560
431
308
183
84
-59
-176
-302
-386
-424
-445
-454
-499
-508
-527
-549
-554
-600
-593
-660
-698
-721
-771
-731
-739
-676
-621
-519
-429
-318
-200
-89
55
141
235
289
319
372
391
452
506
562
612
634
683
721
788
820
859
884
871
844
795
744
669
589
494
376
277
171
91
-7
-67
-112
-185
-229
-297
-326
-358
-380
-408
-417
-405
-415
-399
-416
-463
-522
-575
-596
-640
-648
-644
-641
-640
-647
-645
-627
-577
-530
-459
-385
-311
-212
-125
-13
68
184
329
452
574
661
750
824
882
902
893
867
803
722
607
463
306
149
8
-129
-226
-314
-363
-370
-395
-401
-417
-404
-404
-398
-442
-478
-509
-553
-609
-657
-633
-661
-589
-574
-517
-401
-335
-228
-148
-67
21
106
172
242
327
375
451
482
517
586
630
696
728
784
812
827
853
870
894
888
866
801
731
663
563
485
358
251
132
10
-109
-196
-251
-293
-320
-367
-390
-388
-377
-366
-331
-306
-284
-296
-340
-400
-445
-498
-538
-586
-633
-652
-667
-653
-639
-646
-620
-599
-554
-500
-466
-396
-356
-316
-264
-188
-106
17
134
231
320
409
501
595
663
688
684
653
604
524
411
305
194
65
-33
-136
-202
-229
-242
-251
-266
-278
-268
-266
-246
-252
-263
-276
-320
-325
-362
-360
-327
-307
-257
-233
-198
-121
-34
32
149
234
310
385
415
488
548
584
638
654
673
671
694
734
757
791
803
806
803
794
766
745
695
616
530
397
278
168
65
-17
-132
-219
-304
-368
-414
-445
-469
-476
-489
-516
-541
-533
-542
-536
-540
-583
-623
-667
-724
-755
-776
-783
-801
-791
-768
-750
-724
-710
-667
-634
-590
-572
-533
-477
-419
-352
-286
-184
-63
74
223
364
503
634
728
785
800
783
752
709
627
541
437
332
233
133
49
-5
-49
-86
-81
-97
-98
-72
-56
-42
-59
-70
-99
-138
-139
-195
-210
-233
-262
-245
-232
-175
-93
-9
63
160
246
337
418
491
574
622
662
708
730
767
787
776
763
752
764
787
798
792
780
725
653
579
506
446
349
254
143
22
-69
-167
-254
-330
-404
-479
-555
-612
-638
-666
-695
-720
-762
-773
-764
-741
-720
-706
-710
-746
-777
-797
-835
-840
-836
-845
-842
-856
-859
-844
-811
-750
-679
-633
-559
-490
-396
-268
-160
-43
82
215
360
497
626
745
836
897
917
923
915
891
835
753
647
547
425
323
228
153
110
86
79
64
28
29
14
-5
-8
-52
-63
-101
-159
-176
-221
-219
-236
-243
-212
-182
-113
-32
39
97
191
254
338
420
467
538
559
591
623
642
684
687
702
701
692
684
676
658
644
630
570
522
454
382
303
198
106
-12
-128
-230
-342
-434
-504
-581
-645
-696
-731
-757
-772
-770
-768
-761
-744
-730
-735
-746
-786
-824
-846
-881
-918
-957
-973
-977
-965
-925
-879
-829
-766
-690
-605
-517
-428
-342
-243
-149
-46
83
205
345
472
581
683
783
900
988
1045
1072
1079
1042
982
909
816
717
610
512
414
315
237
175
146
109
76
61
23
42
2
-37
-86
-143
-164
-197
-201
-245
-242
-250
-242
-218
-185
-90
-3
79
166
239
326
380
454
498
537
563
547
571
581
614
631
628
614
593
601
595
592
581
550
493
391
304
205
121
7
-128
-229
-361
-462
-568
-629
-686
-739
-785
-838
-862
-891
-888
-884
-884
-892
-913
-912
-930
-936
-953
-962
-974
-989
-986
-976
-940
-897
-831
-760
-702
-631
-544
-442
-347
-269
-198
-131
-35
80
191
319
464
609
746
868
992
1123
1222
1300
1335
1325
1299
1239
1160
1064
946
817
664
526
396
272
169
87
30
-17
-52
-79
-103
-110
-134
-153
-199
-240
-282
-338
-342
-373
-376
-373
-360
-318
-259
-173
-68
47
143
262
362
438
516
558
610
629
620
619
598
590
577
557
523
502
483
447
408
352
305
231
147
76
-21
-98
-201
-305
-387
-476
-548
-620
-679
-740
-780
-826
-884
-907
-923
-916
-920
-905
-875
-839
-792
-762
-708
-682
-675
-687
-684
-647
-617
-582
-538
-495
-442
-418
-381
-351
-301
-242
-174
-110
-60
10
89
184
268
379
512
647
766
865
957
1056
1127
1176
1189
1170
1125
1050
953
846
706
548
407
267
152
45
-39
-99
-137
-150
-159
-156
-137
-127
-129
-142
-155
-173
-222
-297
-334
-382
-386
-368
-350
-272
-199
-103
2
108
229
333
420
505
546
579
606
605
591
583
539
517
482
433
415
380
360
342
321
310
281
248
203
147
77
-6
-108
-218
-316
-416
-515
-628
-721
-793
-865
-931
-959
-972
-969
-966
-956
-940
-911
-872
-818
-778
-704
-656
-626
-566
-559
-503
-468
-419
-372
-314
-260
-203
-175
-169
-144
-140
-109
-55
-12
73
149
237
355
432
555
676
801
918
1028
1106
1157
1181
1168
1129
1063
969
867
732
579
428
284
167
60
-32
-119
-178
-222
-233
-231
-234
-244
-250
-260
-263
-293
-310
-345
-367
-387
-378
-381
-335
-271
-215
-109
-42
70
162
258
380
471
540
604
625
621
608
571
543
533
487
476
444
411
406
370
359
329
295
260
196
132
63
-19
-119
-228
-340
-453
-551
-655
-737
-827
-890
-955
-1010
-1028
-1044
-1017
-981
-938
-879
-820
-743
-671
-588
-481
-396
-307
-246
-169
-130
-91
-55
-31
-14
-25
-27
-39
-14
-19
-24
-32
-30
-14
15
50
100
160
246
319
394
488
573
656
699
746
784
793
799
780
759
702
624
540
450
361
254
160
54
-26
-83
-128
-139
-139
-116
-108
-94
-100
-101
-88
-103
-108
-137
-141
-153
-170
-177
-136
-113
-56
0
55
137
203
280
350
401
451
490
493
499
485
458
424
366
310
275
213
185
155
120
112
76
46
13
-21
-65
-116
-188
-259
-344
-444
-520
-614
-681
-728
-782
-803
-807
-784
-749
-716
-664
-612
-545
-478
-408
-343
-276
-216
-169
-119
-86
-55
-7
5
13
-2
-3
-9
-17
-9
-34
-44
-56
-67
-80
-99
-126
-126
-110
-112
-82
-38
14
88
132
200
259
329
411
480
542
577
604
611
607
576
538
494
420
359
299
234
171
102
34
-7
-35
-67
-75
-75
-69
-59
-63
-64
-54
-51
-54
-48
-31
-21
-17
1
19
61
81
123
162
195
238
252
274
297
307
292
278
259
234
217
200
198
180
156
152
130
128
115
92
63
28
-3
-40
-74
-123
-172
-230
-280
-324
-383
-415
-437
-447
-441
-451
-437
-426
-421
-419
-413
-387
-383
-374
-364
-363
-351
-340
-303
-250
-198
-162
-122
-98
-60
-38
-35
-37
-55
-87
-123
-169
-198
-210
-241
-244
-240
-218
-182
-139
-90
-31
30
101
153
209
279
344
398
434
462
481
505
517
526
525
502
457
398
331
265
207
149
80
-2
-75
-126
-156
-167
-171
-160
-152
-144
-122
-106
-69
-32
-14
0
15
18
38
57
81
102
119
124
133
162
198
245
285
314
326
355
362
384
402
398
390
364
337
314
290
270
250
225
191
150
113
97
59
14
-28
-83
-122
-174
-214
-240
-267
-300
-343
-381
-415
-440
-458
-479
-504
-521
-516
-501
-480
-457
-424
-378
-337
-305
-263
-206
-160
-134
-115
-117
-133
-166
-193
-216
-241
-266
-295
-319
-332
-328
-313
-286
-250
-217
-181
-151
-136
-94
-48
10
70
113
161
195
247
290
320
364
402
432
451
455
437
415
380
335
285
221
158
101
55
21
5
19
40
63
90
111
151
156
175
180
187
199
176
156
139
127
112
111
108
118
149
182
232
288
340
393
413
438
446
448
445
411
373
318
269
218
169
117
67
24
-17
-53
-97
-127
-150
-177
-202
-225
-240
-270
-314
-361
-409
-439
-472
-506
-529
-556
-573
-589
-590
-581
-550
-521
-488
-444
-403
-355
-301
-252
-210
-173
-121
-80
-58
-38
-42
-44
-81
-110
-142
-150
-165
-183
-206
-224
-246
-263
-260
-250
-227
-212
-193
-164
-123
-74
-17
55
129
206
296
367
446
507
547
582
588
580
568
552
515
486
430
368
313
252
210
173
150
135
123
112
108
108
108
132
133
138
150
155
171
181
185
204
198
206
216
216
234
248
274
295
302
291
275
261
233
203
173
146
102
63
30
-19
-55
-87
-121
-148
-171
-181
-190
-201
-217
-239
-266
-291
-325
-355
-372
-403
-430
-453
-479
-490
-495
-489
-475
-462
-443
-415
-391
-362
-325
-278
-231
-178
-135
-84
-60
-39
-31
-27
-15
-23
-35
-60
-90
-121
-149
-181
-192
-219
-241
-243
-257
-271
-261
-254
-238
-217
-196
-169
-131
-87
-39
34
106
182
255
324
396
464
522
567
604
617
604
580
545
497
439
380
311
244
184
135
105
92
96
104
122
131
145
158
166
174
173
162
138
89
51
27
-6
0
-4
-12
-16
-3
23
69
118
157
192
200
205
201
194
184
160
111
68
22
-12
-28
-45
-51
-48
-45
-44
-36
-27
-24
-14
-16
-29
-49
-80
-119
-146
-180
-210
-237
-256
-274
-292
-290
-286
-293
-301
-298
-304
-287
-277
-278
-267
-263
-266
-254
-224
-200
-169
-154
-145
-142
-145
-158
-176
-207
-238
-272
-302
-337
-365
-381
-402
-411
-393
-359
-320
-267
-219
-162
-83
-9
60
148
233
311
376
455
520
573
617
640
644
634
616
582
542
491
422
358
283
218
159
115
79
49
23
4
-1
-15
-5
-1
2
1
-3
-6
-27
-34
-32
-41
-33
-36
-29
-14
-10
4
30
53
69
89
96
114
126
149
175
192
213
224
229
219
209
192
187
192
191
188
188
183
166
136
105
73
46
12
-23
-60
-106
-155
-216
-266
-315
-361
-392
-423
-435
-444
-448
-445
-438
-414
-396
-373
-344
-316
-292
-274
-268
-259
-246
-227
-206
-191
-177
-169
-166
-168
-171
-168
-171
-175
-178
-189
-200
-213
-217
-213
-207
-181
-138
-100
-62
-6
43
90
142
211
288
359
411
447
473
479
475
461
433
401
356
308
268
204
160
118
86
64
36
36
36
39
52
53
58
62
66
76
88
111
106
107
113
116
120
128
140
154
163
190
212
235
270
299
312
316
320
311
296
267
247
214
188
149
119
90
62
34
1
-42
-73
-108
-147
-172
-198
-229
-259
-288
-321
-350
-378
-397
-414
-424
-432
-430
-432
-430
-431
-427
-417
-415
-407
-390
-376
-358
-337
-308
-275
-242
-209
-166
-138
-103
-65
-51
-32
-20
-11
-1
-4
-4
1
5
11
11
18
24
31
51
84
119
159
194
231
260
275
289
296
286
280
258
232
207
181
156
131
105
79
65
48
28
14
12
6
-6
-9
2
12
23
37
55
66
74
87
110
122
138
161
171
180
185
194
208
219
234
248
264
275
280
300
304
312
326
323
320
310
290
274
238
195
150
102
53
-3
-47
-90
-129
-168
-206
-246
-274
-292
-312
-326
-345
-367
-392
-416
-446
-466
-479
-501
-519
-536
-549
-554
-554
-545
-523
-494
-459
-419
-379
-319
-262
-215
-159
-114
-73
-25
23
57
95
126
166
199
233
264
297
335
366
392
411
413
415
394
381
347
316
289
246
209
165
131
91
52
25
0
-21
-53
-78
-106
-136
-149
-172
-184
-200
-206
-200
-195
-167
-131
-103
-74
-35
13
72
126
186
239
282
317
335
363
395
413
420
418
417
401
387
375
361
342
312
285
263
243
224
198
160
117
64
2
-60
-120
-170
-211
-263
-312
-350
-381
-395
-410
-419
-414
-418
-417
-413
-428
-440
-450
-447
-449
-456
-459
-462
-458
-456
-449
-431
-408
-377
-337
-302
-262
-206
-146
-84
-35
16
73
130
187
239
288
332
367
398
423
436
455
465
460
450
432
403
370
338
308
281
240
199
156
104
59
16
-24
-63
-89
-104
-110
-113
-115
-126
-128
-134
-138
-132
-120
-96
-94
-98
-95
-86
-73
-50
-11
39
73
121
162
201
235
258
288
305
324
328
332
328
325
304
276
245
219
204
199
191
179
165
144
126
102
70
47
16
-29
-74
-124
-177
-238
-294
-344
-390
-413
-442
-461
-472
-474
-477
-476
-467
-458
-439
-437
-434
-431
-426
-426
-431
-434
-417
-401
-370
-335
-292
-239
-183
-110
-46
19
84
146
211
263
306
354
381
396
417
432
444
453
455
451
442
433
427
413
389
368
341
310
262
212
161
104
55
7
-38
-85
-124
-166
-188
-199
-207
-203
-198
-185
-175
-169
-158
-142
-129
-116
-95
-91
-75
-55
-45
-22
-2
29
71
106
147
188
216
241
264
277
284
295
295
296
292
287
273
260
256
239
226
202
185
162
150
124
98
64
22
-22
-75
-133
-192
-241
-288
-325
-362
-393
-421
-447
-465
-476
-488
-496
-506
-514
-509
-505
-494
-491
-485
-470
-457
-435
-401
-359
-301
-247
-191
-124
-61
5
68
131
191
246
309
346
373
396
404
415
421
421
416
412
397
379
360
351
334
317
296
266
235
200
157
122
84
54
25
-4
-22
-50
-63
-72
-75
-77
-70
-62
-56
-53
-47
-38
-34
-23
-6
15
37
57
69
78
87
102
109
114
115
108
108
101
100
106
103
107
101
85
73
73
53
34
23
2
-28
-46
-62
-76
-86
-100
-116
-130
-135
-142
-151
-157
-158
-167
-179
-183
-188
-202
-207
-215
-229
-245
-272
-288
-298
-308
-318
-332
-336
-340
-326
-311
-293
-277
-255
-224
-198
-156
-123
-89
-55
-26
12
45
83
116
157
191
217
243
270
288
303
311
318
318
314
299
284
264
245
227
213
198
179
159
141
129
117
108
102
95
92
95
102
108
116
128
134
139
152
166
170
171
169
173
166
166
170
168
168
166
165
158
141
131
118
98
76
41
10
-26
-58
-92
-118
-145
-166
-192
-212
-216
-226
-236
-240
-241
-243
-240
-243
-244
-250
-263
-270
-278
-281
-291
-292
-291
-295
-286
-277
-261
-237
-224
-214
-196
-186
-170
-156
-146
-124
-119
-113
-106
-92
-77
-67
-48
-35
-23
-9
4
20
36
54
61
71
77
87
100
111
125
130
143
152
159
161
167
179
188
190
187
184
184
180
172
163
148
134
117
108
102
99
94
85
84
90
99
105
110
119
122
128
130
138
141
150
158
166
173
176
179
180
187
188
190
191
183
186
180
168
169
164
150
127
99
64
38
5
-29
-57
-87
-118
-149
-175
-200
-226
-238
-248
-259
-269
-270
-274
-279
-273
-270
-267
-257
-259
-263
-259
-253
-234
-224
-207
-192
-187
-187
-180
-174
-164
-156
-146
-133
-125
-115
-110
-97
-72
-56
-40
-32
-22
-19
-8
4
13
11
12
8
0
-5
-9
-3
-2
-3
-7
-8
-3
2
8
8
19
32
43
55
73
84
85
86
90
104
113
134
152
161
170
173
183
195
206
217
232
246
254
263
265
258
255
253
261
260
259
263
252
240
231
215
204
190
171
138
115
94
70
48
25
6
-22
-51
-65
-73
-85
-108
-133
-160
-194
-221
-247
-278
-304
-315
-332
-343
-346
-347
-338
-330
-306
-281
-249
-207
-169
-147
-126
-100
-81
-62
-46
-27
-4
15
22
28
22
23
27
23
28
30
33
28
20
18
12
16
20
20
21
18
12
7
-1
-4
-12
-16
-28
-40
-43
-51
-59
-66
-61
-59
-60
-53
-41
-42
-36
-21
-11
1
9
23
31
49
72
83
102
117
129
142
146
162
176
191
204
213
229
239
249
258
278
283
285
282
272
269
248
241
220
198
175
144
118
96
70
40
19
-17
-52
-88
-118
-150
-170
-193
-217
-241
-266
-285
-305
-313
-318
-319
-319
-311
-302
-290
-279
-260
-244
-225
-206
-184
-160
-141
-118
-97
-68
-51
-24
2
21
41
57
64
77
94
99
105
103
105
93
75
59
47
36
22
15
3
-7
-8
-23
-30
-33
-43
-45
-41
-37
-41
-36
-37
-28
-37
-36
-22
-22
-19
-12
-2
0
8
10
14
32
47
67
85
107
126
134
151
167
175
186
196
211
212
215
222
226
231
242
239
241
238
228
224
222
222
210
194
174
155
134
112
90
71
42
20
7
-19
-42
-65
-100
-129
-163
-197
-220
-239
-264
-286
-301
-311
-317
-317
-310
-300
-283
-272
-258
-251
-242
-226
-212
-200
-185
-173
-163
-151
-139
-121
-103
-81
-62
-46
-37
-27
-15
-9
3
10
15
21
19
22
28
33
37
42
47
47
44
44
44
40
35
41
50
56
56
54
50
41
37
30
31
37
42
44
52
59
61
67
74
80
90
109
125
129
129
127
128
123
120
125
133
144
152
156
154
150
151
149
155
154
155
157
145
142
138
127
126
114
109
101
91
89
81
69
61
41
18
9
1
-4
-11
-13
-23
-50
-64
-85
-107
-120
-133
-149
-172
-182
-196
-203
-217
-225
-225
-229
-217
-213
-209
-200
-188
-172
-160
-149
-133
-120
-104
-85
-79
-61
-50
-52
-51
-55
-66
-75
-84
-85
-95
-102
-107
-111
-105
-102
-96
-92
-82
-64
-58
-49
-35
-30
-24
-18
-9
6
13
26
24
25
28
31
44
50
64
75
78
86
91
88
91
94
98
100
101
108
111
108
109
115
118
118
123
122
132
134
142
148
150
154
160
171
178
182
188
193
192
199
194
190
183
172
162
149
144
134
118
102
89
82
62
50
31
15
0
-11
-27
-41
-50
-65
-72
-82
-91
-101
-106
-120
-123
-128
-137
-140
-157
-161
-166
-169
-171
-166
-164
-157
-154
-152
-145
-151
-151
-151
-154
-156
-172
-176
-180
-185
-186
-180
-175
-170
-166
-159
-144
-135
-124
-121
-106
-91
-89
-73
-52
-43
-37
-29
-28
-19
-5
-1
13
21
28
46
55
73
86
95
102
102
104
106
112
116
118
120
121
120
120
113
115
123
123
126
127
127
129
132
138
149
158
156
159
168
173
184
184
191
190
191
186
182
178
168
158
148
139
114
95
70
46
26
5
-18
-37
-54
-74
-88
-102
-114
-122
-133
-138
-141
-142
-144
-147
-141
-139
-128
-123
-116
-113
-107
-102
-105
-95
-89
-89
-96
-96
-102
-106
-104
-105
-108
-107
-107
-110
-111
-108
-106
-110
-109
-103
-102
-102
-103
-104
-95
-88
-84
-69
-56
-43
-36
-35
-24
-26
-18
-11
-14
-19
-24
-22
-19
-19
-9
-2
14
34
46
49
51
58
59
72
68
70
69
69
73
72
73
80
86
95
107
122
134
154
167
175
184
203
209
209
219
223
227
223
211
208
203
186
177
165
155
138
123
106
95
82
65
46
25
4
-16
-38
-61
-85
-106
-123
-138
-148
-153
-153
-152
-146
-142
-139
-135
-129
-119
-105
-99
-103
-104
-104
-101
-107
-111
-102
-93
-94
-96
-93
-85
-88
-86
-84
-77
-77
-84
-82
-88
-95
-97
-96
-97
-93
-90
-93
-93
-94
-99
-96
-96
-84
-72
-62
-56
-54
-51
-57
-54
-44
-39
-29
-24
-22
-9
-6
0
16
25
35
40
45
53
55
62
69
80
86
86
97
99
102
113
116
125
136
143
156
170
183
199
208
212
210
208
204
196
190
171
166
151
130
118
104
89
81
74
68
56
50
45
35
18
3
-9
-23
-37
-45
-54
-66
-72
-80
-86
-90
-93
-94
-86
-87
-86
-78
-74
-73
-69
-66
-56
-50
-49
-42
-39
-36
-40
-45
-53
-56
-60
-65
-67
-73
-72
-80
-83
-84
-90
-96
-110
-119
-118
-115
-113
-108
-103
-90
-83
-80
-70
-66
-64
-63
-61
-60
-60
-48
-49
-43
-42
-45
-42
-43
-29
-21
-6
7
9
19
23
29
39
43
50
65
67
73
80
83
85
89
100
109
113
122
126
121
122
119
113
112
103
89
81
75
67
70
65
54
48
46
35
28
25
18
15
11
5
4
4
2
8
2
0
-5
-12
-14
-13
-15
-22
-25
-28
-26
-31
-34
-33
-32
-32
-30
-30
-27
-24
-25
-14
-7
-3
-5
-4
-3
-1
-1
1
5
9
10
11
11
16
16
13
24
18
17
12
8
1
-5
-6
-22
-29
-38
-44
-58
-61
-70
-71
-73
-83
-87
-85
-78
-79
-74
-74
-75
-75
-66
-65
-52
-34
-21
-11
-13
-11
-8
-6
2
8
17
25
26
21
23
18
14
13
16
22
24
26
29
32
37
35
34
43
49
50
57
53
53
41
27
25
20
22
27
25
25
29
25
22
18
24
31
33
39
49
50
52
45
42
42
34
31
32
38
31
24
12
5
-5
-12
-12
-11
-9
-12
-16
-21
-27
-27
-19
-16
-11
-7
-3
-7
-12
-13
-3
2
11
18
21
24
14
5
4
7
0
-11
-26
-37
-45
-53
-60
-57
-59
-60
-59
-55
-52
-56
-58
-66
-67
-67
-65
-67
-60
-53
-49
-47
-42
-39
-35
-32
-34
-36
-45
-47
-46
-44
-42
-33
-27
-27
-16
-11
-3
-1
1
9
8
9
15
21
20
19
20
23
31
35
39
52
53
64
68
73
86
88
94
98
105
112
120
112
112
110
107
111
108
107
106
101
99
100
91
84
76
64
54
43
29
19
8
-3
-18
-32
-40
-56
-66
-78
-90
-101
-106
-102
-99
-87
-80
-77
-78
-71
-65
-61
-56
-52
-44
-36
-30
-28
-17
-8
2
6
10
10
8
11
-2
-12
-19
-25
-24
-22
-23
-30
-31
-39
-40
-41
-37
-38
-38
-36
-40
-46
-50
-50
-49
-51
-55
-53
-52
-46
-50
-50
-51
-48
-46
-44
-40
-33
-36
-35
-30
-34
-32
-27
-21
-16
-12
-13
-9
-8
-9
-8
0
13
24
37
40
52
63
70
82
94
92
93
91
90
92
96
98
102
100
99
102
106
110
106
108
110
112
110
110
107
104
98
96
92
85
75
56
43
34
20
17
-2
-18
-29
-40
-49
-54
-60
-71
-74
-81
-82
-77
-72
-75
-73
-73
-75
-77
-78
-71
-64
-54
-44
-40
-37
-42
-47
-46
-53
-46
-43
-38
-37
-42
-37
-32
-29
-35
-46
-45
-43
-44
-41
-37
-41
-49
-50
-53
-53
-52
-44
-37
-32
-30
-29
-26
-19
-16
-13
-5
-9
-9
-12
-14
-13
-20
-23
-24
-21
-21
-17
-13
-13
-6
-3
5
17
22
27
29
33
31
33
42
51
48
50
54
60
72
83
96
105
110
113
118
123
129
137
139
143
147
148
135
122
115
102
99
90
81
73
64
57
50
41
28
20
8
-1
-9
-17
-24
-46
-63
-79
-97
-111
-117
-121
-126
-120
-112
-111
-111
-109
-106
-105
-100
-91
-80
-72
-66
-58
-60
-55
-49
-51
-50
-43
-40
-40
-39
-36
-32
-30
-30
-24
-24
-27
-32
-30
-38
-45
-39
-38
-35
-33
-33
-29
-32
-30
-32
-32
-28
-28
-23
-27
-20
-18
-18
-23
-29
-28
-31
-34
-30
-27
-17
-12
-7
0
6
12
13
22
31
38
47
58
68
75
82
91
97
105
110
118
128
139
145
146
149
151
153
154
152
149
147
145
137
134
127
116
109
96
82
72
64
56
45
30
14
3
-12
-21
-25
-39
-42
-50
-56
-63
-74
-85
-92
-104
-112
-116
-114
-113
-115
-116
-112
-109
-105
-99
-104
-103
-105
-106
-94
-90
-89
-86
-96
-101
-107
-108
-98
-91
-92
-86
-81
-85
-92
-93
-95
-90
-79
-71
-63
-57
-51
-43
-36
-31
-27
-22
-14
-8
2
14
23
36
44
47
49
55
60
64
78
87
103
114
117
117
116
111
111
107
109
105
103
103
106
111
117
124
129
141
144
150
158
163
162
161
161
154
135
120
112
97
86
76
61
49
35
19
9
-5
-18
-25
-34
-38
-42
-50
-53
-62
-70
-76
-84
-91
-103
-118
-128
-138
-142
-151
-156
-155
-162
-157
-156
-152
-144
-146
-142
-138
-130
-122
-112
-107
-103
-98
-98
-97
-92
-80
-75
-67
-62
-57
-45
-39
-40
-41
-37
-35
-31
-20
-13
-5
6
13
20
22
18
12
7
7
13
17
26
31
38
41
42
56
57
70
78
80
92
94
98
108
108
115
121
117
116
108
104
103
95
92
94
87
86
91
89
86
81
77
74
67
54
61
58
55
50
49
46
49
48
44
41
34
30
28
32
26
21
14
11
3
-5
-16
-18
-24
-30
-40
-45
-47
-52
-51
-57
-60
-58
-63
-63
-65
-64
-66
-62
-62
-66
-63
-72
-78
-74
-71
-66
-60
-52
-43
-42
-48
-50
-46
-40
-36
-35
-29
-33
-35
-36
-39
-49
-60
-71
-74
-73
-71
-71
-78
-78
-83
-84
-84
-82
-77
-76
-75
-69
-69
-68
-65
-60
-51
-43
-36
-31
-23
-18
-4
6
13
35
48
60
68
70
76
80
93
105
118
128
140
141
151
152
147
141
134
123
120
117
112
114
107
102
91
77
59
51
41
30
26
25
20
8
10
7
11
9
6
-2
-2
-8
-14
-10
-7
-3
-9
-11
-14
-9
-14
-16
-15
-18
-18
-19
-15
-8
-4
-6
-9
-15
-14
-23
-20
-17
-20
-20
-23
-26
-32
-36
-33
-31
-35
-30
-31
-28
-25
-29
-24
-22
-32
-24
-26
-32
-39
-44
-44
-48
-50
-58
-58
-58
-62
-59
-55
-61
-60
-61
-65
-59
-54
-46
-36
-29
-19
-9
-10
-8
-6
-5
4
17
31
28
33
38
30
23
29
25
32
38
38
35
35
38
29
30
24
20
19
17
4
4
-7
-18
-24
-34
-38
-40
-41
-32
-28
-28
-15
-21
-11
-3
1
4
6
9
13
18
23
26
27
26
31
42
49
51
55
60
67
75
83
88
91
100
109
111
115
113
114
107
94
93
91
83
73
72
69
59
48
36
18
-1
-22
-35
-45
-57
-66
-79
-90
-96
-109
-120
-126
-132
-134
-141
-143
-142
-143
-146
-153
-154
-163
-161
-160
-158
-153
-143
-132
-115
-104
-90
-71
-55
-37
-25
-5
12
30
54
72
82
93
104
107
112
118
121
116
119
119
127
127
124
119
109
104
92
84
78
77
65
51
41
35
17
6
-7
-8
-9
-18
-15
-17
-17
-21
-20
-16
-17
-17
-16
-13
-14
-12
-3
1
5
9
15
16
18
28
26
26
34
40
48
50
54
54
53
51
47
52
51
48
45
40
37
34
27
15
5
-18
-25
-32
-40
-51
-64
-74
-84
-94
-109
-119
-126
-128
-127
-126
-129
-123
-126
-130
-126
-124
-125
-125
-118
-108
-99
-89
-77
-64
-55
-41
-33
-21
-2
5
21
33
36
39
48
52
55
59
67
72
79
82
84
94
95
97
95
98
92
87
86
83
75
71
60
45
35
28
23
20
17
5
5
0
-9
-13
-22
-25
-32
-37
-37
-43
-45
-49
-43
-36
-35
-28
-30
-22
-11
-2
4
12
23
31
37
44
52
49
47
57
60
62
71
71
70
67
65
67
64
70
74
79
81
78
79
77
67
59
55
47
42
29
5
-11
-24
-29
-50
-62
-72
-88
-91
-98
-99
-101
-107
-115
-116
-116
-114
-113
-114
-108
-104
-98
-85
-77
-66
-59
-49
-41
-34
-30
-26
-25
-20
-12
-4
2
10
15
15
17
11
13
9
10
12
16
27
27
29
30
27
30
34
35
38
41
39
42
39
41
41
34
33
20
12
0
-1
2
6
14
18
20
17
13
8
6
2
1
-2
-1
-3
-4
-1
8
10
7
13
16
19
27
36
43
54
45
46
38
28
28
23
17
17
12
5
0
-15
-23
-33
-42
-49
-59
-61
-61
-57
-65
-61
-62
-68
-69
-78
-81
-80
-80
-78
-78
-77
-75
-69
-56
-50
-45
-30
-22
-21
-15
-4
7
10
17
27
34
40
41
44
51
57
61
61
65
67
72
71
70
76
80
83
86
90
89
95
95
96
96
88
82
75
67
55
48
39
37
31
28
22
20
8
-4
-8
-16
-18
-13
-14
-19
-22
-32
-40
-42
-43
-42
-42
-47
-39
-40
-42
-41
-42
-39
-36
-31
-31
-36
-38
-35
-37
-34
-27
-29
-29
-30
-36
-36
-37
-43
-55
-57
-59
-57
-59
-51
-45
-44
-41
-43
-41
-43
-45
-45
-44
-34
-27
-26
-24
-23
-23
-17
-15
-9
-2
-2
9
8
2
7
8
10
10
12
21
28
35
42
48
56
58
62
62
58
61
62
60
57
52
48
40
41
39
42
49
47
49
47
46
44
40
41
34
32
36
34
31
24
15
14
8
4
4
4
7
5
0
-1
0
5
1
8
6
3
2
0
-7
-6
-8
-17
-18
-23
-21
-13
-9
-12
-14
-19
-24
-26
-30
-30
-28
-29
-26
-33
-37
-43
-52
-64
-66
-68
-75
-68
-69
-61
-60
-57
-44
-50
-53
-55
-58
-53
-47
-39
-28
-21
-21
-17
-12
-11
-15
-9
-3
10
21
30
45
47
56
58
58
58
51
53
53
55
58
50
49
39
33
32
32
32
27
30
25
14
12
11
9
-3
-4
-3
-1
-6
-6
-1
7
12
17
27
33
34
32
32
30
27
27
24
17
13
10
20
16
12
16
6
6
0
-3
-1
-1
-2
-5
-11
-13
-12
-23
-24
-19
-12
-8
0
9
9
-2
-11
-11
-17
-21
-26
-22
-21
-18
-20
-20
-25
-26
-31
-36
-39
-50
-45
-46
-47
-43
-46
-47
-51
-54
-59
-57
-49
-48
-51
-47
-46
-44
-38
-32
-34
-25
-14
-12
-14
-12
-5
2
16
26
33
37
47
54
58
64
69
72
71
75
81
82
87
89
90
91
79
78
80
80
78
79
75
66
55
42
26
17
3
-10
-15
-27
-26
-34
-50
-53
-54
-61
-61
-61
-64
-70
-77
-77
-72
-70
-65
-59
-50
-42
-36
-29
-23
-20
-17
-18
-16
-22
-30
-23
-18
-9
-3
2
10
12
20
18
22
32
32
39
41
52
52
55
53
54
58
55
56
54
51
47
44
35
29
22
22
12
10
-2
-9
-19
-30
-35
-51
-53
-54
-57
-61
-62
-65
-70
-77
-78
-74
-73
-66
-65
-61
-55
-45
-46
-37
-25
-17
-13
-9
1
5
13
21
34
44
51
63
70
74
73
73
72
67
68
70
70
72
69
61
56
51
48
40
40
43
43
33
18
7
-2
-4
-11
-12
-18
-18
-23
-29
-34
-43
-48
-57
-61
-63
-70
-73
-75
-77
-73
-75
-76
-70
-68
-64
-53
-45
-37
-35
-34
-33
-26
-18
-11
5
11
25
29
39
42
48
49
45
51
51
58
56
58
60
58
51
51
47
45
47
49
50
42
43
41
33
27
23
15
7
5
0
-12
-11
-14
-22
-24
-30
-35
-34
-32
-31
-27
-25
-25
-29
-33
-30
-40
-43
-42
-37
-29
-26
-23
-19
-17
-16
-19
-17
-12
-9
-1
2
8
13
19
21
19
26
24
23
26
24
26
26
20
20
20
18
16
11
12
14
8
8
9
8
13
10
1
-1
-6
-14
-20
-24
-32
-37
-43
-44
-41
-37
-36
-29
-29
-38
-40
-38
-33
-38
-33
-23
-25
-21
-14
-10
-5
-6
1
3
9
20
29
40
45
43
49
55
57
62
60
59
58
54
46
36
35
29
28
18
14
7
-2
-20
-27
-16
-17
-11
-5
-1
-1
-3
-7
-11
-6
-8
-11
-10
-4
-7
-13
-11
-19
-16
-15
-16
-12
-10
-12
-13
-9
-11
-9
-7
-8
-3
-3
0
-3
-5
-4
-6
-3
-2
-3
0
-2
-10
-14
-24
-26
-30
-30
-29
-32
-29
-29
-29
-27
-32
-30
-36
-36
-31
-31
-34
-31
-28
-22
-14
-13
-5
6
17
28
39
44
51
51
51
55
59
61
60
61
65
63
65
67
62
58
55
57
56
56
56
51
55
53
51
47
46
52
48
46
41
31
22
10
4
1
-5
-12
-33
-44
-54
-66
-73
-81
-89
-101
-106
-109
-109
-114
-104
-94
-86
-74
-65
-63
-65
-66
-67
-57
-50
-49
-37
-28
-18
-13
-11
-5
-7
-2
6
9
15
17
24
26
25
31
28
32
33
39
46
55
54
52
53
51
57
52
50
51
45
43
40
42
47
44
39
25
12
0
-9
-13
-18
-24
-31
-35
-39
-40
-34
-37
-37
-38
-46
-49
-48
-39
-31
-25
-15
-5
2
9
13
20
23
29
29
34
38
44
46
54
52
54
56
57
54
53
56
58
59
54
52
44
38
29
28
21
11
8
9
3
1
-6
-18
-24
-31
-34
-40
-36
-33
-35
-39
-47
-43
-45
-50
-55
-64
-69
-65
-67
-66
-66
-63
-66
-67
-67
-64
-58
-56
-51
-44
-42
-36
-31
-29
-30
-27
-24
-26
-21
-15
-6
1
14
20
22
23
22
29
33
40
49
53
56
60
60
53
45
42
40
38
33
29
35
31
28
22
11
12
6
5
3
15
17
8
7
2
1
4
4
13
18
20
22
26
29
24
25
27
26
18
21
30
32
41
44
48
51
47
51
49
47
43
36
30
24
12
0
-9
-15
-19
-25
-30
-35
-38
-44
-48
-54
-51
-48
-43
-43
-50
-55
-58
-60
-63
-62
-61
-67
-69
-72
-72
-66
-62
-62
-56
-55
-49
-41
-35
-24
-25
-22
-18
-12
-3
0
7
15
24
32
37
37
39
44
43
44
43
41
38
37
39
39
34
32
32
27
30
29
31
33
29
28
27
22
21
21
19
20
20
21
21
21
18
12
6
7
3
-2
0
-2
-1
4
3
-3
-12
-22
-24
-22
-25
-20
-14
-16
-13
-14
-8
3
3
5
11
9
13
13
10
8
3
6
6
5
1
-5
-12
-16
-20
-24
-25
-23
-23
-20
-19
-23
-21
-19
-22
-25
-26
-28
-27
-27
-28
-27
-28
-33
-31
-21
-11
5
4
7
11
10
14
13
17
23
26
32
37
37
43
40
34
25
22
19
21
23
24
24
23
25
20
17
16
14
11
19
22
20
22
24
23
23
22
18
13
0
-9
-14
-21
-21
-25
-26
-31
-38
-44
-51
-53
-53
-56
-47
-37
-32
-26
-19
-16
-15
-10
0
5
3
4
3
3
6
3
8
7
8
18
18
18
11
5
3
2
0
0
0
-3
-3
-1
0
0
-4
-7
-4
2
4
4
6
9
2
2
4
7
1
-3
-2
-8
-2
-1
0
0
-2
-3
-5
-8
-12
-8
-4
-4
-4
-2
-4
-1
-3
-2
-4
0
5
2
10
15
15
15
8
8
4
0
-2
-4
-8
-7
-5
-4
-1
-3
-4
-9
-7
-4
-2
3
1
-3
-4
-4
-5
-6
-11
-13
-13
-12
-9
-2
3
1
-1
-1
-3
-6
-2
2
8
13
16
23
25
24
15
14
12
14
17
28
35
41
45
41
39
36
29
27
27
28
28
24
20
13
14
12
9
1
-7
-12
-9
-12
-9
-7
-8
-6
-6
-2
-2
-3
-8
-11
-11
-8
-3
1
3
4
0
-6
-10
-14
-13
-13
-13
-13
-13
-16
-18
-23
-25
-26
-29
-26
-25
-22
-20
-18
-21
-22
-24
-25
-23
-21
-22
-20
-16
-18
-23
-26
-27
-28
-31
-34
-34
-37
-26
-20
-21
-21
-25
-23
-27
-23
-26
-22
-22
-23
-20
-21
-18
-16
-14
-12
-12
-7
-1
-1
1
5
5
10
11
12
17
20
23
27
27
34
38
41
41
47
52
47
49
51
51
51
54
54
54
54
55
54
56
57
60
61
61
62
60
61
57
55
54
51
48
44
39
35
33
27
22
19
16
18
16
16
13
9
3
-6
-10
-18
-28
-32
-35
-40
-43
-42
-46
-51
-54
-59
-63
-70
-66
-68
-67
-66
-65
-64
-68
-66
-69
-72
-70
-66
-62
-54
-50
-48
-45
-46
-44
-45
-49
-54
-56
-50
-47
-41
-30
-24
-19
-20
-18
-14
-12
-10
-1
11
17
23
26
31
31
38
36
35
31
35
40
42
50
51
50
49
43
42
42
42
42
42
40
38
42
41
39
38
36
33
28
30
26
22
19
18
19
15
17
14
9
13
13
14
16
14
12
12
10
8
5
4
2
0
-7
-13
-14
-15
-14
-10
-9
-6
-11
-8
-8
-12
-12
-17
-20
-22
-21
-22
-26
-28
-32
-37
-35
-36
-36
-34
-28
-25
-23
-21
-18
-14
-17
-17
-14
-6
-9
-15
-18
-18
-15
-18
-16
-13
-14
-15
-11
-10
-10
-9
-10
-6
-4
1
-2
1
3
-1
3
6
7
11
10
13
12
12
19
13
12
13
14
19
23
28
32
28
32
33
36
39
40
44
44
47
48
47
43
39
40
35
31
34
32
29
24
21
16
15
13
11
6
1
-3
-9
-6
-7
-6
-6
-9
-11
-13
-18
-22
-20
-19
-16
-12
-7
-8
-7
-9
-12
-11
-16
-18
-19
-23
-22
-23
-21
-19
-18
-18
-21
-25
-25
-30
-33
-29
-31
-33
-34
-40
-44
-49
-51
-47
-47
-45
-44
-42
-41
-38
-34
-31
-29
-22
-21
-19
-18
-19
-13
-10
-10
-10
-15
-18
-15
-12
-10
-5
0
2
5
7
11
17
23
23
27
30
32
37
41
42
45
43
40
44
46
49
51
51
56
52
50
54
56
51
51
51
53
48
47
47
43
43
40
32
28
21
15
13
11
11
5
2
2
1
-2
-3
-7
-10
-10
-10
-9
-10
-8
-10
-11
-12
-15
-16
-21
-26
-30
-34
-30
-31
-36
-36
-38
-40
-37
-38
-37
-34
-31
-26
-26
-22
-23
-23
-24
-25
-22
-23
-22
-21
-18
-15
-12
-7
-7
-10
-6
-9
-7
-3
2
7
9
7
5
7
6
7
7
10
10
10
10
8
6
3
3
0
5
1
1
-1
-5
-2
-6
-1
-7
-10
-10
-9
-8
-9
-10
-9
-8
-7
-8
-8
-6
-10
-11
-13
-11
-8
-5
-1
4
10
12
13
12
13
16
19
21
24
28
27
32
29
28
27
30
33
37
39
40
36
31
27
24
23
22
17
13
14
15
14
12
11
9
2
-2
-5
-6
-7
-8
-8
-7
-5
-8
-11
-16
-20
-22
-21
-20
-18
-20
-23
-23
-30
-29
-28
-29
-27
-27
-22
-19
-24
-19
-19
-18
-19
-18
-18
-13
-9
-8
-4
-3
3
3
4
5
5
5
6
6
5
5
5
4
3
1
3
1
1
4
6
3
5
6
5
8
6
4
4
4
7
7
6
6
5
6
4
2
3
6
6
9
9
8
10
7
6
1
1
4
3
5
4
2
4
1
-2
-1
-2
-6
-6
-6
-4
-4
-7
-8
-8
-7
-9
-4
0
2
8
12
17
18
20
21
18
15
15
11
15
12
12
14
12
12
6
2
1
-2
-2
1
-1
3
0
-3
-4
-10
-14
-18
-23
-20
-19
-19
-19
-15
-13
-15
-16
-17
-16
-20
-19
-19
-17
-17
-16
-17
-17
-19
-20
-17
-17
-19
-19
-17
-16
-8
-4
-5
-2
-2
1
4
6
11
8
10
13
15
18
19
20
21
18
18
18
16
18
16
18
20
20
19
15
10
14
14
14
18
15
14
13
14
13
12
11
8
7
0
0
1
-4
-1
-1
-4
-9
-5
-5
-8
-3
-2
-1
-6
-5
-7
-7
-2
0
2
3
3
1
0
-2
-2
-4
-2
-1
-3
-1
0
-1
-1
-5
-6
-8
-7
-5
-5
-2
0
-1
-1
-2
-3
-4
-4
-1
2
5
7
7
7
7
2
1
0
-2
2
4
4
3
0
-3
-9
-12
-13
-11
-10
-10
-9
-6
-7
-8
-7
-10
-11
-13
-16
-17
-16
-14
-17
-17
-19
-20
-21
-23
-22
-21
-21
-16
-12
-9
-6
-2
1
2
3
1
3
4
5
10
15
17
17
15
15
17
19
18
19
23
24
28
28
29
26
26
25
23
20
19
17
19
18
20
18
19
17
10
9
7
5
2
3
3
1
-5
-8
-11
-14
-18
-21
-25
-25
-23
-24
-19
-17
-12
-10
-9
-7
-4
-5
-3
-3
-3
-4
-5
-4
-4
-7
-6
-3
-2
-3
0
-1
0
-4
-7
-7
-6
-5
-7
-8
-8
-8
-6
-7
-8
-8
-8
-9
-8
-6
0
2
2
4
3
5
5
5
6
8
10
12
9
10
7
3
4
2
1
2
3
4
4
10
12
11
10
9
11
8
11
14
14
13
12
12
12
11
13
13
12
12
8
6
4
3
-1
-2
-6
-8
-7
-9
-8
-6
-6
-7
-10
-10
-11
-13
-12
-14
-15
-13
-12
-11
-13
-16
-14
-15
-14
-13
-12
-10
-7
-5
-2
2
3
2
-1
-2
0
0
3
1
3
3
2
4
2
0
-2
-5
-7
-10
-7
-5
-3
-3
-5
-4
-6
-8
-7
-8
-2
-3
3
6
8
12
9
10
9
11
9
10
11
9
8
8
7
4
5
3
2
2
0
2
3
3
2
2
2
1
2
5
7
9
11
10
10
8
10
10
8
9
5
7
7
7
7
5
4
3
2
-1
-4
-4
-5
-6
-6
-8
-11
-12
-11
-11
-10
-7
-7
-4
-5
-6
-7
-8
-6
-6
-3
1
2
1
2
2
-1
-3
-3
-3
-5
-3
-2
-1
1
0
0
1
-2
-3
-4
-7
-6
-4
-3
-2
-1
-2
-1
-4
-4
-6
-8
-7
-4
-2
0
-2
-1
-2
0
1
1
1
1
3
2
3
5
3
-1
0
4
3
3
6
5
7
8
8
9
6
5
4
4
7
7
7
8
7
3
1
0
-2
-3
-5
-6
-5
-7
-10
-9
-9
-9
-7
-3
-1
2
2
2
4
4
4
1
1
-1
1
2
2
2
2
1
0
-1
-2
-2
-5
-7
-5
-6
-3
-1
0
2
1
0
-1
-2
-3
-6
-6
-7
-6
-4
-4
-5
-4
-5
-6
-6
-5
-5
-1
2
2
3
5
5
9
11
11
10
11
10
11
11
10
9
7
8
9
8
9
10
9
9
9
8
9
14
11
12
8
7
6
7
7
7
9
7
8
7
6
4
2
2
-1
0
-2
-3
-5
-4
-6
-6
-5
-7
-7
-9
-8
-8
-9
-8
-9
-7
-8
-10
-10
-10
-12
-13
-16
-17
-19
-18
-16
-19
-16
-19
-18
-17
-19
-20
-24
-23
-25
-20
-17
-13
-8
-8
-8
-7
-9
-11
-10
-7
-6
-6
-3
-3
0
1
2
1
2
4
5
6
8
12
16
15
18
16
14
12
10
8
13
18
19
23
26
25
26
25
25
22
21
23
24
27
27
27
26
24
22
16
15
12
12
10
8
6
4
1
1
-1
-5
-8
-8
-7
-9
-9
-8
-7
-8
-11
-13
-16
-17
-19
-20
-15
-16
-16
-14
-16
-14
-15
-15
-15
-15
-14
-13
-13
-12
-13
-12
-11
-9
-11
-10
-11
-9
-7
-5
0
3
5
7
5
5
9
7
8
11
10
10
11
10
10
11
9
11
10
7
6
5
2
1
-1
-1
-2
-6
-10
-12
-14
-14
-10
-10
-5
-5
-2
0
-3
-3
-2
-1
0
1
1
1
2
3
2
2
1
-1
-2
3
2
2
2
5
4
1
2
1
2
3
1
3
2
3
6
4
4
3
0
1
1
1
3
2
1
2
0
1
1
2
2
1
2
5
5
4
4
3
3
2
2
1
1
1
2
2
3
3
2
1
1
1
2
4
7
8
7
6
4
2
-1
-2
-1
-1
4
4
3
0
0
-3
-5
-6
-8
-10
-11
-10
-9
-10
-9
-12
-13
-14
-14
-11
-12
-11
-12
-11
-9
-8
-6
-5
-7
-5
-5
-2
3
5
5
5
5
8
9
11
11
11
11
9
8
8
7
8
7
10
8
6
4
3
1
2
3
2
1
0
-1
-1
0
1
-1
-2
-4
-7
-6
-5
-4
-2
-1
-1
-2
-3
-2
-3
-5
-5
-7
-5
-6
-7
-4
-7
-5
-5
-4
-3
-2
-2
0
0
0
1
2
1
-1
-1
-1
-1
-1
0
0
2
3
5
7
7
11
11
10
8
8
8
6
5
5
4
4
5
4
5
4
3
2
1
1
2
3
4
5
4
4
5
3
3
4
1
2
3
0
0
0
-3
-3
-4
-7
-7
-9
-9
-7
-4
-4
-1
-1
-3
-3
-4
-3
-4
-5
-3
-2
-1
0
-1
-1
-3
-5
-4
-5
-5
-4
-5
-5
-3
-2
-2
1
1
2
2
3
4
4
5
5
4
4
8
6
5
5
6
6
5
6
7
9
8
7
3
2
0
0
-3
-4
-4
-6
-5
-5
-9
-11
-9
-10
-10
-10
-7
-7
-6
-5
-6
-8
-10
-12
-12
-12
-12
-12
-11
-12
-11
-11
-12
-11
-11
-7
-4
-1
3
8
9
9
8
7
8
6
6
6
5
7
7
4
4
5
2
2
0
1
3
6
7
9
9
9
8
7
6
7
5
4
3
4
4
3
4
1
3
2
1
2
2
5
7
7
9
10
10
11
10
11
12
11
11
13
13
8
7
5
4
4
4
2
2
0
1
0
0
1
-1
0
-2
-4
-2
-3
-4
-6
-8
-7
-6
-8
-7
-8
-9
-9
-12
-14
-15
-16
-16
-16
-15
-13
-12
-11
-10
-11
-9
-8
-7
-4
-5
-6
-5
-5
-3
-4
-5
-5
-4
-3
-3
-4
-4
-6
-3
0
3
7
8
10
9
11
11
10
9
7
7
5
6
6
5
4
4
2
0
2
-3
-3
-5
-4
-5
-3
-4
-4
-3
-3
-2
-1
-2
-1
-3
-1
-2
-2
0
-1
-3
-2
-2
-1
-1
-4
-1
-3
-4
-3
-2
-3
1
3
5
6
6
4
4
3
4
6
8
7
6
8
8
7
11
9
9
10
9
9
9
8
10
8
7
5
2
3
3
4
3
2
3
3
3
4
3
0
-1
-1
-1
1
1
3
4
4
4
4
5
2
1
-1
0
1
2
3
3
0
-2
-5
-6
-7
-8
-9
-9
-8
-11
-9
-8
-9
-10
-11
-14
-13
-12
-11
-10
-11
-12
-13
-13
-14
-12
-11
-13
-11
-8
-9
-7
-7
-5
-5
-5
-3
-2
-1
0
0
1
2
4
4
5
6
7
7
6
6
8
9
8
8
9
10
11
10
9
9
8
7
8
5
5
3
2
1
0
0
-1
1
-1
1
2
3
5
5
6
6
6
5
4
4
3
3
2
-1
-2
-3
-4
-6
-6
-6
-6
-6
-8
-8
-8
-7
-8
-8
-6
-6
-5
-3
-2
-2
-2
-1
0
-1
0
1
0
2
4
4
5
8
8
6
7
8
9
8
7
8
9
9
7
8
7
5
4
4
4
3
5
4
3
3
3
2
2
3
1
1
0
-4
-4
-6
-7
-8
-7
-8
-10
-9
-8
-10
-10
-10
-11
-10
-11
-9
-7
-6
-7
-8
-8
-9
-8
-7
-6
-6
-3
-2
-2
-2
-1
-2
0
0
1
4
3
4
4
5
7
6
9
8
7
9
9
9
9
8
10
7
8
7
7
7
6
5
6
9
7
8
7
7
6
6
4
3
2
0
1
2
0
1
0
1
1
0
-2
-2
-2
-3
-3
-2
-2
-4
-5
-4
-4
-6
-6
-5
-6
-6
-6
-8
-8
-9
-8
-9
-9
-9
-12
-14
-12
-12
-11
-10
-11
-10
-10
-9
-11
-10
-8
-9
-7
-5
-5
-5
-5
-5
-3
-1
0
1
1
2
2
4
5
8
8
8
10
10
9
8
10
10
11
12
13
13
12
15
13
11
11
11
10
9
9
9
8
7
4
5
4
2
3
3
1
1
1
2
2
0
1
-2
-2
-2
-1
0
-2
-2
-2
-4
-4
-5
-5
-6
-7
-6
-5
-4
-6
-6
-6
-5
-4
-3
-2
-2
-4
-2
-4
-3
-3
-2
-2
-1
0
0
0
0
1
1
2
3
5
3
4
2
3
3
3
4
4
4
3
1
1
2
2
-1
-1
1
0
0
0
0
-1
-2
-1
-3
-2
-2
-3
-3
-2
-2
-1
0
0
1
2
1
3
3
2
2
1
1
0
0
0
-3
-3
-3
-2
-2
-4
-4
-5
-6
-7
-8
-8
-8
-8
-9
-9
-10
-10
-9
-8
-7
-7
-3
-5
-4
-4
-5
-4
-3
-2
1
2
3
4
5
5
5
6
6
7
9
10
10
9
9
8
9
9
8
5
5
5
6
7
10
9
9
8
5
5
6
6
3
3
2
4
4
1
2
-1
-3
-2
-3
-3
-2
-1
-2
-2
-1
-5
-6
-6
-7
-5
-7
-7
-7
-5
-4
-4
-4
-3
-5
-7
-6
-4
-4
-3
-4
-2
-1
0
2
2
4
4
5
5
6
6
5
4
3
4
3
4
4
2
1
2
2
1
1
2
1
0
2
2
2
2
1
2
2
0
0
1
1
0
0
1
0
0
1
1
0
-2
-3
-4
-4
-3
-3
-3
-3
-4
-4
-6
-6
-7
-7
-7
-6
-6
-2
-2
-1
0
-1
-1
-1
-2
-1
-1
-1
-1
-1
-3
-2
-2
-2
-5
-3
-2
-3
-3
-2
-3
-3
-1
-1
-1
-2
-2
-2
-2
-2
-1
-1
1
0
1
1
1
2
2
-1
0
2
1
3
3
4
5
4
3
2
3
5
4
4
6
6
8
9
8
7
7
8
8
8
8
7
6
5
2
4
3
3
3
2
3
3
1
2
2
2
2
1
1
1
0
-2
-2
-4
-6
-4
-5
-5
-6
-5
-7
-6
-6
-4
-3
-4
-5
-6
-6
-4
-5
-6
-6
-6
-4
-2
-2
-2
-3
-3
-1
-1
0
0
-1
-2
-1
-1
0
1
1
1
1
2
4
5
4
3
2
1
-1
-1
-1
-2
-1
0
-2
-2
-2
-2
-2
0
0
-2
-2
-2
-1
0
-2
-4
-4
-4
-4
-3
-3
-3
-2
-3
-3
-3
-3
-2
-3
-3
-1
-2
-1
1
0
0
2
3
2
3
5
6
6
5
7
8
5
5
2
3
5
3
4
4
2
4
2
2
1
-1
1
0
0
-1
0
0
0
2
2
2
2
2
2
2
2
0
0
0
0
-1
-2
-4
-3
-3
-2
-1
0
0
0
0
2
2
0
0
-1
-2
0
1
3
3
2
2
1
0
0
-3
-2
-2
0
1
0
0
-1
-3
-4
-3
-2
-2
0
1
1
2
2
1
1
-2
-2
-1
0
1
0
2
4
2
1
0
-1
-2
-3
-4
-2
-2
-3
-3
-3
-2
-2
-2
-1
-2
-2
0
0
1
0
0
1
1
0
0
-1
-3
-2
-2
0
-1
-2
-1
-3
-3
-3
-3
-4
-4
-5
-3
-2
0
0
-1
0
1
1
2
0
1
0
0
1
1
2
0
3
2
2
3
5
5
3
4
4
3
3
5
4
4
3
4
4
6
6
6
5
4
5
4
4
4
4
4
4
3
3
3
1
0
0
2
1
1
-1
-3
-3
-3
-3
-4
-3
-5
-3
-6
-4
-5
-6
-4
-4
-5
-5
-6
-6
-5
-6
-5
-5
-5
-5
-7
-5
-4
-4
-1
-2
-1
0
-1
0
-1
0
0
0
1
2
2
3
3
2
2
1
1
1
1
1
3
2
3
4
5
4
3
1
0
0
-1
0
1
0
1
0
0
-2
-2
-3
-4
-3
-1
-1
-1
0
0
1
1
1
0
2
1
1
3
3
5
6
5
4
5
2
3
1
-1
1
0
1
-1
-2
-1
-1
-2
-1
-1
-2
1
0
2
2
