-3
-3
-4
-4
-4
-4
-3
-4
-4
-4
-4
-5
-4
-3
-3
-2
-2
-2
-2
-2
-2
-1
-2
-1
-1
-1
-1
1
0
0
-1
-1
-1
-1
0
-1
-1
0
0
0
1
0
-1
1
0
1
1
0
2
1
2
3
3
3
3
2
3
4
4
4
4
4
3
4
3
3
2
2
2
2
3
3
3
3
2
2
2
0
0
0
-1
0
-2
0
-1
0
-1
-1
-1
-1
-1
0
-2
-2
-1
0
0
0
0
0
-1
-2
-2
-2
-2
-3
-2
-1
-1
-2
-1
-1
-1
-1
1
1
3
2
2
2
2
3
1
0
-1
-1
1
1
0
0
1
1
1
0
0
1
0
0
1
1
1
0
0
1
1
0
1
0
-1
-1
0
0
0
0
-1
-2
-2
-2
-3
-3
-3
-3
-2
-3
-3
-3
-3
-3
-3
-4
-4
-4
-4
-3
-4
-3
-4
-3
-3
-3
-2
-3
-1
-2
-1
0
0
2
2
2
2
2
2
2
3
3
3
3
2
3
2
3
3
2
2
1
2
2
1
2
1
1
2
1
0
0
0
0
1
0
1
1
-1
0
1
1
1
1
0
2
2
2
2
2
1
1
2
2
2
1
0
1
0
0
0
1
1
0
-1
-1
0
-1
0
0
-1
0
-1
-1
-1
-1
0
-2
-1
-1
-1
0
0
-1
-1
-1
-1
-1
1
0
0
0
0
0
1
3
2
3
3
2
4
3
4
3
3
3
3
3
3
3
2
2
1
0
1
0
0
0
-1
-1
-2
-2
-2
-3
-2
-2
-2
-2
-3
-3
-4
-3
-3
-3
-4
-3
-3
-3
-2
-3
-3
-3
-3
-3
-2
-2
-2
-3
-2
-2
-1
-2
-1
-1
-1
-2
-2
-2
-2
-2
-2
-2
-3
-2
-1
-1
0
0
0
0
-1
1
-1
0
0
1
2
2
1
1
1
0
1
2
1
1
2
2
2
2
2
2
1
3
2
1
1
2
3
3
3
2
2
2
2
2
2
2
2
1
1
0
1
1
1
1
2
0
1
1
0
0
0
-1
0
0
-1
-2
-2
-2
-2
-2
-2
-1
-1
-1
-2
-1
-1
-2
0
-1
0
1
1
1
2
2
1
1
1
0
1
1
-1
2
0
0
0
0
1
1
1
1
1
1
1
1
1
0
1
1
1
0
0
-1
-2
-2
-3
-2
-2
-2
-2
-3
-2
-3
-2
-1
-2
-1
-1
-2
-1
0
-2
-1
-2
-1
-1
0
-1
-2
-2
-2
-1
1
0
2
2
2
1
1
1
1
2
0
1
1
2
0
1
0
-1
-1
-1
-1
-1
-1
-1
-2
0
0
1
-1
0
1
1
1
2
2
2
2
2
1
1
2
1
1
2
0
1
2
2
2
2
2
3
3
3
2
2
0
1
0
0
0
0
0
-1
-1
-2
-3
-2
-3
-3
-4
-4
-3
-3
-1
-2
-2
-1
-2
-2
-3
-1
-1
-2
-1
-1
-2
-1
-2
-1
-1
0
0
1
1
0
0
1
0
2
2
3
3
2
3
2
3
2
3
2
2
2
3
0
2
1
1
1
0
1
1
1
2
3
3
3
3
3
3
2
2
2
1
1
1
0
-1
-1
-2
-1
0
-1
0
-1
-1
0
0
0
1
0
0
-1
-1
-1
-2
-2
-2
-2
-3
-3
-3
-2
-2
-2
-2
-3
-2
-2
-2
-2
-2
0
-2
-1
-3
-3
-2
-2
-2
-2
-2
-2
-2
-1
-1
0
0
-1
-1
0
-1
0
1
1
1
2
2
1
0
1
1
0
0
1
0
0
1
1
1
0
1
0
1
2
1
0
1
0
-1
0
-1
0
0
1
2
1
1
0
0
0
0
1
0
-1
0
0
-1
0
0
0
0
-2
-2
-3
-2
-1
-1
-1
-1
0
-2
-2
0
0
-1
1
0
2
1
2
1
0
0
1
1
2
2
3
2
2
2
1
2
2
2
2
2
1
1
1
1
2
2
1
1
1
1
1
1
1
1
2
1
1
1
2
1
0
0
0
0
0
-1
-2
-1
0
-1
-1
-1
-1
0
-1
0
0
-1
0
-1
-1
-1
-1
-2
-2
-2
-2
-3
-4
-3
-3
-4
-4
-4
-4
-4
-3
-2
-3
-3
-4
-3
-2
-3
-1
0
0
-1
0
0
1
1
0
1
1
1
1
1
1
2
2
3
3
3
2
2
3
3
2
2
3
2
2
3
2
3
2
2
3
2
2
3
3
2
2
3
3
3
2
3
2
1
1
0
0
0
1
1
1
2
2
0
1
2
1
1
1
1
-1
1
0
-1
-1
-1
-1
-2
-2
-3
-3
-3
-2
-2
-2
-2
-2
-2
-3
-2
-2
-2
-2
-1
-1
-1
-1
0
-1
-1
1
0
0
0
-1
-1
0
0
-1
-1
-1
-1
-2
-2
-2
-2
-1
-2
-2
-1
-3
-3
-3
-3
-2
-3
-2
-2
-2
-1
-2
-2
-1
-1
-1
0
0
-1
-1
-1
0
-1
-3
-2
-1
-1
-1
0
0
0
0
1
1
1
2
3
3
2
1
2
2
3
3
2
2
3
2
2
3
2
2
3
3
3
3
2
2
1
2
3
3
3
3
3
2
2
2
1
1
1
1
1
1
2
2
1
1
1
1
0
2
2
1
0
0
0
0
0
0
-1
-1
0
-1
-1
0
-1
-1
-1
-2
-2
-2
-2
-4
-4
-5
-4
-2
-2
-1
-2
-2
-3
-3
-3
-2
-2
-3
-4
-2
-3
-2
-2
-2
-1
-2
-1
-1
-1
-1
0
1
1
1
2
2
2
2
3
3
3
3
2
2
2
1
0
0
0
0
1
0
1
1
1
1
2
2
1
1
1
2
1
0
-1
0
1
1
0
1
0
-1
-1
1
0
0
-1
0
0
-2
-2
-1
-1
-1
-1
-1
-1
-1
-2
-1
-2
-1
-1
0
-1
-2
-1
0
0
-1
-2
-2
-2
-2
-2
-1
0
0
-1
0
-2
-2
-1
0
1
0
0
1
1
3
2
2
3
2
3
2
1
3
2
2
2
0
1
1
0
2
1
2
1
1
1
1
0
1
1
0
0
0
0
0
0
-2
-1
-2
-1
-1
-1
-1
-2
-2
-2
-3
-3
-1
-2
-1
-2
-3
-2
-2
-1
0
0
0
1
0
0
0
0
-1
0
0
-1
1
1
2
2
3
2
3
3
3
2
4
4
4
3
3
3
3
2
2
1
1
0
0
0
-1
-1
-1
-2
-3
-1
-1
-1
-1
0
0
-1
0
0
-1
-1
0
-1
0
0
0
0
0
-1
0
-1
0
0
-1
0
-2
-2
-3
-2
-1
-3
-2
-3
-4
-3
-4
-4
-3
-4
-4
-3
-2
-2
-3
-3
-4
-3
-2
-2
-3
-2
-1
-1
-1
0
0
0
0
0
2
3
3
4
5
5
5
4
4
4
6
4
4
3
5
4
4
4
3
3
3
2
3
2
2
1
2
2
0
0
0
-1
0
1
1
1
-1
-1
0
0
-1
-1
0
-1
-1
0
0
-1
0
0
-1
-1
-1
-3
-2
-3
-2
-1
-1
-1
0
-1
-1
-1
-1
-1
-2
-2
-2
-1
-1
-3
-1
-2
-1
-1
-1
-1
-2
-2
-1
0
0
1
-1
0
-1
1
0
0
1
1
2
1
1
1
0
0
0
0
-1
-1
0
0
0
0
0
1
0
0
1
1
1
0
1
0
-1
-1
0
0
-1
-1
-2
0
-1
-1
-1
-1
-2
-1
-2
-2
-2
-2
-3
-3
-2
-4
-3
-2
-2
-1
-1
-1
1
1
0
1
0
2
2
2
2
2
3
3
3
2
1
1
1
1
2
3
3
4
3
4
5
4
4
4
3
3
2
3
3
3
1
2
1
1
1
2
1
1
1
1
1
-1
0
-1
-1
-1
-1
-2
-2
-1
-1
-1
-3
-4
-3
-4
-3
-2
-2
-1
-1
-2
-2
0
-1
-1
-2
-2
-1
-1
-2
0
0
1
1
0
-1
-1
0
0
0
1
2
2
2
1
1
0
0
-1
-1
-1
-2
-1
-1
-1
0
0
1
0
0
0
0
1
2
2
1
1
2
0
1
0
1
0
-1
-1
0
0
-1
-1
1
0
0
0
-1
-1
-1
-1
-1
-1
-1
-2
-2
-2
-2
-2
-2
-1
-1
-1
-1
-2
-2
-2
-2
-1
-1
-2
-2
-1
-1
-2
-1
0
0
1
1
2
2
1
2
2
1
2
2
2
2
2
1
1
0
0
0
0
-1
0
0
0
0
1
1
2
1
1
1
2
1
3
2
1
3
3
3
2
2
1
2
2
1
2
2
2
1
1
1
1
3
4
2
2
2
2
1
-1
-1
-1
-2
-4
-4
-5
-5
-5
-4
-4
-4
-5
-5
-5
-6
-6
-3
-3
-4
-2
-2
1
1
1
2
3
3
3
5
5
5
7
7
6
7
6
6
4
4
3
2
2
0
1
1
0
0
0
0
1
-1
-1
-1
-1
-3
-3
-1
-5
-4
-4
-5
-5
-4
-3
-4
-3
-3
-4
-4
-3
-2
-1
-3
-2
-3
-2
0
-1
-1
-1
-3
-4
-3
-3
-3
-3
-4
-5
-5
-3
-6
-5
-4
-3
-2
-2
-3
-1
-1
0
0
-1
-2
-2
-1
-1
0
0
0
0
1
1
2
2
1
1
2
2
3
4
2
2
2
3
4
4
5
4
4
4
5
4
4
6
6
5
5
6
8
8
9
7
5
6
6
6
6
6
5
3
3
3
1
3
2
0
2
2
2
2
1
1
0
0
0
1
-1
-1
-3
-3
-3
-2
-1
-2
-4
-4
-6
-8
-6
-5
-5
-4
-4
-5
-6
-6
-7
-7
-7
-7
-5
-5
-7
-4
-5
-3
-2
-3
0
-1
-2
-2
0
0
1
0
-1
-2
-1
0
0
1
2
0
0
3
3
2
3
3
4
6
6
5
5
4
6
7
6
5
4
2
0
0
-1
0
-1
-1
0
1
0
-1
0
1
0
-1
-2
-3
-3
-3
-3
-3
-6
-5
-6
-7
-5
-3
-4
-3
-3
-4
-5
-7
-6
-5
-6
-5
-3
-3
-4
-6
-8
-7
-8
-9
-8
-8
-8
-7
-5
-5
-4
-4
-4
-6
-3
-1
3
4
6
7
6
6
1
-20
-31
-32
-15
11
20
18
2
-1
8
20
36
34
35
56
68
77
62
41
37
44
63
63
49
29
16
19
9
-7
-24
-46
-50
-57
-62
-67
-79
-78
-82
-74
-63
-50
-42
-38
-25
-12
2
16
21
20
28
27
29
29
26
26
23
25
25
18
10
-1
-10
-13
-14
-20
-23
-28
-34
-32
-32
-37
-39
-42
-39
-30
-25
-18
-13
-12
-11
-6
0
6
13
23
31
35
40
40
39
41
41
46
43
39
38
36
31
29
25
23
20
14
8
8
12
16
21
20
17
13
7
3
5
3
9
17
19
13
9
3
-5
-13
-16
-17
-16
-9
-8
-4
-11
-23
-30
-37
-37
-29
-22
-20
-21
-23
-30
-32
-32
-34
-36
-36
-37
-38
-40
-40
-40
-37
-36
-32
-25
-18
-18
-18
-16
-17
-14
-8
-3
-1
3
7
10
8
4
8
18
27
33
37
39
39
41
44
45
47
47
47
52
53
52
51
48
44
44
36
29
27
26
22
20
20
17
7
1
-1
-4
-4
-8
-11
-12
-7
-3
1
0
-5
-8
-16
-23
-26
-26
-28
-24
-19
-18
-19
-22
-26
-38
-49
-52
-46
-41
-33
-34
-34
-40
-49
-68
-83
-93
-91
-81
-75
-67
-67
-71
-71
-76
-80
-77
-66
-51
-28
-7
18
45
66
78
89
101
117
134
151
167
175
174
174
171
168
157
139
121
104
91
75
62
44
28
18
10
-4
-17
-24
-36
-41
-41
-48
-50
-52
-42
-29
-14
-5
4
10
10
13
19
26
38
49
48
49
43
36
26
9
-7
-24
-30
-40
-50
-65
-84
-104
-136
-188
-244
-273
-264
-227
-224
-224
-232
-238
-250
-278
-299
-284
-238
-191
-161
-122
-64
7
54
88
122
157
189
202
217
252
295
333
352
338
327
307
269
223
173
127
93
65
48
36
36
13
-9
-35
-62
-72
-108
-114
-113
-99
-68
-48
-17
3
20
38
40
37
40
52
71
111
151
201
231
243
246
248
252
241
234
224
223
223
213
198
169
126
74
12
-41
-95
-137
-167
-192
-222
-249
-272
-296
-312
-333
-358
-373
-386
-393
-381
-376
-372
-372
-389
-399
-396
-393
-369
-338
-300
-269
-260
-267
-273
-267
-229
-194
-161
-117
-74
-19
42
88
140
198
254
293
339
400
455
514
544
562
571
572
537
471
439
380
343
282
238
196
140
113
52
25
-23
-87
-136
-176
-176
-172
-155
-141
-125
-91
-53
-16
36
96
127
141
145
191
255
312
361
394
412
417
402
387
364
332
299
259
228
196
171
132
72
3
-65
-130
-196
-243
-288
-316
-360
-391
-465
-555
-673
-811
-849
-893
-836
-847
-865
-822
-815
-836
-899
-950
-941
-881
-809
-758
-653
-496
-283
-128
-7
117
243
374
446
511
592
700
771
813
841
851
881
853
776
691
589
526
463
388
323
303
305
291
261
228
187
136
69
-8
-69
-107
-147
-157
-203
-187
-140
-122
-93
-132
-115
-125
-149
-173
-150
-102
-62
22
95
170
246
296
348
369
407
421
435
413
428
470
480
475
432
413
357
291
219
135
58
-32
-133
-249
-367
-449
-523
-572
-622
-644
-669
-704
-728
-742
-720
-707
-675
-657
-610
-604
-601
-597
-597
-542
-459
-400
-348
-342
-345
-333
-335
-341
-339
-322
-286
-228
-169
-74
50
162
263
358
465
592
690
783
874
955
989
1006
995
986
978
939
870
763
643
505
372
261
170
82
-9
-109
-174
-259
-276
-332
-388
-390
-438
-438
-481
-489
-430
-391
-313
-229
-130
-57
34
106
184
262
308
351
397
461
524
595
663
699
705
672
652
579
488
402
287
186
70
-20
-105
-187
-285
-361
-429
-496
-537
-562
-589
-622
-677
-760
-881
-982
-996
-989
-912
-884
-837
-804
-788
-786
-816
-841
-836
-806
-763
-707
-584
-435
-278
-139
-13
124
267
416
506
616
722
812
871
898
934
966
987
974
941
869
786
711
631
543
479
442
388
317
269
247
248
220
136
73
5
-50
-100
-151
-145
-148
-150
-129
-137
-133
-113
-118
-109
-100
-74
-54
-26
26
89
142
189
228
304
372
400
424
425
424
411
374
340
307
250
182
108
43
-33
-99
-167
-236
-273
-351
-452
-548
-645
-707
-742
-738
-720
-684
-670
-654
-683
-746
-800
-856
-847
-827
-794
-744
-689
-623
-572
-542
-534
-514
-489
-459
-419
-374
-276
-158
-47
69
237
406
577
722
828
910
985
1033
1039
1016
1009
1008
976
941
867
786
714
644
568
489
389
312
236
169
111
64
-11
-72
-115
-179
-181
-196
-212
-212
-249
-275
-249
-236
-197
-138
-113
-19
59
101
202
252
306
354
383
425
476
512
544
564
525
499
456
385
319
241
160
63
-31
-147
-231
-302
-391
-441
-528
-576
-612
-629
-638
-663
-696
-752
-832
-968
-1034
-1086
-1095
-1041
-1032
-972
-912
-874
-838
-832
-835
-812
-763
-748
-674
-581
-465
-308
-184
-29
157
332
494
638
733
833
947
1002
1058
1086
1105
1112
1088
1052
1022
983
915
848
737
663
580
506
458
425
405
370
297
247
180
139
85
0
-21
-83
-107
-99
-103
-79
-71
-86
-87
-103
-119
-88
-60
-55
-22
6
61
116
174
222
242
265
271
275
254
223
177
100
38
-55
-118
-177
-233
-286
-332
-376
-417
-453
-511
-513
-554
-581
-598
-615
-627
-656
-718
-774
-825
-839
-830
-805
-786
-764
-728
-716
-722
-731
-720
-655
-602
-548
-472
-376
-265
-171
-56
74
231
380
533
640
764
886
975
1044
1099
1101
1104
1070
1024
952
885
820
756
678
609
545
489
453
379
339
255
193
70
8
-65
-125
-127
-197
-192
-197
-204
-192
-159
-132
-108
-97
-121
-60
-44
-6
49
51
116
168
223
270
318
349
374
387
351
334
307
278
255
191
123
49
-25
-75
-137
-197
-273
-353
-441
-514
-568
-613
-625
-647
-651
-664
-702
-749
-817
-874
-916
-950
-952
-961
-943
-888
-823
-792
-780
-775
-747
-703
-660
-607
-538
-432
-324
-214
-85
52
251
411
551
713
842
981
1103
1180
1222
1231
1215
1178
1119
1056
1003
925
861
766
670
623
559
519
461
400
336
241
165
98
44
-7
-70
-115
-191
-226
-251
-242
-223
-219
-203
-208
-192
-189
-141
-109
-106
-87
-82
-13
54
148
244
290
354
362
367
376
394
377
319
245
169
99
30
-25
-76
-133
-197
-274
-338
-383
-412
-436
-451
-464
-501
-513
-559
-599
-665
-742
-808
-871
-887
-917
-915
-922
-929
-929
-946
-943
-935
-898
-855
-797
-717
-651
-554
-448
-314
-157
21
222
388
565
701
832
969
1061
1123
1144
1163
1134
1081
1009
909
846
759
703
654
593
563
498
472
447
398
331
256
199
114
46
-25
-65
-125
-150
-190
-195
-115
-91
-34
6
33
85
116
162
197
225
262
273
311
368
418
439
464
458
436
431
400
384
355
311
215
106
26
-62
-121
-218
-296
-368
-458
-514
-575
-601
-633
-674
-705
-753
-784
-812
-856
-939
-1019
-1091
-1136
-1134
-1136
-1125
-1112
-1077
-1033
-1003
-958
-911
-836
-780
-729
-651
-560
-426
-301
-149
11
202
398
586
779
940
1098
1198
1279
1321
1331
1331
1288
1210
1130
1045
964
869
780
714
646
605
558
503
471
394
335
292
181
130
20
-64
-122
-192
-233
-222
-239
-248
-219
-201
-158
-118
-88
-19
5
35
79
113
175
215
290
365
429
456
476
510
512
502
451
384
282
206
105
4
-72
-182
-242
-316
-369
-404
-430
-462
-498
-532
-585
-616
-660
-701
-735
-803
-869
-954
-1041
-1101
-1134
-1148
-1164
-1147
-1136
-1108
-1080
-1034
-972
-913
-840
-770
-702
-609
-480
-341
-195
-30
141
321
495
651
818
974
1107
1200
1255
1265
1261
1239
1176
1107
1012
927
836
768
712
682
659
614
577
540
479
430
388
310
248
136
72
29
-19
-20
-4
-25
-4
2
12
74
112
152
195
191
202
222
230
268
296
324
343
338
336
346
347
325
300
261
202
140
74
21
-56
-135
-252
-359
-449
-516
-572
-620
-675
-718
-774
-809
-831
-846
-863
-894
-952
-1019
-1090
-1161
-1205
-1242
-1260
-1259
-1242
-1193
-1113
-1047
-984
-913
-844
-768
-667
-555
-432
-303
-185
-48
119
282
460
644
822
998
1138
1265
1366
1461
1503
1507
1485
1409
1311
1177
1054
954
833
735
623
553
498
444
411
359
311
234
180
103
43
-18
-87
-133
-203
-245
-286
-298
-247
-190
-106
-47
35
116
184
243
283
327
370
395
402
410
399
408
405
386
386
377
337
305
233
166
85
-4
-93
-210
-312
-409
-495
-572
-626
-686
-743
-793
-844
-883
-913
-926
-922
-932
-964
-1028
-1103
-1166
-1209
-1223
-1235
-1234
-1224
-1192
-1136
-1073
-970
-873
-764
-661
-557
-451
-355
-210
-77
58
206
350
516
681
876
1040
1193
1324
1409
1464
1472
1475
1449
1396
1301
1196
1087
982
855
764
673
580
515
467
441
426
395
351
302
223
156
93
32
-30
-83
-122
-151
-148
-124
-90
-48
-6
63
120
177
223
274
316
339
342
335
326
308
285
257
221
190
161
115
62
15
-50
-118
-182
-286
-382
-479
-559
-637
-707
-768
-832
-900
-955
-977
-990
-981
-969
-958
-952
-967
-988
-1031
-1064
-1093
-1090
-1087
-1080
-1052
-1013
-934
-845
-773
-696
-607
-528
-436
-341
-236
-124
-7
101
222
345
493
640
776
894
1006
1132
1221
1306
1366
1394
1402
1356
1275
1189
1070
950
836
712
619
526
452
408
355
346
316
271
254
209
162
134
77
31
-3
-39
-45
-29
-24
32
61
114
167
224
293
339
397
434
473
497
510
511
490
459
410
359
304
231
173
108
38
-30
-104
-189
-264
-333
-418
-489
-571
-666
-756
-864
-960
-1051
-1096
-1143
-1161
-1165
-1180
-1145
-1149
-1126
-1137
-1133
-1148
-1164
-1150
-1143
-1124
-1110
-1067
-1005
-935
-852
-774
-664
-556
-444
-325
-220
-84
37
151
258
397
563
717
861
980
1095
1215
1313
1396
1454
1498
1496
1462
1392
1293
1203
1089
1005
879
780
694
621
582
515
490
444
407
365
338
308
266
219
154
111
59
12
-12
-49
-51
-55
-32
17
77
139
205
243
269
278
280
284
257
206
155
76
18
-37
-90
-136
-197
-245
-300
-346
-399
-457
-514
-568
-650
-744
-828
-904
-984
-1031
-1087
-1108
-1122
-1111
-1082
-1063
-1026
-997
-959
-950
-923
-893
-876
-832
-805
-788
-758
-719
-675
-623
-567
-510
-425
-337
-227
-129
-32
86
177
281
379
481
610
730
853
939
1048
1165
1260
1342
1377
1406
1391
1341
1289
1200
1121
1025
914
792
689
613
543
518
466
443
394
370
353
346
343
317
282
226
183
141
108
75
33
16
18
20
39
63
101
127
154
166
187
201
188
160
107
58
11
-46
-104
-170
-234
-312
-375
-443
-489
-540
-602
-654
-731
-796
-869
-934
-1002
-1059
-1108
-1148
-1169
-1161
-1126
-1088
-1039
-975
-935
-875
-848
-835
-814
-821
-805
-773
-729
-689
-640
-593
-538
-483
-442
-378
-301
-228
-128
-53
55
170
301
428
544
669
794
929
1036
1161
1262
1363
1455
1496
1535
1544
1522
1473
1393
1297
1169
1049
927
819
723
631
564
490
452
422
404
377
351
323
276
214
130
71
-1
-79
-124
-181
-203
-220
-228
-209
-177
-122
-91
-69
-49
-24
-10
-19
-14
-37
-57
-90
-135
-177
-224
-276
-341
-397
-467
-504
-543
-596
-653
-699
-730
-760
-786
-815
-850
-903
-952
-974
-989
-983
-970
-944
-911
-869
-811
-761
-705
-663
-633
-621
-605
-577
-545
-533
-496
-470
-438
-398
-350
-293
-226
-148
-65
7
76
170
263
361
473
589
724
845
959
1079
1176
1265
1353
1402
1427
1443
1417
1381
1328
1245
1167
1064
949
846
738
665
610
559
540
501
486
454
432
404
350
282
203
128
47
-23
-86
-128
-159
-188
-185
-203
-184
-166
-148
-111
-87
-58
-57
-61
-86
-131
-186
-246
-294
-359
-420
-483
-550
-616
-679
-720
-761
-806
-844
-882
-909
-940
-962
-985
-995
-1019
-1043
-1037
-1025
-999
-964
-925
-877
-816
-755
-689
-602
-537
-492
-443
-422
-375
-326
-295
-232
-189
-145
-83
-18
37
88
139
177
249
289
378
454
534
626
709
806
911
1023
1137
1249
1340
1420
1481
1505
1515
1492
1443
1371
1260
1157
1047
941
828
738
652
569
510
446
378
340
266
199
141
71
3
-50
-125
-193
-264
-337
-382
-439
-470
-464
-475
-458
-429
-410
-382
-357
-356
-356
-347
-350
-362
-385
-410
-449
-494
-535
-578
-604
-607
-620
-642
-666
-677
-686
-692
-682
-681
-670
-675
-685
-685
-680
-673
-658
-640
-634
-601
-557
-529
-474
-438
-386
-338
-299
-271
-221
-192
-170
-134
-110
-88
-64
-50
-34
-23
-18
-21
8
19
54
119
153
231
306
411
519
633
748
869
992
1095
1198
1282
1357
1405
1423
1421
1372
1332
1271
1192
1107
997
903
797
708
628
535
487
415
361
322
238
194
139
83
27
-37
-121
-175
-239
-298
-324
-375
-410
-440
-490
-502
-514
-533
-539
-547
-563
-573
-585
-594
-592
-624
-654
-680
-700
-709
-721
-746
-754
-773
-775
-774
-764
-756
-740
-714
-700
-656
-601
-545
-492
-455
-422
-397
-369
-333
-294
-260
-236
-194
-147
-85
-21
53
82
121
124
115
115
91
97
80
58
28
-9
-26
-34
-16
-3
33
61
116
202
282
388
485
590
696
815
918
1015
1114
1172
1234
1264
1272
1275
1233
1193
1126
1063
988
898
814
722
645
553
462
399
337
275
199
162
106
58
3
-75
-121
-202
-280
-360
-438
-508
-573
-624
-689
-728
-772
-793
-804
-826
-804
-792
-774
-767
-755
-732
-731
-699
-687
-674
-673
-682
-686
-675
-651
-618
-569
-522
-460
-389
-318
-258
-225
-188
-157
-141
-119
-109
-98
-102
-102
-82
-63
-29
10
49
75
103
142
161
170
168
124
113
87
68
36
18
0
-5
-10
-11
2
1
47
108
161
231
321
415
523
633
743
855
958
1041
1127
1197
1249
1287
1296
1282
1246
1206
1134
1047
938
814
693
562
432
313
209
118
34
-48
-125
-175
-231
-303
-367
-454
-524
-602
-688
-762
-839
-917
-966
-1025
-1080
-1103
-1117
-1108
-1087
-1059
-1008
-940
-878
-812
-753
-702
-640
-601
-557
-519
-492
-451
-406
-354
-284
-219
-165
-102
-37
33
85
143
185
232
281
302
308
325
335
339
331
314
307
297
285
278
266
269
265
270
257
251
245
206
191
152
122
90
64
40
10
-19
-38
-33
-19
-7
30
58
109
165
233
328
424
516
606
701
777
863
924
978
1026
1032
1025
984
934
869
776
687
585
484
377
274
166
83
11
-73
-135
-207
-257
-310
-376
-439
-510
-609
-711
-818
-903
-973
-1032
-1085
-1115
-1132
-1138
-1125
-1111
-1074
-1040
-1000
-943
-888
-823
-750
-678
-608
-543
-485
-415
-343
-270
-191
-133
-77
-15
51
115
175
241
299
343
392
425
473
516
539
564
560
551
537
515
499
465
435
403
386
379
369
366
357
354
327
311
271
248
218
184
139
88
40
5
-20
-58
-82
-104
-106
-82
-54
-4
56
118
189
271
356
451
559
644
721
764
804
830
835
830
789
731
664
573
477
367
259
153
40
-69
-167
-250
-330
-404
-478
-541
-614
-670
-748
-804
-861
-915
-972
-1032
-1073
-1117
-1152
-1167
-1182
-1187
-1156
-1117
-1054
-983
-893
-808
-705
-606
-503
-400
-295
-191
-104
-18
73
166
251
319
392
456
520
574
640
700
746
790
809
834
834
837
818
785
744
704
658
613
553
498
448
395
339
292
262
246
221
184
166
132
113
72
32
-16
-52
-99
-151
-196
-232
-257
-286
-314
-321
-309
-272
-247
-207
-145
-87
-8
75
170
261
362
446
500
554
584
590
589
577
546
496
434
349
261
149
22
-95
-215
-318
-406
-487
-560
-620
-678
-720
-761
-789
-831
-870
-904
-958
-992
-1030
-1057
-1079
-1079
-1076
-1047
-1000
-932
-850
-766
-640
-520
-396
-255
-124
6
137
251
362
469
568
661
746
807
880
946
990
1047
1070
1109
1130
1131
1134
1105
1079
1031
978
904
830
742
652
553
452
368
279
200
114
29
-40
-117
-168
-198
-230
-246
-277
-313
-331
-381
-424
-461
-500
-526
-561
-579
-586
-584
-583
-572
-563
-525
-469
-407
-328
-252
-166
-82
-3
78
162
230
295
342
369
396
405
397
382
341
283
210
125
38
-56
-147
-247
-340
-407
-476
-535
-588
-628
-652
-678
-682
-692
-704
-693
-681
-681
-673
-666
-637
-606
-578
-522
-455
-390
-300
-208
-105
12
123
233
356
468
575
679
775
852
926
990
1043
1077
1108
1120
1111
1112
1080
1050
1002
959
906
837
757
673
586
493
412
322
228
131
40
-56
-142
-210
-268
-327
-378
-421
-462
-468
-480
-462
-460
-449
-425
-415
-390
-409
-404
-418
-420
-434
-446
-442
-439
-428
-421
-399
-378
-352
-321
-287
-244
-202
-155
-109
-73
-29
-1
29
52
70
78
73
66
44
26
-19
-64
-115
-184
-233
-293
-355
-406
-463
-501
-532
-549
-568
-560
-554
-540
-496
-457
-396
-345
-276
-218
-172
-110
-61
11
66
135
205
261
345
408
467
533
592
653
719
780
839
897
935
974
997
996
993
970
944
895
839
783
720
662
606
557
491
430
383
312
250
188
137
86
18
-49
-106
-159
-215
-267
-318
-358
-396
-423
-436
-448
-441
-441
-427
-411
-399
-391
-397
-394
-421
-430
-468
-491
-518
-559
-581
-618
-658
-681
-705
-723
-725
-716
-707
-683
-643
-601
-553
-501
-436
-370
-293
-224
-151
-78
-25
29
69
101
127
148
140
123
109
81
58
43
33
26
48
86
120
167
192
228
271
314
373
393
415
442
434
441
432
417
421
409
407
414
425
422
448
451
467
496
502
530
534
538
549
540
525
510
486
460
440
411
392
362
329
301
260
230
200
176
150
112
87
50
11
-18
-65
-97
-133
-174
-219
-257
-290
-322
-357
-390
-421
-453
-479
-500
-512
-520
-534
-544
-566
-581
-606
-627
-656
-703
-746
-794
-816
-858
-878
-899
-910
-909
-906
-875
-832
-769
-698
-622
-519
-417
-300
-190
-66
51
142
239
313
390
445
507
559
588
614
616
615
604
595
586
565
564
541
537
521
501
495
485
455
422
396
352
328
277
234
182
154
127
95
76
70
63
57
60
62
83
119
145
191
250
286
329
364
402
439
469
491
508
516
526
527
522
507
485
455
426
396
363
336
287
232
178
138
73
1
-70
-144
-223
-303
-373
-455
-521
-588
-648
-702
-739
-768
-788
-795
-795
-790
-806
-808
-824
-838
-861
-878
-891
-916
-916
-924
-913
-905
-887
-862
-822
-775
-699
-614
-537
-446
-355
-260
-144
-26
88
204
305
410
491
570
647
709
773
833
871
902
922
915
900
873
819
755
681
613
540
466
407
343
271
205
148
105
68
42
35
26
11
-8
-24
-43
-59
-63
-57
-47
-34
-5
23
74
131
180
238
301
350
409
454
483
520
548
563
565
562
548
522
490
449
412
360
304
246
180
129
61
-4
-60
-124
-201
-268
-332
-397
-468
-540
-597
-648
-697
-744
-788
-825
-858
-894
-925
-936
-947
-947
-926
-901
-864
-833
-788
-750
-722
-686
-647
-594
-549
-494
-447
-407
-355
-314
-265
-215
-166
-98
-36
36
103
177
273
352
449
548
637
740
811
875
923
958
979
978
957
916
861
795
724
634
541
452
362
271
194
130
76
42
29
18
24
27
23
30
34
21
5
3
-10
-15
-28
-33
-22
-15
3
17
47
79
115
166
223
288
337
389
410
416
428
422
409
366
323
270
205
141
74
12
-57
-109
-169
-220
-253
-282
-318
-361
-396
-425
-454
-502
-547
-593
-650
-695
-746
-790
-824
-853
-869
-877
-854
-826
-786
-720
-656
-572
-499
-419
-350
-279
-226
-174
-129
-109
-72
-52
-39
-28
-19
-12
1
13
33
62
108
165
227
294
370
437
509
576
636
699
734
759
773
772
765
742
701
645
594
534
466
398
324
257
202
155
110
82
61
44
30
27
23
24
19
-4
-22
-44
-66
-98
-107
-132
-152
-154
-142
-115
-85
-53
-14
29
76
118
162
198
231
252
252
241
221
192
162
131
94
68
27
-10
-36
-59
-84
-94
-111
-118
-129
-146
-161
-190
-233
-277
-327
-378
-431
-486
-542
-584
-608
-635
-639
-638
-623
-596
-570
-530
-476
-422
-356
-289
-229
-171
-119
-70
-36
-14
-3
9
7
-6
-15
-31
-37
-57
-63
-54
-47
-26
-8
34
69
120
169
220
284
347
405
460
522
560
594
613
618
618
606
587
556
521
492
451
402
337
277
222
163
109
47
-1
-45
-75
-102
-125
-131
-128
-129
-137
-154
-161
-178
-183
-181
-174
-155
-139
-113
-96
-70
-35
6
37
78
110
129
165
181
193
201
201
196
170
151
119
99
75
44
29
1
-4
-27
-44
-59
-86
-94
-121
-140
-161
-174
-206
-240
-262
-298
-328
-360
-388
-410
-425
-432
-434
-425
-407
-387
-357
-329
-299
-268
-232
-193
-161
-139
-120
-109
-100
-86
-83
-75
-70
-76
-74
-69
-64
-55
-38
-17
10
50
83
132
176
216
262
305
346
386
420
433
448
458
466
456
446
438
420
396
369
329
292
254
210
173
136
92
45
8
-30
-63
-96
-124
-141
-158
-171
-171
-163
-147
-133
-118
-96
-65
-43
-13
10
31
60
76
99
117
128
138
151
159
165
160
174
176
163
141
123
97
74
51
25
-2
-31
-56
-95
-123
-156
-183
-210
-241
-259
-288
-314
-339
-362
-383
-396
-409
-408
-404
-388
-364
-337
-307
-279
-249
-216
-186
-161
-131
-106
-95
-78
-66
-57
-36
-28
-23
-7
-3
15
37
60
93
124
158
185
217
252
283
304
323
340
356
370
377
381
379
368
358
350
336
320
296
260
212
159
104
47
-7
-63
-120
-160
-196
-225
-237
-245
-245
-241
-231
-216
-206
-191
-176
-159
-143
-132
-110
-91
-71
-49
-28
4
35
66
93
120
155
193
217
244
247
246
242
231
227
213
184
155
124
97
62
35
14
-11
-32
-53
-66
-77
-92
-101
-112
-130
-156
-184
-195
-218
-230
-238
-237
-235
-243
-238
-234
-227
-217
-206
-196
-190
-193
-187
-176
-167
-158
-155
-146
-139
-129
-115
-101
-70
-40
-14
22
59
87
124
163
190
221
262
299
331
357
386
400
401
410
406
399
380
353
314
262
212
165
119
76
31
-11
-47
-89
-131
-160
-178
-196
-208
-215
-217
-218
-227
-229
-232
-227
-217
-209
-199
-185
-169
-148
-137
-121
-98
-85
-61
-32
-2
29
57
82
103
117
124
126
121
116
119
108
97
82
71
52
37
25
12
3
-8
-19
-28
-40
-41
-41
-54
-49
-53
-53
-54
-60
-59
-66
-65
-60
-56
-54
-44
-29
-17
-7
5
11
12
11
11
7
5
1
-5
-17
-25
-33
-40
-41
-46
-53
-51
-42
-33
-9
11
38
60
87
110
133
151
168
191
206
226
231
234
234
217
207
189
168
148
123
92
58
21
-13
-44
-72
-95
-129
-144
-164
-181
-192
-210
-214
-214
-211
-206
-185
-169
-154
-141
-131
-109
-103
-93
-80
-66
-48
-35
-21
-12
5
9
12
25
35
43
53
57
65
71
81
88
91
93
93
97
93
103
100
92
90
74
66
71
70
66
58
43
24
4
-11
-24
-38
-54
-69
-88
-107
-124
-144
-158
-179
-194
-205
-202
-196
-183
-154
-138
-111
-75
-43
0
36
73
108
143
176
213
245
277
306
317
333
339
336
332
320
297
281
257
217
180
145
110
78
34
-1
-24
-61
-90
-109
-130
-149
-173
-200
-219
-244
-266
-290
-308
-317
-331
-343
-351
-351
-341
-326
-302
-278
-254
-223
-194
-164
-122
-86
-49
-25
-4
20
38
53
67
76
80
86
91
102
109
115
124
134
143
158
170
177
188
187
191
194
184
179
167
152
142
127
98
79
45
13
-8
-27
-46
-58
-69
-80
-91
-102
-116
-129
-139
-149
-147
-147
-137
-129
-116
-98
-87
-64
-35
-9
38
80
116
147
181
216
249
276
292
308
310
308
297
276
256
230
196
161
133
103
75
59
30
9
-8
-29
-49
-59
-75
-98
-111
-131
-148
-169
-181
-191
-209
-220
-230
-239
-253
-257
-255
-253
-248
-234
-214
-197
-181
-155
-130
-114
-98
-81
-70
-54
-46
-31
-14
0
21
39
60
76
89
105
111
115
134
137
137
134
133
128
126
126
126
124
110
97
73
56
37
15
2
-10
-29
-46
-70
-90
-102
-121
-132
-141
-156
-154
-143
-143
-137
-129
-119
-106
-94
-79
-63
-34
-5
21
58
89
124
147
170
193
213
234
245
254
255
255
245
230
215
193
180
163
148
126
103
83
53
26
0
-30
-58
-88
-116
-133
-158
-177
-188
-199
-208
-221
-234
-233
-241
-237
-235
-236
-224
-221
-213
-200
-181
-161
-138
-117
-93
-75
-48
-20
12
50
86
114
139
168
198
212
231
250
261
272
279
285
287
283
275
263
256
247
229
211
194
176
149
111
72
44
1
-38
-91
-136
-172
-211
-235
-273
-295
-322
-335
-347
-353
-350
-336
-320
-304
-287
-263
-237
-208
-174
-141
-104
-66
-26
14
51
93
130
164
199
231
250
269
282
287
295
297
290
280
272
251
229
198
169
145
125
97
70
33
0
-34
-64
-87
-112
-139
-158
-170
-186
-198
-196
-196
-202
-214
-215
-207
-207
-185
-173
-154
-140
-128
-116
-114
-97
-90
-72
-39
-14
5
32
64
92
129
161
184
204
219
236
248
264
268
266
257
246
233
217
203
181
165
148
126
101
77
50
16
-18
-60
-104
-144
-185
-221
-253
-285
-315
-348
-377
-390
-400
-401
-390
-375
-338
-304
-270
-235
-199
-161
-116
-65
-22
27
65
110
142
161
185
209
227
240
253
262
275
283
284
291
298
298
292
280
271
251
222
204
175
140
106
62
20
-18
-57
-83
-109
-131
-149
-155
-170
-179
-173
-176
-158
-144
-135
-122
-110
-111
-109
-96
-89
-85
-81
-74
-63
-66
-49
-37
-29
-6
12
37
65
98
127
156
176
194
205
210
208
204
198
181
170
149
127
104
87
67
45
21
-7
-25
-46
-68
-91
-107
-129
-156
-182
-205
-224
-244
-264
-278
-296
-313
-320
-319
-310
-291
-265
-233
-203
-165
-126
-83
-40
0
35
64
98
126
143
156
178
185
184
197
198
199
202
198
191
185
176
157
140
124
113
99
84
65
49
31
8
-11
-25
-39
-53
-63
-73
-75
-74
-77
-88
-87
-79
-77
-74
-62
-55
-46
-26
-13
-5
8
16
26
33
44
55
55
62
75
82
82
95
103
109
111
125
151
167
172
180
172
170
158
138
126
107
91
65
43
11
-9
-24
-53
-72
-89
-104
-116
-122
-131
-142
-161
-173
-186
-205
-221
-231
-241
-243
-245
-242
-231
-224
-213
-193
-179
-156
-126
-102
-80
-58
-33
-17
5
21
32
46
52
52
54
57
54
47
39
34
35
32
37
41
40
46
56
51
53
54
51
52
46
47
48
54
63
71
78
86
95
114
121
131
145
155
164
169
175
185
187
182
181
177
169
164
158
151
143
132
123
115
116
113
110
101
87
71
59
47
26
6
-15
-36
-65
-94
-113
-132
-151
-168
-183
-202
-219
-220
-237
-238
-238
-242
-242
-249
-262
-272
-280
-283
-279
-275
-264
-250
-232
-218
-203
-190
-172
-156
-132
-110
-89
-67
-43
-28
-12
12
25
35
39
42
46
49
49
52
49
49
48
41
43
48
63
74
85
94
97
98
97
106
112
119
127
134
140
142
151
157
163
173
178
192
199
215
229
239
255
268
276
283
301
302
301
295
291
289
273
258
240
223
200
173
152
126
100
77
47
26
4
-23
-50
-84
-109
-133
-159
-185
-211
-232
-255
-277
-296
-318
-340
-363
-384
-396
-398
-398
-396
-392
-383
-377
-363
-349
-331
-310
-288
-261
-237
-201
-176
-154
-125
-94
-74
-56
-27
-7
13
36
50
66
82
87
97
98
104
105
106
93
80
71
53
50
45
44
37
32
38
38
43
47
55
66
68
74
80
84
90
94
102
119
128
133
145
154
167
179
198
221
243
254
263
269
276
285
290
297
300
297
279
267
259
249
239
228
208
194
180
162
148
125
99
73
43
7
-23
-49
-76
-107
-141
-173
-206
-228
-254
-274
-284
-305
-316
-332
-350
-361
-379
-380
-371
-370
-363
-353
-344
-331
-318
-298
-281
-264
-237
-214
-196
-172
-153
-132
-115
-96
-84
-68
-46
-34
-22
-12
-2
8
18
17
18
17
14
19
21
25
30
30
37
44
53
65
71
81
92
108
120
129
150
169
181
194
200
203
216
223
234
252
266
283
298
310
319
325
335
332
334
326
314
303
286
271
256
241
217
196
158
127
107
81
62
43
24
5
-14
-27
-44
-67
-83
-110
-129
-151
-172
-189
-203
-217
-231
-250
-274
-286
-299
-309
-322
-326
-336
-345
-346
-346
-346
-340
-327
-317
-298
-277
-255
-230
-213
-184
-166
-144
-128
-114
-100
-88
-70
-70
-60
-54
-50
-36
-31
-18
-4
4
21
30
43
52
57
60
58
64
62
63
64
66
65
72
84
94
106
114
128
148
169
191
218
253
276
303
335
344
356
362
363
370
368
362
353
341
323
307
293
283
266
249
232
205
188
169
141
118
93
57
31
6
-28
-62
-103
-130
-164
-194
-214
-237
-245
-264
-273
-277
-281
-278
-278
-279
-285
-282
-287
-287
-289
-288
-288
-290
-293
-301
-292
-282
-265
-241
-224
-207
-191
-172
-154
-139
-122
-112
-97
-84
-69
-52
-47
-39
-33
-31
-30
-28
-24
-21
-20
-13
-3
5
18
31
47
56
61
79
90
100
107
107
112
115
119
123
125
135
145
158
179
193
209
220
236
251
265
283
294
303
311
319
320
327
323
314
304
289
280
266
257
247
227
207
180
162
143
117
92
65
41
19
-10
-41
-69
-97
-127
-151
-176
-192
-213
-231
-245
-259
-268
-276
-287
-294
-298
-296
-296
-290
-278
-280
-280
-277
-275
-277
-269
-255
-243
-229
-211
-194
-182
-168
-157
-147
-129
-114
-108
-98
-79
-63
-54
-43
-32
-20
-9
-2
3
12
17
21
33
43
53
62
73
80
79
82
80
81
79
78
75
81
90
95
106
115
124
134
142
152
164
179
191
202
203
203
208
215
225
227
230
230
229
215
208
201
192
185
171
165
157
155
144
135
119
108
90
75
67
49
38
24
0
-12
-27
-48
-64
-81
-101
-121
-130
-147
-155
-164
-177
-191
-207
-219
-234
-244
-249
-253
-259
-266
-276
-277
-279
-277
-278
-278
-275
-263
-245
-226
-201
-179
-157
-134
-110
-89
-63
-42
-19
-2
17
31
43
50
57
68
78
85
88
92
102
107
115
116
122
120
124
119
107
118
114
119
121
119
121
116
114
107
100
101
96
97
93
91
91
91
89
90
96
100
105
100
100
104
103
108
107
97
87
87
78
75
71
64
56
49
40
30
16
19
13
9
0
-6
-12
-22
-32
-49
-55
-69
-78
-83
-86
-90
-92
-98
-106
-113
-122
-133
-134
-142
-151
-155
-161
-164
-161
-160
-160
-156
-161
-152
-150
-142
-128
-120
-108
-101
-92
-75
-64
-48
-25
-11
8
27
38
53
71
87
102
118
136
146
154
156
154
152
146
140
129
122
108
103
96
87
77
68
60
51
46
34
25
19
13
4
-1
-8
-10
-13
-15
-19
-23
-25
-29
-21
-23
-26
-30
-33
-27
-20
-12
-11
-2
8
7
12
12
13
17
16
20
16
9
8
7
2
-3
6
3
4
6
2
-1
-3
-6
-11
-16
-24
-20
-24
-31
-34
-46
-53
-60
-71
-75
-74
-73
-81
-88
-90
-92
-96
-93
-102
-98
-93
-95
-86
-90
-88
-86
-80
-67
-56
-51
-32
-23
-6
11
28
49
73
96
117
132
144
168
176
190
197
193
189
182
177
169
162
153
146
137
119
100
88
70
52
37
24
10
-3
-17
-22
-35
-43
-50
-56
-63
-78
-92
-108
-116
-128
-131
-136
-143
-149
-153
-155
-148
-136
-123
-107
-93
-81
-72
-59
-46
-36
-20
-8
-4
2
11
12
12
19
19
28
31
31
44
46
50
51
50
48
45
49
57
64
64
57
54
49
43
38
28
20
11
7
5
-1
-9
-6
-12
-15
-15
-13
-12
-8
-4
-3
3
8
20
25
36
46
51
57
66
64
69
76
78
83
84
91
95
94
93
88
85
79
67
52
45
37
18
6
-3
-21
-44
-64
-81
-97
-108
-124
-132
-138
-150
-155
-161
-165
-166
-168
-159
-162
-161
-160
-149
-141
-137
-127
-123
-115
-111
-98
-93
-86
-78
-64
-56
-43
-26
-26
-14
-6
7
15
23
28
40
54
60
74
83
95
100
106
115
124
139
141
143
151
156
159
156
159
156
151
143
136
124
119
116
109
105
97
95
85
72
63
54
45
33
27
28
24
20
22
16
16
11
18
19
20
25
24
21
16
18
16
23
18
19
20
19
20
12
10
2
-5
-11
-16
-22
-32
-51
-68
-87
-103
-119
-129
-141
-151
-159
-177
-186
-193
-202
-203
-210
-222
-222
-226
-230
-234
-237
-228
-222
-211
-199
-191
-176
-161
-145
-126
-106
-87
-71
-55
-37
-20
6
28
50
69
86
100
104
110
122
136
145
157
160
162
163
164
162
163
169
175
182
188
184
188
190
183
187
189
185
177
173
168
165
161
152
150
145
139
143
144
145
141
139
130
122
115
104
94
87
73
61
48
43
32
18
13
0
-12
-27
-36
-47
-64
-75
-88
-100
-119
-130
-143
-157
-170
-187
-199
-208
-213
-222
-221
-222
-223
-222
-228
-226
-223
-220
-219
-219
-222
-214
-205
-199
-191
-180
-172
-165
-157
-148
-136
-122
-108
-92
-73
-61
-52
-35
-22
-5
9
19
38
50
67
74
85
96
97
108
108
111
119
126
129
131
129
131
129
125
123
125
127
140
144
140
141
144
148
150
154
154
161
168
174
181
177
176
175
171
160
153
151
146
152
142
132
124
113
102
86
74
60
50
35
19
4
-13
-32
-50
-55
-74
-88
-91
-99
-108
-113
-128
-138
-141
-149
-160
-170
-181
-192
-200
-207
-214
-225
-230
-228
-228
-225
-219
-208
-203
-196
-186
-174
-165
-155
-132
-112
-89
-75
-58
-42
-35
-29
-20
-1
10
28
41
47
53
62
74
75
82
94
94
95
96
92
94
85
76
70
70
73
78
81
83
90
92
91
89
93
95
90
98
99
109
114
129
128
141
155
157
167
171
179
172
168
164
156
150
143
137
130
120
111
101
86
72
52
34
21
7
-8
-27
-38
-54
-71
-93
-117
-134
-148
-160
-169
-183
-191
-198
-211
-218
-218
-222
-223
-225
-225
-229
-224
-222
-225
-214
-209
-203
-194
-183
-175
-163
-144
-125
-112
-96
-74
-56
-45
-34
-15
-1
12
22
38
46
50
58
61
68
74
78
82
81
78
76
75
81
80
82
85
84
85
78
85
84
90
98
103
103
106
109
111
116
121
126
132
138
140
145
151
151
157
168
168
177
172
169
172
168
167
165
163
159
153
140
132
118
98
80
66
51
35
14
-8
-24
-39
-59
-73
-86
-101
-108
-121
-131
-145
-163
-174
-193
-205
-204
-216
-225
-231
-232
-236
-243
-252
-257
-262
-260
-253
-249
-232
-219
-203
-187
-173
-154
-136
-118
-96
-74
-61
-44
-30
-18
-3
11
20
34
48
47
60
66
79
86
92
98
98
103
108
118
121
115
112
109
107
106
102
99
94
94
91
90
90
89
90
92
96
98
100
101
110
111
110
114
120
132
133
139
139
140
148
147
138
139
136
131
125
119
115
102
91
74
62
46
27
10
-7
-20
-41
-49
-62
-73
-78
-91
-100
-114
-131
-152
-168
-190
-202
-211
-223
-236
-246
-247
-254
-249
-248
-247
-242
-234
-231
-223
-212
-201
-193
-183
-167
-150
-125
-105
-80
-59
-38
-21
0
25
40
52
69
88
100
111
119
123
129
130
137
144
147
155
160
167
171
165
164
157
146
135
129
118
106
94
85
79
68
61
53
39
37
36
33
30
32
39
40
51
62
66
81
89
93
89
93
95
95
94
95
93
94
95
89
84
79
66
53
42
24
11
-8
-20
-31
-45
-56
-69
-74
-85
-103
-109
-120
-135
-147
-156
-168
-179
-190
-191
-194
-201
-201
-204
-206
-207
-209
-209
-206
-200
-192
-184
-168
-154
-138
-113
-96
-75
-53
-39
-21
-2
18
36
52
69
83
96
108
113
121
125
126
120
123
118
117
111
99
99
97
89
85
77
73
68
58
56
57
56
48
53
50
48
44
41
41
36
33
32
32
36
36
35
36
43
42
49
57
55
62
70
74
84
90
93
94
92
95
88
83
78
76
73
70
60
47
42
30
24
19
5
-7
-19
-45
-60
-75
-95
-106
-122
-133
-142
-151
-160
-167
-178
-179
-178
-178
-176
-171
-170
-165
-156
-151
-145
-135
-135
-127
-116
-107
-94
-90
-69
-54
-41
-27
-18
-2
12
21
31
39
50
56
64
73
77
83
86
94
94
98
97
100
101
102
108
108
109
109
105
102
100
96
94
94
84
79
83
78
70
63
61
57
55
49
40
36
35
38
37
42
44
48
49
46
46
39
32
24
19
11
5
3
-6
-12
-19
-26
-30
-30
-40
-43
-48
-55
-63
-64
-72
-77
-80
-88
-92
-96
-104
-109
-112
-119
-119
-122
-124
-126
-124
-124
-115
-108
-107
-106
-102
-102
-102
-97
-88
-73
-64
-51
-44
-35
-21
-14
-3
6
18
19
31
31
32
39
33
44
50
50
51
50
54
51
50
44
40
45
47
47
53
63
72
74
77
74
78
79
83
94
98
106
110
118
114
115
120
116
116
111
112
107
104
102
99
102
95
84
78
73
58
50
37
34
30
15
10
1
-7
-21
-31
-44
-55
-63
-71
-75
-87
-91
-101
-102
-112
-123
-123
-125
-125
-128
-123
-116
-113
-111
-109
-106
-101
-94
-87
-82
-70
-66
-63
-58
-58
-55
-54
-52
-49
-45
-45
-42
-38
-33
-29
-29
-23
-19
-17
-10
-5
1
0
4
10
11
20
22
27
31
38
44
42
48
51
56
57
59
57
50
54
52
54
54
57
57
60
65
67
64
69
66
66
70
71
72
68
66
58
55
52
53
48
43
40
37
37
38
39
34
26
22
16
11
7
8
3
0
-5
-12
-21
-27
-31
-36
-39
-47
-50
-53
-60
-62
-62
-59
-63
-62
-56
-51
-52
-55
-49
-51
-45
-43
-36
-31
-29
-26
-29
-31
-28
-30
-30
-27
-28
-21
-17
-13
-17
-13
-12
-13
-16
-14
-11
-14
-12
-3
-4
-10
-5
-9
-4
-7
-7
-4
-15
-12
-11
-6
-5
0
2
-1
-6
-1
6
15
22
22
25
27
32
32
39
48
60
61
67
80
83
83
84
86
82
78
68
66
58
54
55
50
44
39
34
30
26
27
24
19
15
4
-8
-16
-27
-40
-44
-47
-47
-56
-60
-63
-66
-67
-71
-72
-74
-69
-67
-66
-62
-62
-64
-67
-65
-69
-68
-61
-54
-51
-41
-34
-31
-28
-24
-20
-14
-13
-5
1
3
9
15
20
27
30
26
21
18
17
15
19
24
26
24
19
13
13
11
9
12
19
20
24
22
19
20
7
2
-3
0
6
10
17
18
27
34
38
46
56
54
61
61
65
64
63
67
68
71
68
72
69
66
65
55
45
38
31
22
12
1
-4
-13
-30
-36
-37
-47
-52
-58
-68
-78
-79
-86
-88
-89
-88
-88
-86
-90
-90
-83
-83
-79
-70
-63
-56
-44
-39
-30
-20
-13
-4
4
12
18
30
40
45
54
68
72
78
85
86
88
85
82
79
70
63
60
53
46
39
32
21
11
4
-5
-16
-22
-33
-42
-49
-55
-59
-68
-64
-64
-63
-65
-73
-78
-76
-74
-68
-67
-61
-53
-48
-41
-29
-21
-9
2
4
10
12
15
15
17
19
24
23
24
24
24
27
29
35
34
34
34
37
39
39
44
43
38
38
33
27
23
7
2
1
-6
-7
-14
-15
-19
-22
-16
-22
-22
-21
-26
-26
-26
-24
-19
-24
-16
-9
-3
12
18
22
27
37
42
49
58
60
64
64
64
67
70
66
71
66
58
54
47
43
34
29
24
15
4
-5
-17
-24
-29
-30
-37
-41
-37
-46
-52
-57
-60
-63
-68
-71
-69
-64
-58
-49
-49
-48
-48
-42
-38
-35
-29
-25
-19
-20
-18
-14
-10
-10
-8
-3
2
1
8
8
6
5
3
6
7
4
6
4
-5
-5
-5
-11
-17
-17
-19
-23
-17
-17
-22
-18
-25
-27
-36
-37
-34
-36
-34
-31
-25
-23
-15
-19
-12
-5
3
12
14
21
26
31
43
47
55
54
58
67
66
66
70
73
69
70
67
64
66
65
62
58
60
65
63
62
59
59
56
56
54
49
44
37
27
22
15
14
10
5
4
1
2
-4
-5
-10
-12
-10
-13
-17
-15
-15
-23
-25
-34
-42
-47
-49
-53
-56
-55
-61
-62
-60
-59
-62
-60
-61
-52
-53
-54
-55
-59
-67
-64
-67
-72
-71
-67
-70
-73
-74
-78
-77
-77
-73
-70
-68
-64
-62
-64
-56
-46
-40
-35
-26
-20
-11
-9
-5
-3
2
10
12
18
23
25
29
33
38
46
54
66
66
75
82
91
89
90
90
89
89
84
89
89
93
94
97
102
100
97
93
93
92
90
89
87
80
77
74
71
65
57
46
34
24
16
7
4
-4
-10
-15
-29
-33
-38
-37
-36
-42
-46
-52
-52
-55
-54
-57
-60
-69
-72
-72
-77
-70
-76
-75
-74
-76
-76
-81
-85
-84
-81
-76
-69
-65
-64
-57
-56
-57
-51
-43
-38
-36
-32
-28
-24
-26
-19
-18
-14
-3
3
10
9
15
21
19
21
30
24
23
27
22
21
25
28
27
32
36
34
36
38
41
44
52
55
55
54
55
58
55
54
51
46
38
31
27
27
22
24
19
22
18
21
21
24
22
21
27
29
33
31
35
30
29
27
20
15
19
14
8
11
9
10
12
10
-1
-6
-4
-10
-14
-16
-18
-23
-27
-33
-38
-45
-56
-62
-70
-80
-87
-90
-92
-96
-104
-111
-115
-112
-118
-115
-113
-114
-108
-101
-92
-81
-73
-61
-50
-38
-27
-17
-8
-5
1
8
14
22
34
39
44
49
58
62
70
78
82
87
92
92
91
91
92
87
84
84
82
77
72
71
72
68
67
60
53
52
47
40
37
33
30
22
17
12
10
15
10
10
14
16
14
15
17
16
22
29
31
32
33
33
32
26
25
23
17
14
13
9
6
1
-4
-6
-17
-22
-25
-31
-42
-50
-61
-70
-76
-82
-89
-98
-105
-114
-115
-115
-112
-109
-108
-103
-102
-96
-94
-92
-88
-83
-76
-67
-62
-52
-46
-44
-44
-40
-32
-24
-17
-7
1
11
20
25
28
38
40
40
49
44
49
51
50
59
56
59
61
63
61
56
62
64
61
63
59
59
55
55
56
56
54
55
48
41
36
29
25
21
23
18
22
19
18
15
20
27
26
27
25
21
15
19
11
12
14
15
15
17
18
22
28
24
23
25
20
13
10
8
6
-4
-9
-18
-23
-33
-39
-44
-55
-57
-64
-69
-72
-75
-78
-83
-82
-81
-88
-86
-85
-89
-84
-86
-80
-77
-75
-72
-70
-61
-60
-52
-46
-42
-33
-25
-23
-17
-4
1
9
13
23
27
33
43
41
53
54
63
69
68
75
77
75
79
85
82
81
80
76
77
76
75
72
65
59
58
47
40
42
37
31
27
19
13
13
8
5
0
2
-4
3
5
8
9
11
9
2
1
4
5
4
2
3
1
-3
-3
-7
-3
-3
-3
-3
-10
-14
-23
-29
-32
-38
-42
-45
-52
-55
-56
-57
-62
-66
-69
-72
-72
-71
-79
-79
-78
-79
-81
-80
-73
-71
-67
-58
-56
-47
-39
-35
-30
-31
-29
-30
-27
-24
-19
-8
-1
4
9
13
11
14
17
18
30
32
36
40
34
38
40
39
36
39
40
40
39
42
45
41
43
42
41
44
47
44
50
47
45
49
49
49
53
54
50
50
51
50
44
42
42
39
34
33
35
33
34
32
29
32
29
31
32
31
26
23
22
18
18
11
8
10
9
5
-1
-7
-17
-20
-26
-37
-39
-49
-50
-52
-55
-54
-54
-56
-50
-55
-56
-56
-58
-58
-60
-59
-65
-67
-69
-65
-63
-60
-57
-54
-50
-51
-42
-41
-38
-37
-37
-28
-20
-20
-18
-19
-16
-13
-13
-12
-9
-4
0
1
-1
4
5
10
15
17
23
18
18
19
17
21
15
18
20
19
24
26
32
30
35
33
38
36
43
46
46
52
53
59
61
64
63
65
64
67
71
69
71
70
66
56
50
42
34
30
20
11
7
1
-10
-15
-21
-31
-31
-34
-42
-46
-48
-49
-54
-56
-58
-55
-54
-55
-53
-51
-51
-50
-47
-44
-35
-31
-22
-18
-15
-13
-11
-7
-1
1
4
11
8
10
8
5
10
5
5
0
3
1
1
4
2
2
0
-3
-8
-7
-8
-10
-10
-17
-16
-14
-18
-15
-14
-19
-21
-23
-23
-24
-25
-22
-22
-19
-13
-7
-6
2
8
12
13
22
29
33
37
35
42
50
47
51
58
59
61
58
53
52
48
42
40
33
27
22
21
20
14
7
4
2
0
-9
-13
-24
-30
-37
-35
-36
-40
-39
-38
-32
-37
-38
-38
-36
-35
-35
-27
-23
-22
-19
-16
-17
-14
-9
-13
-14
-12
-13
-10
-5
-8
-9
-4
-2
-2
2
4
7
11
14
11
17
18
12
14
20
18
19
20
25
23
14
17
10
4
0
-1
-2
-6
-5
-3
-2
-3
-5
-3
0
1
-3
-9
-8
-8
-10
-9
-6
-4
-2
-4
3
1
9
16
19
23
24
24
21
18
18
16
18
23
26
27
28
25
22
25
23
18
6
3
-7
-14
-9
-19
-16
-20
-21
-25
-29
-30
-28
-26
-21
-18
-14
-17
-16
-17
-25
-21
-24
-19
-20
-14
-13
-10
-14
-19
-22
-33
-31
-20
-18
-15
-10
-5
-10
-7
-5
-7
1
2
5
11
21
26
28
34
31
27
25
25
25
27
21
20
22
17
12
10
5
2
9
6
7
11
9
4
0
3
2
-1
-2
-2
-4
-7
-11
-15
-13
-12
-9
-2
5
7
11
9
12
10
10
9
6
4
1
-2
-5
-5
-11
-12
-18
-15
-15
-16
-18
-20
-20
-15
-15
-22
-25
-18
-12
-2
0
1
3
1
-1
-3
-3
-7
-6
-5
-2
-2
-8
-7
-13
-17
-21
-19
-16
-21
-21
-20
-15
-11
-7
-6
-2
5
11
13
16
19
16
22
24
25
29
27
27
23
22
19
20
20
24
30
28
32
25
24
21
23
28
27
30
23
19
17
13
6
13
14
11
11
10
11
12
11
10
10
6
6
0
-2
-8
-8
-15
-19
-14
-21
-17
-20
-26
-28
-28
-27
-25
-16
-13
-10
-10
-10
-6
-11
-14
-14
-14
-22
-20
-19
-18
-11
-15
-16
-14
-11
-10
-17
-10
-10
-13
-10
-12
-16
-12
-14
-11
-6
-6
-4
-8
-6
-8
-4
-2
0
-2
6
10
10
23
21
22
27
31
28
29
34
28
26
19
13
8
3
-1
-6
-2
8
3
-16
-18
-4
12
7
-6
-18
-9
9
13
0
-7
3
10
11
6
2
-4
-3
6
14
17
7
1
1
9
18
8
5
8
9
2
-7
-9
-8
-12
-10
-14
-21
-20
-23
-22
-22
-23
-20
-20
-19
-21
-22
-21
-15
-11
-14
-19
-19
-16
-12
-11
-21
-18
-19
-19
-24
-26
-23
-18
-15
-21
-19
-20
-18
-17
-12
-11
-7
1
8
11
18
20
24
27
29
35
35
39
39
40
43
39
36
44
42
34
36
31
33
34
27
24
19
11
12
10
5
-4
-3
0
-6
-6
-2
-2
-5
-10
-8
-13
-11
-13
-13
-9
-18
-18
-14
-16
-14
-11
-12
-7
-5
-10
-10
-5
-3
0
7
8
12
11
8
11
15
17
19
23
24
27
22
20
18
13
6
3
4
-1
-6
-12
-14
-15
-16
-9
-11
-15
-16
-17
-16
-16
-16
-14
-12
-8
-9
-3
4
0
1
2
1
-2
-3
-6
-5
-4
-4
3
4
7
6
7
8
6
6
4
6
4
5
7
4
0
0
3
-3
-8
-7
-9
-14
-12
-13
-15
-14
-14
-18
-14
-12
-14
-15
-15
-14
-14
-15
-15
-16
-15
-12
-8
-13
-9
-10
-6
-1
-2
2
0
2
3
7
12
14
12
15
14
14
12
11
16
17
19
21
23
24
24
20
17
13
6
2
1
-3
-7
-8
-9
-19
-17
-20
-20
-19
-18
-22
-21
-21
-20
-16
-18
-11
-9
-6
-3
1
2
5
7
7
12
15
17
16
12
11
8
11
11
11
8
9
12
13
15
12
14
14
17
29
30
33
37
33
34
31
28
25
26
18
16
13
7
6
2
1
-3
-2
-1
-2
0
-5
-8
-9
-11
-13
-19
-17
-19
-22
-21
-24
-22
-24
-24
-19
-19
-19
-23
-21
-22
-22
-20
-20
-18
-15
-17
-17
-21
-23
-18
-24
-23
-24
-22
-21
-21
-17
-16
-15
-16
-18
-18
-16
-20
-10
-8
-5
-8
-11
-9
-13
-8
-9
-12
-7
-5
-2
3
-1
2
6
7
9
8
15
22
28
30
36
37
38
40
39
37
37
38
32
33
35
31
29
32
31
31
31
31
32
30
30
29
24
23
26
16
14
14
9
12
12
9
5
3
3
3
1
1
0
-3
-3
-3
-4
-7
-7
-12
-13
-12
-10
-13
-20
-22
-28
-28
-28
-34
-35
-28
-29
-28
-25
-25
-29
-27
-26
-27
-25
-22
-21
-23
-24
-29
-29
-29
-32
-32
-29
-26
-28
-19
-13
-15
-12
-9
-3
0
1
4
4
9
9
13
14
16
15
16
16
14
13
13
20
27
28
27
26
28
27
23
22
22
21
16
15
15
18
20
16
15
14
15
8
6
6
5
12
13
11
16
15
10
5
3
7
3
3
2
-2
-6
-7
-5
-7
-6
-7
-9
-11
-15
-19
-17
-20
-21
-20
-16
-14
-16
-19
-21
-22
-19
-18
-20
-18
-17
-16
-14
-8
-9
-6
-9
-9
-7
-5
-10
-14
-12
-11
-5
-7
-4
-3
-3
-5
-3
-1
-3
-2
3
0
2
8
6
10
14
15
13
17
21
21
20
22
23
25
26
24
25
23
21
21
15
13
15
14
15
16
20
18
19
20
16
13
15
15
11
10
9
8
7
4
4
-2
-1
-5
-5
-6
-10
-9
-7
-7
-10
-8
-14
-13
-15
-20
-21
-23
-22
-24
-27
-27
-26
-25
-27
-27
-27
-27
-21
-21
-20
-18
-15
-14
-9
-8
-7
-8
-8
-6
-6
-6
-9
-8
-8
-9
-9
-8
-9
-9
-9
-8
-6
-2
-3
-5
-4
-6
-7
-4
0
-7
-6
-1
0
2
5
7
8
10
16
15
15
17
15
16
19
22
22
23
25
27
27
29
32
32
31
31
28
27
27
24
26
23
18
15
16
15
11
7
5
6
5
2
4
0
-5
-5
-5
-8
-9
-6
-8
-8
-11
-13
-11
-12
-17
-19
-14
-12
-10
-8
-7
-5
-2
-5
-2
0
1
-1
-1
1
-2
-1
1
0
-2
-4
-1
-3
0
2
2
-1
-2
-6
-6
-9
-9
-8
-10
-10
-17
-17
-19
-20
-23
-25
-24
-26
-19
-20
-17
-17
-17
-15
-17
-15
-11
-11
-10
-7
-8
-3
-2
-3
1
1
6
0
2
5
6
6
7
8
8
6
7
8
12
9
7
11
11
16
14
16
16
14
16
16
15
14
11
11
11
12
12
13
15
9
11
9
7
8
8
5
7
7
3
3
7
4
4
5
4
3
5
4
1
1
-1
1
2
2
1
5
7
6
7
7
6
2
1
-3
-5
-3
-7
-7
-5
-4
-8
-8
-7
-8
-8
-11
-13
-13
-15
-17
-17
-14
-14
-16
-15
-18
-15
-16
-16
-12
-13
-14
-13
-9
-6
-6
-5
-6
-5
-2
1
8
8
14
15
16
21
18
18
19
19
16
13
10
9
5
0
2
0
1
-1
-2
-3
-4
-2
-4
-5
-1
-5
-5
-4
-7
-4
-5
-5
-5
-6
-4
-3
0
1
2
2
-1
1
2
5
5
6
8
8
9
10
8
5
5
4
3
0
-1
-2
1
0
-2
0
-1
-2
-2
-4
-7
-1
-1
-1
-2
-3
-7
-10
-9
-10
-12
-10
-10
-11
-11
-10
-6
-9
-9
-7
-6
-5
-7
-9
-7
-4
-2
-2
-2
0
-1
1
0
1
1
0
1
0
1
3
5
7
8
10
9
10
10
11
12
13
12
11
12
13
11
10
16
12
13
14
10
13
12
11
12
12
12
14
12
10
9
10
8
6
6
6
4
4
2
1
0
0
0
0
1
3
2
4
3
1
2
-3
-6
-6
-10
-11
-11
-14
-15
-18
-20
-21
-19
-16
-16
-16
-15
-17
-15
-12
-12
-11
-14
-14
-13
-12
-12
-12
-13
-14
-15
-15
-15
-14
-14
-12
-11
-8
-7
-7
-4
-3
0
1
6
8
9
11
13
13
12
13
8
10
10
7
7
8
8
7
4
2
4
1
1
3
3
5
7
7
6
5
3
4
1
-1
-3
-2
-3
-2
-2
-1
1
3
4
7
7
8
6
5
4
3
3
5
7
5
6
3
2
1
2
1
1
1
-1
0
2
2
2
4
4
4
2
4
4
1
0
2
1
-1
0
0
1
2
4
5
5
9
11
10
10
10
10
10
7
6
4
3
2
0
0
-2
-4
-5
-6
-4
-6
-7
-7
-6
-6
-6
-6
-4
-5
-4
-5
-2
-3
-2
-2
-4
-4
-3
-3
-3
-4
-3
-3
-6
-4
-5
-4
-9
-10
-8
-10
-10
-11
-12
-12
-11
-12
-9
-10
-12
-9
-9
-9
-6
-4
-2
0
-2
0
2
2
1
0
1
2
2
5
5
8
11
10
12
15
12
12
11
9
11
11
11
9
9
9
5
6
4
3
3
0
2
2
2
3
4
4
5
5
3
4
4
2
1
1
-2
-1
-1
-5
-5
-6
-9
-9
-9
-9
-9
-10
-8
-9
-7
-6
-6
-7
-4
-3
-6
-4
-1
-1
-4
-2
-2
-1
-1
-1
-2
-1
-4
-4
-5
-5
-4
-3
-2
0
0
0
0
0
1
1
2
3
3
6
5
4
6
5
5
5
8
6
7
10
10
11
12
11
11
12
9
9
12
10
9
9
6
8
9
6
5
4
4
4
3
2
2
-1
-2
-4
-6
-6
-7
-9
-10
-10
-11
-9
-13
-14
-11
-13
-12
-12
-11
-10
-9
-7
-6
-2
-5
-3
-3
-2
-1
-1
1
2
-1
0
-1
0
-1
-2
-1
0
0
-1
-1
-2
-3
-5
-4
-4
-3
-3
-3
-3
-2
0
-1
-1
0
2
1
4
5
8
9
7
9
9
8
7
8
9
10
9
9
9
9
6
5
5
4
5
4
3
2
3
0
-1
-4
-7
-7
-8
-7
-7
-5
-2
-2
-3
-1
0
-3
-2
1
0
-1
-3
-3
-3
-2
-3
-3
-3
-2
-3
-3
-1
-2
-4
-2
-1
-2
1
2
2
2
3
1
2
2
1
1
1
-2
-3
-1
-2
-4
-4
-2
-2
-3
-2
-2
-1
0
0
0
2
3
2
3
4
2
3
3
3
4
4
4
3
2
4
2
0
1
1
1
-1
-1
-1
-2
-2
0
1
1
1
-3
-3
-5
-6
-6
-5
-5
-7
-4
-3
-2
0
1
3
3
4
4
3
2
2
1
4
4
4
4
3
4
3
2
0
3
3
5
6
7
7
6
5
3
4
2
2
3
2
2
1
0
1
0
0
-2
-3
0
-1
-1
-4
-4
-3
-5
-4
-3
-3
-5
-4
-5
-6
-4
-4
-6
-5
-5
-7
-8
-8
-7
-6
-8
-6
-4
-5
-5
-3
-2
-1
0
1
1
2
2
4
3
2
2
2
1
1
2
0
-2
-2
-2
-4
-3
-4
-5
-3
-1
-1
-1
-1
1
4
5
6
6
4
4
2
2
2
1
2
2
2
1
3
2
1
1
2
2
1
2
1
1
1
0
0
0
-1
2
2
3
0
1
-1
-1
0
-2
-1
1
2
-1
0
0
-1
1
1
1
2
1
2
1
1
1
0
0
-1
-1
-1
0
1
3
3
4
5
4
4
3
2
3
2
3
2
3
4
2
3
3
4
3
4
3
3
2
-1
-2
-1
-2
-2
-4
-5
-5
-4
-4
-3
-5
-3
-1
-1
0
2
2
-1
0
-1
-2
-1
0
0
-1
-3
-2
-4
-6
-8
-9
-8
-9
-9
-7
-8
-7
-6
-7
-6
-5
-3
-4
-1
2
2
3
6
5
4
3
3
3
2
3
2
3
3
3
3
3
4
3
5
6
6
6
3
3
4
5
6
5
5
6
5
4
5
4
2
0
-3
-4
-2
-2
-1
-1
-1
0
-2
-2
-3
-1
-3
-2
-2
-3
-2
0
-1
-3
-1
-1
-3
-3
-2
-3
-2
1
-2
-3
-5
-5
-5
-5
-4
-4
-5
-7
-7
-7
-6
-5
-3
-3
0
-1
-1
-1
-1
0
-1
-1
0
-1
1
1
2
2
2
3
6
7
7
6
5
5
6
6
6
7
6
4
3
3
2
2
2
3
3
2
1
1
2
1
2
2
2
2
1
2
2
1
2
2
1
1
0
-1
1
0
1
0
0
1
-1
-2
-3
-4
-4
-4
-4
-5
-4
-3
-5
-5
-4
-3
-4
-2
-1
-1
-1
-1
-2
-1
-1
-1
-2
-1
-1
0
-1
0
0
-2
-2
-2
-3
-2
0
1
1
2
3
4
5
4
4
8
6
5
3
3
3
3
2
0
0
-1
-1
-1
-1
0
-1
-1
-1
-1
1
1
0
0
-2
-2
-2
-1
-3
-3
-2
-2
-4
-3
-4
-4
-4
-5
-4
-4
-3
-3
-4
-3
-4
-3
-4
-3
-3
-3
-3
-3
-3
-5
-4
-4
-4
-3
-3
-3
1
2
2
5
6
7
7
7
7
7
4
5
5
5
4
3
3
4
4
4
5
5
5
7
7
8
7
6
7
5
4
4
4
2
0
-2
-2
-3
-2
-2
-3
-4
-4
-5
-6
-7
-9
-7
-8
-7
-6
-6
-7
-5
-5
-5
-5
-5
-4
-3
-3
-1
-2
0
-1
-1
-2
1
2
0
1
1
2
2
2
1
1
0
0
1
-1
2
1
2
1
3
4
4
5
6
7
5
6
6
6
5
6
6
7
6
7
6
6
5
4
6
5
6
6
5
5
3
2
0
1
-1
-3
-4
-4
-5
-5
-6
-6
-7
-7
-7
-6
-6
-6
-6
-6
-5
-5
-5
-5
-3
-5
-4
-4
-2
-3
-3
-3
-2
-2
-2
-2
-2
-3
-1
-2
-1
-1
-1
-2
-1
-2
-4
-5
-4
-6
-6
-6
-6
-5
-6
-6
-7
-5
-5
-5
-4
-5
-6
-5
-4
-4
-2
-2
-1
0
2
3
3
4
5
4
6
7
5
7
7
8
9
10
8
10
8
8
9
8
8
7
7
7
6
4
5
4
3
2
1
2
0
0
-1
-1
-2
-2
-2
-2
-3
-3
-4
-3
-2
-2
0
0
0
1
2
3
4
3
2
0
1
1
0
1
0
1
1
2
3
3
0
2
2
3
3
3
3
1
-1
-1
0
0
0
-1
-1
-1
-1
0
-1
-1
-1
0
-1
-1
-1
1
1
1
2
0
1
0
0
-2
-4
-4
-4
-4
-5
-4
-5
-6
-5
-4
-4
-3
-3
-5
-4
-3
-4
-3
-4
-5
-4
-5
-2
-2
-3
-3
-2
-3
-2
-3
-1
-1
-1
-1
1
2
0
2
1
2
2
3
3
4
4
5
5
5
5
5
5
3
4
3
2
3
5
4
4
4
3
3
4
4
6
5
5
5
5
5
4
3
3
4
3
1
1
0
0
0
-2
-2
-6
-6
-8
-9
-7
-7
-7
-8
-8
-8
-9
-9
-8
-7
-8
-8
-10
-7
-7
-4
-4
-3
-2
-2
0
0
2
1
0
1
1
1
0
0
2
2
3
4
5
5
6
7
6
5
4
4
4
3
4
3
2
3
3
3
4
5
7
5
6
6
7
7
7
6
5
5
5
4
3
3
2
2
2
2
0
-1
-2
-2
-2
-3
-3
-3
-3
-2
-3
-3
-2
-3
-2
-3
-2
0
-2
-1
-2
-3
-3
-3
-4
-6
-7
-6
-8
-7
-5
-6
-5
-5
-5
-6
-6
-4
-4
-2
-3
-2
-3
-3
-2
-2
-1
-1
1
1
1
1
1
3
2
3
3
4
4
5
5
5
4
4
4
4
2
0
-1
0
1
1
1
0
0
0
0
1
2
2
4
4
3
5
5
5
5
3
3
1
0
0
-2
-1
-2
-3
-3
-4
-5
-4
-4
-5
-3
-4
-3
-3
-2
-1
-1
-1
0
-1
-1
-1
-3
-2
-1
-3
-3
-3
-4
-5
-6
-5
-5
-4
-4
-4
-4
-4
-3
-3
-3
-1
0
1
3
2
4
5
4
4
5
5
6
5
6
6
6
6
6
5
5
7
6
6
6
6
6
6
5
5
4
5
4
4
4
1
2
1
1
2
0
0
2
0
0
0
0
0
-1
0
-1
0
0
-1
1
0
1
0
1
1
0
-1
-1
-1
0
0
0
-2
-3
-3
-2
-4
-4
-4
-3
-2
-2
-2
-1
0
-1
-1
-1
-1
-1
-2
-2
-2
-3
-4
-4
-3
-3
-2
-2
-3
-2
-3
-4
-4
-5
-4
-4
-3
-3
-4
-4
-4
-6
-8
-9
-9
-8
-9
-7
-7
-6
-6
-6
-6
-5
-5
-4
-1
0
0
1
1
-1
1
1
2
2
4
5
4
5
4
4
5
3
4
7
6
7
8
8
8
8
6
7
7
7
6
6
5
6
3
3
3
2
2
3
3
3
1
0
0
0
2
1
-1
-1
-2
0
1
1
2
1
2
3
4
3
4
5
4
3
3
2
1
2
2
2
1
0
-1
-1
-2
-1
-1
-1
0
-1
-2
-1
0
0
-1
-2
-2
-3
-3
-2
-4
-4
-4
-4
-4
-4
-4
-4
-5
-4
-5
-5
-4
-6
-4
-5
-4
-4
-4
-2
-2
-1
-1
1
0
0
-1
0
-1
-1
-1
0
-1
-1
-1
-1
-1
-2
-1
-2
-1
-2
-1
-1
0
-1
-2
-1
0
0
0
-1
0
1
0
2
2
2
3
4
5
5
4
4
4
5
3
3
4
3
4
4
4
4
3
2
2
0
0
-1
-1
-2
-2
-2
-3
-3
-4
-6
-7
-7
-7
-6
-4
-4
-4
-3
-3
-4
-3
-4
-3
-3
-2
-2
-1
0
0
-1
0
2
3
3
4
3
4
3
3
5
4
4
5
4
4
5
3
3
3
4
3
3
4
5
4
5
5
4
4
4
3
3
4
3
3
3
2
3
2
2
3
3
6
5
3
3
4
2
4
2
3
3
1
1
-1
-2
-4
-5
-6
-6
-5
-5
-4
-5
-5
-6
-5
-5
-7
-6
-5
-6
-5
-5
-4
-4
-5
-5
-6
-6
-6
-3
-4
-4
-3
-3
-2
0
0
2
2
1
2
0
3
3
2
2
2
2
1
1
1
1
1
0
0
-1
0
0
-2
-2
-1
0
-1
0
-1
-1
0
-1
0
0
0
0
1
3
4
2
2
1
2
1
1
2
3
3
2
1
-1
-1
-2
0
-1
-2
0
-1
0
0
0
0
0
-1
0
0
3
2
4
4
3
4
3
4
4
3
2
5
5
2
3
3
3
2
2
2
2
2
2
2
2
2
3
2
1
2
0
-1
-2
-3
-2
-2
-3
-3
-4
-4
-4
-4
-5
-5
-5
-4
-3
-4
-3
-2
-1
-2
-3
-3
-3
-4
-4
-4
-4
-4
-3
-2
-3
-3
-2
-2
-2
1
-1
-2
-1
-1
0
0
0
0
0
-1
0
-1
-1
-1
1
-1
0
1
1
0
-1
-1
-1
-1
1
1
1
2
2
3
2
2
5
3
5
4
5
5
5
5
3
3
3
2
3
2
3
3
3
2
2
1
1
1
2
1
1
-1
0
-1
-2
-1
-1
-3
-3
-3
-2
-2
-3
-3
-3
-3
-3
-2
-3
-2
-2
-2
-2
-2
-1
-3
-3
-3
-3
-3
-3
-2
-2
0
0
1
1
2
3
1
3
4
3
4
4
4
5
3
3
3
2
2
3
3
3
3
4
4
3
3
2
3
3
3
3
4
2
1
0
0
-1
-2
0
-1
-2
-1
-1
-3
-3
-3
-2
-3
-3
-3
-2
-3
-2
-4
-3
-4
-3
-5
-5
-5
-6
-6
-5
-5
-4
-4
-3
-2
-2
-1
-1
-2
-2
-2
-3
-3
-3
0
-2
0
-1
0
2
2
2
3
3
4
3
4
4
4
4
3
3
2
2
1
2
1
0
1
2
1
3
3
2
3
3
4
5
5
4
5
5
5
4
5
4
4
4
3
3
3
3
3
3
1
1
-1
-1
-1
0
-2
-3
-2
-3
-4
-5
-6
-5
-5
-7
-6
-7
-8
-6
-5
-5
-5
-5
-5
-5
-5
-5
-5
-4
-2
-3
-3
-2
-2
-3
-1
-1
0
1
-1
0
0
-1
1
1
1
2
1
2
2
1
2
