3
2
15
10
3
8
10
5
-5
11
11
2
3
12
4
-2
4
6
-1
-4
5
0
-7
-3
1
-7
-12
-5
-9
-11
-1
0
-3
-6
3
0
-4
-1
-1
-8
-4
3
0
-1
1
0
-1
0
1
0
5
2
3
1
-1
-2
-3
-5
-1
-6
6
-2
0
8
-4
2
1
3
2
1
4
4
-3
4
3
2
-1
-3
6
7
-3
-3
3
-2
-4
3
1
-3
-2
3
-2
-4
-2
-6
-4
-6
-6
0
-11
-11
-2
-5
-5
-2
-2
-3
-13
-8
-1
-10
-12
-4
-2
-12
-8
1
-2
-11
6
15
0
-1
9
3
0
2
3
6
1
3
11
4
-1
13
5
-2
9
9
0
1
8
4
1
3
0
-6
-3
2
4
3
1
1
6
6
-5
1
5
-8
-2
0
-1
5
-7
-1
-4
-9
-1
-6
-11
-5
-6
-1
-2
0
1
-3
0
1
0
-4
0
-6
2
-2
-4
1
3
2
3
-2
0
3
-7
-4
-2
-3
-5
0
-1
4
5
-6
3
3
1
-2
9
11
-2
5
12
7
2
2
11
7
-4
9
15
8
1
22
10
0
1
4
3
-4
3
6
-1
-3
6
-6
-6
-8
-3
-4
-9
-7
3
6
-7
-6
1
-7
-9
0
7
-5
-4
9
-2
-10
-5
0
-1
1
-7
6
12
3
2
11
7
-2
6
0
-6
6
8
-8
-4
15
6
-10
7
4
-8
-8
-6
10
-2
-3
-1
-2
-6
-12
2
-2
-7
-5
-1
-10
-10
-9
-4
-6
-5
-1
2
5
-2
8
-8
-4
-5
-20
-11
2
0
-4
5
-2
2
1
-4
-1
3
-4
-1
-3
2
-3
-12
10
-10
-13
0
4
-1
-1
9
3
5
-1
-4
1
12
-8
-4
10
10
0
-6
9
-4
-5
-8
-2
-1
2
2
6
-1
2
-1
5
5
-3
10
13
5
-3
17
3
-4
13
7
2
7
13
9
16
14
11
12
13
6
5
8
5
11
6
-7
2
1
-2
-6
-1
10
-13
-3
-3
-10
-4
-7
-16
-7
6
-17
-9
-2
-1
-8
2
8
0
4
4
-6
-5
-1
-2
0
-11
4
-3
-5
-6
-2
5
4
-7
0
1
-9
-11
-2
0
-9
-4
-5
2
-4
-8
1
2
-6
-9
4
3
-11
-1
15
6
-10
11
16
-13
-1
13
-15
-6
-1
-5
-12
-6
4
-7
0
14
3
5
12
5
3
5
1
0
14
5
-6
5
4
-8
7
2
-3
6
-5
-1
4
-1
-4
3
10
-3
-4
12
9
-8
10
6
-6
-10
-8
-14
-5
-18
-14
-7
-20
-16
-13
-8
-9
-3
-16
-10
-10
-11
-11
-7
-1
-6
-2
1
12
-4
3
15
-1
-1
-5
15
8
0
7
15
9
6
13
14
7
-1
6
3
5
7
13
9
7
6
13
3
5
7
11
3
14
6
-4
-1
2
7
-8
-1
17
8
-3
2
15
10
-4
-3
23
3
-7
0
24
-9
-14
18
1
-7
-7
6
2
-12
3
9
-4
-1
2
9
-1
-18
5
0
-12
1
4
-12
-16
4
-22
-20
1
3
-22
-14
17
-5
-12
2
-4
-2
-15
-10
9
1
-11
-5
10
-10
-20
5
-2
-10
-4
14
3
-15
19
-7
-2
10
-8
13
1
2
8
0
0
-10
6
-7
-4
11
-3
0
0
5
5
-4
3
-1
1
0
5
14
0
-4
20
3
-14
2
17
-7
-10
2
9
-3
-17
13
-13
-8
-5
-16
-6
-12
-17
-4
-6
-20
1
-4
-24
10
8
-12
9
-7
0
7
-10
4
11
-9
3
10
-10
2
6
-2
3
1
5
18
-11
4
20
-10
-3
20
-3
9
16
-16
16
5
-22
14
1
-14
12
-2
-10
14
-10
13
7
-6
16
4
-4
14
-1
-10
16
-5
3
1
-8
8
1
9
1
5
11
0
-10
-7
6
-11
9
14
-8
13
4
-2
-4
10
1
1
4
-1
19
-15
10
1
0
15
0
10
8
15
7
22
-4
11
14
-15
17
-7
18
-16
5
3
-13
-14
-9
-3
-33
9
-15
7
-14
-1
-5
-17
-7
-13
-2
-19
8
-26
-6
-12
-4
-11
-15
10
-14
1
-9
20
-14
-1
14
-7
-4
-8
8
-29
3
-16
-1
-9
-16
12
-26
-2
-15
4
-34
23
-18
-29
10
5
-2
-21
38
-8
5
0
33
-5
1
27
3
10
6
53
-5
11
34
32
-21
22
16
0
2
8
24
-30
16
-4
2
-16
11
-2
-14
-7
6
-2
-18
6
-21
14
-18
4
-10
7
-4
-1
-16
6
7
-21
-1
-4
18
-31
0
2
-16
-24
10
-15
-1
-8
13
7
-20
28
-17
21
0
-2
28
7
-2
18
-2
2
4
-5
8
-18
26
-12
-1
18
-9
0
21
2
8
-12
31
9
-2
21
-6
13
3
3
10
0
7
8
-9
15
-3
15
-3
7
13
-8
18
-11
10
7
-22
27
-6
-11
5
-4
-2
-13
-7
9
-20
21
-22
0
-1
0
-1
-10
4
-10
-6
8
-2
-16
6
-14
12
-24
1
-8
-6
-9
-7
-4
-16
-12
8
-30
5
-15
-10
-7
-16
-6
2
-31
5
-28
-2
-20
-4
-18
-1
-8
1
-13
-1
-11
2
-16
8
-7
-8
18
3
-2
3
1
3
-9
7
-7
5
10
-14
20
-10
19
-3
14
-10
22
4
14
-17
20
6
-6
-9
21
-12
12
10
4
5
7
-7
9
14
-6
-10
31
-11
12
-6
30
-15
23
-9
36
5
7
7
41
-9
20
11
15
-2
8
20
-8
-3
16
9
-15
2
12
-14
-3
19
-8
-2
12
5
6
-14
18
-3
1
-16
-1
-9
-27
-2
-12
2
-15
-9
4
5
-13
10
5
12
-7
11
-10
-5
5
-9
-2
3
-18
-14
1
-15
-3
-6
-1
-24
-6
-5
-3
-8
7
1
2
9
0
8
3
6
8
18
2
3
19
-3
-1
8
11
-7
13
9
-8
4
18
-2
5
-10
7
7
-15
12
-2
9
-11
-2
1
-25
-15
8
-17
-34
7
-15
-11
-21
6
-7
-9
4
-5
-15
0
-20
1
-25
6
-6
8
-15
-9
24
-21
-13
-9
-4
-28
-8
5
-24
3
-8
0
18
-25
4
2
8
-5
-6
13
-2
6
13
20
-2
29
24
-4
29
3
9
9
12
10
1
-2
-10
-5
0
-21
1
15
-9
-7
24
-13
5
18
-9
18
-21
22
-13
26
-8
-6
37
-23
15
-7
24
-13
-1
34
-29
13
18
1
-12
20
22
-49
61
-16
11
6
1
16
-14
27
-32
34
-29
14
2
-7
13
-20
2
-18
16
-3
0
20
-8
15
-1
20
1
-20
34
-5
15
-3
13
5
1
5
-35
19
-15
-4
-15
14
-8
-41
27
-38
8
-40
2
-6
-23
4
-25
14
-44
-11
7
-29
9
-14
25
-33
15
2
-13
24
-21
25
-27
27
-2
-14
31
-9
17
-6
14
6
16
-2
-4
42
-32
27
4
3
7
-2
12
-35
27
-27
13
-42
29
-12
-40
48
-34
15
-15
13
-4
-32
5
-9
3
-39
14
3
-21
-2
-10
15
-51
12
8
-20
10
-7
33
-24
27
-18
15
-14
-9
21
-38
62
-53
24
-18
-5
4
-34
30
-38
18
-7
12
-33
0
22
-37
6
-31
23
-15
-3
20
-34
16
-25
8
-30
-31
45
-26
7
8
5
10
5
4
-8
40
-2
16
21
26
11
20
23
3
49
-2
43
6
37
7
17
42
2
60
1
54
-13
54
4
-13
34
8
5
-24
45
-17
10
2
-15
28
-49
8
-21
0
-38
10
-7
-32
-16
-7
13
-83
38
-7
-7
-37
9
21
-77
23
-23
21
-50
9
3
-15
2
-52
46
-50
-5
-7
21
-57
15
59
-70
14
16
10
-24
-11
28
-32
21
-19
30
14
-1
14
11
32
-39
76
-9
24
-2
2
18
-31
26
-28
20
-17
-5
-16
-10
-25
-33
17
-69
31
-20
-23
29
-13
-7
-44
90
-60
-15
16
-20
5
-57
47
-56
-13
-15
-4
-18
-37
23
-43
-2
-35
3
-22
-41
53
-70
19
-31
25
-31
-24
45
-51
46
-35
25
-19
15
-12
-4
63
-32
56
-17
73
-15
15
42
46
-17
9
68
11
34
7
77
-2
13
38
57
1
28
39
28
-26
53
17
-17
45
-13
36
-33
43
-31
-1
19
-21
35
-26
-1
4
13
-14
-14
37
-43
0
-23
6
-12
-47
46
-39
7
-18
7
11
-24
-7
-6
0
-43
21
-37
-9
-2
-28
8
-17
-6
-19
-25
4
-17
-30
-4
45
-24
-8
13
6
-3
-34
36
-30
15
-20
22
11
-28
-1
4
18
-64
63
-3
-27
15
-4
-24
-9
10
-34
-5
-14
-26
1
-31
-2
-26
-5
4
-49
30
-40
-16
8
-4
-41
21
21
-36
29
-9
12
-5
-11
22
4
-3
19
12
30
-28
23
45
-6
15
41
19
4
47
4
32
-2
43
37
-4
23
7
17
-11
5
-3
10
-20
33
-11
-21
22
-18
-22
-17
8
-34
6
0
-9
-15
0
-26
1
-4
-42
-15
3
-30
-25
-6
-20
-4
-16
-2
-4
15
2
-5
-4
22
-4
-19
32
17
-2
5
44
29
-13
18
41
1
11
14
-14
43
-24
10
2
25
-34
11
23
-37
27
-15
33
-24
17
15
-37
49
-14
6
3
41
-19
29
-12
-15
35
-7
-4
-16
53
-10
-20
26
-17
-7
-18
23
-33
20
-19
8
-21
-35
-7
-33
-5
-42
2
-17
-15
10
-22
-25
-8
-24
0
-33
27
-6
-4
-10
26
-12
-23
13
34
-20
-29
56
-29
5
10
51
-38
28
28
-58
50
-1
11
-4
43
-2
3
30
0
38
-26
7
6
-20
-7
3
-4
-36
29
-12
-38
-9
21
-21
-58
51
-44
-22
-30
30
-33
-22
27
4
-10
-26
36
10
-62
17
22
-29
-40
50
-10
-61
35
34
-41
-8
45
-25
3
35
-8
8
4
33
19
-30
46
9
-3
11
40
40
-28
23
50
-25
-18
31
-17
-25
32
-15
13
-13
-8
-4
-34
-17
-12
1
-25
-9
7
7
-27
-20
30
-62
-8
55
-59
12
2
38
-31
-8
8
7
14
-21
60
-22
44
-9
-9
48
-10
6
12
14
21
-8
17
-21
35
-27
19
16
0
11
-6
7
-48
20
3
-11
16
15
2
-1
26
0
8
24
1
1
21
11
15
-24
14
6
-12
14
11
25
-5
46
2
9
-18
9
-2
-39
16
-28
-4
-30
-8
-2
-49
-14
-21
-3
-26
-15
22
-37
0
-38
-11
-4
-23
-7
6
0
-32
24
-43
8
-37
-18
17
-35
18
-3
7
-19
-7
-5
2
-25
-12
42
-16
4
4
6
-1
-25
14
7
17
21
20
29
-29
21
12
-30
16
-4
35
-5
-6
45
-19
-26
6
22
8
-33
56
-13
-4
2
-31
29
-2
16
-27
44
3
-13
1
2
-22
-39
12
5
0
14
14
17
-6
8
-7
39
-10
-10
84
-31
6
36
1
-18
-10
51
-24
-9
54
-2
-11
-2
3
-10
-12
-17
14
2
-52
5
19
-53
-25
-1
-11
-24
-16
2
-5
-1
-32
13
-8
-14
-15
-12
35
-17
-5
24
-18
-18
15
-5
15
-11
26
25
-15
11
37
24
-17
13
15
32
15
6
18
18
-24
-3
22
15
-21
8
42
-16
-3
42
0
-50
39
-6
-17
-19
8
15
-59
13
21
-32
-46
32
-9
-2
5
10
-8
-17
14
2
3
20
41
-21
38
9
-33
-6
31
-5
-25
34
25
-26
-8
24
-46
-24
25
-5
-33
3
17
-4
-20
5
2
-30
-4
8
-18
-18
34
3
-36
2
28
-17
-28
37
25
-44
11
23
-49
-33
11
-9
-28
18
-2
-24
-21
17
-31
-45
7
24
-14
-11
18
4
-39
-38
2
-18
-21
2
25
-33
-7
12
-24
-45
-17
32
-18
-5
26
5
-14
4
34
-20
-27
49
27
5
11
37
-6
1
25
22
19
36
37
16
22
12
24
-7
-2
38
-2
2
28
19
-16
-11
32
-33
-4
1
-5
9
-10
20
-29
1
-15
6
-2
9
-7
22
35
-26
25
-5
-10
-2
-21
4
9
-5
-9
15
-16
-31
6
-17
-8
-6
16
-8
-14
27
-23
-1
20
-3
-5
16
7
-4
10
-8
-5
12
-14
-14
23
-3
-2
-4
27
2
-24
31
5
16
-5
41
18
-5
32
-5
-2
1
37
7
0
22
-5
4
-4
11
0
-7
14
7
8
-23
2
-20
4
-10
-8
1
-15
-7
-32
6
-21
-4
-10
-12
3
-10
12
-12
-4
-22
-17
-18
-27
-16
-17
-15
-32
-1
-16
-16
-17
-25
-18
-47
-9
-30
-32
-20
-36
-5
-9
-18
-16
0
-28
-9
1
-9
0
-4
15
9
19
10
13
37
26
31
37
30
38
30
41
18
30
18
26
19
21
48
4
18
-6
8
-8
-9
15
0
-1
-10
17
-8
-28
-13
9
-16
-18
20
4
-15
-27
-19
-28
-31
-18
-25
-5
-4
-4
-17
-15
-3
-9
1
-10
9
22
-6
7
-4
7
-10
-3
6
15
18
15
25
11
16
17
13
31
23
20
40
13
14
21
21
21
28
18
37
21
30
8
11
37
5
9
27
26
15
25
13
-12
4
-2
-1
2
5
-10
-20
-13
-35
-21
-31
-27
-34
-34
-37
-59
-35
-50
-52
-58
-58
-68
-88
-58
-60
-69
-61
-57
-58
-62
-53
-43
-48
-38
-35
-25
-24
-8
18
3
16
26
30
28
51
67
62
78
75
69
83
83
71
75
79
75
68
83
63
48
78
53
38
64
45
40
35
34
25
4
19
16
24
28
53
29
22
21
11
2
-3
11
-15
-27
-30
-36
-55
-94
-91
-133
-164
-158
-166
-166
-203
-182
-209
-209
-202
-197
-192
-171
-123
-128
-84
-79
-42
-20
-8
57
71
113
134
150
170
186
216
215
232
243
229
229
230
236
199
182
173
143
122
121
97
55
68
31
15
10
3
-20
-67
-52
-44
-53
-32
9
12
0
15
17
4
10
41
24
31
62
62
48
6
-53
-168
-277
-395
-411
-275
-11
27
-199
-414
-477
-486
-503
-421
-272
-139
-64
-112
-124
-79
-57
-91
-184
-99
134
387
482
472
412
243
130
166
291
485
602
570
465
356
265
157
89
49
53
47
44
64
-35
-201
-326
-309
-301
-286
-192
-107
-93
-191
-255
-223
-190
-121
-65
65
97
113
191
154
134
87
147
200
251
279
231
197
115
118
77
50
79
87
105
-12
-54
-59
-100
-177
-204
-159
-144
-148
-144
-138
-208
-169
-131
-162
-181
-151
-209
-342
-313
-280
-260
-279
-265
-243
-276
-214
-242
-252
-254
-220
-155
-133
4
54
73
66
62
56
63
189
231
281
255
352
351
264
272
275
292
269
303
311
308
289
179
128
88
83
38
28
47
32
46
38
30
2
18
-33
-36
59
122
133
136
180
183
162
165
230
245
180
167
191
226
177
174
139
58
-23
-46
-14
-55
-70
-95
-126
-179
-260
-268
-297
-321
-354
-384
-428
-480
-425
-441
-389
-359
-361
-409
-458
-434
-373
-291
-271
-190
-147
-107
-90
-30
17
-5
53
102
158
176
250
287
215
227
203
242
229
282
316
303
303
210
109
85
150
141
128
87
73
24
-3
55
18
39
76
106
105
73
150
107
120
118
174
252
198
175
124
149
121
124
138
132
76
-26
-24
17
-29
-69
-79
-130
-156
-100
-107
-163
-219
-255
-297
-309
-271
-295
-378
-401
-362
-394
-338
-296
-268
-362
-417
-345
-299
-223
-202
-163
-182
-145
-81
-9
53
50
25
42
145
241
293
301
287
270
254
298
315
314
272
263
260
240
254
212
160
89
63
57
64
89
77
62
36
85
46
43
84
73
102
139
167
154
192
173
131
205
244
228
175
190
181
139
187
150
181
121
75
24
-12
14
15
-15
-134
-159
-233
-301
-321
-324
-375
-444
-406
-427
-448
-457
-460
-463
-476
-468
-442
-362
-309
-223
-187
-174
-109
-91
-27
32
125
169
191
276
279
310
288
309
283
294
361
329
291
248
201
144
140
113
15
-5
-3
-3
-50
-25
20
-26
-78
-55
-10
15
29
35
39
99
137
134
113
118
101
96
136
180
198
146
79
13
-38
4
-5
-42
-41
-81
-182
-345
-611
-834
-756
-319
74
-62
-417
-697
-660
-658
-584
-391
-67
192
65
-152
-174
96
257
163
21
151
517
757
722
566
448
379
315
358
542
803
830
544
195
7
66
149
176
55
-2
-187
-349
-538
-503
-367
-384
-441
-480
-303
-350
-400
-393
-274
-239
-163
-24
151
156
126
92
152
252
337
432
432
423
409
379
232
229
352
407
263
150
122
115
25
-45
-59
-22
-10
-62
-161
-225
-233
-190
-260
-228
-92
16
-62
-183
-182
-225
-258
-320
-323
-344
-289
-167
-44
-118
-284
-432
-435
-345
-271
-180
-89
-22
-103
-224
-214
-60
74
51
15
68
114
178
133
143
172
242
149
110
236
313
286
116
136
165
181
144
164
211
144
78
0
47
126
145
181
154
167
128
86
119
188
252
236
219
177
230
171
91
85
127
162
59
52
-1
7
-87
-170
-156
-160
-117
-216
-230
-200
-146
-147
-184
-180
-307
-462
-587
-546
-346
-88
-37
-236
-408
-492
-437
-340
-217
-93
-35
42
-25
-79
-51
95
160
63
30
129
267
283
246
195
142
141
153
170
225
256
224
140
84
100
161
182
95
-9
-96
-105
-68
-6
49
32
53
61
43
62
111
173
174
181
199
251
256
228
236
242
314
327
326
267
228
156
86
62
62
32
-44
-53
-67
-85
-161
-231
-274
-261
-213
-236
-288
-304
-327
-298
-328
-288
-255
-259
-312
-306
-251
-214
-169
-178
-209
-283
-210
-168
-162
-180
-207
-199
-184
-109
-52
-56
-88
-144
-138
-104
-23
44
99
105
86
88
90
117
143
186
192
248
286
271
244
244
256
203
226
282
286
289
282
275
244
221
212
197
217
211
152
114
121
107
91
51
24
23
-13
-24
17
29
21
11
-29
-44
-53
-63
-69
-51
-29
-32
-20
-58
-141
-187
-139
-163
-162
-145
-148
-198
-274
-297
-310
-304
-306
-317
-338
-284
-217
-242
-279
-237
-240
-200
-139
-27
54
43
40
25
72
117
223
241
261
256
220
232
266
276
262
313
318
295
210
179
162
162
143
131
191
185
103
-7
-58
-68
-39
-32
-14
-25
-66
-68
-116
-117
-117
-78
-17
-10
5
-9
-4
-61
-55
-16
60
77
17
-9
-1
18
35
24
-49
-130
-221
-305
-452
-455
-375
-141
-34
-147
-446
-616
-580
-440
-302
-148
-18
13
-69
-232
-216
-23
268
325
274
267
336
391
374
418
449
437
395
387
420
424
390
329
311
193
52
-29
2
-42
-147
-220
-233
-194
-194
-213
-291
-326
-225
-138
-108
-33
72
109
24
17
80
185
257
309
396
415
336
257
207
239
300
320
276
158
60
-37
-98
-87
-105
-132
-183
-206
-221
-233
-242
-281
-280
-285
-268
-227
-169
-185
-272
-284
-232
-218
-207
-196
-162
-192
-199
-232
-272
-256
-228
-217
-258
-235
-195
-206
-260
-254
-217
-147
-93
-90
-92
-78
-13
19
55
126
196
244
272
308
364
368
369
396
416
475
526
512
451
383
349
355
345
327
289
244
174
156
122
93
91
99
82
29
-14
-39
-59
-83
-93
-74
-30
-6
-57
-111
-126
-139
-140
-120
-65
-42
-43
-68
-122
-127
-89
-17
-36
-62
-191
-337
-706
-916
-759
-89
433
140
-628
-1183
-979
-582
-327
-266
-63
128
-61
-625
-865
-345
452
627
197
-157
-30
287
365
341
434
606
596
322
175
426
786
857
581
302
215
324
497
474
310
56
-99
-203
-126
82
203
154
-38
-279
-409
-266
-56
190
181
53
-125
-101
59
240
425
471
376
169
74
113
290
484
540
329
44
-77
40
144
134
81
30
-52
-151
-258
-253
-205
-204
-307
-459
-458
-403
-318
-385
-433
-397
-403
-426
-485
-405
-309
-254
-303
-359
-348
-360
-361
-372
-335
-317
-350
-487
-657
-637
-396
-108
-123
-322
-528
-509
-419
-332
-197
-8
192
182
-9
-143
-20
330
546
559
507
514
522
542
597
655
773
729
679
560
601
669
654
552
474
479
395
346
324
310
224
125
116
148
163
149
93
32
45
101
59
57
157
177
72
-36
-24
35
57
47
65
21
-66
-185
-236
-218
-173
-214
-343
-383
-318
-263
-309
-346
-336
-292
-326
-376
-350
-223
-169
-261
-324
-260
-149
-94
-167
-246
-332
-420
-570
-578
-347
-39
65
-210
-618
-850
-699
-392
-177
-129
-131
-209
-358
-524
-422
-23
383
457
192
-43
5
304
585
668
740
719
606
476
483
700
969
1049
856
534
279
249
415
694
668
443
112
-11
-103
-77
58
253
229
0
-224
-320
-231
-28
144
63
-35
-93
-109
-86
38
198
215
86
1
-32
4
-3
77
88
3
-131
-207
-197
-157
-186
-269
-351
-391
-404
-500
-589
-576
-511
-566
-620
-616
-542
-514
-556
-545
-490
-411
-378
-322
-251
-173
-158
-158
-99
29
89
20
-131
-161
-16
138
159
74
-16
-11
18
-35
-24
22
124
111
13
-72
10
123
190
206
191
224
243
324
407
521
588
604
568
545
573
646
665
675
604
556
499
489
502
570
509
294
167
76
95
129
214
186
142
53
-61
-173
-154
-35
25
2
-77
-85
-125
-201
-263
-257
-223
-154
-169
-223
-277
-319
-332
-360
-344
-303
-270
-296
-363
-403
-383
-347
-326
-352
-343
-289
-249
-296
-349
-354
-291
-165
-82
-47
-91
-122
-137
-112
-63
0
32
-13
-69
-111
-130
-140
-123
-171
-194
-221
-199
-164
-162
-189
-238
-239
-237
-188
-99
-39
-34
-59
-35
22
98
219
297
353
357
399
446
513
621
653
686
678
668
634
615
630
601
572
525
472
409
318
262
193
154
104
37
-17
-61
-132
-206
-218
-190
-141
-122
-135
-146
-156
-143
-129
-79
-54
-65
-99
-118
-68
-47
-37
-75
-92
-118
-132
-170
-210
-228
-218
-223
-239
-238
-246
-312
-383
-358
-335
-268
-175
-176
-242
-320
-298
-246
-178
-67
-23
-45
-158
-198
-163
-136
-50
5
65
43
-67
-191
-185
-92
-5
48
45
3
-33
-51
-83
-56
17
71
77
73
80
76
119
118
94
121
175
223
203
195
150
154
189
155
125
133
204
214
177
107
84
147
184
251
284
312
313
276
226
241
314
399
455
450
400
343
326
310
284
262
290
293
247
164
58
11
-11
-32
-84
-98
-146
-230
-343
-465
-481
-446
-412
-450
-501
-558
-608
-650
-649
-634
-539
-438
-421
-450
-424
-375
-373
-368
-328
-203
-109
-67
-83
-117
-56
-10
-7
-25
21
111
127
53
-35
-16
60
134
147
110
111
135
122
111
110
166
199
165
110
122
206
254
256
264
268
297
312
299
327
326
339
327
292
316
337
324
263
222
189
202
188
188
164
77
31
-19
20
61
104
25
-76
-131
-106
-51
-3
39
5
-83
-150
-180
-155
-81
-11
-47
-117
-144
-200
-217
-193
-159
-142
-146
-194
-280
-337
-320
-251
-224
-203
-210
-213
-213
-256
-251
-248
-198
-164
-171
-154
-165
-153
-175
-186
-182
-139
-70
-48
-55
-89
-114
-127
-85
-13
57
75
50
23
-2
19
88
192
233
219
219
243
270
279
349
395
422
431
437
447
436
407
366
375
394
377
334
258
228
237
235
172
115
81
17
-21
-28
-27
-74
-140
-210
-247
-231
-171
-128
-137
-166
-212
-251
-219
-141
-77
-36
-58
-107
-129
-110
-93
-54
-10
7
-18
-100
-165
-169
-155
-159
-163
-183
-220
-295
-359
-367
-353
-335
-340
-370
-387
-386
-380
-369
-359
-327
-229
-150
-88
-39
-29
-36
-22
98
242
367
412
394
328
294
318
403
486
532
507
394
294
246
273
316
338
308
258
186
94
4
-16
26
55
70
50
-28
-64
-128
-122
-93
-45
-16
-18
-34
-92
-88
-73
11
28
9
-50
-96
-76
-61
-30
-24
-20
-37
-109
-154
-149
-115
-92
-72
-42
-52
-100
-152
-136
-84
-56
-68
-67
-38
6
4
-21
-41
-35
-16
-11
29
80
68
-6
-72
-82
-41
37
59
40
1
-54
-91
-129
-80
-5
52
35
-24
-53
-42
9
41
84
110
136
95
69
78
89
120
129
170
194
200
136
95
94
142
173
141
148
136
129
82
40
28
40
58
35
12
-19
-22
-53
-91
-94
-108
-102
-117
-115
-131
-140
-136
-158
-170
-163
-137
-120
-130
-177
-208
-203
-169
-159
-164
-142
-129
-143
-175
-185
-164
-136
-108
-80
-57
-70
-98
-104
-86
-33
5
29
44
64
82
80
110
161
211
250
238
225
220
231
260
268
306
315
277
212
182
179
216
243
241
203
149
115
109
92
65
50
46
20
2
-19
-57
-73
-76
-81
-147
-145
-101
-93
-118
-182
-195
-162
-147
-151
-175
-171
-152
-146
-127
-128
-129
-111
-141
-163
-168
-151
-125
-127
-143
-171
-192
-183
-166
-147
-138
-115
-106
-111
-116
-116
-114
-80
-52
-38
-1
40
37
15
25
27
33
73
124
151
156
120
100
64
69
110
156
176
178
138
98
92
123
193
223
254
208
169
118
145
192
216
202
188
190
178
166
156
176
155
148
132
131
159
145
107
55
45
59
68
102
81
36
-15
-63
-51
-39
-38
-39
-29
-24
-66
-136
-140
-81
-43
-58
-79
-74
-72
-105
-152
-134
-107
-117
-150
-211
-231
-247
-277
-311
-317
-299
-298
-316
-361
-374
-383
-405
-417
-379
-309
-286
-301
-330
-319
-296
-273
-212
-122
-41
8
22
25
49
105
176
245
293
324
323
314
328
329
359
406
437
455
390
335
309
310
341
332
309
262
212
159
141
148
169
144
102
62
30
31
16
8
9
18
6
-34
-41
-11
31
59
73
37
-4
12
36
45
42
43
44
27
0
-24
-32
-45
-84
-141
-149
-97
-74
-120
-192
-257
-288
-296
-257
-217
-204
-220
-289
-332
-331
-277
-208
-164
-136
-160
-193
-180
-150
-113
-81
-55
-23
-12
-42
-56
-50
-2
0
19
66
74
72
21
-6
-10
9
18
3
11
26
38
9
-9
-4
0
59
99
112
109
99
103
96
142
206
253
256
246
247
249
262
301
338
351
335
298
276
266
258
256
271
285
268
205
135
94
57
54
62
39
27
0
-52
-121
-142
-111
-81
-61
-86
-140
-167
-203
-220
-231
-217
-184
-165
-178
-217
-262
-261
-228
-206
-199
-185
-158
-188
-228
-244
-214
-197
-201
-191
-165
-139
-148
-164
-180
-146
-136
-155
-138
-119
-125
-151
-161
-145
-109
-95
-72
-58
-65
-41
-43
-19
5
40
47
58
80
82
88
114
138
144
170
151
132
105
111
153
183
205
209
190
167
157
187
212
236
263
240
193
169
180
195
186
179
193
206
214
167
130
139
160
170
162
175
183
171
128
93
88
116
142
101
79
76
52
40
-9
0
26
23
-14
-91
-141
-155
-141
-141
-180
-216
-234
-247
-263
-288
-290
-293
-323
-349
-367
-355
-316
-326
-342
-344
-345
-324
-326
-288
-277
-299
-326
-281
-225
-186
-165
-148
-113
-81
-65
-40
2
65
94
93
110
136
163
156
169
186
229
256
256
221
182
159
153
170
186
207
217
193
176
159
162
177
209
224
220
197
196
220
243
254
254
287
302
262
227
224
240
237
254
242
221
219
176
140
97
68
55
25
-3
-34
-51
-103
-160
-174
-208
-235
-259
-256
-268
-290
-312
-322
-324
-332
-317
-319
-295
-261
-258
-282
-299
-286
-276
-232
-183
-167
-172
-197
-195
-164
-125
-119
-116
-135
-135
-128
-115
-111
-117
-110
-129
-136
-148
-117
-57
-13
4
6
18
27
33
51
93
137
173
170
162
145
158
195
244
263
273
261
202
193
218
268
300
295
285
259
268
270
256
269
281
261
232
218
219
228
225
196
167
141
116
109
111
108
105
71
25
-4
-14
-22
-45
-69
-75
-93
-112
-148
-160
-138
-124
-127
-146
-180
-204
-197
-215
-243
-229
-216
-194
-189
-210
-206
-205
-189
-180
-166
-154
-164
-176
-185
-194
-196
-176
-145
-156
-159
-182
-193
-173
-161
-155
-163
-147
-121
-107
-107
-96
-75
-23
19
42
84
116
114
126
152
181
229
246
232
209
202
193
172
186
185
162
117
99
99
82
66
57
61
32
10
18
27
40
48
35
37
52
70
86
107
148
160
175
171
172
173
200
237
239
218
205
183
166
145
122
96
82
61
36
22
1
-16
-63
-107
-153
-160
-152
-159
-162
-170
-201
-239
-248
-267
-255
-226
-191
-193
-192
-212
-222
-210
-168
-122
-100
-112
-131
-159
-164
-138
-114
-113
-119
-134
-151
-145
-141
-131
-139
-123
-117
-114
-93
-61
-60
-55
-49
-22
11
40
74
110
100
104
116
133
159
149
153
151
206
216
193
180
176
217
229
230
224
211
215
206
197
200
216
236
224
184
149
150
163
160
140
141
156
127
74
29
13
45
66
56
22
-3
-27
-51
-70
-69
-70
-76
-90
-122
-131
-136
-140
-143
-139
-121
-97
-86
-117
-148
-146
-115
-82
-76
-95
-115
-136
-139
-120
-90
-70
-74
-88
-110
-137
-149
-140
-135
-133
-148
-165
-177
-201
-188
-191
-168
-162
-167
-161
-172
-159
-139
-115
-105
-91
-62
-37
-31
-31
-10
10
44
65
90
119
130
133
120
144
169
182
203
205
186
164
143
146
178
197
198
196
203
208
173
162
183
224
235
209
182
164
159
159
158
154
142
125
101
91
85
81
87
69
40
5
29
50
21
-7
-23
-34
-60
-67
-69
-62
-64
-83
-129
-168
-187
-162
-158
-156
-157
-172
-190
-208
-217
-194
-175
-180
-211
-214
-180
-139
-123
-128
-147
-165
-173
-165
-133
-94
-63
-65
-82
-115
-118
-95
-74
-38
-23
-10
-8
-28
-26
-9
26
35
44
39
49
55
85
129
152
144
97
79
86
112
144
147
140
110
81
55
74
105
136
150
140
113
91
95
101
126
139
170
165
137
122
114
143
149
135
139
125
112
71
39
25
49
32
-5
3
26
38
3
-45
-66
-59
-35
-27
-25
-32
-72
-97
-115
-117
-89
-54
-50
-57
-70
-88
-104
-94
-82
-53
-45
-52
-63
-102
-125
-123
-71
-48
-70
-108
-120
-147
-153
-144
-137
-150
-180
-201
-210
-198
-182
-169
-164
-149
-138
-133
-124
-127
-102
-74
-38
-16
-17
-9
-9
11
11
34
68
95
104
103
105
112
147
160
161
171
196
204
173
152
140
152
182
214
222
216
185
162
153
141
160
163
173
165
141
122
90
89
91
111
116
70
60
59
38
21
28
26
17
25
0
-21
-40
-54
-65
-83
-80
-85
-80
-99
-126
-156
-187
-190
-186
-184
-143
-129
-155
-187
-234
-219
-191
-178
-176
-169
-162
-174
-186
-184
-170
-147
-142
-140
-128
-105
-90
-82
-93
-104
-79
-49
-1
1
11
12
17
19
35
89
137
134
121
127
130
155
191
222
238
221
177
140
145
184
222
237
220
200
148
126
124
140
162
177
135
120
107
93
109
119
125
95
87
80
73
63
71
90
85
71
34
22
-2
-15
11
10
-10
-47
-56
-63
-67
-87
-108
-123
-144
-168
-162
-152
-174
-206
-228
-227
-217
-196
-190
-205
-241
-255
-261
-241
-186
-128
-87
-108
-139
-165
-145
-101
-54
-16
-17
-47
-84
-107
-91
-52
-42
-44
-43
-54
-56
-41
-39
-17
16
14
15
17
18
26
23
45
51
54
87
97
111
124
131
150
171
181
185
199
216
214
206
176
165
170
195
219
220
200
180
159
139
130
143
154
142
108
94
62
65
37
-24
-31
-19
-10
-1
34
25
-12
-49
-68
-132
-182
-214
-163
-130
-112
-82
-52
-53
-87
-97
-144
-155
-143
-106
-84
-45
8
-35
-89
-112
-131
-105
-39
48
82
76
7
-107
-200
-246
-187
-86
33
134
165
96
-12
-135
-217
-252
-255
-181
-43
47
99
102
48
-20
-89
-171
-149
-58
67
172
248
258
204
38
-62
-91
-75
11
141
267
326
289
186
81
-40
-105
-63
37
168
272
309
256
157
36
-63
-115
-114
-30
92
149
156
125
34
-66
-118
-136
-88
-27
44
89
81
28
-64
-141
-170
-148
-138
-85
-40
43
55
-25
-85
-94
-125
-214
-158
-54
-50
-80
-16
-55
-183
-197
-131
-137
-144
-80
7
-71
-98
-10
-40
-79
-94
-48
2
-39
-67
96
39
-36
155
84
1
104
57
47
2
42
144
77
132
162
82
-40
-45
21
78
52
138
146
20
41
6
-86
-33
69
-86
-66
88
85
-43
91
47
-71
-12
-119
-33
37
-3
84
144
-1
92
138
31
-15
56
118
-3
68
251
234
37
66
131
-250
-87
58
139
118
112
97
-27
-44
-226
24
-158
-29
142
218
-142
-94
37
-211
-301
-170
107
-8
63
151
-44
-154
-178
-165
-163
27
84
147
290
-56
-164
-125
-245
-138
70
60
83
125
89
-135
-161
-127
-126
-112
-29
246
34
29
-43
-109
-145
-170
-21
-6
123
-48
135
-6
-168
-157
-6
3
-200
256
184
-78
-170
110
-66
-40
-37
326
25
-16
162
-139
34
-24
-23
-31
285
117
187
1
132
-210
-93
-79
116
222
90
107
227
-208
-480
83
-132
-51
38
442
123
-248
-253
31
-282
-339
257
293
81
-213
208
-126
-354
-237
209
23
-47
398
162
-196
-262
-73
16
-102
-86
474
202
-143
-53
165
-376
-259
59
226
26
-127
312
-53
-417
-98
-15
-49
0
173
308
-39
-294
90
-114
-78
86
312
269
96
-37
85
37
-261
187
348
83
85
192
99
-134
-118
119
-106
227
94
14
120
-135
-227
-98
7
-163
-23
209
-47
-326
104
-154
-272
36
74
134
104
1
38
-97
5
-60
57
218
175
96
-5
147
-174
-22
-87
178
162
4
10
-128
36
-168
-158
54
76
-157
85
26
-291
-176
47
-8
-408
103
234
-228
-150
92
-202
-168
8
104
72
19
-19
110
-172
-236
188
243
45
24
402
-61
-277
-12
196
-207
101
238
328
-219
-35
83
-400
-4
-22
94
93
37
22
-118
-269
-339
-40
22
42
154
68
-74
-232
-81
-212
-93
-95
326
73
-64
108
-163
-93
-53
-62
124
189
106
35
-235
-87
49
-268
30
188
185
-44
8
37
-300
-24
-31
284
83
199
86
10
-123
-119
45
124
193
51
369
36
-140
-147
192
-110
155
410
67
323
-114
-102
-35
-25
24
215
194
199
97
-93
-54
-352
-53
206
-50
99
276
65
-263
-114
-130
-100
-18
182
330
-58
36
-293
-48
-193
-118
84
282
107
-220
268
-342
-257
-44
83
-23
-8
108
10
-203
-444
-25
-185
126
-105
38
89
-238
-219
-114
-271
-143
171
20
105
-44
-175
-293
-311
-96
190
39
182
102
-41
-247
-236
-11
5
39
309
170
68
48
-108
-143
12
241
180
302
150
166
17
-97
-69
112
188
223
220
156
159
-165
-124
-53
101
176
166
83
123
-137
-19
-207
-98
92
226
170
-126
188
12
-337
-242
339
-21
-20
318
103
84
-320
-14
-89
-11
42
360
45
-204
65
-101
-298
-326
300
90
-121
-70
125
-302
-281
-245
-228
-101
31
-135
-92
45
-433
-170
-270
-184
-7
-61
-44
23
-196
-145
-252
-354
341
-50
47
201
56
-210
-145
17
119
95
190
348
150
77
58
-17
4
93
232
458
109
70
370
-92
-150
147
322
180
211
284
59
99
-59
-169
205
209
52
385
54
27
-121
41
-225
-82
345
35
12
164
-8
-97
-26
-216
113
244
62
-76
222
-134
-217
-99
-118
60
69
0
3
-25
-102
-143
-273
-65
91
2
-148
-29
36
-398
-397
4
-180
-292
123
-40
-354
-140
-194
-341
-396
22
129
-229
-46
18
-76
-369
-121
-48
93
-80
21
243
-101
-6
-5
-129
-8
255
165
95
111
184
57
-163
100
172
138
157
197
234
123
-133
-59
183
-33
152
241
136
90
62
50
-181
46
246
198
47
109
334
-292
42
92
102
-44
221
211
104
-257
85
70
-239
89
72
130
-162
142
-110
-136
-356
33
69
-94
-239
44
193
-410
-328
56
177
-358
1
168
20
-256
-20
80
-220
-244
131
319
-333
-24
162
-73
-362
-82
146
71
-252
41
330
-324
-204
-3
-5
6
-177
182
134
-328
-48
-115
-111
-28
-53
165
130
-88
-105
222
-115
-57
63
412
48
62
301
172
-137
58
249
-13
291
157
233
52
96
35
-110
98
121
78
200
-31
180
39
-208
60
136
53
-176
349
158
-100
-120
135
53
-348
228
90
169
-217
83
6
-58
-246
86
106
-311
221
-23
-142
-377
101
-121
-284
-44
54
17
-263
-181
-163
-230
-153
-111
47
51
-158
6
-119
-447
58
-66
-69
-71
49
65
-125
-239
-132
7
-157
-18
-27
189
-23
-90
-173
130
-209
-22
258
-67
272
9
-112
-23
10
-83
157
250
92
136
78
25
-25
29
178
-14
235
281
34
176
-47
-42
61
147
42
351
139
93
94
-69
-60
132
24
144
348
20
-71
216
-51
-383
224
240
-21
-3
413
-82
-303
41
-33
-96
67
161
75
211
-232
-273
91
-280
-284
367
151
-346
43
75
-311
-450
-50
179
-184
-94
155
-58
-291
-225
-207
-114
-152
-195
281
-23
-496
30
-2
-437
-166
163
166
-147
26
213
-150
-240
4
86
-68
118
153
123
-31
-79
70
-62
36
117
264
145
29
107
75
-5
-24
333
8
190
156
35
-32
68
82
-84
27
262
150
-202
166
-45
3
-2
-119
195
153
30
-113
121
-105
-44
7
151
102
-62
156
100
-133
-266
162
106
-130
-13
275
18
-279
-6
-92
-36
-56
29
11
-57
32
-238
-85
-245
-106
6
61
-87
-170
182
-203
-216
-179
122
-117
100
-71
133
144
-367
46
61
-37
-136
144
268
-162
-222
95
1
-251
-17
228
-46
-186
5
140
-136
-141
-2
273
-104
-93
226
71
-162
-33
243
-63
-23
210
47
-6
82
-76
-1
70
60
18
3
63
-18
-73
-52
60
138
-119
1
284
-173
-240
159
-2
-153
37
238
-90
71
42
126
-31
-47
81
148
288
-167
231
345
-139
-196
320
38
-85
329
28
-8
-5
-114
43
-75
-249
290
-28
-110
-16
0
-98
-185
-82
9
-75
-46
97
-220
-88
40
-122
-257
-44
119
-49
-192
12
68
-254
-9
-108
-20
93
-100
-23
167
-50
-201
153
-63
-234
211
115
-232
111
133
-74
-240
122
80
-94
103
76
146
32
-120
178
32
-20
-21
239
84
-165
100
52
-138
56
103
-29
92
81
-26
-82
56
-51
73
-43
101
10
146
-66
-122
153
60
-139
117
264
-139
70
107
-105
-88
115
16
115
-22
45
0
-79
-39
-37
73
-72
-46
17
35
-177
-15
77
-136
-120
18
-40
47
-78
-187
41
94
-177
2
38
22
39
-192
89
48
-194
37
135
-36
-46
-81
14
-50
-286
98
56
-39
3
-16
27
-179
-263
160
-164
-84
198
-118
-11
-16
-53
-144
-39
92
50
-176
81
148
-64
-112
20
136
-60
-60
287
277
-310
93
181
-41
-28
251
149
-102
74
199
-55
-190
307
-43
-7
153
81
-45
64
31
-77
204
-122
163
183
-34
55
13
-10
-174
138
88
51
-137
137
4
-116
-183
35
251
-126
-122
90
143
-85
-217
-13
118
24
-257
133
180
-238
-131
-70
-13
-7
-66
20
123
-68
-98
-162
38
-78
13
6
104
2
-143
59
-107
-115
-78
-31
73
130
-161
81
96
-235
18
36
185
22
-24
146
161
-128
-19
102
89
187
-142
77
227
-77
-226
63
138
-176
0
91
132
-87
-110
46
18
-56
-45
61
49
21
-147
62
-60
-48
104
-64
-44
51
-24
-160
76
-73
-127
80
-26
-18
-109
-62
59
-65
-117
12
106
1
-32
-85
38
0
-154
49
140
-58
140
-97
35
-26
-5
-40
66
66
105
-67
-78
218
-222
-28
1
41
18
86
-19
78
-73
-80
-42
100
37
-1
63
-35
50
-200
-116
151
16
-137
93
235
-84
-196
69
91
-215
-17
201
71
-99
-7
-2
-59
-26
-92
93
83
-82
3
71
-99
-79
-56
-35
205
-20
-68
53
67
-103
-139
32
64
119
-9
35
210
-19
-201
226
166
-288
245
330
-3
-176
165
96
3
-7
78
164
-4
115
-37
59
-105
179
-35
-104
174
198
-103
-167
326
-86
-205
2
222
-157
-63
209
-34
-121
-68
167
-149
-217
173
151
-374
-165
364
-233
-232
-23
179
-140
-256
106
83
-326
-163
137
-224
-168
46
155
-364
-138
221
-156
-226
-144
161
-96
-246
-12
84
-100
-89
-42
-46
-69
28
35
-135
21
155
-159
-109
71
118
-92
17
32
82
122
-102
-52
274
44
-183
205
343
-140
17
375
-60
-65
77
293
35
-132
305
237
-302
94
409
10
-291
208
406
-140
-238
381
148
-302
3
376
-157
-158
362
-71
-224
148
210
-190
-152
227
123
-351
8
220
-106
-190
108
94
-156
-31
182
-89
-122
46
153
-208
-117
148
85
-171
-138
154
-175
-78
-72
13
-82
-1
60
-181
-122
75
-79
-262
125
87
-250
-103
164
-27
-170
-3
32
-64
-142
98
25
-118
14
94
-89
-137
75
-43
44
-7
29
98
-73
140
-64
-156
215
215
-206
14
437
-37
-221
110
315
-159
-171
287
154
-148
23
235
-90
-116
159
167
-117
35
296
-29
-155
133
155
-64
-96
209
207
-104
-134
263
-17
-306
154
144
-135
-105
178
-51
-302
31
164
-200
-244
163
50
-235
-142
186
-133
-302
-47
158
-141
-265
200
-62
-278
-16
111
-190
-106
68
-30
-148
-167
108
-53
-327
104
33
-97
-206
24
118
-217
-91
114
-100
-269
210
-27
-139
-115
104
119
-184
-24
256
76
-204
128
149
128
-149
191
264
-45
23
317
108
-168
363
169
-23
5
381
81
-158
187
358
1
-125
317
223
-48
-13
212
154
-59
-10
254
91
-183
222
121
-231
-64
254
-30
-348
186
195
-197
-163
267
-141
-301
67
81
-80
-156
14
61
-163
-188
53
35
-206
-101
195
-95
-330
146
111
-322
-142
14
135
-219
-49
154
-84
-218
-65
22
-59
-44
-131
146
-55
-98
-41
-21
-6
-172
69
56
-98
-80
182
-140
-129
38
-33
67
-25
-1
81
-19
-30
99
-4
0
56
86
147
-93
14
214
-112
-31
54
-1
63
71
83
-26
-105
141
-29
-153
173
55
-61
-66
164
53
-46
-105
25
107
-84
50
70
86
-171
13
-58
-23
19
52
9
-13
18
-91
16
-9
-45
-118
156
100
-170
159
8
-71
-136
89
-16
-35
80
-10
96
-112
23
-153
11
29
-37
-31
-10
205
-101
-68
-40
14
-82
-27
74
-40
138
-99
65
-195
45
-45
-34
4
2
154
-21
-22
-99
102
-77
-38
30
126
85
-60
85
-20
-59
50
-49
-16
105
54
108
-47
-94
86
-30
-79
58
246
-63
141
-9
30
-10
-37
84
11
87
58
116
87
-18
-34
24
33
-54
225
49
-3
137
-16
-28
-97
55
-87
-17
38
62
-31
-76
-46
-84
-99
-183
89
2
-47
-10
-14
2
-221
-44
-59
-79
30
46
4
27
-109
-49
-56
-37
-35
99
45
-64
31
41
-185
-105
68
-15
-18
-26
103
66
-91
-88
-10
-147
-91
0
23
14
61
-39
-160
-45
-91
-103
-108
81
210
-119
-24
125
-78
-209
-25
119
-134
173
220
-73
-29
20
72
-181
130
128
86
23
103
156
-60
-42
8
108
-17
41
139
202
-24
1
-38
-109
18
88
130
55
20
43
73
-74
-100
106
-16
49
39
97
181
-37
71
-6
-77
-63
156
21
-20
57
146
-75
-192
-42
26
-95
-37
75
16
-12
-87
2
-217
-128
-132
44
2
-67
-15
-47
-151
-55
-48
-238
-65
107
85
-197
-12
52
-76
-264
26
54
-22
185
151
-25
-68
63
34
-150
-86
158
7
74
118
130
-61
-133
72
-38
-81
79
216
27
-18
59
-156
-50
8
60
80
28
116
190
17
-72
120
-4
25
167
156
96
95
2
14
40
-185
142
106
-5
76
61
80
-102
7
-34
23
-126
85
88
-69
57
-103
-77
-122
-37
41
19
-197
43
42
-145
-174
-26
-6
-63
-138
-61
90
-137
-40
4
-98
-120
-17
-139
-37
86
-73
-31
-68
-24
-24
-141
-99
63
-106
-123
102
-26
-160
-61
65
-114
-132
83
34
-51
31
83
7
-56
36
49
35
-88
112
191
-25
-106
61
95
-138
36
141
93
-9
162
92
0
-38
133
63
64
137
74
100
60
104
78
69
-5
169
-3
-3
52
197
30
-22
43
36
60
42
158
39
-4
189
-7
73
76
85
-52
29
67
-44
-32
-37
76
-48
-131
-123
25
-42
-283
-16
23
-144
-137
-18
-21
-292
-55
14
-226
-135
34
40
-184
-175
24
-116
-133
-40
32
-19
-78
31
-3
-147
-97
-7
-35
-6
44
59
-8
-113
-34
-22
-74
10
118
93
-23
26
43
-42
-88
108
133
-31
38
212
51
-58
-51
69
106
-123
2
290
60
-153
144
32
-113
-49
91
57
-63
139
142
-77
-112
73
38
-105
84
181
-17
-18
53
78
-89
18
86
1
-31
94
94
-24
0
-9
-8
-41
22
81
39
-80
28
20
-16
-34
90
-21
-139
55
-56
-141
-34
137
-42
-87
42
-67
-88
41
-22
-62
74
53
-31
-119
-33
-7
-161
-76
31
46
-26
-82
-119
-49
-118
-153
-29
-32
25
-34
63
49
-84
-7
31
-27
49
120
47
4
41
22
-4
-103
40
99
20
26
62
111
-69
-22
19
58
1
137
70
16
25
107
-60
-90
166
118
-12
61
147
-7
-7
25
41
44
34
70
95
-13
3
57
-57
-60
76
75
-30
-21
91
-21
-95
36
78
-64
-13
42
-11
-96
-39
-5
-25
-46
4
30
-72
-48
-7
-38
-71
30
-16
-34
-36
-47
15
-116
-28
66
-3
-35
36
10
-142
-112
53
5
-110
16
129
-97
-145
-39
-35
-164
-123
48
13
-117
-93
-7
-131
-182
-71
105
-54
-34
87
47
-119
-56
64
6
8
92
178
49
-24
59
33
-58
-2
74
141
66
69
48
-24
-35
-26
-3
39
130
114
44
45
-5
-9
-52
-8
81
121
95
56
63
-23
-91
19
5
26
47
36
-10
43
-32
-106
1
-16
22
24
29
57
28
-45
-35
5
31
59
42
64
55
-3
-2
4
-18
35
65
-8
6
34
15
-122
-101
59
-52
-106
-30
31
-83
-107
-56
-58
-71
-123
-69
-109
-90
-68
-68
-95
-88
-27
-7
-101
-78
-12
-59
-120
-12
12
-49
-39
-20
-30
-76
-41
15
1
45
75
57
33
37
76
36
17
139
196
92
78
153
130
-2
48
192
145
84
155
170
72
44
116
86
107
135
153
67
92
90
-33
-33
15
57
12
-4
49
17
-96
-40
-5
-77
-87
-23
-2
-77
-58
-17
-63
-107
-48
6
-75
-110
-24
-54
-150
-93
-23
-80
-126
-47
-124
-92
-84
-108
-138
-89
-52
-75
-81
-56
-43
-157
-122
-54
-58
-84
-42
-11
-45
-116
-29
25
-2
-18
79
33
-43
-2
94
48
-5
125
100
25
43
159
47
-22
102
104
23
36
91
97
55
39
57
95
71
42
59
106
43
2
31
65
77
52
66
60
92
17
3
23
12
8
16
77
54
56
24
0
-26
13
20
2
45
9
-17
-37
-28
-81
-83
-38
-111
-76
-29
-83
-108
-108
-91
-110
-98
-59
-82
-6
-36
-88
-48
-25
-22
-76
-40
1
-37
-60
-19
6
-69
-54
-10
-39
-33
-23
3
12
-67
-12
60
-14
-14
33
33
-53
-8
60
-20
-2
92
57
0
59
49
48
33
98
76
71
105
133
126
89
125
145
129
70
86
99
44
73
53
71
66
92
47
4
98
52
21
4
43
50
0
-15
28
-19
-46
-13
-71
-60
-58
-46
-79
-59
-80
-77
-97
-102
-129
-93
-57
-93
-82
-57
-55
-170
-91
-32
-119
-78
-57
-76
-119
-77
-52
-102
-82
-29
-27
-97
-31
25
-30
-70
34
15
-21
22
61
-8
-35
69
5
-16
25
71
13
37
37
5
33
14
17
22
7
25
21
-14
15
25
-26
-26
48
4
-31
15
27
13
-9
24
29
47
49
55
78
76
86
64
76
105
91
65
69
128
113
29
50
90
58
26
93
103
68
32
83
26
9
41
78
-6
-16
60
-32
-44
-43
-4
-40
-90
-40
-41
-21
-84
-79
-51
-103
-75
-87
-74
-79
-49
-99
-101
-74
-82
-90
-102
-82
-44
-72
-89
-24
-33
-28
-19
18
18
-51
-16
-16
-21
-42
0
44
11
21
11
47
-17
-18
43
3
18
44
68
18
32
59
-20
8
42
33
21
46
50
4
19
18
37
-1
1
106
71
34
59
44
-2
-17
46
39
-1
27
32
29
-63
-12
27
-4
6
51
95
43
-1
39
38
5
14
49
80
45
14
39
35
-4
6
13
22
39
15
4
-22
-31
-1
-9
-46
-45
-14
-49
-75
-93
-77
-78
-77
-66
-80
-77
-79
-89
-121
-112
-88
-77
-100
-46
-49
-108
-109
-44
-43
-81
-27
28
-36
-81
-41
-13
-54
-35
55
9
-3
16
39
8
-25
26
43
51
80
51
78
41
32
34
25
76
78
61
60
71
50
36
52
34
75
84
70
44
54
62
29
45
43
73
69
41
24
15
22
34
30
66
80
82
47
38
41
-3
-4
48
40
3
31
17
-44
-15
6
-61
-32
22
24
-13
-25
-23
-35
-72
-62
-16
6
-60
-44
-28
-83
-75
-40
-34
-63
-34
-19
-51
-102
-44
-55
-94
-52
-36
-65
-56
-51
-46
-43
-34
-33
-36
-8
8
0
-30
-30
-37
-24
-41
2
45
42
-3
13
3
-12
-31
2
39
68
66
51
78
48
4
18
56
48
51
36
38
35
17
30
32
51
60
71
88
47
28
19
-1
-15
28
37
2
6
-21
-26
-42
-46
-23
-1
-5
19
2
-26
-31
-8
-32
-66
2
11
-15
-10
5
-57
-86
-28
-14
-29
-41
11
3
-51
-31
15
-30
-24
13
-5
4
-9
5
-34
-36
-19
-22
-39
-19
-25
-71
-58
-44
-16
-48
-45
-4
0
-28
-69
-12
-23
-49
-7
27
19
-7
6
-5
-8
16
49
31
41
69
49
1
33
44
43
59
76
85
80
69
56
42
11
26
38
43
59
65
42
22
9
35
-10
-21
33
61
40
56
42
47
39
16
23
63
77
23
53
71
77
49
67
78
57
60
31
32
3
20
-17
-50
-28
-50
-56
-73
-36
-38
-79
-65
-62
-77
-91
-87
-70
-77
-53
-68
-65
-47
-60
-60
-58
-49
-53
-51
-39
-40
-41
-24
-28
-24
-51
-37
-35
-33
-49
-59
-3
-34
-42
-32
-2
-10
-58
-31
4
-39
-59
-4
-4
-47
6
31
-19
-8
16
9
-4
-15
25
39
27
41
57
13
1
17
31
7
35
60
29
28
12
34
19
26
40
22
9
34
36
15
21
19
36
0
-12
31
7
-16
3
34
4
-15
32
40
22
0
19
6
-11
13
-7
-11
32
25
10
33
20
11
-2
-17
18
3
16
42
10
-5
12
26
-25
-14
29
-15
-44
10
21
-40
-28
23
6
-28
6
34
-33
-26
-15
-8
-37
1
41
-19
-24
27
22
-41
-28
18
4
-15
18
26
50
37
29
8
17
16
7
-4
17
24
9
-14
2
48
2
0
23
51
20
18
53
48
3
24
24
-23
-28
-10
-15
-40
-19
-5
-14
-39
-6
13
-6
21
-1
-27
-26
13
18
-22
1
-8
-34
-55
-22
-46
-47
-30
-49
-22
-36
-25
-59
-41
-38
-48
-31
-10
15
-20
-13
2
-31
-46
-39
-29
-20
-34
-5
-1
-36
-27
-24
-31
-28
0
11
-16
0
13
19
-9
12
10
-19
-8
17
-11
-35
-6
-3
-21
5
31
16
-20
-7
26
-30
-48
20
38
-7
-15
31
18
-13
-15
-7
-4
-21
26
32
23
14
33
49
19
22
40
61
37
49
74
51
50
67
50
60
79
93
58
73
76
57
60
67
43
52
38
55
28
3
26
26
-21
-15
-2
-30
-27
-18
-10
-15
-9
-36
-15
-18
-37
-30
-6
-33
-35
-32
-30
-44
-42
-37
-46
-18
-25
-13
-13
-2
-18
5
-2
7
8
-13
5
2
-10
-21
-9
-33
-45
-18
-24
-15
-8
-25
-32
-17
-19
-23
11
3
-3
-3
-3
-34
-41
-7
-11
-20
-7
0
-35
-46
-26
-42
-49
-46
-9
-3
-27
-12
-2
-20
-10
0
6
5
8
23
33
26
-3
26
5
13
28
19
26
14
11
-20
4
16
15
-3
11
24
4
1
14
-3
-1
20
19
8
16
14
-15
-6
20
25
19
19
16
9
0
17
30
13
-8
6
-11
-16
-14
-20
-21
-14
7
11
14
9
3
-7
-37
-21
-26
-32
-13
-10
-24
-34
-16
-24
-30
-31
10
15
4
-16
-24
-26
-36
-5
-7
-9
28
25
-6
-13
7
-12
-16
6
30
29
19
31
15
10
21
17
21
29
44
33
24
30
43
12
5
45
36
8
21
26
12
8
28
45
34
52
70
44
15
25
26
9
-17
24
6
-20
-18
-6
-4
-34
11
10
-12
-9
-3
6
-19
-4
-18
-33
-22
-12
-13
-32
-5
-10
-28
-25
-37
-20
-32
-31
-37
-4
-8
-29
-12
-19
-35
-25
-29
-47
-26
-11
-21
-25
16
15
-1
-24
-1
-3
-17
13
16
-11
-6
-7
-27
-30
6
9
5
3
24
3
-13
-9
-6
8
-2
8
35
20
-10
6
-9
-20
3
22
21
19
44
12
-16
-6
6
13
15
34
37
35
18
10
5
-2
21
28
30
27
21
-8
-29
-29
-10
6
-8
8
20
-20
-26
-16
-21
-22
-9
5
-13
-13
12
-6
-17
-12
10
-16
-15
3
-11
-18
-13
-14
-17
-15
-14
-20
-19
-12
-4
-12
-10
0
-5
3
9
-3
-8
-13
-12
-18
-29
-2
5
4
-9
12
20
-11
4
16
44
31
39
64
49
18
19
21
-2
-4
14
22
12
24
11
2
11
20
-2
6
17
11
3
14
18
5
5
2
-24
-23
-16
-18
-16
-9
8
2
10
-5
-8
-3
-13
-23
-12
8
5
-2
9
13
11
4
-2
8
13
8
6
19
25
9
6
3
28
29
18
27
24
14
0
-8
-5
-14
-16
-12
-18
-11
-21
-10
-19
-26
-10
-8
-28
-26
-27
-41
-29
-25
-23
-20
-23
-15
-16
-50
-57
-37
-38
-25
-20
-16
-21
-34
-31
-25
-29
-14
-4
3
-6
-12
-4
-21
-27
-23
-13
5
-9
2
20
12
-1
7
27
14
7
11
25
14
13
36
27
12
20
6
21
20
23
29
30
40
40
42
46
50
29
31
36
23
24
31
39
34
28
30
34
29
25
24
38
39
27
28
35
37
14
14
13
6
-17
-16
-13
-19
-25
-25
-32
-34
-25
-13
-12
-30
-26
-21
-27
-36
-38
-44
-42
-28
-34
-41
-37
-44
-53
-53
-43
-35
-48
-35
-31
-28
-27
-29
-19
-1
-11
-23
-9
-10
-16
-16
-15
-19
-1
15
5
9
25
32
27
25
31
24
27
7
21
22
13
22
13
30
31
27
16
25
36
29
21
23
28
14
19
34
33
30
42
35
22
27
24
2
6
25
7
4
12
15
12
7
23
31
17
24
10
12
14
3
3
1
1
-13
-21
-15
-25
-27
-35
-20
-21
-18
-9
-32
-33
-42
-38
-32
-38
-21
-12
-11
-29
-17
-17
-33
-18
-10
-10
-11
-9
-11
-9
-9
-12
-18
-18
-7
-16
-27
-25
-27
-28
-43
-33
-16
-14
-17
-5
-18
-29
-9
-2
-15
-8
12
4
1
-4
2
-10
-8
7
13
11
10
10
-7
-12
2
-7
-18
13
27
6
1
13
12
-5
-15
-2
7
12
24
17
25
23
17
10
4
24
13
18
26
23
25
27
28
29
31
17
22
24
25
30
46
32
23
33
23
28
17
26
29
33
22
22
18
8
7
-2
-2
6
-1
-15
-8
-7
-3
-17
-17
-11
-18
-19
-10
-20
-26
-13
-16
-15
-1
2
-4
-10
-6
-4
-8
2
6
1
-4
4
-6
-15
-13
-18
-17
-17
4
-11
-18
-22
-19
-18
-19
-11
-4
-2
2
2
-11
-12
-16
-5
-10
1
0
-11
-13
-11
-13
-45
-31
-10
-16
-17
-2
3
-2
4
3
-5
3
8
8
11
11
14
-4
-14
-4
8
4
12
24
22
13
9
23
13
9
25
20
11
14
8
1
-6
8
5
-13
-8
-12
-22
-21
-10
-8
-7
-5
-5
-11
-15
-23
-34
-36
-23
-6
-6
-1
10
3
-10
-14
-6
4
-13
1
21
12
-2
2
5
-7
11
17
4
4
-2
-3
-3
-4
13
16
13
17
17
7
3
-1
-5
-5
6
15
15
15
16
14
6
8
21
24
17
22
28
12
8
14
11
5
17
18
9
28
29
22
27
36
30
18
25
11
14
8
1
7
-3
-5
-11
-13
-18
-19
-17
-22
-24
-23
-27
-21
-21
-28
-27
-29
-25
-19
-17
-16
-15
-22
-29
-31
-20
-12
-3
4
1
3
-3
-6
-3
-6
-3
12
7
0
4
-13
-27
-29
-24
-21
-19
-7
-1
-6
-8
-25
-20
-8
-13
-10
-5
-6
-18
-17
-12
-19
-5
9
6
5
16
7
2
4
11
17
15
19
25
18
8
16
12
5
17
18
13
15
14
12
6
11
11
12
22
21
18
17
20
11
6
10
10
5
1
2
1
-1
-8
-3
8
4
-5
5
4
-2
2
5
8
6
5
9
0
-4
-3
-10
-17
-18
-9
-18
-16
-7
-18
-28
-18
-5
-3
-1
14
11
-6
5
1
-13
-13
2
2
-14
-6
1
-11
-10
1
-1
-7
9
7
3
2
2
0
0
7
-1
1
-2
-6
-11
-6
-10
-5
5
12
15
2
11
10
6
6
11
4
0
6
0
-1
-5
0
-6
-5
-3
-6
-5
0
6
9
13
10
9
16
21
16
6
9
19
10
6
15
17
7
4
14
6
2
2
3
10
7
11
8
12
4
-2
6
4
7
7
1
-7
-6
-9
-8
-12
-11
-3
-14
-11
-11
-8
-7
1
2
-2
-2
-11
-15
-21
-17
-28
-31
-34
-33
-34
-46
-45
-46
-49
-48
-42
-46
-35
-22
-20
-15
-14
-14
-19
-17
-7
1
-3
3
6
3
-1
3
19
18
18
14
15
21
18
25
32
33
36
35
39
33
26
26
28
27
17
22
21
25
24
23
27
25
22
22
24
22
17
6
8
7
1
2
2
5
3
7
4
-5
-4
8
5
11
7
10
9
-1
4
3
3
-7
-2
-8
-17
-19
-16
-19
-21
-17
-18
-21
-19
-14
-8
-11
-15
-11
-20
-19
-13
-16
-20
-10
-10
-22
-15
-8
-13
-14
-2
-1
-1
8
13
11
9
16
20
18
13
11
8
7
6
7
6
5
3
5
-8
-10
-8
5
9
3
13
13
5
-6
5
5
-4
-3
1
-9
-18
-13
-8
-5
-12
-6
-11
-19
-19
-14
-15
-15
-5
-7
-4
-3
0
7
5
4
7
5
6
9
11
20
16
4
1
-5
-11
-13
-9
-4
-6
2
3
5
13
6
4
7
12
12
13
14
11
6
3
3
-1
-2
1
-1
-2
-4
-5
-16
-20
-21
-19
-19
-14
-11
-15
-7
-10
-6
-6
-3
-3
2
1
-5
-9
-4
-9
-7
-5
1
2
-4
4
-6
-5
-13
-5
-3
-5
2
2
2
4
4
7
6
6
12
10
7
6
10
11
12
10
7
14
3
4
10
8
11
10
16
20
20
20
17
20
21
20
19
14
13
13
2
-3
2
-1
1
2
4
-1
-1
12
3
2
11
19
11
13
16
9
0
-3
-6
-9
-10
-9
-6
-11
-17
-16
-19
-26
-27
-16
-14
-15
-3
-5
-9
-8
-1
-6
-2
2
-3
-3
-7
-13
-13
-14
-9
-7
-15
-9
0
0
-2
5
6
0
-3
-6
-6
-9
-7
-5
-9
-7
-3
-3
-4
-1
-3
1
6
8
15
17
18
14
8
1
-3
-2
-4
-4
-1
-3
-3
-3
-5
-1
-1
-4
-2
0
-2
-2
-1
1
-4
-8
-1
-4
-14
-9
-9
-14
-10
-9
-4
1
3
10
9
2
3
9
12
11
14
12
11
4
-6
-2
-4
1
5
2
5
-1
-1
-4
-7
-2
4
4
6
9
2
-2
1
-2
-4
2
5
2
2
1
-9
-11
-8
-10
-4
1
-1
1
2
-2
-3
-2
-1
-6
-6
-10
-12
-11
-14
-12
-7
-4
-6
0
3
0
1
0
7
12
13
14
22
23
16
15
20
27
27
27
23
25
19
19
22
23
25
20
22
22
25
21
17
16
10
4
8
4
-1
-2
0
6
1
-3
0
-5
-6
-13
-15
-11
-9
-11
-10
-11
-13
-15
-19
-20
-29
-29
-27
-23
-26
-21
-16
-17
-15
-17
-16
-13
-17
-17
-15
-16
-18
-22
-24
-26
-24
-25
-24
-17
-12
-13
-7
-4
-9
-4
2
6
4
4
-2
-4
-10
-11
-8
-5
-4
1
1
-2
1
4
5
6
8
7
10
14
15
14
16
20
17
16
18
16
12
6
8
6
10
7
13
12
12
4
2
4
5
7
7
9
6
2
4
9
8
10
11
7
6
3
3
1
0
5
6
10
9
9
15
17
8
12
9
6
10
8
2
-2
-6
-4
-10
-14
-14
-9
-7
-9
-4
-4
-7
-1
4
-6
-2
0
3
2
5
8
7
3
-1
-6
-12
-11
-9
-7
-9
-8
-9
-6
-2
3
4
9
13
12
14
8
-1
1
0
-4
-1
-4
-3
-1
-2
-5
-5
-3
-2
-6
-1
-1
-5
-6
1
2
-2
3
9
13
11
12
10
6
5
3
1
-1
1
2
-1
1
1
-4
-7
-9
-5
-1
1
4
8
5
-3
1
0
-4
-10
-13
-14
-11
-11
-12
-17
-22
-21
-21
-25
-26
-25
-25
-23
-19
-17
-14
-14
-15
-14
-12
-14
-9
-9
-13
-9
-6
-9
-6
-1
-2
-3
2
6
1
1
4
4
5
9
6
8
6
11
11
7
8
11
12
14
10
9
5
4
-1
-5
1
1
4
9
7
11
17
13
20
19
20
20
16
22
24
29
33
37
36
36
36
33
27
26
27
19
17
18
15
11
10
9
8
5
4
3
0
-3
-3
-5
-5
-7
-9
-9
-9
-9
-10
-7
-12
-7
-8
-14
-17
-15
-15
-17
-15
-16
-17
-18
-17
-21
-22
-19
-17
-17
-13
-13
-18
-15
-14
-14
-14
-11
-11
-8
-10
-7
-9
-13
