-1
0
0
0
-1
-2
0
-1
-1
0
0
0
-1
-2
-1
-1
0
-1
-2
-1
-2
-3
-2
-3
-3
-1
-3
-1
-2
-2
-3
-2
0
-3
-3
-2
-4
-1
-1
-2
-2
-2
-1
0
-1
-1
0
0
-1
0
1
0
1
1
1
1
1
0
2
3
0
4
2
2
2
2
3
2
3
3
4
3
3
3
3
3
2
3
2
3
2
3
3
2
4
3
3
2
2
2
2
1
1
0
0
1
1
0
0
0
0
-2
-1
-1
-1
0
0
-1
-1
-2
0
0
1
0
0
-1
-2
-1
-1
0
-1
-1
0
0
-2
-3
-2
-1
-2
-2
-1
-2
-3
-4
-3
-1
-1
0
0
0
1
1
-1
0
0
-1
-1
1
1
-1
1
0
0
0
-1
-1
0
0
2
0
-1
0
-2
-1
0
-1
-2
-2
0
-2
-1
0
-3
0
0
-1
-1
-2
-2
-2
-1
2
-2
-1
0
-2
-2
-2
-1
0
1
1
2
1
1
-1
0
1
0
2
2
2
1
3
2
1
2
0
0
1
0
0
2
0
2
1
1
2
1
2
1
2
3
2
1
2
1
1
1
0
3
2
2
1
0
1
-1
-1
1
-1
1
0
0
-1
0
1
0
0
-1
-1
0
-2
-2
-1
-2
-1
1
-1
-2
0
-3
-1
-1
-2
-1
-1
-1
-3
-3
-1
-1
-2
0
-2
-1
0
-2
-4
-3
0
-3
-1
1
-2
-2
0
-2
0
0
-1
-1
-1
-1
-2
0
2
2
1
1
3
2
1
1
4
3
1
2
1
2
2
2
3
3
2
3
3
0
1
2
2
2
4
3
4
4
2
2
3
2
2
2
3
1
1
-1
0
0
-1
-2
-1
-2
-3
-4
-3
-2
-3
-3
-2
-3
-4
-2
-5
-5
-6
-6
-4
-3
-6
-2
-3
-4
-3
-3
-4
-4
-2
-3
-1
0
-1
-1
-1
-2
0
-1
0
0
0
-1
1
-1
0
-2
-2
2
0
-1
1
2
0
2
1
2
0
1
2
1
1
1
1
2
2
1
3
3
1
3
4
2
3
2
3
2
2
3
2
1
2
1
2
3
2
2
3
2
2
1
1
3
1
3
3
0
2
0
0
0
1
1
-2
0
1
0
-2
-2
-2
-1
-1
0
2
-2
-1
-2
-3
-2
0
-1
1
0
2
1
3
1
-1
2
0
0
1
1
0
1
0
2
-1
-1
1
0
-1
-1
-1
-1
0
1
1
1
2
1
1
1
1
0
0
1
1
1
1
1
0
0
2
-1
1
0
-1
1
-2
1
-2
-1
0
-4
-1
-4
-4
-4
-4
-4
-3
-4
-4
-4
-5
-4
-4
-6
-6
-3
-5
-3
-2
-4
-2
-3
-4
-2
0
-1
-1
0
1
3
1
3
2
3
3
2
4
3
4
3
5
3
3
4
4
2
4
3
3
2
3
3
1
2
0
2
0
1
2
0
1
0
0
0
-2
1
-1
-2
1
-1
0
-1
-1
1
-1
-1
0
0
0
-1
-1
-2
1
-1
2
2
0
1
-1
-1
0
-2
1
0
0
3
-1
2
1
-1
1
1
1
1
1
1
-1
1
1
0
0
3
0
-1
0
1
-1
-1
0
0
0
0
1
-1
1
-2
0
0
-2
0
-3
1
1
-1
-1
0
-1
-1
-3
-1
-1
-1
0
-1
0
-2
2
-2
0
-1
0
0
-1
-1
-2
-1
1
1
1
1
-1
0
1
-1
1
1
-1
0
-2
0
-2
0
1
0
1
0
0
0
0
-2
-1
0
0
0
1
2
1
1
1
1
2
-1
-1
0
2
1
2
1
0
2
2
1
0
2
1
3
0
2
-2
-3
1
-1
0
-1
1
0
0
0
-2
-1
-1
-1
-1
0
-2
0
-3
-2
-1
-3
0
-1
-2
-2
-2
-5
-1
-3
-4
-2
-1
-1
0
-2
-1
-1
-3
-2
-1
1
-3
-1
1
2
-1
0
1
-2
-1
3
0
2
1
1
3
1
4
3
6
2
3
4
3
1
1
2
3
3
5
3
3
3
2
2
4
0
2
3
2
4
3
2
2
3
0
0
1
2
0
1
2
2
0
1
0
-1
-2
-1
-2
0
-2
-1
-1
0
-2
-3
-3
-3
-3
-3
-3
-3
-3
-5
-1
-4
-3
-1
-2
0
-1
0
0
-1
0
-2
2
1
-1
0
2
-1
0
0
-2
0
-1
0
0
1
1
1
-1
1
2
-3
2
-1
3
3
-2
3
2
1
2
0
0
0
-4
1
-2
-1
1
0
0
-2
1
-5
-4
-3
-3
-5
-2
-4
-3
-3
-3
-2
-4
-4
-3
-2
-5
-1
-2
-2
-3
1
-2
0
2
-1
-2
0
2
-1
2
2
0
1
0
2
1
-1
2
4
3
2
1
1
1
-1
2
1
4
2
7
4
1
3
3
4
2
3
4
4
3
6
3
2
2
2
5
3
0
6
3
0
1
0
0
1
3
1
1
0
-1
-1
3
-2
2
0
1
1
-1
1
0
1
1
-2
-2
1
-2
-1
-2
-2
-3
-3
-3
-2
-5
-2
0
-2
0
-2
1
2
-2
-1
-2
-2
1
-1
-2
-1
1
-1
-1
2
-1
-2
2
-3
-2
-1
-1
-3
0
1
1
-1
1
1
-5
1
-4
1
-3
-3
1
-2
-1
-1
-2
-1
-2
0
3
-3
-3
-1
0
-2
-1
0
1
0
-1
0
0
-1
3
-3
2
0
-1
2
-3
-2
-1
-2
0
-1
0
1
-2
-1
-1
0
2
-1
-1
3
0
-2
-3
1
2
-2
1
3
0
0
1
-2
0
-3
2
3
-1
0
0
0
1
0
-1
1
0
1
-1
-2
1
0
-2
0
0
-1
0
-1
1
0
3
3
3
3
2
1
1
4
3
2
3
0
4
1
4
1
3
5
4
4
1
3
2
-1
0
2
0
2
4
0
1
0
0
0
0
1
3
1
-3
3
-1
-2
1
-1
-1
-2
-1
-4
-1
0
-2
1
-1
-1
-1
0
1
-1
2
2
-1
2
1
-4
0
-3
-4
1
-2
-2
-4
1
-1
-1
0
0
-1
-2
1
-1
-2
1
3
2
2
0
-1
0
-2
0
1
0
3
0
3
-2
-5
-2
-1
2
0
1
-1
-1
0
-3
-4
-3
-2
0
-1
-2
-2
-2
-6
-2
-2
-5
-1
-2
-4
-4
-3
-3
-3
-4
-1
-4
-3
1
0
-4
-1
-1
-1
-2
0
1
0
2
0
-2
0
3
1
3
2
1
6
2
2
2
4
4
4
4
3
2
6
4
4
4
2
3
4
4
3
2
2
6
1
5
2
0
3
0
3
2
0
0
0
1
1
-1
2
0
-1
0
0
1
-3
-4
-1
0
0
-1
-1
-3
-2
0
0
-1
-3
-1
0
-1
-1
0
-2
-1
4
-1
-1
2
0
-3
2
-1
-1
0
1
3
2
4
0
4
1
-2
0
-2
1
0
-1
-2
-1
-1
-1
-2
-3
-1
-2
0
-2
0
0
-1
-1
0
-2
-1
2
-3
-3
-1
0
-6
-2
-1
-4
0
1
-3
-3
0
-5
-3
0
0
-1
2
0
-1
1
-3
0
-1
0
1
2
1
-1
0
-2
-1
-1
-1
2
0
-2
3
0
-3
0
0
2
2
1
1
-1
2
2
-1
0
2
1
0
1
3
1
0
4
2
3
3
1
5
5
4
3
4
4
1
2
2
1
-1
0
2
2
3
0
1
0
0
0
-2
-3
0
2
-1
-2
-3
0
0
2
0
-3
-1
-4
-1
-1
0
-2
-1
-1
-1
-2
-1
0
-2
0
-1
1
0
-1
-1
-1
0
1
0
3
1
0
1
0
0
0
1
2
3
3
2
2
2
1
1
2
1
-1
1
2
0
2
0
-1
1
0
-1
0
1
0
-1
-2
0
-1
-3
-2
-1
-3
-1
-2
-4
-4
-3
-2
-1
-2
-2
-3
-3
-2
0
0
-4
0
0
1
1
0
-2
-2
0
-2
0
0
0
-2
-1
-1
0
0
0
-2
-1
0
2
2
0
1
0
0
1
1
0
0
0
0
0
-2
0
-1
0
1
1
0
0
1
0
0
1
1
3
2
-1
2
-1
0
-1
-2
-1
-2
-3
-1
-2
-1
-2
0
-1
0
-2
-1
1
-1
0
-1
0
1
1
1
0
0
0
1
2
1
2
2
1
1
1
3
2
2
1
0
0
0
2
0
2
3
1
1
1
1
1
2
1
1
-1
0
0
-1
0
0
1
1
1
0
0
1
1
0
2
2
0
2
1
2
1
0
2
0
2
0
1
1
1
0
1
1
0
2
1
0
1
1
2
1
-1
-2
-1
-2
-1
-2
-1
0
1
1
2
0
-2
-1
-1
-1
-2
-2
-4
-4
-4
-3
-3
-3
-1
-3
-2
0
-3
-1
-1
-2
-3
-2
-1
-2
-2
-2
-3
-6
-5
-6
-6
-4
-1
-3
-4
-3
-3
-2
0
0
0
2
2
2
5
6
7
8
6
6
6
7
6
7
7
8
10
9
8
6
7
5
2
2
2
2
1
0
-1
-2
-3
-1
1
-1
2
3
1
1
1
-3
-5
-6
-7
-4
-4
-4
-4
-4
-3
-4
-5
-2
-1
-2
-1
-1
-4
-4
-7
-9
-7
-6
-5
-3
-2
-4
-6
-6
-6
-7
-8
-5
-7
-6
-1
-2
-1
1
2
3
2
3
3
2
3
5
3
2
3
3
3
6
4
5
6
6
6
4
6
6
7
7
6
6
7
10
8
3
4
3
1
1
0
3
2
-2
-4
-1
-2
-2
-1
-2
-1
-2
-2
-1
-3
-3
-5
-5
-7
-10
-12
-11
-10
-7
-9
-10
-4
-4
-5
-3
-1
-3
-3
-1
-1
2
5
4
4
2
2
0
0
0
0
0
2
3
1
7
7
10
11
6
8
10
7
5
6
5
4
8
12
11
11
11
6
7
3
4
0
-1
3
1
0
2
2
4
5
5
5
5
6
6
3
3
3
0
-4
-7
-5
-5
-9
-7
-7
-11
-12
-13
-13
-14
-11
-9
-12
-12
-12
-8
-7
-9
-10
-8
-20
-24
-26
-32
-34
-46
-60
-72
-78
-88
-87
-84
-68
-49
-22
10
34
59
80
98
110
121
126
123
117
109
100
84
69
50
28
5
-16
-34
-57
-76
-90
-100
-107
-103
-89
-64
-41
-15
17
50
81
110
126
141
139
138
128
109
91
65
43
14
-13
-41
-64
-79
-89
-92
-91
-84
-73
-59
-42
-24
-6
9
24
30
36
32
15
-2
-14
-29
-35
-34
-27
-24
-19
-10
-3
2
-6
-38
-118
-224
-321
-369
-357
-307
-251
-179
-91
16
117
180
205
210
213
218
221
228
240
248
256
274
309
340
338
285
191
68
-65
-229
-398
-563
-685
-758
-771
-701
-596
-423
-204
63
274
478
698
844
923
965
949
860
758
612
443
244
76
-122
-321
-459
-555
-621
-667
-642
-573
-474
-348
-217
-55
94
219
292
332
358
357
323
253
183
110
40
-30
-86
-155
-216
-283
-341
-389
-405
-397
-375
-309
-209
-74
39
147
253
343
385
380
348
272
202
115
-3
-276
-795
-1574
-2178
-2248
-1877
-1448
-1227
-895
-301
539
1119
1354
1365
1389
1422
1344
1190
1061
1021
922
797
734
864
935
783
420
-33
-409
-804
-1250
-1685
-2000
-2140
-2125
-1887
-1406
-759
-89
517
1008
1441
1749
1902
1928
1895
1740
1505
1251
1016
785
480
98
-346
-695
-972
-1172
-1343
-1389
-1304
-1106
-785
-397
56
490
794
953
1010
979
845
642
402
200
15
-103
-168
-169
-143
-137
-193
-289
-365
-458
-511
-564
-537
-407
-205
50
332
601
770
859
805
612
362
-6
-428
-854
-1201
-1396
-1443
-1341
-1129
-802
-514
-226
21
309
525
654
740
658
507
164
-111
-458
-670
-746
-736
-698
-644
-492
-365
-210
-94
-7
58
170
315
481
658
809
898
893
864
824
737
577
320
-7
-364
-644
-853
-958
-1007
-955
-849
-629
-315
41
349
539
747
892
1003
1129
1183
1133
983
792
607
452
309
69
-229
-544
-795
-956
-1011
-966
-833
-631
-346
-38
274
550
749
859
826
740
644
565
447
311
129
-67
-198
-272
-333
-413
-500
-589
-613
-582
-511
-426
-335
-232
-112
46
211
320
348
353
312
282
270
230
234
188
139
10
-411
-1257
-2205
-2610
-2271
-1558
-1106
-763
-281
585
1364
1655
1461
1110
930
762
573
401
345
350
366
409
637
919
944
654
195
-274
-686
-1080
-1382
-1545
-1532
-1402
-1084
-593
6
486
783
873
851
846
898
921
864
911
923
905
812
830
663
293
-160
-570
-907
-1130
-1218
-1282
-1114
-719
-231
137
442
684
822
828
729
547
266
-28
-264
-385
-378
-272
-169
-136
-84
-62
-91
-182
-260
-300
-334
-328
-217
-24
215
471
651
690
650
555
313
16
-304
-594
-839
-1046
-1103
-1056
-892
-659
-384
-115
142
421
619
663
487
-14
-721
-1303
-1370
-1027
-667
-489
-283
185
718
976
825
508
335
372
433
485
580
691
815
955
1170
1363
1315
841
133
-527
-1011
-1381
-1687
-1888
-1886
-1689
-1279
-670
8
585
901
1004
1034
1140
1273
1279
1189
1184
1242
1269
1195
974
557
-76
-756
-1328
-1681
-1758
-1720
-1615
-1316
-782
-151
419
793
964
955
846
731
627
485
288
95
-27
30
183
285
203
-8
-309
-580
-760
-838
-809
-719
-527
-226
166
621
962
1068
913
586
195
-178
-507
-818
-1037
-1150
-1071
-863
-535
-168
111
257
305
323
367
419
350
128
-409
-1159
-1710
-1596
-1002
-426
-193
-126
71
400
670
595
357
213
357
579
825
1071
1248
1296
1238
1131
925
590
30
-587
-1119
-1399
-1478
-1424
-1238
-984
-649
-282
93
427
610
627
596
580
696
898
1090
1165
1233
1257
1180
915
447
-139
-858
-1528
-1982
-2092
-1858
-1352
-776
-210
426
1017
1378
1445
1272
919
492
96
-165
-304
-334
-281
-162
-39
28
15
-144
-400
-683
-923
-1104
-1080
-830
-455
64
642
1202
1620
1822
1701
1284
676
19
-550
-1028
-1378
-1586
-1569
-1313
-922
-473
-70
260
421
452
445
427
459
457
334
-82
-762
-1339
-1393
-849
-169
199
193
164
251
331
163
-196
-420
-336
-55
311
796
1280
1650
1765
1605
1309
894
326
-446
-1154
-1637
-1894
-1911
-1695
-1263
-721
-168
265
606
809
823
696
608
598
646
783
1013
1245
1339
1327
1169
758
132
-579
-1351
-1936
-2141
-2057
-1711
-1127
-427
209
721
1081
1192
1110
872
519
119
-155
-278
-220
-90
65
174
193
136
8
-138
-357
-596
-783
-830
-709
-436
-50
386
769
1030
1096
990
729
380
-46
-404
-679
-889
-1002
-997
-798
-497
-193
21
193
339
449
476
488
485
391
163
-193
-511
-923
-1476
-1922
-1779
-1051
-250
232
464
737
999
1083
789
371
206
251
350
529
824
1088
1205
1149
936
657
217
-384
-1071
-1537
-1722
-1669
-1458
-1031
-391
231
717
1050
1230
1201
1033
763
586
353
106
-50
106
320
403
358
127
-269
-746
-1144
-1512
-1593
-1368
-1028
-599
-12
572
1040
1411
1527
1359
1001
590
166
-127
-261
-381
-533
-625
-578
-523
-499
-481
-504
-576
-590
-513
-332
-11
371
686
881
1039
1088
999
795
462
12
-426
-710
-831
-902
-911
-832
-712
-516
-284
-66
93
304
531
709
883
1056
1084
807
339
-329
-1140
-1931
-2263
-1918
-1249
-624
-194
231
693
1119
1118
786
507
510
660
868
1106
1258
1300
1206
1023
744
362
-244
-1021
-1636
-1905
-1846
-1650
-1331
-872
-370
130
501
747
837
810
674
555
501
510
513
638
713
635
518
188
-378
-989
-1461
-1779
-1798
-1494
-945
-332
275
731
1032
1258
1320
1061
650
260
-3
-53
10
72
4
-76
-204
-392
-545
-643
-751
-835
-776
-594
-290
128
531
794
928
967
898
775
633
441
177
-103
-279
-355
-389
-417
-507
-613
-623
-518
-407
-262
-54
190
394
530
664
743
740
538
224
-85
-377
-750
-1326
-1950
-2063
-1490
-641
-14
285
415
519
674
654
502
433
618
934
1245
1451
1537
1456
1149
585
-170
-870
-1359
-1638
-1691
-1498
-1100
-598
-54
402
627
578
309
-12
-229
-255
-131
77
323
588
802
900
882
647
154
-419
-908
-1234
-1282
-1114
-808
-458
-72
263
490
673
748
636
396
172
25
-25
50
150
171
64
-67
-161
-155
-131
-224
-354
-392
-274
-116
100
307
433
475
467
491
533
570
548
421
239
84
-34
-173
-349
-499
-591
-577
-486
-292
9
274
409
436
403
382
336
217
84
-20
-161
-370
-552
-811
-1190
-1537
-1436
-848
-158
250
347
390
545
572
285
-72
-1
522
1101
1447
1496
1393
1132
640
-35
-717
-1261
-1657
-1946
-1953
-1507
-840
-235
119
309
357
291
157
20
37
122
234
309
448
737
1009
948
591
225
-104
-466
-785
-1021
-1118
-1009
-737
-413
-24
335
541
575
610
666
661
631
573
532
490
472
324
81
-123
-312
-489
-597
-597
-529
-389
-245
-127
9
153
268
339
468
612
742
797
784
701
538
322
6
-274
-468
-525
-552
-544
-458
-342
-195
-92
-72
-99
-90
-43
14
108
273
399
371
212
-10
-334
-860
-1475
-1781
-1486
-776
-134
173
230
200
134
-79
-260
-77
470
1071
1488
1723
1819
1750
1398
780
16
-676
-1192
-1601
-1773
-1596
-1167
-792
-663
-666
-678
-587
-441
-312
-40
357
846
1192
1411
1511
1414
1079
645
273
-42
-253
-498
-777
-939
-849
-702
-596
-448
-344
-318
-222
16
321
641
895
972
941
882
755
533
279
93
-38
-111
-156
-170
-133
-165
-346
-567
-664
-599
-433
-228
35
314
568
773
905
912
784
552
252
21
-37
-50
-113
-244
-423
-581
-699
-757
-767
-686
-530
-317
-23
411
762
847
623
140
-515
-1256
-1804
-1719
-1015
-231
198
210
150
113
-48
-456
-776
-482
346
1215
1682
1723
1582
1316
868
252
-261
-549
-712
-881
-971
-799
-494
-404
-752
-1249
-1528
-1424
-1060
-538
69
716
1200
1444
1544
1554
1471
1152
737
454
356
320
165
-183
-630
-1033
-1300
-1364
-1096
-627
-147
202
525
905
1173
1199
930
555
258
177
243
333
437
467
354
111
-175
-409
-564
-699
-853
-920
-803
-473
-25
401
694
867
930
915
878
842
778
593
305
41
-178
-399
-637
-836
-925
-909
-811
-697
-591
-515
-420
-333
-234
-86
70
168
156
110
64
-190
-684
-1083
-1000
-563
-222
-218
-427
-495
-416
-391
-528
-360
375
1227
1652
1489
1119
916
847
598
158
-238
-444
-594
-803
-930
-884
-767
-820
-986
-1060
-877
-496
-149
150
539
977
1166
1025
807
834
989
982
873
803
666
373
-174
-791
-1102
-950
-591
-292
6
323
527
597
583
472
347
247
185
161
332
581
588
367
130
9
-78
-144
-192
-192
-79
-2
-118
-288
-303
-187
-49
95
301
487
654
669
516
261
-43
-354
-670
-828
-731
-458
-146
38
169
137
-54
-296
-560
-683
-643
-500
-455
-442
-486
-755
-1208
-1412
-975
-186
354
292
-96
-346
-342
-311
-350
-153
432
1080
1361
1177
809
597
575
551
422
303
307
193
-156
-600
-938
-1140
-1261
-1336
-1189
-744
-188
209
313
310
314
297
334
541
981
1435
1683
1680
1419
1032
511
-104
-582
-758
-670
-502
-329
-129
63
122
-37
-263
-321
-101
224
427
538
518
418
167
-141
-318
-363
-264
-95
127
402
634
630
340
-94
-441
-606
-483
-114
308
622
756
705
467
154
-207
-550
-765
-823
-716
-539
-394
-265
-172
-97
-26
-38
-44
-58
-102
-188
-338
-503
-665
-695
-738
-901
-1134
-1058
-511
51
182
-151
-521
-548
-314
-126
-15
301
947
1513
1656
1415
1047
778
576
437
340
382
326
-80
-708
-1234
-1467
-1489
-1346
-1090
-731
-331
11
132
170
217
338
536
709
960
1335
1708
1630
1321
967
544
80
-309
-586
-727
-633
-460
-363
-284
-163
-216
-323
-284
-52
307
660
808
671
463
242
4
-159
-156
-1
103
206
344
393
371
134
-254
-513
-529
-399
-200
130
480
623
589
419
200
-50
-325
-546
-688
-703
-655
-607
-568
-444
-259
-83
23
72
106
18
-202
-504
-622
-667
-814
-1019
-853
-254
229
60
-626
-1158
-1112
-669
-430
-343
31
757
1280
1274
980
857
972
1083
1089
1169
1413
1470
988
126
-612
-979
-1139
-1331
-1561
-1592
-1419
-1287
-1293
-1237
-925
-432
72
577
1103
1572
1931
2079
2056
1976
1842
1522
1062
676
407
128
-201
-583
-903
-1066
-1072
-1008
-893
-725
-617
-602
-538
-353
-67
189
359
437
460
485
514
526
496
419
319
207
85
0
-107
-225
-307
-286
-202
-69
56
95
122
131
91
-99
-373
-636
-798
-803
-752
-663
-581
-485
-373
-241
-94
2
-36
-187
-258
-233
-163
-70
-127
-317
-532
-373
-20
193
33
-361
-586
-535
-459
-563
-596
-212
504
1094
1334
1320
1244
1191
1104
967
924
986
975
692
228
-120
-307
-464
-717
-1053
-1286
-1370
-1365
-1335
-1170
-869
-470
-100
334
821
1238
1423
1471
1517
1545
1563
1431
1127
682
288
-33
-288
-455
-611
-775
-918
-917
-844
-775
-682
-592
-409
-184
61
216
255
251
200
142
113
134
119
66
-31
-135
-147
-14
169
248
219
146
174
247
316
328
265
211
123
2
-120
-267
-500
-735
-920
-978
-891
-743
-756
-819
-796
-492
-226
-261
-516
-561
-179
186
163
-233
-337
35
538
648
409
260
411
547
323
-75
-148
214
690
922
917
914
868
671
409
248
267
303
127
-168
-368
-445
-513
-734
-991
-1128
-1138
-1063
-859
-536
-163
68
155
260
534
942
1187
1282
1383
1571
1756
1720
1414
959
416
-58
-367
-460
-456
-552
-801
-1062
-1163
-1105
-1037
-961
-804
-586
-374
-212
-82
95
269
345
295
229
236
233
170
64
33
125
221
199
168
156
153
206
250
253
192
83
-18
-58
-100
-142
-341
-709
-1032
-1261
-1343
-1341
-1166
-848
-522
-278
-198
-171
-80
75
71
-124
-260
-73
494
1008
1091
767
407
243
318
395
314
227
238
291
271
218
185
246
386
529
548
459
327
187
128
131
133
51
-187
-425
-504
-443
-281
-179
-153
-144
-133
-160
-213
-158
-10
197
423
606
713
818
867
849
846
841
734
423
-32
-418
-545
-507
-432
-451
-540
-639
-751
-758
-638
-457
-274
-189
-150
-23
201
375
404
311
190
120
76
68
30
14
-61
-212
-309
-279
-140
-83
-116
-114
-41
49
72
39
86
128
-69
-381
-550
-651
-851
-1005
-711
-326
-404
-1012
-1477
-1174
-422
46
-106
-273
26
459
542
296
308
793
1432
1719
1461
1084
832
856
984
1175
1304
1129
657
71
-292
-407
-469
-610
-809
-852
-781
-791
-937
-1145
-1208
-977
-553
-98
78
-146
-366
-193
264
439
479
535
604
692
782
897
928
1052
1039
832
704
655
608
498
521
502
256
-101
-604
-972
-1181
-1218
-1234
-1303
-1303
-1326
-1285
-1124
-860
-587
-356
-66
166
312
383
376
453
585
785
871
793
715
697
726
652
503
315
129
-31
-67
-209
-363
-547
-621
-550
-412
-302
-459
-620
-814
-818
-758
-711
-646
-614
-506
-423
-274
-109
-60
-17
61
366
648
706
631
535
738
1009
1197
1142
970
926
962
1012
929
655
350
97
-55
-150
-340
-637
-939
-1016
-914
-746
-647
-706
-699
-537
-220
10
84
91
-4
-40
-23
50
121
149
266
340
441
420
183
53
104
269
362
398
503
654
739
645
406
154
-3
-118
-235
-369
-534
-692
-784
-751
-609
-571
-681
-774
-681
-412
-140
45
162
264
319
268
232
284
358
438
411
347
262
137
65
8
-136
-428
-601
-426
-230
-271
-483
-321
-39
-187
-693
-1045
-717
-179
-43
-405
-626
-279
94
44
-321
-406
-15
449
682
481
292
417
761
1107
1253
1218
1107
1002
939
895
833
762
587
339
96
-156
-412
-650
-715
-765
-817
-961
-1109
-1191
-1026
-608
-355
-355
-375
-268
-109
17
57
47
207
501
654
569
430
340
307
356
436
485
450
430
404
495
614
652
514
282
92
-103
-269
-348
-393
-403
-529
-719
-827
-823
-690
-598
-540
-535
-481
-301
-104
40
65
57
176
347
548
600
552
430
428
460
312
52
-202
-245
-68
52
-91
-369
-450
-357
-327
-495
-650
-558
-361
-228
-261
-367
-451
-438
-264
-34
114
122
76
225
441
576
444
310
362
479
616
667
564
452
466
566
558
435
280
230
284
255
74
-258
-395
-375
-350
-475
-623
-595
-409
-213
-223
-391
-459
-285
-28
42
-41
-182
-158
-35
45
46
-47
-99
-116
-104
-73
-19
47
168
310
386
395
374
409
490
476
332
144
87
167
232
194
4
-157
-151
-62
-9
-52
-129
-173
-200
-199
-152
-133
-97
-49
58
257
192
-122
-418
-528
-422
-416
-263
-198
-383
-558
-567
-224
-92
-324
-644
-614
-134
9
-346
-569
-177
654
992
682
188
85
559
939
977
716
571
675
762
702
394
173
286
453
383
34
-330
-416
-297
-193
-194
-330
-276
-259
-229
-282
-433
-432
-346
-142
-282
-454
-460
-301
-125
-133
-186
-205
-108
159
275
317
274
208
291
400
467
341
245
244
195
118
-27
-103
-68
13
36
-50
-130
-100
-67
-66
-95
-181
-214
-301
-339
-382
-335
-148
-20
20
-29
-74
1
14
-15
-138
-165
-19
107
219
185
174
138
194
189
89
-84
-224
-310
-351
-311
-285
-276
-294
-263
-193
-176
-301
-461
-513
-347
-158
-126
-207
-113
165
437
562
538
536
660
834
872
774
671
609
600
557
352
127
19
38
-38
-72
-73
-11
-71
-178
-165
-91
-66
-115
-138
-126
-135
-209
-300
-333
-240
-229
-306
-353
-351
-321
-293
-222
-86
13
69
89
153
254
272
310
338
323
256
128
-11
-113
-157
-127
-160
-165
-143
-126
-95
-9
82
58
-10
-29
-19
32
103
106
183
221
189
107
130
165
74
-101
-175
-163
-234
-389
-325
-87
-88
-326
-471
-138
20
-295
-760
-653
-11
258
-206
-629
-359
301
366
-186
-536
-285
225
237
-112
-275
98
688
853
594
397
525
911
1068
885
686
636
716
623
333
-27
-154
-151
-173
-310
-443
-478
-328
-167
-188
-333
-382
-236
-144
-227
-308
-276
-157
-48
-144
-268
-276
-193
-142
-177
-183
-196
-206
-146
-102
-120
-103
36
260
432
445
362
334
394
396
236
33
-76
-58
-42
-94
-191
-256
-221
-126
-92
-164
-217
-167
-70
-10
-28
8
74
155
213
170
141
205
259
196
-2
-156
-115
-80
-223
-407
-458
-353
-248
-399
-526
-501
-319
-90
-36
-25
-170
-197
4
260
391
236
47
91
253
334
165
89
280
481
440
281
303
552
671
555
398
331
432
443
350
177
52
3
-53
-190
-399
-507
-388
-288
-257
-355
-412
-311
-199
-142
-238
-274
-230
-169
-124
-114
-121
-98
-47
3
9
-39
-114
-150
-98
-46
-46
-89
-73
63
193
224
216
203
243
261
216
183
142
139
141
127
117
28
-43
-39
-21
7
-2
-4
-70
-124
-97
-33
-4
77
133
118
-15
-109
36
93
-13
-184
-77
-1
-297
-687
-744
-357
-124
-438
-846
-767
-224
-45
-326
-486
-157
394
527
255
32
275
705
812
570
382
489
674
663
431
301
444
632
558
259
-11
10
152
193
39
-123
-61
-1
-13
-215
-324
-273
-215
-291
-509
-533
-292
-79
-85
-203
-187
-110
-116
-224
-289
-187
-98
-115
-175
-158
-54
0
0
-32
-47
-50
-72
-33
-7
1
-16
-6
9
-11
-21
-12
41
54
43
38
70
111
144
153
139
136
140
98
102
72
18
21
53
65
-4
-111
-144
-123
41
107
8
-105
-82
30
62
-80
-173
-104
-48
-114
-281
-264
-153
-225
-329
-306
-140
-53
-166
-147
72
360
448
307
305
407
502
482
378
340
339
346
359
367
330
239
210
188
59
-110
-135
-47
21
-47
-169
-169
-64
-26
-113
-248
-301
-283
-279
-261
-240
-267
-304
-281
-263
-246
-251
-262
-237
-195
-165
-149
-115
-133
-123
-91
-59
-43
-70
-79
-31
35
109
113
139
180
215
217
218
181
122
126
141
188
220
305
420
459
407
304
223
153
109
29
21
4
-97
-163
-193
-156
-191
-222
-207
-292
-385
-402
-235
-121
-260
-430
-424
-180
-10
-210
-422
-306
25
163
-68
-337
-264
92
334
321
289
488
756
804
725
663
755
818
658
328
89
85
176
190
41
-149
-202
-181
-272
-358
-392
-328
-367
-356
-262
-180
-85
-35
-20
-20
-58
-115
-151
-120
-26
-14
-134
-211
-191
-189
-205
-252
-283
-249
-171
-111
-143
-136
-108
-91
-91
-127
-162
-155
-127
-88
-41
22
67
107
113
91
8
-55
7
65
49
97
229
379
454
453
462
433
317
201
109
156
181
44
-109
-235
-226
-215
-252
-306
-319
-284
-219
-224
-211
-194
-113
-5
69
46
-45
31
247
316
112
-125
-193
-74
46
-45
-205
-146
124
364
376
318
398
626
698
529
319
277
390
351
166
55
107
176
-29
-286
-276
-153
-117
-460
-643
-425
-127
-28
-153
-238
-115
5
-57
-243
-264
-55
9
-95
-230
-312
-232
-133
-168
-299
-338
-242
-98
-43
-50
-77
2
73
-19
-122
-104
47
164
163
199
286
371
346
216
166
211
207
156
102
119
191
186
138
143
212
298
284
187
135
84
68
0
-36
-29
-102
-366
-544
-453
-116
-138
-625
-886
-558
17
-21
-603
-811
-362
238
142
-360
-316
256
673
371
-161
-155
335
680
447
60
147
531
720
561
335
407
643
641
366
77
55
271
263
40
-237
-239
-102
-166
-350
-503
-437
-313
-341
-424
-406
-269
-141
-149
-209
-157
-73
-136
-198
-212
-110
-12
-29
-125
-198
-103
5
2
-27
-12
21
12
-38
-116
-151
-100
-113
-155
-140
-68
11
78
113
189
207
198
229
218
234
252
284
343
329
234
170
213
315
321
178
109
169
281
204
-2
-23
156
238
22
-249
-279
-110
-53
-248
-402
-340
-161
-108
-224
-274
-145
-23
-25
-152
-140
-5
88
55
-48
-39
19
89
46
21
89
137
154
139
130
137
123
103
103
107
125
133
147
141
107
54
-43
-81
-114
-211
-306
-322
-236
-184
-214
-214
-168
-113
-90
-96
-102
-120
-129
-152
-171
-161
-174
-192
-221
-245
-234
-166
-66
6
-15
-96
-167
-189
-162
-104
-74
-41
-45
0
86
191
283
305
336
330
306
297
293
301
326
369
367
286
237
233
294
294
237
69
-54
-54
2
122
158
113
-82
-279
-296
-213
-154
-309
-495
-456
-320
-268
-480
-651
-483
-96
79
-88
-257
-91
331
553
433
285
410
676
684
496
386
520
727
639
341
106
138
280
211
11
-160
-146
-52
-64
-209
-278
-182
-142
-249
-456
-520
-393
-279
-279
-488
-497
-324
-166
-178
-378
-323
-95
43
-31
-213
-174
38
119
-12
-210
-201
-54
32
-21
-45
34
92
44
-39
-71
-63
-30
-11
-11
-37
-70
-20
59
136
193
154
119
114
133
205
291
276
239
191
193
217
182
186
133
60
15
20
39
33
23
65
73
20
18
64
77
-3
-144
-196
-125
-68
-45
-101
-140
-259
-391
-361
-234
-36
-45
-139
-74
98
238
169
21
46
243
364
242
94
96
251
290
163
55
52
96
39
-38
-20
22
49
-6
-54
-72
-186
-228
-220
-168
-181
-287
-323
-266
-174
-143
-177
-182
-121
-96
-137
-173
-114
-14
12
-8
-52
-68
-13
11
-5
-13
1
10
28
65
56
14
3
43
104
130
147
171
204
248
242
209
217
245
243
244
247
275
324
312
305
313
292
209
156
111
43
-67
-98
-9
11
-76
-185
-140
-103
-241
-451
-511
-321
-165
-313
-570
-579
-329
-181
-339
-567
-545
-221
33
-34
-224
-162
205
536
533
334
320
477
632
588
423
389
472
461
301
145
112
130
104
9
-110
-180
-211
-239
-254
-222
-209
-276
-386
-372
-320
-322
-393
-453
-384
-306
-266
-220
-177
-127
-82
-103
-126
-109
-23
2
11
73
132
148
129
126
155
201
172
99
63
136
195
130
90
133
194
175
120
126
160
216
223
182
150
133
104
75
105
141
145
117
76
53
23
12
-35
-108
-123
-133
-107
-94
-72
-4
16
17
-18
-73
-66
-53
-82
-127
-104
-33
-22
-89
-171
-232
-230
-258
-289
-268
-195
-65
1
-10
-4
56
168
209
153
117
117
204
248
176
94
96
109
53
-65
-120
-66
-1
-28
-94
-111
-25
-7
-103
-138
-84
-4
-68
-127
-117
-109
-118
-160
-138
-78
-39
-40
-90
-94
-35
-53
-63
-27
5
41
63
102
155
174
169
180
186
174
163
109
101
143
169
179
179
179
147
147
164
199
232
233
210
174
169
208
250
240
181
131
108
140
79
-146
-366
-358
-74
144
-20
-482
-802
-628
-216
8
-228
-562
-632
-470
-302
-390
-476
-366
-92
34
-142
-334
-310
-66
134
247
305
304
281
219
250
434
655
710
531
298
180
206
304
363
318
166
-27
-173
-208
-182
-123
-111
-204
-313
-364
-343
-269
-226
-205
-188
-205
-222
-253
-215
-160
-89
-34
-37
-75
-103
-97
-40
29
96
110
43
-36
-55
4
93
153
150
170
166
166
162
141
167
155
80
34
48
120
199
275
298
238
160
136
159
182
142
90
147
184
171
73
7
46
71
3
-106
-131
-52
-3
-84
-128
-97
-38
-47
-145
-170
-137
-111
-87
-66
-18
-11
-63
-148
-189
-201
-189
-191
-203
-232
-282
-290
-284
-249
-164
-117
-85
-89
-104
-68
-19
46
78
74
59
27
-12
-30
-23
33
55
5
-75
-103
-87
-78
-73
-80
-42
-1
63
69
65
60
101
124
120
125
112
90
67
107
156
183
163
125
76
55
63
74
78
66
43
71
150
203
234
218
195
199
171
127
118
182
203
190
193
218
240
186
134
122
130
118
122
123
152
159
113
81
82
102
43
-64
-90
-23
5
-97
-206
-311
-383
-384
-349
-261
-245
-302
-424
-523
-538
-512
-448
-365
-272
-259
-353
-479
-553
-502
-354
-200
-104
-65
-69
-91
-109
-50
75
196
291
333
316
275
259
271
326
330
280
199
153
183
155
75
-46
-96
-98
-116
-132
-122
-91
-25
-12
-60
-57
-6
71
92
67
63
89
112
145
137
177
224
227
178
78
16
21
63
94
101
76
80
92
141
187
175
114
33
34
117
144
141
135
147
147
93
44
25
57
70
83
53
40
39
14
17
15
51
32
1
-46
-86
-104
-105
-85
-66
-82
-142
-205
-230
-183
-121
-113
-125
-149
-191
-181
-144
-63
-20
-56
-126
-203
-165
-96
-64
-81
-142
-166
-176
-157
-169
-166
-124
-128
-155
-208
-231
-187
-59
27
-3
-77
-108
-58
-16
9
7
27
42
1
-55
-32
62
159
197
175
137
149
195
220
242
277
256
153
84
72
165
277
265
163
70
28
19
34
34
18
15
12
-6
3
13
44
83
97
76
70
95
104
128
131
103
120
117
117
122
151
183
185
133
34
1
39
82
104
91
81
49
-8
-32
-31
-10
-34
-75
-121
-133
-108
-93
-132
-185
-208
-232
-274
-302
-287
-252
-246
-269
-282
-296
-355
-410
-434
-404
-364
-340
-278
-227
-228
-253
-228
-145
-90
-103
-96
-12
79
125
131
160
214
273
286
234
227
249
253
240
197
162
162
147
111
78
101
141
168
168
146
150
145
124
97
84
98
176
191
177
154
100
66
52
66
94
66
28
-2
-28
-15
18
20
2
8
-1
-20
-61
-33
47
96
56
-15
-27
-2
29
45
47
37
31
-15
-35
-8
19
-3
-42
-48
-35
-26
-51
-54
-50
-47
-89
-162
-178
-125
-37
-31
-106
-147
-149
-100
-54
-63
-115
-136
-137
-94
-82
-111
-96
-73
-50
-100
-166
-165
-112
-45
-55
-120
-171
-167
-138
-126
-134
-136
-123
-131
-153
-180
-137
-60
-14
10
34
51
36
29
49
123
219
222
197
173
196
275
305
319
302
226
178
160
155
189
183
147
127
96
64
49
67
89
74
37
-21
-51
-14
3
44
68
45
55
42
31
35
41
60
62
49
17
35
64
76
94
113
104
66
52
47
61
52
38
28
23
21
22
2
-13
-30
-61
-60
-84
-98
-85
-83
-105
-124
-140
-140
-110
-103
-125
-172
-171
-158
-165
-182
-214
-231
-226
-229
-243
-255
-223
-184
-174
-209
-276
-295
-262
-221
-207
-198
-162
-137
-126
-108
-71
0
63
121
131
110
126
178
245
287
286
257
266
290
315
313
294
279
246
220
189
178
180
169
139
69
53
67
98
115
83
45
27
19
15
-25
-43
-46
-35
-30
-10
-1
-45
-63
-55
-45
-47
-65
-74
-77
-102
-66
-36
-28
3
-35
-66
-58
-44
-33
-8
-2
-13
-39
-26
7
38
38
33
33
4
11
19
46
25
16
26
22
19
-6
-20
-18
9
8
-14
-23
-20
-22
-32
-52
-70
-92
-115
-116
-109
-102
-123
-185
-204
-202
-211
-250
-254
-205
-175
-173
-199
-181
-111
-46
-26
-32
-9
40
74
108
144
180
185
186
179
182
221
233
223
207
181
163
157
156
158
121
71
47
26
61
124
122
97
32
-12
29
46
55
28
17
-5
-42
-32
-12
-9
7
-23
-55
-39
-26
-9
-53
-42
-12
-2
-10
-45
-21
37
41
29
28
32
73
30
26
63
86
77
19
-24
-16
20
27
14
-11
-54
-85
-101
-92
-46
-22
-48
-96
-126
-110
-53
-29
-50
-91
-111
-118
-127
-135
-138
-125
-119
-143
-180
-206
-195
-177
-183
-197
-206
-165
-120
-101
-76
-60
-45
-18
-3
6
31
87
132
136
141
178
242
257
234
208
233
288
286
253
229
240
256
237
193
169
147
134
123
72
57
44
19
-11
-64
-105
-130
-87
-69
-65
-112
-139
-117
-86
-79
-108
-143
-157
-110
-126
-141
-132
-85
-46
-35
-65
-82
-67
-38
-35
-21
14
29
50
64
67
69
101
96
74
47
26
39
60
74
71
56
47
21
35
39
33
19
-28
-32
-33
-14
11
31
37
1
-18
-28
-14
-17
-17
-24
-44
-48
-86
-104
-104
-97
-107
-132
-128
-126
-89
-77
-59
-52
-67
-53
-68
-50
-38
-56
-18
8
25
33
1
-9
6
11
55
75
85
56
51
89
108
106
87
81
72
97
106
80
89
115
102
69
46
41
66
81
83
7
-21
-32
-35
-10
-33
-36
-28
-28
-52
-57
-36
-26
-31
-46
-75
-82
-41
-2
20
23
22
32
54
51
36
64
78
64
50
54
73
95
92
92
82
20
-3
8
-13
-22
-60
-87
-90
-86
-76
-74
-104
-103
-77
-82
-81
-87
-82
-82
-86
-87
-90
-81
-64
-75
-71
-79
-97
-106
-83
-51
-59
-60
-57
-30
-28
-18
-6
4
27
52
54
56
83
95
100
94
86
82
96
84
78
102
94
106
96
70
66
77
61
41
31
43
45
30
24
23
-8
-36
-32
-63
-56
-58
-65
-59
-66
-59
-70
-75
-62
-91
-95
-44
-30
-14
-35
-44
-38
1
14
-4
14
32
51
55
45
46
59
65
80
75
58
64
89
85
76
74
59
75
55
28
23
29
20
-12
9
-40
-29
-21
-2
12
-6
0
-7
-43
-35
-36
-33
17
34
-6
-93
-69
-57
-47
-38
-49
-52
-59
-54
-49
-44
-53
-54
-76
-87
-57
-25
-12
-29
-45
-39
-44
-40
-46
-45
-21
-6
-13
-23
-19
-27
-5
7
11
-19
-2
15
24
61
74
64
46
71
76
77
86
53
33
36
52
49
63
73
49
30
52
25
-2
-17
-39
23
28
3
-16
-33
-18
-21
-30
-36
-67
0
12
-5
-8
5
28
34
42
37
77
88
107
81
69
75
75
77
71
46
61
47
39
47
24
31
27
14
22
8
10
-16
-13
0
-26
-41
-64
-73
-55
-65
-92
-66
-76
-76
-105
-120
-112
-110
-87
-98
-133
-105
-86
-111
-77
-99
-91
-65
-50
-54
-71
-41
-9
-33
-47
-33
-23
1
4
6
7
8
10
26
15
11
15
30
26
12
36
60
47
24
-3
7
42
70
60
2
11
12
15
-17
-12
3
22
45
20
13
57
97
70
52
52
61
52
47
49
59
79
113
86
54
70
64
74
66
66
64
41
59
60
32
38
28
6
6
-10
-11
-20
-15
2
-17
-36
-55
-62
-45
-31
-39
-44
-33
-17
-5
-32
-26
-42
-43
-35
-52
-39
-27
-5
-2
-25
-12
-9
-25
-27
-62
-77
-107
-110
-101
-125
-114
-95
-65
-44
-71
-75
-88
-79
-58
-63
-71
-41
-48
-11
-5
-11
13
10
14
23
9
15
44
57
87
60
71
72
81
96
102
91
106
102
130
101
61
58
44
52
69
46
28
26
48
33
-20
14
-38
-19
-16
-28
-16
1
-14
-34
-79
-36
-35
-42
-20
-39
-8
-27
-39
-33
-27
-11
-8
-36
-5
1
38
23
15
35
15
34
2
-2
42
76
89
70
43
56
48
56
59
43
82
59
61
66
68
71
52
29
22
18
41
43
-5
-7
-13
-25
-61
-103
-101
-72
-62
-90
-100
-87
-73
-82
-72
-98
-109
-96
-75
-73
-76
-67
-68
-44
-77
-87
-95
-70
-51
-37
-50
-30
-22
-25
-36
-15
8
23
61
26
40
26
15
28
11
47
61
54
43
56
58
66
47
73
59
54
57
37
56
62
82
43
31
28
31
27
16
30
27
9
-12
-13
8
42
30
40
19
17
3
32
35
7
17
-2
35
3
15
-3
-1
-8
18
-11
7
-11
-29
-26
-56
-33
-25
-23
-45
-49
-69
-49
-67
-80
-85
-97
-104
-97
-113
-106
-111
-89
-108
-138
-118
-96
-74
-75
-77
-102
-85
-73
-63
-40
-17
-10
8
3
29
44
33
38
48
42
41
60
65
93
135
128
164
144
142
160
188
182
165
199
168
161
177
140
136
149
148
103
78
90
66
40
32
25
1
0
-26
-33
-29
-43
-16
-21
-54
-53
-81
-79
-69
-64
-73
-77
-64
-47
-58
-58
-79
-54
-48
-46
-51
-70
-44
-61
-44
-41
-25
-31
-31
-33
-22
-6
0
11
-33
-28
-24
-30
-14
-26
-20
-8
-5
-20
-39
-37
-1
15
-6
-29
-38
-47
-51
-26
-38
-41
-12
-42
-67
-61
-15
-37
-61
-52
-70
-58
-28
-52
-62
-21
1
-3
7
-21
-57
-58
-47
-43
-57
-34
-33
-14
-13
-7
4
23
26
46
55
53
67
87
121
88
71
72
105
107
132
133
102
116
108
75
73
89
103
73
84
122
71
53
38
18
41
42
55
52
10
13
-5
11
23
-3
0
7
-39
-9
1
-3
-8
-57
-60
-63
-59
-34
-55
-58
-29
-51
-45
-69
-64
-47
-80
-102
-86
-73
-59
-68
-69
-83
-85
-67
-76
-84
-87
-74
-41
-26
-45
-78
-62
-43
-66
-53
-74
-68
-58
-72
-69
-66
-55
-38
-31
-35
-51
3
11
0
13
22
45
52
61
67
75
85
73
54
103
144
124
131
132
131
173
169
179
160
137
149
113
145
156
157
127
147
127
97
92
86
58
58
47
32
24
31
9
-39
4
-25
-72
-62
-67
-66
-47
-59
-92
-74
-48
-60
-82
-83
-71
-78
-113
-97
-98
-88
-79
-99
-88
-98
-76
-88
-92
-68
-95
-85
-92
-66
-73
-108
-64
-83
-75
-40
-69
-77
-68
-71
-72
-52
-32
-44
-35
-16
-21
-15
12
1
11
35
30
17
24
12
34
46
33
54
28
57
63
14
23
27
41
49
39
31
15
21
33
13
20
33
44
62
55
43
58
80
94
62
64
86
57
95
90
70
78
80
65
62
73
64
38
55
44
51
45
51
40
31
24
-15
-1
-16
-19
-13
-3
-38
-62
-49
-45
-56
-59
-60
-50
-52
-61
-46
-56
-32
-30
-78
-81
-68
-70
-54
-52
-94
-73
-59
-79
-66
-60
-44
-38
-60
-88
-80
-67
-60
-52
-49
-54
-58
-37
-40
-30
10
28
6
32
22
-17
28
47
41
51
29
2
-9
13
15
16
20
28
-2
14
34
39
60
72
45
45
54
56
56
76
87
43
42
56
52
48
59
68
70
77
56
33
51
86
86
59
76
75
55
28
36
52
61
42
32
19
40
55
33
29
4
-39
-27
-23
-28
-21
-29
-52
-75
-63
-51
-40
-73
-89
-89
-77
-58
-59
-84
-62
-67
-78
-111
-96
-85
-87
-92
-91
-96
-88
-93
-86
-89
-97
-72
-67
-77
-84
-62
-42
-36
-28
-18
-41
-17
-20
-9
19
34
31
44
64
60
63
64
62
59
52
51
69
65
59
73
59
63
34
37
61
66
58
48
47
64
64
33
71
58
66
71
43
36
48
51
46
53
57
31
35
46
42
52
62
42
34
54
63
55
68
54
33
52
20
4
44
42
16
-14
4
-15
-18
0
-35
-48
-36
-29
-54
-71
-74
-105
-108
-117
-84
-88
-82
-93
-114
-109
-126
-118
-132
-135
-116
-115
-120
-93
-101
-119
-118
-92
-93
-87
-50
-59
-69
-38
-22
-30
-26
-27
-17
3
0
21
22
27
45
26
63
70
82
75
69
77
82
77
85
105
80
56
70
93
75
99
69
67
77
72
98
88
94
75
82
86
91
72
76
66
40
60
63
49
47
62
50
47
49
34
10
17
29
32
23
9
1
11
7
10
-9
-12
-16
-28
-55
-49
-58
-74
-75
-83
-51
-70
-58
-83
-113
-110
-96
-105
-113
-87
-71
-76
-60
-58
-112
-97
-87
-61
-64
-57
-49
-65
-46
-41
-52
-55
-47
-30
-38
-44
-43
-18
-1
-22
-19
-29
-12
-37
-14
-21
-35
5
-6
12
8
32
60
58
69
72
48
65
84
81
79
76
77
72
68
80
54
55
68
37
23
48
36
25
50
29
31
41
31
39
33
33
57
36
31
51
55
51
31
10
19
35
32
17
8
25
24
35
15
20
13
14
10
0
2
-5
20
11
-12
-13
-15
-29
-33
-21
-45
-34
-20
-22
-20
-7
-14
-28
-15
-15
-13
-30
-37
-31
-33
-43
-62
-50
-61
-66
-58
-77
-70
-78
-92
-81
-87
-93
-85
-77
-82
-94
-68
-47
-64
-43
-49
-40
-29
-6
-18
-8
11
10
22
17
47
57
58
59
43
49
83
93
83
71
73
65
56
48
51
46
42
40
35
54
38
18
22
5
27
5
18
24
31
31
12
1
20
9
-13
5
-7
-4
11
7
4
8
8
10
22
10
32
29
23
36
41
33
19
25
-10
-16
3
7
7
12
-9
-14
-6
-21
-31
-15
-23
-41
-43
-38
-62
-67
-50
-51
-65
-52
-48
-52
-40
-49
-42
-52
-60
-53
-54
-30
-12
-14
-4
4
-1
9
17
20
14
46
46
24
28
33
28
35
56
36
33
39
25
16
26
20
19
22
11
12
8
23
19
3
-21
-14
-8
6
-8
-25
-9
-19
-23
-21
-10
-16
0
-3
-19
-19
0
-9
10
15
16
9
-20
-6
4
-5
-6
6
-3
0
-14
-11
-35
-13
-3
4
8
16
20
17
7
10
13
15
21
28
48
44
30
32
15
14
35
-1
9
18
18
19
10
-2
-1
-33
-14
-8
-3
-10
-35
-23
-32
-40
-43
-44
-57
-62
-51
-49
-72
-56
-49
-72
-34
-47
-60
-38
-39
-55
-29
-21
-30
0
28
1
7
29
14
26
38
36
26
39
49
48
57
63
69
56
69
83
58
57
59
70
53
53
41
24
21
0
8
-10
-5
-31
-37
-29
-52
-31
-25
-30
-30
-11
-35
-32
-43
-4
-10
10
28
-9
11
-2
7
-5
-6
-5
1
-1
21
14
9
13
6
17
12
18
13
9
11
4
7
20
2
-9
9
4
-7
12
-10
-11
-20
-27
-26
-33
-13
-28
-40
-36
-41
-44
-35
-47
-38
-40
-19
13
-6
-1
17
8
-2
25
29
24
45
59
37
41
56
50
55
60
33
48
51
40
40
36
24
12
14
18
9
14
28
-15
-18
1
-10
-19
-6
-29
-34
-20
-20
-28
-31
-28
-42
-52
-31
-46
-47
-20
-58
-39
-31
-32
-28
-35
-36
-29
-32
-42
-45
-48
-31
-11
0
-18
-30
-26
-37
-49
-31
-22
-12
-12
-5
5
-4
-1
26
23
14
44
42
22
48
69
58
55
54
60
36
28
37
36
44
43
37
31
20
9
3
6
3
-1
-1
7
-1
-12
2
-10
-29
-5
2
-20
-11
-10
-2
3
8
0
-15
-16
1
-3
-8
8
-3
-14
-10
-7
-10
-8
0
-4
-15
7
36
21
21
29
23
10
-7
14
12
-1
8
10
6
8
-19
-25
-20
-42
-37
-41
-46
-42
-43
-35
-31
-39
-45
-37
-31
-31
-38
-12
-15
-10
-3
-9
-26
-20
3
7
21
37
30
10
35
34
35
20
29
28
24
46
39
31
38
51
36
18
35
43
33
49
54
34
31
28
21
31
50
46
43
27
30
26
11
0
-12
-8
-5
-12
-30
-26
-27
-32
-29
-30
-26
-39
-41
-33
-31
-26
-16
-12
3
-8
-9
-10
-23
-7
2
-2
12
14
-4
-2
-16
-16
-12
-21
-29
-24
-21
-29
-28
-32
-41
-49
-44
-56
-55
-33
-27
-20
-29
-36
-30
-40
-47
-17
-1
-10
-2
-13
-9
-14
-8
8
0
-10
-24
-13
-23
-20
-11
6
-14
-10
-18
-11
-10
-11
4
8
23
23
29
13
29
32
33
34
38
51
46
41
49
57
54
54
51
49
34
46
47
43
38
38
41
43
44
40
23
18
20
13
6
14
13
9
4
0
10
15
14
8
8
9
2
2
-2
1
12
4
8
10
-3
6
8
-3
2
1
-6
-9
-7
-17
-7
-4
-8
-6
-12
-19
-28
-24
-21
-14
-21
-22
-19
-25
-39
-38
-42
-49
-42
-53
-48
-50
-50
-53
-57
-54
-50
-53
-47
-33
-44
-32
-26
-29
-26
-19
-12
-1
-6
2
9
28
17
17
33
21
23
27
30
32
38
40
34
30
39
37
37
33
32
35
32
28
36
29
30
31
37
20
21
16
17
15
16
4
5
20
5
-8
-17
-13
-2
1
-12
2
-6
-20
-21
-21
-22
-15
-20
-23
-21
-22
-36
-27
-14
-23
-23
-21
-28
-20
-19
-25
-18
-21
-20
-25
-18
-20
-11
-6
-15
-17
-9
2
-11
1
2
5
2
0
0
0
1
2
-5
-11
-11
-11
-9
-11
-6
-5
3
9
5
14
4
15
13
7
14
15
15
12
10
11
22
14
9
17
21
19
14
11
19
24
25
34
31
38
40
40
36
38
41
34
38
40
39
33
48
34
33
30
32
24
24
24
14
20
25
19
22
24
10
15
-14
-10
-10
-23
-25
-28
-39
-42
-41
-42
-40
-40
-46
-48
-42
-53
-46
-33
-36
-40
-36
-33
-35
-29
-22
-14
-10
-17
-17
-22
-22
-18
-30
-28
-18
-14
-18
-17
-13
-15
-24
-21
-32
-28
-18
-22
-15
-14
-14
-18
-21
-28
-37
-29
-24
-21
-30
-27
-19
-25
-31
-28
-21
-20
-14
-12
-9
-14
-11
-7
-1
16
18
25
28
33
53
46
34
50
44
43
44
59
73
66
74
70
68
50
62
53
51
60
55
47
48
51
50
51
45
55
33
32
33
30
30
24
17
9
10
-1
0
-7
-4
-6
-16
-7
-14
-21
-13
-25
-29
-28
-32
-29
-32
-31
-28
-25
-26
-29
-25
-22
-22
-31
-31
-29
-26
-26
-33
-31
-17
-8
-15
-17
-22
-17
-24
-20
-9
-17
-8
-24
-12
-22
-21
-15
-17
-14
-19
-13
-15
-15
-11
-8
-6
2
5
13
4
16
14
6
7
11
13
1
-3
-3
2
4
8
14
11
12
12
8
4
7
0
1
-2
-3
10
6
13
12
13
14
7
13
10
13
20
16
16
21
12
23
25
18
23
18
19
8
6
6
-2
-5
-7
-16
-20
-28
-27
-30
-32
-32
-38
-40
-49
-46
-38
-39
-39
-41
-38
-34
-41
-39
-33
-33
-32
-31
-35
-36
-29
-34
-23
-10
-5
-3
4
9
5
6
15
15
19
28
29
40
34
42
41
51
52
49
49
46
48
36
43
45
37
32
28
27
26
27
21
20
23
21
15
16
13
14
5
-1
2
-1
2
9
17
9
5
9
2
4
1
-3
-5
-1
7
-1
7
13
10
9
6
2
0
-2
-4
-5
3
2
-1
0
-3
-1
4
6
2
3
2
-6
-3
-3
-2
-3
-6
-6
-13
-10
-5
-14
-11
-18
-23
-24
-32
-22
-24
-31
-29
-27
-25
-19
-20
-21
-16
-26
-31
-23
-24
-28
-19
-23
-19
-27
-25
-18
-16
-11
-21
-13
-4
-6
-3
-2
-5
-9
-6
-12
-21
-11
-9
-13
-17
-10
2
1
-1
5
-1
4
6
13
19
20
23
25
34
38
36
34
28
27
25
21
22
15
21
25
15
24
22
19
22
17
12
14
20
17
21
15
10
15
8
3
-1
1
-4
-4
-2
-7
-2
-3
-13
-5
-14
-19
-9
-20
-12
-13
-19
-21
-19
-21
-14
-20
-26
-26
-28
-20
-26
-27
-24
-21
-26
-24
-25
-27
-20
-22
-23
-20
-17
-12
-7
-4
-2
1
0
8
5
-1
3
10
14
13
17
18
22
30
26
20
23
32
31
26
30
33
27
24
25
29
24
24
23
26
32
33
34
30
34
30
24
29
28
28
24
27
17
16
17
10
7
5
6
1
6
5
0
-2
-1
0
-4
-10
-15
-15
-16
-18
-20
-22
-24
-28
-27
-28
-29
-28
-33
-30
-30
-36
-30
-36
-40
-33
-33
-34
-27
-31
-27
-16
-23
-21
-19
-13
-23
-21
-20
-20
-18
-22
-15
-17
-27
-18
-22
-15
-18
-15
-6
-11
5
-2
1
-2
-7
-4
-1
-1
-3
4
3
5
6
7
9
19
20
16
18
20
26
24
27
28
27
29
25
22
23
25
28
25
26
27
28
16
14
21
21
20
18
13
18
17
10
8
10
10
5
7
5
3
1
-4
2
-3
-7
-2
-9
-6
-7
-3
-2
-1
2
-9
-5
-2
-2
-1
-2
-1
0
-1
2
1
7
7
3
3
0
7
6
6
8
8
6
6
4
3
5
1
-2
-1
-8
-4
-10
-12
-13
-17
-16
-18
-17
-16
-14
-17
-17
-19
-15
-13
-17
-15
-18
-15
-13
-14
-16
-16
-14
-16
-11
-11
-10
-9
-9
-14
-9
-9
-10
-6
-4
-2
-6
-4
-4
-6
-4
-1
-5
-6
-5
-3
-5
-3
3
2
2
0
4
6
12
7
9
12
4
13
18
16
19
18
19
18
11
15
11
12
17
9
11
13
11
12
9
10
12
14
10
8
9
11
10
7
11
6
6
8
3
-1
0
-6
-4
-3
-6
3
-8
-8
0
0
-3
-7
-2
-7
-6
-11
-13
-12
-11
-10
-11
-12
-10
-8
-14
-7
-3
-10
-7
-6
-3
-9
-11
-6
-5
-6
-1
-3
-5
-1
-2
3
3
7
9
8
3
8
10
9
6
13
10
5
5
6
11
6
9
11
6
7
12
6
11
10
5
4
5
2
2
3
0
-5
-8
-10
-15
-10
-14
-13
-11
-8
-5
-6
-2
-3
2
4
-2
3
5
4
3
12
12
8
10
9
10
9
14
13
11
12
7
8
5
5
5
6
5
1
-4
-2
-5
-8
-7
-3
-5
-9
-6
-11
-14
-16
-21
-20
-15
-15
-12
-5
-9
-16
-14
-10
-19
-15
-11
-11
-9
-7
-2
-4
-2
1
-6
-2
2
-1
3
4
10
6
7
14
8
10
11
8
5
10
9
5
3
3
1
-1
-2
2
-6
-5
-4
-6
-3
-3
-6
-6
-2
-4
-7
-5
-3
-10
-5
-4
-3
-4
-5
-5
-7
-9
-7
-5
-6
-4
-5
-5
-2
2
-1
-3
1
1
3
1
1
5
3
2
4
5
8
7
7
9
5
3
5
5
4
1
8
10
8
10
12
10
8
10
12
12
13
13
13
15
14
12
15
11
11
8
7
3
3
2
1
3
4
4
-1
-1
-1
-2
-1
-2
-2
-2
-5
-5
-2
-7
-6
-4
-6
-5
-2
-5
-7
-4
-4
-6
-8
-5
-7
-6
-8
-7
-4
-8
-6
-6
2
0
4
3
-2
3
1
-1
2
2
4
3
2
2
2
-3
0
1
-2
3
-1
0
-3
-6
-4
-5
-3
-2
-7
-9
-9
-7
-9
-13
-11
-8
-7
-4
-1
-3
-3
-4
-5
-3
-5
-5
-3
-4
-2
-4
-2
-1
-6
-2
-7
-6
-6
-1
1
-2
2
1
1
3
3
3
0
4
5
1
3
5
1
1
3
5
8
7
4
4
8
5
6
5
4
5
5
6
4
5
8
9
4
5
6
5
5
2
7
8
5
0
5
7
2
4
3
3
0
3
1
-1
3
4
1
1
2
1
1
-2
1
-4
-2
-4
-10
-3
-8
-6
-1
-4
-5
-6
-9
-9
-9
-10
-8
-8
-7
-8
-10
-10
-8
-8
-9
-10
-10
-8
-10
-8
-5
-6
-3
-6
-6
-1
-3
-2
4
0
0
5
8
9
11
10
6
7
8
11
9
12
16
12
12
10
8
7
6
11
7
7
8
5
7
6
5
5
3
5
3
2
4
1
5
3
4
5
3
5
4
4
3
4
0
0
-3
-3
-1
-3
1
1
-1
2
-4
-5
-3
-7
-4
-5
-4
-3
-4
-6
-10
-7
-12
-11
-9
-12
-8
-8
-8
-9
-10
-7
-4
-6
-5
-8
-6
-10
-8
-4
-2
0
-1
2
1
0
-1
0
-1
1
-3
-1
-1
-5
-4
-7
-3
-5
-3
-4
-3
-4
-2
0
-1
-2
-1
-1
-1
3
4
3
4
6
6
4
8
9
11
11
7
8
7
9
10
10
6
8
6
7
3
3
4
3
2
0
4
1
-2
-1
0
-4
-2
-4
-2
-1
-4
-3
-4
-4
-3
-5
-5
0
-2
-2
1
-1
-1
-2
-1
2
2
3
3
5
4
7
9
7
4
6
5
5
3
4
3
4
4
4
3
1
3
4
4
3
3
2
0
-4
-3
-5
-5
-2
-2
-1
-4
-4
-3
-3
-5
-8
-4
-2
-5
-4
1
-2
-2
-2
-1
-3
-1
0
0
1
3
4
0
2
3
1
3
5
5
0
1
2
2
3
1
0
-3
-5
-4
-5
-5
-5
-4
-5
-6
-1
-5
-4
-7
-6
-3
-8
-7
-8
-7
-7
-7
-3
-5
-6
-4
-5
-5
-4
-2
-1
-1
0
2
1
-2
-1
-1
-2
-1
1
0
-2
2
-2
0
0
-3
1
1
0
3
-1
-1
-1
-3
-2
1
1
0
0
0
-1
-3
-2
-4
0
1
-1
3
5
1
1
-1
2
5
5
7
8
7
6
6
10
8
6
12
9
10
10
10
9
10
9
10
10
8
12
12
8
9
10
11
8
10
10
9
7
3
6
4
0
6
5
4
1
0
-1
-5
-2
-4
-8
-8
-8
-7
-11
-10
-9
-10
-11
-7
-9
-11
-9
-8
-7
-9
-8
-7
-6
-7
-8
-7
-6
-6
-7
-4
-6
-5
-8
-4
-4
-9
-7
-8
-8
-7
-7
-7
-4
-6
-4
-2
-4
-3
-3
-3
1
1
-1
5
2
3
6
5
2
4
5
4
5
7
9
6
7
6
6
5
7
7
9
10
11
11
10
10
11
11
9
11
7
8
7
5
6
8
4
0
2
0
0
2
1
1
1
-1
0
-3
-3
-1
-2
-3
-4
-4
-5
-7
-8
-8
-11
-11
-15
-14
-12
-15
-9
-10
-13
-10
-11
-13
-13
-10
-9
-11
-8
-9
-8
-8
-7
-4
-5
-5
-4
-2
-1
-2
0
1
1
4
3
3
2
1
6
6
5
8
8
8
10
8
8
9
10
7
8
8
6
8
7
7
8
5
7
7
4
5
6
5
4
5
3
3
4
3
5
3
6
7
4
8
5
6
7
6
6
7
4
5
4
5
4
2
3
-1
-1
-1
2
0
0
1
-1
-2
-2
-2
-4
-4
-3
-4
-5
-7
-7
-8
-9
-7
-10
-10
-9
-7
-8
-12
-8
-9
-10
-9
-8
-6
-7
-7
-5
-6
-6
-5
-5
-2
-3
-2
-1
-1
-3
-2
-3
-2
-3
-4
-2
-2
-3
-3
-1
-2
-4
0
-2
-2
-1
1
-2
-2
0
0
2
2
3
5
4
2
5
5
4
4
5
3
4
4
4
4
4
5
4
4
5
6
5
7
5
8
8
5
6
3
4
4
6
7
8
6
6
4
5
7
5
4
7
5
5
6
6
4
4
4
4
2
1
1
1
1
-3
2
0
-3
-2
-3
-5
-5
-4
-8
-7
-7
-10
-11
-9
-9
-12
-12
-10
-13
-11
-9
-10
-8
-7
-8
-8
-7
-8
-5
-7
-5
-2
-2
-4
-1
1
0
0
2
2
2
4
3
6
5
5
3
5
4
2
5
5
5
5
7
5
5
9
7
4
5
5
6
8
8
10
10
6
9
9
6
8
7
6
5
5
6
5
3
1
1
-1
-1
-2
-3
-2
-4
-2
-3
-5
-4
-7
-8
-9
-7
-7
-8
-7
-5
-4
-6
-6
-7
-9
-9
-8
-8
-9
-7
-8
-8
-9
-9
-8
-8
-9
-7
-7
-6
-7
-5
-4
-5
-4
-3
-2
-2
-3
-4
-3
-4
-3
-1
0
0
0
1
-1
-1
-1
-3
2
-1
-1
-1
0
0
-1
1
0
1
1
3
1
4
5
4
7
9
7
7
9
10
10
10
10
12
12
12
10
12
12
12
11
11
11
9
7
9
10
8
7
7
7
7
5
6
5
2
3
1
3
3
3
3
1
4
2
0
-1
0
0
-2
-2
0
-2
-2
-3
-3
-5
-5
-6
-6
-6
-7
-8
-9
-9
-10
-7
-9
-8
-8
-11
-7
-10
-9
-10
-7
-8
-7
-6
-7
-7
-6
-5
-7
-6
-6
-4
-6
-5
