-1
0
-1
-2
-2
-1
-1
1
-1
0
0
0
0
1
1
1
2
1
2
3
3
4
4
4
3
5
4
5
4
3
3
3
3
3
4
4
3
2
2
3
2
3
4
3
3
4
3
3
3
3
3
2
2
2
1
0
1
0
0
0
0
0
-1
-1
-1
-1
-1
0
0
-1
0
-1
-2
-1
-1
-2
-2
0
-1
-1
0
-1
-1
-1
0
0
-1
0
1
1
1
0
0
1
1
0
0
1
2
2
1
1
1
2
2
1
1
2
1
1
0
2
0
0
-1
0
-1
-1
-1
-2
-1
-2
-3
-1
-2
-4
-4
-3
-3
-3
-2
-3
-3
-2
-2
-2
-1
-2
-2
-3
-1
-3
-3
-3
-4
-4
-4
-4
-3
-3
-2
-2
-2
-2
-1
-1
-1
-1
-2
-1
-1
-1
-1
-1
0
0
0
0
1
0
0
1
1
1
2
1
2
2
2
2
2
1
0
0
2
2
2
2
2
2
3
2
3
1
2
2
1
1
1
1
2
1
1
2
1
1
2
2
3
1
0
1
1
2
2
1
1
1
0
1
2
1
0
-1
0
1
0
1
1
1
1
1
1
0
0
0
0
0
1
1
1
0
0
1
1
-1
0
0
-1
0
0
0
1
0
1
1
1
1
1
1
0
1
1
0
0
0
-1
0
0
-1
0
0
0
1
0
0
0
0
-1
1
0
0
1
-1
0
0
-2
-2
-1
-2
-2
-2
-2
-2
-2
-2
-2
-1
-2
-3
-4
-2
-3
-3
-3
-3
-2
-2
-1
-1
-2
-1
0
-2
-1
-1
-1
-1
-2
0
1
-1
0
-1
0
1
1
1
-1
1
0
-1
0
0
0
0
0
1
0
0
1
1
-1
-1
0
0
0
0
0
0
0
-1
0
0
-1
-1
0
0
-1
-1
-1
0
0
0
1
0
0
2
0
2
0
1
0
0
0
1
0
0
1
1
0
1
2
1
1
2
1
1
0
1
2
2
1
1
1
1
2
2
1
0
1
1
0
1
1
0
0
1
0
1
1
1
2
2
2
2
2
2
2
1
1
1
2
2
1
2
2
2
2
1
1
2
1
1
2
1
1
0
1
2
2
2
1
0
1
1
2
1
1
0
1
0
0
1
-1
-1
-1
-2
0
-2
-2
-2
-2
-2
-2
-2
-3
-1
-3
-3
-3
-3
-3
-4
-4
-3
-3
-2
-1
-1
-2
-1
-2
-3
-2
-3
-1
-2
-1
-2
-1
-2
-2
-2
-2
0
-2
0
0
0
-1
-1
-1
-1
0
-1
-1
-1
-1
-1
-2
-2
-1
-1
-1
-1
-2
-2
-2
-1
-2
0
-2
-2
0
-1
-1
-1
0
1
1
1
1
0
2
2
0
1
1
1
0
1
1
2
1
1
2
2
1
2
2
2
2
2
3
3
2
3
2
3
3
3
2
4
3
4
3
3
4
4
4
3
2
3
3
4
3
2
2
1
2
1
1
1
1
1
1
1
0
0
0
0
-1
0
-1
-1
0
-1
-2
-1
-1
-1
-2
-2
-1
-1
-1
-2
-2
-1
-1
-3
-2
-2
-3
-2
-2
-2
-2
-1
-1
0
-1
-1
-1
-1
0
0
-1
1
0
0
-1
0
-1
-2
-1
-1
-1
-1
0
-1
-2
0
-1
-1
0
0
-1
0
-1
1
0
1
1
0
1
0
0
1
1
1
0
1
1
1
0
-1
-1
-2
-1
-1
-2
-1
-1
-1
0
1
-2
-2
-1
-1
-2
-1
0
0
0
0
0
-1
0
0
0
0
0
0
0
0
0
1
0
-1
0
-1
-1
0
1
2
0
1
0
2
1
1
2
2
2
0
2
0
1
1
1
2
2
1
1
2
2
2
2
0
1
2
1
0
2
1
1
1
2
1
1
2
1
1
1
0
2
2
1
1
2
0
1
1
1
-1
0
0
0
1
0
-1
-1
-1
-2
-1
-1
0
-1
-1
-1
-1
0
-1
-1
-2
-1
-2
-1
-1
-2
-3
-2
-3
-3
-3
-3
-2
-2
-2
-2
-1
-1
0
-1
0
1
0
0
2
0
0
0
0
-1
0
0
1
1
0
0
1
1
1
2
2
2
2
2
2
2
2
3
1
2
3
3
2
2
3
2
3
3
3
2
2
2
1
2
2
1
0
1
0
-1
-1
-1
-1
-2
-2
-2
-2
-4
-3
-3
-2
-3
-2
-2
-3
-3
-1
-3
-3
-4
-4
-4
-3
-2
-3
-3
-4
-3
-2
-4
-3
-3
-3
-3
-3
-2
-2
-2
-2
-3
-3
-1
-2
-2
0
0
-1
-1
0
1
-1
0
0
0
0
0
0
1
1
0
1
2
2
2
2
3
1
1
2
2
2
4
3
2
2
2
2
3
3
3
2
3
4
5
3
4
4
3
4
5
3
4
5
4
5
6
4
4
5
5
4
4
4
5
5
4
4
4
3
4
2
2
3
1
1
0
-1
-1
-1
-1
-2
-2
-1
-3
-3
-3
-4
-5
-5
-5
-4
-6
-4
-6
-6
-7
-6
-5
-6
-7
-7
-7
-7
-8
-6
-7
-7
-7
-6
-6
-7
-6
-6
-5
-6
-6
-7
-6
-6
-6
-6
-7
-5
-4
-5
-4
-5
-4
-3
-2
-1
-1
0
0
2
2
3
2
4
4
5
6
6
7
8
9
10
10
12
13
12
12
13
12
12
13
12
11
12
12
11
11
12
11
11
10
10
9
8
6
6
5
5
3
3
2
2
1
0
-3
-3
-5
-8
-8
-9
-8
-10
-9
-10
-10
-10
-11
-11
-12
-13
-13
-13
-12
-13
-13
-13
-13
-13
-13
-13
-13
-14
-12
-11
-11
-11
-10
-10
-10
-9
-10
-9
-9
-8
-8
-6
-5
-5
-4
-3
-2
0
0
2
2
4
7
8
9
10
12
13
13
16
17
18
19
20
21
23
23
25
25
25
25
25
26
25
25
24
23
21
19
19
16
15
14
13
12
12
9
6
3
0
-3
-5
-8
-10
-10
-14
-14
-16
-19
-17
-20
-21
-23
-22
-22
-22
-22
-22
-22
-23
-22
-23
-24
-23
-21
-19
-19
-18
-17
-15
-12
-12
-12
-11
-8
-6
-8
-7
-5
-3
-2
-3
-3
-3
-2
-3
-3
-3
-3
-3
-5
-5
-6
-7
-9
-11
-12
-13
-14
-15
-15
-15
-13
-10
-7
-4
0
4
10
13
21
25
28
33
38
41
43
45
48
51
53
54
58
60
62
61
62
61
59
56
52
47
40
35
28
22
15
8
0
-5
-12
-19
-25
-28
-31
-36
-41
-44
-48
-51
-55
-59
-59
-61
-62
-62
-60
-58
-55
-51
-47
-42
-38
-32
-26
-20
-17
-12
-9
-7
-7
-5
-5
-5
-3
-2
-1
-1
1
1
1
1
2
3
3
5
4
3
1
-5
-9
-17
-23
-30
-38
-42
-43
-45
-45
-39
-35
-26
-20
-9
1
9
20
31
41
52
57
62
63
68
73
77
81
85
90
93
97
100
102
104
104
103
102
97
90
82
69
56
43
29
16
3
-9
-20
-30
-36
-43
-48
-56
-61
-67
-68
-74
-79
-80
-83
-83
-85
-84
-80
-78
-74
-67
-56
-48
-36
-26
-14
-2
8
17
19
23
23
21
19
12
8
2
-6
-15
-23
-28
-33
-36
-37
-41
-43
-46
-45
-47
-50
-51
-53
-54
-57
-58
-58
-53
-50
-44
-37
-28
-18
-10
-1
3
5
2
1
-2
-3
-3
-7
-11
-12
-7
-1
7
14
20
26
36
46
60
68
71
73
73
74
78
79
77
78
75
78
82
92
99
104
112
118
126
131
133
129
126
117
107
93
80
63
45
29
13
1
-14
-26
-38
-49
-59
-68
-77
-87
-95
-103
-111
-117
-125
-134
-138
-140
-138
-133
-126
-117
-108
-92
-76
-58
-42
-26
-13
3
16
27
37
40
43
45
44
41
37
33
27
22
16
13
8
-1
-8
-16
-24
-31
-40
-49
-57
-65
-72
-74
-77
-77
-75
-65
-54
-43
-31
-15
-3
7
20
26
28
23
18
14
13
8
0
-6
-5
-1
3
10
14
23
29
36
45
57
65
61
58
52
46
44
40
33
28
23
20
26
30
32
39
45
55
63
70
80
86
89
86
79
76
71
59
45
32
22
13
4
-6
-13
-19
-24
-31
-39
-47
-57
-66
-79
-89
-101
-109
-116
-122
-122
-121
-117
-111
-97
-83
-67
-49
-29
-10
5
18
30
44
51
54
54
54
53
52
48
46
39
34
31
27
24
24
20
16
14
13
10
7
3
-1
-2
-7
-6
-8
-9
-5
-5
2
7
8
12
15
15
2
-12
-24
-35
-46
-64
-86
-101
-113
-118
-120
-121
-119
-114
-107
-94
-74
-53
-36
-26
-17
-7
6
21
32
41
50
61
76
88
107
123
135
150
165
180
195
207
211
215
212
203
191
176
158
133
111
89
64
38
10
-13
-37
-55
-77
-96
-113
-126
-138
-153
-163
-175
-185
-191
-192
-189
-185
-177
-163
-148
-126
-102
-74
-47
-18
12
41
71
96
116
128
138
140
139
131
122
110
96
85
71
55
41
24
8
-7
-25
-39
-55
-70
-86
-106
-115
-126
-136
-138
-143
-142
-135
-127
-113
-100
-87
-68
-49
-34
-28
-27
-29
-27
-25
-29
-34
-44
-48
-45
-37
-34
-29
-28
-25
-16
-4
10
20
27
21
17
19
18
16
15
12
16
24
39
55
72
91
106
129
151
176
196
212
224
233
234
227
222
208
185
161
135
112
87
62
35
13
-8
-34
-53
-69
-88
-102
-117
-130
-141
-157
-165
-165
-164
-162
-153
-140
-123
-104
-80
-54
-20
12
42
69
96
122
143
156
162
169
170
165
157
147
137
117
104
84
63
46
24
5
-12
-26
-44
-63
-87
-108
-126
-149
-160
-171
-182
-190
-191
-187
-182
-168
-152
-137
-118
-101
-90
-83
-80
-77
-73
-75
-82
-94
-109
-115
-120
-127
-134
-144
-148
-146
-138
-120
-106
-94
-87
-79
-65
-52
-35
-25
-10
2
22
46
75
104
134
157
186
220
248
280
302
322
333
332
328
323
308
285
251
222
188
154
119
83
47
11
-20
-50
-71
-96
-116
-131
-147
-161
-169
-170
-175
-168
-160
-157
-143
-122
-94
-68
-38
-3
32
69
102
138
168
196
213
229
241
249
247
239
228
211
189
171
150
126
103
72
52
27
-1
-29
-58
-91
-120
-155
-186
-211
-240
-265
-291
-307
-310
-311
-304
-291
-274
-250
-230
-202
-177
-158
-137
-124
-116
-110
-108
-112
-124
-135
-149
-158
-166
-173
-173
-179
-171
-157
-141
-122
-101
-84
-65
-48
-23
3
26
50
72
104
136
163
204
241
272
306
340
366
388
413
420
416
406
391
381
360
335
297
260
228
196
158
115
75
37
2
-26
-45
-61
-80
-96
-101
-111
-119
-122
-126
-126
-120
-114
-103
-84
-58
-32
-2
32
61
84
110
130
149
167
176
177
177
170
157
143
118
97
70
42
22
-4
-27
-56
-87
-124
-155
-188
-223
-255
-290
-321
-348
-372
-391
-404
-400
-397
-389
-363
-345
-321
-286
-259
-224
-186
-161
-133
-112
-109
-111
-110
-112
-119
-126
-148
-167
-177
-172
-180
-182
-181
-169
-145
-127
-97
-63
-38
-14
25
64
96
135
167
194
222
248
284
318
342
371
395
422
451
470
480
479
482
480
477
463
444
418
392
368
336
304
272
237
203
164
137
110
79
57
29
2
-23
-45
-69
-100
-116
-124
-127
-134
-138
-138
-134
-125
-116
-100
-92
-85
-71
-58
-40
-27
-14
-6
-9
-9
-11
-5
-8
-20
-36
-53
-67
-93
-117
-137
-158
-176
-203
-224
-251
-279
-301
-326
-344
-360
-373
-372
-370
-361
-354
-340
-325
-304
-275
-248
-216
-184
-158
-131
-108
-84
-64
-53
-46
-49
-46
-48
-52
-60
-70
-67
-63
-57
-45
-33
-18
8
41
72
109
142
176
209
231
255
284
299
318
327
331
332
336
341
338
335
339
344
341
337
331
317
306
295
282
271
261
245
229
209
185
170
151
126
99
77
56
29
4
-26
-57
-85
-103
-122
-139
-157
-167
-169
-167
-166
-158
-148
-137
-121
-107
-98
-84
-65
-51
-38
-27
-22
-26
-33
-42
-51
-63
-69
-77
-96
-109
-117
-138
-157
-171
-186
-199
-213
-223
-233
-243
-247
-251
-250
-252
-247
-239
-228
-211
-192
-172
-153
-121
-97
-68
-32
-4
17
31
50
59
75
82
86
77
75
66
58
51
44
36
25
23
24
35
49
59
69
74
78
83
88
97
97
100
101
100
102
106
103
96
98
98
99
104
110
117
124
136
147
159
169
183
202
208
216
229
232
230
232
218
213
198
173
156
130
102
75
44
17
-3
-40
-60
-75
-87
-95
-109
-106
-108
-106
-101
-100
-94
-90
-88
-84
-80
-73
-72
-75
-72
-75
-75
-69
-65
-61
-58
-52
-53
-59
-65
-75
-78
-85
-103
-116
-130
-148
-162
-180
-193
-199
-206
-214
-217
-216
-214
-208
-205
-197
-187
-177
-170
-163
-160
-152
-136
-118
-101
-85
-68
-43
-19
3
32
54
77
100
118
134
136
141
138
130
124
114
106
100
87
78
72
62
62
60
57
52
52
51
50
50
45
42
35
37
38
40
50
62
79
99
121
146
173
194
220
241
252
265
276
283
276
266
248
228
204
174
146
122
98
74
60
43
27
13
2
-4
-9
-17
-24
-22
-17
-18
-14
-14
-17
-18
-24
-29
-33
-38
-37
-32
-42
-46
-48
-59
-63
-72
-84
-91
-110
-125
-146
-161
-181
-196
-206
-217
-227
-239
-245
-244
-248
-248
-250
-248
-240
-234
-232
-226
-220
-211
-197
-184
-165
-144
-127
-99
-68
-35
-6
16
38
59
82
106
118
130
138
140
131
121
107
79
46
8
-23
-45
-68
-85
-103
-121
-131
-133
-137
-123
-115
-103
-90
-72
-50
-27
-9
15
36
56
89
116
150
179
215
244
280
311
339
362
381
397
404
402
396
380
360
341
321
289
264
237
208
179
151
131
112
95
75
61
49
35
20
5
3
-10
-19
-30
-43
-44
-56
-73
-84
-92
-99
-107
-118
-122
-129
-130
-137
-147
-154
-162
-175
-181
-195
-207
-211
-220
-225
-234
-243
-255
-268
-275
-277
-291
-293
-292
-289
-279
-271
-257
-240
-222
-200
-174
-149
-116
-88
-63
-39
-10
19
39
57
74
85
96
107
112
118
114
107
106
100
95
90
71
55
35
17
2
-14
-24
-34
-43
-53
-53
-53
-41
-30
-20
-4
10
28
45
65
79
95
111
126
143
161
178
200
223
243
261
276
289
300
308
316
323
320
311
306
298
285
268
250
232
211
191
177
165
153
147
133
122
111
100
88
73
55
35
21
-7
-37
-59
-89
-117
-145
-172
-200
-217
-234
-252
-266
-281
-296
-309
-320
-324
-329
-337
-339
-345
-350
-351
-351
-348
-352
-353
-345
-336
-325
-305
-281
-252
-224
-193
-159
-126
-91
-61
-28
2
26
37
46
58
64
68
76
85
82
86
84
81
78
70
63
64
62
62
63
66
63
60
54
43
37
31
31
25
19
8
10
9
6
10
20
29
41
59
75
90
112
130
145
170
187
201
226
247
264
280
300
314
323
335
339
346
348
347
333
324
310
293
282
266
257
238
219
200
180
162
142
124
101
79
52
29
3
-27
-52
-84
-114
-142
-170
-205
-234
-259
-277
-299
-314
-331
-347
-354
-362
-369
-367
-369
-362
-364
-363
-360
-356
-349
-350
-341
-331
-312
-288
-265
-240
-215
-190
-160
-130
-103
-75
-46
-29
-13
1
13
16
23
25
19
21
22
23
29
33
34
45
47
53
62
74
89
96
110
113
113
114
112
105
101
89
80
67
52
48
32
28
28
33
41
56
72
88
102
125
140
154
170
184
199
209
211
222
220
208
219
218
228
238
248
263
268
278
281
278
275
272
262
252
230
204
175
134
95
55
23
-19
-54
-80
-108
-128
-146
-165
-181
-190
-207
-217
-216
-222
-223
-218
-226
-229
-230
-237
-247
-263
-268
-264
-250
-232
-217
-202
-195
-187
-176
-169
-162
-150
-143
-132
-126
-123
-113
-108
-107
-101
-96
-91
-88
-79
-73
-64
-52
-45
-36
-30
-28
-17
-1
5
19
21
30
42
53
71
85
102
119
134
145
138
127
116
98
74
45
15
-26
-59
-90
-114
-127
-139
-138
-118
-90
-46
-7
31
79
125
163
208
240
262
286
300
315
323
330
330
329
324
330
336
346
343
328
333
329
318
296
264
233
197
153
103
53
6
-43
-94
-144
-174
-208
-238
-258
-287
-293
-294
-283
-277
-270
-256
-233
-201
-180
-158
-138
-116
-98
-84
-68
-54
-42
-20
-15
-17
-25
-29
-35
-53
-62
-83
-97
-122
-145
-169
-193
-207
-217
-220
-229
-230
-222
-202
-197
-189
-169
-143
-120
-98
-83
-72
-55
-38
-15
18
55
92
112
120
128
138
146
138
99
51
4
-64
-128
-192
-246
-295
-337
-361
-360
-316
-273
-218
-154
-81
0
85
175
251
333
386
430
462
469
473
470
480
474
465
462
469
493
520
525
535
542
528
496
448
367
266
168
56
-61
-190
-292
-365
-435
-468
-484
-483
-447
-379
-315
-258
-173
-90
-43
1
40
38
36
43
31
11
-12
-26
-25
-10
20
71
118
165
214
235
258
265
247
202
144
76
-1
-73
-149
-215
-271
-303
-334
-361
-375
-368
-344
-334
-313
-289
-254
-223
-208
-199
-194
-184
-186
-196
-183
-168
-138
-110
-62
-14
31
73
97
80
36
-43
-139
-239
-320
-410
-531
-619
-666
-634
-562
-483
-400
-310
-170
-30
142
293
394
485
528
568
588
583
564
518
486
452
438
483
527
578
599
646
705
775
812
762
680
561
441
286
107
-92
-275
-440
-568
-650
-687
-667
-617
-537
-431
-297
-153
-22
65
140
179
190
163
107
33
-52
-98
-149
-156
-141
-100
-32
51
156
243
325
379
413
422
398
364
288
184
58
-52
-137
-235
-301
-353
-372
-375
-355
-298
-268
-240
-221
-206
-184
-176
-204
-241
-278
-322
-356
-357
-361
-349
-328
-268
-188
-106
-5
72
137
119
12
-157
-309
-404
-502
-661
-825
-902
-830
-648
-434
-267
-130
56
291
549
760
888
940
911
848
772
661
540
400
249
141
102
178
298
390
468
526
651
804
883
865
747
590
418
205
-55
-326
-537
-704
-783
-812
-756
-611
-448
-243
-53
133
280
362
366
305
235
116
-56
-260
-452
-595
-655
-667
-614
-523
-352
-147
64
258
415
541
620
639
599
539
451
341
200
51
-44
-97
-131
-158
-188
-178
-151
-121
-108
-120
-135
-154
-179
-237
-285
-337
-373
-387
-407
-406
-358
-281
-224
-164
-85
9
80
129
147
92
-90
-397
-661
-839
-876
-972
-1125
-1170
-1051
-657
-261
48
250
407
658
885
1038
1077
990
836
645
457
306
218
144
34
-18
16
190
438
596
657
634
665
719
735
586
306
52
-147
-266
-361
-476
-551
-553
-461
-258
-51
162
305
382
462
536
547
425
245
23
-189
-361
-485
-623
-706
-745
-713
-621
-471
-265
-131
8
135
277
414
512
535
498
474
492
513
473
425
356
298
250
186
135
51
-60
-174
-257
-278
-313
-362
-388
-415
-392
-343
-299
-279
-269
-267
-258
-206
-173
-143
-116
-97
-47
-17
19
-15
-188
-486
-755
-852
-824
-837
-953
-1033
-941
-573
-171
120
238
298
418
559
699
754
719
593
434
312
265
277
301
257
157
142
254
433
525
494
357
252
244
251
207
44
-103
-164
-142
-105
-64
8
40
40
88
216
309
313
269
215
166
165
118
-14
-156
-256
-359
-459
-512
-555
-605
-633
-608
-571
-514
-366
-192
-75
67
255
447
580
668
712
725
740
702
625
481
325
202
80
-34
-107
-154
-173
-161
-129
-92
-64
-79
-100
-144
-157
-162
-180
-227
-278
-279
-228
-176
-140
-80
-35
19
64
73
-21
-293
-678
-918
-1011
-946
-979
-1072
-999
-740
-238
171
453
565
612
695
720
741
692
599
461
247
140
131
200
265
222
185
158
253
350
315
154
-68
-139
-168
-148
-187
-209
-146
-82
37
154
363
489
525
528
497
519
490
436
289
161
104
27
-70
-133
-182
-258
-388
-543
-698
-830
-904
-954
-991
-950
-772
-552
-302
-68
187
429
611
717
728
698
628
530
363
218
105
37
10
14
63
131
221
306
334
316
280
159
3
-143
-259
-323
-375
-399
-372
-281
-144
-6
48
59
67
63
-5
-263
-717
-1165
-1325
-1254
-1058
-1027
-961
-685
-189
439
800
922
826
677
547
459
465
404
324
222
197
341
545
701
696
519
310
149
87
-18
-214
-522
-754
-680
-426
-114
-1
54
129
256
390
386
324
166
45
-7
21
195
336
453
512
609
736
749
678
399
64
-242
-486
-675
-880
-1015
-1021
-941
-760
-513
-256
-108
-10
26
15
32
-8
-111
-246
-311
-252
-117
3
69
120
215
299
366
355
300
219
188
207
278
377
442
445
429
434
435
415
266
70
-111
-228
-301
-404
-506
-572
-646
-790
-1086
-1314
-1273
-1031
-748
-691
-543
-265
216
656
816
891
808
741
648
627
710
783
820
720
642
609
600
526
309
32
-288
-471
-525
-484
-450
-472
-435
-252
25
257
319
225
5
-122
-131
-112
-113
-198
-125
-7
176
346
422
436
319
161
-12
-98
-118
-168
-236
-314
-243
-97
14
9
-72
-133
-218
-261
-289
-345
-398
-443
-420
-350
-252
-141
-149
-190
-245
-318
-423
-539
-599
-625
-592
-478
-277
-45
197
435
602
745
862
942
901
737
619
524
465
406
349
294
180
99
-52
-206
-449
-875
-1373
-1723
-1619
-1226
-834
-585
-297
205
800
1233
1338
1179
878
556
350
373
579
784
853
833
869
939
936
725
317
-210
-643
-813
-740
-576
-487
-401
-174
209
566
705
599
320
-3
-212
-257
-203
-182
-164
-122
16
215
307
141
-200
-574
-849
-940
-872
-723
-536
-318
-61
246
476
597
510
254
-33
-212
-228
-160
-108
-86
-16
106
237
244
20
-292
-591
-841
-1015
-1099
-1056
-962
-817
-634
-405
-206
-138
-146
-182
-128
-25
129
319
525
790
1013
1226
1296
1246
1018
656
263
-122
-454
-892
-1396
-1745
-1591
-1030
-412
-73
128
393
756
971
894
692
443
232
89
232
676
1158
1383
1279
1057
820
548
167
-288
-695
-918
-885
-567
-75
313
502
573
650
670
514
150
-201
-391
-352
-89
274
635
821
803
624
358
-9
-553
-1164
-1654
-1773
-1554
-1162
-742
-371
-42
120
159
115
35
-64
-208
-262
-94
287
699
925
926
768
517
197
-163
-488
-728
-833
-794
-591
-268
-3
54
-88
-329
-568
-796
-1032
-1189
-1185
-978
-645
-242
138
450
625
640
576
525
469
367
250
203
231
173
-69
-493
-850
-836
-578
-260
-137
32
349
785
1151
1265
1218
986
734
502
496
682
851
815
562
322
125
-69
-320
-542
-720
-784
-646
-294
166
487
569
512
532
595
491
278
95
100
270
497
732
914
941
786
454
98
-230
-602
-982
-1218
-1176
-983
-760
-604
-522
-546
-642
-746
-777
-671
-458
-222
51
387
721
857
771
568
297
0
-329
-541
-594
-513
-382
-228
-70
56
42
-115
-293
-431
-518
-570
-553
-413
-220
-55
-48
-102
-201
-288
-372
-418
-370
-278
-196
-152
-42
48
-10
-352
-864
-1247
-1186
-751
-150
268
564
878
1208
1460
1438
1204
908
654
598
794
1196
1520
1556
1278
787
239
-311
-794
-1155
-1257
-1098
-710
-124
458
790
787
603
423
288
62
-131
-139
137
518
782
905
845
635
252
-149
-461
-664
-782
-768
-539
-143
179
247
60
-253
-534
-736
-855
-821
-656
-385
-58
274
509
489
218
-138
-400
-505
-456
-364
-268
-152
-62
-12
-67
-169
-326
-528
-565
-449
-142
136
303
329
290
236
84
-120
-352
-455
-479
-366
-157
25
87
-37
-271
-512
-703
-842
-1065
-1328
-1446
-1123
-411
358
803
902
845
833
789
719
655
608
635
727
1021
1430
1683
1517
1008
400
-117
-528
-782
-774
-530
-175
169
478
734
735
494
192
142
270
350
334
328
525
616
510
161
-164
-407
-580
-701
-645
-459
-316
-340
-436
-392
-254
-189
-298
-345
-215
9
159
186
155
44
-102
-268
-331
-306
-284
-258
-196
-8
138
120
-78
-281
-413
-530
-594
-559
-387
-246
-146
-44
109
197
107
-39
-165
-179
-160
-123
-102
-102
-88
-98
-37
10
20
-176
-426
-572
-588
-551
-710
-937
-1114
-908
-404
255
737
927
982
958
970
887
786
636
578
584
686
884
1016
953
577
94
-352
-621
-711
-612
-324
0
332
584
793
855
690
418
272
449
651
673
532
448
444
333
163
-93
-222
-303
-293
-271
-278
-319
-524
-789
-953
-885
-673
-462
-303
-122
60
135
52
-120
-312
-457
-530
-450
-272
-54
76
64
13
-94
-225
-384
-482
-489
-363
-217
-59
137
247
246
162
95
50
8
-114
-200
-214
-164
-156
-246
-338
-352
-334
-291
-207
-57
-7
-184
-410
-528
-489
-490
-590
-776
-836
-548
-83
457
739
837
835
882
1038
1136
1192
1143
1117
1108
1066
991
835
591
239
-118
-430
-648
-715
-566
-299
-56
89
172
279
376
423
500
645
789
740
545
416
413
355
93
-134
-149
9
69
19
-84
-230
-409
-581
-676
-644
-514
-388
-330
-325
-357
-472
-672
-796
-827
-746
-576
-334
-80
51
27
-108
-271
-449
-579
-640
-602
-493
-339
-176
-87
-46
-42
-45
-60
-15
99
219
283
253
214
165
162
69
-52
-197
-298
-288
-202
-100
-99
-157
-325
-449
-483
-387
-395
-504
-680
-722
-472
-34
447
690
768
803
935
1095
1164
1125
1024
1029
1113
1204
1198
1091
891
607
308
-14
-268
-406
-391
-263
-36
158
258
246
203
200
315
463
599
523
366
315
321
308
69
-126
-200
-140
-93
-93
-138
-236
-409
-562
-577
-498
-369
-333
-403
-407
-394
-401
-522
-634
-667
-604
-527
-412
-289
-254
-294
-391
-440
-444
-443
-438
-442
-440
-436
-482
-524
-511
-395
-316
-271
-193
-41
132
150
82
3
-4
40
67
94
91
84
104
138
209
218
104
-144
-364
-442
-374
-302
-396
-575
-673
-532
-215
193
468
593
604
690
887
1043
1058
969
930
1033
1143
1134
1010
824
611
353
192
154
187
187
164
217
348
392
280
50
-37
71
272
443
474
447
357
312
280
217
94
-5
-52
-83
-70
-74
-192
-432
-643
-622
-468
-402
-444
-543
-574
-603
-679
-736
-741
-693
-588
-410
-186
-12
23
-90
-277
-401
-434
-453
-490
-543
-569
-583
-605
-617
-592
-532
-480
-411
-277
-103
-7
4
-46
-85
-87
-88
-74
-61
-39
-11
20
68
118
126
92
26
-20
-32
-36
-9
32
19
-68
-111
-27
155
304
440
629
805
893
893
867
838
789
686
604
517
494
476
442
409
354
282
227
203
216
263
335
385
366
358
400
498
575
569
507
484
481
461
397
274
114
-55
-146
-145
-103
-89
-147
-234
-295
-326
-320
-346
-452
-609
-736
-805
-822
-845
-865
-856
-773
-580
-389
-249
-187
-256
-358
-424
-442
-425
-437
-457
-497
-505
-480
-428
-395
-418
-404
-332
-205
-65
51
83
86
65
29
-2
-46
-100
-212
-260
-201
-136
-110
-155
-205
-230
-182
-131
-58
5
43
63
96
192
279
320
313
377
529
679
782
808
770
715
623
549
490
418
339
251
151
95
83
96
83
28
23
79
176
247
267
303
370
498
614
678
696
698
658
568
442
280
158
79
70
100
166
221
242
212
170
114
58
-73
-231
-343
-396
-402
-427
-425
-425
-426
-420
-452
-496
-535
-576
-596
-604
-612
-560
-498
-444
-431
-479
-530
-604
-657
-679
-678
-595
-449
-313
-193
-91
0
43
26
-29
-98
-151
-188
-218
-225
-218
-226
-250
-273
-244
-185
-127
-69
-17
50
114
155
178
212
268
304
338
399
464
514
524
523
517
510
486
463
474
489
493
455
375
305
230
140
84
78
98
108
96
131
222
299
361
401
444
496
506
516
488
434
365
310
283
270
259
244
179
71
-14
-73
-71
-68
-58
-36
-59
-100
-148
-213
-308
-457
-606
-716
-760
-734
-715
-687
-672
-643
-596
-570
-538
-504
-484
-468
-451
-450
-402
-374
-350
-289
-220
-93
34
111
120
98
92
89
53
-15
-80
-97
-95
-97
-102
-120
-165
-247
-320
-341
-303
-229
-123
-16
121
240
324
374
394
414
452
487
511
529
510
448
368
306
254
237
262
312
320
284
239
225
227
234
247
237
218
201
175
176
179
155
129
52
-14
-18
39
133
200
230
233
219
209
209
183
173
164
140
148
178
235
310
371
382
344
253
115
-9
-160
-305
-439
-531
-565
-563
-546
-553
-590
-666
-744
-806
-850
-846
-827
-739
-600
-477
-362
-247
-114
-32
12
26
31
33
44
63
76
94
91
51
2
-19
-57
-118
-206
-266
-319
-350
-375
-373
-335
-233
-94
-3
76
154
198
230
289
374
473
555
598
611
604
554
492
416
359
308
269
263
276
287
251
199
203
231
280
284
260
242
212
150
81
5
-101
-198
-250
-227
-161
-90
-71
-81
-130
-167
-175
-167
-144
-86
-11
81
183
290
394
470
506
490
419
329
243
140
54
-40
-98
-150
-190
-245
-303
-356
-476
-615
-746
-819
-866
-905
-883
-820
-730
-608
-451
-326
-227
-152
-92
-22
45
78
123
182
239
307
352
343
264
182
122
88
57
-8
-61
-99
-123
-116
-104
-99
-75
-39
-17
5
41
99
151
169
191
265
335
355
339
342
373
401
404
398
421
445
445
443
454
481
493
477
473
476
485
472
412
303
184
51
-51
-142
-238
-333
-413
-448
-485
-540
-622
-693
-748
-757
-730
-643
-521
-389
-255
-101
65
190
295
330
328
285
222
200
188
176
127
80
68
46
-2
-92
-208
-330
-440
-523
-583
-636
-678
-670
-635
-563
-482
-417
-371
-319
-234
-146
-63
15
93
200
263
311
365
360
332
251
171
115
94
93
114
131
154
161
168
212
236
248
230
211
191
188
202
207
175
154
163
153
149
188
222
237
228
220
235
264
303
323
367
423
500
561
589
586
549
495
403
325
238
152
76
5
-38
-93
-160
-271
-407
-573
-715
-813
-885
-933
-952
-921
-854
-712
-548
-406
-285
-207
-116
-16
34
54
70
75
118
181
213
201
165
126
64
-19
-113
-204
-303
-383
-418
-398
-350
-326
-304
-284
-263
-240
-186
-127
-71
-13
60
144
206
247
249
263
286
289
269
274
267
213
148
93
81
84
73
61
72
142
231
307
336
311
268
219
176
152
161
160
135
109
95
127
170
152
88
28
23
41
80
126
175
254
333
402
442
480
483
450
401
359
337
288
228
184
132
86
25
-68
-179
-329
-485
-606
-693
-749
-783
-790
-766
-711
-629
-561
-499
-455
-422
-374
-341
-284
-198
-111
-49
-10
47
94
97
56
-17
-77
-117
-152
-179
-219
-241
-253
-248
-233
-196
-155
-138
-112
-76
-1
53
90
105
138
152
154
150
168
205
229
254
252
243
206
159
141
136
157
171
176
205
248
290
329
329
291
259
228
215
228
230
228
218
214
198
155
110
53
11
-29
-57
-58
-26
36
109
167
222
272
269
270
263
262
265
264
277
291
303
320
309
262
166
56
-57
-156
-218
-260
-311
-367
-400
-410
-400
-396
-406
-435
-458
-476
-448
-424
-417
-421
-401
-360
-338
-299
-276
-271
-271
-272
-268
-255
-245
-247
-254
-264
-287
-300
-296
-277
-226
-178
-116
-39
30
66
49
43
64
111
155
184
203
210
243
270
297
319
303
264
237
262
309
347
341
306
297
326
354
371
355
320
291
249
221
186
141
80
18
-13
-5
-2
-2
-23
-52
-79
-89
-65
-55
-40
3
54
106
136
127
120
106
104
110
112
141
171
174
161
145
136
119
82
14
-29
-30
-35
-65
-103
-161
-197
-200
-204
-202
-171
-140
-127
-122
-140
-168
-206
-260
-308
-300
-261
-235
-233
-237
-222
-230
-258
-306
-349
-371
-370
-349
-319
-278
-257
-274
-295
-290
-269
-242
-228
-207
-169
-116
-54
4
41
48
68
105
158
212
261
274
292
305
341
383
394
396
415
443
477
525
539
525
496
455
414
386
369
326
268
208
148
111
83
23
-38
-90
-127
-117
-117
-113
-112
-104
-63
-46
-32
-29
-51
-55
-65
-55
-41
-20
-11
-4
-10
-9
26
31
6
-25
-44
-50
-59
-93
-129
-163
-176
-174
-157
-144
-123
-87
-64
-42
-20
-39
-74
-100
-91
-67
-51
-49
-67
-77
-90
-117
-143
-174
-200
-226
-234
-239
-217
-198
-206
-252
-277
-261
-249
-243
-266
-293
-313
-305
-311
-299
-274
-256
-217
-170
-95
0
59
77
104
141
180
236
288
336
382
434
473
511
516
507
500
492
517
544
571
578
562
532
489
453
384
303
235
191
163
122
76
29
-3
-31
-42
-58
-78
-99
-116
-137
-176
-229
-296
-342
-349
-330
-321
-286
-242
-197
-171
-163
-171
-188
-204
-229
-236
-223
-200
-174
-143
-124
-101
-67
-49
-43
-42
-51
-62
-52
-19
16
13
16
6
4
0
-9
-14
-40
-66
-74
-69
-33
-2
10
19
-4
-7
-26
-60
-117
-179
-220
-243
-250
-245
-241
-223
-195
-170
-132
-97
-70
-71
-58
-23
17
72
103
146
167
165
156
153
136
132
130
123
168
221
278
312
348
380
398
395
383
382
384
379
385
377
366
366
349
325
302
306
297
267
211
157
84
31
-25
-84
-124
-162
-174
-187
-200
-225
-257
-292
-323
-336
-353
-374
-388
-381
-357
-296
-254
-228
-225
-212
-220
-224
-245
-274
-281
-277
-212
-148
-81
-34
-31
-42
-36
-37
-41
-53
-57
-45
-10
31
80
125
133
112
73
46
19
-24
-95
-162
-195
-185
-156
-120
-87
-59
-38
-18
-11
2
29
29
49
75
117
162
204
212
196
180
152
113
66
38
23
30
45
68
93
85
58
33
20
43
54
64
71
85
126
175
198
228
246
250
243
237
248
252
244
225
209
194
199
200
192
189
179
167
145
103
68
20
-27
-63
-106
-137
-168
-171
-177
-217
-256
-302
-346
-390
-432
-459
-445
-406
-383
-348
-307
-247
-205
-177
-154
-150
-126
-99
-78
-61
-21
15
59
96
125
149
150
133
102
75
44
23
5
-10
-24
-36
-48
-78
-105
-117
-109
-77
-45
-3
54
97
124
157
202
238
240
224
203
174
175
179
176
176
178
182
164
139
115
77
23
-15
-40
-57
-72
-84
-95
-104
-120
-126
-128
-135
-149
-171
-175
-172
-154
-128
-106
-66
-18
28
63
96
131
155
172
190
188
193
193
189
192
180
173
157
140
137
126
78
21
-22
-65
-116
-164
-215
-242
-251
-254
-255
-257
-259
-255
-241
-220
-190
-145
-109
-81
-65
-20
21
47
64
64
61
66
80
93
102
100
91
89
80
63
38
1
-42
-70
-62
-53
-49
-45
-40
-20
2
14
9
27
54
52
57
60
91
114
136
172
188
216
224
207
188
166
144
119
90
81
66
63
53
14
-31
-80
-119
-155
-187
-224
-237
-250
-257
-271
-279
-272
-266
-237
-208
-183
-147
-112
-101
-80
-53
-28
-13
-7
4
23
23
18
13
20
48
80
95
111
115
121
141
126
125
126
106
88
62
28
8
-11
-18
-17
15
58
79
94
109
118
140
156
157
163
150
137
119
115
138
151
141
121
96
89
78
55
26
-5
-19
-37
-59
-71
-80
-92
-107
-129
-132
-120
-110
-107
-105
-85
-53
-3
28
56
70
100
131
151
164
171
149
141
122
98
82
39
-11
-63
-107
-145
-172
-190
-214
-234
-247
-269
-281
-301
-329
-349
-338
-325
-303
-278
-237
-188
-147
-106
-63
-48
-43
-47
-48
-37
-42
-57
-94
-105
-105
-101
-78
-62
-61
-47
-20
20
64
89
108
122
116
86
58
41
36
41
56
69
107
140
158
182
196
208
211
214
229
235
233
231
243
271
278
275
280
280
282
289
288
287
267
235
197
176
151
126
103
82
64
36
-1
-41
-74
-96
-93
-73
-56
-39
6
39
70
87
102
111
107
86
60
29
-12
-47
-82
-99
-125
-141
-164
-177
-188
-204
-228
-258
-275
-303
-313
-321
-327
-319
-315
-305
-295
-287
-275
-252
-226
-195
-150
-107
-98
-96
-98
-103
-125
-149
-169
-192
-188
-196
-190
-180
-168
-147
-117
-90
-66
-39
-30
-32
-37
-44
-43
-29
-11
-6
5
25
65
102
127
146
156
160
175
185
200
224
234
250
276
294
314
323
324
316
292
291
280
271
272
274
281
287
290
274
244
197
157
124
107
113
125
134
152
166
196
212
210
201
190
183
174
164
129
97
54
0
-46
-94
-134
-158
-184
-223
-241
-250
-267
-277
-285
-295
-292
-285
-280
-278
-274
-271
-274
-278
-270
-254
-246
-231
-198
-165
-141
-133
-120
-124
-131
-143
-155
-181
-193
-208
-235
-248
-257
-250
-222
-197
-161
-129
-120
-111
-116
-113
-101
-91
-72
-56
-34
-19
7
16
20
16
18
17
30
72
106
142
190
226
256
275
273
283
281
270
274
269
244
221
227
237
242
241
239
225
217
197
180
180
183
189
207
228
243
262
276
282
278
277
276
277
286
286
278
267
261
240
197
162
112
59
-4
-59
-115
-152
-183
-210
-222
-229
-232
-235
-233
-244
-256
-271
-278
-292
-300
-301
-299
-302
-295
-284
-282
-271
-260
-243
-228
-222
-228
-226
-215
-210
-202
-208
-210
-210
-201
-189
-187
-182
-191
-202
-208
-204
-192
-180
-160
-143
-125
-112
-110
-110
-116
-123
-128
-110
-77
-50
2
42
80
118
153
182
193
211
227
233
249
253
245
233
222
210
196
167
137
101
82
71
73
91
123
173
214
246
269
296
298
289
293
297
297
296
303
301
309
311
324
315
289
268
254
226
190
152
114
71
42
11
-6
-5
-11
-13
-26
-36
-45
-56
-60
-66
-71
-79
-100
-111
-134
-171
-211
-243
-273
-282
-284
-293
-298
-292
-264
-257
-233
-222
-215
-196
-165
-147
-128
-124
-139
-146
-134
-116
-116
-125
-139
-150
-159
-159
-153
-151
-159
-156
-156
-143
-120
-101
-92
-83
-73
-65
-50
-42
-47
-42
-31
3
26
44
53
54
46
48
48
25
-1
-25
-32
-25
0
33
52
69
83
94
107
120
137
146
156
156
152
149
142
144
141
146
146
148
152
156
172
177
180
175
168
161
168
175
177
196
205
198
190
181
168
166
165
163
150
134
114
97
81
50
26
-7
-49
-98
-139
-166
-206
-228
-225
-220
-219
-212
-208
-199
-186
-174
-158
-153
-158
-159
-146
-129
-125
-123
-127
-128
-127
-125
-109
-91
-82
-61
-38
-3
21
37
40
41
62
77
84
86
76
47
35
24
13
16
-17
-36
-49
-62
-67
-81
-89
-107
-114
-106
-92
-78
-61
-26
1
19
51
63
61
52
46
43
44
37
34
28
25
25
14
4
-16
-34
-44
-44
-42
-32
-29
-11
9
20
41
41
46
52
57
67
85
105
119
130
146
179
185
206
203
191
186
163
144
131
114
98
91
71
66
51
27
4
-26
-51
-57
-67
-87
-104
-108
-101
-110
-108
-102
-101
-108
-124
-127
-125
-120
-129
-114
-91
-62
-25
15
55
66
76
87
108
111
114
108
99
100
104
105
91
70
40
19
-13
-43
-67
-92
-111
-118
-111
-105
-101
-89
-75
-72
-66
-75
-85
-93
-91
-89
-86
-82
-84
-104
-109
-118
-135
-144
-164
-181
-184
-176
-163
-149
-154
-142
-131
-124
-103
-90
-72
-62
-53
-37
-10
7
25
27
42
66
88
114
127
123
122
121
121
125
135
152
150
165
186
194
198
185
173
174
173
167
169
167
153
151
143
139
134
120
112
97
98
104
112
106
92
90
84
104
127
124
129
115
105
105
85
82
60
36
23
12
4
-1
-8
-29
-41
-46
-58
-67
-83
-98
-112
-128
-128
-118
-110
-109
-106
-102
-108
-105
-103
-98
-88
-85
-81
-84
-93
-101
-102
-114
-137
-174
-206
-242
-258
-271
-274
-260
-266
-270
-264
-262
-255
-242
-238
-218
-199
-177
-150
-118
-90
-79
-72
-54
-38
-29
-18
-12
0
21
37
51
62
63
69
86
87
97
110
114
118
136
151
156
162
168
168
165
157
157
160
159
167
163
160
163
167
173
172
179
190
200
219
235
254
254
255
263
265
257
247
234
221
202
172
156
132
113
98
69
53
42
20
-3
-21
-38
-52
-62
-58
-66
-66
-65
-68
-65
-78
-71
-64
-58
-61
-75
-85
-84
-96
-102
-109
-126
-147
-166
-182
-199
-209
-225
-246
-259
-266
-269
-274
-282
-279
-270
-262
-251
-251
-250
-251
-249
-234
-229
-214
-190
-175
-157
-135
-117
-98
-74
-66
-64
-57
-53
-31
-9
5
27
53
73
92
108
113
109
109
102
109
121
134
140
148
157
160
161
152
154
154
158
164
180
214
237
259
266
273
281
278
280
271
262
259
251
239
235
230
231
224
188
151
118
85
66
47
33
26
13
9
5
3
-14
-28
-37
-46
-41
-37
-37
-39
-55
-69
-80
-87
-91
-88
-97
-109
-115
-116
-124
-136
-155
-176
-184
-183
-188
-188
-186
-195
-194
-198
-193
-205
-224
-224
-225
-236
-240
-228
-219
-205
-194
-191
-179
-166
-155
-161
-158
-139
-124
-103
-93
-79
-68
-50
-34
-20
-13
-3
13
30
52
83
104
110
117
123
119
117
114
108
105
105
112
116
127
138
146
153
159
156
163
174
185
187
194
204
200
198
190
189
189
185
168
150
137
122
115
100
84
77
73
76
69
66
59
54
52
50
47
31
38
31
26
22
13
-4
-3
-12
-23
-29
-34
-36
-41
-44
-47
-53
-56
-56
-50
-47
-57
-63
-79
-94
-95
-101
-93
-95
-89
-81
-89
-93
-100
-108
-124
-135
-146
-151
-159
-156
-163
-153
-153
-152
-137
-126
-118
-106
-106
-100
-97
-102
-92
-93
-88
-80
-74
-70
-74
-76
-73
-65
-54
-51
-48
-43
-31
-23
-4
19
30
35
47
47
58
80
91
94
95
101
107
108
121
125
125
127
132
133
139
142
142
139
137
141
135
139
139
122
111
107
109
103
95
86
72
60
52
41
30
15
4
-5
-14
-16
-23
-24
-35
-41
-31
-21
-21
-25
-20
-22
-25
-22
-25
-20
-22
-15
-10
-10
-8
-2
-9
-18
-23
-33
-44
-43
-45
-39
-40
-39
-35
-34
-39
-41
-35
-42
-42
-42
-46
-44
-40
-31
-25
-12
-20
-27
-28
-31
-25
-31
-26
-24
-31
-36
-35
-44
-44
-43
-46
-32
-28
-22
-15
-12
-7
-4
7
3
-4
-7
-6
-3
-6
-5
-9
-9
-11
-10
-2
0
13
26
34
41
48
64
55
50
57
57
61
72
70
68
67
60
48
40
29
19
6
1
-13
-24
-34
-48
-55
-56
-59
-62
-56
-56
-49
-55
-54
-61
-72
-61
-48
-33
-25
-19
-17
-21
-18
-14
-7
0
6
21
28
27
28
32
32
36
33
31
48
56
73
71
68
68
58
54
57
50
47
55
47
50
48
48
51
50
50
59
62
62
59
65
63
61
53
50
44
44
41
31
22
7
-11
-29
-31
-38
-44
-57
-66
-80
-89
-93
-97
-99
-101
-106
-106
-103
-105
-96
-100
-87
-84
-70
-66
-55
-42
-38
-31
-43
-45
-41
-40
-36
-27
-24
-23
-22
-15
-8
-9
-2
-9
-4
-10
-11
-14
-16
-12
-20
-24
-31
-28
-30
-30
-34
-35
-37
-43
-43
-33
-30
-19
0
5
19
21
27
34
30
39
51
59
74
76
87
85
86
83
80
87
82
88
81
77
78
73
74
81
85
83
90
90
91
91
95
98
99
98
94
94
99
96
93
85
81
68
52
49
48
44
36
19
2
-5
-11
-21
-27
-25
-30
-27
-30
-38
-48
-58
-69
-79
-90
-91
-98
-104
-118
-136
-147
-158
-162
-164
-160
-153
-150
-139
-124
-121
-114
-108
-102
-97
-88
-69
-53
-42
-30
-18
-14
-11
-15
-12
-17
-13
-22
-31
-36
-46
-45
-41
-44
-49
-52
-40
-32
-29
-14
-1
-3
-1
7
20
32
44
47
57
68
70
73
68
78
71
66
64
68
66
64
63
61
70
75
76
86
94
97
105
101
103
111
118
122
126
122
115
109
96
88
71
59
56
45
45
41
42
46
46
43
44
57
55
51
50
46
39
33
30
18
6
-8
-29
-42
-59
-73
-87
-107
-117
-130
-136
-143
-156
-157
-158
-163
-163
-147
-137
-139
-131
-115
-112
-94
-80
-65
-59
-59
-51
-55
-61
-52
-47
-53
-56
-53
-44
-35
-36
-31
-22
-15
2
10
13
22
31
33
39
45
45
51
54
57
58
60
64
56
50
58
63
60
55
56
59
67
73
81
72
59
60
59
58
64
59
56
57
53
50
37
40
37
27
22
20
13
4
-6
-15
-14
-17
-20
-6
8
16
26
30
23
24
28
36
32
31
29
21
17
-1
-20
-32
-48
-56
-59
-68
-66
-77
-82
-89
-81
-78
-81
-75
-74
-63
-65
-54
-49
-61
-55
-53
-48
-42
-38
-32
-16
-13
-16
-21
-24
-23
-25
-23
-10
1
6
9
12
16
15
27
32
27
33
41
52
61
56
53
51
37
28
28
17
16
13
5
4
5
5
2
11
18
21
31
30
33
34
34
28
24
26
27
33
27
24
21
17
10
-4
-7
-12
-17
-21
-14
-12
-12
-9
-6
-9
-4
-4
3
8
16
18
21
27
19
11
11
10
1
-5
-13
-12
-15
-23
-21
-19
-22
-25
-25
-21
-21
-18
-18
-18
-17
-13
-13
-19
-16
-24
-28
-31
-34
-27
-21
-12
-12
-2
1
10
24
30
34
41
49
47
43
31
34
29
31
27
18
23
24
26
28
27
19
16
11
9
4
-1
-2
1
-2
-9
-11
-12
-20
-18
-8
-2
9
13
16
9
1
-6
-15
-24
-30
-31
-26
-29
-35
-39
-44
-49
-47
-52
-52
-55
-50
-46
-38
-35
-33
-24
-27
-20
-20
-13
-16
-16
-19
-18
-14
-15
-17
-17
-20
-17
-13
-19
-13
-11
-15
-24
-24
-24
-28
-26
-16
-9
-3
0
5
10
13
14
13
15
13
17
14
13
15
17
9
18
30
22
24
23
26
29
30
29
28
33
39
47
53
56
61
71
72
77
89
84
82
83
85
91
92
88
79
78
71
67
67
68
75
72
76
72
72
68
57
44
39
24
19
3
-9
-10
-22
-26
-39
-51
-61
-64
-71
-71
-65
-74
-77
-81
-79
-89
-94
-94
-98
-100
-91
-92
-89
-99
-97
-97
-96
-93
-96
-94
-100
-103
-107
-105
-103
-92
-82
-74
-67
-64
-61
-60
-56
-48
-51
-43
-33
-22
-14
-11
-8
-9
-8
-9
1
12
14
18
31
36
41
44
43
42
43
62
69
76
83
78
82
80
85
84
85
88
91
96
94
89
91
91
95
95
95
98
94
88
88
90
91
88
92
92
93
99
92
92
79
65
56
45
34
39
29
11
5
-12
-30
-44
-52
-58
-69
-75
-83
-86
-100
-108
-109
-112
-112
-112
-106
-102
-104
-104
-103
-109
-97
-95
-95
-91
-85
-85
-83
-90
-86
-83
-82
-77
-65
-54
-52
-41
-45
-43
-43
-42
-38
-26
-19
-19
-11
-10
-2
3
9
13
22
31
33
43
41
43
44
54
59
70
73
80
91
90
96
102
105
103
103
104
108
113
106
96
98
93
91
82
73
74
67
67
61
58
51
54
49
44
51
54
55
62
61
51
46
30
25
13
6
7
-3
-12
-25
-29
-47
-54
-55
-63
-58
-60
-66
-76
-82
-88
-95
-96
-93
-91
-104
-107
-114
-118
-113
-117
-102
-97
-97
-95
-89
-85
-90
-88
-90
-85
-90
-78
-64
-57
-51
-52
-46
-51
-52
-53
-42
-35
-24
-16
-13
-12
-14
-7
-4
-7
-7
-1
-2
1
5
6
8
13
7
7
8
19
29
39
47
65
77
77
93
98
98
99
107
117
119
117
114
115
112
110
103
103
92
91
90
82
83
84
79
79
83
77
73
67
62
60
60
64
63
66
56
46
42
35
33
24
16
13
12
10
11
2
-4
-10
-18
-29
-31
-32
-47
-47
-55
-58
-64
-68
-73
-83
-84
-88
-92
-102
-102
-109
-110
-114
-107
-108
-100
-91
-98
-92
-90
-89
-89
-80
-83
-73
-65
-70
-67
-63
-65
-60
-55
-58
-56
-44
-41
-34
-29
-28
-24
-30
-24
-23
-27
-16
-12
-6
-8
-4
13
12
20
30
39
44
57
65
70
78
72
80
88
95
94
95
99
105
106
100
101
100
89
82
77
73
73
67
61
60
59
48
46
49
45
37
27
26
17
12
4
-2
-6
-7
-11
-17
-25
-30
-27
-26
-28
-33
-27
-28
-33
-31
-28
-22
-22
-22
-25
-27
-29
-23
-31
-35
-38
-42
-40
-47
-52
-56
-58
-61
-57
-55
-49
-49
-41
-46
-41
-39
-43
-41
-32
-25
-26
-20
-22
-16
-16
-10
-4
-4
-3
-9
-4
1
2
1
1
4
7
7
11
16
16
18
29
31
33
43
47
46
47
42
44
46
48
48
39
44
45
42
40
41
43
41
37
39
37
32
33
28
25
32
30
35
32
29
29
16
12
13
14
10
4
2
-3
-12
-24
-30
-29
-40
-41
-34
-41
-49
-42
-41
-46
-45
-57
-61
-58
-54
-48
-39
-33
-33
-25
-25
-13
-11
-13
-6
-5
-6
-3
5
11
16
25
34
40
41
37
33
26
30
20
17
15
13
10
7
10
3
0
1
1
-1
1
-1
-7
-9
-16
-21
-26
-28
-26
-27
-18
-16
-14
-18
-20
-20
-23
-24
-17
-13
-11
-15
-18
-15
-21
-27
-24
-26
-31
-27
-19
-14
-16
-11
-11
-16
-12
-17
-19
-15
-11
-11
-1
-4
2
3
1
1
1
-1
1
4
-2
5
9
15
12
14
13
1
8
12
10
13
8
11
17
21
27
24
30
29
27
29
27
26
30
31
34
30
34
31
33
34
33
34
39
45
41
49
50
51
51
45
47
44
44
53
52
54
53
50
49
46
45
39
38
39
40
37
28
31
21
18
12
0
0
-4
-9
-11
-21
-28
-30
-43
-46
-46
-50
-53
-64
-64
-70
-72
-76
-76
-73
-78
-82
-80
-71
-67
-69
-71
-74
-75
-78
-70
-68
-74
-77
-81
-81
-79
-72
-69
-63
-66
-66
-66
-63
-63
-64
-58
-55
-47
-37
-28
-28
-26
-23
-13
-5
1
6
12
12
16
24
26
26
27
28
31
40
42
50
57
61
69
73
75
75
75
71
77
78
83
85
92
90
91
90
86
92
88
85
89
91
89
86
86
87
88
90
91
90
84
85
82
81
79
71
71
64
61
56
45
38
22
16
11
12
2
-5
-13
-20
-30
-42
-52
-69
-75
-77
-82
-86
-91
-95
-101
-107
-110
-127
-127
-123
-124
-126
-125
-122
-120
-123
-124
-121
-119
-122
-121
-108
-110
-107
-100
-99
-94
-95
-92
-93
-85
-75
-71
-54
-56
-48
-33
-29
-16
-4
4
14
26
43
51
54
62
63
65
63
70
80
87
88
89
95
97
104
101
102
101
98
104
100
95
92
92
91
86
75
80
83
82
86
88
92
91
97
93
92
97
94
95
94
94
88
85
74
69
59
49
48
39
34
23
12
7
0
-8
-16
-20
-28
-40
-47
-53
-58
-61
-67
-75
-78
-94
-99
-110
-120
-125
-128
-126
-124
-116
-123
-121
-125
-128
-131
-127
-128
-130
-124
-119
-113
-112
-107
-101
-100
-96
-93
-92
-79
-76
-70
-60
-64
-60
-54
-46
-29
-18
-12
-1
-3
13
23
31
43
41
45
43
43
40
49
56
66
71
78
85
79
80
77
73
67
69
70
73
72
69
68
69
82
89
90
89
98
98
98
110
114
111
106
105
105
96
93
88
85
76
76
75
66
70
62
51
48
44
42
37
33
31
19
9
7
3
-3
-12
-12
-20
-34
-43
-43
-41
-48
-47
-56
-59
-58
-63
-59
-58
-60
-61
-64
-65
-74
-74
-77
-84
-85
-89
-91
-91
-91
-91
-99
-105
-106
-107
-109
-110
-108
-109
-106
-98
-93
-93
-87
-82
-75
-69
-61
-49
-41
-36
-27
-28
-21
-9
-11
-11
-3
10
14
21
33
42
43
55
60
58
63
64
64
70
63
69
69
70
78
68
70
69
68
70
65
67
67
70
69
67
74
74
74
82
70
72
75
72
71
70
69
66
63
62
59
58
48
36
28
15
17
11
5
-5
-11
-16
-23
-30
-30
-38
-40
-35
-30
-30
-36
-46
-47
-53
-53
-48
-54
-51
-51
-53
-50
-52
-55
-54
-58
-55
-52
-50
-55
-54
-59
-66
-72
-69
-61
-59
-52
-48
-39
-37
-36
-29
-28
-25
-18
-14
-6
3
-2
5
13
15
25
27
32
37
35
42
47
42
48
48
44
44
46
48
40
31
30
20
19
13
6
5
3
4
5
8
8
2
1
1
8
18
14
11
17
15
17
19
19
13
10
15
18
21
16
10
6
4
0
2
2
3
6
4
2
1
-2
3
2
4
9
12
8
2
7
4
1
-4
-8
-11
-11
-9
-4
-5
-12
-7
-8
-10
-9
-8
-11
-13
-12
-10
-15
-6
-5
-8
0
-2
-4
-5
-3
-5
-2
-7
-8
-7
-7
-3
-2
-1
-1
-1
-3
-9
-9
-11
-12
-9
-9
-15
-20
-22
-25
-25
-30
-28
-28
-34
-33
-31
-29
-27
-28
-27
-26
-19
-19
-20
-15
-13
-18
-21
-18
-23
-17
-13
-17
-10
-3
-2
-9
-6
-1
1
6
12
10
7
4
9
15
12
17
18
24
21
25
26
27
32
34
37
38
45
39
41
44
43
39
40
39
37
33
32
32
34
41
42
48
51
48
43
40
36
31
32
28
23
20
20
18
16
11
8
9
0
0
1
-2
-5
-3
-8
-15
-14
-18
-17
-11
-13
-16
-17
-24
-27
-19
-20
-22
-13
-21
-26
-27
-36
-44
-50
-49
-46
-42
-44
-45
-41
-40
-41
-35
-31
-25
-19
-19
-15
-12
-13
-9
-8
-6
-2
-8
-11
-6
-8
-17
-19
-17
-22
-20
-22
-21
-29
-27
-28
-35
-33
-31
-29
-27
-22
-27
-22
-14
-8
-7
-1
3
2
-3
-4
-3
-2
0
4
5
7
5
5
3
10
20
25
20
26
28
34
41
49
53
48
52
46
42
42
46
50
48
43
44
46
51
56
53
55
59
61
65
62
62
57
53
55
50
46
43
43
42
37
31
21
20
7
0
5
-4
-8
-12
-19
-24
-31
-30
-36
-46
-48
-51
-58
-55
-51
-52
-58
-60
-61
-58
-59
-63
-64
-65
-62
-65
-57
-62
-64
-65
-71
-70
-71
-70
-59
-58
-55
-51
-51
-53
-50
-38
-40
-35
-26
-14
-12
-6
-6
-6
-5
-1
-1
2
10
8
15
17
22
25
34
35
45
52
61
69
78
75
75
76
78
81
82
81
75
71
71
73
70
69
65
65
59
63
64
63
66
59
60
55
59
59
49
47
40
33
27
20
22
12
12
1
-8
-7
-17
-22
-26
-30
-39
-45
-49
-58
-63
-65
-70
-74
-83
-81
-82
-85
-86
-91
-93
-94
-89
-87
-86
-88
-83
-82
-79
-73
-69
-67
-67
-55
-51
-51
-40
-38
-39
-37
-38
-35
-30
-25
-18
-11
-10
-8
-7
-1
-2
3
6
13
15
18
17
16
17
21
27
33
40
46
50
49
53
56
61
63
66
69
63
57
59
61
55
53
50
54
59
55
57
51
52
57
58
59
58
61
62
57
59
60
56
49
44
40
35
28
30
26
19
22
22
25
19
21
19
8
5
0
0
3
0
-5
-9
-17
-25
-28
-25
-23
-27
-30
-34
-42
-48
-50
-49
-51
-59
-64
-63
-66
-62
-64
-57
-54
-54
-53
-53
-53
-55
-47
-43
-47
-46
-44
-41
-45
-44
-44
-43
-43
-43
-36
-37
-39
-33
-34
-32
-26
-24
-20
-19
-11
-14
-12
-4
-3
-1
3
6
12
12
9
12
10
8
16
14
16
21
21
24
28
37
40
46
51
44
52
55
60
58
62
63
60
56
50
48
51
51
47
47
43
49
48
37
38
37
35
32
32
31
30
30
26
25
23
20
11
12
10
5
3
1
-4
-7
-12
-16
-19
-29
-34
-47
-48
-59
-61
-60
-62
-62
-67
-72
-71
-73
-71
-69
-63
-57
-56
-51
-51
-52
-46
-45
-44
-40
-44
-43
-37
-40
-38
-33
-28
-24
-16
-11
-6
1
12
16
27
31
30
34
33
42
41
46
50
55
57
52
46
45
42
43
45
40
46
46
45
45
39
44
43
36
41
42
45
44
45
42
36
26
29
24
23
23
17
14
12
5
5
3
-1
-5
-13
-7
-10
-7
-5
-5
-5
-11
-14
-17
-18
-17
-13
-17
-19
-19
-18
-16
-15
-16
-15
-16
-18
-18
-15
-12
-14
-18
-16
-18
-24
-29
-36
-39
-39
-46
-44
-42
-44
-43
-40
-46
-44
-40
-37
-37
-34
-26
-23
-23
-22
-14
-14
-9
-5
-5
0
0
7
11
14
17
20
23
19
19
22
23
21
23
20
21
19
15
13
12
14
12
11
11
8
9
10
6
6
4
2
5
2
7
8
3
-1
0
-3
2
-5
-6
-4
-8
-4
-10
-11
-11
-8
-5
-4
-4
2
-1
-3
1
-2
0
3
3
10
7
9
5
4
8
10
11
15
19
22
23
22
22
24
21
18
23
22
25
25
25
26
21
21
19
14
14
14
9
8
12
13
15
16
13
8
3
3
3
4
4
6
3
4
-1
-5
5
2
-1
-3
-2
-2
-3
-10
-14
-11
-10
-17
-19
-21
-21
-27
-28
-26
-25
-25
-25
-26
-25
-22
-16
-17
-13
-10
-10
-7
-9
-6
-5
3
2
1
6
0
0
0
-4
-3
-2
1
-4
-6
-4
-8
-13
-10
-7
-8
-3
-3
-6
-5
-7
-14
-16
-15
-14
-19
-22
-20
-18
-17
-17
-19
-19
-13
-9
-7
-8
-6
0
0
4
2
5
11
14
13
14
14
13
11
7
7
3
8
6
6
8
8
9
5
4
8
6
6
8
5
5
4
12
8
9
14
13
13
16
18
20
20
19
17
18
22
17
21
22
23
20
13
14
10
11
13
13
14
15
14
13
15
14
15
14
12
12
11
12
7
4
-3
-4
-2
-5
-10
-12
-15
-18
-20
-19
-19
-21
-22
-23
-23
-19
-19
-18
-19
-19
-17
-17
-21
-24
-24
-30
-31
-32
-34
-34
-35
-36
-32
-33
-35
-29
-30
-28
-27
-25
-19
-15
-9
-4
-3
1
3
4
6
11
16
19
23
24
26
29
32
32
36
36
36
34
37
36
39
41
37
35
32
32
33
32
33
33
32
26
26
19
18
19
15
14
12
12
8
5
3
0
0
-6
-9
-11
-12
-11
-12
-15
-13
-15
-15
-16
-15
-14
-12
-13
-15
-16
-18
-21
-24
-26
-26
-26
-28
-29
-31
-29
-31
-30
-30
-29
-30
-29
-27
-26
-29
-25
-25
-28
-25
-21
-20
-17
-13
-15
-12
-15
-13
-8
-7
-7
-2
2
2
3
3
10
9
9
10
9
8
10
12
10
15
15
16
14
12
15
11
14
20
18
19
22
28
31
33
37
34
35
32
31
31
28
28
27
27
27
27
24
22
20
20
19
16
14
9
10
13
9
12
10
6
6
3
2
4
4
5
3
6
8
3
5
7
4
3
-2
1
-2
-6
-4
-6
-7
-9
-8
-3
-5
-7
-8
-8
-9
-11
-12
-15
-16
-18
-18
-21
-27
-28
-30
-32
-31
-26
-30
-31
-31
-31
-33
-31
-31
-29
-30
-27
-22
-25
-22
-24
-24
-24
-27
-25
-25
-24
-23
-23
-17
-14
-16
-16
-14
-11
-12
-6
-3
2
4
9
9
10
9
15
19
17
18
23
22
20
26
22
23
21
25
22
23
22
21
22
21
26
24
25
24
22
17
19
20
20
20
17
14
16
12
12
13
11
12
12
9
8
7
7
6
0
-1
-1
0
-4
-4
-5
-4
-6
-6
-6
-8
-7
-8
-8
-10
-10
-10
-15
-16
-15
-14
-16
-11
-11
-8
-8
-9
-10
-11
-13
-11
-9
-9
-7
-9
-9
-9
-7
-5
-4
-5
2
4
4
6
3
5
9
10
11
12
16
16
13
13
10
8
9
8
9
13
14
13
13
15
16
14
14
10
12
11
9
9
8
7
6
6
4
5
6
2
2
-2
-3
-5
-4
-4
-4
-3
-7
-4
-3
-7
-7
-8
-8
-11
-11
-13
-11
-10
-11
-12
-12
-11
-14
-16
-20
-19
-19
-20
-15
-14
-13
-13
-16
-15
-11
-13
-13
-15
-18
-16
-17
-16
-18
-20
-19
-17
-16
-15
-10
-5
-4
1
1
3
7
6
7
11
10
12
15
15
15
17
17
14
14
15
14
15
16
15
11
10
10
8
10
8
8
9
11
10
8
7
5
5
7
4
6
7
7
10
10
13
11
11
10
9
8
10
9
10
10
7
5
3
2
-3
-1
-3
-7
-3
-3
-6
-6
-5
-6
-6
-6
-5
-6
-9
-8
-6
-5
-8
-10
-10
-11
-11
-10
-12
-8
-11
-8
-8
-7
-9
-9
-6
-8
-8
-5
-6
-5
-2
-2
-2
-3
-3
-1
4
4
2
2
2
2
5
4
6
6
9
8
7
8
10
11
9
11
9
9
8
6
5
4
2
2
0
2
4
4
2
4
5
5
7
7
7
6
4
3
2
2
3
4
5
4
4
1
0
-2
-3
-1
-2
-3
-2
-3
-3
-2
-3
-3
-5
-6
-9
-9
-10
-10
-9
-10
-11
-11
-11
-10
-10
-11
-9
-9
-7
-7
-6
-7
-6
-6
-8
-9
-9
-9
-9
-9
-12
-12
-11
-10
-7
-5
-3
-2
2
2
1
0
0
-3
1
4
3
4
2
0
2
3
2
4
3
4
7
7
8
9
10
11
12
8
10
9
9
9
10
9
11
10
11
10
6
8
6
6
5
8
11
14
14
12
10
6
6
4
4
3
4
2
2
4
4
4
2
6
6
5
3
3
3
1
1
1
-1
0
-1
-1
-2
-4
-4
-3
-3
-4
-3
-2
-2
-2
-5
-3
-5
-5
-5
-8
-9
-11
-12
-11
-14
-15
-11
-13
-14
-15
-19
-18
-19
-17
-14
-15
-13
-13
-15
-12
-12
-11
-10
-8
-4
-6
-8
-6
-4
-3
-2
-2
-2
-1
2
2
4
6
5
7
8
11
12
14
15
16
14
15
16
16
17
16
16
15
14
14
14
13
17
15
13
13
13
12
12
11
13
7
6
5
2
2
-1
0
-2
-1
-2
-1
-4
-3
-4
-4
-3
-2
-4
-6
-5
-5
-4
-5
-4
-5
-6
-7
-9
-11
-11
-12
-14
-11
-11
-13
-13
-16
-16
-18
-17
-17
-15
-15
-15
-15
-15
-13
-16
-15
-12
-10
-6
-5
-4
-5
-1
1
2
5
6
7
7
12
13
14
12
9
10
9
12
10
12
10
9
7
6
9
9
9
9
6
4
7
9
10
13
13
13
13
15
12
12
11
10
9
9
6
5
3
2
1
-2
-2
-3
-4
-3
-2
-4
-2
-5
-4
-3
-5
-5
-4
-3
-5
-5
-5
-4
-3
-3
-3
-6
-6
-8
-9
-11
-8
-8
-9
-7
-5
-5
-5
-4
-4
-1
-4
-5
-1
-1
0
-1
1
0
-2
-1
0
0
3
4
2
2
3
1
0
1
1
1
3
5
3
3
4
5
3
2
4
3
3
4
2
4
3
-1
-1
-2
-4
-3
-3
-1
-4
-6
-4
-5
-2
-4
-5
-6
-4
-2
-1
-1
-3
-2
-4
-2
0
1
2
2
1
0
2
3
3
2
4
5
4
5
4
4
4
1
0
2
1
-2
-2
-2
-2
-6
-7
-4
-2
-2
-2
-2
-3
-6
-6
-6
-7
-6
-6
-6
-4
-4
-5
-4
-6
-6
-6
-6
-7
-7
-3
-5
-2
-2
0
1
1
1
2
3
2
2
5
5
6
5
7
8
7
7
8
8
8
8
8
9
