-4
-4
-4
-1
1
3
3
3
2
3
2
2
3
3
4
4
4
5
5
6
5
6
5
6
5
2
1
0
1
3
3
3
5
3
4
1
3
2
1
-1
-3
-5
-7
-9
-8
-6
-6
-7
-8
-6
-8
-8
-7
-8
-8
-5
-3
-3
-4
-4
-5
-5
-6
-6
-5
-4
-1
-2
0
0
0
2
4
6
6
8
6
6
6
5
8
5
5
2
1
2
4
6
6
6
6
7
6
8
9
6
5
3
2
3
3
3
4
2
1
-1
1
0
2
3
3
2
1
1
2
0
0
0
-3
-3
-4
-4
-3
0
1
0
0
-1
-4
-4
-4
-3
-4
-4
-3
-3
-1
0
0
-1
-1
-3
-4
-4
-4
-5
-4
-3
-5
-4
-5
-6
-4
-3
0
3
3
4
5
5
5
4
6
5
5
5
6
4
3
3
3
2
1
2
1
2
3
3
4
4
2
3
2
4
4
5
5
2
0
-1
0
-2
-4
-7
-7
-6
-6
-5
-4
-4
-6
-7
-6
-5
-7
-7
-7
-9
-9
-8
-6
-6
-6
-8
-9
-8
-6
-5
-2
-2
-1
0
-2
0
0
0
-1
-1
0
-2
-2
-1
0
0
0
1
3
6
5
6
5
3
3
5
5
6
6
6
6
7
7
5
8
8
5
3
3
3
4
7
6
3
1
-1
-2
-1
2
2
1
1
0
0
1
0
1
1
3
5
5
5
7
6
5
5
4
3
1
-1
0
0
1
0
-1
-2
0
1
1
3
1
-1
-2
-2
-3
-5
-5
-4
-5
-5
-5
-1
-1
-1
-2
-1
1
1
2
2
2
1
0
-1
1
2
1
0
-1
-1
-3
-2
-4
-4
-3
-3
-2
0
-3
-5
-5
-6
-6
-4
-3
-3
-3
-3
-4
-5
-4
-4
-2
-3
-4
-3
-5
-4
-3
-2
-3
-2
-1
-1
-1
0
0
2
3
2
1
2
1
2
3
4
3
4
3
1
-1
-3
-1
-1
-1
0
2
2
2
0
1
1
1
1
1
1
0
1
-1
-1
0
0
0
0
1
1
2
2
1
1
2
3
3
3
2
3
1
-1
-1
0
1
2
1
0
0
0
0
1
0
2
2
3
3
4
2
0
-1
0
0
-1
-1
-3
-4
-5
-4
-4
-5
-4
-4
-4
-2
-2
-3
-2
0
1
0
1
2
1
4
4
4
4
5
6
5
5
5
5
6
7
5
6
8
7
6
7
8
6
6
4
3
1
-1
-3
-4
-5
-4
-3
-1
0
0
-1
-2
-3
-1
0
0
1
0
-1
-2
-4
-3
-2
-2
-2
-4
-4
-7
-6
-7
-9
-8
-9
-7
-8
-7
-6
-6
-5
-3
-2
-2
-2
-1
-2
-3
-2
-1
1
-1
-2
-3
-1
0
2
1
0
-1
2
3
4
3
3
3
1
1
1
-1
-1
-2
-3
0
-1
-2
-1
0
0
0
-1
-1
0
1
3
4
4
1
-2
-1
1
1
0
0
0
1
2
2
3
1
1
2
2
4
2
1
-1
-2
-2
-2
-3
-1
-2
-1
-1
0
1
1
2
2
1
1
2
2
1
3
2
1
0
-2
-1
-2
0
2
3
4
4
4
2
4
3
4
5
5
4
5
6
3
3
3
0
1
2
1
1
-2
0
-1
-5
-6
-6
-5
-4
-3
-2
-1
1
-1
3
3
4
3
4
6
5
5
4
2
1
1
0
0
1
4
0
-2
-1
-2
-1
4
5
4
4
4
5
5
7
8
6
3
2
3
3
3
1
-4
-5
-4
-2
-5
-7
-8
-8
-9
-8
-11
-12
-11
-12
-12
-13
-10
-13
-16
-16
-13
-14
-12
-12
-10
-10
-8
-6
-3
-3
-4
0
-1
-2
6
7
3
5
5
5
6
5
6
6
4
7
4
0
3
8
0
-1
9
10
5
2
4
6
2
1
4
6
5
5
10
5
3
7
10
4
0
0
5
2
-2
-4
0
3
-6
-2
3
3
1
-4
1
-3
-8
1
3
-3
-7
-3
2
-3
-9
-4
-1
-6
-6
4
1
-6
-4
4
3
-5
-6
9
2
-8
0
10
4
-4
5
7
-1
-3
9
8
-2
-1
2
1
-3
6
6
2
0
9
3
3
13
10
3
1
11
14
5
6
10
1
2
15
11
-2
8
10
-3
-6
4
11
0
-6
3
2
-5
-5
-7
-10
-11
-11
-5
-16
-11
0
-22
-23
3
-4
-12
-15
-3
4
-8
-11
-5
2
1
-3
-7
0
3
0
5
-8
-3
8
-3
-5
3
9
-6
-11
6
11
-2
-4
4
11
-7
-14
10
5
-13
1
2
-8
2
4
-4
-7
5
5
-5
-2
3
-1
-5
0
3
-7
-6
-3
-1
-7
-4
-3
-1
0
-3
0
-4
0
12
3
-4
8
10
-1
-13
8
10
-9
-8
2
-2
-4
-1
1
-3
1
6
-3
2
10
8
1
-9
-1
16
0
-10
16
10
-2
1
5
4
-1
4
4
-1
7
15
0
9
8
6
7
5
12
12
2
9
6
-3
9
4
1
8
-6
2
5
-8
3
3
-4
-8
-1
-1
-11
-3
4
-6
-18
6
12
-18
-16
14
-1
-12
-11
2
6
-16
-9
1
2
-11
-2
6
4
-5
1
7
-6
-3
4
0
2
4
5
1
8
-4
-7
8
12
-8
1
11
1
-12
-17
13
0
-15
-3
10
-3
-12
-2
10
-2
-9
6
7
-9
0
7
0
-10
1
8
-4
-14
3
3
-3
-19
12
0
-16
-3
-3
-2
-10
2
-3
3
-11
-13
8
-3
-14
4
9
-11
-9
-6
2
-4
-1
4
1
3
-8
3
7
-1
0
7
10
1
-1
18
10
-3
18
8
4
7
-2
14
-5
5
15
-12
4
4
-7
5
-8
4
14
-7
1
-5
2
14
-12
7
7
-9
3
-9
6
15
-17
6
8
-14
4
-12
11
1
-23
19
5
-20
7
-4
2
-11
-9
6
-11
-18
-2
-7
-2
-3
-12
6
-11
-2
6
2
-8
0
4
-10
-7
0
8
1
8
-3
13
3
-2
-9
13
6
-4
10
10
3
11
17
3
6
9
16
-8
18
9
17
-16
-1
23
-8
-11
8
18
-2
-6
9
11
-25
0
16
-3
-14
3
13
-21
-8
11
10
-19
4
8
-11
-19
20
-8
-24
11
4
-34
-18
21
-7
-15
-3
14
-18
-26
12
5
-13
-10
28
-8
-27
6
30
-17
-23
38
15
-46
5
47
-19
-36
30
33
-46
-11
30
1
-26
13
49
-14
-44
29
26
-53
0
43
-15
-44
9
18
-30
-19
31
0
-39
-2
23
-7
-25
6
27
-18
-19
17
-6
-15
12
16
-18
-5
19
-12
-19
22
15
-17
-7
29
-22
-2
16
6
5
-10
12
2
-18
7
20
-7
-14
14
12
-18
5
30
15
-15
25
15
-6
1
20
2
11
-7
7
11
-3
5
9
-1
-4
-5
-14
14
-11
-6
23
-13
4
-3
-9
23
-26
5
19
-31
-6
8
-24
-12
6
5
-18
7
-2
8
-6
-4
29
-9
-11
6
5
-8
4
12
16
-14
-11
19
-11
-14
28
10
4
0
3
7
-12
12
12
5
2
9
-16
5
25
-11
6
5
2
-17
12
21
-2
14
14
-9
-13
-13
10
7
-12
0
14
-21
-30
13
-23
-22
12
-4
-20
-5
-15
-6
-16
-4
-5
-29
-6
-13
-32
-3
0
-5
-15
-1
-2
-8
-12
1
37
-21
-18
34
-17
9
10
12
15
-11
8
-5
22
-18
7
20
8
-27
1
11
5
-16
-12
38
-14
-35
51
11
-45
27
26
-16
-16
5
28
-6
-34
34
22
-36
-15
26
25
-37
-4
64
-30
-42
27
11
-26
-12
20
-28
-22
-1
-2
8
-10
0
13
-10
-34
24
26
-5
-14
38
1
-27
17
11
-11
14
-14
3
-1
-14
3
32
-19
-9
35
0
-16
9
54
-13
-12
32
6
-18
-3
22
23
2
7
24
-10
-2
26
16
24
-1
39
-6
-15
34
21
-5
7
14
-7
-23
-5
23
0
-28
18
-4
-21
-32
38
13
-37
6
36
-32
-41
18
18
-19
-34
27
-2
-42
-5
24
-6
-36
-1
21
-28
-9
16
18
-30
-18
32
-20
-21
5
6
-15
-10
-5
8
-2
-16
15
-1
-23
-23
23
28
-46
-13
72
-20
-64
7
38
-31
-48
25
41
-53
-18
19
-2
-5
-7
18
10
-42
-4
27
-49
-2
53
-27
-34
-7
23
-31
-25
38
-5
-38
4
22
-48
27
23
-24
16
-14
-27
40
-28
-11
59
-28
-11
-14
-7
10
0
11
-9
-3
0
-16
-17
42
10
-12
19
2
-9
8
19
6
15
10
-1
5
6
22
18
-11
30
1
11
5
54
7
16
56
-4
4
7
45
13
-15
38
28
19
-16
-6
56
-22
-36
70
5
-40
23
28
0
-27
45
9
-31
-5
44
-10
-13
17
16
-67
4
12
-28
-3
8
-18
-25
-40
-4
10
-49
-8
10
-7
-63
5
5
-60
-9
-31
-20
4
-26
4
-7
-11
12
-35
-16
26
9
-14
5
19
-15
-39
-1
25
-19
-12
35
-19
-24
18
-10
-25
37
-1
-13
17
20
8
-26
26
18
-16
-20
35
6
-45
-14
45
-25
-59
52
0
-56
22
3
19
-15
-20
10
13
-9
11
-2
38
-7
-14
-30
52
7
-50
49
27
-40
-28
12
21
-17
-26
81
-29
-1
-21
36
-38
-18
35
14
-37
12
69
-54
-8
53
3
-54
52
23
-12
21
24
6
-22
24
-15
-4
9
12
21
-19
-9
-8
14
-44
25
32
8
1
-6
22
28
-41
-8
49
-8
-19
-48
51
-4
-66
25
48
-40
8
19
-14
19
-32
34
27
-70
17
70
-47
-11
49
15
-63
4
46
-66
18
43
-14
-38
6
1
21
-17
2
47
6
-50
-17
51
-44
-39
49
27
-61
18
48
-46
1
5
2
-25
10
16
-15
51
-16
13
-13
-28
-7
-24
28
15
1
5
-6
-70
-9
-13
-32
12
38
-17
-29
47
-78
16
7
-14
20
-2
11
-3
-5
39
-58
20
74
-103
78
16
-2
9
12
-2
-8
-24
29
0
-3
44
1
-8
-10
-24
30
8
-68
80
3
-81
36
-18
4
-11
-19
36
-48
22
-12
-6
39
-13
-24
33
-34
26
-23
45
-29
-3
-8
-54
59
-52
-9
24
4
-18
-63
11
83
-71
-19
26
38
-74
-44
72
2
-23
-37
66
-25
-40
32
5
53
-47
-29
70
-8
-58
19
-1
35
-41
-20
7
25
2
-54
38
26
-36
-53
40
79
-35
-49
88
12
-41
-54
57
111
-113
-1
105
-26
-49
2
102
-59
-32
80
-56
-17
68
-9
42
9
23
-48
5
42
8
-3
61
-31
17
-3
-74
74
34
-64
-1
75
-45
-26
17
57
-67
-30
42
-21
5
29
26
1
33
-48
-28
41
24
-2
12
99
-30
-67
2
6
8
-41
23
63
-58
-50
40
-9
19
-90
70
26
-96
28
20
-45
-15
43
-42
-21
59
-78
-22
91
-91
-61
63
19
-113
43
71
-129
-5
80
-43
-29
39
4
0
-86
-29
12
-1
-34
20
73
-91
-57
42
-16
-117
119
-27
-49
4
-36
17
-88
67
17
-20
-22
30
-53
40
-19
46
-10
-15
-3
76
-23
-54
152
8
-130
26
121
-115
-1
118
61
-109
19
72
-34
-19
54
55
-30
-24
39
-16
7
-14
46
48
-56
-10
16
22
17
3
47
-43
-14
48
-31
31
34
51
43
-132
48
89
-159
63
108
21
-107
26
76
-54
-65
75
39
-14
-85
-1
71
-120
33
32
-8
-11
-51
11
38
-32
37
-13
47
23
-133
69
85
31
-98
77
34
-89
-18
58
-9
-6
-13
-8
16
6
-112
89
40
-53
-9
28
-20
-42
0
10
-34
-31
35
-59
17
-26
32
-45
-3
-21
46
-37
-26
104
-21
-143
141
36
-160
70
37
32
-122
-35
155
-18
-184
116
34
-25
-22
-81
131
-16
-66
10
94
-50
-47
34
109
-115
-2
53
-53
-34
-14
51
-98
144
-36
-89
20
-7
-34
-73
117
-32
-53
69
-88
-69
31
-89
90
13
-34
-22
34
-15
-60
-1
82
10
-163
146
-88
33
-76
-20
76
39
-168
105
64
20
-95
23
165
-269
116
92
-161
111
176
-110
-31
154
-35
-35
111
75
-20
2
107
43
-114
126
73
-55
94
-10
-31
125
-52
-23
79
15
-31
2
48
84
-19
-8
77
-136
57
26
-102
67
13
-56
-27
-72
-40
-34
-21
56
7
-67
-40
0
-101
93
-82
58
-34
-11
-85
36
-92
64
47
-55
54
14
-67
-77
120
71
-103
-77
203
-148
19
-37
7
181
-38
-172
62
89
-191
-27
206
29
-135
-117
200
-30
-268
239
27
-38
18
-146
97
3
-134
105
40
-32
52
-305
234
37
-347
101
258
-130
-148
-27
235
-140
-46
11
98
-81
-87
-107
248
6
-147
127
-120
157
-219
-31
243
137
-124
-70
168
141
-333
35
329
-80
65
-101
-22
104
-43
-152
171
172
-245
92
19
53
4
-115
100
6
-28
23
-87
122
14
-169
167
-66
-151
72
1
151
-157
68
21
-131
49
-187
160
105
-218
101
128
-215
-96
126
59
-44
-80
188
-212
84
130
-273
104
138
-136
-206
242
24
-119
-169
278
-22
-205
51
-81
262
-52
-24
22
83
-85
-111
102
30
86
-197
204
53
-191
-42
263
58
-211
117
57
85
-202
265
-52
33
15
-123
116
-12
-81
135
-11
-77
194
-203
-99
88
-47
-4
34
80
-18
-144
272
-49
-144
101
96
-78
67
-122
85
55
2
-168
106
42
-135
23
60
66
-157
60
-115
-111
86
32
-85
27
136
-58
-143
72
5
-90
-22
-1
65
-144
36
-19
-117
125
-259
154
-119
48
69
-122
164
139
-317
87
90
-99
42
-73
316
-154
-165
155
27
-205
-25
191
143
-129
22
85
-165
12
10
-132
138
111
-94
-60
91
7
-151
2
126
-125
79
-81
272
-128
-169
156
-39
27
9
-85
88
163
-123
25
-69
78
-130
32
194
-91
-101
217
-78
-214
177
-66
-23
-7
38
-15
122
-166
44
-5
68
-147
-50
225
-90
-63
96
0
-252
256
-227
-18
122
131
-180
37
93
100
-195
115
169
-173
103
-1
77
-18
-45
64
6
-151
76
138
-54
-90
134
195
-245
6
188
-71
23
46
-31
102
151
-349
30
221
-94
-217
149
47
-136
-80
147
-100
18
20
-93
142
-24
-179
188
24
-45
148
-282
90
82
-118
-70
176
-19
-126
-39
304
-308
-205
320
-119
-31
-8
176
-295
210
-64
-84
9
41
50
-75
90
-12
141
-256
78
108
3
-241
312
2
-145
37
25
75
-234
102
46
81
-77
36
-4
-85
66
-15
-94
6
239
-198
-97
246
-129
-153
-148
354
-60
-322
127
187
-323
38
-3
95
-157
-34
254
-349
32
211
-91
-197
169
83
-129
-95
174
15
-157
207
10
-149
-73
151
87
-214
85
257
-241
-327
446
-83
-301
151
124
-85
-263
256
143
-421
123
296
-210
-193
209
98
-254
64
146
35
-151
84
156
-108
-108
421
-162
-130
190
149
-60
-184
336
49
-102
-30
311
-70
-97
109
-22
-92
46
30
-84
50
116
-48
-69
-6
63
9
-175
223
178
-222
-25
347
-189
-180
224
240
-390
145
261
-305
-78
279
32
-384
263
-7
-72
-52
53
120
-35
-144
71
237
-288
17
347
-95
-268
277
250
-514
41
165
111
-241
126
12
-67
-45
-129
82
81
-106
-81
249
-288
-110
199
-61
-292
177
171
-359
-59
224
-121
-258
45
228
-226
-97
105
35
-289
-13
176
-172
-87
25
97
-133
-51
26
42
-102
-91
180
-1
-79
105
174
-264
-174
261
124
-260
82
394
-145
-229
49
273
-271
-54
174
-14
10
0
98
-19
-176
-41
147
-71
169
32
63
-75
-80
-13
-10
92
20
21
-4
125
31
-90
-8
-93
-34
-13
94
118
-55
62
-26
-210
70
54
-105
160
105
-105
43
64
-47
-141
-51
147
-62
27
141
-22
-90
-56
63
-1
22
82
69
-33
114
-60
-69
167
-123
-32
103
31
-72
167
2
-181
36
-9
-37
52
181
-80
25
17
29
-19
-106
176
-116
97
-29
9
75
-52
-220
13
-1
-53
92
36
119
-116
-76
-31
-25
53
-7
-33
70
35
-74
-22
44
-89
-5
-9
-5
21
71
-51
-104
-21
8
-68
33
158
-27
-66
72
-30
-99
81
-43
-36
78
-6
-44
-30
168
13
-233
23
200
-97
-75
101
186
-57
-125
108
-2
-1
-52
-11
79
87
-109
122
-108
-127
151
-78
-43
133
-57
-99
-4
-38
-44
-129
125
-21
-102
58
-6
-78
-26
-58
73
-24
-39
70
-47
-27
19
-22
19
8
20
-41
-20
61
30
55
50
25
31
-58
58
153
-10
-34
6
31
-124
-52
143
-44
-44
33
45
-68
-27
76
-51
-28
55
-11
-3
38
-18
-1
28
30
18
10
-13
-12
32
77
-22
-24
-54
-32
-59
-82
81
134
-75
-67
-32
-66
1
-86
28
46
-10
-68
-66
89
-23
-158
-14
37
24
-104
-12
131
-41
-78
6
34
41
-9
-65
52
62
-23
-20
-10
17
19
-36
23
170
73
-49
103
81
-19
17
218
67
-35
166
52
-9
22
121
-8
-63
43
37
-1
-1
144
-2
-45
-10
36
86
-42
53
164
-29
-59
-3
76
-46
-43
66
-59
-34
87
-43
-86
10
-51
-150
-98
-78
-105
-79
-128
-94
-88
-231
-242
-153
-176
-219
-195
-116
-249
-310
-160
-168
-166
-102
-141
-91
-84
-76
13
53
26
91
111
198
152
223
321
269
273
307
267
335
321
262
321
275
253
211
241
257
162
113
214
181
110
96
97
14
-22
-71
-43
48
-4
-59
9
-31
-64
-79
-6
19
-20
-58
26
-4
-12
-13
-30
62
-12
-105
-297
-578
-938
-1093
-712
190
299
-210
-869
-1051
-1016
-891
-719
-305
-57
-69
-204
-422
-309
-21
17
-123
-58
197
722
918
813
622
403
221
314
721
1024
1201
1040
652
319
277
298
335
499
378
87
-124
-144
-54
-143
-308
-356
-391
-403
-255
-7
-125
-216
-279
-284
-214
21
335
132
109
229
199
265
386
369
342
292
307
222
166
279
158
90
45
-25
-124
-186
-171
-282
-290
-268
-280
-315
-637
-635
-578
-358
-222
-341
-379
-433
-461
-535
-557
-343
-280
-648
-721
-528
-14
224
-55
-559
-717
-429
-168
-124
118
354
281
15
-257
-105
334
647
594
272
203
539
686
645
478
376
427
410
551
618
741
634
143
-214
-158
241
597
408
92
-185
-480
-438
-197
139
206
-36
-168
-96
-74
-16
78
115
114
112
277
398
433
419
370
189
237
447
560
345
238
212
164
37
-72
-68
-118
-170
-325
-479
-535
-475
-390
-471
-584
-427
-400
-460
-483
-456
-576
-1115
-1522
-1311
-151
742
391
-773
-1480
-1079
-533
-433
-334
80
490
211
-483
-647
-201
476
603
89
-129
360
1051
980
418
85
217
537
682
771
996
1143
859
253
-169
104
757
1075
707
29
-233
-168
70
198
-43
-235
-56
141
-16
-414
-476
-267
84
136
-15
30
114
-126
-370
-171
363
593
424
217
72
2
165
416
472
278
131
218
136
-37
-20
-20
-122
-137
-59
-75
-256
-220
-377
-622
-623
-359
-72
-156
-420
-540
-548
-479
-406
-310
-87
-69
-156
-270
-207
113
173
-238
-887
-1040
-619
285
828
408
-604
-1041
-890
-605
-324
-102
96
103
-195
-642
-775
-213
338
189
-130
-152
227
647
557
369
293
320
439
554
748
1021
988
732
401
408
540
744
968
800
309
114
205
375
166
-245
-358
-24
421
250
-142
-249
-204
-375
-329
86
307
212
-1
-202
-142
170
477
474
100
63
54
96
162
391
355
17
-196
-189
-86
-192
-234
-88
-110
-323
-341
-379
-398
-496
-578
-658
-511
-225
-237
-363
-303
-166
-361
-736
-1135
-1325
-1063
-224
702
592
-527
-1634
-1543
-821
-259
2
101
212
87
-449
-922
-564
490
1027
422
-185
71
781
1016
575
234
368
876
1108
882
853
1055
1088
763
471
695
1040
1143
832
237
-64
107
403
437
167
-129
-205
-70
47
-291
-549
-343
-74
-127
-430
-522
-425
-379
-340
-66
96
125
-147
-336
-225
27
429
558
292
34
-18
35
102
336
297
-31
-28
159
87
-146
-257
-296
-293
-374
-374
-365
-396
-477
-627
-568
-497
-357
-365
-598
-645
-438
-211
-227
-213
-130
-175
-225
-207
-306
-556
-553
-156
289
362
28
-429
-591
-396
-187
-144
-137
84
257
8
-452
-504
67
476
344
70
84
322
443
401
467
610
668
587
459
695
883
806
631
539
613
695
790
708
487
179
31
-33
19
102
172
115
-99
-287
-449
-390
-167
33
72
-140
-279
-249
-60
31
83
206
250
130
74
-44
47
261
261
207
59
93
-9
-76
-83
-156
-126
36
-2
-240
-385
-389
-230
-211
-314
-464
-360
-326
-354
-327
-543
-1116
-1450
-1154
-229
503
234
-910
-1745
-1366
-711
-392
-333
-141
47
-247
-921
-1133
-424
700
1042
286
-333
-68
697
957
708
720
1043
1154
876
607
752
1185
1497
1259
686
635
946
970
676
307
149
332
572
431
-75
-363
-294
-151
-141
-307
-261
-233
-307
-503
-693
-480
-90
16
-338
-573
-350
-19
15
9
78
237
303
103
-185
-146
134
309
337
262
151
42
-77
-273
-230
-8
63
-53
-278
-492
-618
-569
-345
-351
-393
-526
-564
-468
-539
-515
-471
-362
-376
-461
-363
-138
-28
58
-91
-140
45
189
-128
-594
-451
144
760
682
6
-624
-579
-157
115
84
64
154
105
-297
-662
-332
231
412
173
-149
-129
214
364
224
163
459
665
596
515
538
637
562
506
568
727
852
801
539
248
175
384
504
411
365
139
-106
-226
171
382
159
-25
-134
-205
-261
-77
116
42
-118
-218
-295
-238
69
251
76
-189
-283
-315
-319
-116
198
271
-47
-373
-501
-501
-311
-86
158
162
-103
-637
-978
-828
-366
-79
-145
-233
-325
-567
-850
-757
-408
-109
-370
-844
-969
-329
388
250
-547
-1113
-740
-140
176
47
88
270
107
-410
-766
-93
1086
1489
630
-430
-464
354
877
923
875
891
742
381
145
337
995
1526
1211
537
210
223
413
609
713
561
395
232
-58
-370
-445
-119
226
246
2
-463
-686
-518
-302
-266
-191
-130
-208
-640
-793
-406
46
140
-70
-236
-359
-288
-216
-112
5
190
247
73
-71
-198
-179
-60
142
305
205
-147
-359
-338
-238
-209
-226
-117
-38
-136
-417
-636
-561
-417
-279
-235
-122
-30
-243
-586
-571
-230
82
119
30
-12
-83
-160
-157
7
279
449
284
118
29
58
116
134
142
251
274
98
-27
41
189
166
136
107
61
190
235
185
161
170
308
354
260
170
227
360
398
253
156
200
318
322
277
246
236
150
-33
-69
31
225
228
151
29
-120
-166
-97
41
157
171
60
-107
-193
-105
160
279
99
-97
-112
-89
-137
-115
-111
-161
-302
-371
-351
-307
-242
-311
-473
-570
-510
-384
-319
-343
-355
-365
-370
-366
-306
-255
-197
-93
19
14
14
74
99
106
106
214
287
269
121
-38
17
181
388
366
221
61
-55
-39
-51
37
144
201
76
-87
-213
-251
-208
-66
22
98
147
24
-167
-179
7
125
213
291
291
263
191
139
98
123
285
409
372
244
104
78
111
146
180
175
179
77
-51
-61
9
69
40
-68
-118
7
60
-12
-111
-127
-124
-113
40
68
-12
-174
-325
-419
-210
107
132
-138
-465
-591
-553
-270
-6
71
11
-166
-437
-574
-371
-33
128
56
-64
-110
-71
-31
10
18
97
262
339
241
140
158
233
267
348
409
423
364
210
122
119
256
393
291
111
37
54
95
101
-15
-125
-151
-75
-15
-85
-188
-286
-376
-370
-217
-2
5
-212
-436
-492
-341
-174
-32
-86
-179
-125
-133
-268
-309
-196
-132
-58
-2
47
106
110
-53
-271
-186
94
350
377
225
149
93
92
208
377
450
391
353
283
183
233
266
169
154
189
208
199
173
26
-153
-154
-32
43
-59
-97
-107
-261
-342
-311
-123
71
105
-61
-337
-413
-216
65
161
158
120
28
-82
-127
-4
201
342
319
114
-83
24
164
158
73
42
25
-93
-136
-116
-87
-110
-232
-385
-348
-235
-215
-314
-476
-484
-411
-261
-103
-112
-268
-442
-430
-213
46
154
103
-99
-250
-191
-22
144
262
301
227
129
63
42
69
199
327
345
355
293
168
97
104
241
361
395
313
225
152
118
149
200
334
379
278
122
90
113
134
92
52
65
152
204
120
-51
-205
-210
-127
-62
-73
-73
-146
-303
-427
-429
-312
-181
-177
-248
-288
-206
-205
-254
-193
-30
118
163
136
97
105
133
168
227
252
285
377
334
214
101
22
-4
11
58
96
44
-127
-359
-473
-419
-302
-234
-250
-273
-329
-458
-554
-504
-310
-195
-151
-178
-236
-203
-159
-154
-196
-118
63
196
215
124
-22
-31
37
235
401
450
377
173
26
25
249
498
520
337
207
128
156
263
299
299
251
210
172
130
111
65
-3
-21
77
190
153
4
-165
-231
-144
28
110
89
37
-34
-137
-186
-57
89
125
78
-40
-152
-135
34
113
122
100
67
14
-133
-168
-90
21
96
32
-181
-311
-292
-274
-326
-241
-129
-117
-241
-395
-436
-443
-358
-245
-159
-118
-89
-183
-289
-308
-199
-63
34
150
173
66
-50
-102
-48
89
197
219
105
-58
-120
-98
-24
19
58
52
3
-37
-83
-66
30
144
170
107
118
168
181
211
230
288
389
416
326
284
344
351
319
327
397
480
379
221
177
233
179
114
120
163
222
105
-81
-165
-123
-40
-114
-246
-257
-227
-173
-112
-184
-270
-350
-359
-309
-198
-36
1
-93
-184
-196
-162
-44
101
143
94
34
28
-10
-24
41
91
105
47
-2
-53
-54
-82
-106
-112
-82
-47
-49
-115
-177
-219
-303
-254
-126
4
-34
-128
-265
-424
-385
-209
-12
45
0
-104
-262
-316
-284
-118
75
169
83
-120
-249
-222
-75
84
158
156
87
-56
-10
122
172
200
257
235
142
151
195
235
255
258
239
199
167
195
236
180
176
207
217
174
130
120
146
186
192
189
227
224
193
113
120
210
310
324
236
185
169
191
150
136
107
127
65
-44
-105
-134
-153
-222
-245
-285
-309
-341
-396
-465
-504
-474
-428
-434
-489
-527
-524
-465
-429
-414
-409
-359
-263
-254
-254
-239
-217
-142
-61
-38
-13
-3
30
71
28
-9
35
128
83
10
10
75
154
188
123
49
45
81
130
187
238
249
141
28
42
197
365
424
368
274
214
195
286
372
445
480
419
298
238
227
276
328
396
381
290
188
58
-11
23
148
214
193
79
-101
-159
-124
-101
-19
42
94
26
-141
-286
-314
-194
-56
38
-40
-185
-257
-306
-328
-279
-123
-52
-93
-228
-362
-412
-348
-263
-195
-185
-224
-238
-271
-304
-337
-291
-241
-155
-71
-70
-212
-289
-257
-223
-142
-10
82
53
-32
-142
-183
-165
-52
46
57
45
10
-50
-81
-51
11
61
105
167
101
-34
-50
32
138
252
288
192
109
97
128
203
290
326
272
196
156
199
231
227
217
191
187
200
170
138
154
176
172
132
86
138
243
268
209
94
45
114
211
231
180
165
129
47
-1
28
89
135
116
-8
-126
-123
-80
-68
-109
-147
-140
-195
-244
-268
-280
-248
-195
-156
-224
-277
-250
-220
-196
-166
-133
-147
-162
-194
-233
-248
-197
-151
-137
-153
-181
-196
-195
-174
-191
-225
-203
-164
-151
-177
-196
-191
-170
-199
-151
-46
26
28
4
-8
-61
-32
83
186
210
148
101
71
99
161
222
286
296
282
177
104
169
243
312
390
415
349
254
235
293
347
415
436
355
304
240
237
228
212
251
269
227
165
122
50
28
49
16
-27
29
55
-39
-198
-288
-278
-232
-197
-179
-182
-265
-346
-359
-309
-218
-168
-178
-228
-249
-198
-168
-185
-184
-195
-181
-150
-100
-79
-136
-226
-213
-191
-145
-89
-101
-149
-213
-269
-300
-232
-148
-145
-186
-188
-176
-176
-218
-217
-177
-86
8
-1
-64
-99
-61
-29
31
129
162
150
94
109
151
243
320
293
234
268
286
269
289
309
296
231
222
269
289
247
168
149
213
258
241
154
144
196
243
251
274
293
267
212
181
235
300
314
253
205
151
105
108
91
46
33
46
-35
-142
-179
-202
-225
-222
-251
-259
-230
-312
-383
-385
-330
-275
-259
-243
-242
-257
-282
-244
-201
-210
-181
-115
-116
-166
-239
-265
-205
-171
-150
-138
-145
-150
-205
-252
-255
-193
-162
-149
-190
-225
-216
-168
-91
-102
-128
-106
-68
-60
-50
-19
20
13
6
32
65
99
145
208
211
178
154
145
183
251
313
279
292
257
236
274
315
394
381
356
330
334
395
465
483
387
289
296
347
410
417
360
252
147
107
142
171
177
156
80
-54
-163
-175
-153
-131
-160
-194
-224
-246
-299
-354
-378
-312
-264
-258
-231
-230
-300
-392
-339
-185
-104
-110
-175
-258
-264
-216
-182
-178
-137
-135
-219
-307
-315
-264
-216
-186
-223
-265
-294
-281
-212
-177
-167
-178
-170
-174
-137
-69
9
38
18
-19
-63
-29
100
254
275
227
165
102
106
168
286
381
386
337
262
229
233
267
300
347
362
305
234
195
184
188
192
230
267
223
138
92
116
130
138
164
226
235
181
137
145
189
212
179
121
96
109
134
121
94
49
-5
-59
-124
-176
-170
-121
-120
-181
-231
-247
-283
-262
-260
-298
-287
-234
-194
-223
-294
-332
-331
-303
-278
-273
-247
-227
-267
-360
-378
-307
-218
-197
-221
-223
-243
-286
-309
-267
-188
-125
-54
-75
-100
-113
-93
-65
-35
51
127
131
77
49
44
87
137
170
180
187
179
147
120
136
208
235
231
235
218
202
184
217
266
285
263
249
295
313
323
314
266
242
278
319
354
339
271
205
176
249
308
302
240
155
101
107
106
64
46
10
-21
-63
-48
-65
-127
-212
-243
-167
-112
-140
-188
-248
-273
-232
-198
-183
-198
-242
-299
-301
-245
-201
-203
-257
-331
-346
-352
-325
-305
-286
-301
-380
-421
-400
-373
-338
-304
-278
-234
-235
-263
-271
-214
-152
-101
-70
-39
13
62
70
74
146
190
170
182
256
319
359
305
249
251
331
399
413
420
384
349
294
265
313
355
330
303
274
282
282
257
194
124
175
271
276
188
106
78
62
85
134
151
167
111
-3
-85
-35
70
82
33
-44
-68
-76
-113
-144
-171
-153
-157
-194
-220
-228
-222
-219
-247
-271
-254
-215
-206
-212
-198
-192
-194
-212
-200
-172
-144
-121
-117
-133
-133
-109
-135
-161
-163
-163
-161
-163
-164
-175
-162
-173
-197
-185
-161
-121
-77
-35
-52
-110
-143
-78
3
69
108
115
112
75
52
59
101
163
240
248
181
136
106
109
146
218
248
251
219
141
94
98
164
252
281
236
161
120
92
127
178
186
177
163
137
70
50
87
129
100
50
56
72
88
52
-38
-62
-29
0
-36
-66
-63
-67
-73
-82
-87
-92
-98
-103
-112
-89
-43
-45
-77
-88
-77
-65
-75
-91
-116
-129
-111
-94
-106
-153
-175
-184
-189
-174
-134
-144
-170
-224
-285
-307
-260
-173
-133
-130
-154
-176
-192
-161
-96
-31
13
38
27
13
34
94
164
183
171
144
135
148
223
294
282
278
252
179
160
185
227
256
252
206
153
117
128
168
155
113
83
92
123
142
109
68
88
110
93
80
76
67
61
57
60
61
53
30
-14
-29
-2
40
74
32
-51
-102
-136
-142
-138
-117
-120
-147
-218
-277
-283
-245
-215
-211
-204
-223
-236
-258
-266
-252
-221
-162
-150
-162
-166
-184
-184
-172
-148
-100
-58
-53
-54
-72
-73
-59
-27
27
54
55
40
44
45
45
58
56
114
159
127
94
73
67
98
121
129
128
133
99
66
43
63
75
74
87
101
85
45
23
15
45
53
63
57
50
48
52
66
84
96
86
43
48
95
110
96
76
69
65
45
30
55
111
108
47
29
28
48
48
38
32
38
43
-8
-53
-55
3
22
16
-3
-10
6
2
-8
-22
-21
18
20
-23
-52
-34
-26
-39
-53
-57
-57
-46
-92
-119
-115
-98
-71
-104
-179
-247
-231
-171
-130
-112
-140
-176
-175
-170
-155
-118
-45
12
3
-62
-77
-38
-7
25
56
94
116
96
43
-7
31
112
142
118
73
32
20
39
57
90
132
123
81
63
68
107
105
85
74
48
37
45
76
100
110
80
21
18
39
20
12
6
1
7
5
-28
-41
-48
-45
-75
-87
-71
-35
-7
-32
-83
-122
-114
-58
-10
-9
-28
-53
-57
-56
-33
-14
12
19
-30
-71
-57
-42
-27
-21
-70
-98
-81
-67
-87
-104
-98
-75
-60
-77
-63
-42
0
35
14
4
43
30
-44
-42
23
131
236
263
212
133
102
21
-15
-7
54
140
215
265
234
143
-12
-104
-188
-239
-184
-23
131
175
136
51
-83
-213
-268
-245
-92
69
154
174
114
52
-6
-42
-94
-67
8
102
166
199
154
55
-37
-71
-84
-71
-9
59
92
134
18
-141
-134
-93
-74
-20
81
169
167
69
-63
-174
-194
-115
0
84
164
229
187
33
-129
-237
-221
-145
14
154
166
101
7
-147
-264
-226
-109
-7
55
100
89
25
-53
-151
-179
-122
-13
98
157
145
118
82
-1
-87
-66
-22
-3
13
41
28
-41
-101
-139
-124
-117
-155
-106
-83
-93
-107
-87
-96
-142
-157
-134
-57
36
60
23
5
-66
2
43
46
94
37
81
72
-55
119
117
32
114
-70
44
113
3
103
146
16
61
40
22
32
41
36
35
110
50
62
118
44
62
23
65
22
72
81
98
52
4
54
41
-11
-49
70
69
30
19
-49
68
-14
-93
-5
-25
81
108
72
91
-20
-150
95
45
-5
108
185
180
43
40
-3
-156
-137
62
86
48
152
154
-215
-240
-277
-182
-263
-113
80
-19
9
-254
-377
-334
-437
-290
-125
-7
123
78
-208
-236
-378
-424
-174
33
168
266
246
187
-172
-384
-5
-26
-100
322
521
347
230
-119
46
-172
-230
128
406
434
228
368
-20
-293
-222
124
-8
93
474
424
-96
-182
-14
-284
-212
75
395
312
-2
50
-85
-465
-268
46
-16
129
220
17
-4
-312
-30
-2
-222
11
266
253
89
113
112
-164
-55
104
161
138
289
466
-160
-179
68
-281
-8
281
158
103
-106
-160
-369
-479
-294
85
129
41
-159
-196
-410
-569
-302
-70
-80
14
254
-198
-225
-224
-378
-246
-60
170
115
222
-45
35
-254
-232
-136
48
270
197
225
106
106
-273
-21
-78
-17
358
502
315
-14
167
140
-311
-218
542
474
197
449
234
-192
-86
-34
87
122
415
412
91
-152
-68
35
-299
-67
258
333
-83
56
41
-172
-447
-55
279
-20
142
179
-30
-187
-107
-87
-140
-89
366
233
-70
-88
37
-298
-342
-57
221
143
141
-54
-75
-316
-433
-129
-7
-66
50
231
-428
-390
-206
-178
-568
-202
293
5
-202
-243
-98
-336
-492
-86
162
-96
168
151
-159
-319
-124
-80
-149
142
420
285
-127
-75
100
-183
-293
456
519
232
298
303
106
-370
12
423
212
323
442
275
107
-114
56
163
46
193
617
214
162
56
-176
-96
-79
22
186
461
144
9
-181
-442
-282
-50
-140
106
452
-56
-211
-138
-260
-581
-182
150
116
132
254
19
-246
-334
-307
14
73
50
372
255
-275
-145
-144
-341
-369
240
223
113
66
15
-253
-515
-345
-31
30
122
286
137
-290
-514
-311
-316
-406
306
280
6
83
-196
-330
-460
-258
47
242
130
277
-25
-57
-321
-164
-40
-8
487
362
98
199
67
-296
-118
152
309
211
465
276
75
0
-124
-74
-21
295
355
202
240
157
-322
-224
24
21
217
384
249
87
-100
-181
-142
-119
213
193
422
74
106
-49
-213
-28
-16
105
263
407
86
-48
-61
-101
-444
-2
370
-44
99
121
-117
-320
-392
-310
82
-124
-30
252
-114
-494
-320
-232
-481
-268
362
179
-192
153
-34
-548
-472
-123
163
-53
75
352
-74
-514
-378
-66
-274
-8
299
195
-8
138
-198
-465
-193
174
70
302
356
253
-13
-241
-207
-146
172
337
488
301
245
4
-189
-194
-22
351
237
289
445
-7
-23
-209
-177
-91
102
95
350
228
18
-121
-232
-31
-152
-17
402
180
79
177
-254
-84
-107
-125
77
92
227
123
99
9
-362
-212
147
-118
69
352
221
-193
-329
81
-358
-422
140
262
22
-163
48
-177
-367
-302
-40
73
-160
231
163
-263
-202
-208
-71
-54
-78
352
3
-70
57
-207
-236
-12
18
-177
219
33
-47
-126
-180
-136
-90
-157
112
160
-4
6
-61
91
-187
-106
356
36
24
247
176
-186
12
161
-1
-89
337
402
-77
85
157
-33
-67
223
223
126
30
438
28
-372
138
305
-143
13
329
146
-15
-74
218
-68
-139
213
227
-167
63
320
-257
-99
222
-155
-124
142
-107
-72
128
-129
4
-117
-38
-160
-73
32
-45
-32
104
-144
-69
-125
-174
191
-207
-213
242
-37
-375
54
-13
-424
-93
157
-170
-129
62
-60
-345
-145
-6
-241
-138
-46
-57
-19
-149
-189
25
-226
-279
309
-67
-200
135
137
-130
-107
169
120
-56
63
378
38
54
246
54
-46
137
124
102
227
159
141
-62
59
33
-22
-9
261
161
64
292
-94
-63
5
83
133
-111
339
320
-209
-130
309
-84
-157
45
301
50
-121
262
-83
16
-81
-51
-31
189
-213
282
4
-327
93
-173
-118
-68
31
56
2
-24
-106
-229
-180
-119
-11
25
83
-43
-80
-37
-183
-221
-1
64
-52
-30
162
1
-426
6
92
-289
-5
264
83
-248
61
-11
-175
-99
-18
-11
212
-197
-117
324
-303
-421
243
-53
-262
12
297
-59
-357
152
103
-307
-103
398
-133
78
173
13
34
-54
66
64
114
184
87
38
184
67
71
125
-6
317
185
56
21
197
226
-203
131
239
173
-43
158
153
-27
30
49
-60
116
116
-130
182
9
-219
114
-40
-150
8
149
-189
19
-150
53
-84
-230
90
-46
-14
-251
-53
45
-141
-375
17
104
-311
-169
-21
40
-377
-27
51
-148
-347
110
112
-440
-71
166
-33
-484
132
215
-272
-149
104
-68
-96
-250
292
182
-342
86
208
92
-304
88
352
-116
-67
298
76
-230
173
224
-167
215
222
-3
33
121
102
-195
150
223
-4
-67
306
107
-111
157
63
-47
118
89
135
95
38
200
14
-132
26
134
66
18
54
80
43
-82
-67
-72
4
-2
-3
-21
91
-115
-317
60
-119
-41
-75
151
-4
-160
-11
-35
-131
25
-100
169
98
-225
-28
274
-208
-95
167
-7
36
96
-65
66
93
-138
-21
107
-82
66
-52
119
-223
-130
68
-130
-318
177
227
-511
152
-10
-215
-115
-55
118
-93
-173
247
-127
-395
204
-170
113
-109
45
199
-260
-154
197
-2
-274
218
210
-80
-243
344
94
-252
-23
278
70
-89
181
143
154
-53
-61
283
103
-13
306
299
-204
124
115
-19
-46
175
247
-157
104
68
50
-47
-214
211
46
-140
58
68
-28
-48
-151
-126
109
-52
-39
-82
110
-27
-141
-137
54
-122
-119
129
-38
-150
120
-82
-322
-59
162
-211
-245
179
14
-236
-122
57
-111
-167
132
29
-235
67
75
-282
-79
33
-29
-116
-22
5
-26
-104
-44
33
-158
195
-135
-74
147
-33
-80
140
-128
80
131
-252
126
181
-112
-54
159
52
-17
65
165
153
-89
222
132
11
161
208
91
65
280
105
97
28
39
406
-34
-95
407
216
-149
93
396
70
-160
257
233
-355
31
455
-238
-188
341
128
-298
-215
274
-51
-403
148
57
-44
-158
-113
-43
-152
-255
15
-178
-69
91
-269
-107
-164
-96
-206
-91
-11
-184
-12
-79
-304
-68
-142
-249
70
-43
-151
114
39
-265
-88
180
-268
-70
144
95
-75
-66
109
57
-249
-142
265
-70
-122
179
8
106
-180
-143
66
20
19
174
35
-21
203
-201
10
22
75
114
173
137
176
43
-24
4
5
259
155
125
281
241
-97
-60
229
105
-185
304
317
-162
164
205
-228
-79
238
-12
-33
118
149
65
-175
-99
72
-191
3
122
0
-70
-17
-74
-186
-160
40
-48
-39
-9
-19
94
-220
-233
41
-114
-287
208
41
-198
-108
-2
-62
-363
-37
95
-208
-75
154
-200
-11
-104
-119
-59
-3
41
-161
19
51
-25
-312
89
210
-274
-16
175
-131
-94
135
128
-148
14
275
-29
-147
191
203
12
71
111
74
80
145
48
1
216
175
-126
16
487
-65
-156
283
242
-94
-16
412
19
-256
356
410
-317
-59
389
101
-386
136
506
-172
-304
354
63
-379
94
239
-34
-119
8
111
-258
-189
41
43
-218
19
58
-182
-165
-165
-86
-63
-247
-97
168
-176
-128
-212
-78
-119
-422
130
61
-113
-158
63
24
-374
-137
123
-19
-207
173
9
-100
-139
4
-86
-161
28
91
-68
-71
74
41
-191
-52
59
29
47
76
57
26
36
89
-175
29
225
0
23
200
194
-201
106
141
-118
112
219
221
-9
131
223
82
-327
438
178
-84
155
157
164
-178
150
153
-12
-99
258
63
-95
59
225
-163
-23
156
-18
-109
141
-44
-161
-66
173
-101
-245
24
104
-246
-200
215
-110
-162
-49
152
-85
-181
79
57
-191
-89
255
-101
-165
139
147
-274
-165
193
-12
-178
23
149
-109
-121
-44
-118
-156
24
31
-184
65
-73
-109
-66
-175
-78
-123
-14
104
-20
-211
42
79
-229
-120
226
24
-136
208
158
-151
-28
245
-35
-231
305
256
-113
28
315
-32
-131
216
236
-12
-4
448
90
-207
259
270
-126
-38
350
138
-148
52
453
-73
-347
124
343
-218
-180
406
53
-343
83
206
-214
-209
315
-59
-295
-8
183
-228
-187
-53
7
-96
-109
56
-38
-219
-23
62
-251
-27
148
-70
-209
29
90
-260
-107
149
-161
-158
57
35
-155
-89
115
-155
-213
15
84
-196
-129
-83
-142
27
-108
-18
59
-66
-30
-44
-52
-6
116
-11
179
-1
89
142
-76
48
-57
55
-21
185
122
150
-78
107
17
-178
122
275
97
108
180
163
-73
-110
166
27
-127
241
291
40
-61
92
78
-137
-143
202
200
65
21
104
69
-307
-106
174
-71
-111
209
174
-207
-48
87
-216
-135
-44
100
-15
92
129
-64
-58
-91
-19
-48
-57
196
16
-71
95
13
-131
-65
19
-87
-6
-34
170
-126
-187
77
-176
-283
2
68
-202
-55
50
-98
-80
-17
-92
-209
83
3
-161
-67
91
98
-89
-138
12
-43
-27
-13
-23
71
-94
135
-72
-134
-51
99
-100
-93
56
32
103
28
-47
49
-67
42
133
101
187
129
101
157
63
10
91
99
25
224
163
13
178
145
-118
-60
-26
-8
114
135
25
85
77
-120
-74
-57
39
16
-33
195
-24
-112
-36
6
-178
-74
-1
-56
154
76
-84
-69
28
-19
-126
-106
23
40
-37
-5
8
-75
-171
-67
-78
-271
104
-45
-122
-103
71
-99
-239
5
-60
-86
-147
-30
122
60
-114
132
-69
-49
56
-1
30
60
169
-10
-36
9
20
-28
-99
-46
74
73
-68
24
151
90
-179
-36
148
-75
100
106
155
6
-23
111
-70
-131
87
177
72
-2
119
192
-187
-20
97
0
-16
178
183
80
33
30
-6
-35
30
47
143
5
166
172
-32
-122
12
66
-59
14
207
112
-5
14
110
-186
-49
168
-107
-69
92
98
-115
-117
29
-16
-236
-174
62
-32
-199
-63
83
-215
-215
-77
-134
-141
-75
-8
-108
-97
-49
-28
-183
-66
56
-209
-53
-57
-16
28
-10
-108
-58
-21
-79
-108
17
142
42
-57
2
98
-121
-181
42
79
-66
15
132
5
4
-20
2
-87
88
52
-60
97
-14
120
28
-29
38
58
14
-33
102
101
108
129
58
27
85
153
-17
73
261
-30
4
184
153
41
93
207
49
-145
73
180
12
64
201
151
34
93
12
15
36
-59
51
82
53
-30
-5
-72
-188
-101
-22
-116
-55
78
-80
-105
-100
-101
-211
-226
-103
9
-27
-90
-27
-26
-170
-210
-118
-29
-123
14
39
-45
3
-46
-90
-88
-66
-51
35
-22
10
37
-55
-101
-33
13
-39
17
-55
91
32
-60
20
70
-34
-88
118
33
-5
102
149
-52
7
170
29
-5
125
137
-5
14
238
97
-38
133
133
-34
-28
212
89
4
151
78
35
32
138
27
87
118
76
-49
34
155
-46
-45
120
42
-155
-67
53
-99
-139
-36
33
-54
-106
47
-159
-215
-47
-19
-162
-108
86
-40
-233
-100
3
-109
-146
-11
-27
-97
-74
15
-42
-112
44
-83
-119
-18
-25
-44
-76
-30
-56
-102
-123
-53
-2
-39
-72
-12
48
-59
-84
-10
-34
-59
41
71
74
88
43
19
-36
54
104
17
29
184
135
30
52
119
62
2
65
112
127
119
60
94
105
18
49
139
20
90
135
73
159
124
48
48
57
37
42
85
112
38
147
17
-58
51
-3
-47
-3
51
87
-26
-69
57
-43
-203
-44
25
-126
-37
77
-63
-114
-15
-79
-194
-123
19
-77
-164
2
-3
-154
-133
-93
-131
-129
-94
9
-54
-41
-46
-148
-89
-99
-86
-79
-33
-8
-59
-60
-26
-64
-158
-62
-28
-90
-56
68
39
-68
-31
10
-11
-77
55
157
49
11
58
89
-10
-35
110
88
2
149
100
77
73
67
88
40
130
137
88
123
164
112
48
108
123
59
71
150
125
57
143
72
7
32
34
98
3
58
108
-45
-42
41
-12
-55
56
46
-68
-39
-56
-112
-106
-82
-69
-166
-92
-43
-133
-158
-143
-71
-176
-156
-56
-59
-74
-95
-52
-111
-83
-104
-118
-38
-32
1
-21
-51
-73
-90
-86
-92
-31
8
0
-53
9
-12
-131
-24
-25
-44
16
40
21
-39
45
21
-57
-43
97
63
6
71
107
31
15
113
45
48
153
126
58
123
163
92
106
210
133
89
113
161
129
93
158
156
135
122
138
59
79
82
65
84
105
81
68
37
-54
-45
-13
-37
-42
6
17
-38
-104
-103
-105
-112
-151
-71
-10
-35
-39
-76
-88
-75
-136
-130
-51
-4
-57
-46
-7
-75
-133
-111
-71
-97
-88
-24
13
-109
-96
-25
-136
-169
-65
-36
-99
-55
2
-78
-114
-59
-57
-72
-55
22
19
-85
-52
19
-68
-75
25
18
-16
24
49
9
-15
68
84
17
42
138
31
-38
58
78
53
68
91
139
70
67
122
82
33
99
110
62
97
105
128
54
67
56
21
74
59
56
56
91
-12
-38
39
41
-5
19
82
5
-27
-12
-20
-4
-21
-24
14
-33
-97
-62
-65
-111
-47
11
-12
-52
-7
-37
-107
-73
-54
-28
-49
-34
-45
-63
-103
-102
-81
-77
-19
-47
-51
18
-40
-105
-126
-79
-50
-92
-60
38
-14
-99
-9
-31
-120
-47
36
-41
16
53
43
-2
-37
59
25
-26
103
142
62
83
156
68
-3
90
116
36
83
183
95
35
128
129
47
78
202
145
31
119
100
14
28
90
59
59
83
72
10
12
48
28
3
40
49
-10
38
-10
-68
-34
-62
-81
-53
-50
-59
-120
-74
-74
-107
-61
-22
-60
-70
-62
-44
-102
-77
-19
-69
-92
-21
-35
-134
-96
-68
-68
-107
-49
-7
-29
-85
-74
-59
-99
-68
-40
-46
-46
2
-21
-94
-70
-62
-110
-86
-29
-11
-33
-26
-21
-61
-69
-42
-1
-14
-1
71
26
18
26
25
51
45
99
138
133
99
58
48
51
77
93
133
164
129
102
48
36
51
88
71
80
128
121
56
74
85
65
59
104
96
98
130
68
5
3
32
-4
-17
31
85
-10
-65
-21
-10
-91
-54
22
-16
-61
-23
-46
-154
-96
-17
-78
-107
20
-6
-140
-82
-48
-111
-111
-28
-27
-81
-50
-19
-85
-67
-70
-53
-76
-55
-8
-82
-61
-43
-57
-63
-69
-29
-52
-43
-38
-78
-43
-26
-52
-47
2
26
-6
-10
-7
28
7
-2
91
72
55
70
50
32
8
47
93
96
100
151
146
55
44
97
38
52
118
135
87
62
94
15
-41
22
84
66
35
72
58
-9
-45
-8
6
-18
45
47
17
-32
-24
-42
-108
-58
25
-27
1
19
-41
-42
-66
-22
-27
-36
12
35
-39
-30
-30
-90
-71
-41
-36
-44
-5
-18
-49
-71
-88
-70
-67
-48
-37
-28
-31
-59
-52
-75
-55
6
-43
-6
31
-16
-35
-52
-39
-20
-48
-12
12
-21
-40
-32
-19
-49
-36
18
13
30
24
37
23
-19
7
40
43
24
74
92
35
29
35
27
51
79
96
98
72
84
78
42
101
94
76
99
86
68
54
53
24
4
49
53
7
-8
36
-14
-47
-3
9
22
27
19
-18
-22
18
-56
-61
1
-24
-40
-27
-16
-69
-76
-26
-52
-65
-15
-17
-29
-55
-71
-61
-55
-52
-43
-21
-66
-77
-35
-69
-79
-41
-8
-55
-51
-25
-47
-70
-50
-38
-42
-30
-13
5
-7
10
45
-12
18
68
35
19
43
102
54
29
16
27
9
-37
47
82
38
55
60
8
-6
26
51
25
52
73
59
16
-2
33
15
13
53
40
59
49
62
28
32
65
29
30
46
27
-6
-9
-5
-17
-44
-21
2
-4
-15
-9
-7
-30
-31
-23
-39
-23
-42
-7
-28
-47
-58
-31
-26
-53
-24
-61
-34
-30
-64
-51
-43
-38
-71
-56
-33
-69
-27
-24
-40
-39
-13
-12
-43
-13
1
-11
-40
-21
-7
-23
3
2
6
-19
-19
-4
-22
-17
7
-8
-6
15
10
-34
-14
9
7
-8
12
60
19
-11
20
23
-8
11
34
23
28
36
32
26
10
49
38
31
72
77
23
44
78
44
32
83
66
36
42
69
64
28
59
61
61
40
66
74
42
50
50
45
36
62
47
22
16
40
22
18
25
39
21
-15
-21
-19
-53
-36
-8
-65
-57
-15
-50
-92
-68
-32
-74
-68
-7
-20
-65
-57
-26
-73
-90
-41
-31
-83
-98
-40
-59
-96
-41
-17
-91
-81
1
-54
-82
-33
16
-51
-55
-10
-44
-54
-28
20
-22
-22
15
-12
-28
-4
1
4
24
22
3
26
7
-3
0
6
32
40
9
54
63
29
51
46
85
66
39
87
69
11
51
54
22
32
60
39
13
45
39
11
-7
38
50
15
50
61
18
4
5
-20
-6
0
0
0
-12
16
-38
-54
-22
-16
-46
-62
-26
-42
-70
-71
-42
-43
-44
-47
-39
-53
-59
-22
-32
-47
-24
20
-44
-67
-14
-13
-44
-55
6
-15
-39
-1
-10
-37
-17
18
-9
-18
22
27
-9
-2
70
27
17
44
34
27
19
31
47
21
24
29
17
23
15
38
22
47
67
47
50
44
61
53
65
97
47
81
77
23
47
61
34
8
57
35
27
26
36
34
7
27
28
2
-2
16
6
-10
13
16
-27
-18
-18
-35
-33
-31
-30
-43
-41
-27
-58
-47
-36
-55
-58
-30
-34
-65
-41
-28
-43
-45
-38
-31
-46
-35
-46
-50
-44
-48
-46
-40
-35
-46
-38
-28
-37
-45
-31
-31
-46
-24
-23
-32
-24
-24
-19
-21
-6
12
-7
5
0
-23
-6
-2
4
-2
-10
-4
11
-11
-9
20
15
2
3
2
15
25
30
29
36
43
39
29
36
56
46
23
32
53
37
36
34
21
21
0
-3
13
1
9
34
13
28
34
60
37
49
86
50
47
57
27
8
36
26
10
20
35
-7
-16
2
-3
-18
-8
26
-17
-18
7
6
-10
17
19
-7
-15
1
-9
-40
-45
-39
-45
-53
-45
-36
-16
-41
-45
-34
-58
-55
-41
-28
-33
-27
-16
-29
-42
-19
-26
-29
-7
13
4
-2
-7
-22
-45
-24
5
17
8
57
44
-12
2
38
24
9
57
73
45
33
62
44
11
25
31
22
19
24
11
-9
7
7
-7
-15
22
19
-11
18
24
-7
-14
24
40
-6
31
63
-12
-11
20
-17
-46
-6
34
-14
-43
6
-12
-49
-27
-8
-15
-21
-9
-6
-32
-18
8
-36
-46
-8
-13
-38
-19
-14
-43
-29
-39
-41
-36
-38
-14
-39
-59
-29
-20
-54
-56
-21
-10
-39
-28
2
-9
-19
-9
9
-5
-11
15
1
-16
12
1
-11
2
24
18
-1
18
27
2
20
52
33
37
48
30
-6
16
24
-1
13
34
52
13
-1
29
10
-19
5
54
41
31
55
39
19
28
41
43
33
66
66
26
39
46
15
0
17
28
3
10
15
-11
-21
1
2
-16
-6
5
-1
-25
9
5
-12
22
30
-7
-18
-2
-15
-49
-22
-9
-31
-28
-20
-32
-64
-48
-33
-46
-39
-18
-18
-22
-40
-18
-24
-31
-20
-20
-19
-15
-32
-43
-24
-37
-13
-30
-30
5
-7
-9
-3
-12
8
7
25
31
46
54
17
6
24
34
19
44
58
31
19
26
16
-8
9
26
3
2
17
18
0
6
11
0
12
15
0
2
-7
-5
-5
-10
-8
1
-6
-2
8
-8
3
4
-7
8
33
26
0
30
13
-23
3
11
-9
21
23
4
17
22
-9
-12
15
25
16
7
21
11
-8
-6
-19
-26
-28
-16
-18
-32
-13
-30
-53
-56
-67
-57
-36
-31
-22
-7
-32
-41
-23
-20
-31
-16
-13
-28
-24
-17
-24
-33
-10
-18
-39
-17
-6
-26
-17
-4
-1
-15
-18
5
11
-15
-3
1
-14
-3
20
-3
-13
18
8
-27
-3
33
29
18
52
55
25
53
62
48
56
68
75
64
54
62
47
30
54
56
47
55
72
54
32
32
41
33
26
44
42
39
38
39
14
2
10
17
7
15
32
-9
-21
-10
-15
-23
-6
-20
-50
-42
-62
-70
-75
-80
-67
-71
-76
-51
-53
-86
-54
-43
-65
-77
-40
-26
-50
-41
-22
-48
-67
-42
-44
-52
-39
-20
-21
-34
-12
11
-31
-34
-1
12
-1
24
28
8
9
12
27
34
30
41
34
21
11
20
13
-3
23
22
14
22
22
13
18
27
9
27
35
20
35
16
4
17
10
12
28
35
18
26
41
24
18
46
42
23
30
41
19
10
16
24
20
27
36
25
-3
11
4
-27
-7
7
-4
-12
-6
-6
-40
-36
-1
-25
-33
-16
-7
-45
-16
-13
-37
-40
-13
1
-20
-11
5
-2
-12
-12
-8
-9
-18
-1
-19
-33
-24
-27
-33
-21
-34
-32
-24
-31
-33
-16
-14
-7
11
5
17
23
11
18
11
-2
4
6
6
-12
-15
-8
-6
0
-5
4
15
4
9
21
19
12
15
36
18
14
52
38
26
33
33
27
20
26
34
22
17
22
17
9
24
38
21
28
43
31
23
41
40
26
32
29
17
11
11
0
-18
-12
-5
-13
-17
-7
-8
-37
-39
-32
-41
-34
-8
-17
-24
-6
-26
-61
-53
-32
-36
-42
-31
-35
-54
-57
-48
-43
-52
-35
-35
-39
-40
-28
-28
-41
-8
2
-12
-9
2
8
-10
-6
13
-4
-23
2
1
-25
0
7
-12
-31
-10
-7
-15
2
17
-3
-13
13
9
7
16
19
14
7
14
9
-2
4
6
2
18
31
39
36
26
20
22
22
30
35
33
27
15
11
13
11
21
41
28
22
32
30
20
9
4
14
17
22
25
23
25
24
-1
8
16
2
12
24
22
19
8
10
7
-4
-2
2
-8
-7
-6
-23
-47
-39
-40
-34
-16
-10
-13
-22
-23
-20
-18
-28
-5
-8
-14
-17
-11
-16
-22
-11
-13
0
8
7
3
8
16
-3
1
6
-2
-2
-12
-7
-7
1
3
5
10
11
16
11
9
15
15
12
11
26
20
8
20
19
7
10
19
9
8
9
8
7
0
0
16
11
19
26
17
14
12
-2
-2
-5
-3
-4
-5
-9
-21
-9
-25
-34
-24
-26
-28
-24
-24
-29
-39
-33
-31
-45
-30
-25
-32
-41
-34
-41
-60
-39
-33
-33
-25
-32
-31
-40
-43
-35
-36
-25
-10
-9
-11
-3
-7
-24
-15
-6
-5
3
-1
6
5
0
6
1
4
18
21
19
19
37
28
23
41
44
41
49
59
56
53
49
52
59
57
62
54
52
55
56
47
43
60
51
54
56
47
42
36
29
19
22
25
22
13
15
17
10
4
10
2
-2
-3
-5
-13
-27
-25
-22
-28
-27
-25
-21
-24
-22
-27
-31
-42
-34
-41
-47
-34
-45
-50
-59
-49
-50
-51
-39
-32
-39
-44
-41
-48
-47
-31
-33
-28
-21
-8
-8
-13
-17
-11
-8
-14
-3
4
7
0
0
-2
-9
-5
5
2
3
4
15
4
-9
0
-7
-14
2
2
-3
5
7
10
0
13
23
11
16
28
24
16
23
30
18
23
37
30
26
34
28
22
21
18
19
23
20
17
11
9
22
7
14
24
14
18
6
9
2
-8
-2
-1
7
3
4
1
-3
1
-7
-5
5
2
-6
2
-13
-18
-23
-28
-26
-19
-9
-16
-25
-20
-18
-40
-31
-20
-21
-27
-21
-20
-30
-27
-23
-23
-10
-3
-1
-6
-13
-15
-11
-20
-11
1
-4
0
5
1
-8
0
5
5
3
12
19
10
9
12
11
11
26
30
29
28
31
23
24
26
25
19
18
30
18
15
19
16
16
16
18
12
17
22
10
-2
3
2
0
3
3
7
2
8
13
4
3
5
5
2
3
1
-12
-13
-11
-20
-22
-12
-6
-16
-15
2
-7
-16
-6
3
-5
-12
0
-3
-20
-10
-8
-8
-9
-7
0
-11
-10
-11
-11
-19
-18
-20
-27
-22
-16
-15
-17
-17
-16
-5
-14
-4
-2
-5
-7
-1
-8
-11
1
4
-8
-11
2
1
-6
-3
0
-3
-5
1
0
-3
4
15
6
5
6
10
4
12
14
10
13
16
12
10
12
22
16
5
15
11
0
2
10
7
4
9
4
-9
2
7
1
3
12
0
-2
5
2
0
-1
-3
-1
-6
3
5
-8
-2
8
0
-5
6
10
-2
3
17
10
10
18
15
9
6
11
2
-3
-4
0
-7
-8
-5
-10
-18
-17
-11
-9
-10
-4
-5
-17
-15
-8
-11
-17
-6
1
-11
-16
-8
-10
-17
-8
-7
-10
-13
-12
-13
-15
-2
3
-3
-1
-4
-3
-8
-10
0
2
6
6
13
8
8
19
11
10
19
25
17
19
23
19
15
21
22
12
10
13
11
6
11
11
5
12
12
9
13
13
13
13
8
9
8
-2
2
3
1
5
7
-3
-8
-5
-1
-6
-6
-3
-4
-8
-9
-9
-11
-10
-4
-14
-13
-6
-12
-17
-14
-7
-12
-12
-4
-4
-10
-12
-10
-13
-17
-12
-14
-18
-17
-13
-20
-24
-19
-21
-23
-18
-24
-14
-18
-14
-7
-10
-10
-8
-7
-9
0
3
4
2
3
-4
-1
-2
1
6
5
9
8
2
8
4
2
1
4
7
5
9
12
13
5
9
12
10
6
7
8
5
3
3
1
2
0
5
4
3
7
7
5
9
17
15
17
19
21
21
15
16
21
16
16
17
19
14
14
16
17
16
16
17
24
20
13
11
8
6
6
9
13
3
-1
-1
-3
-7
-10
-11
-13
-15
-12
-13
-14
-11
-14
-16
-13
-4
-3
1
2
1
-3
-10
-14
-13
-8
-8
-3
-6
-12
-15
-24
-26
-23
-16
-15
-9
-9
-10
-14
-17
-15
-17
-16
-8
-4
-4
4
1
-4
-5
0
4
2
6
10
11
5
7
7
6
6
6
6
4
-2
3
1
2
11
7
3
5
10
7
5
6
9
6
7
6
-2
-3
0
-3
-7
-8
-4
-7
-8
-3
-2
-3
-6
-2
2
-1
-2
5
-2
-13
-12
-9
-14
-10
-5
-8
-11
-15
-20
-20
-18
-15
-11
-6
-7
-5
-7
-11
-10
-2
-3
0
3
-4
0
4
4
3
6
5
-4
-1
8
5
4
9
10
2
2
8
12
14
19
20
22
21
18
18
13
15
9
8
9
10
14
20
18
12
16
13
14
13
15
13
13
11
12
5
6
10
10
11
12
10
7
5
2
-2
-8
-6
-9
-10
-12
-7
-3
-8
-6
-4
-11
-8
-7
-9
-7
-3
-4
-9
-8
-2
-3
-8
-1
-5
-11
-12
-13
-15
-15
-8
-12
-17
-11
-10
-12
-12
-12
-11
-17
-13
-12
-14
-10
-11
-12
-13
-13
-12
-11
-12
-7
-1
1
0
3
4
-1
3
3
2
2
1
0
-2
-2
1
2
-4
2
4
0
1
4
5
6
2
5
3
0
5
11
14
9
9
11
14
15
15
18
20
16
18
21
23
22
19
21
21
14
9
10
7
2
3
7
4
5
2
0
-5
-7
-5
-1
-3
-4
-3
-6
-5
-4
-5
-4
-5
-13
-9
-12
-12
-17
-20
-16
-15
-17
-19
-15
-18
-22
-21
-18
-12
-12
-9
-5
-8
-12
-12
-6
-8
-4
-4
-3
-2
-4
-4
-5
-1
1
2
2
2
5
3
6
7
4
4
11
13
13
17
13
8
6
8
11
10
8
12
12
7
12
14
13
16
19
17
9
10
7
6
6
8
7
8
3
6
4
2
1
3
6
6
8
4
3
6
4
3
4
6
4
3
5
5
3
6
4
5
3
-2
-3
-6
-6
-4
-1
-3
-5
-2
-4
-10
-10
-14
-13
-13
-9
-11
-11
-13
-12
-15
-14
-16
-16
-13
-13
-11
-17
-18
-18
-20
-18
-14
-16
-13
-10
-13
-12
-9
-8
-6
-4
-1
-2
-2
1
2
-1
1
3
4
2
2
1
0
-1
1
2
0
0
-1
-2
-1
2
0
-2
2
0
-1
6
2
4
5
10
9
11
12
13
13
15
14
16
15
12
11
10
12
12
13
14
13
11
13
11
8
12
12
13
14
14
11
9
13
11
10
8
9
6
-3
-2
-2
-5
-5
0
-3
-11
-10
-9
-17
-18
-17
-18
-20
-14
-14
-18
-17
-14
-14
-16
-10
-10
-15
-13
-9
-10
-10
-5
-2
-5
-8
-6
-7
-6
-4
-2
-2
-5
1
1
1
3
5
6
3
6
8
9
9
7
8
8
9
9
9
12
15
14
10
13
13
7
7
8
11
11
12
11
9
7
11
8
7
11
11
9
7
8
8
10
4
2
4
6
3
2
0
-1
-5
-5
-7
-8
-9
-10
-10
-12
-16
-16
-18
-23
-22
-24
-23
-20
-23
-23
-18
-17
-17
-13
-9
-4
-4
-1
0
3
7
1
4
2
1
2
-1
-2
-1
-4
-4
-3
-5
-6
-7
-6
-8
-6
-7
-5
-2
-1
0
4
7
6
7
6
4
4
2
1
3
4
4
4
4
4
3
6
7
7
8
11
13
11
9
9
5
4
4
5
5
7
5
5
4
1
1
2
2
5
6
4
8
8
6
3
0
3
7
4
6
9
7
9
6
6
12
11
9
4
6
3
1
2
2
2
3
-1
-6
-7
-10
-11
-11
-7
-8
-4
-4
-6
-7
-10
-12
-7
-11
-11
-8
-10
-16
-16
-19
-19
-16
-13
-9
-7
-4
-2
-1
-2
-2
-2
0
3
6
5
3
4
3
1
4
1
0
3
4
3
6
8
7
8
6
8
10
11
9
12
12
12
9
10
14
14
12
10
11
10
9
8
10
11
10
10
5
6
3
0
4
5
1
1
0
-2
-4
-9
-8
-11
-11
-11
-14
-15
-15
-17
-21
-20
-17
-15
-15
-12
-16
-20
-18
-20
-20
-21
-22
-22
-24
-22
-21
-21
-21
-19
-14
-10
-13
-9
-5
-5
-4
-2
0
0
1
2
4
4
7
13
9
10
8
8
10
8
12
12
13
14
17
17
22
20
16
13
15
14
15
17
17
16
17
17
14
14
12
12
9
10
8
6
5
6
4
3
6
8
11
9
10
8
6
6
5
7
3
5
6
5
8
9
7
6
5
8
9
4
2
1
-2
-5
-7
-5
-2
-3
-3
-4
-4
-7
-6
-7
-5
-5
-4
-4
-8
-9
-11
-14
-13
-13
-13
-14
-14
-16
-18
-15
-15
-14
-13
-10
-9
-9
-8
-9
-11
-8
-8
-8
-9
-6
-6
-8
-9
-6
-5
-3
-1
-3
0
-1
-3
-2
-2
3
5
4
4
5
4
0
3
1
-1
1
4
2
0
3
5
4
6
11
9
9
9
10
7
9
8
5
6
4
2
2
4
5
4
4
2
3
1
2
2
4
2
1
0
1
3
2
3
-1
-2
-2
-4
-4
-2
-5
-4
-4
-6
-7
-4
-3
-2
-2
0
-3
-3
-3
-2
-1
-1
0
1
-1
-2
-1
1
2
5
6
6
7
9
11
5
2
0
-1
-3
-8
-5
-7
-9
-8
-4
-2
2
4
4
2
1
4
2
