-2
-3
-2
-3
-2
-2
-1
-2
-1
0
0
0
0
1
0
0
0
0
0
-1
-1
0
0
0
-2
-1
-1
-2
-1
-1
-1
-1
-2
-3
-2
-2
-2
0
0
-1
-1
-1
0
0
0
1
1
-1
0
-1
-1
-1
-2
-1
-1
-1
-1
-1
-1
-2
0
1
0
1
0
0
0
0
0
-1
-1
-1
-1
-1
-1
-1
-1
0
1
1
0
2
1
1
1
2
2
0
0
0
-1
2
1
0
1
1
3
2
2
2
3
2
3
2
3
3
3
2
3
3
2
2
1
1
0
1
1
2
3
3
3
2
2
2
1
2
2
1
0
0
-1
-1
-2
-2
-2
-2
-3
-4
-2
-2
-2
-4
-5
-3
-4
-4
-4
-4
-5
-4
-3
-3
-2
-1
0
-2
-2
-1
-2
-2
-1
-2
-1
-3
-3
-4
-3
-3
-2
-1
-1
0
0
1
2
2
3
3
3
4
3
4
3
3
3
4
4
3
4
5
5
5
4
3
3
2
2
1
1
1
0
1
1
1
2
1
1
-1
-1
-1
-1
-1
-2
-3
-4
-3
-5
-4
-3
-3
-3
-3
-4
-3
-3
-3
-4
-3
-3
-1
-1
-1
-2
-1
0
-1
-1
0
0
0
0
0
0
0
1
1
1
0
0
0
1
1
1
2
2
2
2
3
4
4
3
3
2
2
2
1
1
0
1
1
0
0
1
1
1
2
2
2
2
2
3
3
3
2
1
1
2
0
0
-1
-1
-1
-2
-3
-2
-2
-4
-4
-2
-3
-3
0
-2
-2
-2
-3
-2
-2
-2
-2
-1
-1
-3
-2
-3
-3
-2
-2
-2
-1
-1
-3
-2
-2
-2
-1
-2
-2
-2
-1
-1
0
0
1
0
1
1
2
2
2
3
3
4
3
2
2
2
2
2
2
1
1
1
1
1
1
0
2
0
-1
-1
-1
0
0
1
2
0
2
1
1
0
1
0
-1
-1
-1
-1
-1
-1
-1
-1
-1
-2
-1
-1
-1
0
0
-2
-1
-1
0
-2
-2
-1
0
0
0
0
1
0
1
0
0
3
1
1
1
2
2
3
3
4
3
2
3
2
2
2
1
1
1
2
0
1
1
2
1
2
2
1
1
1
3
1
0
1
0
0
-1
-1
0
-1
-2
-1
-2
-2
-2
-2
-2
-2
-2
-3
-2
-1
-2
-2
-2
-2
-4
-2
-3
-3
-2
-2
-2
-3
-2
-3
-2
-2
-2
-3
-2
-3
-3
-3
-1
-2
-1
-1
-1
-2
-1
1
1
0
2
0
1
1
0
0
0
1
1
1
2
1
1
2
2
3
3
2
2
3
3
2
3
2
4
3
3
3
3
3
1
2
2
1
1
1
0
-1
-1
-1
-3
0
0
-1
0
-1
-1
-2
-1
-1
-2
-1
-2
-1
-1
-2
-1
-1
-1
-2
-1
-2
-1
-1
-3
-2
-2
-2
0
-1
-2
-1
-2
-2
-2
0
-1
-1
1
1
1
2
3
2
4
4
4
3
3
3
4
3
4
5
5
5
4
5
6
4
3
4
4
3
2
3
3
4
2
3
1
1
1
0
0
0
-1
-2
-3
-3
-3
-2
-3
-4
-4
-5
-5
-6
-5
-6
-6
-5
-5
-5
-4
-5
-5
-5
-4
-5
-3
-3
-2
-2
-2
-2
-3
-3
-2
-3
-1
0
-2
0
-1
-1
-1
-1
1
1
1
1
2
2
1
2
2
3
3
1
2
1
0
1
1
1
1
2
1
1
2
1
2
2
2
2
1
0
0
0
1
-1
-1
0
-1
0
0
0
1
1
0
1
1
1
1
1
0
1
0
0
0
1
1
0
0
-1
0
-1
-1
-1
-1
0
0
-2
-1
-1
-1
0
1
0
0
1
4
3
1
-1
1
1
0
3
4
4
3
4
3
2
2
1
1
3
4
4
3
1
1
3
3
2
2
2
1
2
1
2
1
0
1
0
0
0
-2
-3
-3
-3
-2
-1
0
0
-2
-2
-1
-3
-3
-3
-4
-4
-3
-3
-2
-3
-3
-2
-3
-2
-3
-4
-5
-4
-3
-3
-2
-2
-3
-2
-3
-2
-1
-3
0
-1
-1
-2
-2
-2
-2
-2
-2
-1
0
1
1
1
1
2
1
1
2
3
1
0
1
2
2
2
2
2
2
3
3
2
3
4
4
5
4
5
4
3
2
2
2
2
1
1
1
1
1
0
1
0
1
0
-1
-2
-1
-1
-2
0
-3
-2
-2
-3
-4
-3
-3
-3
-2
-2
-2
0
-1
-2
-2
-1
-1
-1
-1
-1
0
0
-1
-1
-2
-2
-3
-3
-2
-2
-1
-1
-1
0
0
0
0
2
0
1
0
1
1
1
1
1
3
1
2
2
3
3
3
3
3
2
2
3
2
1
2
3
3
3
3
2
2
2
0
1
1
0
2
1
1
1
1
1
2
1
1
2
1
2
1
1
0
-1
0
0
-1
-2
-2
-2
-2
-2
-2
-3
-3
-2
-1
-2
-1
-1
-1
-1
0
0
0
0
0
-1
1
1
2
2
1
2
1
2
1
2
2
1
1
1
0
1
1
-1
0
-1
0
-2
-1
-1
-1
-1
-2
-3
-3
-3
-4
-3
-4
-4
-4
-5
-5
-4
-5
-6
-5
-5
-5
-5
-5
-4
-4
-3
-3
-3
-2
-2
-2
-2
-1
-1
-1
0
1
0
2
1
2
2
2
2
3
3
3
4
3
4
4
3
2
2
2
4
4
5
6
5
4
5
3
4
4
4
4
3
3
3
2
2
2
1
0
1
-1
-1
0
-1
-1
-1
-1
-2
-2
-1
-1
-1
-1
-1
-1
-1
-1
-1
-2
-3
-1
-2
-2
-3
-1
0
-1
0
0
1
1
1
2
2
1
1
2
1
1
1
2
0
0
-1
1
1
0
0
0
1
1
0
0
0
-1
0
1
1
1
0
1
0
1
-1
-1
-1
-1
0
1
1
2
1
2
2
0
2
0
0
2
0
0
0
1
0
0
-2
-1
0
0
-1
-1
-3
-3
-1
-2
-3
-3
-2
-3
-5
-6
-5
-5
-4
-6
-5
-4
-5
-5
-5
-4
-4
-4
-3
-1
-2
-1
0
-1
0
0
0
0
0
0
-1
1
0
0
1
3
2
3
3
3
2
3
2
3
3
2
2
2
1
2
2
2
2
2
2
2
2
2
1
1
1
2
1
2
2
2
2
2
2
2
2
3
2
3
3
3
3
2
1
1
1
1
1
2
2
1
2
1
1
1
0
0
0
1
1
1
1
1
-1
-1
0
-1
-2
-2
-2
-3
-2
-2
-3
-4
-3
-3
-4
-4
-3
-3
-2
-3
-2
-1
-2
-3
-1
-1
-1
0
-1
-1
-2
1
1
0
0
1
0
1
1
0
0
1
1
1
0
0
0
1
1
1
1
1
1
1
3
2
2
1
2
2
2
1
0
0
-1
-1
0
0
-1
0
0
-1
-1
-1
-2
-1
-3
-2
-2
-3
-2
-2
-4
-3
-3
-3
-3
-4
-3
-2
-3
-3
-3
-2
-2
-1
0
0
0
1
0
0
0
0
2
-1
-1
-2
0
-1
-1
-2
-2
-2
-2
-1
-2
-1
1
1
1
1
1
2
1
0
1
2
2
1
2
2
2
1
2
2
2
2
2
2
4
3
3
4
5
5
5
5
5
5
6
6
5
5
5
4
4
4
3
4
3
2
4
3
3
3
3
1
1
-1
0
-1
0
-1
-1
0
-1
-1
-1
-2
-2
-2
-3
-2
-2
-2
-1
-2
-2
-2
-3
-3
-3
-2
-3
-3
-3
-3
-3
-3
-3
-3
-2
-2
-1
-2
-1
-1
-1
0
-3
-2
-1
-1
-1
-1
-2
-3
-2
-2
-3
-3
-3
-3
-2
-1
-1
-1
0
-1
-2
-3
-1
-3
-3
-2
-2
-1
-2
-2
-1
0
2
1
0
-1
0
-2
-2
-1
0
0
0
0
-1
-1
-2
-1
-2
-3
-2
-3
-1
-1
-2
-1
0
0
-1
-1
-1
0
0
-1
-1
-1
0
1
0
0
0
1
1
1
2
3
3
4
4
5
5
5
5
6
7
6
5
4
5
5
5
4
4
3
3
2
2
2
2
3
1
1
1
1
1
1
0
0
1
-1
-1
-1
0
0
0
0
1
0
1
0
1
0
2
1
1
2
1
1
0
-2
-2
-2
-2
-2
-1
-1
-1
0
1
0
1
1
0
-1
1
0
2
1
1
1
0
2
1
1
0
1
1
0
0
-1
-1
-2
-2
-2
-3
-3
-2
-3
-4
-4
-3
-3
-4
-2
-3
-3
-2
-2
-2
-2
-3
-2
-3
-3
-4
-4
-4
-4
-4
-3
-3
-4
-4
-6
-4
-5
-5
-4
-4
-4
-4
-2
-3
-2
-3
-2
-2
-1
1
1
-1
0
0
0
1
1
3
3
2
3
3
2
4
3
5
3
3
2
1
3
1
1
1
2
3
3
4
3
3
5
4
4
4
4
4
3
4
2
3
4
4
4
4
2
1
2
2
2
4
6
5
3
5
4
4
3
2
2
2
0
2
0
0
1
1
-1
-3
-4
-3
-3
-3
-4
-3
-1
-4
-3
-5
-2
-2
-3
-3
-5
-5
-5
-5
-5
-3
-3
-5
-5
-5
-3
-1
0
0
-2
0
-3
-2
-1
-1
0
0
1
2
-1
0
3
3
4
2
2
2
1
3
3
3
3
0
-2
0
0
1
3
3
1
2
1
2
0
1
-1
-2
-3
-2
-2
-1
-4
-4
-2
-3
-4
-3
-4
-3
-5
-4
-2
-2
-2
-2
-4
-2
-2
-2
-3
-2
-2
-3
-2
-3
-2
-4
-2
-1
0
1
1
3
2
1
3
2
1
5
5
3
5
6
5
4
4
2
2
1
1
2
0
0
1
1
1
2
1
4
4
2
3
1
3
3
3
3
4
3
2
3
2
-1
-1
1
1
0
-1
0
-1
0
1
1
0
1
-1
-2
-1
-2
-3
-3
-1
0
-1
-1
-2
-1
-3
-3
-2
-4
-4
-5
-4
-2
-3
-5
-2
-3
-1
-1
-1
0
1
0
0
1
2
1
2
0
1
4
2
3
5
4
5
3
3
1
-1
1
1
-1
-2
-2
-3
-3
-6
-4
-3
-2
-4
-2
1
0
-1
0
2
0
0
-1
0
0
-1
-1
-5
-5
-4
-3
-3
-2
0
1
1
-1
0
2
-1
-4
-5
-5
-4
-1
-1
4
-1
2
-1
5
-18
-72
3
19
25
37
11
6
14
3
-20
10
-16
9
43
33
17
4
1
4
-24
-20
8
-8
-5
-2
9
3
8
-31
-34
8
-15
-2
37
24
3
19
25
-16
-61
-12
57
22
-53
12
23
-2
-25
-7
17
-46
-15
37
27
-40
7
27
23
38
26
8
-15
-26
-21
20
-10
-24
-5
-20
-39
-43
-35
-31
-45
-7
19
-6
6
-4
-6
-5
3
7
16
15
17
27
-9
-32
2
7
11
19
18
39
53
40
25
39
21
46
73
69
50
29
9
-28
-31
-31
-47
-47
-36
-59
-96
-86
-80
-99
-82
-60
-53
-16
-8
-11
30
11
44
91
103
104
100
66
52
71
37
70
31
23
-3
-40
-41
-42
-96
-123
-59
-65
-67
-70
-65
-71
-85
-42
16
0
-17
18
40
5
40
51
23
48
76
74
82
58
23
13
38
63
47
45
22
-7
-14
11
1
-24
-38
-20
-11
-30
-28
-36
-60
-45
-26
31
13
-20
2
11
-6
32
54
5
42
9
-11
54
23
26
1
-25
61
10
-19
34
-43
-88
28
-18
-27
13
-40
-38
-5
-31
-17
-3
-43
-5
13
0
35
-15
-21
15
-23
11
30
-7
22
9
-46
35
-7
20
-28
-21
23
-14
32
7
-34
-17
42
-30
8
-14
-27
1
-23
46
-32
-39
-19
-36
-45
13
8
-26
28
-6
2
-17
11
12
11
27
56
26
-25
18
10
7
-11
40
-10
-16
20
-10
-18
-45
-14
-2
1
52
46
-50
-33
52
-8
0
70
8
-15
24
28
0
20
-13
-16
-26
51
57
-88
-20
-30
-97
-21
50
-15
-65
-60
-20
51
-8
-16
-11
-47
65
67
40
47
-61
-19
51
67
80
27
-30
16
32
13
1
-7
-9
-58
19
45
-14
-13
-5
-22
-36
2
21
-26
-6
16
-29
10
72
14
-24
-8
11
29
64
19
-25
-15
-15
13
39
27
-15
-49
-8
27
-8
-40
-18
-11
-27
49
43
23
-23
-66
-10
23
31
-29
-35
-39
-13
-7
-34
-12
-49
-98
-45
-20
29
25
-74
-20
42
14
-12
-30
1
3
17
67
26
18
-12
-33
23
106
11
-5
27
-5
-1
-31
-7
7
-53
-60
44
63
17
-65
-68
13
-11
-4
60
53
-47
-26
43
25
-1
0
20
-10
32
42
-14
-28
20
-1
-14
56
53
-34
-79
15
29
33
0
30
-21
-45
-14
-30
13
-8
3
3
-7
-29
26
-32
-25
37
7
-14
38
60
6
-28
-64
48
79
7
-16
-22
-43
-4
10
-20
-13
20
-12
-17
22
0
-36
-70
12
69
31
-5
28
-8
-22
-19
-7
58
25
-12
13
24
37
25
-17
-4
-4
-20
19
71
-12
-19
-24
-40
-16
16
-38
-3
12
-53
27
-9
-48
-41
-61
-23
22
21
30
16
-59
17
25
-1
54
30
12
-9
36
58
27
-67
-46
8
19
4
1
17
-18
-75
-57
46
-25
-64
9
-20
-21
51
-24
-48
-55
-58
18
65
11
27
18
-68
36
29
71
21
48
64
-24
62
4
-8
-52
-65
55
10
32
-17
-65
-91
-9
0
-41
79
-37
-44
-7
0
25
6
-69
-13
80
68
-40
28
58
-89
20
14
76
88
-96
-133
75
131
-54
-27
-10
19
-7
-4
45
-32
2
-14
-35
-124
148
116
-168
-136
16
48
72
71
-266
0
142
32
37
-57
-60
57
208
49
-124
-121
273
147
-315
77
191
109
-113
-335
130
279
-71
-124
-62
-9
202
-70
-43
-14
-78
60
-13
-55
34
238
-132
-180
51
206
28
-187
-102
30
297
-73
-14
-78
-26
42
-159
32
46
28
-58
-15
-102
165
27
-160
-109
11
187
12
-136
-22
27
-118
8
-146
24
134
18
-140
-119
112
100
-94
-182
38
151
108
-36
-44
-60
-36
36
11
-12
57
-9
9
41
34
-21
-50
-3
112
51
-71
30
46
90
34
-92
-77
80
62
53
6
-75
26
123
-70
-79
-4
67
27
52
78
-41
-48
-66
-3
-2
58
-14
-12
-87
-39
-17
-43
14
-48
-86
-77
-37
43
25
-106
-74
45
101
-58
-59
41
27
53
-25
-39
12
57
26
-2
-78
1
118
3
-31
-16
4
71
32
-90
3
11
81
48
8
-17
-30
-16
46
65
-28
3
-16
127
44
-50
8
50
78
28
-35
4
109
39
74
-52
-50
84
33
33
-112
8
181
50
-94
-76
-18
78
129
-99
-13
-51
-31
95
-53
-120
-48
11
0
-79
-75
35
-122
7
-11
-66
-53
27
72
35
-102
-125
112
66
-91
-125
48
-25
19
63
-99
-48
-70
-55
17
4
-29
-50
46
-52
37
13
21
23
-9
10
80
77
104
86
-124
-5
56
25
79
71
-139
90
39
-4
11
-110
-79
122
32
-28
45
-59
-8
-39
-66
-71
203
173
-25
-345
-225
143
234
4
-164
-33
35
87
-50
-135
-61
176
102
-16
-130
-123
34
172
-100
-135
-31
55
263
-11
-288
-143
325
140
-72
-192
11
258
70
-12
1
-118
61
177
-89
-95
-66
124
211
-231
-391
134
177
130
-323
-289
80
90
212
90
-199
-181
243
193
93
-37
40
186
80
-100
-108
7
135
121
-107
-187
-73
59
51
-58
-196
-117
169
171
-114
-239
-73
136
118
38
-87
-15
52
24
-17
-73
82
-27
82
123
-235
1
243
84
-110
-67
38
187
163
48
-132
-165
81
177
57
-66
-83
104
64
-118
-104
-22
35
-43
1
23
-25
1
-14
-103
-49
-88
144
116
-67
23
-45
-39
95
111
-98
-111
-30
114
131
-61
-26
-26
-53
-68
84
46
-201
35
79
22
-161
-38
36
-23
-100
-118
153
54
-91
-131
74
-42
-102
-26
-19
-117
-104
196
223
-90
-200
33
2
25
41
114
69
-85
96
98
-44
-173
-100
101
62
-134
13
65
-77
-165
41
72
-86
-96
117
74
-89
24
35
70
-89
-100
84
221
-4
-40
112
37
-123
14
198
45
22
53
0
-114
-24
115
125
7
-91
-4
63
-58
-74
153
173
23
-119
-62
69
-4
-90
-39
70
101
17
-78
-35
-48
-104
15
164
41
-158
-67
143
47
-117
-191
47
224
-51
-104
75
140
-112
-204
-29
78
85
127
31
-148
-151
33
76
-71
-23
76
112
72
-74
-76
21
-74
8
119
124
113
-102
-64
0
-145
11
131
33
-7
7
21
-37
-138
-137
28
23
-18
70
25
-78
-29
-84
-13
4
0
73
-21
16
10
-26
-72
-29
-15
78
23
-43
-5
-11
98
15
-120
-12
140
96
-33
-85
62
93
-74
-34
128
70
-63
-113
-26
16
39
23
-17
-32
-50
-7
-2
-41
-23
-1
-46
-49
-15
0
-112
-94
-56
76
98
-101
-68
21
103
-22
-86
-18
157
123
-115
-108
-43
157
99
-20
26
69
110
59
-56
-64
138
121
12
11
-30
35
66
10
-89
-23
99
93
-91
-171
-48
72
113
-2
-73
-37
67
11
-23
51
23
46
53
-6
48
62
-35
-102
-147
-41
119
36
-72
-76
-38
-4
-21
-25
-25
2
48
27
37
-58
-17
-33
-82
-67
94
117
-32
-132
-101
47
6
-47
-106
46
115
17
-124
-57
43
33
-60
-23
60
66
69
-96
-82
9
58
29
-77
6
165
45
-49
-68
-53
-63
-47
17
76
59
-72
-68
-43
-93
-74
70
59
-94
0
132
59
-64
-87
30
109
51
-8
31
91
-15
-73
31
199
170
-47
-76
42
146
66
-52
44
110
124
60
-68
-55
-26
10
3
-14
39
34
-26
-101
-73
-13
-2
-2
13
-25
6
-36
-61
-37
-38
12
25
63
20
-62
-112
-71
-34
36
63
-10
-63
-116
-87
-7
-24
-62
-15
42
14
-82
-106
-18
50
0
32
84
71
-23
-68
24
45
10
51
126
32
-16
58
31
-38
-55
-9
53
140
77
-11
-87
-96
17
95
51
51
108
5
-47
-53
4
10
21
43
34
-33
-87
-54
-36
-36
-8
42
29
-33
-124
-117
10
51
39
-89
-140
-87
-20
-2
-43
-122
-98
-4
-2
-15
-37
-77
-8
-2
-68
-42
49
39
-40
-48
42
77
7
-29
-2
70
91
122
59
-4
-5
61
96
85
155
158
101
135
155
52
45
68
129
166
143
106
49
71
34
-49
41
41
51
60
-5
10
-27
-18
24
104
122
-6
-86
-35
33
-4
-32
20
-50
-39
-60
-105
-120
-94
-68
-134
-150
-135
-104
-151
-265
-257
-99
12
-114
-249
-230
-155
-144
-153
-122
-142
-150
-88
-82
-189
-252
-222
-183
-202
-199
-214
-233
-251
-266
-214
-182
-207
-122
-94
-68
-70
-24
168
140
68
178
441
521
480
530
579
685
752
771
847
773
695
651
662
583
516
492
397
284
151
-38
-100
-91
-145
-210
-269
-309
-318
-379
-449
-371
-261
-239
-211
-155
-124
-61
75
92
48
84
185
271
247
255
228
217
173
238
188
40
-24
48
16
-187
-331
-326
-202
-386
-459
-382
-451
-554
-998
-1502
-1482
-717
100
-149
-1158
-1780
-1250
-610
-820
-1328
-1105
-204
256
-98
-627
-820
-472
176
871
1389
1377
941
451
591
1237
1883
1963
1572
1235
1174
1234
926
580
427
503
615
542
145
-459
-823
-777
-422
-4
62
-413
-983
-1092
-664
-216
-25
-44
-51
17
23
-11
125
310
536
744
824
820
768
644
549
632
871
1090
899
497
185
139
233
241
66
-106
-285
-583
-776
-781
-892
-1006
-934
-801
-816
-934
-1091
-1084
-911
-635
-444
-358
-391
-526
-969
-1412
-963
172
975
59
-1341
-1654
-653
-168
-907
-1561
-1017
229
441
-470
-1481
-1463
-587
437
1028
1117
775
354
164
591
1422
2020
1916
1509
1472
1581
1494
1084
716
757
1142
1365
965
110
-622
-766
-361
64
179
-171
-718
-1077
-980
-665
-479
-373
-315
-175
-70
-144
-306
-217
171
684
948
861
696
578
579
724
960
1303
1345
1015
642
458
448
454
374
301
249
61
-334
-789
-978
-921
-746
-690
-835
-992
-1175
-1201
-1093
-867
-651
-604
-628
-602
-491
-381
-319
-275
-207
-170
-238
-705
-1018
-535
250
394
-488
-1386
-1338
-630
-517
-1194
-1595
-1021
-134
-165
-1080
-1677
-1203
-174
586
721
569
480
451
712
1205
1729
2041
1947
1732
1665
1719
1692
1322
1017
1121
1384
1338
677
-181
-563
-345
124
201
-208
-656
-833
-839
-799
-652
-518
-365
-241
-202
-264
-422
-547
-289
354
783
788
570
395
408
645
924
1057
1083
942
820
748
648
497
323
227
288
221
-138
-488
-646
-695
-695
-645
-677
-953
-1246
-1214
-925
-760
-789
-865
-795
-614
-563
-637
-608
-392
-137
-14
-151
-324
-235
-124
-374
-670
-509
196
615
1
-1155
-1499
-648
45
-463
-1391
-1395
-531
73
-438
-1291
-1340
-500
430
653
376
294
476
766
1139
1520
1659
1502
1421
1611
1792
1665
1264
950
926
1021
1055
750
154
-282
-229
54
38
-268
-510
-539
-629
-624
-424
-266
-350
-442
-371
-282
-332
-413
-171
201
359
281
66
-10
207
475
622
585
604
747
734
522
250
306
574
617
356
116
-83
-185
-164
-251
-304
-312
-327
-404
-466
-478
-455
-415
-348
-356
-318
-338
-391
-398
-342
-170
-78
-168
-413
-505
-430
-208
-261
-632
-796
-468
-4
-235
-1033
-1355
-815
-217
-541
-1474
-1696
-956
-177
-365
-1185
-1510
-873
-56
193
24
15
334
703
962
1080
1165
1233
1374
1596
1753
1653
1318
1030
1073
1225
1245
1055
646
266
221
295
239
27
-155
-100
-48
-212
-408
-384
-365
-327
-220
-210
-381
-546
-404
-91
92
-52
-183
-48
174
361
359
174
194
443
713
721
396
197
288
493
447
250
48
-24
-37
30
-89
-325
-448
-434
-396
-443
-462
-534
-649
-671
-564
-470
-522
-571
-469
-375
-299
-392
-515
-546
-379
-163
-112
-388
-766
-843
-424
108
-79
-799
-1248
-766
-240
-463
-1236
-1376
-650
17
-294
-1071
-1220
-528
243
364
63
11
394
807
985
975
1166
1481
1696
1665
1577
1507
1438
1406
1436
1539
1476
1140
690
384
400
517
363
46
-42
74
-40
-466
-669
-505
-294
-347
-381
-375
-484
-669
-608
-253
-106
-215
-287
-211
94
223
37
-86
85
457
525
209
-46
92
395
343
77
-83
-91
-127
-199
-254
-237
-236
-348
-463
-500
-506
-425
-395
-365
-273
-339
-402
-475
-465
-313
-194
-176
-298
-394
-395
-431
-483
-465
-378
-496
-679
-573
-158
-125
-659
-1152
-876
-174
-96
-806
-1280
-806
-93
-55
-783
-1134
-525
403
615
204
-28
269
789
1071
1124
1213
1367
1520
1603
1556
1411
1307
1373
1389
1378
1226
888
598
383
404
534
366
85
-127
-188
-181
-375
-522
-471
-268
-199
-338
-575
-621
-608
-502
-254
-157
-204
-349
-415
-223
-27
51
34
-23
180
323
276
136
79
168
330
359
190
1
-51
109
126
-14
-221
-345
-240
-126
-181
-368
-516
-473
-335
-379
-479
-539
-430
-348
-373
-443
-479
-392
-306
-353
-354
-325
-244
-336
-509
-545
-201
161
-116
-636
-861
-392
-8
-309
-926
-900
-243
110
-319
-935
-750
-3
470
270
-93
-11
475
854
887
782
878
1179
1335
1371
1200
1105
1147
1165
1149
1058
843
607
436
365
431
358
238
-43
-261
-148
-13
-167
-394
-342
-96
-100
-315
-532
-529
-301
5
73
-49
-179
-172
-47
26
127
232
223
203
204
193
152
15
32
125
167
59
-160
-303
-326
-318
-386
-480
-566
-548
-514
-573
-632
-697
-686
-543
-489
-537
-493
-410
-289
-311
-388
-375
-214
-36
23
-115
-219
-100
67
-18
-235
-250
9
320
92
-392
-617
-312
-49
-246
-689
-756
-366
-166
-414
-724
-652
-197
129
95
-52
5
342
616
727
762
879
1083
1281
1298
1183
1068
1107
1239
1280
1127
968
768
625
520
534
460
213
0
72
260
136
-205
-384
-127
79
-9
-229
-303
-180
-25
-18
-96
-86
-27
-22
21
96
39
-97
-109
-21
88
-29
-183
-210
-107
-120
-334
-489
-461
-352
-374
-561
-689
-715
-678
-614
-582
-656
-722
-624
-442
-395
-500
-562
-430
-202
-86
-93
-122
-145
-129
-26
24
73
114
105
77
9
-117
-175
-206
-29
12
-215
-516
-587
-346
-292
-673
-997
-714
-269
-186
-599
-835
-544
24
342
192
11
230
682
993
991
923
1126
1344
1392
1324
1290
1416
1485
1386
1214
1145
1067
897
697
682
693
549
244
34
53
110
2
-200
-233
-99
-89
-380
-539
-434
-234
-191
-296
-402
-427
-375
-269
-257
-266
-281
-257
-241
-258
-344
-436
-334
-211
-271
-503
-648
-614
-483
-454
-563
-650
-664
-571
-494
-571
-646
-582
-400
-263
-294
-352
-323
-240
-127
-56
-30
3
30
-37
-39
12
119
191
113
23
-2
6
-71
-259
-338
-98
157
-55
-509
-746
-407
-61
-169
-537
-564
-138
173
-100
-507
-370
199
648
608
365
326
600
955
1142
1134
1172
1267
1417
1366
1128
975
1126
1322
1282
971
651
488
474
425
299
246
208
59
-77
-210
-219
-245
-297
-209
-125
-138
-278
-428
-379
-291
-260
-230
-197
-192
-390
-633
-669
-417
-213
-358
-584
-590
-484
-519
-751
-816
-586
-338
-351
-540
-708
-645
-522
-524
-478
-364
-286
-311
-357
-280
-152
-48
-56
-55
75
199
122
-3
-7
143
254
231
130
43
53
109
41
-39
-30
25
-32
-221
-364
-136
124
-7
-393
-539
-201
74
-157
-638
-605
-18
400
95
-408
-395
217
589
435
240
444
907
1038
888
769
971
1240
1291
1239
1156
1070
1015
944
881
748
640
580
553
399
166
-3
-43
-3
-94
-117
-180
-277
-420
-490
-458
-460
-535
-601
-559
-579
-673
-798
-875
-769
-584
-538
-618
-696
-703
-659
-616
-531
-404
-253
-218
-304
-383
-362
-231
-130
-102
-31
-43
-113
-173
-115
13
117
160
129
108
92
95
122
171
204
241
237
238
177
37
3
35
169
202
86
-68
-162
-91
-21
-5
-114
-146
-76
93
49
-209
-387
-231
106
148
-187
-382
-154
192
196
-152
-272
73
537
588
288
172
491
820
915
796
731
845
1035
1031
898
744
710
786
824
687
454
277
272
283
116
-177
-273
-162
-110
-285
-563
-608
-528
-525
-671
-794
-740
-645
-706
-783
-834
-779
-685
-678
-736
-752
-676
-498
-450
-561
-636
-535
-326
-204
-291
-346
-236
-60
-87
-189
-134
44
174
137
89
112
222
267
263
337
458
542
522
377
317
416
510
500
411
335
379
384
282
131
102
229
301
159
7
-4
52
95
-45
-167
-83
117
182
-65
-346
-311
-83
-53
-269
-470
-424
-178
-17
-220
-570
-554
-146
224
240
11
15
318
561
550
500
558
721
830
781
741
675
621
583
561
466
343
207
105
4
-127
-186
-195
-227
-369
-516
-592
-553
-551
-665
-734
-710
-633
-624
-702
-742
-717
-619
-591
-606
-568
-499
-378
-278
-289
-278
-211
-94
-31
-31
2
97
180
143
92
158
289
360
327
287
311
387
417
391
412
459
482
447
409
373
350
352
358
321
224
196
269
272
180
45
43
117
137
64
-9
61
138
86
-139
-259
-145
154
211
-71
-391
-355
-38
37
-332
-678
-416
97
166
-335
-741
-435
190
352
8
-259
16
461
553
329
215
424
700
738
518
296
298
384
379
242
32
-75
-103
-207
-382
-508
-518
-481
-571
-724
-756
-691
-718
-821
-822
-723
-688
-749
-821
-809
-646
-465
-410
-521
-549
-336
-187
-158
-168
-115
-2
139
205
217
216
314
438
458
449
451
524
626
638
614
592
600
691
774
740
621
543
548
635
674
640
576
570
570
527
383
305
302
345
376
291
189
129
117
126
37
-13
11
61
-23
-272
-372
-212
21
-113
-539
-758
-509
-179
-342
-837
-984
-602
-245
-354
-748
-885
-558
-162
-70
-233
-346
-166
137
236
111
-17
76
322
421
255
70
75
191
218
66
-130
-180
-103
-158
-322
-414
-345
-324
-415
-505
-487
-439
-503
-542
-464
-376
-387
-450
-495
-364
-218
-183
-195
-169
-53
75
99
52
96
240
368
398
418
505
572
591
559
574
682
719
653
595
631
718
683
537
503
523
560
535
475
454
467
394
298
237
198
232
197
98
46
-9
-34
-63
-137
-165
-147
-129
-151
-261
-345
-325
-232
-167
-298
-462
-474
-275
-164
-323
-545
-593
-367
-217
-379
-728
-785
-463
-214
-400
-764
-799
-431
-70
-114
-368
-410
-147
99
121
44
60
190
306
327
258
133
99
163
228
116
-90
-199
-151
-99
-176
-248
-242
-222
-228
-302
-308
-256
-178
-104
-65
-44
-10
-18
-23
14
72
141
189
169
146
156
227
348
394
353
348
474
579
526
461
562
715
705
523
453
581
741
692
516
439
531
550
457
341
336
398
419
345
236
178
204
243
224
140
25
-4
37
14
-105
-196
-204
-146
-180
-261
-322
-341
-341
-355
-383
-460
-583
-616
-536
-343
-346
-643
-940
-909
-660
-601
-875
-1130
-1046
-810
-766
-964
-1126
-1016
-673
-447
-481
-651
-634
-373
-93
17
-14
-3
131
275
288
232
227
352
488
444
276
167
215
333
345
269
245
258
259
193
140
169
269
367
399
338
259
232
279
377
427
443
374
296
289
306
351
366
418
521
554
482
405
482
608
700
709
691
619
604
612
649
660
607
569
553
482
339
206
190
238
211
96
6
-42
-98
-171
-244
-225
-203
-235
-323
-413
-426
-450
-501
-511
-549
-577
-634
-629
-608
-639
-674
-688
-633
-652
-772
-818
-734
-554
-623
-905
-1023
-856
-635
-726
-1034
-1144
-912
-629
-650
-944
-1072
-811
-398
-237
-384
-488
-246
152
330
277
200
376
710
868
777
586
614
809
919
815
689
654
732
785
703
553
498
531
561
565
454
370
347
370
389
281
190
170
215
234
171
106
71
85
154
221
217
234
246
238
278
382
488
574
506
433
488
565
597
503
434
497
526
450
291
200
232
244
183
113
20
-74
-137
-175
-198
-215
-232
-261
-319
-408
-499
-512
-490
-480
-521
-586
-616
-640
-649
-671
-696
-682
-644
-680
-780
-872
-863
-825
-816
-819
-724
-709
-839
-1006
-1040
-885
-731
-745
-910
-920
-729
-567
-655
-790
-665
-305
-33
-45
-137
-51
217
482
624
727
817
886
928
978
1044
1113
1138
1139
1121
1059
912
763
691
729
795
732
547
390
331
300
332
330
356
324
245
185
115
93
144
214
239
207
145
79
40
68
192
321
301
215
172
195
253
268
284
367
426
398
293
193
197
215
246
239
177
78
-38
-86
-114
-142
-184
-200
-222
-280
-395
-460
-427
-328
-347
-452
-514
-544
-569
-630
-672
-670
-674
-744
-846
-878
-868
-881
-944
-979
-909
-827
-809
-944
-1035
-900
-639
-478
-613
-779
-725
-465
-341
-485
-659
-543
-208
1
-106
-337
-299
46
424
535
437
405
626
926
1057
1007
1014
1151
1331
1375
1291
1234
1216
1210
1158
1079
1019
900
738
634
627
635
518
314
189
235
265
168
20
-108
-86
-37
-69
-182
-270
-236
-179
-224
-357
-420
-354
-226
-187
-244
-239
-153
-38
16
-7
33
132
223
265
269
269
280
299
333
318
203
98
81
104
128
40
-117
-216
-226
-219
-262
-379
-445
-480
-524
-588
-717
-825
-831
-740
-710
-791
-934
-999
-979
-920
-865
-789
-739
-689
-681
-653
-566
-420
-284
-278
-257
-129
46
148
64
-53
0
202
342
174
-100
-133
124
332
218
-40
-43
252
511
505
342
312
488
700
830
831
811
838
915
981
938
801
727
764
781
657
481
385
364
335
220
124
81
75
0
-69
-101
-88
-134
-205
-199
-131
-103
-204
-282
-248
-116
-95
-211
-293
-180
-32
-15
-78
-121
-59
60
133
129
128
179
236
253
206
196
219
232
194
182
151
88
-23
-89
-80
-84
-182
-282
-280
-204
-185
-296
-381
-348
-228
-190
-324
-439
-405
-281
-251
-385
-489
-495
-433
-399
-451
-516
-469
-388
-349
-363
-397
-363
-299
-262
-302
-322
-258
-116
-3
-99
-248
-299
-183
-48
-93
-238
-266
-104
34
-8
-149
-138
83
336
421
389
395
494
639
748
810
835
828
834
849
849
787
668
569
565
532
412
239
98
63
66
5
-93
-180
-196
-199
-224
-265
-284
-286
-233
-220
-247
-296
-345
-289
-177
-102
-152
-236
-220
-46
93
92
-16
-51
127
332
338
175
114
292
489
466
259
159
298
449
419
256
129
143
240
261
143
12
-10
17
-14
-118
-225
-228
-171
-191
-304
-425
-420
-359
-382
-475
-505
-461
-450
-543
-611
-506
-360
-321
-405
-454
-378
-248
-192
-224
-177
-44
16
-100
-204
-91
124
178
12
-175
-114
62
93
-73
-222
-105
107
135
-94
-284
-193
85
258
212
60
10
149
358
421
360
257
269
375
440
305
111
94
256
339
186
-45
-161
-86
-23
-55
-124
-110
-50
-44
-63
-81
-36
32
37
55
108
159
133
62
34
165
279
295
224
159
214
298
301
300
296
335
408
411
381
324
305
409
481
433
311
242
269
337
325
239
101
21
18
-8
-80
-156
-166
-179
-233
-364
-461
-455
-383
-338
-376
-505
-586
-583
-520
-490
-500
-489
-475
-502
-521
-516
-438
-379
-341
-301
-246
-243
-273
-257
-176
-60
-76
-185
-208
-81
55
-9
-211
-269
-137
-34
-180
-395
-416
-197
-26
-135
-382
-436
-188
80
128
19
-24
134
334
424
424
411
480
576
625
578
520
492
515
526
492
417
353
316
259
262
270
253
170
97
111
170
191
153
86
94
194
231
169
46
28
132
227
173
55
23
93
169
160
77
21
54
114
124
59
85
160
158
69
10
64
148
136
55
21
60
99
45
-46
-52
-6
42
-10
-79
-107
-118
-133
-161
-185
-202
-231
-278
-324
-366
-386
-379
-371
-421
-487
-538
-553
-517
-471
-475
-494
-505
-438
-338
-308
-345
-326
-209
-95
-87
-209
-260
-140
41
53
-120
-263
-177
-16
-46
-230
-350
-226
-39
-34
-206
-335
-220
11
138
133
90
137
278
402
479
479
470
496
548
588
567
473
373
367
449
468
340
157
83
168
227
172
52
-21
50
105
46
-52
-77
-11
74
93
53
-20
-98
-70
48
133
107
25
10
126
208
178
126
111
202
287
333
345
343
363
381
405
413
412
347
295
327
356
314
198
132
150
170
57
-100
-204
-196
-170
-236
-376
-471
-433
-402
-491
-643
-674
-596
-530
-563
-657
-660
-583
-498
-473
-484
-427
-327
-298
-308
-267
-170
-76
-86
-102
-28
51
-8
-140
-179
-39
96
5
-215
-336
-283
-207
-252
-400
-504
-413
-266
-239
-388
-520
-391
-117
61
30
-79
-20
226
451
506
455
481
620
725
715
667
666
670
637
585
549
514
438
344
314
305
267
174
98
98
129
148
108
66
77
136
175
144
77
70
147
230
230
183
157
181
227
239
213
161
157
196
244
235
173
100
88
125
140
118
31
-62
-72
-36
-34
-123
-236
-275
-233
-199
-237
-310
-385
-392
-353
-345
-411
-487
-507
-447
-384
-408
-465
-476
-405
-335
-331
-394
-423
-372
-274
-231
-239
-236
-230
-182
-143
-123
-113
-108
-100
-93
-93
-89
-141
-195
-177
-68
-22
-106
-235
-303
-248
-163
-181
-238
-268
-206
-138
-162
-201
-183
-51
94
179
206
198
208
304
457
567
575
500
499
570
625
602
504
445
500
559
507
367
292
328
401
416
342
295
257
253
274
326
355
297
214
201
283
291
203
91
130
253
240
73
-80
-50
71
88
-46
-183
-167
-30
6
-92
-168
-119
-16
25
-27
-76
-75
-47
-29
-41
-78
-77
-74
-113
-166
-205
-208
-197
-209
-221
-233
-256
-304
-358
-388
-397
-370
-375
-420
-458
-473
-468
-454
-460
-463
-483
-448
-401
-384
-420
-436
-386
-279
-210
-233
-258
-224
-143
-75
-42
-80
-99
-61
-4
48
-16
-128
-181
-119
-30
-44
-169
-231
-117
38
85
3
-58
40
265
410
383
303
358
547
708
709
629
619
718
800
767
684
632
631
611
545
480
409
352
313
283
265
199
93
29
25
22
-6
-54
-75
-66
-75
-96
-141
-169
-162
-136
-111
-153
-186
-176
-122
-83
-74
-86
-84
-41
-23
8
45
95
129
118
121
154
174
195
191
165
131
105
96
74
23
-16
-21
-45
-110
-202
-241
-234
-237
-303
-371
-385
-379
-387
-444
-481
-457
-422
-404
-434
-463
-465
-422
-381
-345
-328
-324
-301
-261
-215
-212
-211
-165
-89
-50
-64
-95
-87
-53
0
5
15
53
7
-59
-85
-33
19
26
-22
-54
-2
57
61
24
4
91
218
268
211
174
227
321
371
383
364
338
317
290
276
279
227
166
133
131
131
37
-20
19
91
106
49
-8
26
101
129
113
97
143
228
273
260
213
219
291
364
382
332
255
243
322
407
358
255
190
235
329
320
250
172
143
174
170
102
49
20
20
2
-70
-147
-183
-197
-203
-244
-292
-329
-359
-383
-399
-412
-407
-390
-412
-455
-487
-462
-417
-406
-427
-440
-396
-359
-369
-393
-377
-310
-241
-226
-247
-224
-173
-123
-106
-86
-33
21
37
16
10
10
9
2
-2
3
-4
-68
-184
-270
-264
-192
-170
-230
-297
-280
-220
-217
-259
-256
-162
-32
6
-33
-53
32
159
241
288
301
318
381
416
449
490
502
519
555
563
510
438
436
472
460
434
411
417
424
386
335
312
321
340
310
270
245
241
240
231
211
214
225
215
178
133
126
144
135
98
67
49
49
24
-7
-40
-63
-44
-37
-59
-128
-204
-235
-226
-202
-218
-281
-354
-375
-378
-385
-397
-412
-409
-404
-410
-442
-446
-427
-383
-340
-319
-323
-316
-315
-295
-251
-207
-188
-190
-209
-211
-199
-182
-174
-155
-98
-79
-107
-162
-169
-111
-66
-77
-101
-119
-124
-130
-136
-119
-81
-75
-111
-179
-194
-173
-178
-185
-207
-178
-134
-98
-91
-90
-52
33
125
167
175
207
268
354
398
422
455
513
542
553
551
557
588
581
577
550
528
534
537
513
460
427
438
447
412
360
351
363
347
280
205
190
223
212
148
84
75
74
50
-11
-51
-29
-16
-54
-125
-158
-155
-143
-168
-210
-208
-195
-232
-275
-306
-260
-237
-281
-341
-359
-321
-312
-323
-342
-325
-295
-311
-341
-342
-320
-290
-295
-320
-315
-304
-269
-265
-255
-240
-247
-254
-257
-230
-209
-216
-231
-228
-204
-191
-204
-216
-202
-156
-135
-148
-164
-139
-89
-83
-119
-142
-98
-57
-86
-125
-145
-127
-100
-85
-79
-76
-53
-43
-13
31
84
127
164
203
261
319
357
393
438
501
542
562
580
590
624
644
672
691
688
663
633
623
611
595
557
521
469
424
369
332
300
272
212
154
96
51
11
-34
-71
-103
-119
-147
-186
-224
-218
-224
-256
-272
-283
-264
-231
-237
-235
-221
-220
-240
-274
-274
-256
-253
-257
-278
-281
-283
-296
-325
-346
-322
-301
-312
-339
-366
-363
-372
-368
-341
-310
-311
-327
-347
-325
-273
-237
-221
-239
-237
-198
-151
-139
-137
-107
-53
-23
-27
-52
-57
-23
3
14
-16
-30
-22
3
5
-17
-18
-8
9
-8
-31
-16
33
70
67
70
92
140
197
236
255
300
342
394
420
446
490
539
568
569
575
597
606
598
562
539
531
529
494
416
382
361
347
285
226
205
196
172
127
88
70
48
20
-21
-31
-25
-51
-98
-151
-172
-189
-216
-256
-272
-280
-287
-309
-352
-357
-353
-363
-396
-435
-438
-404
-399
-418
-439
-416
-382
-382
-398
-395
-362
-312
-275
-263
-248
-231
-206
-180
-140
-105
-85
-81
-89
-81
-58
-38
-32
-41
-28
-18
-5
-10
-13
-1
21
38
37
43
42
36
39
40
47
56
67
73
52
26
10
18
26
9
-2
-12
3
28
29
12
23
66
109
112
92
88
147
214
235
231
258
316
363
380
372
397
439
479
481
457
440
442
436
413
368
326
320
303
270
232
183
156
143
117
72
23
-19
-27
-31
-65
-115
-143
-146
-154
-188
-231
-241
-225
-245
-285
-302
-311
-308
-342
-362
-359
-333
-320
-341
-356
-356
-345
-340
-325
-309
-280
-256
-229
-218
-199
-176
-161
-139
-118
-104
-101
-101
-96
-89
-86
-71
-27
0
-10
-20
-18
-3
16
11
0
7
21
39
40
41
58
73
83
89
82
89
96
128
145
150
144
153
153
150
148
129
117
133
138
145
141
128
118
111
129
132
130
124
117
129
155
166
158
140
147
149
153
155
151
162
172
166
150
137
125
96
78
61
68
51
16
-19
-35
-43
-67
-98
-109
-102
-105
-130
-163
-158
-140
-111
-119
-114
-102
-77
-71
-96
-85
-55
-26
-17
-23
-29
-31
-33
-51
-64
-67
-66
-85
-131
-153
-159
-168
-183
-196
-184
-165
-151
-156
-160
-140
-110
-106
-119
-112
-74
-41
-49
-54
-21
33
59
40
34
56
92
103
110
117
150
171
161
160
170
191
191
169
146
139
142
134
99
54
27
17
-19
-50
-64
-57
-72
-101
-119
-125
-104
-88
-88
-112
-121
-107
-87
-86
-95
-86
-58
-41
-22
-25
-28
-1
19
36
37
34
26
44
58
61
56
52
55
56
62
68
68
73
72
55
47
44
59
65
45
34
38
55
50
36
42
80
106
107
91
86
110
127
130
122
142
149
134
106
91
89
75
52
8
-10
-35
-61
-73
-101
-102
-104
-116
-133
-142
-137
-118
-109
-99
-87
-68
-48
-47
-41
-33
5
18
4
5
23
47
51
39
7
5
29
23
-4
-22
-3
6
-14
-41
-64
-56
-41
-38
-54
-96
-112
-120
-122
-139
-167
-165
-156
-151
-161
-191
-196
-191
-178
-162
-151
-138
-141
-157
-162
-144
-125
-122
-116
-122
-108
-85
-79
-82
-68
-13
26
30
29
62
112
142
150
150
169
213
233
242
238
242
245
243
233
220
195
163
169
182
193
176
160
161
167
168
154
151
150
164
163
140
127
135
151
133
119
110
114
109
84
51
43
49
36
11
-6
-15
-34
-37
-39
-35
-37
-63
-71
-67
-59
-69
-87
-91
-83
-62
-64
-81
-91
-65
-49
-37
-46
-60
-63
-80
-82
-75
-64
-75
-94
-109
-124
-143
-157
-171
-158
-156
-171
-193
-209
-206
-229
-260
-289
-300
-287
-287
-305
-325
-302
-266
-267
-273
-274
-240
-190
-164
-148
-116
-55
0
24
27
57
97
132
154
159
190
220
244
249
252
272
290
287
290
304
314
316
299
315
321
317
307
281
258
240
224
203
177
173
171
171
156
135
121
124
127
119
109
84
70
65
55
44
41
54
58
37
9
-8
-6
-3
-22
-57
-82
-79
-78
-115
-150
-150
-123
-118
-152
-190
-191
-179
-164
-182
-204
-190
-179
-175
-194
-189
-161
-157
-174
-188
-187
-165
-153
-167
-177
-159
-145
-157
-182
-197
-187
-168
-151
-171
-183
-178
-160
-151
-149
-150
-161
-156
-136
-111
-91
-77
-66
-24
3
13
21
18
44
88
129
133
142
167
204
244
249
250
276
303
309
296
282
291
299
304
294
281
284
275
258
245
224
221
224
220
215
206
205
206
189
170
144
131
131
129
107
80
63
49
29
12
-14
-35
-47
-59
-80
-96
-94
-95
-106
-136
-149
-156
-160
-173
-182
-180
-182
-182
-190
-194
-200
-204
-192
-180
-169
-163
-164
-160
-152
-139
-130
-141
-148
-154
-143
-142
-140
-156
-164
-152
-151
-157
-163
-169
-167
-159
-152
-141
-143
-130
-113
-101
-97
-100
-90
-60
-38
-30
-32
-29
-12
1
16
31
35
58
85
92
94
100
110
133
143
145
141
155
173
182
176
168
168
175
177
165
162
159
158
161
161
144
143
134
116
109
97
98
99
104
99
92
92
92
91
90
98
112
112
98
78
81
100
98
77
62
56
55
31
17
9
8
4
-12
-18
-42
-38
-53
-58
-58
-71
-86
-108
-116
-108
-102
-106
-121
-128
-124
-124
-132
-142
-137
-125
-109
-117
-127
-131
-109
-96
-109
-119
-128
-124
-117
-129
-139
-140
-136
-116
-104
-106
-118
-104
-72
-51
-43
-15
10
42
75
94
102
111
124
137
148
166
183
189
185
192
198
189
169
163
158
152
140
124
117
99
88
79
56
26
18
0
-6
-21
-56
-71
-77
-91
-112
-129
-140
-150
-145
-146
-156
-170
-180
-183
-172
-167
-175
-175
-167
-153
-153
-158
-151
-131
-104
-80
-76
-82
-66
-40
-20
-7
10
22
51
77
82
86
91
112
123
131
127
120
114
114
116
125
127
113
98
89
86
103
112
107
102
90
90
91
87
78
87
101
112
110
98
94
107
119
121
112
103
100
81
72
61
59
63
59
58
41
30
20
12
7
6
-2
-13
-2
2
8
1
-8
-15
-14
-11
-11
-15
-21
-36
-51
-57
-78
-95
-104
-112
-124
-140
-152
-165
-178
-203
-240
-253
-258
-271
-280
-280
-278
-281
-279
-274
-272
-269
-250
-251
-238
-213
-203
-188
-164
-136
-113
-87
-61
-46
-10
23
37
60
73
106
138
139
147
166
187
205
215
222
243
246
242
227
229
236
235
227
214
216
210
206
188
196
219
217
211
201
198
204
210
197
189
195
196
185
156
142
138
145
136
112
89
78
68
54
38
15
8
-7
-30
-57
-92
-106
-111
-126
-144
-165
-173
-169
-161
-168
-183
-183
-173
-159
-157
-172
-156
-136
-131
-135
-148
-147
-141
-126
-130
-139
-142
-148
-158
-176
-182
-184
-176
-183
-186
-191
-190
-180
-194
-199
-202
-200
-195
-201
-193
-176
-167
-157
-148
-141
-135
-121
-112
-90
-64
-49
-25
-4
16
31
47
67
90
117
127
151
169
178
189
199
207
221
230
231
232
242
246
243
252
263
279
288
295
301
321
342
340
336
333
336
336
328
322
307
300
290
277
257
230
215
203
183
152
126
98
72
52
38
16
-17
-40
-66
-92
-125
-152
-170
-186
-194
-209
-222
-240
-263
-285
-299
-312
-313
-306
-302
-299
-296
-289
-285
-285
-273
-270
-264
-246
-239
-236
-227
-220
-208
-181
-179
-183
-179
-169
-152
-144
-153
-145
-128
-108
-95
-98
-92
-90
-75
-69
-78
-76
-76
-76
-71
-64
-62
-62
-47
-36
-41
-41
-34
-14
24
42
63
82
110
129
137
152
162
199
219
239
247
259
275
291
310
315
325
332
340
350
355
361
366
344
326
312
300
287
269
256
241
231
200
159
133
117
94
86
66
38
12
0
-17
-41
-61
-82
-88
-101
-121
-139
-157
-164
-160
-170
-187
-217
-224
-221
-230
-240
-269
-273
-265
-257
-265
-270
-260
-250
-248
-255
-250
-241
-231
-222
-209
-186
-165
-146
-141
-130
-107
-94
-82
-61
-42
-18
-4
13
29
38
52
58
72
79
81
81
85
92
101
100
95
83
82
85
85
80
78
87
101
106
99
106
112
123
124
123
122
122
123
130
123
116
115
112
107
108
97
88
81
82
78
66
62
55
70
72
64
66
73
65
56
43
34
20
14
19
11
5
-3
-12
-13
-18
-33
-44
-67
-81
-89
-95
-101
-101
-109
-115
-116
-118
-124
-143
-147
-151
-146
-137
-132
-142
-140
-122
-112
-115
-116
-119
-100
-88
-81
-92
-94
-77
-69
-64
-65
-60
-56
-44
-32
-29
-19
-8
-4
11
21
24
33
47
69
95
103
114
118
116
134
150
156
158
162
169
164
158
146
129
123
123
119
120
106
97
90
85
74
69
71
56
53
46
36
29
19
12
8
1
-6
-10
-19
-38
-45
-50
-51
-64
-73
-71
-74
-70
-84
-89
-80
-83
-94
-99
-88
-80
-78
-79
-78
-74
-71
-76
-75
-69
-59
-58
-64
-62
-63
-59
-56
-57
-52
-49
-38
-29
-23
-14
-10
-13
-10
-12
-5
1
13
16
17
39
48
46
44
41
44
51
40
38
37
40
32
21
10
0
0
-3
0
4
7
0
4
7
8
8
7
16
29
51
62
67
73
87
97
105
115
112
128
137
130
128
129
125
119
108
95
94
82
70
64
47
26
15
4
-8
-13
-23
-38
-52
-64
-76
-89
-98
-101
-118
-132
-134
-137
-153
-157
-158
-162
-162
-161
-158
-167
-166
-158
-156
-158
-150
-135
-126
-115
-113
-102
-81
-68
-61
-55
-43
-23
-9
-3
6
15
30
48
49
49
55
73
90
98
100
106
108
117
120
119
111
101
116
114
112
109
102
103
112
114
109
102
102
108
99
101
92
96
95
75
60
52
46
41
31
27
29
22
15
-5
2
5
2
5
-2
-5
-6
-9
-13
-6
-7
-8
-16
-15
-9
-12
-17
-16
-13
-6
-11
-20
-32
-45
-43
-46
-51
-54
-54
-64
-82
-102
-121
-132
-133
-137
-141
-145
-153
-159
-161
-159
-157
-162
-153
-153
-153
-143
-133
-113
-103
-96
-86
-73
-63
-62
-53
-37
-23
-10
5
10
9
19
25
41
48
53
71
75
91
96
89
106
121
141
143
143
145
148
150
154
158
160
175
174
178
172
170
175
175
179
175
172
168
160
157
156
155
156
146
130
117
105
96
70
56
38
20
3
-10
-35
-43
-51
-68
-75
-99
-113
-131
-139
-142
-144
-150
-165
-170
-175
-177
-175
-170
-166
-169
-163
-156
-151
-155
-148
-140
-132
-122
-123
-121
-109
-104
-101
-92
-92
-80
-72
-75
-72
-71
-58
-53
-54
-51
-45
-34
-37
-37
-35
-37
-27
-28
-23
-19
-7
8
16
22
25
36
47
53
49
52
51
54
46
38
40
45
58
60
58
68
69
77
93
95
106
110
126
139
143
144
139
147
151
158
169
173
178
186
179
178
183
183
178
175
170
152
138
130
109
101
89
77
70
54
37
21
13
-4
-17
-38
-41
-49
-59
-68
-88
-98
-99
-106
-119
-142
-146
-149
-159
-170
-178
-185
-192
-193
-194
-187
-183
-162
-159
-150
-153
-146
-139
-138
-137
-130
-110
-114
-112
-109
-105
-98
-87
-80
-71
-62
-57
-47
-49
-54
-52
-46
-38
-31
-23
-19
-18
-12
-10
-11
-12
-10
-13
-8
0
3
15
21
38
52
55
63
59
63
73
78
81
88
94
97
103
106
114
118
127
142
141
140
140
137
145
148
152
157
164
172
170
167
162
173
172
164
159
147
135
129
118
98
90
80
63
46
35
21
13
5
-16
-29
-38
-48
-54
-64
-66
-72
-85
-91
-107
-117
-116
-120
-129
-136
-147
-154
-162
-173
-176
-175
-169
-176
-177
-175
-178
-172
-163
-154
-152
-146
-138
-126
-120
-115
-100
-89
-78
-69
-66
-56
-49
-36
-35
-31
-19
-9
-3
-3
2
17
27
34
47
53
56
74
94
111
112
110
119
127
134
141
151
147
149
156
155
152
145
143
136
128
121
116
118
113
93
85
72
62
55
38
18
17
12
-4
-9
-17
-24
-32
-35
-35
-31
-28
-32
-29
-24
-29
-34
-32
-33
-30
-23
-31
-28
-28
-27
-21
-18
-25
-23
-16
-19
-8
-13
-10
-7
-9
-3
-7
-9
-12
-15
-13
-16
-15
-18
-12
-16
-22
-26
-29
-28
-34
-35
-40
-44
-48
-56
-61
-57
-60
-58
-59
-60
-65
-55
-55
-56
-52
-48
-49
-57
-49
-43
-43
-53
-51
-52
-41
-30
-30
-22
-24
-9
-3
-9
-7
0
6
9
8
10
15
7
3
2
4
8
11
9
12
18
31
36
39
46
52
52
49
49
45
44
45
41
35
39
31
27
19
20
22
18
13
17
27
30
38
38
51
62
65
60
64
70
78
87
79
79
75
90
94
85
73
71
77
77
76
72
73
79
80
76
67
60
56
47
35
21
10
1
6
1
-11
-18
-27
-33
-46
-56
-52
-60
-59
-68
-79
-84
-87
-97
-108
-115
-121
-119
-121
-129
-133
-129
-131
-128
-139
-143
-139
-134
-133
-123
-111
-97
-87
-74
-64
-65
-59
-58
-54
-44
-43
-33
-29
-19
-12
-12
-6
-1
0
5
1
5
21
34
36
36
40
37
40
40
41
48
59
58
62
50
47
44
35
25
21
23
23
28
27
30
26
23
22
21
17
19
20
22
24
23
24
31
25
31
28
30
31
37
47
49
68
75
84
91
100
111
108
116
117
126
134
128
130
123
117
114
109
97
100
100
93
97
95
83
74
58
43
35
23
10
3
-8
-15
-26
-43
-59
-66
-72
-77
-77
-76
-82
-86
-99
-101
-108
-116
-128
-136
-140
-149
-143
-139
-138
-144
-144
-140
-138
-136
-134
-131
-123
-118
-108
-104
-103
-100
-93
-90
-84
-77
-76
-76
-68
-65
-56
-47
-47
-48
-47
-37
-29
-25
-22
-16
-10
-1
8
12
13
15
18
24
30
36
37
51
54
46
57
43
54
67
71
81
85
89
93
98
98
104
109
118
129
129
134
133
146
144
146
152
152
166
171
182
184
189
187
186
180
174
175
169
167
156
146
129
117
103
81
64
56
46
26
5
-13
-29
-50
-70
-95
-107
-128
-151
-166
-183
-197
-208
-227
-233
-235
-251
-260
-267
-270
-271
-266
-265
-263
-255
-238
-227
-218
-210
-202
-192
-175
-158
-141
-129
-113
-91
-86
-79
-62
-54
-40
-26
-6
6
17
36
46
51
64
70
80
91
100
107
107
111
115
122
129
133
130
132
125
120
122
127
132
129
132
127
122
118
118
117
114
102
102
103
92
90
86
95
96
92
91
92
96
98
91
100
111
119
126
122
124
119
126
124
112
110
102
100
88
85
71
69
58
39
25
7
-4
-21
-34
-47
-59
-73
-86
-92
-104
-117
-138
-155
-169
-185
-195
-198
-205
-211
-214
-216
-227
-227
-225
-220
-218
-213
-206
-201
-196
-184
-170
-164
-152
-135
-118
-115
-94
-79
-68
-57
-39
-29
-14
1
6
16
15
20
20
29
29
26
36
43
44
50
51
42
45
56
60
58
61
67
64
68
68
73
82
86
87
92
94
92
101
106
110
105
103
105
104
101
110
108
113
117
118
120
107
115
106
104
103
100
99
95
92
86
87
81
70
62
54
45
40
34
32
35
18
19
12
-1
0
0
-4
-12
-25
-26
-23
-34
-31
-33
-40
-49
-62
-70
-77
-90
-97
-93
-101
-109
-107
-108
-114
-114
-116
-121
-109
-104
-105
-102
-108
-99
-91
-100
-97
-99
-95
-93
-97
-90
-90
-82
-80
-81
-73
-67
-60
-50
-39
-32
-23
-13
-15
-11
-1
1
7
18
19
22
26
32
41
46
48
52
56
64
71
71
74
78
86
90
95
97
110
119
124
131
138
132
133
138
128
120
107
103
99
90
75
71
61
49
38
30
18
3
-3
-20
-25
-36
-44
-49
-57
-57
-60
-60
-68
-68
-67
-64
-58
-60
-56
-50
-46
-41
-36
-40
-44
-38
-43
-42
-37
-38
-31
-24
-26
-25
-20
-17
-14
-27
-25
-17
-13
-9
-11
-9
-10
-3
-7
-10
-12
-8
-12
-22
-23
-18
-15
-18
-27
-38
-37
-41
-47
-51
-54
-55
-49
-53
-48
-38
-34
-28
-16
-13
1
9
5
14
19
27
27
33
41
42
42
50
58
60
70
72
71
74
79
77
80
80
78
78
71
69
64
57
49
43
32
32
17
11
2
-10
-10
-16
-22
-25
-25
-41
-40
-45
-52
-58
-64
-68
-65
-63
-63
-60
-58
-49
-52
-50
-49
-38
-27
-21
-15
-10
-1
4
9
13
25
31
31
36
44
49
55
50
48
58
59
57
55
49
47
56
52
51
50
48
45
44
36
33
29
17
4
-11
-14
-23
-33
-42
-39
-45
-56
-64
-62
-61
-61
-53
-54
-49
-47
-43
-37
-33
-27
-30
-31
-28
-31
-27
-22
-20
-16
-16
-19
-15
-12
-4
-1
6
13
21
25
34
32
37
34
37
44
41
42
39
43
45
36
34
34
25
27
28
29
22
14
14
11
4
3
-9
-11
-15
-25
-34
-44
-52
-62
-67
-75
-81
-89
-88
-84
-88
-88
-86
-80
-76
-76
-63
-64
-59
-46
-45
-32
-23
-16
-6
-1
10
25
26
33
40
52
60
60
71
65
73
77
76
81
90
90
92
99
93
94
86
96
99
94
92
84
80
74
73
67
59
54
55
49
50
39
35
25
17
15
6
-4
-17
-28
-38
-41
-50
-53
-62
-61
-67
-71
-72
-79
-85
-86
-83
-82
-83
-86
-80
-80
-79
-78
-85
-73
-72
-66
-50
-46
-42
-47
-38
-26
-23
-22
-11
-6
-1
-2
-4
-2
-6
-5
-14
-15
-16
-5
-2
-1
-4
-2
0
0
2
0
7
5
4
7
4
4
4
6
7
11
13
14
13
10
15
17
13
17
21
29
36
34
42
43
42
49
51
60
68
67
77
83
85
92
93
91
98
97
92
94
93
94
91
87
83
70
61
58
53
43
31
19
5
-7
-27
-39
-50
-67
-80
-84
-94
-103
-112
-114
-124
-131
-138
-142
-144
-141
-139
-142
-137
-135
-130
-127
-127
-124
-109
-98
-85
-78
-72
-50
-36
-25
-11
-2
9
17
28
33
42
60
64
65
68
76
78
86
85
89
92
93
102
102
109
108
103
91
86
86
86
76
65
59
52
43
39
38
21
14
6
-1
-12
-17
-16
-20
-16
-20
-23
-18
-22
-20
-17
-18
-11
-11
-15
-14
-18
-14
-8
-6
-2
-1
10
15
15
14
16
16
18
19
16
22
22
25
26
20
19
17
3
-4
-6
-10
-14
-11
-14
-19
-30
-31
-38
-40
-40
-44
-48
-55
-55
-60
-63
-76
-81
-81
-82
-82
-82
-80
-78
-76
-78
-76
-73
-73
-67
-60
-54
-41
-27
-15
-8
-5
2
12
20
27
32
31
31
35
29
29
33
38
48
51
56
66
65
57
63
67
65
63
63
59
57
53
40
41
31
27
25
20
21
21
17
13
13
15
14
16
23
21
30
21
21
20
17
14
13
13
8
18
17
19
18
17
20
20
23
27
22
28
29
22
22
20
21
15
14
5
1
7
3
0
-3
-4
-5
-8
-6
-13
-7
-3
-9
-15
-15
-20
-25
-33
-45
-51
-58
-56
-57
-59
-66
-63
-66
-76
-76
-83
-83
-86
-85
-86
-87
-81
-84
-81
-75
-70
-62
-59
-50
-39
-36
-28
-22
-17
-11
-2
12
15
12
26
29
32
45
47
59
68
72
75
82
89
90
86
81
80
77
76
68
60
58
50
50
48
48
46
44
43
44
41
31
30
23
22
12
9
13
5
5
-4
-3
-7
-12
-17
-24
-23
-32
-34
-33
-36
-42
-48
-44
-43
-40
-45
-40
-47
-51
-46
-49
-54
-51
-56
-58
-54
-52
-48
-41
-29
-24
-27
-20
-13
-15
-12
-11
-4
6
17
17
23
25
22
25
25
24
25
30
29
29
30
28
23
21
20
10
11
15
14
13
15
15
12
11
9
11
14
15
21
23
30
34
38
42
36
38
35
36
32
38
41
40
38
36
36
40
37
34
33
34
27
13
9
4
4
-1
-7
-12
-12
-17
-27
-37
-39
-41
-48
-50
-60
-65
-68
-76
-79
-79
-80
-74
-77
-71
-68
-71
-67
-66
-57
-55
-41
-27
-32
-32
-28
-19
-20
-17
-9
-4
9
10
21
27
35
42
42
49
51
52
59
68
67
71
69
68
70
61
61
65
62
57
61
56
42
33
24
15
12
7
2
-4
-9
-10
-12
-23
-30
-32
-28
-32
-33
-31
-29
-28
-30
-33
-41
-35
-35
-28
-20
-24
-20
-10
-6
-4
-1
4
5
8
8
7
7
5
5
4
10
14
13
21
20
18
25
20
20
20
19
13
13
1
-4
-10
-12
-12
-13
-15
-23
-22
-31
-38
-40
-45
-47
-40
-39
-38
-42
-41
-30
-28
-16
-16
-19
-16
-11
-13
-14
-18
-15
-10
-10
-5
-6
-7
-9
-2
2
3
2
6
16
17
19
17
16
15
14
22
31
36
42
46
44
42
31
25
21
20
20
21
24
27
27
23
22
17
17
16
16
13
18
15
14
21
16
20
21
23
28
22
24
22
14
13
9
8
5
1
6
6
0
-4
-6
-8
-7
-7
-4
-10
-9
-8
-14
-17
-18
-13
-17
-15
-14
-24
-30
-27
-32
-32
-33
-29
-30
-31
-31
-30
-31
-34
-31
-31
-31
-33
-32
-35
-33
-27
-28
-24
-19
-24
-23
-24
-18
-12
-11
-9
-3
-5
-4
-2
-1
7
7
8
8
11
11
9
10
6
8
10
12
14
19
26
22
18
22
26
27
23
25
28
36
38
45
50
56
54
53
59
57
56
56
51
45
44
36
36
27
25
29
24
18
15
12
8
6
-1
-6
-11
-19
-21
-28
-36
-38
-43
-50
-52
-55
-66
-67
-69
-73
-73
-65
-69
-69
-65
-63
-53
-57
-55
-45
-46
-46
-40
-40
-40
-35
-34
-31
-24
-22
-16
-12
-5
-5
7
9
11
12
14
15
13
25
27
30
27
32
36
38
41
45
41
44
46
42
48
49
53
60
58
61
67
64
63
61
60
53
52
45
41
43
42
39
36
34
33
28
23
21
15
9
-1
-6
-2
-5
-7
3
0
-4
-7
-4
0
-3
-2
-6
-4
-12
-15
-21
-26
-26
-22
-18
-24
-28
-31
-34
-36
-42
-47
-56
-56
-58
-60
-59
-59
-54
-57
-56
-50
-47
-47
-50
-55
-57
-55
-56
-58
-49
-53
-51
-47
-49
-43
-44
-42
-37
-38
-28
-26
-19
-11
-9
2
1
10
16
22
32
37
43
47
52
56
60
61
62
68
69
69
69
65
53
53
48
44
42
39
30
34
33
28
29
25
24
19
20
22
23
19
18
17
18
10
5
5
-3
-5
-8
-12
-6
-9
-11
-13
-16
-17
-19
-12
-16
-14
-13
-9
-11
-11
-7
-9
-4
-5
-3
-3
-4
4
-2
4
7
8
3
-2
2
-3
0
2
8
8
13
7
6
-1
-8
-10
-12
-9
-10
-10
-13
-17
-17
-16
-15
-15
-17
-16
-19
-13
-12
-10
-15
-10
-8
-8
-9
-12
-8
-6
-6
-6
-4
-3
1
3
8
6
9
11
14
14
21
29
26
26
23
23
26
34
34
33
29
26
25
19
15
12
13
12
11
14
11
8
10
5
4
-1
-7
-7
-9
-16
-16
-17
-19
-19
-20
-16
-15
-13
-20
-25
-33
-29
-36
-45
-48
-49
-53
-56
-53
-54
-53
-54
-57
-53
-57
-55
-50
-53
-44
-40
-36
-31
-23
-23
-25
-16
-19
-16
-9
-4
-4
-6
-1
1
4
10
12
14
22
24
27
29
27
30
32
24
30
32
39
44
43
49
47
50
46
49
51
48
51
52
52
51
52
52
47
54
55
57
55
56
58
58
60
65
67
59
57
60
56
58
60
59
53
51
49
46
39
36
40
33
31
18
7
-2
-7
-14
-21
-28
-35
-41
-53
-62
-68
-77
-77
-81
-83
-88
-93
-99
-99
-94
-98
-100
-104
-101
-98
-94
-93
-91
-85
-84
-75
-73
-72
-63
-55
-51
-48
-45
-44
-42
-46
-42
-40
-36
-33
-21
-14
-8
4
15
18
21
27
34
40
44
51
55
57
62
63
64
66
63
65
67
74
73
72
71
69
68
57
52
49
44
40
36
33
31
31
23
21
17
14
14
12
15
7
6
7
2
0
-4
-8
-10
-9
-8
-9
-14
-19
-22
-19
-16
-19
-21
-21
-23
-21
-21
-22
-24
-20
-25
-20
-15
-16
-14
-10
-7
-8
-3
-3
-3
0
-4
-4
-1
-11
-11
-10
-13
-19
-18
-20
-21
-20
-23
-22
-23
-20
-19
-16
-16
-21
-25
-26
-27
-28
-24
-17
-11
-8
-4
-2
4
4
5
9
14
12
18
22
26
21
26
25
26
25
27
32
32
30
25
28
30
29
30
32
33
34
34
33
34
38
39
41
47
47
43
45
45
47
46
42
38
38
31
30
32
28
31
26
21
11
7
1
-4
1
-10
-13
-22
-23
-22
-27
-30
-30
-33
-37
-45
-49
-50
-58
-60
-65
-58
-57
-55
-55
-55
-50
-51
-54
-54
-50
-52
-47
-48
-45
-44
-42
-44
-45
-37
-34
-31
-26
-22
-19
-17
-14
-8
-16
-17
-18
-13
-8
-8
-1
2
-3
-3
2
5
8
6
11
9
10
9
13
18
20
21
23
23
28
31
34
40
44
45
43
45
47
48
50
51
51
54
50
52
49
51
49
45
49
46
41
45
49
42
45
39
31
27
27
22
21
18
15
8
4
-2
-13
-13
-20
-28
-31
-34
-40
-42
-46
-51
-52
-53
-54
-53
-56
-59
-59
-58
-56
-52
-50
-51
-45
-44
-43
-35
-40
-40
-36
-34
-33
-34
-28
-29
-24
-14
-14
-7
-3
-2
3
9
17
22
21
25
30
28
25
27
31
31
36
34
34
36
36
38
39
41
43
40
38
40
38
38
36
36
31
32
27
27
25
30
32
26
24
17
11
10
6
3
4
3
0
-4
-7
-9
-12
-14
-15
-16
-22
-23
-22
-21
-21
-24
-25
-23
-25
-23
-19
-21
-22
-24
-21
-21
-17
-15
-12
-15
-15
-20
-24
-24
-20
-22
-25
-20
-25
-27
-27
-28
-24
-19
-16
-14
-13
-9
-10
-9
-6
-6
-2
2
3
5
5
7
4
2
6
7
9
11
12
14
23
23
29
24
26
24
22
25
22
28
29
28
30
28
28
23
17
18
19
18
17
14
9
2
1
-4
-6
-10
-15
-21
-21
-20
-26
-25
-21
-19
-18
-15
-16
-12
-13
-6
-11
-13
-16
-18
-17
-15
-13
-11
-8
-6
-2
-2
4
2
8
6
5
10
10
14
16
16
14
15
13
15
17
17
19
21
20
18
18
14
14
13
10
9
6
2
-1
-2
-8
-9
-5
-7
-6
-8
-7
-8
-8
-5
-8
-9
-10
-7
-6
-4
-4
-3
0
-1
-1
-7
-4
0
-1
5
5
3
-2
-3
-6
-8
-10
-8
-10
-12
-14
-17
-12
-13
-12
-9
-5
-3
-5
0
3
1
6
8
7
9
9
7
9
8
7
14
10
8
6
7
0
-1
0
2
4
4
3
4
4
2
8
11
10
8
10
9
7
7
13
12
7
2
2
-4
-4
-7
-11
-13
-20
-17
-15
-15
-16
-14
-18
-20
-19
-22
-23
-20
-23
-18
-17
-21
-19
-22
-12
-7
-5
-4
-4
0
2
4
10
8
13
12
6
9
13
15
14
16
15
13
17
20
21
24
23
22
19
20
22
20
20
16
12
10
5
4
0
2
7
8
8
12
11
9
12
5
10
11
8
8
3
2
-1
-1
0
0
-1
-1
-4
-5
-13
-12
-12
-17
-15
-18
-20
-22
-26
-29
-31
-28
-29
-32
-33
-32
-31
-31
-30
-27
-27
-29
-30
-24
-21
-18
-19
-16
-18
-18
-19
-16
-15
-15
-8
-8
-3
-4
0
3
10
15
18
23
25
28
26
26
29
31
33
34
32
31
33
28
26
25
27
29
30
28
26
22
25
26
26
22
21
22
15
12
12
10
8
6
8
7
9
8
7
8
8
12
10
7
6
7
3
7
7
2
2
1
0
-4
-7
-8
-11
-18
-18
-19
-16
-17
-21
-19
-21
-19
-21
-20
-16
-18
-20
-24
-24
-24
-26
-25
-25
-26
-29
-26
-21
-22
-22
-19
-20
-18
-16
-13
-12
-9
-9
-8
-5
-5
-5
-6
-5
-4
-7
-7
-3
-3
-2
4
4
6
6
7
6
4
4
5
5
7
7
8
8
9
8
8
7
8
8
10
13
17
14
17
19
16
23
21
21
21
19
16
14
10
8
5
7
6
4
5
5
7
3
3
4
4
6
7
7
4
4
3
2
4
7
7
8
5
2
-2
-2
0
-1
-1
-2
-1
0
-5
-6
-4
-1
-1
-2
-4
-4
-4
-4
-3
-4
-7
-8
-12
-13
-10
-12
-11
-9
-11
-10
-12
-13
-14
-13
-12
-9
-7
-7
-8
-9
-8
-7
-6
-7
-7
-5
0
0
1
4
5
3
3
4
3
4
5
7
5
2
2
1
-1
3
2
4
5
3
4
3
4
5
8
5
7
6
6
5
10
9
9
13
11
11
10
7
2
3
5
6
9
7
5
5
5
4
4
5
1
1
-3
-7
-7
-7
-7
-7
-8
-7
-9
-12
-12
-10
-8
-9
-10
-11
-11
-12
-9
-10
-12
-16
-16
-18
-18
-15
-11
-9
-12
-8
-9
-9
-9
-10
-5
-6
-6
-5
-3
-3
3
6
7
7
4
4
3
3
3
6
5
6
5
5
7
10
14
15
17
17
15
17
19
18
17
19
14
13
14
14
13
11
7
10
10
10
10
9
11
12
17
15
13
11
12
10
5
4
2
2
3
2
-1
-1
0
-2
-2
-5
-3
-7
-7
-9
-8
-10
-9
-9
-10
-5
-4
-3
-4
-4
-8
-8
-9
-11
-13
-12
-10
-8
-11
-13
-11
-15
-14
-13
-12
-13
-13
-14
-17
-17
-18
-18
-19
-20
-20
-17
-17
-15
-13
-11
-8
-5
-3
0
3
7
11
11
10
11
12
11
11
13
13
11
9
6
5
6
5
7
6
5
3
2
3
2
2
6
4
4
3
2
5
4
6
7
6
4
3
4
7
7
5
5
5
1
0
0
0
-2
-2
-2
-2
-2
-3
-3
-3
-3
-3
-1
0
-1
2
5
4
4
5
5
4
1
5
5
4
4
3
5
4
3
1
0
0
-2
-3
-1
-1
-3
-3
-3
-7
-6
-5
-3
-2
-2
-2
0
2
1
2
4
7
9
5
4
5
5
5
5
4
6
3
4
4
8
8
2
-1
0
-2
-2
1
-1
-1
-2
0
-1
1
1
0
4
2
-1
-3
-3
-2
0
-1
-1
-4
-4
-5
-5
-3
-4
-5
-6
-6
-6
-3
-3
-2
-4
-4
-4
-3
0
-2
-1
-1
0
-1
0
-2
-1
-2
1
5
4
4
1
2
1
1
2
-1
-2
-3
-5
-5
-2
-4
-6
-6
-8
-10
-8
-6
-5
-3
-3
-6
-7
-8
-10
-9
-8
-9
-8
-6
-7
-7
-8
-8
-8
-7
-7
-6
-8
-7
-3
-5
-2
-4
-1
2
1
5
7
7
9
8
10
9
9
7
6
9
6
7
6
6
6
7
8
11
11
12
10
13
12
11
8
8
8
6
7
7
10
11
11
11
7
8
6
5
4
3
5
6
4
5
5
6
5
6
7
6
5
0
1
-2
-2
0
1
-3
-2
-3
-4
-1
-3
-2
-4
-2
-1
-2
-1
-1
-2
-5
-7
-9
-12
-11
-13
-13
-12
-14
-14
-16
-16
-15
-14
-13
-12
-11
-9
-6
-5
-5
-4
-1
1
5
5
5
4
4
5
4
5
5
4
3
4
4
6
7
7
7
8
7
5
7
5
5
5
4
4
2
4
2
3
2
1
2
0
-1
-1
0
-1
-2
-2
-2
-4
-3
-7
-10
-8
-9
-8
-9
-10
-11
-12
-11
-11
-10
-11
-12
-8
-9
-9
-8
-7
-6
-5
-5
-4
-4
-6
-7
-7
-6
-4
-5
-4
-3
-4
-2
-1
-1
-3
0
1
0
6
3
3
2
4
3
6
10
9
8
7
10
12
11
9
12
11
14
15
17
16
16
18
19
19
18
17
16
13
12
12
10
10
10
9
8
7
8
6
4
5
5
4
5
4
5
6
3
1
1
0
0
0
0
-2
-3
-3
-2
-2
-4
-4
-6
-7
-5
-4
-4
-5
-5
-6
-8
-8
-7
-11
-10
-10
-11
-11
-11
-12
-11
-13
-14
-13
-13
-15
-13
-13
-14
-12
-11
-9
-10
-10
-10
-11
-11
-12
-11
-10
-10
-11
-9
-12
-11
-12
-12
-11
-9
-6
-7
-7
-6
-4
-4
0
2
6
6
6
5
3
5
3
3
6
6
5
5
4
4
5
7
7
8
10
12
9
9
9
9
10
9
10
10
8
8
8
8
8
8
8
9
9
8
10
10
8
11
8
11
12
10
10
9
10
9
9
9
9
10
8
7
6
5
7
6
7
7
7
9
5
4
3
3
5
2
2
1
-2
0
-1
-3
-5
-5
-6
-7
-7
-9
-8
-10
-8
-6
-9
-10
-11
-12
-13
-12
-12
-12
-13
-14
-13
-14
-14
-15
-16
-16
-15
-13
-14
-14
-16
-13
-14
-12
-12
-13
-12
-13
-12
-11
-9
-8
-7
-5
-1
-1
-1
1
1
3
6
5
6
6
9
11
13
13
14
15
13
12
15
15
16
16
16
16
15
15
14
13
11
10
9
9
8
9
10
9
9
9
9
10
8
7
7
6
3
4
1
1
0
0
-1
-3
-3
-3
-2
-4
-2
-3
-4
-6
-8
-11
-11
-10
-11
-12
-14
-14
-13
-14
-13
-14
-14
-13
-13
-14
-15
-14
-11
-10
-9
-11
-10
-8
-7
-7
-6
-5
-4
-4
-5
-4
-2
0
2
2
5
6
4
3
2
2
3
2
3
5
5
7
7
9
10
9
11
9
9
9
7
9
8
9
11
9
12
11
11
11
11
10
8
9
7
6
2
1
2
2
3
2
1
0
