-4
-4
-4
-2
-2
-2
-2
-2
-2
-1
0
-1
0
1
1
1
0
0
1
0
1
1
2
2
1
3
3
3
2
3
4
3
4
3
4
3
2
4
3
3
3
3
3
2
3
3
3
2
3
3
2
3
1
2
1
2
1
0
1
0
0
-1
1
-1
-1
-1
-1
-2
-1
-1
-2
-1
-1
-2
-1
-3
-2
-3
-2
-2
-2
-2
-2
-1
-1
-1
-2
-1
-1
-2
-1
-1
-1
-1
-1
0
0
1
1
2
3
2
2
2
2
2
3
3
3
3
2
2
2
3
1
2
2
1
1
0
0
1
0
0
-1
-1
-1
-1
-2
-1
0
-1
0
0
-1
0
0
0
1
-1
-1
0
-1
-1
0
-1
0
-2
0
0
-1
0
1
0
-1
-2
-1
0
0
0
-1
-1
-1
-1
-1
-1
-2
-3
-2
-2
-1
-2
-1
-2
-2
0
-1
1
0
1
1
0
1
1
2
2
2
2
2
2
3
2
1
2
1
1
-1
1
0
0
1
0
0
1
1
1
1
1
0
0
-1
-1
0
0
-1
0
0
-1
-2
-3
-2
-3
-3
-3
-2
-2
-4
-4
-5
-5
-4
-4
-3
-2
-2
-2
-2
-2
-2
-1
0
0
0
0
-1
-1
0
0
0
0
0
-1
1
1
2
3
4
4
4
3
4
4
4
4
5
4
5
3
3
3
3
3
3
3
2
1
2
1
1
1
1
1
1
1
1
1
1
0
0
1
1
2
0
1
0
-1
-2
-1
-1
0
0
0
-1
-1
-1
0
0
0
0
0
0
0
-1
0
-1
0
-1
0
0
0
1
-1
0
0
-1
0
-1
-1
-1
-1
-1
-1
-2
-1
0
0
0
-1
0
-1
-1
0
-1
1
1
0
0
-1
-1
-2
-3
-2
-3
-1
-2
-2
-2
-1
-3
-2
-2
-3
-2
-2
-2
-3
-1
-2
-1
-1
0
-2
-1
-1
-2
-2
-2
-2
-2
-2
-2
-1
-2
0
-1
-1
-1
0
-1
-1
-1
-2
-1
0
1
1
2
1
0
2
0
0
1
1
1
1
1
1
0
2
1
2
1
2
3
3
2
4
3
3
4
4
3
3
4
4
3
2
3
3
3
3
3
2
2
2
2
1
2
2
0
1
1
1
0
0
0
0
1
0
0
0
0
-2
-1
-3
-2
-1
-2
-1
-1
-1
0
-1
-1
0
-2
-1
1
0
0
0
1
0
0
0
0
-1
-1
0
-3
-2
-2
-2
-1
-2
-2
-1
-1
-2
-1
-1
-2
-1
-4
-3
-2
-1
-2
-3
-3
-2
-2
-2
-1
-1
-1
0
1
1
1
1
1
2
2
2
1
1
0
1
2
1
2
0
1
1
1
0
0
1
0
0
0
-1
-1
-1
-1
-1
-1
-2
-2
-1
-3
-1
-1
-1
0
0
-1
-1
0
-1
-1
-1
-2
-1
-1
-1
-2
-2
-3
-1
-1
-1
-2
-1
-1
-1
0
-1
0
0
0
0
1
0
0
1
2
2
2
1
2
1
2
2
1
1
1
2
2
1
1
1
1
0
0
0
1
1
1
1
2
2
2
3
3
3
3
2
4
3
3
5
4
4
4
4
4
3
2
1
1
1
1
2
2
0
1
0
-1
0
0
0
0
-1
-1
-1
0
0
1
1
1
2
1
1
0
1
1
2
2
1
1
1
1
0
0
0
0
-1
0
-1
-1
-1
-2
-2
-2
-2
-2
-2
-2
-2
-2
-2
-2
-2
-2
-2
-2
-2
-2
-1
-2
-2
-3
-1
-2
-2
-3
-4
-4
-4
-4
-5
-3
-4
-4
-5
-5
-5
-5
-5
-4
-3
-3
-4
-3
-3
-1
-2
-2
-2
0
-1
-1
0
1
1
0
2
0
1
1
2
2
1
1
1
1
1
1
1
2
1
1
1
1
2
3
3
4
3
4
4
3
4
3
3
3
2
2
2
1
1
0
1
1
0
1
1
1
2
1
2
2
1
1
1
1
1
1
1
1
2
1
2
1
1
1
0
0
0
0
-1
1
-1
0
0
0
0
0
0
1
0
-1
0
0
-1
0
0
-1
-1
-1
-2
-2
-2
-2
-2
-2
-2
0
-1
0
0
0
0
0
0
1
1
2
1
1
1
0
1
2
3
1
0
-1
0
0
-1
-1
-1
-1
0
0
0
0
0
1
1
1
0
1
1
-1
0
-2
-2
-2
-2
-1
-2
-3
-2
-3
-2
-3
-2
-2
-2
-3
-2
-2
-2
-1
-2
0
-1
0
0
0
0
-1
0
-1
0
1
0
0
0
0
0
0
1
0
-1
-1
-1
0
0
1
1
1
1
2
0
1
1
1
0
0
2
1
1
1
1
1
0
1
1
1
2
2
2
1
1
2
1
1
1
2
2
2
2
1
0
-1
1
1
0
1
2
1
1
2
0
1
1
2
2
1
0
1
0
-1
0
-1
-1
0
1
1
0
0
1
1
1
1
2
0
1
0
0
0
-1
1
-2
-2
-1
-2
-2
-2
-2
-2
-2
-2
-2
-2
-2
-1
-2
-2
-2
-3
-3
-2
-2
-2
-2
-2
-1
-2
-3
-1
-1
-1
-1
0
0
0
0
-1
-2
-1
-1
-1
-1
-1
0
0
0
-1
-1
0
-1
-1
-1
1
0
1
0
0
0
-1
0
1
0
0
-1
-1
-1
1
0
2
1
1
2
2
2
1
1
2
2
1
1
2
1
1
1
1
1
1
0
-1
1
0
0
0
-1
-1
-1
-1
0
-1
-1
-1
-1
-1
0
0
1
-1
-1
1
0
-1
0
0
0
1
0
-1
-1
-1
-1
-1
0
-1
0
0
0
0
0
1
1
1
0
1
1
3
3
2
3
1
-1
-1
0
1
0
-1
-1
-1
-1
-1
-1
0
0
1
0
1
0
0
1
1
1
-1
1
0
1
1
1
0
1
0
0
1
0
0
1
1
1
1
0
1
1
-1
1
0
0
0
0
0
0
-1
0
-1
-1
0
-2
0
-2
-1
-3
-2
-1
-2
-1
-1
-1
-2
-1
-1
-1
0
1
1
1
3
2
1
1
1
1
1
2
2
1
1
0
0
1
0
0
0
0
0
0
1
2
2
1
2
2
1
1
-1
2
2
0
0
1
0
0
1
0
0
0
0
-1
0
-1
0
0
0
0
1
0
0
0
0
0
0
-1
0
-1
0
-1
-1
-1
-2
-3
-2
-2
-1
-1
-2
-2
-2
-1
-2
-2
-3
-2
-2
-1
-2
-3
-4
-4
-4
-4
-3
-2
-3
-3
-3
-3
-3
-3
-1
-2
-2
-1
-1
-2
0
0
0
0
-1
1
1
1
2
1
2
1
2
1
2
3
3
2
3
3
3
3
3
3
3
2
3
2
1
3
1
1
1
0
1
1
1
0
1
2
2
2
2
3
3
2
1
2
2
1
2
2
2
3
2
1
0
0
1
0
0
0
0
0
1
0
-1
0
0
0
0
1
1
1
1
1
0
1
1
-1
0
0
0
0
0
0
1
0
-1
-1
0
-1
0
-1
-1
-1
-1
-2
-2
-1
-3
-2
-2
-2
-2
-2
-1
-2
-1
-1
-1
-1
0
-2
-1
-1
-2
-1
-2
-1
-2
-3
-1
-1
-1
-2
-1
-3
-2
-3
-1
-1
-2
-1
-2
-1
-1
0
-1
-1
1
0
0
1
0
0
0
0
-1
-1
-1
0
-1
-1
0
-1
0
-1
-2
0
0
1
0
0
1
1
2
1
1
1
1
2
1
2
1
0
0
0
0
0
1
1
1
0
2
2
1
0
-1
0
1
2
0
1
1
0
-1
0
-1
1
1
1
1
1
1
1
1
2
1
3
1
1
1
0
0
0
1
1
1
2
1
1
1
1
1
2
3
2
2
3
2
2
2
1
2
1
1
1
1
0
0
0
-1
0
-1
1
-1
-1
0
-1
-2
-1
-1
-2
-1
-2
-3
-2
-3
-3
-3
-1
-1
-2
-1
-2
-1
-1
0
0
-1
-1
-1
-1
0
0
1
1
0
0
-1
-1
-1
0
0
0
0
-1
0
0
-1
0
-1
-1
-2
-2
-2
-2
-2
-1
-2
-1
-1
0
0
0
-1
0
0
0
-1
-1
0
-1
0
-1
-2
0
1
1
1
1
1
0
1
-1
0
0
0
-1
0
0
0
0
1
0
0
1
1
1
1
1
0
-1
-1
0
0
0
0
1
0
-1
-1
-2
-2
-1
-2
-2
-2
-2
-2
-3
-2
-2
-1
-1
-1
0
0
0
0
0
-1
1
1
0
2
1
2
1
0
-1
0
0
0
-1
0
1
1
0
0
1
1
0
0
1
1
1
2
2
3
2
2
2
4
3
3
2
2
3
2
3
3
2
3
2
2
2
1
2
1
1
2
1
2
2
1
1
2
0
2
1
1
1
0
1
1
1
0
0
0
-2
-1
-2
-2
-2
-2
-2
-3
-3
-4
-4
-3
-3
-2
-2
-2
-2
-3
-3
-3
-4
-3
-2
-2
-2
-2
-3
-3
-3
-3
-2
0
0
-1
0
0
0
0
-1
0
0
0
-1
-1
1
0
-1
0
0
2
1
2
2
2
3
2
1
2
2
2
2
3
3
2
1
1
0
0
0
0
-1
-2
0
0
0
0
0
-1
0
-1
0
0
-1
-1
-1
-2
-1
2
1
1
0
-1
-1
-2
-2
-2
-1
-1
0
0
0
0
-1
0
-1
1
2
3
2
1
1
0
1
-1
0
0
0
1
2
2
2
1
1
0
0
2
1
2
2
3
2
1
1
2
3
2
2
2
2
1
0
-1
0
0
-1
-2
-1
-1
-1
-2
-2
-3
-1
-1
-2
-1
-1
0
0
0
1
1
1
1
1
0
-1
0
1
-1
0
-1
-1
-2
-2
-2
0
1
0
1
2
5
4
4
1
1
0
-3
-3
-1
-1
1
0
-1
-1
-1
-1
-1
-2
-1
-1
-1
-1
-1
0
-1
1
0
-2
-3
-3
-4
-3
-3
0
0
1
0
-1
0
1
3
4
3
2
1
1
2
1
2
0
0
-1
-1
0
0
0
-2
-2
-4
-4
-4
-5
-4
-4
-4
-5
-4
-3
-2
0
2
1
1
2
1
3
6
6
4
3
5
5
2
2
1
0
-2
-3
-1
-2
-4
-4
-4
-3
-2
0
0
0
-2
-3
0
2
3
4
2
3
3
3
3
8
9
10
8
8
8
8
8
7
6
7
5
3
3
5
2
0
-1
-3
-3
-4
-3
-3
-5
-8
-10
-7
-6
-5
-5
-3
-4
-6
-6
-3
-1
-2
-2
-1
1
0
-1
-2
1
1
-1
-2
-1
1
1
-1
-2
0
1
0
-1
-2
-1
-12
-22
-26
-8
14
11
-8
-25
-17
-4
8
11
11
8
5
8
12
19
17
16
13
13
17
13
11
5
-6
-16
-21
-12
-7
-9
-16
-23
-20
-15
-4
1
1
-2
7
21
29
34
34
37
40
40
43
39
32
21
14
10
0
-14
-30
-40
-46
-56
-62
-65
-67
-65
-66
-61
-57
-49
-42
-33
-17
1
16
20
23
29
41
46
51
50
44
37
31
31
25
17
-6
-25
-29
-13
-11
-25
-43
-54
-51
-46
-29
-24
-25
-28
-19
0
15
24
27
36
38
46
54
63
69
63
59
52
54
52
45
39
28
20
6
3
0
-5
-10
-21
-21
-20
-15
-15
-13
-1
3
7
9
16
20
29
40
38
28
14
12
23
37
35
21
3
0
4
14
11
-45
-131
-200
-160
-46
33
-30
-176
-275
-251
-156
-87
-69
-80
-78
-65
-31
30
98
142
151
169
210
263
283
265
250
243
246
219
171
101
22
-48
-110
-153
-196
-242
-303
-368
-405
-395
-349
-310
-285
-247
-178
-98
-26
39
117
222
337
411
447
450
449
466
478
488
448
373
258
162
109
60
-16
-134
-270
-389
-440
-456
-454
-474
-524
-554
-531
-455
-364
-302
-260
-210
-122
-21
85
161
187
187
181
229
296
325
277
190
100
52
23
-18
-57
-119
-166
-207
-219
-205
-184
-176
-177
-148
-96
-43
18
67
114
141
157
185
228
254
244
215
164
143
155
175
163
107
49
1
6
38
80
100
114
139
148
158
185
230
288
312
297
275
258
233
202
185
192
178
116
22
-45
-91
-117
-170
-247
-274
-257
-208
-215
-259
-299
-307
-305
-300
-297
-328
-453
-576
-542
-296
-81
-122
-398
-614
-570
-367
-185
-132
-89
-30
38
82
153
293
460
569
554
542
592
693
728
639
514
402
322
222
52
-169
-399
-598
-766
-950
-1047
-1042
-912
-886
-984
-1044
-957
-637
-350
-95
89
286
490
693
929
1162
1398
1485
1492
1440
1426
1414
1335
1210
1011
838
571
314
80
-158
-325
-568
-787
-975
-1057
-1081
-1151
-1200
-1217
-1125
-993
-845
-722
-525
-288
-61
98
264
491
716
885
939
950
1001
1054
1035
874
663
362
-187
-700
-839
-376
-52
-406
-1390
-2155
-2113
-1598
-1180
-1219
-1330
-1250
-933
-681
-423
-73
269
553
685
999
1358
1628
1690
1595
1646
1696
1681
1480
1197
853
478
171
-26
-151
-410
-780
-1190
-1398
-1372
-1243
-1179
-1215
-1148
-961
-703
-493
-315
-51
298
663
1002
1178
1194
1199
1246
1424
1578
1562
1413
1156
940
712
513
355
192
-40
-395
-713
-892
-987
-1069
-1183
-1234
-1192
-1038
-900
-787
-694
-542
-297
-128
-15
30
14
-279
-540
-328
667
1479
1063
-414
-1652
-1455
-376
400
170
-495
-824
-684
-487
-428
-225
187
511
452
301
422
848
1208
1090
804
651
755
846
662
269
-188
-485
-636
-651
-664
-804
-1113
-1406
-1476
-1307
-981
-760
-580
-333
7
254
198
248
622
1219
1637
1618
1426
1258
1306
1423
1493
1507
1349
997
608
338
241
238
15
-373
-808
-970
-853
-780
-857
-1159
-1374
-1368
-1157
-816
-588
-514
-564
-557
-333
99
528
781
818
789
851
986
1156
1215
1163
963
725
533
386
207
-45
-409
-673
-1103
-1696
-2050
-1784
-962
-758
-1463
-2537
-2801
-2081
-1203
-852
-944
-883
-506
-8
287
668
1111
1527
1720
1766
2045
2320
2464
2244
1915
1817
1758
1628
1261
801
265
-325
-869
-1209
-1252
-1333
-1621
-2131
-2357
-2285
-2015
-1763
-1568
-1213
-843
-490
-241
107
615
1130
1489
1670
1909
2206
2425
2386
2204
2058
1976
1862
1536
1179
843
515
99
-418
-818
-1093
-1273
-1498
-1733
-1889
-1924
-1902
-1886
-1752
-1529
-1195
-889
-559
-105
303
612
698
817
1044
1116
877
391
297
877
1582
1367
106
-1279
-1709
-1190
-672
-710
-1206
-1422
-1329
-1176
-1103
-1026
-638
-221
110
310
544
908
1183
1267
1237
1320
1528
1648
1472
993
413
9
-91
-5
-4
-359
-1021
-1574
-1742
-1438
-1053
-840
-859
-937
-984
-988
-683
-127
588
875
833
664
667
965
1357
1663
1676
1534
1350
1270
1165
1065
872
643
512
380
180
-183
-551
-788
-936
-997
-1082
-1182
-1330
-1445
-1446
-1316
-1055
-790
-590
-511
-384
-134
238
596
828
1005
1164
1375
1409
1340
1239
1304
1301
1125
686
310
135
31
-211
-943
-1657
-2008
-1640
-1161
-1220
-1853
-2526
-2581
-2171
-1673
-1393
-1156
-793
-379
-52
205
617
1052
1499
1790
2009
2205
2272
2320
2200
2111
2011
1850
1566
1078
537
23
-293
-528
-793
-1272
-1817
-2205
-2444
-2390
-2274
-2028
-1876
-1847
-1695
-1379
-753
-194
179
320
571
1138
1886
2417
2450
2232
2019
2134
2341
2469
2300
1823
1319
823
523
308
41
-378
-941
-1354
-1577
-1625
-1655
-1748
-1875
-1924
-1757
-1478
-1070
-794
-454
-179
167
523
815
1101
1154
1041
693
396
490
1058
1535
1294
140
-1157
-1685
-1354
-771
-722
-1086
-1402
-1460
-1305
-1222
-1111
-806
-347
105
371
544
753
991
1207
1330
1424
1476
1366
1067
712
393
146
-91
-334
-527
-742
-1031
-1381
-1643
-1662
-1454
-1177
-942
-801
-670
-553
-351
-185
-9
424
1101
1764
1765
1329
999
1193
1679
2025
2031
1719
1279
885
725
662
655
542
194
-270
-673
-805
-918
-1086
-1250
-1333
-1238
-1193
-1157
-1171
-1151
-985
-703
-324
52
347
416
404
503
865
1236
1387
1260
1074
1078
1126
1055
724
320
79
-80
-223
-547
-904
-1375
-1909
-2395
-2361
-1662
-1024
-1136
-2033
-2645
-2386
-1469
-725
-491
-404
-191
206
545
897
1321
1687
1843
1846
2012
2297
2403
2138
1756
1577
1542
1317
840
386
71
-241
-721
-1244
-1502
-1583
-1666
-1949
-2150
-2013
-1678
-1493
-1521
-1372
-834
-152
197
271
404
929
1636
2123
2235
2093
1971
1951
2048
2165
2193
1998
1558
985
466
165
40
-99
-415
-907
-1351
-1625
-1760
-1841
-1888
-1834
-1666
-1437
-1259
-1089
-922
-621
-265
161
619
1008
1227
1135
947
847
867
783
560
537
856
961
210
-1108
-2027
-1906
-1195
-852
-1227
-1840
-1967
-1649
-1267
-1092
-874
-406
112
470
591
804
1138
1464
1557
1468
1450
1570
1662
1439
927
314
-107
-231
-254
-365
-747
-1242
-1658
-1795
-1626
-1360
-1097
-961
-915
-820
-632
-312
37
252
511
922
1454
1706
1588
1466
1537
1755
1850
1847
1774
1569
1215
856
714
703
557
-9
-628
-982
-1017
-1015
-1246
-1413
-1507
-1531
-1677
-1735
-1436
-991
-677
-641
-616
-325
133
478
657
870
1171
1471
1509
1366
1231
1211
1321
1312
1128
730
349
49
-90
-279
-601
-1132
-1719
-2147
-2134
-1605
-1139
-1263
-2014
-2629
-2508
-1758
-984
-551
-375
-220
-78
45
343
950
1672
2082
2015
1820
1741
1837
1886
1887
1901
1804
1489
920
408
93
-105
-390
-759
-1079
-1357
-1699
-1995
-2070
-1821
-1551
-1463
-1546
-1456
-1054
-573
-238
-132
65
546
1206
1666
1733
1534
1414
1603
1970
2223
2121
1734
1273
864
668
634
636
465
-4
-676
-1285
-1548
-1449
-1200
-1064
-1157
-1391
-1558
-1460
-1188
-799
-419
-66
262
528
704
773
832
932
1045
1179
1079
629
94
-78
415
865
525
-725
-1898
-2077
-1419
-910
-1192
-1809
-1978
-1538
-1075
-922
-889
-662
-278
-18
189
538
1047
1349
1245
1009
1090
1506
1788
1570
1017
553
315
222
80
-154
-510
-946
-1267
-1284
-1024
-787
-875
-1088
-1197
-996
-519
-59
327
456
410
435
737
1282
1634
1681
1465
1298
1325
1450
1459
1265
1009
802
680
456
171
-232
-575
-719
-686
-566
-721
-1136
-1545
-1644
-1378
-1060
-867
-879
-951
-976
-784
-329
217
550
531
457
604
965
1270
1297
1167
993
966
1009
1057
993
653
177
-274
-447
-387
-300
-619
-1365
-2117
-2177
-1503
-804
-791
-1546
-2290
-2348
-1679
-854
-457
-467
-540
-423
26
633
1137
1351
1290
1274
1510
1900
2194
2187
1984
1717
1432
1195
1034
1001
839
309
-405
-997
-1208
-1266
-1415
-1627
-1773
-1801
-1821
-1868
-1858
-1651
-1260
-873
-623
-480
-259
147
651
1004
1184
1302
1543
1842
2005
1994
1859
1759
1645
1463
1317
1221
1106
783
280
-215
-476
-509
-565
-771
-1050
-1270
-1377
-1345
-1224
-1042
-846
-695
-530
-288
23
335
462
511
538
776
1018
1004
578
-36
-228
232
807
622
-449
-1647
-2009
-1581
-1121
-1119
-1389
-1468
-1359
-1257
-1159
-894
-393
15
151
218
511
945
1238
1249
1197
1268
1403
1424
1198
832
372
-12
-215
-321
-457
-735
-1112
-1328
-1340
-1298
-1272
-1249
-1049
-825
-681
-539
-289
33
206
321
666
1263
1677
1562
1171
1056
1365
1813
1942
1641
1195
813
641
630
643
593
256
-236
-590
-673
-601
-667
-930
-1237
-1323
-1149
-882
-756
-784
-831
-754
-455
-42
318
453
475
639
865
1104
1191
1217
1241
1226
1175
1021
815
558
327
155
77
7
-205
-588
-1142
-1555
-1765
-1604
-1271
-1083
-1227
-1734
-2132
-2139
-1651
-1071
-748
-749
-760
-581
-221
146
397
641
850
1079
1264
1365
1490
1588
1672
1652
1529
1385
1199
944
622
302
38
-254
-575
-842
-1019
-1142
-1302
-1450
-1518
-1530
-1513
-1434
-1270
-1053
-904
-754
-497
-117
370
744
958
1043
1141
1406
1710
1915
1963
1825
1688
1559
1490
1445
1328
1112
735
316
-7
-154
-234
-337
-589
-878
-1096
-1151
-1020
-901
-890
-990
-1003
-786
-345
65
228
193
164
299
490
515
203
-167
-242
157
653
537
-315
-1389
-1808
-1409
-798
-648
-969
-1335
-1392
-1222
-1064
-836
-538
-176
36
49
159
452
835
1003
928
940
1096
1247
1069
625
265
165
270
307
126
-220
-566
-836
-883
-750
-540
-419
-551
-752
-793
-523
-98
140
135
113
346
687
833
836
901
1132
1356
1388
1294
1227
1198
1089
980
966
1021
926
553
95
-147
-68
17
-247
-711
-1024
-1035
-901
-858
-951
-1055
-1073
-917
-690
-465
-311
-267
-211
-9
341
688
766
628
462
466
715
981
1013
772
360
78
80
248
272
-42
-620
-1151
-1366
-1227
-879
-735
-958
-1571
-2036
-2081
-1705
-1193
-928
-914
-982
-880
-572
-209
81
378
668
966
1177
1242
1321
1422
1550
1629
1605
1584
1474
1248
886
541
272
37
-219
-465
-672
-914
-1175
-1407
-1484
-1506
-1504
-1481
-1405
-1202
-1008
-900
-769
-421
113
576
711
722
912
1245
1610
1766
1849
1886
1787
1615
1492
1614
1758
1597
1079
479
164
122
137
-7
-263
-556
-845
-1061
-1111
-926
-739
-686
-839
-892
-623
-239
45
49
34
165
223
185
79
-17
-136
-368
-344
54
343
-45
-978
-1589
-1340
-726
-495
-833
-1236
-1211
-959
-702
-496
-248
4
28
-48
30
382
794
956
948
856
782
724
679
646
574
361
30
-216
-295
-328
-462
-678
-846
-898
-860
-837
-773
-698
-574
-415
-253
-178
-168
7
376
853
981
906
861
1070
1378
1482
1342
1131
1086
1165
1241
1152
998
696
313
-16
-158
-21
44
-244
-793
-1250
-1247
-952
-659
-595
-748
-850
-863
-737
-505
-187
90
282
379
429
527
605
747
872
994
1039
1002
904
764
585
431
337
253
90
-173
-607
-995
-1233
-1228
-1084
-1121
-1354
-1868
-2191
-2197
-1860
-1506
-1377
-1368
-1324
-1057
-708
-313
13
352
595
804
1049
1307
1587
1703
1731
1743
1751
1685
1435
1135
915
775
542
101
-367
-692
-824
-941
-1093
-1266
-1395
-1510
-1595
-1526
-1265
-895
-684
-712
-742
-439
128
643
817
852
994
1272
1542
1633
1669
1781
1915
1964
1912
1840
1737
1478
1048
656
541
621
541
130
-440
-877
-1023
-978
-905
-870
-926
-1076
-1240
-1223
-945
-617
-381
-321
-263
-149
79
154
169
92
51
72
13
68
145
207
-81
-681
-1168
-1198
-893
-714
-978
-1392
-1482
-1246
-915
-758
-737
-605
-467
-300
-163
55
436
714
850
854
924
1077
1145
1020
787
628
613
631
486
199
-151
-472
-632
-633
-540
-516
-649
-778
-841
-734
-631
-542
-338
-66
267
422
439
410
497
744
1047
1265
1275
1188
1121
1173
1192
1151
1022
791
605
458
401
338
165
-108
-424
-535
-453
-330
-408
-719
-1011
-1072
-889
-668
-482
-373
-319
-310
-319
-215
48
399
647
669
591
547
643
826
951
880
665
431
232
110
-4
-114
-385
-735
-1091
-1163
-1078
-1124
-1456
-1879
-2017
-1787
-1427
-1286
-1308
-1323
-1053
-697
-356
-79
188
496
721
877
962
1081
1307
1532
1660
1552
1315
1106
983
924
772
509
217
-16
-314
-615
-877
-942
-930
-982
-1113
-1288
-1284
-1097
-865
-719
-658
-611
-428
-125
278
645
835
933
983
1133
1342
1573
1793
1853
1782
1605
1434
1317
1187
990
794
669
601
423
14
-399
-591
-522
-427
-510
-737
-918
-928
-829
-708
-602
-479
-373
-340
-308
-181
59
177
66
-62
-91
57
28
-239
-560
-587
-349
-228
-482
-1041
-1441
-1453
-1105
-832
-829
-1071
-1284
-1224
-985
-668
-432
-227
-36
83
143
222
532
944
1279
1361
1239
1137
1063
979
801
708
678
579
303
-166
-493
-573
-496
-470
-655
-912
-1062
-1000
-759
-538
-412
-337
-251
-70
183
408
588
727
854
984
1069
1124
1127
1144
1154
1143
1094
1018
907
755
596
459
407
342
233
35
-177
-312
-394
-441
-529
-652
-732
-729
-641
-606
-613
-587
-450
-245
-85
44
171
326
412
421
424
513
619
596
423
208
109
137
147
18
-215
-524
-891
-1222
-1418
-1236
-934
-872
-1259
-1881
-2087
-1741
-1138
-867
-981
-1158
-1025
-667
-329
-138
-30
217
523
787
923
978
1066
1224
1478
1685
1653
1406
1059
807
746
793
768
513
41
-410
-648
-611
-518
-549
-734
-944
-1056
-1017
-832
-603
-470
-416
-264
34
419
624
617
627
845
1248
1542
1574
1431
1321
1328
1347
1360
1362
1273
1022
706
490
473
529
406
100
-226
-424
-489
-557
-646
-743
-844
-911
-979
-949
-837
-741
-702
-753
-772
-667
-480
-345
-293
-371
-434
-428
-341
-217
-284
-390
-551
-572
-487
-417
-382
-589
-945
-1276
-1278
-971
-615
-568
-742
-894
-829
-517
-236
52
281
477
654
727
824
908
1049
1212
1294
1260
1025
756
605
650
642
486
211
-93
-284
-443
-497
-455
-362
-329
-411
-488
-419
-232
-73
35
106
270
429
491
456
386
411
542
734
855
839
639
445
345
470
734
875
768
446
203
149
242
344
342
215
13
-204
-323
-274
-143
-107
-244
-416
-470
-416
-338
-345
-325
-212
-73
-18
-86
-199
-248
-213
-135
5
66
30
-91
-184
-198
-196
-216
-246
-311
-337
-507
-807
-977
-838
-422
-269
-673
-1347
-1574
-1165
-590
-513
-910
-1248
-1114
-593
-188
-61
-131
-128
37
313
596
786
872
879
933
1068
1226
1189
987
859
890
1007
935
658
348
148
55
5
-38
-60
-189
-405
-566
-508
-251
-107
-187
-386
-415
-214
124
361
444
405
311
317
419
637
786
781
752
744
805
793
699
667
696
783
760
640
495
343
196
139
154
126
-33
-295
-474
-506
-462
-537
-753
-965
-1022
-964
-856
-800
-828
-917
-978
-913
-799
-618
-492
-430
-448
-549
-555
-519
-388
-269
-192
-228
-402
-654
-808
-637
-393
-280
-415
-582
-542
-349
-247
-336
-317
-108
244
518
560
562
555
639
776
937
1080
1096
1040
903
801
719
651
605
560
519
352
131
-49
-99
-65
-88
-152
-259
-348
-427
-555
-577
-444
-178
11
-115
-404
-531
-274
164
498
525
364
284
399
691
946
1092
1085
1010
985
982
1018
995
931
816
657
552
449
337
184
-36
-238
-420
-509
-585
-638
-785
-936
-1022
-1030
-923
-892
-937
-1018
-1005
-902
-713
-584
-494
-416
-364
-274
-206
-74
61
147
86
-40
-335
-529
-484
-63
391
175
-607
-1405
-1325
-601
-104
-431
-1135
-1378
-973
-475
-424
-545
-510
-160
184
312
430
627
909
1136
1248
1465
1557
1481
1302
1220
1314
1380
1220
820
507
370
338
175
-82
-304
-409
-462
-503
-489
-474
-550
-670
-671
-432
-121
2
-23
-109
6
237
472
629
710
798
832
852
894
999
1087
1047
930
841
864
874
708
385
54
-42
-64
-181
-431
-712
-864
-981
-1026
-1062
-1047
-1013
-1093
-1229
-1313
-1175
-859
-589
-531
-599
-565
-396
-142
33
71
19
-28
-4
70
198
86
-136
-333
-313
-228
-380
-751
-1031
-910
-613
-525
-802
-1021
-912
-558
-322
-318
-276
-31
321
530
575
602
759
1025
1229
1297
1223
1104
1030
992
1011
956
813
538
231
47
-15
5
-62
-238
-422
-479
-399
-332
-367
-381
-213
30
121
62
-1
144
430
695
804
747
670
620
737
900
1035
1049
877
691
613
654
652
529
332
226
193
115
-71
-302
-464
-502
-472
-529
-713
-895
-939
-905
-886
-926
-947
-900
-791
-738
-745
-760
-686
-555
-469
-433
-441
-370
-285
-212
-135
-84
-42
-52
-53
-25
32
44
-109
-318
-367
-206
0
-118
-536
-917
-873
-486
-220
-375
-796
-1013
-789
-291
56
113
-23
-31
164
483
746
880
952
1062
1249
1409
1412
1277
1168
1203
1313
1290
1052
717
509
425
372
278
147
-13
-281
-489
-574
-440
-258
-246
-395
-545
-509
-319
-93
25
110
174
244
282
318
455
603
660
588
480
453
473
460
356
186
34
-22
37
41
-78
-355
-611
-664
-528
-379
-451
-709
-897
-844
-658
-563
-634
-716
-702
-610
-537
-470
-379
-248
-235
-280
-346
-284
-154
-118
-150
-223
-171
-178
-297
-461
-492
-406
-406
-576
-734
-683
-548
-518
-696
-775
-576
-194
15
-69
-197
-116
235
632
852
857
837
928
1090
1200
1217
1204
1223
1226
1200
1085
938
867
773
711
629
562
428
196
5
-12
120
219
148
-29
-128
-134
-104
-13
125
204
157
4
-85
-35
164
324
330
238
100
-4
-22
95
248
282
102
-132
-281
-293
-250
-269
-309
-349
-417
-581
-742
-799
-722
-673
-663
-718
-778
-811
-818
-737
-559
-402
-380
-455
-522
-455
-334
-238
-179
-114
-62
-52
-140
-234
-207
-62
79
85
-29
-160
-251
-369
-424
-316
-69
86
-139
-580
-803
-541
-66
115
-124
-446
-481
-161
254
474
494
435
478
664
943
1204
1306
1301
1301
1372
1434
1365
1207
1116
1139
1138
925
538
220
181
223
123
-165
-439
-517
-460
-395
-456
-487
-454
-371
-322
-274
-197
-77
-17
-44
-56
-7
82
167
196
132
35
-51
-70
3
131
143
-12
-195
-277
-260
-270
-306
-329
-322
-374
-472
-526
-509
-466
-480
-516
-492
-445
-438
-485
-462
-301
-151
-135
-259
-347
-309
-198
-90
-56
-68
-122
-190
-262
-292
-275
-239
-281
-424
-507
-460
-394
-484
-650
-640
-375
-76
-32
-225
-305
-49
366
612
577
507
611
874
1106
1199
1219
1230
1251
1269
1271
1234
1150
1054
986
920
793
589
422
332
310
245
111
-33
-165
-226
-182
-85
-48
-151
-281
-295
-201
-144
-207
-245
-181
-91
-48
-125
-275
-373
-379
-312
-232
-250
-389
-562
-639
-598
-514
-523
-646
-718
-666
-552
-540
-610
-640
-554
-387
-360
-405
-448
-404
-280
-205
-159
-114
-14
29
-3
-42
-31
73
174
206
145
79
33
36
76
67
26
-38
-47
-15
-7
-31
-78
-84
-29
54
71
-32
-92
-20
169
321
303
172
82
169
350
401
272
198
244
395
473
440
382
407
556
638
599
502
518
655
791
786
640
456
356
388
436
415
289
127
57
66
-23
-124
-159
-123
-61
-119
-229
-303
-289
-234
-215
-281
-343
-389
-374
-299
-281
-328
-429
-465
-401
-335
-320
-349
-342
-282
-278
-329
-365
-271
-133
-89
-191
-321
-324
-227
-113
-59
-98
-229
-346
-335
-196
-29
27
-54
-159
-162
-117
-117
-119
-78
4
35
-16
-86
-55
59
151
110
6
-39
-8
74
106
72
24
5
-12
-16
-9
-10
-69
-152
-169
-88
-2
24
-20
-25
82
193
252
230
271
415
612
765
799
782
728
725
818
956
1005
921
769
614
559
560
556
500
367
213
65
-24
-65
-121
-141
-187
-272
-432
-562
-559
-494
-511
-682
-823
-821
-720
-744
-882
-971
-907
-771
-730
-749
-733
-635
-518
-449
-365
-301
-229
-167
-69
36
94
115
82
109
174
252
252
222
212
232
300
332
319
241
168
190
277
360
337
226
99
66
133
236
295
240
119
24
39
130
240
240
187
157
158
149
111
107
146
199
169
31
-80
-92
-36
-2
-91
-216
-273
-223
-212
-216
-284
-310
-261
-176
-86
-61
-35
4
107
204
320
425
490
539
556
549
523
502
501
520
484
371
204
45
-38
-53
-74
-145
-301
-456
-548
-570
-577
-565
-551
-570
-638
-678
-619
-491
-392
-408
-461
-442
-318
-214
-193
-207
-201
-136
-106
-86
-89
-28
18
21
-2
-11
69
81
62
55
143
302
352
327
257
284
389
448
444
431
472
520
509
460
387
167
18
170
586
744
194
-629
-849
-147
566
294
-752
-1351
-900
-54
78
-567
-966
-632
-1
67
-363
-546
-75
593
815
483
94
147
612
1060
1176
888
489
371
564
867
889
610
331
260
340
279
95
-10
37
74
-39
-256
-422
-459
-446
-397
-390
-517
-705
-811
-681
-452
-430
-635
-813
-695
-407
-280
-434
-587
-540
-362
-262
-321
-348
-233
-118
-152
-223
-229
-116
-5
9
10
37
51
-9
-90
-22
171
285
173
-8
-51
95
241
246
195
265
377
372
258
221
378
542
518
358
274
347
391
313
212
226
270
221
86
-38
8
105
114
-14
-138
-121
-39
26
-2
-72
-100
-101
-75
-34
4
36
41
-7
-36
-32
15
101
179
216
187
127
69
94
181
275
291
240
170
131
115
118
157
198
168
26
-127
-163
-59
-1
-99
-269
-338
-255
-178
-246
-403
-499
-482
-410
-382
-386
-423
-459
-496
-511
-465
-378
-357
-345
-285
-226
-209
-281
-328
-206
34
182
134
23
4
119
265
316
346
385
388
357
298
297
384
466
471
393
310
256
186
94
40
109
222
201
-18
-328
-475
-308
-77
-48
-305
-581
-566
-329
-158
-236
-355
-255
52
242
156
30
153
484
694
617
476
487
682
800
727
579
497
531
523
411
252
123
77
77
70
-46
-242
-371
-346
-214
-177
-281
-440
-449
-291
-180
-222
-350
-336
-214
-143
-211
-333
-335
-216
-102
-108
-195
-282
-287
-255
-217
-204
-195
-221
-295
-367
-394
-374
-334
-310
-290
-280
-296
-324
-333
-271
-159
-46
29
40
12
3
69
226
399
458
372
249
243
324
392
355
310
304
278
198
77
62
138
179
124
47
1
-1
11
4
19
40
61
66
81
70
57
54
127
234
272
242
152
151
265
375
376
298
239
241
272
285
269
240
213
182
151
153
142
112
93
102
115
82
-6
-82
-67
-6
43
-20
-194
-285
-239
-142
-127
-255
-400
-410
-304
-256
-358
-506
-547
-481
-409
-420
-472
-468
-419
-387
-378
-346
-255
-169
-130
-101
-72
-63
-75
-21
116
220
191
81
29
119
241
248
135
56
72
130
101
-34
-76
18
105
41
-146
-268
-203
-94
-125
-274
-339
-241
-115
-115
-164
-143
-50
32
70
97
156
255
341
349
370
433
506
550
550
502
428
400
417
480
465
337
165
78
127
189
145
14
-51
-14
47
12
-41
-26
60
138
120
53
38
109
183
195
178
157
161
162
115
49
16
10
-19
-102
-206
-295
-318
-260
-232
-287
-408
-478
-469
-445
-442
-495
-532
-502
-463
-471
-525
-529
-409
-239
-161
-185
-236
-236
-133
34
172
213
151
71
55
132
219
261
270
204
121
59
59
111
150
132
60
-24
-76
-53
-12
33
45
0
-41
-32
19
91
128
122
106
120
172
201
190
169
163
207
254
243
155
47
64
144
171
114
17
0
45
39
-24
-59
-14
41
47
-28
-44
31
120
126
54
33
78
102
63
24
36
77
87
49
10
-14
-32
-72
-111
-91
-57
-55
-125
-214
-228
-170
-128
-133
-204
-279
-259
-171
-91
-140
-203
-202
-158
-97
-120
-135
-111
-60
12
-23
-93
-44
-43
-52
40
63
47
41
-17
-10
34
123
177
68
-6
9
75
107
73
97
128
92
20
24
107
181
171
88
54
75
109
131
118
43
-34
-49
-32
21
48
18
-25
-51
-23
-9
-6
19
78
101
21
-80
-74
71
208
187
42
-43
8
108
150
109
95
101
86
57
39
102
175
173
93
30
32
80
87
50
36
29
34
-9
-63
-92
-119
-135
-136
-147
-192
-278
-318
-261
-201
-227
-312
-361
-304
-203
-178
-231
-295
-270
-163
-81
-109
-170
-157
-67
32
58
11
-28
-4
69
123
146
140
155
188
180
131
105
178
262
274
190
69
58
148
238
215
91
-17
-29
38
74
66
32
0
-6
-6
-21
-39
-15
11
-2
-51
-96
-91
-52
4
12
-1
-35
-50
-48
-27
24
24
-8
-24
-16
-1
23
42
33
16
2
-16
-8
20
26
-10
-50
-37
-25
-16
1
25
74
102
76
40
68
147
215
189
108
70
103
166
182
152
84
59
66
70
34
-44
-99
-100
-63
-63
-147
-222
-229
-158
-107
-148
-224
-265
-217
-159
-138
-155
-151
-139
-150
-156
-155
-101
-31
-6
-5
-31
-68
-87
-58
-2
37
10
-57
-64
-19
44
38
-18
-52
-18
50
67
50
48
85
132
136
107
80
129
212
263
250
190
139
135
184
218
191
100
56
59
70
59
18
19
32
43
14
-54
-83
-75
-42
-32
-41
-39
-21
-37
-66
-90
-69
5
41
17
-36
-58
-21
22
41
23
12
16
42
33
-10
-32
-35
-18
-32
-85
-153
-170
-188
-182
-196
-212
-209
-218
-218
-203
-173
-151
-152
-161
-127
-83
-52
-47
-56
-42
6
48
63
63
58
78
74
41
29
76
133
163
119
38
13
64
144
168
123
78
97
168
207
180
150
182
255
281
242
185
194
244
240
204
175
170
134
65
24
14
22
15
-35
-106
-158
-195
-215
-202
-187
-203
-256
-281
-260
-203
-158
-146
-145
-139
-133
-123
-58
34
70
32
-17
7
80
145
141
120
121
138
142
105
95
116
117
76
41
44
66
20
-43
-68
-35
-25
-107
-193
-217
-179
-156
-182
-224
-198
-168
-207
-232
-219
-166
-138
-178
-198
-148
-90
-99
-140
-124
-45
6
-34
-81
-53
39
74
33
-13
7
65
66
60
59
84
86
51
53
82
114
138
140
165
197
189
156
166
232
312
318
247
191
220
301
336
313
260
224
211
189
179
171
156
123
45
5
0
-14
-69
-133
-117
-67
-46
-128
-232
-230
-147
-76
-84
-133
-130
-73
-57
-60
-47
-6
43
40
26
24
53
71
60
30
8
0
-8
-13
-25
-67
-124
-154
-167
-180
-203
-239
-284
-305
-317
-304
-271
-246
-251
-304
-336
-313
-233
-191
-204
-239
-225
-148
-114
-105
-128
-80
-33
-8
-9
-37
-5
35
80
92
71
61
93
137
175
183
175
163
170
203
233
262
263
251
226
209
211
241
267
266
225
177
173
199
229
197
132
97
102
122
104
67
45
55
47
30
18
40
82
99
52
-6
14
69
117
103
32
2
26
74
99
101
114
105
86
46
10
25
47
32
-29
-89
-105
-88
-100
-130
-181
-223
-232
-243
-278
-325
-351
-338
-282
-260
-280
-297
-292
-247
-215
-211
-227
-211
-160
-124
-101
-96
-90
-78
-87
-68
-31
-10
-53
-102
-103
-66
-30
-55
-81
-82
-61
-66
-113
-98
-37
14
8
-26
-8
59
146
187
178
165
214
305
361
353
328
337
376
397
379
326
306
313
324
279
214
188
151
131
92
39
8
-22
-53
-81
-100
-97
-69
-70
-107
-156
-145
-63
6
12
-22
-30
26
75
83
62
75
111
140
144
106
86
77
69
55
41
21
-46
-117
-178
-185
-184
-225
-256
-268
-284
-311
-342
-363
-341
-300
-301
-320
-303
-250
-213
-226
-236
-199
-128
-96
-98
-119
-93
-44
-33
-13
-10
19
35
39
51
68
98
92
87
102
123
137
133
126
153
181
193
169
161
203
250
253
228
224
260
306
293
258
225
249
292
280
219
167
149
147
139
106
65
27
-6
-12
-21
-34
-50
-71
-72
-73
-77
-115
-130
-111
-72
-60
-84
-105
-92
-48
-25
-28
-51
-41
-13
1
14
6
-5
-32
-48
-47
-31
-34
-69
-100
-110
-109
-116
-150
-173
-149
-109
-104
-144
-181
-174
-130
-103
-113
-141
-156
-143
-112
-100
-105
-119
-120
-86
-89
-123
-144
-135
-93
-72
-93
-113
-109
-116
-129
-157
-145
-91
-60
-58
-72
-54
-9
45
57
55
86
144
199
205
230
254
302
330
323
321
327
343
327
302
284
262
238
215
175
112
54
17
15
7
-7
-27
-60
-58
-59
-60
-76
-54
-4
23
19
-4
12
63
115
131
150
176
169
161
141
156
181
182
164
133
123
99
56
25
20
18
-22
-66
-109
-130
-139
-161
-201
-244
-257
-291
-297
-295
-296
-308
-351
-372
-359
-325
-324
-333
-330
-304
-260
-248
-248
-242
-210
-179
-172
-178
-163
-99
-45
-16
-42
-45
-28
3
53
69
111
132
144
139
157
224
259
273
268
274
301
317
325
317
331
362
374
348
306
298
314
317
266
216
186
185
181
151
105
55
45
22
7
-30
-56
-52
-69
-82
-122
-145
-158
-158
-154
-152
-154
-176
-179
-168
-160
-140
-128
-119
-132
-151
-147
-128
-91
-92
-107
-114
-88
-54
-47
-40
-37
-6
14
9
8
18
54
73
69
27
6
15
34
30
-5
-32
-52
-56
-92
-121
-138
-139
-116
-121
-156
-222
-251
-218
-192
-155
-152
-182
-196
-187
-153
-96
-44
-27
-64
-83
-42
52
128
135
105
99
139
193
231
233
243
234
226
204
191
206
232
238
221
200
173
165
156
169
178
169
139
111
96
102
103
94
98
106
97
63
31
29
71
111
110
81
40
33
47
44
44
25
7
-3
-12
-28
-39
-44
-25
-5
-29
-53
-93
-105
-67
-26
-7
-39
-81
-110
-107
-88
-79
-96
-123
-163
-195
-228
-265
-267
-255
-244
-255
-305
-348
-355
-342
-330
-327
-331
-333
-323
-310
-291
-264
-209
-156
-122
-96
-67
-18
24
69
103
128
160
183
222
238
247
250
264
287
292
283
279
304
315
297
261
244
242
253
264
254
241
234
233
212
209
222
226
220
202
183
180
167
151
138
123
86
43
41
37
34
-25
-103
-134
-127
-108
-136
-179
-220
-235
-235
-243
-261
-281
-271
-257
-243
-239
-243
-234
-213
-173
-139
-118
-128
-123
-87
-42
-23
-28
-17
-8
6
-2
-21
-21
0
9
-3
-34
-52
-57
-51
-60
-72
-98
-125
-121
-95
-67
-80
-108
-119
-82
-34
-15
-44
-73
-37
6
40
22
-9
6
20
44
53
50
57
53
49
50
57
63
73
76
68
67
77
98
126
141
137
142
161
179
191
188
209
235
254
253
230
233
245
243
228
217
214
209
192
161
123
112
97
82
61
37
16
-10
-24
-54
-79
-83
-79
-70
-73
-94
-117
-122
-120
-101
-114
-132
-142
-153
-141
-126
-116
-126
-125
-125
-123
-120
-125
-122
-137
-138
-163
-194
-196
-193
-180
-194
-232
-252
-244
-219
-212
-213
-216
-198
-167
-158
-138
-122
-102
-66
-35
-24
-7
11
29
56
72
81
76
68
86
109
132
128
110
124
138
145
121
110
135
162
164
144
142
157
190
191
176
183
213
233
228
220
213
221
225
203
198
202
203
182
149
126
108
99
76
57
45
22
-25
-62
-71
-74
-76
-113
-146
-162
-153
-161
-183
-170
-160
-149
-165
-180
-154
-129
-122
-140
-134
-127
-113
-110
-120
-92
-66
-51
-69
-102
-92
-70
-51
-58
-77
-84
-76
-60
-69
-73
-93
-79
-72
-69
-64
-77
-80
-88
-61
-40
-23
-8
-11
-3
10
17
29
35
37
51
59
50
56
65
71
74
74
93
96
92
92
95
95
116
131
130
125
115
107
117
146
165
177
168
152
159
176
191
189
174
165
147
135
131
134
136
137
106
59
27
14
16
11
5
-11
-54
-92
-120
-114
-75
-85
-122
-168
-186
-159
-130
-147
-185
-198
-197
-172
-164
-177
-190
-193
-177
-186
-176
-182
-192
-205
-203
-170
-152
-135
-161
-175
-168
-147
-130
-135
-125
-130
-118
-110
-90
-55
-44
-42
-37
-14
-6
2
4
29
53
44
42
31
50
74
87
99
94
109
111
105
117
130
144
164
183
192
198
185
186
210
249
294
266
250
257
266
297
304
277
266
275
268
262
251
241
242
235
213
185
143
105
90
81
41
4
-27
-50
-73
-107
-151
-185
-198
-200
-188
-207
-249
-256
-240
-224
-222
-250
-277
-275
-258
-248
-254
-255
-251
-231
-226
-235
-226
-218
-192
-170
-168
-170
-154
-130
-116
-115
-138
-129
-115
-97
-76
-93
-104
-100
-84
-73
-53
-51
-35
-26
-18
2
36
64
78
84
95
111
133
140
152
179
186
196
192
203
201
217
231
227
214
206
219
224
240
237
217
203
199
198
190
182
171
172
170
149
113
85
80
92
118
113
81
61
46
61
61
47
37
29
28
8
-10
-23
-27
-24
-42
-86
-127
-129
-121
-118
-123
-145
-182
-216
-220
-210
-192
-195
-227
-241
-239
-212
-194
-193
-229
-246
-224
-189
-171
-187
-168
-156
-144
-155
-150
-115
-87
-73
-85
-87
-60
-46
-34
-31
-11
5
-11
-16
-11
2
-7
-18
-26
-11
-6
-18
-8
-2
17
15
-5
4
37
64
58
58
85
122
141
151
166
198
220
229
221
227
261
288
301
313
292
282
286
294
305
287
260
232
225
233
218
174
143
133
135
128
83
40
33
53
41
21
8
-10
-18
-37
-55
-62
-69
-89
-112
-143
-155
-163
-185
-217
-236
-252
-258
-274
-283
-291
-290
-327
-353
-347
-337
-315
-318
-328
-328
-294
-273
-278
-268
-229
-204
-190
-202
-193
-148
-106
-89
-102
-107
-36
-111
-404
-174
359
334
-97
-185
146
312
113
-63
87
263
257
176
257
379
263
226
341
349
213
103
219
340
371
335
286
283
167
31
65
289
351
115
105
318
448
240
122
218
205
211
130
93
151
161
22
90
247
-25
-237
-121
-100
-209
-217
-109
-187
-328
-295
-200
-164
-378
-347
-201
-177
-206
-137
-176
-264
-90
19
-4
-137
-113
-71
-85
-98
-81
-77
-100
-214
-183
-53
-184
-213
-206
-138
-145
-166
-144
-204
-101
-151
-121
24
52
-73
-126
79
35
3
44
105
18
59
117
-6
114
125
19
91
151
48
31
117
69
9
174
139
12
57
104
34
65
180
80
75
85
17
157
236
155
71
193
237
185
186
125
155
182
251
171
102
126
175
217
131
81
172
190
27
30
171
46
-43
112
207
6
-100
106
101
-105
-65
95
-107
-144
-33
-94
-125
-114
-107
-109
-185
-229
-164
-166
-227
-257
-190
-219
-282
-264
-220
-283
-222
-264
-339
-260
-125
-185
-244
-197
-283
-126
-131
-189
-187
-39
20
-83
-33
11
59
-80
38
-4
81
120
14
65
-6
148
87
72
-11
69
126
132
129
83
184
23
90
145
201
176
104
120
147
253
173
115
181
198
145
224
250
108
74
167
130
111
144
82
-44
27
117
49
32
8
-36
1
-65
-51
44
-33
-77
-46
82
-9
-121
-130
-25
23
-75
-26
-80
-87
-85
-31
-61
-163
-92
-87
-189
-215
-44
-112
-331
-201
-76
-203
-248
-205
-151
-180
-258
-163
-96
-173
-184
-100
-77
-80
-125
14
67
-20
35
72
62
48
71
72
83
127
128
110
99
34
120
62
27
161
174
68
51
147
110
71
98
108
78
63
99
135
93
49
71
120
100
124
200
124
48
129
225
144
63
109
186
161
118
133
60
123
94
147
208
59
88
62
-1
35
98
111
73
-41
-39
88
-36
-114
-24
-60
-123
-64
-26
-209
-223
-104
-112
-184
-209
-138
-196
-265
-214
-130
-162
-294
-306
-262
-252
-187
-190
-222
-306
-211
-174
-199
-226
-190
-123
-214
-170
-117
-95
-162
-178
-91
19
-20
-87
-55
-70
-17
50
50
32
50
119
145
126
133
149
155
193
199
232
203
175
230
201
244
277
206
180
247
185
151
292
226
164
129
154
177
106
159
171
97
72
182
99
21
16
59
122
25
8
40
35
-65
-74
-36
25
15
-60
-90
-136
-88
-19
-117
-128
-21
-19
-105
-135
-112
-104
-87
-142
-70
-44
-152
-141
-69
-130
-122
-64
-138
-155
-41
-23
-128
-178
-105
-62
-106
-109
-57
-42
-104
-161
-52
29
-91
-53
-14
-103
-86
40
23
-79
-3
39
19
-5
16
61
3
-18
99
142
46
18
72
35
69
166
148
74
57
170
156
78
102
171
154
40
72
204
151
32
81
97
44
76
90
32
-48
22
82
-5
-19
-53
-28
24
-15
-5
22
-22
-51
10
49
8
77
40
-74
-45
45
19
-81
-26
9
-8
-72
-98
-68
-95
-80
-47
-14
-100
-159
-128
-150
-103
-61
-43
-118
-127
-118
-145
-120
-72
-34
-69
-65
-64
-125
-126
-86
-60
-38
-40
-39
-101
-145
-130
-78
-25
-93
-110
-119
-138
-146
-113
-90
-89
-58
-65
-36
-54
-34
-22
18
93
101
95
126
150
129
200
209
212
294
279
246
284
297
275
304
297
253
246
238
227
217
211
213
204
121
66
120
150
111
64
116
90
35
71
22
-11
25
87
74
15
-30
-41
-8
0
7
-20
-91
-117
-87
-67
-111
-106
-118
-168
-210
-215
-185
-167
-216
-235
-209
-210
-213
-220
-199
-237
-203
-147
-158
-156
-177
-178
-177
-121
-81
-89
-130
-169
-110
-74
-125
-98
-73
-116
-122
-76
-81
-141
-122
-75
-70
-56
-49
-84
-70
-38
9
92
55
3
46
82
84
116
160
147
187
184
178
184
168
173
225
232
172
221
219
189
198
246
242
192
177
161
185
180
169
173
155
158
133
98
77
113
95
32
62
101
74
-22
-23
31
30
6
-37
-51
-51
-37
-62
-107
-105
-72
-48
-107
-128
-108
-134
-159
-129
-125
-140
-104
-130
-115
-89
-145
-172
-168
-94
-44
-60
-111
-118
-61
-28
-55
-118
-67
-38
-70
-68
-50
-77
-97
-98
-98
-56
-86
-116
-123
-93
-82
-101
-95
-70
-62
-69
-44
-5
-1
-64
-42
24
74
88
81
110
90
113
174
198
160
135
190
191
168
183
189
163
142
169
158
138
103
79
35
15
83
104
32
-1
52
86
52
-12
30
62
25
22
65
61
-1
3
57
58
11
30
47
8
44
27
-37
-70
-20
-26
-93
-83
-66
-95
-132
-148
-165
-149
-157
-139
-144
-143
-131
-120
-150
-180
-123
-61
-65
-94
-96
-103
-89
-54
-51
-44
-32
-16
-20
-27
-60
-104
-80
-72
-53
-34
-43
-94
-112
-84
-75
-42
-34
-42
-37
6
14
16
23
9
34
37
95
147
117
71
76
121
131
125
156
156
143
158
191
194
152
127
150
191
169
143
141
97
89
106
100
79
41
33
36
38
23
36
48
1
-24
-15
3
-26
-30
9
-4
-40
-19
21
0
-60
-22
-9
-37
-60
-31
-35
-81
-62
-41
-45
-92
-74
-64
-79
-86
-93
-68
-92
-79
-95
-114
-85
-71
-88
-103
-100
-83
-53
-53
-69
-74
-59
-61
-47
-39
-70
-72
-57
-57
-61
-62
-77
-70
-81
-88
-73
-74
-74
-83
-48
-9
-10
-25
-18
14
33
53
55
76
132
113
125
128
157
200
207
198
182
211
188
160
169
178
208
195
136
92
90
101
84
65
74
78
53
26
1
-6
-13
0
8
-6
6
41
16
-40
-38
26
46
-3
-33
2
18
-7
-56
-70
-43
-53
-63
-53
-72
-111
-108
-108
-101
-120
-121
-144
-168
-134
-117
-128
-130
-112
-97
-110
-122
-107
-88
-91
-105
-85
-60
-55
-58
-62
-80
-44
-5
-37
-83
-85
-20
-20
-55
-31
-10
3
-23
-27
12
29
29
44
59
48
56
66
99
113
118
108
121
140
130
135
135
137
137
140
121
97
113
129
103
99
96
80
93
91
64
34
26
27
37
25
-12
-21
-17
14
-15
-51
-23
-5
-31
-46
-38
-24
-5
-35
-51
-49
-50
-62
-66
-55
-55
-45
-53
-64
-65
-59
-55
-65
-42
-47
-80
-84
-87
-81
-43
-32
-55
-34
-33
-47
-36
-46
-18
11
9
1
-12
8
1
-18
-27
-20
0
13
-10
-18
-21
-40
-7
-11
-12
-12
-31
-24
-41
-31
-9
-9
-32
-41
2
15
13
12
11
26
42
33
26
65
92
73
78
88
73
56
64
87
120
95
66
97
122
93
58
74
89
86
55
50
70
49
30
5
4
4
21
34
18
0
-10
12
-25
-26
-11
1
-10
-24
-33
-54
-69
-52
-43
-52
-53
-73
-73
-77
-70
-74
-91
-99
-92
-83
-85
-75
-84
-85
-69
-80
-91
-93
-84
-83
-78
-57
-38
-55
-67
-47
-46
-40
-18
3
3
-12
-24
-16
-4
-9
-8
3
13
17
27
28
16
23
35
35
28
45
50
50
58
66
79
80
69
83
85
60
88
101
104
92
93
127
113
85
98
132
116
93
102
109
99
92
70
75
76
55
41
37
40
22
-2
-28
-7
3
-18
-47
-47
-36
-40
-23
-20
-45
-51
-52
-63
-72
-45
-25
-35
-45
-70
-67
-67
-71
-58
-39
-43
-68
-74
-54
-65
-62
-43
-67
-62
-33
-39
-62
-57
-37
-29
-25
-26
-33
-42
-31
-28
-30
-38
-48
-30
-21
-44
-35
-9
-4
-20
-26
-24
-47
-44
-22
-7
-14
-28
-42
-42
-26
-38
-31
-14
3
-13
-23
-17
-7
18
25
34
50
76
60
27
32
63
93
92
85
82
84
99
102
104
106
111
103
94
92
73
66
71
55
42
50
42
22
6
-2
21
0
-12
-12
-5
21
6
-12
-3
21
2
-12
2
8
-11
-36
-35
-23
-24
-47
-60
-49
-51
-66
-61
-61
-72
-85
-97
-103
-87
-72
-69
-60
-57
-61
-63
-68
-49
-31
-27
-42
-24
-20
-28
-23
11
25
19
23
13
-5
-7
3
26
49
32
1
14
28
9
3
11
24
34
15
5
27
32
22
16
2
2
38
50
28
38
67
65
54
49
43
43
49
55
55
48
30
11
14
3
22
43
20
-3
-6
-18
-28
-28
-34
-19
-12
-44
-54
-42
-42
-49
-52
-28
-5
-22
-35
-28
-18
-15
-30
-19
12
5
-6
-13
-24
-22
-27
-13
-7
-20
-6
-1
-16
-32
-23
-16
3
0
-16
-6
-11
-7
-1
-3
-16
8
11
2
15
32
27
-3
-10
27
22
7
15
21
33
8
-12
-12
-11
-16
-12
-10
-10
-7
3
4
-1
-10
1
0
-7
-10
-5
5
4
18
30
40
10
25
63
66
55
50
50
46
46
51
53
56
72
56
42
43
39
32
19
19
18
7
-6
-23
-16
-4
-9
-9
5
4
-7
-31
-31
-7
4
-7
-20
-14
-19
-34
-36
-26
-16
-18
-25
-21
-20
-21
-26
-32
-38
-35
-33
-40
-35
-45
-50
-64
-63
-48
-47
-50
-45
-23
-34
-55
-59
-39
-31
-48
-35
-19
-13
-22
-22
-2
-9
-11
2
13
4
-9
6
1
9
16
13
19
11
16
19
23
26
28
44
37
35
47
39
36
23
42
51
36
40
58
63
47
53
66
73
58
52
64
68
56
56
56
50
50
55
55
59
42
22
23
25
20
10
13
7
-1
-6
-31
-13
-20
-26
-14
-21
-26
-39
-47
-39
-28
-38
-46
-48
-49
-51
-48
-64
-67
-60
-71
-68
-60
-70
-73
-64
-52
-53
-52
-54
-56
-51
-41
-34
-32
-30
-33
-33
-36
-31
-44
-40
-33
-22
-23
-32
-35
-35
-26
-32
-42
-40
-27
-29
-41
-18
-2
-3
-1
3
16
13
0
9
18
24
26
24
44
47
52
47
50
66
67
65
52
53
72
83
84
73
74
73
71
59
46
67
81
72
58
55
55
59
51
44
44
28
18
14
17
32
22
16
21
17
8
-2
-2
-9
-5
-9
-17
-20
-28
-29
-33
-37
-36
-23
-29
-47
-42
-30
-29
-27
-26
-34
-30
-33
-40
-42
-34
-34
-40
-36
-39
-38
-39
-54
-52
-44
-44
-42
-54
-58
-47
-44
-57
-60
-49
-44
-49
-51
-51
-42
-15
-6
-10
-10
4
12
-4
8
30
30
29
36
51
56
44
43
52
69
75
73
69
70
81
77
81
73
66
61
48
65
75
77
67
56
53
43
46
38
52
52
48
25
13
2
-5
-6
0
5
-7
-17
-34
-33
-45
-45
-26
-36
-46
-31
-34
-29
-31
-43
-48
-34
-38
-54
-54
-56
-59
-64
-65
-52
-47
-60
-48
-34
-40
-44
-37
-30
-27
-29
-25
-16
-22
-23
-11
-8
-18
-24
-14
-18
-13
-9
-11
-17
-25
-19
-11
-8
-14
-8
-14
-25
-18
-11
-12
-7
-5
-14
-17
-14
3
2
3
16
37
50
34
31
40
39
38
32
40
39
35
42
42
45
53
59
55
39
37
52
48
50
48
46
61
56
52
54
52
57
54
51
53
48
42
39
31
31
28
19
7
12
15
17
16
5
0
1
0
-10
2
-15
-20
-21
-27
-31
-35
-43
-58
-57
-57
-56
-37
-34
-54
-55
-63
-54
-60
-58
-59
-60
-51
-57
-53
-51
-55
-54
-45
-42
-43
-51
-46
-58
-50
-34
-40
-45
-46
-38
-30
-30
-27
-33
-23
-9
7
12
12
5
12
14
18
25
20
18
10
26
27
29
30
26
27
41
26
12
21
35
34
40
47
38
41
45
33
29
29
31
34
32
22
14
22
17
7
13
18
16
14
17
21
30
24
11
0
3
10
6
2
-5
-16
-12
-12
-20
-23
-13
-7
-26
-30
-19
-17
-13
-14
-6
-2
0
-15
-28
-12
-4
-3
-8
-10
-12
-1
-25
-25
-14
-9
-15
-13
-4
-15
-17
-16
-13
-20
-21
-20
-11
-16
-8
-9
-6
-4
9
18
11
5
13
31
31
33
40
52
53
47
33
41
48
53
48
38
38
33
27
27
24
26
26
30
22
26
32
24
18
15
19
17
20
22
23
22
19
21
24
25
24
20
12
13
20
9
9
6
-2
-4
-2
-1
-7
-14
-16
-18
-22
-25
-22
-20
-36
-51
-36
-33
-52
-55
-48
-44
-47
-59
-66
-75
-75
-67
-61
-51
-61
-73
-82
-87
-68
-60
-57
-53
-55
-48
-44
-38
-36
-39
-37
-32
-29
-33
-28
-24
-14
-8
5
17
8
-3
7
22
36
29
29
35
36
40
52
58
46
45
49
52
59
58
46
49
53
54
63
50
41
41
42
52
47
45
44
33
36
27
26
38
42
39
43
38
35
30
21
35
30
23
19
20
15
10
10
10
4
-1
-5
11
10
12
13
5
-2
1
10
3
-4
-17
-13
-14
-20
-31
-34
-31
-40
-46
-50
-53
-59
-64
-74
-71
-71
-77
-68
-64
-68
-90
-89
-78
-73
-68
-63
-67
-71
-59
-58
-57
-54
-44
-24
-26
-22
-16
-10
-6
5
12
13
21
30
35
35
42
45
46
42
38
40
47
50
46
48
36
42
56
54
54
55
61
55
52
47
55
56
54
57
55
54
46
38
25
27
32
26
18
16
16
15
9
4
-10
-13
-13
-19
-14
-16
-16
-12
-22
-31
-24
-24
-28
-28
-21
-15
-28
-31
-33
-32
-36
-34
-22
-30
-39
-43
-44
-40
-41
-42
-51
-64
-61
-52
-50
-52
-50
-44
-34
-35
-27
-28
-38
-35
-31
-25
-26
-20
-10
-1
3
-1
10
8
8
9
22
31
31
39
37
42
48
53
60
75
71
54
59
68
73
70
70
79
83
77
77
71
67
57
62
70
74
62
56
51
38
41
44
32
20
21
9
6
14
12
1
-8
-3
0
-9
-10
-4
-1
0
-3
-8
-11
-17
-14
-12
-13
-19
-28
-28
-36
-47
-49
-50
-59
-50
-57
-53
-50
-47
-53
-64
-63
-64
-72
-66
-61
-57
-62
-63
-54
-55
-55
-54
-59
-58
-52
-53
-40
-40
-33
-35
-37
-33
-24
-8
-12
-14
5
6
5
12
9
9
4
11
13
15
13
16
32
27
28
30
30
32
35
37
31
30
30
33
41
49
47
52
56
47
50
62
50
39
50
50
44
48
47
42
43
42
36
32
30
24
17
9
2
5
6
-1
-8
-15
-13
-18
-26
-26
-29
-31
-29
-26
-23
-25
-30
-37
-29
-24
-22
-20
-24
-17
-24
-32
-35
-46
-42
-44
-48
-47
-35
-28
-25
-21
-26
-27
-25
-17
-28
-29
-29
-23
-19
-25
-16
-8
-9
-6
-8
-10
-11
-18
-14
-7
-9
1
6
-1
3
2
1
4
3
9
1
1
13
10
19
23
25
27
28
30
28
33
29
41
49
58
50
44
55
57
60
61
70
68
60
65
62
62
56
51
53
47
42
43
28
13
15
16
10
3
6
8
-2
-7
-16
-21
-21
-22
-26
-41
-36
-37
-46
-51
-46
-32
-37
-41
-40
-40
-40
-48
-37
-38
-42
-48
-54
-58
-71
-73
-62
-57
-47
-45
-54
-51
-50
-42
-35
-44
-38
-28
-24
-23
-20
-15
-16
-18
-9
-9
-21
-22
-15
-5
-18
-19
-2
2
2
3
11
17
32
32
33
43
45
55
51
54
57
68
76
72
81
74
77
79
76
81
69
73
69
57
65
62
64
68
62
47
34
34
28
22
7
5
-8
-11
-15
-7
-11
-19
-18
-26
-22
-19
-19
-15
-15
-17
-13
-25
-39
-34
-29
-30
-31
-32
-34
-37
-31
-38
-36
-38
-39
-41
-43
-37
-33
-26
-36
-36
-30
-33
-39
-42
-40
-32
-23
-18
-30
-31
-33
-24
-14
-19
-8
-3
-6
-4
-4
2
1
4
5
10
15
18
18
15
8
13
15
12
20
25
25
29
39
35
32
35
46
49
45
41
36
38
33
34
38
40
38
42
48
45
40
37
29
26
17
4
3
-1
-4
-12
-14
-20
-23
-22
-29
-29
-15
-7
-23
-29
-28
-30
-33
-28
-34
-35
-35
-32
-31
-38
-39
-31
-31
-29
-34
-33
-27
-28
-25
-19
-21
-28
-34
-39
-37
-37
-31
-33
-30
-32
-24
-19
-28
-29
-28
-26
-28
-25
-24
-22
-19
-22
-19
-17
-18
-13
-12
-11
-7
-1
-5
-3
3
7
13
13
19
23
22
25
30
38
42
35
35
37
41
54
55
60
63
61
63
68
69
69
72
69
71
71
70
72
65
56
51
45
38
35
38
34
28
23
19
17
6
-1
3
-4
-7
-8
-21
-31
-31
-24
-27
-32
-29
-26
-26
-37
-40
-39
-39
-30
-22
-24
-22
-25
-28
-22
-25
-29
-34
-43
-37
-35
-37
-43
-41
-34
-40
-40
-33
-31
-33
-30
-29
-33
-24
-23
-28
-31
-32
-28
-21
-19
-19
-21
-25
-18
-14
-17
-20
-17
-8
-8
-4
4
3
-1
4
9
6
4
10
17
23
30
42
51
48
49
54
52
50
58
59
62
59
59
62
64
68
62
59
58
58
51
46
40
44
39
36
31
26
18
17
16
29
27
17
19
17
11
6
1
-5
-15
-22
-24
-30
-30
-31
-33
-45
-38
-36
-41
-35
-34
-44
-49
-53
-54
-52
-62
-63
-57
-50
-59
-64
-62
-62
-67
-66
-64
-62
-60
-58
-51
-47
-40
-34
-41
-31
-21
-22
-16
-21
-17
-13
-10
-2
3
10
9
13
17
21
24
33
39
41
48
45
54
55
62
56
59
58
59
64
63
62
54
60
60
60
57
57
57
64
60
58
56
47
41
39
34
32
26
16
17
18
13
5
-2
-4
-11
-13
-16
-21
-22
-27
-29
-38
-28
-36
-40
-37
-42
-44
-46
-48
-51
-50
-51
-51
-53
-52
-58
-58
-53
-56
-52
-54
-51
-43
-42
-39
-44
-43
-41
-39
-30
-30
-22
-17
-10
-5
-4
3
6
10
6
9
6
11
19
15
12
11
16
17
13
16
18
17
17
11
8
8
12
13
14
13
15
18
18
25
24
23
25
31
30
28
35
34
37
42
40
28
29
32
40
41
32
28
30
29
23
17
23
26
19
13
8
12
13
14
5
0
0
1
-9
-10
-7
-6
-7
-15
-8
-12
-18
-17
-19
-21
-26
-24
-25
-30
-33
-32
-42
-43
-45
-44
-40
-41
-41
-43
-40
-42
-44
-39
-35
-37
-33
-30
-28
-21
-18
-12
-9
-6
-8
-11
-10
-2
8
9
14
15
14
7
6
12
11
18
18
18
22
32
25
28
31
31
36
38
45
48
49
49
45
48
46
41
49
49
49
45
41
41
35
35
32
28
23
18
10
11
11
6
1
1
2
-4
-7
-8
-4
-6
-14
-13
-14
-15
-16
-16
-21
-22
-17
-22
-21
-25
-29
-31
-32
-27
-22
-27
-29
-23
-24
-23
-23
-28
-23
-27
-21
-21
-20
-21
-29
-29
-32
-29
-30
-33
-33
-25
-24
-21
-22
-19
-20
-25
-21
-13
-10
-9
-5
-8
-5
3
4
2
4
3
6
10
7
5
11
8
11
13
13
14
18
22
24
28
32
30
32
34
29
30
29
33
35
34
32
34
34
29
31
34
30
31
29
24
16
12
15
17
17
15
13
13
13
7
5
4
3
-4
-3
-1
1
-1
-5
-7
-13
-17
-23
-24
-27
-29
-29
-29
-29
-30
-30
-36
-39
-39
-42
-45
-44
-39
-39
-41
-39
-40
-38
-34
-38
-40
-33
-34
-35
-28
-22
-18
-20
-15
-10
-5
2
4
4
7
5
5
9
8
14
17
12
18
18
17
23
22
27
24
31
31
27
26
28
34
34
34
35
38
43
39
40
44
43
40
36
35
38
33
21
22
22
24
25
19
16
19
14
13
8
8
2
1
-6
-9
-6
-6
-9
-12
-10
-12
-8
-12
-13
-16
-19
-15
-20
-21
-23
-23
-26
-26
-34
-39
-36
-36
-35
-36
-35
-37
-36
-38
-34
-36
-37
-36
-32
-30
-32
-31
-29
-21
-22
-21
-15
-16
-14
-22
-21
-20
-15
-12
-11
-4
-4
-3
0
-1
3
5
5
11
17
17
22
26
25
27
33
33
34
36
35
39
43
41
37
37
37
35
36
38
41
38
36
31
28
28
24
19
15
12
16
15
12
18
14
12
11
10
11
13
11
8
6
8
11
4
4
-2
-3
-3
-2
-4
-10
-9
-14
-14
-17
-16
-17
-20
-22
-21
-26
-27
-24
-24
-19
-24
-25
-27
-20
-22
-22
-25
-24
-21
-21
-14
-17
-16
-13
-12
-11
-17
-15
-13
-16
-13
-12
-10
-11
-9
-9
-11
-13
-3
-2
1
6
12
14
10
16
16
18
14
23
18
17
16
19
21
23
29
25
23
23
24
21
14
15
15
13
9
6
7
5
1
-3
2
2
-2
-3
0
1
-2
2
-1
-2
-8
-10
-10
-11
-10
-11
-12
-7
0
-1
0
-2
0
-1
0
2
3
1
-1
-5
-6
-8
-11
-8
-13
-18
-15
-15
-18
-17
-17
-16
-15
-12
-18
-22
-23
-18
-18
-18
-18
-14
-14
-19
-16
-16
-17
-14
-12
-11
-6
-8
-10
-9
-4
-1
1
1
2
4
2
3
8
11
9
6
3
8
6
7
6
8
14
13
15
20
21
25
27
28
33
29
30
31
27
28
26
20
15
15
16
18
15
10
8
6
9
12
12
13
11
8
7
8
7
11
9
9
7
6
8
4
1
0
-1
-2
-2
-6
-5
-3
-8
-12
-17
-18
-20
-25
-26
-28
-28
-27
-30
-28
-27
-28
-28
-31
-30
-29
-29
-29
-24
-24
-24
-22
-21
-20
-20
-17
-14
-16
-15
-14
-8
-6
-4
-5
0
6
7
9
12
16
18
19
20
23
26
28
25
27
27
27
30
30
31
36
32
32
32
27
25
25
23
21
19
19
18
15
16
13
10
9
7
6
0
-1
-4
-9
-10
-10
-10
-15
-19
-15
-13
-14
-17
-15
-12
-5
-5
-6
-8
-8
-7
-9
-8
-8
-4
-10
-11
-10
-7
-9
-13
-12
-14
-10
-14
-12
-13
-19
-18
-18
-16
-14
-16
-19
-18
-15
-14
-15
-15
-13
-8
-8
-7
-4
-5
0
2
5
9
10
13
13
13
13
14
17
14
20
17
20
19
19
19
21
25
23
22
18
18
13
17
17
14
18
17
14
12
13
9
8
8
9
9
10
10
6
6
6
6
5
5
5
3
2
0
-1
-3
-6
-9
-10
-11
-15
-14
-20
-24
-23
-23
-22
-21
-19
-18
-17
-15
-15
-14
-13
-13
-13
-14
-8
-8
-8
-5
-5
-2
0
-1
-3
-2
-2
-3
-1
0
-2
-3
-5
-9
-8
-8
-5
-6
-8
-8
-6
-7
-5
-5
-5
-6
-4
-3
0
-4
-3
1
1
2
3
4
1
6
5
4
7
3
0
4
4
6
2
1
4
3
2
4
9
3
3
1
1
5
3
3
2
3
2
1
3
-2
-3
-3
-5
-7
-6
-7
-7
-6
-8
-5
-3
-2
-4
-3
-3
3
2
2
7
4
6
8
12
13
9
9
8
11
12
11
11
13
12
13
9
6
8
7
6
5
5
5
5
1
2
2
2
-2
0
2
-2
-5
-4
-11
-13
-14
-12
-7
-5
-5
-6
-8
-6
-4
-5
-5
-4
-5
-3
-2
-2
-6
-4
-3
0
3
1
6
4
2
4
3
4
7
5
9
7
4
7
8
7
5
4
5
6
5
9
10
13
15
12
12
9
9
9
6
7
5
7
5
2
0
-3
-3
-1
-3
-1
-2
-2
-3
-6
-4
-8
-4
-7
-7
-9
-8
-9
-8
-8
-11
-11
-10
-7
-8
-6
-7
-8
-9
-6
-8
-9
-10
-11
-11
-10
-10
-11
-9
-7
-9
-6
-6
-7
-5
-2
-5
-2
-1
2
4
3
-1
1
1
4
1
1
4
4
4
3
3
5
5
4
5
5
5
8
8
8
8
7
6
8
8
7
6
4
4
4
2
3
4
3
3
2
-2
-3
-1
1
0
1
3
0
-2
-3
-1
0
2
3
3
5
3
4
5
1
4
2
3
5
4
3
2
2
3
3
1
0
1
-1
0
-1
-2
-2
0
0
-2
-3
0
-1
0
-1
1
3
0
-2
-4
-4
-5
-3
-4
-1
-4
-2
-3
-5
-2
-4
-4
-3
-1
-2
-2
-3
-2
1
0
-2
-3
-5
-4
0
-1
-2
-3
-3
-5
-3
-4
-5
-7
-5
-8
-7
-4
-4
-3
-1
0
0
1
1
1
0
-1
1
0
0
2
-2
-4
-4
-6
-5
-5
-8
-6
-7
-7
-7
-11
-5
-5
-4
-3
-1
-1
-2
0
0
2
1
4
3
2
3
4
4
3
3
4
5
4
2
3
4
5
7
6
5
4
4
4
4
5
5
6
4
3
4
2
1
2
2
5
5
5
8
6
4
2
1
4
1
2
3
5
5
3
3
3
2
1
1
-1
2
0
0
1
0
0
-1
-2
0
-1
-1
-4
-5
0
0
0
0
-1
-1
-3
-2
-2
-1
1
2
-1
-1
1
2
3
0
3
3
0
2
0
-1
2
1
4
6
3
3
2
2
2
5
5
6
9
7
8
6
8
8
8
9
7
7
5
4
4
5
3
3
2
0
-2
-2
0
-2
-3
-4
-7
-8
-5
-8
-10
-9
-10
-8
-9
-11
-8
-8
-8
-9
-7
-7
-7
-8
-7
-10
-7
-8
-10
-8
-12
-11
-9
-8
-6
-5
-5
-6
-4
-5
-4
-1
1
1
-1
-1
-3
-2
-3
-1
0
0
3
2
2
4
5
8
6
7
7
6
8
9
8
11
8
10
9
6
7
7
6
7
8
10
7
5
7
5
7
6
5
5
5
3
-1
-1
0
0
-2
-4
-6
-6
-6
-6
-5
-6
-4
-4
-4
-4
-2
-3
-5
-5
-4
-6
-6
-5
-8
-6
-7
-6
-6
-7
-8
-6
-5
-7
-4
-6
-5
-2
0
-1
0
1
0
0
2
0
0
0
1
0
1
1
-1
-1
-1
1
0
1
2
3
2
3
4
4
4
4
7
6
6
6
5
5
3
5
5
5
6
6
5
5
3
5
4
7
6
5
4
4
1
2
1
1
2
-1
1
1
-1
-3
-4
-3
-5
-4
-4
-5
-5
-5
-7
-6
-6
-5
-4
-3
-5
-5
-4
-4
-3
-1
-1
-1
-2
-2
-1
-2
-1
-1
0
-2
-3
-2
-3
-3
-2
-4
-4
-3
-2
-2
-1
-1
-1
-4
-4
-3
0
0
1
2
2
1
1
2
1
0
0
1
2
2
3
2
5
4
5
4
2
2
2
4
3
2
5
3
1
1
2
1
5
4
3
6
5
6
6
4
5
5
3
3
3
3
2
2
1
-1
-2
-3
-3
-3
-2
-1
-1
1
2
3
3
5
5
2
3
2
1
0
1
2
0
0
0
0
-1
-4
-3
-3
-3
-3
-2
-2
-2
-4
-4
-5
-1
0
1
3
1
3
4
3
3
1
2
-2
-2
-3
-2
-3
-2
-3
-5
-5
-6
-6
-6
-5
-3
-2
-2
-1
0
-1
-1
-4
-5
-3
-3
-4
-2
0
0
1
1
-1
2
4
4
4
6
5
5
6
4
7
7
6
5
5
4
5
4
4
1
2
-1
-2
0
2
1
1
1
1
3
0
-1
-2
-3
-3
-3
-2
-4
-2
-1
-1
-3
-4
-5
-4
-4
-2
-2
-2
-3
-4
-5
-5
-4
-6
-5
-5
-5
-6
-4
-8
-8
-7
-8
-10
-11
-10
-12
-11
-10
-10
-10
-8
-8
-9
-7
-5
-5
-5
-5
-4
-2
1
3
3
3
3
3
5
6
6
7
6
5
6
6
8
7
6
8
8
7
8
7
7
8
10
9
10
9
8
9
8
8
8
9
7
6
5
4
3
0
2
0
-1
-1
-1
-3
-3
-4
-3
-4
-4
0
0
1
1
0
-1
-2
-1
-2
0
2
0
-1
1
-1
-1
0
-1
0
-1
1
1
0
2
1
2
0
1
0
0
-1
-1
-1
-1
-1
1
1
2
1
2
1
0
0
0
3
0
3
1
3
3
2
3
2
4
1
1
0
-1
-1
-2
-1
-4
-2
-6
-4
-5
-6
-4
-6
-5
-8
-8
-8
-6
-7
-6
-5
-5
-2
-3
-3
-1
-2
-2
-4
-1
-2
-2
-2
-2
-2
-3
1
-2
-1
-2
0
3
3
4
3
3
1
2
2
2
5
2
3
3
3
2
1
0
-1
-2
0
0
0
2
3
5
4
4
4
1
1
1
0
0
1
0
4
5
2
1
0
1
1
2
2
2
1
3
2
2
3
2
3
1
2
3
2
1
1
-1
1
-1
-2
-1
-1
-2
-2
-1
-1
-1
-3
-3
-2
-2
-3
-2
-1
-2
-2
-1
-1
-2
-1
-1
0
-2
-2
-1
0
1
0
1
4
1
4
2
4
6
5
4
4
6
4
3
1
2
2
1
1
0
3
4
4
1
2
0
-1
0
0
1
0
0
0
-2
-1
0
-2
-1
-1
-1
-2
-1
-2
-2
-2
-2
-2
-3
-4
-4
-5
-6
-6
-8
-7
-6
-7
-5
-4
-4
-6
-5
-6
-7
-8
-6
-6
-7
-4
-4
-6
-4
-4
-4
-2
-3
-3
-3
-2
-3
-3
-2
-1
0
0
0
-1
-1
1
-1
1
1
2
4
3
2
4
4
4
4
4
5
6
6
4
5
5
5
4
4
4
5
4
3
4
5
4
4
2
3
2
2
-1
0
-1
-2
-2
-2
-1
-1
0
0
-1
-3
-1
-1
-1
0
0
-1
-3
-2
-1
-2
-2
0
1
0
1
2
3
1
-1
-1
-2
-1
-1
-1
-1
-1
0
2
1
2
2
2
2
2
2
3
2
3
3
3
3
3
4
3
2
1
1
2
2
2
2
3
4
4
4
3
4
4
3
3
3
3
5
5
4
3
2
2
3
4
3
2
2
3
1
3
2
1
0
1
1
2
2
2
0
1
-1
-2
-4
-5
-4
-6
-4
-6
-5
-5
-6
-6
-6
-4
-5
-4
-4
-4
-5
-6
-6
-8
-7
-8
-7
