-1
-1
0
2
-1
-3
-1
-2
0
1
2
5
4
1
1
-1
0
5
2
-1
-4
-6
-2
-2
-2
2
0
2
-1
-3
1
-1
5
3
-2
1
-1
0
1
-1
1
0
-3
-2
-7
-4
0
-2
3
-2
-1
-1
-5
-1
-2
-6
1
-1
-3
0
-5
4
-2
4
6
-4
4
1
5
2
-2
7
4
6
7
-1
7
4
4
7
0
6
4
4
10
0
5
0
1
0
-3
3
3
2
6
-1
3
-1
1
11
2
8
-1
-1
-4
-3
3
4
4
3
-1
-1
-5
-2
2
-2
2
-3
-2
-6
-3
0
-2
-1
1
-6
0
-6
-5
-4
-9
-2
-2
-4
2
-2
0
-1
0
0
-1
4
1
-2
-3
-3
-2
-4
-1
-2
-1
2
-4
3
-3
-2
0
-8
-1
-4
0
3
-4
2
-1
0
2
-4
4
0
0
0
-4
-4
1
-4
2
-5
-2
-3
-2
2
4
4
2
1
0
0
-3
1
0
1
-2
-1
-4
1
0
0
2
-5
-1
-2
-1
2
-3
1
0
-3
3
-3
7
3
4
2
-3
0
-3
-1
3
-2
4
3
-3
1
-1
3
0
0
5
2
7
8
5
10
2
4
0
-2
5
3
7
5
4
1
-3
2
2
-4
3
-1
6
2
4
7
-5
-1
-3
-7
1
1
4
2
-4
-4
-10
0
0
0
-1
-1
-1
-1
-5
0
-3
-2
-1
4
1
0
4
0
0
-9
-4
-3
0
4
1
0
-2
-3
2
-3
3
3
-2
0
-6
0
2
3
9
-1
-2
2
-4
0
-3
2
6
-2
6
3
-1
0
-6
3
2
-2
4
-3
-1
-4
-8
-2
-6
2
5
-4
3
-8
-1
-1
-6
8
-1
6
4
-3
1
-1
2
7
-7
4
-11
-4
-1
-6
3
0
5
0
-1
-5
-7
-6
4
1
4
1
1
3
-3
1
-2
0
4
2
0
1
-1
-2
-7
-3
-4
-2
-2
-1
2
-1
-2
-2
0
-5
2
-2
4
1
1
0
-5
6
1
7
1
1
6
-3
0
-2
-4
-1
2
6
1
-3
2
-5
1
-5
0
1
-3
2
2
2
6
1
2
-2
-3
10
0
13
2
4
2
-2
2
0
3
2
3
-3
3
-5
0
-4
0
1
2
4
-2
-2
-10
-5
-8
0
2
4
1
2
-4
-4
-3
-1
3
-1
5
2
2
0
-4
1
3
4
4
2
-1
3
-2
3
0
1
2
-2
-2
-5
-3
-2
1
2
4
2
3
1
4
3
2
-4
0
-1
0
-4
-3
-7
-2
-2
5
6
2
2
-4
-5
-4
-1
0
0
-1
-5
-9
-1
-2
2
-1
-3
-2
-6
-2
-2
-1
3
-1
-4
-3
-3
5
-1
5
1
-1
3
0
4
0
-3
-2
-5
3
-5
5
2
3
6
-4
5
-2
3
1
3
3
-1
2
1
1
8
0
2
-2
-1
2
0
5
1
3
3
-4
0
-1
-3
5
0
15
4
0
0
-2
3
1
-3
-2
-9
-2
-2
-1
5
1
6
2
0
-2
-2
-4
-7
-8
-3
-4
1
5
1
1
-14
-9
-10
-7
-4
-5
-3
1
-3
1
2
-5
5
-4
2
0
5
13
8
7
-3
-6
-5
-3
0
4
-2
1
-5
2
0
3
0
-4
-2
-5
2
2
6
10
5
3
2
-1
4
6
10
5
5
3
4
3
6
4
2
-3
-1
0
2
0
5
3
3
4
1
2
0
2
1
7
-4
4
-4
1
-4
-7
-2
-3
2
3
0
4
-1
0
3
0
1
-3
-8
-4
-5
2
-3
-4
0
-10
-5
-11
-5
-11
-5
-2
-4
2
3
2
7
-1
2
1
-1
2
-1
-1
0
-3
0
-4
3
1
-4
-1
-5
-4
-4
-5
-1
-4
-4
3
6
10
8
7
3
-1
2
-2
-2
3
-4
-1
-6
0
1
-2
4
0
-2
-7
-6
-4
-4
2
0
-1
0
-6
-6
-4
-3
2
-2
1
-3
-1
-2
-1
7
4
3
6
4
5
1
1
5
1
5
-2
-1
-6
-2
1
3
4
10
1
3
-2
-5
3
-1
6
5
7
7
3
4
2
1
7
6
4
3
-3
1
2
-1
5
-1
9
0
4
0
-3
4
1
2
1
2
1
-2
-4
-1
-4
-2
-4
-3
-6
-3
-2
-1
-2
-5
-4
-3
-1
2
0
-1
-5
-6
0
1
6
9
6
3
-5
-6
-7
0
6
5
2
-4
-5
-3
-4
-6
-6
-3
1
0
2
0
-1
-1
0
-1
1
-1
-4
-3
-4
-2
3
2
4
1
-1
1
-4
-5
-6
-6
-6
-6
-2
-3
-4
3
2
3
-1
-3
-3
-3
0
-1
-2
-3
-3
1
-1
0
-2
-1
-1
0
1
1
-2
-1
1
0
5
5
6
-2
0
-7
-3
1
0
5
2
-3
-3
-4
2
7
10
13
8
6
6
2
8
4
1
1
4
7
6
5
4
1
0
-1
1
-2
1
1
1
-4
-3
2
2
7
3
6
10
8
8
7
3
5
0
3
1
-2
-4
-3
-2
-3
-4
-2
-6
-4
-7
-5
-5
-5
-1
-2
-2
-3
-6
-6
-7
-7
-2
-3
-2
0
1
1
2
-2
-2
-4
-5
-5
-2
-3
-1
-2
-3
-4
-5
-6
-10
-5
-5
-1
-1
1
-2
-1
-7
-8
-5
-10
2
2
1
1
6
4
2
2
3
-1
4
1
0
2
-3
-1
-5
1
1
4
7
4
4
0
0
5
5
10
8
6
4
3
4
1
0
5
1
5
7
4
3
3
2
1
2
3
2
3
2
-2
0
-2
0
0
-2
-4
-4
-4
-4
-3
-2
2
1
5
4
2
2
-2
-1
0
-4
-3
-3
0
4
2
0
6
0
-2
-7
-8
-5
-7
-3
1
6
5
1
-1
-1
0
0
2
2
2
3
1
-3
-5
-4
-3
-3
-1
3
-4
0
-1
2
3
2
1
5
1
1
2
-1
0
-2
-3
-6
-3
-3
-3
-4
-6
-7
-7
-5
-5
-2
-4
0
1
0
2
3
5
2
1
0
0
1
-2
1
-2
-4
-6
-5
-6
-4
0
-1
-2
2
2
2
5
4
4
3
5
3
4
4
6
6
3
3
2
2
2
0
3
2
2
4
6
3
6
9
9
8
2
5
-2
-4
-4
-8
-8
-8
-6
-6
-6
-4
-6
-6
-4
-1
1
1
2
5
4
5
9
9
4
-1
-4
-6
-10
-8
-9
-10
-6
-5
-5
-4
0
2
5
4
8
6
8
6
5
5
3
2
3
1
0
-1
-6
-7
-6
-7
-5
-6
-5
-7
-5
0
1
2
1
2
3
3
5
9
10
5
2
-5
-8
-8
-8
-6
-8
-8
-12
-13
-13
-15
-10
-5
-2
2
5
10
8
12
11
12
14
8
11
13
9
11
10
9
3
0
0
1
4
5
6
7
5
7
3
4
7
7
8
5
6
2
-2
-4
-10
-8
-6
-3
1
-6
-5
-6
-10
-8
-4
-3
-3
1
1
-2
-4
-3
-3
-1
-1
0
-4
-6
-8
-7
-9
-8
-10
-12
-12
-3
-2
2
2
1
0
-1
3
4
6
6
3
4
2
-1
1
2
-2
-3
-7
-6
-5
-2
7
11
16
14
12
11
11
11
14
16
14
11
8
3
-1
-6
-8
-7
-7
-9
-10
-13
-11
-8
-9
-8
-9
-11
-9
-6
-5
-3
0
3
4
4
3
0
-4
-6
-8
-9
-10
-11
-9
-11
-14
-16
-18
-17
-16
-7
-4
1
3
7
11
11
16
18
17
13
16
15
14
13
9
9
7
8
4
3
4
8
8
8
10
7
8
5
1
0
-3
-4
-4
-3
-5
-9
-12
-10
-6
-3
2
1
2
-1
-3
0
-1
4
6
11
12
12
13
10
7
7
7
6
1
-1
-3
-7
-8
-9
-14
-16
-20
-29
-37
-49
-57
-69
-76
-83
-86
-88
-91
-87
-82
-73
-63
-49
-29
-6
21
45
70
96
121
140
161
177
189
193
192
187
177
162
140
115
86
56
20
-11
-49
-77
-104
-126
-138
-147
-146
-142
-130
-111
-86
-58
-29
0
25
53
75
97
112
120
125
127
130
127
116
105
89
75
50
29
11
-17
-39
-64
-84
-102
-118
-126
-127
-129
-131
-150
-184
-217
-248
-272
-298
-321
-333
-343
-344
-341
-327
-303
-257
-201
-140
-73
5
91
178
265
333
401
458
497
528
542
552
530
485
426
346
275
195
99
7
-92
-183
-270
-341
-380
-412
-432
-426
-406
-371
-324
-269
-194
-131
-65
4
88
172
240
297
349
401
435
472
506
543
572
580
595
600
583
554
507
444
359
260
142
9
-150
-304
-452
-595
-703
-781
-836
-857
-854
-825
-745
-656
-541
-401
-265
-117
2
116
219
302
376
414
434
444
433
403
362
309
250
187
128
64
-18
-143
-331
-520
-687
-795
-896
-996
-1069
-1111
-1141
-1142
-1074
-945
-790
-615
-454
-275
-24
228
479
706
898
1082
1211
1313
1395
1453
1466
1392
1270
1128
978
790
589
367
128
-124
-351
-565
-728
-848
-918
-979
-989
-966
-876
-743
-635
-483
-337
-210
-76
77
194
304
409
502
579
633
732
815
858
917
963
981
983
971
943
872
759
633
466
284
96
-100
-306
-500
-662
-796
-898
-965
-994
-991
-958
-886
-763
-635
-493
-338
-195
-55
73
200
295
350
384
422
433
420
397
305
121
-132
-378
-577
-782
-966
-1157
-1334
-1439
-1520
-1554
-1542
-1440
-1275
-1106
-931
-716
-416
-78
232
510
766
1011
1218
1392
1532
1627
1678
1660
1578
1450
1294
1124
898
638
364
70
-194
-412
-582
-732
-855
-918
-907
-867
-798
-657
-522
-385
-276
-141
19
149
261
373
474
556
647
702
756
818
881
942
987
1006
1031
1006
939
869
763
625
437
239
36
-180
-414
-618
-802
-954
-1083
-1168
-1196
-1154
-1040
-916
-759
-586
-399
-211
-40
115
258
362
434
473
484
483
458
434
386
291
220
126
62
9
-46
-119
-354
-598
-835
-951
-1070
-1244
-1395
-1468
-1486
-1533
-1559
-1484
-1296
-1066
-893
-727
-482
-135
249
524
791
1068
1343
1538
1668
1795
1864
1857
1775
1634
1456
1262
1039
752
431
109
-195
-480
-728
-918
-1071
-1163
-1219
-1236
-1155
-1026
-883
-706
-534
-335
-126
87
274
429
564
665
750
820
899
957
994
1011
1029
1046
1046
1039
986
905
804
666
519
342
132
-71
-291
-516
-720
-894
-1033
-1148
-1217
-1225
-1173
-1046
-898
-722
-532
-354
-135
51
220
388
516
573
595
591
582
545
501
481
436
313
15
-299
-564
-675
-887
-1167
-1398
-1513
-1566
-1696
-1758
-1717
-1552
-1347
-1212
-1056
-789
-423
-60
195
512
850
1193
1433
1630
1847
1991
2067
2026
1945
1821
1654
1442
1152
816
461
129
-192
-469
-698
-885
-1036
-1165
-1211
-1167
-1095
-971
-867
-777
-617
-448
-270
-123
28
198
326
457
581
718
854
961
1051
1116
1172
1224
1247
1200
1104
979
812
570
320
75
-206
-502
-787
-1022
-1228
-1386
-1495
-1544
-1526
-1435
-1292
-1138
-947
-699
-434
-148
114
347
559
708
848
923
959
963
932
905
818
692
601
474
278
3
-306
-597
-870
-1122
-1356
-1576
-1747
-1883
-1950
-1956
-1904
-1753
-1543
-1295
-1017
-685
-309
81
480
852
1186
1490
1752
1997
2149
2216
2239
2162
2012
1792
1543
1273
952
616
267
-71
-368
-627
-850
-1045
-1168
-1216
-1227
-1179
-1080
-972
-817
-657
-463
-291
-121
73
292
469
587
722
807
896
974
1064
1094
1104
1117
1079
1027
953
870
729
539
331
105
-110
-367
-613
-846
-1057
-1233
-1401
-1502
-1543
-1522
-1465
-1370
-1194
-966
-726
-488
-244
36
279
470
636
765
871
904
893
848
775
683
562
453
344
257
123
-117
-387
-660
-822
-988
-1209
-1353
-1467
-1523
-1584
-1637
-1581
-1447
-1246
-1067
-891
-628
-285
112
459
780
1116
1439
1720
1943
2132
2276
2338
2293
2148
1926
1680
1422
1087
706
298
-92
-451
-780
-1019
-1209
-1369
-1495
-1518
-1442
-1300
-1149
-951
-748
-568
-399
-204
26
213
371
534
654
747
857
927
988
1019
1046
1069
1064
1041
1011
954
810
659
506
281
27
-233
-467
-724
-981
-1184
-1338
-1459
-1537
-1533
-1474
-1373
-1218
-1037
-828
-574
-325
-85
106
311
492
668
762
817
869
845
811
793
738
653
554
455
277
-2
-315
-598
-855
-1115
-1352
-1604
-1781
-1868
-1890
-1871
-1803
-1617
-1365
-1127
-853
-537
-134
270
641
1008
1344
1666
1939
2159
2308
2379
2374
2289
2140
1939
1717
1437
1097
734
348
-16
-368
-653
-905
-1141
-1293
-1372
-1390
-1359
-1273
-1134
-991
-869
-676
-445
-226
-17
167
348
485
611
755
855
947
1011
1067
1079
1091
1119
1093
999
887
762
577
349
130
-108
-385
-699
-985
-1188
-1380
-1516
-1610
-1655
-1632
-1535
-1368
-1165
-932
-677
-409
-147
117
369
599
761
875
936
967
945
890
847
741
626
516
394
270
172
91
-11
-188
-454
-717
-912
-1028
-1200
-1382
-1535
-1607
-1633
-1690
-1687
-1564
-1329
-1087
-885
-625
-281
147
548
906
1262
1595
1912
2111
2250
2343
2382
2331
2145
1899
1619
1297
940
545
156
-221
-557
-836
-1071
-1245
-1350
-1392
-1384
-1315
-1231
-1057
-834
-617
-414
-214
-7
170
324
452
564
681
772
811
830
851
889
900
888
872
843
784
669
535
404
251
37
-197
-407
-629
-830
-1006
-1130
-1241
-1321
-1338
-1309
-1216
-1071
-909
-733
-537
-330
-121
71
263
451
583
656
705
755
770
720
659
602
526
440
336
249
143
-39
-271
-619
-891
-1063
-1232
-1407
-1623
-1737
-1765
-1759
-1698
-1579
-1352
-1072
-808
-531
-192
246
690
1089
1400
1698
2002
2224
2345
2421
2440
2376
2217
2001
1743
1439
1113
737
347
-60
-417
-717
-989
-1208
-1379
-1455
-1482
-1453
-1373
-1251
-1047
-811
-585
-423
-211
33
246
384
481
615
672
699
715
740
771
769
768
739
717
698
640
535
393
287
109
-136
-344
-529
-738
-985
-1179
-1299
-1367
-1411
-1417
-1342
-1242
-1070
-869
-646
-396
-137
125
339
525
716
859
950
985
989
932
827
740
637
512
340
178
36
-93
-201
-317
-434
-630
-825
-1008
-1109
-1185
-1292
-1372
-1425
-1407
-1371
-1297
-1157
-943
-684
-460
-223
81
425
786
1083
1357
1647
1891
2096
2229
2317
2327
2250
2103
1885
1647
1340
974
589
189
-181
-535
-832
-1077
-1268
-1424
-1536
-1535
-1448
-1320
-1159
-969
-750
-528
-336
-128
60
195
246
306
368
407
421
390
404
408
387
374
379
404
411
379
323
272
218
133
-5
-171
-339
-520
-678
-821
-909
-994
-1077
-1085
-1027
-911
-800
-647
-472
-257
-59
145
366
550
708
794
843
874
879
862
778
686
580
447
334
207
107
-8
-160
-349
-556
-769
-921
-1048
-1157
-1282
-1405
-1431
-1382
-1283
-1166
-985
-745
-484
-240
2
295
644
981
1233
1457
1678
1866
1999
2055
2066
2033
1944
1777
1533
1253
939
616
272
-78
-412
-715
-992
-1229
-1367
-1472
-1532
-1515
-1454
-1326
-1151
-937
-717
-543
-345
-155
24
169
255
332
365
380
394
412
438
444
447
423
397
409
406
382
319
246
177
79
-56
-180
-291
-428
-571
-700
-775
-820
-851
-836
-798
-699
-575
-429
-255
-51
153
340
509
644
774
864
900
884
824
746
638
506
367
235
102
-24
-141
-243
-319
-354
-349
-417
-545
-692
-784
-804
-865
-938
-983
-983
-941
-951
-913
-791
-580
-371
-233
-50
195
523
835
1085
1338
1569
1768
1899
1964
2009
1981
1846
1622
1360
1073
763
433
73
-311
-675
-985
-1217
-1394
-1507
-1593
-1647
-1579
-1433
-1248
-1035
-840
-621
-452
-318
-171
-34
78
104
118
130
132
150
183
249
284
331
399
490
600
665
694
702
662
608
511
386
238
68
-110
-310
-462
-580
-683
-764
-796
-782
-722
-644
-526
-361
-201
-28
144
303
442
550
640
685
691
677
636
579
516
414
322
237
173
108
26
-58
-198
-361
-541
-661
-753
-875
-972
-1059
-1088
-1086
-1072
-1022
-946
-804
-655
-502
-282
-1
293
578
826
1075
1329
1565
1763
1886
1938
1932
1873
1748
1558
1318
1009
652
250
-135
-499
-830
-1096
-1317
-1481
-1594
-1619
-1569
-1466
-1321
-1175
-1023
-841
-670
-529
-398
-274
-203
-188
-169
-134
-75
-21
34
132
236
367
516
681
817
909
955
959
926
875
773
597
376
147
-79
-307
-484
-620
-732
-828
-866
-825
-732
-623
-462
-275
-85
106
291
451
590
713
790
831
828
820
797
732
649
561
469
384
296
234
162
124
56
-62
-197
-387
-533
-666
-803
-918
-1029
-1104
-1183
-1215
-1191
-1132
-1005
-849
-655
-449
-225
37
346
654
929
1175
1381
1562
1696
1748
1721
1629
1457
1215
944
628
300
-37
-419
-792
-1113
-1350
-1519
-1635
-1672
-1640
-1546
-1423
-1264
-1082
-878
-673
-485
-320
-212
-105
-35
28
85
113
164
215
280
387
515
670
798
903
955
1021
1092
1110
1055
948
827
664
483
298
113
-48
-221
-395
-514
-560
-572
-567
-538
-471
-366
-254
-115
47
201
337
430
515
597
658
662
628
596
542
481
414
349
271
199
122
54
30
-25
-64
-141
-232
-364
-530
-654
-783
-911
-1036
-1158
-1240
-1276
-1275
-1271
-1222
-1089
-922
-719
-501
-225
59
346
618
854
1078
1276
1413
1499
1499
1443
1330
1160
965
715
464
169
-112
-375
-640
-854
-1029
-1154
-1221
-1279
-1284
-1234
-1162
-1064
-944
-822
-732
-649
-546
-458
-350
-240
-111
25
135
266
405
585
761
904
1017
1105
1182
1215
1213
1176
1096
995
847
694
546
413
283
117
-52
-187
-297
-384
-437
-471
-474
-483
-455
-369
-246
-125
-21
98
217
325
409
498
565
616
625
614
613
580
539
475
418
369
323
270
198
162
108
52
-62
-210
-362
-554
-745
-933
-1085
-1205
-1320
-1408
-1479
-1487
-1459
-1360
-1170
-966
-728
-499
-263
16
302
564
769
934
1061
1140
1170
1180
1158
1064
903
689
471
251
41
-186
-398
-601
-768
-896
-1003
-1041
-1079
-1103
-1088
-1038
-968
-884
-774
-657
-518
-396
-280
-117
56
212
341
456
574
675
760
829
892
956
1001
1028
1052
1084
1106
1087
1030
971
907
827
700
542
379
196
-3
-195
-352
-471
-574
-634
-674
-662
-599
-514
-388
-252
-105
38
181
311
439
523
573
618
617
616
573
525
476
410
329
244
157
90
27
-55
-132
-256
-407
-574
-727
-886
-1046
-1187
-1306
-1420
-1498
-1564
-1573
-1554
-1474
-1339
-1179
-970
-735
-462
-167
139
434
707
954
1148
1323
1438
1475
1464
1403
1293
1117
890
644
382
95
-193
-461
-700
-909
-1055
-1146
-1179
-1163
-1105
-996
-837
-678
-545
-403
-219
-39
108
188
292
430
499
515
550
636
733
785
860
942
1043
1156
1220
1286
1310
1326
1280
1187
1074
935
752
507
265
52
-165
-389
-594
-745
-859
-946
-973
-946
-859
-763
-622
-457
-283
-93
90
248
390
518
615
683
691
670
606
504
377
253
140
-11
-148
-265
-366
-426
-476
-512
-587
-691
-787
-896
-982
-1097
-1208
-1316
-1433
-1519
-1583
-1591
-1556
-1474
-1327
-1165
-948
-673
-364
-36
269
577
875
1148
1374
1556
1681
1724
1691
1594
1453
1270
1030
763
468
163
-116
-362
-577
-749
-880
-961
-991
-968
-905
-803
-686
-588
-474
-349
-240
-134
-23
78
183
277
365
463
581
712
846
958
1083
1212
1327
1403
1433
1453
1441
1383
1267
1124
956
736
492
230
-39
-306
-556
-766
-926
-1043
-1117
-1129
-1105
-1026
-888
-718
-510
-316
-112
90
244
401
526
604
614
591
562
503
417
320
227
125
15
-94
-189
-245
-289
-334
-405
-517
-640
-819
-1003
-1173
-1339
-1484
-1633
-1764
-1840
-1853
-1790
-1684
-1536
-1319
-1055
-739
-404
-52
307
650
960
1213
1440
1628
1749
1812
1787
1710
1588
1413
1214
998
749
489
237
-1
-212
-414
-586
-715
-814
-869
-882
-861
-793
-712
-634
-533
-451
-336
-203
-84
68
182
327
470
589
729
864
1001
1095
1178
1265
1319
1351
1345
1286
1211
1094
958
810
635
428
219
-11
-234
-427
-579
-691
-806
-896
-923
-920
-899
-834
-753
-632
-495
-355
-226
-101
11
102
186
231
264
282
292
267
226
202
155
79
5
-70
-156
-250
-364
-461
-547
-633
-703
-745
-801
-883
-981
-1083
-1160
-1241
-1293
-1301
-1268
-1226
-1177
-1079
-943
-760
-556
-351
-129
85
316
544
747
955
1126
1252
1344
1403
1443
1453
1413
1340
1247
1114
960
806
627
426
212
12
-180
-353
-494
-605
-692
-745
-760
-743
-706
-640
-549
-423
-291
-173
-26
136
308
455
557
651
743
824
872
899
938
957
951
921
913
902
873
820
732
642
540
444
329
193
64
-95
-267
-427
-570
-669
-787
-892
-959
-977
-967
-931
-864
-754
-618
-492
-366
-229
-93
29
113
185
236
266
248
215
153
74
-4
-87
-160
-215
-271
-354
-417
-480
-540
-612
-705
-796
-896
-983
-1027
-1040
-1073
-1112
-1087
-1017
-940
-838
-706
-524
-319
-132
73
290
521
752
954
1131
1268
1403
1514
1563
1567
1540
1479
1343
1179
983
780
548
280
7
-254
-485
-686
-835
-952
-1024
-1058
-1044
-980
-880
-757
-628
-499
-344
-162
9
164
293
435
541
607
673
746
811
867
899
932
961
981
991
981
962
918
863
756
637
522
389
238
47
-124
-285
-448
-614
-757
-853
-942
-992
-1002
-978
-906
-824
-698
-545
-368
-180
-29
102
223
332
401
429
431
387
330
227
120
15
-103
-243
-376
-473
-545
-587
-624
-633
-612
-585
-526
-506
-508
-527
-572
-624
-697
-725
-757
-777
-799
-821
-779
-709
-604
-478
-316
-140
36
266
495
730
961
1158
1325
1460
1577
1663
1683
1632
1533
1383
1183
940
671
397
85
-210
-494
-735
-919
-1077
-1156
-1189
-1177
-1099
-980
-831
-666
-523
-361
-218
-64
81
196
306
352
400
419
439
488
541
619
684
771
880
982
1089
1173
1219
1233
1185
1091
944
761
526
247
-43
-338
-609
-860
-1088
-1252
-1359
-1406
-1386
-1299
-1140
-959
-762
-529
-308
-88
96
242
360
421
449
436
384
336
267
173
92
22
-19
-69
-94
-103
-113
-122
-169
-220
-297
-383
-492
-640
-778
-896
-1000
-1101
-1187
-1225
-1208
-1155
-1084
-976
-799
-570
-317
-47
218
499
807
1087
1320
1513
1687
1794
1811
1759
1657
1527
1317
1036
734
401
89
-219
-506
-754
-949
-1092
-1181
-1206
-1158
-1054
-930
-774
-593
-407
-243
-114
1
101
160
204
232
258
276
316
371
445
558
710
877
1040
1177
1312
1408
1453
1441
1375
1262
1070
838
577
283
-15
-301
-561
-815
-1030
-1169
-1252
-1284
-1279
-1211
-1081
-937
-778
-579
-386
-210
-67
48
137
189
213
224
208
177
126
97
74
44
32
11
16
18
23
52
50
19
-25
-81
-138
-217
-271
-351
-442
-540
-651
-758
-853
-945
-1010
-1038
-1032
-965
-879
-741
-576
-409
-220
-31
171
368
538
701
837
953
1038
1085
1104
1080
1046
985
904
806
698
566
426
270
95
-53
-202
-348
-484
-602
-700
-794
-856
-885
-900
-882
-824
-733
-627
-493
-356
-207
-40
129
319
483
649
797
939
1087
1185
1280
1344
1387
1399
1361
1345
1283
1175
1019
830
630
402
163
-82
-343
-585
-811
-995
-1135
-1218
-1242
-1225
-1193
-1117
-978
-820
-641
-476
-315
-169
-49
60
156
240
307
356
377
399
429
450
468
455
435
413
365
304
219
108
-39
-221
-417
-628
-829
-1016
-1225
-1391
-1500
-1533
-1497
-1466
-1362
-1193
-985
-763
-541
-282
-18
237
477
683
884
1082
1257
1371
1441
1495
1552
1552
1489
1389
1250
1087
864
605
346
75
-220
-506
-780
-1001
-1167
-1282
-1357
-1386
-1344
-1235
-1105
-938
-732
-516
-307
-146
43
229
382
513
631
731
813
886
960
1044
1106
1165
1205
1194
1157
1095
994
861
690
506
289
53
-166
-379
-564
-738
-890
-993
-1050
-1056
-995
-886
-756
-608
-445
-285
-139
6
144
257
316
352
389
408
397
388
381
368
332
317
303
270
214
140
61
-36
-130
-248
-368
-486
-595
-695
-775
-827
-851
-845
-828
-781
-692
-563
-439
-337
-243
-157
-70
15
80
130
170
208
229
255
257
245
243
231
207
180
173
181
177
144
118
84
58
45
36
32
28
32
43
47
51
61
65
64
38
6
-15
-33
-46
-56
-61
-69
-67
-50
-1
39
89
144
197
234
258
304
316
322
335
338
345
350
372
402
433
462
494
530
528
520
500
459
401
313
222
113
7
-80
-160
-223
-292
-344
-365
-372
-378
-370
-342
-323
-314
-294
-293
-298
-294
-294
-286
-284
-251
-207
-159
-108
-52
9
65
120
139
142
103
52
-37
-158
-296
-444
-582
-719
-809
-861
-854
-818
-771
-677
-557
-420
-288
-187
-68
21
108
185
245
331
412
497
543
594
666
753
809
829
820
777
706
595
443
266
76
-123
-315
-476
-599
-661
-697
-704
-660
-590
-476
-363
-236
-111
-16
67
113
159
200
222
220
216
251
302
365
435
543
647
720
785
823
837
808
737
636
507
378
236
101
-20
-127
-207
-278
-311
-300
-270
-250
-204
-183
-177
-182
-196
-222
-268
-337
-376
-387
-416
-398
-393
-361
-320
-283
-203
-154
-99
-38
-18
1
0
-4
-7
-22
-26
-44
-54
-58
-72
-81
-99
-120
-129
-141
-133
-119
-96
-80
-64
-37
-7
37
65
87
107
95
75
40
-11
-77
-155
-228
-305
-357
-389
-413
-423
-398
-350
-303
-244
-162
-91
-48
-9
32
93
140
176
213
243
281
305
334
357
396
426
437
433
426
415
389
356
309
247
183
139
110
92
74
75
81
105
135
151
165
176
183
196
196
216
227
234
250
263
279
291
305
315
321
297
265
218
148
70
-24
-124
-206
-297
-377
-465
-529
-563
-584
-591
-582
-551
-520
-490
-442
-395
-342
-284
-232
-160
-100
-30
45
82
80
54
37
13
-29
-76
-127
-158
-176
-221
-259
-290
-294
-283
-304
-328
-327
-279
-209
-156
-91
-18
91
212
321
412
494
564
610
622
593
552
483
381
255
121
-18
-127
-221
-300
-368
-425
-441
-439
-430
-405
-371
-324
-274
-220
-167
-100
-23
62
140
215
295
369
462
518
558
571
577
567
534
497
457
436
399
355
306
272
251
227
210
165
116
58
-18
-96
-184
-273
-354
-439
-496
-529
-535
-511
-465
-412
-344
-247
-153
-59
-3
46
72
91
87
56
35
9
5
4
1
24
35
52
57
49
43
26
2
-38
-94
-131
-165
-198
-213
-219
-216
-211
-202
-180
-161
-132
-103
-82
-51
-40
-31
-38
-40
-37
-47
-55
-59
-60
-55
-58
-51
-42
-30
-26
-25
-15
-5
-10
-18
-18
-19
-3
6
26
57
78
112
156
195
228
256
278
298
316
321
315
307
290
264
223
196
167
134
108
59
25
31
27
29
40
51
56
52
46
34
21
14
-6
-3
-4
-10
-4
-17
-26
-29
-31
-28
-28
-18
-20
-22
-37
-60
-64
-78
-91
-96
-104
-112
-114
-113
-132
-131
-128
-128
-135
-130
-105
-86
-63
-45
-15
-3
-31
-91
-154
-197
-218
-223
-241
-250
-249
-250
-238
-215
-184
-153
-118
-86
-45
-15
33
103
181
260
319
367
406
450
471
464
445
395
324
240
143
59
-26
-113
-189
-266
-334
-382
-402
-401
-391
-379
-362
-322
-269
-191
-105
-22
62
142
214
276
327
368
389
388
374
325
279
225
176
143
104
91
89
95
102
105
104
88
34
-27
-81
-143
-205
-272
-332
-372
-406
-421
-405
-378
-331
-273
-215
-152
-80
1
82
164
236
299
351
385
412
421
422
410
369
324
267
188
124
61
2
-42
-93
-120
-143
-161
-153
-157
-155
-152
-145
-137
-122
-99
-75
-56
-53
-82
-127
-165
-185
-194
-198
-186
-165
-156
-146
-131
-111
-82
-68
-51
-49
-44
-46
-48
-31
-10
20
29
33
40
46
50
45
36
38
39
39
24
15
27
38
43
47
36
27
18
-8
-17
-27
-33
-27
-29
-24
-10
14
50
73
97
133
159
189
224
263
295
316
338
345
323
294
257
200
135
65
-10
-86
-152
-198
-239
-260
-270
-278
-267
-253
-243
-230
-197
-158
-125
-104
-73
-47
-36
-23
-6
5
14
20
19
21
36
48
66
94
120
131
113
72
10
-42
-90
-123
-126
-118
-107
-133
-164
-200
-217
-202
-162
-78
-4
65
142
203
273
344
385
422
444
457
463
432
406
361
304
249
193
145
86
23
-51
-123
-222
-305
-380
-469
-525
-556
-580
-578
-531
-464
-379
-317
-230
-136
-56
29
93
137
177
180
164
138
108
95
67
36
22
-3
-14
-18
-33
-35
-29
-26
-26
-34
-34
-43
-62
-58
-60
-56
-48
-26
-8
18
47
68
88
107
122
134
160
171
171
176
184
187
191
199
193
175
147
125
101
78
51
26
2
-19
-21
-15
-11
-22
-19
-20
-11
-11
-11
5
2
1
2
5
6
25
39
36
32
11
-10
-37
-72
-111
-151
-193
-239
-260
-264
-263
-247
-215
-186
-151
-114
-67
-31
-3
17
18
16
12
2
-23
-42
-60
-66
-72
-72
-72
-85
-76
-80
-91
-87
-81
-60
-36
-12
10
23
31
51
74
99
111
116
107
99
97
92
94
93
106
124
129
143
175
188
197
177
160
147
122
84
54
37
4
-7
-41
-68
-68
-59
-38
-10
23
36
54
71
85
100
109
115
106
92
77
58
47
40
34
26
22
19
13
10
2
-4
-15
-11
-16
-16
-5
9
27
36
48
59
89
88
83
80
73
72
56
47
35
27
15
1
-2
-18
-18
-43
-66
-92
-132
-168
-207
-241
-279
-306
-322
-342
-339
-328
-326
-330
-336
-329
-329
-330
-327
-318
-301
-268
-228
-190
-131
-68
-20
24
85
146
188
200
201
194
153
113
65
18
-20
-53
-73
-84
-81
-62
-32
11
50
74
95
129
142
159
159
151
150
139
131
137
157
179
199
221
251
275
307
331
342
348
358
360
357
335
307
259
198
129
63
16
-11
-42
-61
-57
-36
-17
13
48
62
80
90
97
95
105
100
93
79
51
38
27
31
18
4
-23
-52
-77
-105
-128
-150
-171
-187
-214
-251
-271
-294
-308
-322
-337
-327
-316
-319
-302
-300
-294
-282
-284
-278
-282
-269
-253
-238
-222
-203
-191
-184
-170
-154
-129
-99
-75
-47
-19
5
31
30
26
24
29
30
36
41
54
67
77
86
96
123
135
153
171
178
195
210
221
232
250
267
276
280
281
290
288
288
294
304
304
301
305
283
271
244
202
160
109
65
13
-28
-60
-86
-101
-120
-133
-138
-132
-109
-92
-84
-77
-68
-63
-60
-62
-68
-75
-80
-74
-78
-74
-69
-50
-39
-44
-37
-13
-4
-12
-5
-11
-15
-11
-8
-22
-31
-29
-44
-71
-96
-129
-167
-204
-234
-255
-270
-276
-275
-260
-233
-199
-165
-131
-104
-69
-50
-41
-25
-4
22
35
34
44
50
36
-31
-73
-124
-153
-127
-39
54
151
203
197
150
96
70
73
116
177
238
246
240
193
140
81
41
34
40
55
63
37
-5
-57
-89
-87
-70
-3
68
128
173
209
226
224
245
274
295
305
290
264
221
154
117
85
62
37
28
12
-4
-26
-58
-79
-108
-129
-143
-167
-169
-178
-184
-201
-230
-256
-277
-273
-252
-217
-200
-176
-155
-151
-130
-96
-67
-34
-2
12
27
55
59
69
77
58
39
28
-4
-32
-52
-63
-74
-89
-99
-113
-126
-124
-138
-139
-128
-132
-139
-143
-154
-162
-168
-169
-160
-154
-139
-119
-101
-62
-16
35
77
112
150
171
185
215
241
257
280
295
310
304
294
277
251
230
205
167
146
134
129
133
132
142
148
149
154
159
155
154
147
139
127
121
105
97
90
83
79
49
14
-28
-57
-87
-104
-113
-117
-111
-98
-93
-98
-97
-113
-128
-134
-153
-175
-193
-230
-247
-285
-316
-335
-343
-341
-330
-296
-258
-218
-173
-122
-65
-9
43
80
104
139
131
112
105
77
50
34
23
8
-8
-27
-43
-59
-78
-83
-91
-97
-95
-85
-68
-60
-56
-53
-39
-24
-1
23
47
70
74
74
67
69
81
102
123
152
172
193
209
232
243
249
242
218
196
169
142
104
57
7
-45
-73
-91
-103
-99
-91
-89
-100
-97
-97
-76
-46
-19
11
39
59
82
108
127
151
171
173
168
163
146
130
104
75
47
21
6
-10
-34
-73
-105
-145
-191
-226
-258
-283
-300
-315
-324
-326
-312
-300
-289
-265
-237
-210
-171
-140
-100
-50
-13
43
100
151
205
245
275
298
317
323
320
316
302
297
280
240
204
159
106
56
12
-26
-62
-91
-113
-132
-161
-186
-203
-210
-223
-235
-230
-217
-194
-175
-165
-143
-99
-57
-23
19
62
107
135
148
165
168
167
155
136
125
101
79
59
44
24
10
7
11
6
10
0
-16
-23
-30
-37
-30
-13
-10
-9
-10
-11
-5
11
37
67
104
146
185
207
221
222
208
184
159
130
98
72
40
7
-35
-77
-124
-170
-202
-228
-239
-253
-264
-272
-290
-302
-300
-293
-272
-245
-210
-171
-131
-101
-79
-44
-4
32
71
108
151
188
216
229
231
246
243
246
233
209
186
139
98
53
0
-47
-92
-135
-175
-207
-211
-213
-207
-204
-196
-177
-152
-116
-86
-50
-19
29
65
97
128
151
169
176
182
181
198
195
185
166
136
108
65
22
2
-11
-28
-38
-43
-36
-38
-39
-39
-31
-23
-29
-28
-29
-34
-45
-59
-64
-71
-59
-36
-16
17
50
72
77
82
75
61
57
55
22
-6
-44
-85
-135
-178
-204
-242
-262
-277
-271
-252
-228
-206
-188
-161
-125
-73
-29
23
61
98
124
142
162
177
200
220
230
247
278
301
323
332
338
339
338
316
300
262
220
184
136
107
75
37
-8
-63
-105
-133
-172
-209
-237
-266
-290
-316
-328
-319
-323
-304
-278
-252
-220
-183
-159
-139
-105
-79
-52
-28
3
14
19
30
24
23
18
16
10
-1
-10
-5
5
18
18
20
27
21
4
-9
-16
-22
-29
-42
-53
-63
-69
-72
-71
-53
-22
7
44
81
108
137
164
177
201
220
244
263
278
292
297
284
265
233
196
163
129
103
74
48
12
-18
-60
-88
-112
-129
-132
-132
-137
-124
-104
-94
-74
-58
-36
-16
4
9
28
50
70
81
86
86
86
96
87
72
59
49
29
-3
-27
-59
-98
-134
-181
-213
-226
-252
-268
-272
-276
-271
-269
-277
-275
-261
-252
-245
-222
-188
-152
-112
-78
-63
-38
-6
12
34
57
77
97
110
102
103
105
105
106
84
76
60
32
16
-9
-14
-26
-45
-49
-66
-57
-47
-48
-32
-9
4
27
53
74
103
125
134
141
162
186
212
244
262
289
303
295
282
260
235
187
147
113
76
37
10
-21
-46
-57
-65
-75
-80
-72
-68
-63
-56
-44
-25
-12
-1
21
30
55
80
101
122
157
184
205
226
220
206
183
164
137
107
73
42
2
-33
-82
-131
-179
-223
-250
-285
-307
-334
-346
-350
-356
-369
-378
-370
-357
-334
-307
-266
-232
-204
-177
-156
-129
-93
-64
-38
-8
8
17
26
35
32
36
37
24
4
-1
-15
-36
-56
-62
-56
-51
-58
-53
-42
-50
-40
-30
-19
9
29
58
94
125
152
186
213
240
271
291
321
347
362
367
364
363
349
337
319
290
263
235
208
172
148
122
106
86
65
35
2
-19
-47
-70
-81
-89
-91
-88
-103
-95
-97
-93
-84
-70
-62
-48
-40
-44
-36
-24
-21
-30
-27
-42
-62
-79
-95
-113
-120
-131
-147
-155
-165
-170
-178
-210
-235
-248
-259
-265
-270
-259
-246
-243
-232
-220
-203
-201
-194
-189
-174
-148
-127
-102
-73
-45
-25
-12
-11
6
23
47
64
91
120
124
114
109
106
100
105
121
127
119
118
112
108
105
107
125
122
125
132
133
131
140
153
168
180
186
191
191
200
202
205
214
220
227
224
229
226
215
210
191
163
133
103
69
37
18
0
-22
-52
-78
-108
-122
-111
-121
-109
-98
-101
-112
-122
-131
-150
-163
-169
-169
-153
-114
-84
-48
-22
-4
13
12
11
10
14
13
21
19
13
5
-21
-54
-101
-138
-178
-200
-219
-226
-225
-226
-234
-239
-248
-252
-250
-263
-253
-253
-230
-200
-180
-143
-121
-97
-90
-88
-73
-60
-36
2
31
62
68
71
85
89
93
113
138
158
176
192
204
204
193
183
179
168
159
164
156
154
155
149
152
158
162
171
182
192
201
195
210
223
224
232
228
209
181
143
106
86
71
56
48
34
9
-16
-46
-79
-106
-139
-144
-145
-144
-148
-149
-147
-155
-154
-170
-170
-162
-153
-132
-121
-96
-73
-55
-44
-26
-21
-26
-23
-26
-20
-23
-25
-20
-12
-15
-12
-14
-27
-41
-66
-81
-101
-99
-93
-101
-103
-103
-114
-130
-136
-142
-143
-138
-130
-114
-109
-110
-107
-87
-68
-48
-35
-11
10
30
60
74
96
123
145
166
179
186
192
194
195
186
180
170
146
129
113
92
67
54
39
30
25
18
18
13
17
20
19
15
18
25
29
32
35
51
63
68
69
73
71
76
69
64
60
61
56
37
22
5
-24
-60
-75
-92
-114
-120
-119
-126
-134
-145
-154
-153
-158
-155
-161
-156
-145
-138
-120
-115
-113
-101
-84
-78
-56
-20
5
37
63
84
99
100
98
87
77
66
53
44
37
20
11
3
-5
-11
-19
-29
-19
-5
3
22
23
23
23
9
6
2
-5
10
9
2
4
-6
-2
-2
4
15
12
10
2
1
5
-5
1
20
28
41
45
37
33
26
21
29
37
56
73
68
65
61
55
43
42
38
27
23
23
29
33
36
37
33
28
31
32
34
41
39
39
32
24
13
-4
-20
-38
-46
-42
-37
-27
-15
-6
0
3
2
-1
-12
-18
-29
-40
-36
-46
-54
-59
-65
-81
-95
-102
-108
-108
-107
-103
-100
-86
-70
-65
-54
-45
-47
-58
-73
-71
-69
-64
-53
-46
-35
-22
-15
-5
4
18
25
38
49
50
54
48
49
41
29
20
9
12
12
11
19
31
33
34
35
35
40
42
46
41
48
52
54
62
76
90
80
76
74
64
41
29
28
19
9
7
5
-8
-13
-26
-43
-41
-39
-40
-40
-30
-28
-29
-20
-5
8
10
10
16
30
33
24
27
25
15
2
-12
-24
-34
-39
-35
-35
-34
-35
-39
-38
-39
-31
-28
-27
-28
-23
-19
-21
-20
-15
-6
0
19
26
24
36
48
56
63
82
99
104
111
117
112
100
77
70
63
51
50
49
50
31
8
2
-22
-39
-55
-56
-59
-66
-59
-71
-64
-66
-70
-66
-67
-63
-53
-52
-44
-41
-42
-42
-38
-29
-36
-33
-26
-15
-6
0
1
6
7
-1
-13
-19
-13
-14
-14
-6
18
24
20
16
-7
-11
-22
-23
-34
-40
-41
-46
-47
-50
-57
-63
-70
-73
-63
-51
-37
-24
-8
-3
5
7
2
-4
-3
2
7
20
32
44
57
61
67
69
64
79
86
83
85
80
82
73
49
40
31
24
19
12
20
28
21
21
24
24
22
25
38
51
56
51
45
42
35
17
5
2
15
17
8
11
16
9
-1
-7
-19
-32
-42
-54
-73
-82
-84
-101
-110
-121
-118
-110
-106
-91
-91
-91
-84
-80
-71
-62
-55
-50
-55
-50
-43
-47
-46
-42
-43
-30
-25
-16
-12
-9
-2
-1
4
17
29
49
64
66
80
83
89
89
87
89
85
83
85
88
94
97
96
89
93
91
89
77
71
57
43
31
12
7
-6
-18
-36
-37
-30
-44
-47
-56
-58
-63
-65
-63
-53
-41
-32
-14
-1
19
18
28
33
32
47
50
56
66
74
70
58
48
38
25
18
17
13
18
13
8
9
-4
-6
-8
-10
-13
-14
-14
-12
-19
-24
-16
-19
-28
-38
-35
-31
-33
-34
-35
-30
-28
-23
-24
-15
0
3
1
3
-12
-23
-42
-50
-56
-60
-67
-64
-65
-72
-72
-74
-70
-88
-103
-103
-100
-99
-98
-98
-104
-96
-96
-85
-71
-63
-40
-33
-27
-14
-21
-14
-5
11
27
45
59
69
78
86
96
96
101
96
94
93
93
97
106
109
102
104
106
108
103
98
106
103
98
89
87
74
57
56
53
53
42
42
48
40
39
33
25
22
9
1
0
-13
-26
-37
-52
-65
-73
-76
-81
-80
-88
-91
-86
-83
-87
-95
-93
-90
-77
-67
-59
-51
-42
-33
-42
-45
-48
-42
-50
-46
-34
-28
-24
-17
3
13
17
25
26
32
35
30
46
50
40
35
28
33
29
22
30
36
42
39
43
44
44
40
35
34
29
23
33
20
14
18
23
25
19
19
17
26
20
11
3
-6
-14
-22
-28
-26
-28
-28
-39
-49
-51
-42
-48
-53
-55
-62
-65
-73
-79
-91
-89
-88
-79
-71
-60
-57
-58
-48
-40
-28
-21
-12
2
12
18
25
39
44
39
42
51
59
62
61
56
50
34
21
16
11
11
7
13
14
15
5
10
8
11
6
-2
-6
-12
-3
5
18
28
31
29
33
33
37
40
40
36
38
41
42
38
22
18
6
9
19
15
13
8
2
-5
-10
-10
-10
-12
-11
-3
0
8
21
25
23
28
30
27
30
39
44
38
37
46
49
38
36
37
32
18
9
5
2
-3
-3
0
-5
-19
-33
-44
-51
-62
-71
-65
-62
-61
-64
-65
-63
-69
-75
-78
-67
-63
-55
-46
-38
-24
-9
2
7
7
5
15
18
28
40
46
38
32
18
8
1
-19
-23
-28
-33
-28
-30
-27
-25
-34
-32
-33
-37
-33
-39
-35
-37
-36
-31
-43
-51
-49
-52
-51
-55
-46
-25
-21
-15
-7
0
-4
-2
1
5
8
18
16
22
30
47
52
44
45
42
38
36
36
39
53
49
50
51
58
58
52
59
67
74
74
76
74
72
72
68
61
70
65
67
73
74
81
69
59
47
27
22
8
5
3
-10
-14
-22
-26
-28
-36
-36
-37
-48
-56
-70
-69
-70
-65
-49
-42
-37
-35
-36
-41
-38
-36
-43
-46
-45
-47
-49
-54
-55
-63
-71
-75
-85
-99
-98
-92
-80
-62
-46
-28
-18
-7
4
3
4
6
14
29
39
51
53
56
63
68
65
73
78
70
68
67
67
69
70
59
57
53
41
26
20
16
9
-1
-11
-16
-21
-28
-32
-39
-45
-48
-46
-34
-28
-21
-29
-30
-30
-34
-18
-21
-15
-7
-6
-3
-4
-3
-6
-15
-15
-5
-18
-20
-28
-21
-14
-26
-21
-21
-29
-34
-27
-20
-23
-24
-22
-19
-10
5
11
23
23
15
15
13
23
27
31
31
37
38
32
32
28
17
20
16
14
16
12
10
15
16
16
16
10
0
-10
-5
-8
-3
13
11
4
12
16
13
13
15
11
8
12
22
35
35
41
42
31
35
36
30
25
25
25
23
21
23
15
10
12
15
15
18
16
17
6
-4
-12
-13
-12
-23
-34
-35
-43
-49
-42
-43
-42
-33
-24
-22
-17
-16
-13
-18
-15
-10
-10
-5
3
8
1
-3
-3
-15
-14
-9
-2
-7
-6
-14
-28
-27
-38
-34
-34
-41
-39
-40
-45
-52
-49
-40
-40
-39
-29
-27
-21
-21
-15
-14
-12
-5
-8
-7
-7
-4
-9
-1
3
11
20
30
36
35
29
19
13
9
-5
-13
-9
-14
-13
-9
-10
-10
-5
-1
5
14
20
29
49
61
72
93
97
95
85
75
76
79
82
76
75
77
67
56
48
38
25
9
2
-5
-13
-17
-20
-23
-19
-27
-33
-37
-47
-46
-45
-42
-33
-36
-46
-49
-56
-53
-49
-38
-32
-27
-18
-15
-13
-3
-1
4
18
21
21
13
17
12
6
9
8
-6
-14
-26
-33
-36
-49
-55
-57
-59
-55
-53
-45
-34
-38
-49
-58
-55
-52
-50
-44
-32
-17
-5
0
11
14
16
21
19
17
14
19
23
20
28
27
26
23
18
14
15
21
20
23
18
16
19
16
8
3
4
10
17
14
16
17
31
48
58
68
79
68
59
42
29
27
27
28
31
31
29
13
-1
-12
-19
-21
-21
-12
-11
-14
-15
-27
-38
-33
-38
-41
-45
-40
-33
-33
-30
-30
-32
-30
-25
-16
-7
-7
-2
4
18
20
15
34
42
38
49
52
45
45
46
37
39
36
27
17
6
1
0
5
-7
-21
-28
-40
-48
-47
-43
-47
-51
-54
-57
-62
-60
-49
-49
-41
-34
-19
-5
-1
15
24
28
32
41
45
50
64
75
68
67
62
57
53
48
46
49
41
34
30
20
7
1
2
-4
-5
-8
-19
-19
-26
-36
-27
-22
-19
-16
-16
-9
-6
-7
1
5
-1
7
4
5
4
-8
-6
-7
-15
-24
-22
-22
-35
-31
-34
-37
-42
-51
-54
-53
-63
-63
-67
-73
-71
-69
-61
-64
-64
-65
-66
-57
-55
-58
-62
-58
-41
-30
-16
-8
-3
-6
1
-3
-3
1
-4
0
-1
9
14
18
22
22
22
30
21
21
33
36
47
56
68
69
61
66
71
68
62
72
78
78
77
75
77
83
80
82
91
93
93
84
85
86
76
69
61
57
47
35
28
20
25
21
28
37
37
35
29
22
12
3
-5
-17
-20
-16
-14
-12
-18
-24
-29
-48
-52
-61
-69
-69
-78
-76
-82
-88
-92
-94
-101
-103
-104
-103
-96
-94
-90
-95
-89
-85
-85
-74
-63
-56
-49
-52
-51
-54
-66
-55
-43
-43
-32
-26
-24
-27
-36
-40
-42
-36
-33
-16
8
17
21
29
35
35
30
22
24
21
27
35
40
49
48
42
42
42
42
48
54
59
55
64
70
72
78
71
69
63
61
59
51
53
44
48
62
68
76
75
74
68
55
52
48
46
47
39
45
51
41
30
17
13
-2
-8
-14
-19
-13
-6
-6
-8
-14
-18
-24
-24
-21
-25
-28
-28
-26
-28
-22
-26
-31
-51
-65
-67
-79
-81
-73
-65
-59
-59
-53
-48
-53
-47
-49
-51
-41
-39
-34
-25
-25
-24
-22
-32
-42
-46
-43
-37
-29
-14
2
3
13
19
18
20
17
17
17
24
30
25
25
18
8
6
1
-1
5
6
11
12
19
30
26
20
20
19
14
18
20
22
29
25
23
21
14
5
3
-2
-2
1
0
-5
4
2
-5
-10
-19
-15
-20
-11
1
5
8
10
6
8
4
-2
-9
-10
3
16
33
43
53
50
41
36
21
16
18
21
25
34
41
40
36
16
5
-5
-15
-17
-20
-17
-15
-8
-5
-15
-18
-25
-28
-31
-35
-40
-45
-43
-46
-44
-35
-23
-28
-32
-41
-47
-48
-47
-36
-29
-15
-6
8
13
12
6
-5
-6
-11
-2
8
11
9
5
-3
-7
-13
-16
-8
-2
-6
-8
2
-3
5
13
15
29
30
38
41
40
41
34
34
27
20
17
19
21
18
16
12
3
1
-4
-2
-1
-3
-2
-3
4
4
7
5
-7
-5
5
9
1
10
10
17
24
19
19
19
22
23
31
40
33
28
26
26
28
25
20
17
12
3
8
3
-6
-14
-24
-29
-35
-41
-36
-35
-34
-33
-43
-49
-55
-58
-60
-58
-51
-47
-45
-44
-35
-30
-23
-18
-12
2
4
13
26
39
49
45
42
40
37
31
26
35
37
35
35
34
28
20
-5
-22
-26
-26
-26
-18
-11
-7
-11
-19
-23
-19
-17
-25
-14
-17
-9
-4
6
6
9
17
4
-2
-6
-15
-17
-9
-5
-5
-9
-2
4
-10
-14
-20
-27
-23
-27
-24
-24
-25
-25
-32
-39
-42
-40
-28
-14
-2
9
16
16
23
25
31
35
33
36
40
41
49
57
59
57
51
43
36
29
20
13
3
-5
-15
-14
-17
-22
-26
-31
-34
-38
-33
-35
-32
-26
-27
-24
-20
-17
-20
-18
-5
0
10
21
19
21
14
15
19
24
28
30
25
26
25
27
21
13
18
5
1
6
-1
6
14
18
31
28
24
19
15
9
9
11
19
25
35
44
42
42
30
27
35
43
48
40
34
28
23
12
4
-3
-16
-28
-37
-40
-39
-47
-58
-66
-70
-71
-76
-73
-66
-57
-50
-39
-28
-20
-16
-15
-7
1
6
9
0
-7
0
4
8
14
10
11
8
-2
-9
-19
-17
-10
-8
7
15
8
8
-1
7
9
-5
-11
-15
-18
-21
-13
-4
-4
-3
-13
-27
-32
-28
-27
-23
-17
-5
9
10
17
20
21
20
23
31
33
31
24
16
14
15
8
4
-2
-10
-11
-17
-22
-26
-33
-32
-31
-27
-27
-19
-13
-13
-13
-14
-15
-23
-20
-19
-14
-13
-12
-13
-16
-14
-10
3
6
6
-1
4
0
6
9
15
20
21
24
24
20
21
32
34
39
39
43
39
30
31
32
37
39
45
40
29
27
25
20
27
26
34
42
35
36
27
30
27
32
35
32
38
37
36
39
36
23
7
6
2
3
6
2
-6
-8
-13
-23
-30
-44
-50
-55
-57
-55
-51
-44
-44
-52
-47
-44
-39
-40
-32
-27
-27
-14
-17
-17
-22
-24
-22
-17
-20
-20
-24
-24
-24
-30
-25
-17
-13
-8
-5
-2
-6
-14
-16
-14
-13
-13
-7
2
3
-2
-6
-9
-16
-17
-9
-10
-4
2
5
7
8
2
-3
-13
-13
-10
-12
-3
4
2
1
5
-5
-6
-8
-18
-11
-14
-14
-9
-3
7
5
7
11
11
13
16
19
28
35
34
40
45
50
39
32
32
25
21
19
20
22
25
19
20
10
-2
-4
-7
10
23
33
30
34
37
30
25
23
21
14
16
13
19
24
26
23
12
6
-7
-13
-14
-4
-4
1
3
-1
1
-6
-6
-9
-13
-17
-18
-20
-12
-15
-13
-16
-19
-21
-31
-29
-25
-31
-26
-21
-20
-16
-17
-21
-20
-23
-27
-23
-19
-13
-8
-9
-8
-2
-3
-16
-19
-12
-7
0
8
15
8
3
0
-5
-9
-9
-7
-5
10
14
18
25
31
42
42
39
40
37
38
40
34
38
43
41
40
31
25
17
16
8
11
12
12
12
5
-4
-8
-9
-17
-13
-20
-26
-29
-31
-34
-38
-43
-47
-44
-43
-51
-51
-58
-57
-53
-56
-42
-43
-45
-49
-51
-40
-40
-38
-29
-20
-20
-19
-13
-10
-12
-20
-15
-8
-7
-8
-8
-9
-13
-4
-3
-1
5
7
15
24
24
29
39
40
31
31
27
33
40
32
38
42
48
49
47
36
32
23
15
0
1
6
1
13
14
9
11
12
17
23
26
25
23
31
40
40
38
41
37
33
32
31
36
41
27
20
14
15
17
13
11
18
19
12
15
5
2
-6
-14
-14
-11
-5
-11
-6
-9
-21
-36
-44
-52
-59
-55
-54
-50
-49
-52
-47
-51
-42
-39
-43
-42
-39
-39
-32
-21
-14
-14
-20
-14
-16
-23
-20
-28
-21
-9
-5
-2
0
-9
-14
-18
-16
-14
-6
-3
2
8
1
3
3
6
0
0
0
4
12
26
25
33
35
34
35
34
30
20
21
17
23
21
16
13
12
-1
-7
-15
-23
-24
-26
-22
-23
-13
-10
-9
-5
-3
-6
-6
-8
-10
0
13
23
34
40
43
38
34
24
29
37
42
52
60
59
59
57
51
44
44
39
35
33
31
29
23
17
8
1
-8
-20
-31
-32
-28
-25
-24
-23
-24
-33
-38
-42
-43
-43
-39
-34
-31
-28
-25
-24
-28
-35
-42
-44
-50
-52
-50
-45
-40
-35
-29
-25
-24
-22
-23
-23
-23
-29
-24
-15
-8
0
3
9
2
-4
-5
-5
2
13
20
25
26
29
29
27
27
21
20
26
24
27
31
35
38
35
29
26
25
19
19
23
27
24
31
31
26
25
11
3
5
1
7
10
13
15
13
8
-1
-5
-6
-11
-8
-5
-7
-12
-15
-16
-18
-17
-14
-16
-17
-14
-19
-18
-20
-20
-15
-18
-14
-15
-20
-23
-27
-28
-23
-17
-18
-18
-24
-21
-19
-15
-9
-7
-7
-4
0
10
9
9
16
18
21
19
16
15
13
16
20
26
27
31
24
18
23
21
21
21
21
24
20
20
14
10
12
8
9
11
9
1
-1
-5
-11
-13
-21
-17
-18
-16
-9
-14
-11
-11
-11
-11
-17
-22
-26
-28
-31
-28
-20
-21
-24
-29
-31
-34
-34
-33
-26
-18
-10
-11
-15
-18
-17
-19
-14
-7
-3
2
3
5
4
5
4
5
2
6
13
12
19
23
23
21
18
12
7
10
15
19
19
21
16
22
13
9
7
-3
-3
-4
3
4
1
-5
-7
-7
-7
2
4
10
13
14
17
21
25
25
22
21
21
24
31
28
30
33
29
23
16
10
14
19
20
18
20
22
13
8
5
-5
-7
-4
-5
-10
-8
-10
-13
-8
-11
-12
-11
-10
-6
-5
-9
-4
-7
-3
-3
-7
-11
-12
-13
-13
-12
-18
-17
-17
-14
-13
-18
-12
-17
-18
-19
-21
-13
-12
-8
-1
-3
-2
-7
-8
-9
-12
-12
-6
-1
-7
-5
-6
-9
-9
-9
-9
-8
-3
-1
-1
1
1
4
-1
-7
-4
-2
-5
-2
2
-2
-2
-6
-12
-16
-22
-27
-25
-25
-23
-20
-20
-17
-9
-9
-5
-9
-2
4
11
21
27
27
24
19
15
16
13
15
13
18
27
29
30
32
28
26
17
19
23
21
20
23
29
29
24
17
12
7
2
-4
-2
-5
-4
-5
-7
-3
-5
-7
-6
-6
-7
-8
-9
-10
-9
-12
-11
-14
-20
-21
-22
-21
-22
-24
-22
-24
-26
-26
-28
-27
-26
-28
-26
-26
-20
-17
-16
-8
-11
-9
-11
-6
0
-1
2
7
14
14
12
11
16
14
15
18
23
32
34
34
32
34
29
27
22
22
24
24
25
23
25
26
24
24
21
22
22
21
22
23
24
24
18
15
11
6
5
-3
2
1
-2
-2
-8
-11
-8
-6
-7
-8
-3
0
-3
-1
-4
-7
-10
-14
-18
-20
-19
-22
-24
-25
-27
-28
-30
-31
-35
-39
-38
-35
-37
-35
-30
-34
-30
-32
-24
-19
-21
-16
-16
-16
-15
-16
-16
-16
-13
-13
-13
-13
-8
-12
-13
-11
-16
-14
-11
-8
-4
-5
-5
-3
-6
-5
-4
3
9
10
11
12
12
14
13
14
15
15
17
19
19
20
19
21
26
28
33
39
41
43
43
45
44
36
31
28
24
17
15
18
25
24
25
24
21
16
13
12
11
15
13
14
14
12
7
3
2
2
-1
-1
-4
-3
-2
-6
-4
-6
-11
-12
-14
-11
-9
-9
-6
-2
3
9
9
6
3
1
-6
-9
-11
-13
-11
-16
-12
-13
-15
-15
-21
-22
-23
-26
-30
-29
-29
-28
-27
-22
-21
-19
-17
-18
-17
-18
-18
-17
-16
-14
-10
-8
-8
-9
-10
-7
-10
-9
-6
-5
-4
-2
-5
-9
-11
-11
-13
-10
-6
-5
-4
1
-1
0
3
5
8
9
9
13
14
15
17
16
20
18
18
19
16
11
12
14
16
18
17
16
15
16
12
11
8
6
8
8
5
9
11
10
10
5
9
8
9
12
11
13
15
8
2
-1
-5
-3
-4
-2
3
1
0
1
-3
-8
-10
-13
-15
-17
-19
-19
-16
-17
-11
-10
-14
-19
-23
-25
-22
-15
-10
-6
-2
1
0
2
2
1
-3
-1
1
0
2
3
0
0
-1
-4
-2
-1
-1
2
6
10
16
18
18
21
21
22
25
23
23
22
23
27
29
26
22
19
12
6
0
0
-2
-5
-6
-8
-10
-14
-17
-20
-21
-16
-15
-15
-16
-20
-18
-17
-14
-11
-17
-17
-16
-17
-18
-19
-21
-18
-21
-20
-22
-19
-17
-17
-12
-9
-8
-5
-4
-5
0
-1
5
3
3
10
9
13
16
18
19
19
17
16
16
14
15
16
13
14
16
13
12
10
6
2
-1
-1
1
6
3
5
9
9
8
7
3
-1
-2
-1
0
1
2
-2
-4
-6
-6
-6
-6
-5
-5
-3
-4
-6
-6
-2
2
2
2
4
8
10
10
10
9
11
11
10
13
11
11
7
7
4
2
3
1
2
2
1
-2
-2
-2
-4
-2
-4
-5
-4
-6
-7
-4
-5
-4
-4
-7
-10
-14
-16
-20
-22
-21
-21
-19
-17
-14
-17
-19
-20
-22
-22
-19
-17
-10
-7
-4
-6
-6
-3
-5
-5
-3
2
4
9
14
15
17
18
17
16
14
17
16
15
17
19
24
26
24
26
22
15
15
14
13
15
19
20
17
21
16
9
3
-3
-3
-6
-6
-2
0
2
3
3
-2
-7
-11
-14
-16
-14
-10
-7
-4
-3
-6
-6
-12
-15
-14
-14
-13
-8
-3
-1
0
0
-4
-12
-16
-15
-14
-13
-11
-9
-5
-6
-10
-8
-8
-9
-8
-7
-4
-2
2
6
7
5
4
-1
-3
