-3
-1
1
4
7
6
4
1
2
-1
-1
-2
-1
1
0
1
-2
0
0
-3
-2
-1
-3
-2
-7
-6
-3
-5
-3
-2
-2
-2
-2
1
1
0
0
-1
1
0
0
0
1
2
1
4
3
2
5
4
5
1
1
3
1
-1
-1
-4
-4
-4
-7
-9
-11
-13
-15
-14
-12
-11
-10
-8
-10
-8
-7
-11
-8
-10
-7
-7
-11
-11
-12
-13
-13
-12
-13
-9
-9
-7
-5
-5
0
1
1
2
2
4
5
6
4
8
9
9
8
12
15
12
14
15
16
12
11
10
9
7
5
6
9
7
5
5
6
4
5
6
12
11
12
12
11
9
3
5
8
2
3
4
8
4
3
2
-2
-4
-4
-5
-4
-4
-6
-1
-2
-3
-1
-1
-3
-5
-7
-10
-8
-8
-6
-3
-2
-2
-4
-7
-7
-9
-9
-7
-3
1
1
-3
0
3
-1
1
-1
-3
0
0
0
-3
-1
0
1
1
1
3
2
3
5
5
3
7
10
8
8
9
9
7
5
5
6
1
2
0
-3
-4
-4
-3
-1
-4
-1
2
1
4
2
2
3
-2
-3
0
-4
-4
-5
-9
-8
-12
-9
-11
-13
-13
-13
-12
-9
-7
-8
-6
-7
-6
-5
-4
-3
-6
-7
-8
-11
-12
-12
-8
-7
-6
-3
-3
-3
1
1
5
5
5
5
5
5
8
8
8
10
4
5
2
6
6
6
6
6
8
6
5
5
3
4
7
5
7
8
6
8
4
6
7
7
7
6
6
7
7
6
2
-2
-4
-1
-1
0
4
3
3
2
3
0
-2
0
5
5
5
7
7
3
4
0
0
1
1
-1
-3
-7
-9
-8
-11
-12
-10
-9
-13
-11
-12
-14
-13
-12
-13
-10
-12
-10
-8
-12
-11
-7
-6
-3
-4
-1
-2
-1
3
1
1
6
7
8
7
7
12
11
14
15
10
10
9
7
11
9
9
12
11
11
11
10
6
3
4
5
6
8
8
6
4
2
-1
0
0
-7
-6
-1
-1
3
0
-1
-4
-9
-12
-14
-15
-17
-14
-12
-8
-8
-10
-9
-11
-11
-5
-5
-4
-5
-5
-4
-3
-2
-4
-2
-1
-1
-2
1
2
2
2
2
-1
-4
-5
-5
-4
0
1
2
1
1
-1
-1
-1
-1
-4
-2
0
-2
1
2
1
1
0
-1
2
-1
-1
4
3
9
9
10
13
11
9
6
1
1
2
4
4
3
3
3
1
1
3
3
1
-2
-1
-4
-7
-7
-8
-5
-5
-3
0
-2
1
2
4
5
5
5
4
4
5
3
2
7
7
9
8
8
6
7
4
4
3
3
5
5
5
6
5
4
0
-3
-2
-2
-3
-3
-4
-1
0
0
-3
0
-2
-3
-5
-5
-6
-5
-6
-6
-3
-3
-1
-1
-4
-6
-4
-3
0
2
2
2
2
0
-2
-4
-5
-5
-4
-3
-2
-2
-3
-6
-4
-4
-9
-12
-10
-13
-13
-7
-8
-5
-8
-7
-5
-6
-2
-1
0
3
1
5
5
0
-1
-1
1
2
4
5
2
0
2
-2
2
5
5
5
2
7
7
4
4
7
8
11
6
4
4
1
5
3
2
3
2
3
7
6
6
2
1
1
4
1
2
2
4
6
2
3
1
-1
-6
-9
-9
-7
-5
-5
-1
2
3
0
-4
-8
-6
-5
-4
0
4
6
4
1
-1
-3
-7
-9
-8
-5
-2
5
5
5
4
1
0
-2
1
0
-2
1
3
4
8
7
4
2
1
0
4
2
4
10
6
9
8
4
1
-6
-4
-1
-4
-5
-4
-1
1
-4
-5
-4
-7
-7
-5
-4
1
2
-2
0
3
5
1
-1
1
-1
-2
-3
-1
1
-2
-2
-1
0
-2
-7
-12
-13
-9
-6
-3
-5
-7
-7
-5
-8
-10
-4
-3
0
0
1
-1
0
-3
-5
-7
-4
-2
0
5
2
4
2
5
5
6
9
12
14
14
14
17
18
16
18
15
12
7
7
9
10
7
5
3
1
5
4
2
1
1
1
2
3
2
5
7
6
3
4
5
2
4
3
3
1
2
3
-1
-1
-3
-5
-7
-9
-11
-14
-12
-13
-12
-14
-15
-16
-16
-16
-14
-12
-13
-12
-11
-11
-10
-9
-8
-11
-12
-13
-11
-14
-13
-11
-7
-3
-3
-1
0
3
7
5
8
7
4
4
3
2
2
3
2
-1
4
4
6
4
5
6
6
12
12
12
9
8
9
8
8
8
7
6
4
4
2
1
1
0
0
-2
-7
-7
-5
-2
2
1
3
2
-2
0
-2
-2
1
2
3
3
4
4
3
0
0
6
10
12
13
13
9
6
5
4
5
5
7
7
4
2
0
-2
-4
-5
-6
-5
-4
-2
-4
-7
-4
1
4
1
2
1
4
5
3
4
0
-2
-3
-7
-8
-5
-7
-11
-8
-7
-7
-6
-7
-7
-6
-5
-5
-4
3
2
1
2
-2
1
-2
-7
-8
-10
-4
-2
-1
3
0
-4
-4
-4
-7
-7
-5
-4
-5
-3
0
1
-1
-2
-1
-7
-6
-3
-5
-4
-4
-1
-4
-6
-5
-6
-2
-1
-1
2
5
10
8
7
9
8
3
3
7
7
7
8
8
9
8
8
8
8
8
8
4
-1
1
1
1
0
5
3
0
-1
-2
-1
2
2
-1
0
1
2
3
3
-2
-6
-5
-7
-7
-2
-3
-3
-4
-6
-6
-6
-5
-5
0
-1
-2
-2
2
1
-2
-1
0
2
-3
-2
0
-2
2
2
6
9
8
7
5
4
5
1
4
4
8
9
10
13
7
5
0
3
4
2
-2
-2
-2
-3
-4
-6
-8
-5
-2
-3
-2
-4
-2
2
2
5
5
6
3
1
1
1
2
4
4
6
5
1
0
0
-3
-2
-3
-7
-6
-4
-3
1
0
-1
-6
-14
-10
-10
-13
-9
-10
-6
-7
-7
-6
-10
-11
-9
-7
-7
-4
-2
-4
-5
-6
-7
-9
-8
-6
-2
3
0
1
2
-1
-1
-4
-5
-3
-3
0
1
8
13
11
7
5
5
6
7
6
10
4
3
8
8
10
8
8
6
5
6
7
10
11
9
10
10
7
6
4
-2
-3
-3
-2
-5
-4
-2
-3
-3
-3
-7
-7
-3
0
4
4
5
0
-5
-12
-10
-9
-9
-7
-9
-3
-1
-1
1
-1
-1
-4
-3
2
2
3
2
2
1
-4
-1
-5
-5
-6
-5
-3
-2
1
3
5
6
4
3
4
3
5
9
7
10
9
10
4
0
3
-2
-3
-4
-2
-3
-2
-2
-3
1
-3
3
-1
0
4
3
6
3
2
2
6
5
7
5
0
4
5
0
0
0
-3
-7
-7
-5
-7
-4
-1
1
3
2
3
0
-3
-1
-6
-5
-2
0
4
8
8
8
8
1
-2
-2
-2
-3
-2
-1
-3
1
0
-5
-2
-5
-4
-1
-1
-2
-5
-7
-11
-9
-9
-11
-10
-12
-12
-5
-3
-2
0
-4
-3
-5
-9
-6
-10
-7
-2
-1
-2
-4
-4
-4
-6
-4
-2
0
1
3
4
2
4
3
3
2
3
2
6
9
7
8
6
4
5
5
3
7
7
8
7
4
3
2
-1
2
-1
-1
1
-1
1
5
5
6
4
2
-5
-7
-1
4
5
3
7
5
2
1
-2
-4
-3
-1
2
7
7
2
1
1
-2
-1
-1
0
-1
3
4
3
5
6
7
3
4
6
7
7
3
2
7
6
4
3
5
6
3
4
-2
0
1
0
-1
-3
-3
-3
-4
-8
-5
-7
-9
-6
-6
-3
-6
-10
-8
-11
-6
-2
-2
-2
0
2
-1
-3
-9
-11
-10
-7
-7
-5
0
0
0
-2
-3
-4
-5
-4
-6
-4
2
7
7
5
5
2
1
3
2
8
7
10
9
7
3
3
3
3
7
6
7
7
3
-2
-5
-4
-7
-8
-5
-2
-1
-1
0
-3
-8
-10
-10
-9
-6
-5
-1
2
3
0
2
-1
-7
-9
-5
-5
-7
-5
-6
-7
-10
-10
-12
-15
-20
-22
-15
-10
-8
-7
-6
-6
-4
1
0
-3
-2
-3
0
7
13
18
17
17
16
12
12
12
13
21
21
21
21
20
17
16
17
17
13
15
8
5
1
6
-31
-72
-10
18
15
53
75
46
55
50
31
20
8
32
46
45
20
18
8
11
0
-41
-36
-65
-110
-98
-89
-124
-116
-93
-90
-77
-67
-54
-47
-36
-50
-85
10
101
93
116
137
96
84
85
45
27
21
29
64
35
-114
-84
3
-50
-8
67
11
26
40
-14
-27
-24
-40
-13
28
-24
-17
22
-18
-28
4
-27
-43
-46
-65
-79
-81
-72
-97
-71
-36
-21
-51
-76
79
35
-27
162
111
134
202
143
169
232
146
215
285
67
103
88
59
12
-7
-60
-88
-163
-185
-123
-257
-200
-246
-241
-172
-255
-292
-220
-196
-188
5
31
75
134
135
165
222
268
279
301
253
250
173
156
100
3
-70
-67
-40
-141
-107
-212
-224
-264
-348
-267
-166
-204
-132
-23
-80
62
13
37
40
50
79
205
208
142
121
124
164
111
113
121
116
59
73
11
30
-85
-139
-104
-57
-87
-98
-87
-114
-193
-188
-85
-71
-51
-62
74
-10
5
52
18
103
122
103
185
172
23
78
35
63
106
31
129
53
-2
82
-13
39
76
-25
10
64
-92
-32
-21
-116
-9
-92
9
-7
-15
-19
-18
-50
-15
39
24
91
5
68
26
90
16
-4
-19
17
49
-1
17
-59
-65
-100
-12
-69
-23
-47
-25
19
-16
-11
-46
-46
-63
-21
-37
49
13
-31
-17
-48
-4
-30
-19
-7
17
-28
12
-15
-9
-30
-60
53
9
12
12
-10
-96
-43
-45
-78
-42
-75
-67
-109
-68
-124
-92
-91
-67
-15
-69
0
29
7
-41
26
0
40
62
90
63
36
37
54
76
18
96
32
-16
20
43
9
18
-19
8
15
-12
53
6
-42
-51
-40
0
39
37
56
52
50
73
76
89
86
39
55
92
87
65
45
23
32
65
21
39
-24
-61
-81
-53
-73
-77
-93
-118
-70
-75
-42
-9
17
-11
10
36
100
119
82
60
37
42
59
83
115
68
30
49
51
19
-38
-5
-11
-26
-38
42
7
-35
-33
-31
-11
-43
-2
-38
-29
-35
-56
-51
-9
-46
-51
19
28
40
17
0
-19
-53
-37
10
6
-6
-2
33
33
10
5
55
56
18
29
62
8
-27
-32
-56
-53
-40
-54
-39
-65
-82
-85
-126
-96
-69
-71
-76
-55
-49
-66
-77
-28
-52
-61
23
10
-18
-50
-14
-22
-5
30
4
13
21
32
11
12
20
40
-2
2
-3
-17
-37
-78
-48
-15
-1
-17
49
60
12
-4
28
29
37
69
98
138
121
118
112
70
46
61
90
82
75
56
32
-7
11
-24
-54
-9
53
36
-17
17
-29
-62
-82
-39
-3
7
9
-17
9
-2
-16
9
52
60
117
130
85
73
56
-10
-18
-12
12
-17
-32
-47
-72
-98
-100
-95
-139
-126
-82
-72
-113
-81
-46
-72
-58
12
51
19
20
61
59
24
23
25
20
23
46
69
31
9
-23
-56
-49
-19
-68
-55
1
-20
-15
-18
-2
1
-35
-1
-18
-77
56
63
22
51
17
51
22
-12
40
35
40
85
51
68
56
10
24
0
34
13
-48
-60
-37
2
17
-22
-27
-18
-76
-25
-10
-71
-76
-36
-52
-29
8
15
-20
-35
23
47
10
8
41
2
-27
-27
4
4
-15
-7
-10
4
12
-53
-24
48
56
-30
25
36
69
21
-91
-70
10
141
91
33
-122
-37
55
70
-63
-116
-58
115
207
-54
-162
-124
64
133
27
-40
-22
-83
23
79
-107
-117
208
127
-21
-120
7
165
163
-5
-109
-107
6
228
55
-120
-162
114
104
-210
-271
-65
55
87
17
-125
-153
53
115
-83
-110
2
72
137
-23
-97
20
13
142
98
-124
-73
58
132
57
12
86
58
12
43
74
2
30
-68
13
26
38
-12
-17
10
-9
72
52
16
-3
78
61
76
25
17
-43
40
-12
5
43
-21
-36
-46
-18
-68
-94
-105
-102
-83
-59
-82
-98
-120
-106
-79
-44
-15
-47
-57
10
40
49
39
12
22
93
139
98
18
13
90
110
67
23
-34
-34
17
18
-22
-52
-78
-69
-95
-115
-78
-21
-29
-77
-71
-27
6
13
31
14
37
59
84
74
45
57
81
69
66
7
-19
-9
17
-3
-49
-36
-35
-4
-15
-31
-44
-72
-80
-40
-57
-87
-34
-2
29
-21
-67
-5
43
38
1
-23
-40
8
23
-14
-23
-12
54
79
37
2
-4
39
79
27
29
44
17
44
56
-2
14
36
-2
-18
9
-4
41
41
9
-20
-17
33
62
54
28
46
12
26
56
63
51
53
17
32
34
-3
23
29
9
7
14
-7
0
-65
-54
-11
-15
-22
0
16
-82
-61
-49
-51
-34
-18
-29
-22
-19
-41
22
11
6
1
-82
-160
-138
4
114
90
18
-42
-97
-57
-11
-60
-108
34
181
147
44
-180
-163
67
208
128
70
-105
-301
-218
-112
-33
-14
74
0
40
-4
-85
-89
-105
13
176
215
140
65
-5
74
-1
118
148
15
-17
-122
-92
-85
-71
-19
-58
-77
-50
51
22
16
-139
-111
10
27
51
48
126
15
48
-9
26
-93
-19
144
94
79
-154
-67
49
-68
-107
55
18
52
118
-34
-55
-11
77
138
-58
-186
40
94
117
79
-102
-147
-69
-69
6
28
-34
100
80
-11
-98
-64
110
191
36
7
21
-24
37
-21
37
-28
60
173
158
-26
-46
92
49
40
1
79
54
117
50
-54
-50
-107
-4
80
116
67
-12
-50
-66
-45
-64
68
84
-15
45
-94
-131
-10
-45
-37
-80
-43
35
-28
-164
-78
-52
-82
-40
-52
-36
-117
-29
26
-121
-172
-13
96
-64
-125
54
37
-142
-137
-42
3
78
122
76
-10
-58
-10
-112
-106
-25
35
81
3
-32
-70
-62
43
88
16
85
88
-45
68
130
66
56
1
55
156
106
183
58
-88
-129
-18
59
44
106
80
-13
-109
29
-66
-215
-73
132
151
85
128
-118
-216
-108
9
90
82
113
57
-63
-142
84
105
-100
-79
-55
112
171
38
-15
-55
-62
73
68
-54
-18
23
40
-64
-4
54
-59
-15
79
-30
88
125
-46
-89
-107
117
153
25
-45
-94
-133
-62
-32
-15
23
-103
-50
-16
-66
62
-28
-99
-130
-111
74
117
-43
-129
65
109
25
-227
-154
38
44
97
76
8
-46
23
2
-85
-102
44
127
47
-134
-67
94
3
-109
-81
-18
43
116
143
70
-95
-70
21
12
-34
7
108
69
-39
-153
-109
-6
41
36
31
-19
-27
-19
-61
-69
-46
55
123
103
17
-14
43
99
95
44
29
2
44
78
49
-13
27
14
-71
-29
33
81
21
1
-40
-43
48
99
79
-30
-54
-40
-20
-57
-34
-35
2
20
-103
-148
-140
-58
-33
14
83
116
66
14
3
29
84
34
43
41
65
101
134
26
-95
-14
48
124
112
-24
-93
-17
3
6
29
-39
-23
15
43
53
27
-9
-66
-86
-52
19
76
54
-30
-70
-10
32
61
25
-25
-41
24
10
-23
-87
-120
-39
-27
-5
-55
-83
-132
-157
-172
-101
-7
-3
-39
-96
-75
-72
-55
-52
-65
-141
-111
-1
1
-56
-74
-37
-82
-52
5
15
-15
-66
-31
27
39
34
79
72
32
73
104
100
94
71
63
98
122
98
64
80
143
149
137
137
53
-42
10
91
58
78
107
106
44
-38
-57
-8
54
73
81
80
63
47
4
-27
-48
-21
43
109
157
110
43
43
24
2
-22
56
123
44
-27
-85
-105
-94
-17
-33
-60
-77
-123
-161
-186
-189
-142
-64
-70
-152
-259
-307
-260
-197
-187
-144
-184
-230
-272
-352
-394
-394
-296
-247
-211
-206
-242
-238
-238
-219
-141
-78
11
118
189
223
274
380
455
534
639
711
753
853
808
738
712
664
699
745
609
454
367
161
15
-18
-95
-155
-209
-260
-350
-495
-549
-496
-404
-398
-319
-288
-282
-213
-123
14
147
287
302
283
303
376
394
449
549
508
388
351
285
142
83
43
-15
-82
-221
-309
-392
-487
-512
-572
-671
-692
-660
-773
-1183
-1702
-1770
-1068
-202
-60
-668
-1258
-1327
-1257
-1324
-1151
-613
59
402
307
-69
-369
-328
154
859
1541
1894
1748
1302
977
1030
1399
1727
1779
1687
1413
1034
604
318
152
53
50
67
-51
-431
-788
-994
-1052
-908
-636
-401
-415
-520
-623
-579
-434
-199
196
389
475
531
638
696
661
718
910
1190
1331
1247
1020
754
578
545
616
577
460
269
-66
-458
-749
-826
-769
-722
-892
-1110
-1290
-1364
-1334
-1263
-1146
-949
-790
-670
-661
-657
-502
-314
-372
-1062
-1506
-931
426
967
224
-824
-1084
-811
-871
-1099
-900
-150
434
387
-218
-758
-841
-370
340
1086
1599
1637
1174
668
651
1182
1725
1922
1876
1694
1331
858
520
351
400
361
279
175
-87
-650
-1114
-1150
-849
-629
-532
-502
-696
-966
-1040
-754
-393
-8
300
374
291
352
513
713
897
1144
1438
1612
1541
1226
938
782
834
1018
1130
981
580
123
-264
-549
-667
-589
-504
-600
-879
-1243
-1500
-1545
-1427
-1193
-960
-756
-687
-727
-806
-730
-459
-206
-118
-48
106
61
-425
-1071
-1066
-150
803
529
-629
-1513
-1473
-1329
-1495
-1502
-989
-330
-180
-631
-1215
-1375
-925
-90
753
1388
1544
1281
898
854
1267
1900
2299
2403
2228
1928
1406
932
731
644
699
709
530
189
-273
-854
-1279
-1157
-659
-240
-278
-741
-1148
-1274
-1111
-758
-314
34
178
133
100
217
412
621
857
1159
1411
1488
1424
1246
1108
1114
1211
1317
1282
964
512
199
70
-49
-185
-303
-518
-779
-1126
-1310
-1263
-1197
-1155
-1248
-1316
-1289
-1240
-1241
-1151
-853
-507
-343
-276
-263
-166
-46
-68
-94
-37
78
-108
-602
-813
-258
327
96
-774
-1349
-1265
-1057
-1140
-1331
-1194
-746
-512
-707
-1029
-1019
-557
-8
542
1012
1236
1153
977
1014
1454
2049
2377
2302
2088
1862
1526
1174
932
985
1076
875
501
63
-248
-621
-903
-859
-558
-398
-640
-954
-1163
-1162
-976
-604
-231
-66
-102
-96
-92
0
194
439
736
1043
1233
1143
865
703
735
868
970
1009
1015
734
333
45
-88
-149
-175
-227
-298
-472
-778
-1078
-1195
-1122
-978
-882
-831
-771
-690
-700
-768
-675
-444
-181
7
98
48
-18
-97
-128
-171
-357
-649
-664
-75
447
108
-936
-1503
-1244
-837
-1033
-1442
-1321
-825
-546
-711
-1035
-1107
-753
-132
400
741
965
1043
935
917
1287
1832
2234
2192
1976
1775
1569
1358
1110
975
956
957
707
207
-185
-342
-368
-448
-423
-318
-342
-554
-836
-950
-839
-520
-184
-116
-285
-453
-475
-291
28
300
388
400
493
608
551
449
488
739
885
821
673
558
455
296
212
154
149
114
-43
-269
-487
-569
-532
-525
-500
-583
-622
-634
-661
-670
-653
-608
-552
-527
-521
-475
-369
-248
-206
-340
-404
-277
-278
-551
-1044
-1038
-332
398
92
-955
-1527
-1186
-794
-1013
-1326
-1111
-502
-256
-655
-1180
-1165
-604
57
498
772
900
965
964
1081
1455
1819
2013
1999
1887
1752
1591
1398
1208
1072
1080
1090
864
380
62
-21
-40
-84
-156
-106
-227
-517
-792
-774
-565
-377
-318
-321
-400
-573
-657
-483
-71
227
326
290
213
253
349
392
424
541
782
850
740
534
331
281
253
235
266
233
53
-234
-480
-524
-522
-568
-641
-735
-734
-736
-812
-850
-779
-734
-742
-744
-696
-505
-249
-153
-296
-466
-586
-504
-318
-326
-675
-808
-331
203
-130
-1121
-1553
-1023
-414
-714
-1394
-1441
-756
-327
-575
-1056
-965
-311
295
560
642
742
876
1040
1272
1619
1948
2065
2000
1936
1946
1949
1785
1539
1426
1468
1424
1149
721
363
129
6
89
188
12
-379
-672
-746
-658
-588
-601
-637
-653
-745
-836
-839
-694
-447
-215
-88
-123
-239
-187
-6
136
250
318
437
419
348
241
229
376
384
263
90
-38
-69
-66
-109
-113
-88
-178
-391
-524
-487
-358
-308
-334
-371
-422
-508
-660
-703
-568
-370
-294
-349
-491
-651
-653
-490
-356
-464
-812
-1030
-743
-77
123
-553
-1281
-1220
-620
-485
-892
-1107
-642
-81
-118
-663
-1009
-660
89
715
869
821
861
912
992
1216
1530
1885
2070
1975
1758
1526
1373
1284
1235
1209
1275
1155
689
78
-269
-166
76
200
9
-263
-480
-621
-799
-922
-827
-536
-318
-336
-542
-851
-926
-580
-174
-64
-15
100
135
85
29
118
415
687
791
719
522
416
404
438
499
548
507
285
23
-77
-96
-201
-274
-235
-260
-430
-616
-671
-664
-678
-708
-707
-742
-827
-817
-755
-683
-619
-607
-583
-553
-512
-444
-403
-527
-793
-836
-329
281
155
-644
-1099
-765
-328
-532
-970
-877
-309
22
-449
-1064
-1031
-360
374
610
544
532
580
659
891
1296
1665
1759
1666
1606
1577
1484
1339
1333
1493
1543
1241
788
495
418
334
192
162
200
165
-220
-623
-642
-442
-402
-456
-377
-341
-502
-719
-700
-481
-217
-23
-55
-165
-132
13
60
88
205
373
527
463
317
210
214
321
356
240
107
73
96
-44
-306
-431
-470
-495
-512
-492
-508
-647
-798
-812
-751
-712
-738
-749
-697
-604
-545
-528
-483
-427
-450
-381
-232
-122
-94
-141
-306
-553
-482
27
410
69
-591
-792
-476
-347
-808
-1183
-911
-299
-115
-604
-1040
-831
-144
237
191
260
586
882
908
939
1214
1601
1763
1760
1817
1818
1649
1393
1360
1526
1607
1366
919
601
603
646
495
265
214
269
26
-324
-448
-275
-187
-327
-457
-547
-640
-619
-511
-357
-264
-325
-404
-428
-323
-189
-223
-272
-139
57
80
-139
-308
-269
-62
60
-49
-222
-255
-243
-313
-501
-612
-493
-343
-300
-425
-621
-694
-602
-440
-384
-452
-445
-301
-238
-365
-535
-420
-110
-8
-146
-267
-107
120
70
-119
-129
-16
-180
-629
-647
-7
402
-92
-970
-1151
-624
-420
-901
-1283
-880
-97
60
-597
-1123
-800
72
644
697
662
754
914
1098
1329
1620
1839
1884
1866
1837
1802
1747
1606
1458
1435
1453
1272
856
466
298
271
225
94
22
-53
-224
-488
-643
-617
-531
-466
-430
-488
-625
-649
-539
-400
-368
-347
-331
-301
-244
-212
-196
-234
-225
-174
-126
-149
-338
-469
-431
-358
-318
-366
-437
-484
-508
-581
-607
-570
-532
-443
-330
-278
-274
-258
-263
-304
-246
-67
82
64
-44
-79
-6
51
-1
-71
-18
102
144
-28
-271
-313
-169
-275
-720
-940
-454
202
38
-802
-1344
-903
-227
-269
-776
-897
-386
148
10
-491
-605
-69
637
935
838
763
902
1129
1352
1512
1676
1832
1866
1730
1552
1448
1411
1421
1428
1317
1037
669
440
432
445
248
-46
-74
97
54
-308
-567
-453
-288
-291
-420
-497
-548
-661
-697
-691
-690
-726
-809
-867
-841
-780
-740
-847
-897
-828
-823
-847
-797
-618
-456
-397
-430
-444
-395
-297
-176
-107
-52
-13
46
109
95
88
128
256
369
365
268
115
68
147
214
212
152
65
-44
-196
-253
-226
-168
-141
-162
-221
-328
-384
-400
-487
-650
-612
-131
270
62
-551
-807
-422
10
-80
-452
-397
97
446
100
-444
-324
466
1174
1203
852
711
886
1172
1305
1393
1614
1804
1722
1397
1099
986
1016
1057
1071
967
710
369
44
-105
-104
-111
-138
-173
-186
-343
-666
-899
-957
-812
-661
-635
-778
-1059
-1284
-1268
-1035
-882
-848
-849
-844
-855
-921
-927
-855
-658
-448
-370
-396
-394
-268
-139
-104
-109
-35
112
204
218
215
265
294
245
223
311
469
594
533
389
279
276
334
341
274
180
125
84
55
58
58
-20
-81
-99
-62
-32
-59
-61
47
143
106
-203
-480
-320
258
614
246
-388
-491
-146
10
-349
-625
-325
232
360
-191
-658
-512
107
573
572
378
361
508
644
678
804
1061
1234
1156
952
858
864
856
772
752
773
603
242
-131
-259
-141
-73
-176
-382
-528
-611
-796
-1011
-1116
-1024
-799
-697
-889
-1179
-1361
-1232
-972
-812
-724
-706
-659
-646
-666
-675
-575
-293
15
105
20
-54
-3
181
386
494
499
483
484
515
549
597
611
625
678
712
645
468
312
343
453
520
406
199
74
63
81
29
11
73
37
-101
-163
-74
-11
-73
-111
-63
17
-38
-60
-102
-212
-297
-177
131
226
-94
-518
-532
-192
-56
-379
-600
-374
55
87
-336
-547
-169
376
524
299
220
439
646
673
669
746
851
866
786
699
614
482
348
266
285
164
-150
-451
-554
-467
-457
-551
-697
-766
-825
-988
-1128
-1077
-889
-766
-769
-791
-817
-851
-851
-701
-495
-424
-477
-514
-426
-223
-65
-70
-79
60
294
360
317
319
501
752
855
762
573
531
748
1014
986
750
645
764
893
755
532
530
751
865
692
437
328
357
399
389
317
265
185
84
4
-44
-8
15
-45
-136
-151
-102
-97
-140
-189
-246
-404
-562
-514
-163
55
-200
-719
-913
-665
-444
-669
-996
-855
-368
-174
-583
-1065
-935
-343
26
-103
-324
-252
6
151
147
234
384
411
287
225
291
326
201
32
69
145
-6
-306
-448
-270
-152
-319
-571
-535
-320
-348
-568
-651
-459
-262
-299
-430
-458
-381
-288
-227
-190
-176
-120
-25
27
59
151
273
461
596
601
545
541
679
842
929
928
881
886
911
874
834
856
957
1017
962
817
647
546
586
657
609
457
374
341
291
162
39
27
128
133
-73
-294
-320
-187
-175
-335
-488
-409
-248
-233
-337
-422
-389
-274
-378
-620
-771
-510
-71
-79
-616
-1142
-1108
-731
-602
-940
-1207
-1031
-648
-676
-1114
-1339
-1048
-551
-267
-339
-485
-499
-333
-81
107
206
264
292
344
384
299
207
213
355
454
351
125
-46
-30
88
149
64
7
68
164
116
-34
-73
19
129
208
171
109
64
92
221
289
277
191
160
259
421
494
452
378
422
562
594
580
589
707
846
872
777
671
631
678
766
812
795
671
498
399
387
398
412
412
382
297
155
6
-28
45
58
6
-53
-124
-195
-304
-385
-385
-337
-366
-437
-456
-447
-477
-669
-791
-758
-640
-689
-990
-1219
-1057
-703
-645
-1044
-1500
-1530
-1181
-993
-1241
-1516
-1401
-962
-776
-1079
-1427
-1221
-586
-136
-167
-360
-327
-20
268
409
526
730
934
968
843
761
837
992
1088
1057
947
844
751
646
625
638
630
522
376
369
441
397
196
141
265
367
273
68
-16
94
216
238
134
65
119
200
275
292
366
457
465
456
434
459
583
719
794
764
741
736
723
671
633
673
703
646
520
385
275
178
154
193
237
163
-61
-243
-306
-294
-297
-353
-413
-470
-597
-760
-890
-955
-894
-868
-870
-935
-1053
-1155
-1196
-1176
-1142
-1116
-1070
-1014
-1160
-1398
-1436
-1084
-754
-835
-1215
-1335
-1075
-822
-950
-1203
-1108
-677
-383
-554
-868
-757
-212
262
355
213
266
561
824
966
1118
1312
1502
1509
1374
1347
1412
1463
1443
1370
1326
1216
990
780
700
709
683
554
379
284
205
108
3
-33
33
99
69
-46
-146
-205
-123
46
100
16
-59
-5
120
173
194
263
338
398
412
464
562
619
610
617
658
685
561
419
415
496
532
366
134
-10
27
55
10
-74
-116
-145
-276
-431
-506
-495
-459
-507
-669
-830
-947
-967
-999
-1008
-1027
-1086
-1189
-1301
-1320
-1262
-1220
-1185
-1125
-1081
-1079
-1027
-988
-999
-960
-799
-434
-248
-467
-885
-915
-481
-86
-196
-525
-506
-76
233
16
-306
-133
498
962
865
612
655
963
1211
1305
1397
1501
1533
1391
1257
1217
1196
1162
1089
1053
947
732
500
394
455
485
397
244
134
100
158
123
-5
-95
-70
28
45
-96
-224
-198
-52
28
4
-126
-195
-124
0
104
126
126
199
289
330
297
216
215
307
405
412
302
163
132
172
154
42
-69
-83
-66
-119
-237
-306
-338
-361
-391
-477
-576
-648
-694
-724
-762
-843
-941
-1017
-1061
-1051
-1021
-1033
-1111
-1160
-1101
-1000
-981
-1025
-953
-685
-432
-430
-604
-598
-345
-143
-208
-341
-99
303
371
-9
-323
-130
280
334
44
-59
293
627
485
77
22
513
1006
1049
848
796
963
1163
1234
1238
1296
1371
1347
1219
1085
1052
1036
972
838
676
542
394
242
155
146
167
91
-89
-220
-242
-265
-340
-414
-392
-301
-292
-399
-480
-453
-370
-295
-280
-268
-250
-226
-145
26
183
148
50
79
272
409
315
178
199
375
389
190
1
20
149
101
-119
-307
-324
-248
-278
-416
-558
-631
-622
-652
-747
-810
-800
-760
-773
-850
-909
-877
-793
-777
-815
-759
-591
-458
-497
-535
-421
-163
-19
-43
-65
110
348
346
201
237
439
481
246
69
322
655
556
87
-191
-32
237
161
-110
-134
198
407
176
-180
-159
227
563
617
547
537
542
537
606
738
830
780
651
605
588
506
338
246
315
365
297
72
-148
-233
-224
-196
-151
-121
-118
-179
-311
-431
-417
-249
-75
-35
-152
-226
-194
-124
-95
-74
-34
20
44
30
19
9
-15
-23
-22
42
75
20
-8
9
54
57
68
92
96
61
23
27
63
93
79
3
-54
-15
3
3
-30
-37
-11
-25
-81
-119
-112
-108
-140
-222
-273
-275
-301
-341
-419
-462
-440
-433
-445
-436
-380
-343
-331
-327
-253
-162
-106
-86
-77
-81
-96
-54
133
275
199
14
-64
22
117
56
-69
-88
74
206
119
-79
-158
18
315
403
272
108
127
345
514
508
414
404
424
390
320
257
255
227
209
155
33
-124
-244
-203
-110
-42
-110
-237
-297
-294
-303
-305
-243
-163
-129
-138
-169
-197
-213
-205
-51
122
137
65
1
72
223
317
342
353
464
570
531
434
402
514
659
648
523
406
398
418
389
261
165
139
133
72
-48
-137
-171
-182
-189
-225
-293
-377
-427
-374
-326
-351
-421
-475
-474
-460
-483
-498
-448
-377
-347
-375
-380
-314
-244
-231
-196
-137
-58
-35
-64
-81
-78
-43
-59
-109
-133
-42
49
7
-204
-385
-403
-283
-239
-376
-514
-512
-353
-296
-435
-579
-469
-186
-18
-84
-202
-131
74
265
305
336
440
518
497
380
408
533
602
523
385
354
385
323
185
157
303
436
383
228
135
205
281
345
340
296
316
354
377
343
279
271
318
350
343
311
294
293
302
307
312
323
329
315
297
273
264
264
205
133
64
48
29
-38
-94
-141
-165
-222
-275
-317
-299
-254
-285
-400
-503
-470
-356
-323
-392
-470
-491
-472
-499
-551
-553
-495
-452
-483
-566
-559
-506
-472
-460
-402
-285
-235
-268
-288
-188
-81
-63
-104
-110
-21
-14
-165
-288
-202
12
38
-164
-384
-441
-357
-313
-393
-465
-400
-253
-200
-287
-334
-241
-46
155
220
229
266
387
536
605
676
754
819
792
722
729
796
843
787
746
691
583
423
296
335
428
435
328
193
114
66
-9
-36
11
83
88
-19
-156
-190
-118
-36
14
60
95
92
73
72
150
257
304
326
334
316
298
275
274
303
349
321
242
143
76
41
-2
-43
-90
-115
-203
-320
-425
-425
-376
-321
-376
-473
-551
-572
-564
-584
-539
-487
-434
-507
-587
-603
-534
-456
-432
-440
-384
-306
-322
-330
-276
-188
-161
-190
-159
-96
-67
-88
-121
-101
-73
-63
-152
-239
-226
-154
-125
-170
-254
-317
-342
-341
-315
-274
-218
-203
-189
-140
-48
2
48
126
266
445
511
471
398
479
656
737
709
634
620
622
558
463
419
448
475
394
260
180
201
231
275
291
307
270
209
241
315
372
383
345
328
360
392
395
305
262
321
390
362
210
99
140
223
209
102
10
-12
-11
-73
-142
-154
-164
-187
-263
-345
-409
-409
-372
-357
-358
-381
-407
-456
-451
-384
-309
-279
-274
-274
-260
-252
-257
-240
-191
-157
-181
-253
-290
-279
-261
-279
-323
-349
-326
-329
-390
-404
-353
-276
-279
-360
-407
-342
-272
-264
-309
-317
-243
-163
-201
-315
-355
-269
-127
-60
-75
-114
-157
-160
-145
-122
-56
-9
38
84
109
96
70
88
229
385
481
518
539
562
570
576
659
783
849
807
715
701
732
693
606
552
563
562
490
390
311
300
288
252
222
183
127
60
0
-41
-40
-26
-39
-69
-93
-122
-126
-103
-103
-97
-96
-73
-50
-62
-48
-12
27
42
50
94
131
108
43
24
58
111
104
18
-77
-106
-98
-149
-214
-210
-205
-212
-282
-386
-457
-443
-385
-359
-398
-486
-538
-575
-559
-549
-554
-545
-509
-459
-454
-483
-507
-458
-356
-275
-259
-280
-299
-304
-281
-208
-103
-45
-59
-119
-147
-154
-130
-88
-40
-7
-33
-35
-14
36
52
14
31
151
251
243
156
144
253
358
371
361
377
424
465
482
513
520
526
532
547
555
528
509
497
486
431
376
360
363
320
225
135
103
106
76
12
-29
17
35
0
-66
-80
-23
26
30
7
1
58
130
182
177
149
153
191
238
259
268
260
252
240
167
105
107
130
100
9
-66
-107
-153
-228
-309
-321
-334
-350
-365
-392
-439
-479
-501
-498
-486
-471
-462
-466
-455
-461
-464
-517
-507
-473
-424
-426
-418
-419
-383
-338
-337
-338
-293
-174
-92
-78
-122
-116
-89
-30
-9
58
136
185
190
173
128
124
159
201
220
214
175
133
94
68
62
48
61
45
24
-15
-56
-86
-49
6
48
27
-2
32
90
134
168
202
220
253
319
371
395
360
324
352
464
500
402
274
255
332
353
287
172
183
294
320
214
102
120
223
294
251
168
164
202
252
263
219
207
246
263
218
134
111
140
164
132
41
-30
-27
-3
-43
-107
-151
-161
-192
-286
-374
-371
-353
-383
-463
-534
-547
-552
-594
-615
-581
-532
-521
-555
-565
-512
-445
-413
-377
-305
-217
-153
-157
-161
-129
-53
16
51
45
58
97
111
91
55
47
68
93
63
34
9
-3
-24
-66
-94
-100
-108
-161
-243
-252
-208
-194
-276
-352
-352
-318
-314
-336
-307
-223
-152
-175
-189
-84
68
154
175
214
314
399
425
446
512
637
743
758
761
742
741
748
756
793
789
740
676
647
623
555
461
429
477
492
395
246
168
177
200
142
48
3
-11
-58
-118
-139
-118
-109
-174
-232
-234
-219
-260
-300
-287
-236
-246
-305
-348
-328
-281
-279
-329
-380
-364
-325
-316
-333
-343
-317
-270
-277
-300
-342
-333
-275
-258
-239
-243
-231
-226
-260
-288
-270
-244
-190
-180
-195
-237
-274
-279
-242
-183
-171
-169
-186
-196
-212
-237
-227
-197
-162
-150
-160
-184
-199
-198
-180
-152
-126
-124
-132
-131
-117
-94
-54
6
52
45
27
66
139
198
221
259
327
387
407
423
449
500
557
588
595
605
609
617
636
640
638
619
593
539
529
513
489
473
443
442
418
352
298
269
268
253
187
129
102
87
43
-43
-73
-52
-38
-65
-166
-227
-231
-226
-223
-233
-219
-198
-197
-242
-282
-295
-265
-237
-237
-249
-263
-271
-287
-289
-291
-281
-267
-263
-281
-269
-283
-330
-341
-328
-274
-276
-341
-393
-401
-359
-334
-329
-333
-298
-272
-292
-344
-366
-303
-200
-143
-170
-194
-180
-134
-106
-114
-95
-39
7
3
-42
-52
-13
34
53
31
29
42
45
23
-17
-43
-27
24
68
61
15
-24
1
93
176
193
197
245
314
334
333
371
458
555
616
620
616
627
630
631
649
678
687
682
644
587
511
448
427
398
340
285
224
165
84
22
-2
28
49
-22
-101
-153
-129
-114
-140
-178
-154
-121
-152
-218
-282
-242
-216
-243
-255
-272
-270
-306
-379
-405
-368
-307
-306
-341
-368
-403
-444
-486
-477
-404
-335
-341
-393
-427
-425
-392
-400
-399
-351
-267
-227
-241
-288
-284
-210
-121
-69
-76
-93
-59
-16
-18
-33
-24
46
117
116
58
12
17
51
79
108
145
155
127
79
38
32
87
114
101
68
64
71
75
62
60
102
157
161
70
20
60
174
249
263
278
302
336
349
355
391
466
516
491
444
415
429
462
462
436
418
423
397
323
240
219
264
288
228
132
79
89
101
65
16
-1
13
4
-39
-115
-169
-130
-68
-61
-135
-215
-249
-215
-197
-236
-275
-271
-248
-257
-331
-386
-403
-379
-345
-360
-374
-415
-373
-379
-398
-412
-395
-357
-349
-356
-357
-321
-308
-268
-253
-227
-223
-203
-205
-206
-198
-152
-97
-74
-54
-58
-55
-43
-2
23
47
57
76
97
94
55
54
88
152
176
180
185
201
198
141
136
185
248
248
195
158
146
157
153
133
104
93
126
131
99
77
86
115
129
139
142
162
195
232
248
259
281
320
342
320
321
324
344
345
322
268
250
237
206
142
87
73
55
23
-55
-111
-110
-102
-109
-128
-162
-170
-164
-164
-177
-194
-209
-193
-175
-176
-198
-225
-225
-186
-169
-196
-187
-161
-145
-160
-169
-165
-146
-132
-150
-143
-121
-153
-189
-183
-170
-150
-159
-162
-141
-120
-130
-148
-149
-107
-37
2
0
19
42
45
42
84
126
122
125
118
116
115
91
81
93
116
106
62
43
34
22
21
25
14
7
6
1
-11
-35
-20
2
21
36
22
2
-5
-8
7
2
-24
-35
-31
-9
-4
1
2
26
26
12
16
49
89
103
103
115
122
107
83
62
58
85
102
81
51
29
7
6
25
39
35
15
13
18
27
31
42
45
47
53
57
64
63
71
76
59
49
12
-27
-46
-55
-48
-68
-77
-105
-131
-132
-112
-94
-83
-104
-130
-142
-141
-105
-83
-83
-81
-53
-33
-20
-31
-14
40
82
71
52
65
107
132
135
153
171
170
180
171
149
138
137
129
128
127
89
60
23
2
-19
-33
-43
-46
-65
-85
-117
-149
-140
-121
-141
-181
-208
-225
-227
-244
-237
-220
-214
-237
-271
-280
-250
-199
-191
-195
-188
-166
-140
-128
-106
-64
3
20
24
27
38
73
93
131
157
172
193
187
170
164
169
195
207
196
189
174
167
151
147
160
147
129
103
101
95
91
81
73
46
30
28
27
32
25
28
48
58
39
11
-29
-23
15
33
20
7
12
21
30
18
25
47
58
66
76
88
95
99
111
135
139
122
110
134
158
156
117
92
104
105
78
24
11
8
-2
-30
-72
-107
-131
-150
-190
-235
-275
-312
-312
-320
-343
-382
-409
-416
-434
-443
-437
-414
-401
-387
-393
-408
-380
-342
-295
-260
-250
-232
-198
-152
-126
-109
-68
9
79
105
108
112
163
210
235
244
268
300
295
273
275
291
320
329
301
272
254
270
254
233
245
261
256
214
182
178
199
205
173
148
138
139
129
126
138
152
152
120
92
96
124
127
114
117
107
110
93
95
100
100
81
54
66
84
89
64
58
64
52
18
1
19
40
23
-16
-33
-50
-68
-90
-85
-74
-77
-104
-128
-144
-154
-174
-198
-203
-179
-189
-232
-279
-308
-296
-282
-293
-338
-372
-378
-374
-374
-405
-427
-409
-401
-392
-399
-412
-376
-349
-331
-313
-263
-212
-204
-197
-166
-92
-31
-19
-22
12
87
133
132
150
198
256
268
240
237
249
279
266
246
252
265
268
258
258
239
264
283
286
277
241
225
236
255
245
219
194
218
247
240
216
204
221
240
237
210
197
213
227
228
231
227
225
210
187
159
135
117
115
109
95
66
31
22
14
-3
-19
-40
-49
-63
-74
-72
-89
-113
-113
-116
-145
-189
-215
-235
-230
-228
-235
-255
-281
-300
-309
-322
-331
-323
-320
-325
-348
-383
-392
-373
-361
-360
-369
-361
-346
-339
-331
-320
-283
-243
-229
-209
-184
-154
-124
-99
-48
19
61
63
61
81
95
112
151
166
168
194
208
212
202
179
173
187
215
196
164
151
175
195
192
194
196
194
200
199
184
193
209
220
226
231
244
237
225
203
196
190
200
205
194
188
150
131
117
103
97
88
84
83
74
34
1
4
32
33
12
-13
-28
-20
-3
-16
-30
-24
-5
-3
-17
-42
-41
-49
-60
-64
-62
-72
-99
-151
-171
-171
-186
-212
-245
-238
-241
-255
-282
-288
-272
-266
-267
-275
-276
-259
-239
-239
-244
-223
-176
-130
-120
-119
-105
-61
-32
-13
-5
1
27
54
57
55
68
92
103
78
73
82
104
111
74
73
97
105
87
71
75
104
108
64
46
57
87
77
61
56
72
68
51
38
36
46
54
67
64
61
66
60
45
30
17
29
48
54
42
20
14
13
34
38
45
39
48
75
75
64
56
60
80
109
116
108
91
80
89
101
101
100
92
75
55
43
50
26
21
25
11
-1
-14
-27
-54
-70
-97
-101
-104
-114
-141
-157
-157
-165
-165
-190
-200
-199
-206
-214
-226
-213
-178
-169
-180
-164
-116
-64
-33
-30
-18
12
45
80
90
113
138
173
186
171
160
161
168
181
169
158
141
134
134
115
89
80
65
57
31
-2
-18
-45
-66
-80
-91
-112
-129
-151
-156
-174
-164
-159
-142
-132
-140
-132
-124
-110
-101
-90
-80
-68
-61
-62
-42
-21
-17
-23
-28
0
21
21
28
21
18
33
51
58
53
39
46
65
73
67
49
36
45
70
54
32
17
31
44
46
52
61
76
71
85
66
69
89
91
95
84
86
105
115
109
113
125
138
121
99
95
120
123
94
68
48
61
67
65
44
16
5
7
10
9
0
-8
-12
-17
-26
-45
-45
-32
-5
9
-17
-44
-59
-45
-38
-43
-60
-61
-33
-43
-76
-106
-123
-137
-154
-163
-181
-188
-213
-250
-251
-246
-236
-242
-246
-260
-266
-252
-247
-225
-219
-215
-208
-216
-192
-169
-145
-129
-118
-94
-87
-74
-43
-12
23
57
84
86
86
92
111
140
136
155
165
173
180
178
189
199
207
212
219
241
249
267
283
302
322
328
319
307
298
309
312
302
308
301
291
271
258
251
242
234
216
190
172
143
122
109
78
42
17
-10
-32
-51
-78
-101
-126
-145
-157
-176
-211
-217
-202
-183
-195
-208
-211
-205
-204
-214
-208
-217
-214
-215
-223
-230
-230
-249
-252
-255
-237
-227
-237
-243
-251
-242
-230
-227
-247
-250
-229
-221
-230
-222
-223
-221
-212
-183
-173
-168
-148
-141
-108
-106
-103
-88
-54
-38
-36
-42
-19
12
21
45
71
90
73
46
25
96
167
229
236
179
145
146
228
287
267
245
279
320
336
321
311
333
365
385
401
413
407
385
360
385
426
423
391
338
310
300
312
290
252
219
179
149
136
134
105
75
11
-18
-10
-10
-26
-89
-154
-167
-164
-167
-189
-200
-230
-278
-305
-311
-288
-293
-319
-344
-355
-334
-319
-317
-342
-362
-349
-321
-304
-307
-309
-286
-274
-266
-255
-231
-222
-213
-204
-198
-168
-148
-128
-137
-129
-103
-79
-53
-47
-58
-58
-42
-22
5
0
-16
-34
-31
-19
-10
3
3
-3
-19
-20
-2
12
30
39
51
60
53
55
80
122
162
151
152
171
203
244
247
270
303
323
345
333
342
359
384
376
354
364
364
352
321
298
298
300
291
264
218
201
173
148
139
127
108
84
60
36
19
-3
-35
-54
-50
-56
-65
-87
-104
-114
-130
-138
-153
-156
-173
-223
-254
-269
-266
-264
-276
-297
-316
-328
-349
-345
-346
-332
-330
-336
-324
-312
-285
-277
-266
-241
-212
-192
-175
-155
-117
-94
-91
-72
-60
-32
-18
-10
-6
15
20
31
41
26
31
29
67
68
62
54
56
61
61
65
88
104
119
122
117
138
149
175
186
186
202
215
224
228
235
259
244
241
240
236
236
217
202
188
180
152
139
117
106
97
84
58
55
59
48
43
33
34
24
21
6
-2
0
9
-4
-28
-49
-58
-57
-62
-75
-99
-117
-121
-128
-138
-130
-125
-123
-126
-126
-139
-134
-130
-151
-148
-147
-132
-127
-131
-135
-125
-114
-122
-137
-146
-140
-136
-131
-142
-157
-166
-146
-127
-131
-131
-107
-96
-94
-71
-45
-31
-39
1
27
18
23
44
56
60
82
104
105
110
141
129
120
141
148
157
175
194
191
189
181
182
190
186
189
177
155
135
131
140
143
105
56
24
22
25
25
14
-13
-36
-50
-73
-84
-76
-74
-97
-111
-136
-144
-145
-141
-125
-116
-122
-129
-127
-124
-103
-89
-79
-65
-52
-54
-57
-70
-60
-48
-46
-26
-27
-27
-27
-18
-18
-11
16
34
67
75
77
102
113
117
114
114
127
138
139
137
119
119
116
95
75
65
59
47
30
25
14
-9
-24
-46
-49
-50
-55
-73
-92
-82
-67
-63
-55
-59
-57
-34
-18
2
19
30
14
29
50
72
100
94
92
77
71
75
85
84
84
87
63
54
30
24
11
12
-5
-13
-9
-25
-25
-47
-50
-52
-46
-67
-71
-96
-103
-101
-118
-113
-132
-135
-147
-160
-169
-170
-182
-205
-210
-219
-206
-194
-206
-216
-225
-223
-211
-183
-166
-166
-149
-133
-121
-103
-73
-40
2
24
44
63
83
121
137
146
169
178
194
207
230
249
251
246
228
227
243
252
254
244
233
222
212
208
203
212
203
193
173
163
155
138
143
134
123
114
112
88
70
53
44
36
38
32
16
4
0
-4
-2
-6
-29
-36
-50
-57
-46
-52
-63
-73
-87
-80
-81
-87
-97
-99
-100
-126
-138
-139
-160
-161
-164
-171
-175
-190
-203
-212
-222
-227
-226
-231
-233
-243
-259
-263
-248
-230
-215
-222
-225
-213
-186
-175
-167
-154
-127
-100
-82
-71
-61
-46
-28
-18
-12
11
28
52
85
90
105
121
123
138
143
147
150
158
177
201
208
212
217
217
230
231
234
250
258
258
272
266
250
247
237
232
223
213
207
208
191
189
184
170
166
177
173
165
137
124
106
100
91
80
52
14
3
-17
-26
-50
-64
-82
-102
-136
-146
-164
-176
-182
-191
-185
-206
-225
-225
-216
-233
-265
-262
-255
-245
-258
-294
-280
-255
-262
-266
-278
-263
-246
-247
-241
-227
-193
-191
-195
-201
-182
-154
-151
-141
-119
-105
-99
-86
-68
-56
-30
-21
-29
3
20
35
58
75
91
103
115
118
127
123
150
161
153
155
149
161
164
155
142
155
175
166
168
171
177
194
209
204
214
227
238
249
255
268
269
269
247
239
254
263
259
255
233
214
194
176
174
177
166
132
116
101
69
46
32
18
1
-17
-53
-74
-84
-101
-108
-107
-119
-133
-154
-165
-171
-163
-162
-176
-194
-205
-214
-228
-241
-256
-241
-240
-256
-266
-271
-269
-269
-267
-263
-261
-237
-234
-244
-240
-226
-208
-199
-203
-175
-152
-127
-123
-132
-110
-96
-69
-57
-47
-43
-42
-33
-21
2
32
45
47
37
35
52
81
94
87
91
94
101
109
111
108
121
127
133
127
140
158
150
164
164
174
188
194
188
178
184
192
185
189
180
185
190
182
161
156
147
143
132
129
140
118
122
104
93
84
89
84
60
54
33
8
11
19
7
-5
-14
-31
-40
-31
-25
-43
-52
-59
-72
-72
-66
-74
-70
-85
-83
-85
-114
-116
-112
-121
-128
-126
-128
-130
-126
-122
-128
-125
-131
-114
-112
-106
-99
-107
-98
-96
-94
-75
-75
-81
-82
-86
-85
-88
-88
-85
-96
-107
-110
-99
-86
-78
-73
-81
-78
-67
-49
-44
-33
-10
5
2
8
23
42
62
71
76
93
109
113
121
129
154
154
160
171
164
160
165
163
151
145
141
141
117
94
85
80
64
49
42
34
29
18
13
-6
-16
-20
-14
-24
-39
-47
-50
-43
-43
-27
-24
-37
-34
-37
-16
6
9
7
-3
15
15
13
10
10
12
21
12
-5
4
3
1
5
-6
3
12
3
8
3
4
0
-11
-23
-35
-36
-40
-45
-50
-63
-77
-80
-90
-102
-119
-123
-132
-131
-137
-135
-134
-137
-127
-122
-109
-101
-99
-93
-81
-68
-39
-24
-14
-2
14
25
41
56
72
88
94
99
108
115
131
140
135
127
129
129
137
136
133
118
102
83
53
51
37
34
32
21
23
13
-2
-7
-18
-23
-18
-22
-7
-22
-40
-37
-51
-58
-54
-66
-72
-66
-73
-75
-70
-53
-48
-38
-28
-32
-19
-8
2
27
29
32
39
52
61
55
60
74
76
82
81
95
114
114
121
115
116
115
122
110
94
84
73
66
55
52
34
7
-13
-17
-20
-33
-50
-59
-68
-74
-90
-91
-86
-87
-88
-87
-94
-95
-111
-117
-103
-95
-83
-93
-103
-107
-111
-105
-95
-95
-73
-65
-57
-61
-62
-49
-36
-29
-22
-27
-30
-26
-31
-35
-33
-33
-42
-47
-67
-67
-51
-36
-21
-19
-35
-29
-15
-22
-8
9
24
32
29
29
20
24
27
30
30
25
28
28
15
17
23
20
22
15
28
43
40
43
41
48
52
50
53
65
77
91
106
108
108
103
112
129
141
154
169
182
157
146
155
154
160
149
136
130
121
111
102
93
90
72
47
34
32
30
12
-6
-5
-10
-11
-30
-48
-55
-71
-80
-103
-121
-125
-127
-126
-144
-151
-153
-155
-152
-172
-173
-172
-163
-168
-156
-157
-160
-136
-143
-128
-113
-111
-107
-108
-100
-97
-104
-102
-100
-92
-86
-64
-57
-57
-38
-29
-39
-37
-27
-17
-9
-3
1
12
10
20
37
29
35
48
58
47
50
46
42
59
61
62
64
81
87
86
98
86
74
78
81
94
103
100
96
90
79
83
98
106
99
90
78
80
89
82
73
64
80
79
90
96
101
121
119
112
127
127
121
113
99
75
67
62
51
52
55
66
56
35
19
-2
-7
0
-21
-17
-28
-53
-73
-97
-103
-119
-126
-130
-122
-134
-151
-177
-196
-202
-202
-197
-210
-208
-200
-198
-190
-193
-184
-173
-178
-172
-159
-132
-112
-98
-87
-75
-66
-54
-46
-40
-39
-33
-8
-5
-17
-16
-12
1
-3
2
5
12
25
23
31
39
56
57
66
72
92
87
99
106
116
139
131
137
140
145
141
135
141
143
138
148
144
131
132
128
128
120
124
122
108
117
99
89
83
85
87
84
86
85
90
94
90
96
91
83
76
68
76
71
62
41
31
20
7
0
-18
-35
-55
-94
-107
-117
-130
-129
-143
-148
-158
-173
-176
-181
-182
-182
-191
-187
-188
-195
-196
-189
-195
-196
-193
-201
-188
-169
-153
-141
-138
-135
-124
-119
-109
-94
-82
-69
-62
-45
-22
-20
-6
-6
-1
-1
8
23
39
50
56
53
48
52
82
95
96
111
102
103
102
94
92
112
110
125
123
120
128
130
146
150
158
153
154
161
177
171
178
177
164
166
148
144
135
118
114
103
86
62
51
42
35
24
5
-11
-27
-23
-41
-61
-59
-60
-62
-71
-84
-92
-98
-81
-86
-96
-91
-93
-82
-78
-82
-79
-82
-76
-74
-77
-73
-70
-78
-75
-67
-61
-67
-66
-65
-65
-61
-66
-72
-52
-39
-47
-37
-46
-40
-45
-49
-27
-22
-17
-17
-30
-34
-38
-45
-45
-49
-50
-48
-44
-42
-37
-42
-44
-55
-59
-58
-60
-43
-39
-24
-20
-11
-13
-16
-16
-6
4
24
38
39
62
66
80
74
80
84
93
104
111
117
124
137
137
138
152
159
155
159
154
153
156
158
136
133
132
121
102
87
76
61
54
33
15
-16
-24
-31
-46
-62
-81
-84
-107
-119
-133
-132
-133
-149
-157
-158
-157
-142
-128
-118
-106
-92
-93
-82
-71
-67
-60
-43
-20
-3
15
18
24
17
19
24
26
25
45
51
57
57
50
55
48
48
47
45
34
35
31
21
13
14
8
8
-8
-7
-20
-43
-53
-64
-57
-62
-52
-46
-59
-64
-64
-65
-66
-62
-63
-54
-41
-32
-20
-10
-4
8
10
18
24
32
53
59
75
82
97
110
112
125
126
113
114
109
105
98
84
78
78
67
57
49
32
19
10
4
-11
-22
-27
-38
-58
-77
-90
-96
-88
-89
-102
-110
-104
-109
-119
-127
-125
-105
-97
-105
-98
-90
-94
-85
-70
-64
-57
-28
-29
-40
-23
-7
10
5
16
16
22
41
49
66
84
104
111
111
102
108
111
111
110
114
108
105
106
98
89
83
77
64
47
38
33
34
34
19
14
4
-5
-15
-22
-21
-29
-32
-42
-53
-74
-78
-66
-59
-55
-60
-60
-60
-54
-47
-46
-51
-42
-48
-41
-41
-31
-30
-29
-16
-11
-3
-1
-13
-13
-4
-7
-7
-2
4
0
0
-6
-11
-11
-8
-17
-24
-17
-35
-36
-37
-41
-24
-26
-20
-19
-14
5
6
16
16
1
18
15
18
11
12
17
17
15
16
14
10
3
-9
-2
-4
5
-7
-12
0
-5
5
6
10
9
8
10
7
7
23
39
26
21
11
8
24
40
51
48
60
51
53
59
73
78
79
83
75
67
60
58
47
34
37
29
35
27
21
30
21
17
8
6
11
6
-1
-9
-18
-19
-25
-41
-57
-60
-60
-74
-81
-75
-75
-76
-83
-89
-87
-79
-79
-69
-66
-64
-59
-55
-39
-31
-25
-18
-13
-6
7
13
9
13
14
13
5
15
22
26
38
40
43
47
42
33
21
16
18
22
12
7
4
-2
-7
-8
3
2
-4
-5
-13
-33
-32
-38
-37
-36
-35
-41
-44
-50
-52
-50
-49
-41
-34
-28
-31
-27
-24
-7
-7
-9
13
19
24
46
60
74
86
93
100
114
116
114
111
112
113
113
109
105
101
94
97
85
78
71
68
63
51
39
10
4
-24
-49
-58
-87
-92
-105
-114
-111
-121
-135
-141
-144
-150
-160
-174
-171
-176
-165
-164
-152
-138
-121
-107
-94
-87
-77
-53
-42
-29
-16
2
11
10
16
23
30
45
49
54
60
65
67
86
89
88
88
85
91
91
93
88
88
88
87
80
77
67
61
65
63
57
51
44
45
46
43
32
26
17
5
4
0
5
8
11
7
17
21
17
17
7
14
23
23
16
26
36
37
39
44
49
45
46
52
51
44
34
23
13
11
14
10
2
0
-16
-28
-25
-36
-38
-47
-57
-70
-81
-83
-89
-84
-88
-97
-102
-98
-101
-94
-87
-90
-85
-91
-91
-85
-95
-102
-94
-88
-75
-67
-61
-54
-41
-32
-28
-15
-9
-5
-6
0
8
8
12
14
31
39
38
51
44
46
56
57
64
71
58
54
57
41
35
18
11
6
2
11
6
-1
-4
-5
-11
-17
-16
-11
-14
-5
-5
2
11
3
0
8
24
29
48
57
61
56
58
61
60
64
57
57
46
42
44
41
42
51
43
28
22
13
15
2
5
10
11
8
3
-4
-10
-14
-4
-1
7
20
21
25
24
22
7
5
13
7
5
22
12
4
-9
-21
-29
-21
-33
-48
-53
-63
-61
-69
-62
-53
-51
-41
-50
-48
-48
-48
-44
-60
-43
-30
-38
-42
-43
-41
-30
-28
-26
-30
-14
-20
-29
-17
-24
-20
-21
-23
-19
-9
-3
-2
-2
5
8
20
22
29
37
50
57
61
62
60
51
46
53
52
55
56
63
62
58
60
55
54
51
41
46
37
36
29
14
6
-8
-19
-36
-39
-43
-41
-46
-48
-44
-45
-59
-54
-49
-51
-40
-44
-33
-34
-31
-10
-9
-20
-15
-15
-6
-4
1
4
-9
-16
-18
-14
-21
-25
-20
-10
-12
-17
-6
-13
-19
-10
-12
-13
-9
-4
3
8
2
17
32
34
32
34
24
18
16
14
14
14
15
11
3
-7
-9
-16
-12
-23
-15
-1
-7
-4
-3
-3
1
10
15
17
22
17
20
27
30
41
49
54
51
49
57
58
54
55
50
58
58
52
50
53
47
41
33
22
12
2
-1
-18
-30
-27
-35
-41
-48
-50
-55
-61
-60
-74
-78
-65
-53
-45
-44
-39
-43
-45
-48
-51
-50
-38
-36
-39
-42
-42
-46
-34
-21
-16
-7
-5
-2
5
10
12
5
3
18
13
12
17
26
35
29
31
34
26
23
24
18
10
19
20
20
26
26
26
29
21
18
12
9
6
-1
2
7
-3
-4
-9
-21
-5
0
-7
-1
-5
-3
-11
-4
3
-4
6
3
15
21
25
30
35
36
38
40
43
50
43
34
31
24
16
-2
-15
-30
-24
-22
-25
-31
-42
-43
-42
-32
-34
-40
-47
-36
-55
-53
-48
-55
-60
-63
-58
-64
-55
-43
-36
-26
-18
-18
-14
-8
-3
12
20
22
27
22
25
20
15
20
21
22
15
21
23
16
23
26
20
23
30
27
32
31
27
25
28
24
20
20
25
31
31
34
16
19
7
11
21
14
9
4
17
16
15
20
32
42
38
33
34
36
34
35
33
29
34
42
46
43
51
54
48
44
42
26
18
18
4
-7
-14
-22
-23
-38
-48
-63
-70
-78
-89
-89
-90
-88
-99
-105
-116
-121
-111
-108
-100
-94
-87
-79
-67
-56
-45
-41
-23
-29
-21
-25
-21
-18
-5
6
10
23
18
29
17
16
18
29
22
27
37
41
39
28
21
13
9
1
4
5
0
12
18
8
11
7
2
7
17
11
11
19
20
21
22
26
12
6
8
13
11
15
22
36
45
41
41
48
57
64
71
78
87
85
79
85
77
76
76
80
85
83
78
71
68
51
44
37
42
37
17
4
-6
-11
-27
-34
-53
-66
-72
-74
-78
-73
-67
-74
-76
-78
-79
-79
-87
-104
-111
-111
-114
-101
-100
-96
-92
-91
-86
-82
-74
-71
-67
-58
-46
-46
-33
-20
-26
-27
-13
-10
2
9
16
30
36
42
38
40
55
52
55
62
62
69
79
75
66
63
63
58
49
47
45
48
44
38
37
32
30
20
14
8
1
2
5
3
9
11
2
-4
-3
-1
-6
3
16
21
23
30
33
29
12
10
4
3
11
10
4
12
4
6
2
-10
-15
-15
-6
-6
-3
-5
0
-7
-8
-6
-26
-25
-29
-29
-27
-32
-27
-29
-30
-39
-48
-59
-64
-70
-75
-66
-63
-56
-58
-62
-60
-64
-59
-57
-64
-56
-43
-39
-22
-7
-4
4
6
6
6
20
30
35
36
49
53
55
63
59
63
60
58
65
65
66
72
73
65
63
57
56
46
47
39
37
43
34
38
26
30
18
20
14
12
7
9
4
1
-5
-19
-28
-33
-27
-28
-28
-31
-28
-23
-21
-23
-28
-26
-23
-27
-17
-25
-23
-18
-21
-16
-14
-9
-10
-13
-18
-15
-8
-10
-9
-8
-7
-7
-2
9
13
19
15
9
3
1
-1
0
-7
-13
-7
-18
-11
-17
-17
0
8
11
17
11
4
6
11
9
10
14
20
17
18
20
8
3
-10
-14
-20
-23
-13
-11
-16
-21
-15
-23
-30
-26
-22
-25
-12
-7
-16
-15
-17
-15
-19
-14
-9
-13
-4
8
1
12
11
5
7
6
-2
4
-2
7
4
4
6
2
6
5
8
9
9
7
5
5
17
9
10
14
0
-5
-17
-6
3
15
20
21
20
13
15
5
0
3
-1
-2
-1
-2
-2
-4
-2
-8
4
5
-4
7
2
7
11
6
7
5
4
8
6
6
11
7
8
6
2
3
2
1
-1
-2
-6
-6
6
9
-5
-13
-21
-26
-28
-30
-31
-27
-31
-32
-28
-14
-3
6
7
-7
-3
9
6
7
14
15
12
5
12
16
23
25
42
53
53
63
66
52
49
46
38
39
35
44
51
48
41
31
21
6
-6
-14
-19
-22
-26
-29
-37
-30
-43
-46
-47
-53
-43
-53
-58
-58
-69
-73
-71
-73
-63
-65
-62
-63
-77
-72
-78
-64
-54
-48
-47
-37
-38
-34
-32
-38
-28
-21
-17
-16
-8
6
22
23
29
32
32
30
31
33
45
44
42
47
51
45
44
48
54
48
61
75
71
71
71
67
58
58
58
59
59
59
60
53
47
50
46
45
39
38
39
38
42
35
39
31
14
13
6
9
7
4
11
10
6
3
-7
-20
-19
-10
-12
-5
-1
-4
-21
-35
-36
-43
-47
-49
-46
-49
-46
-48
-51
-57
-63
-67
-71
-83
-81
-76
-72
-54
-60
-66
-53
-49
-39
-37
-42
-40
-45
-38
-36
-29
-23
-18
-12
-20
-31
-37
-37
-32
-27
-27
-23
-20
-17
-27
-32
-27
-27
-25
-12
-12
-3
11
17
33
34
38
28
39
40
52
61
63
77
78
73
77
78
83
86
81
79
82
84
78
71
62
59
56
50
47
34
37
25
21
27
7
0
9
11
12
15
22
16
9
8
7
0
-11
-13
-13
-12
-17
-13
-8
-7
-12
-18
-27
-18
-29
-29
-20
-22
-28
-32
-38
-52
-48
-53
-58
-52
-44
-51
-46
-51
-55
-55
-57
-40
-37
-40
-37
-31
-36
-39
-31
-33
-35
-40
-31
-23
-31
-24
-35
-30
-29
-25
-20
-20
-18
-20
-12
-4
-7
-6
0
0
14
18
21
33
43
54
58
53
52
45
39
55
50
59
64
67
65
66
72
69
74
68
69
64
63
57
63
67
56
57
53
44
47
40
30
23
16
13
9
5
-2
-8
-24
-25
-27
-42
-45
-58
-64
-65
-57
-62
-53
-46
-61
-66
-74
-68
-59
-64
-53
-56
-51
-50
-55
-56
-55
-48
-48
-47
-49
-40
-50
-47
-49
-56
-47
-42
-29
-23
-14
-1
-9
-15
-9
-7
-4
-1
6
3
23
33
28
30
25
36
38
38
45
47
53
59
57
60
52
57
52
55
60
54
56
59
51
48
45
41
42
29
30
23
28
36
33
40
26
24
20
15
11
11
9
8
15
25
21
19
20
30
27
32
28
23
27
17
16
9
7
0
-12
-16
-15
-11
-16
-23
-31
-35
-34
-55
-56
-65
-67
-68
-78
-68
-70
-66
-65
-55
-55
-57
-64
-63
-60
-67
-68
-76
-75
-63
-61
-53
-52
-42
-37
-36
-32
-32
-21
-17
-16
-1
-5
4
3
7
7
7
15
14
22
22
21
27
28
22
31
32
39
55
52
56
56
38
36
24
31
32
33
36
39
35
30
21
24
34
30
35
26
28
36
29
34
33
35
37
32
39
30
39
38
41
34
30
22
16
12
-3
0
-2
-1
-12
-8
-3
-13
-17
-21
-27
-38
-49
-48
-44
-45
-36
-31
-33
-30
-29
-33
-26
-21
-20
-8
-3
-1
-4
-2
-11
-17
-10
-9
-14
-10
-9
-9
1
1
7
-2
-11
-6
-17
-12
-1
-1
4
7
9
14
13
15
12
7
4
7
14
11
9
15
15
14
15
20
17
18
28
25
38
42
28
23
10
8
-1
-7
3
7
4
2
-3
-12
-6
-18
-16
-8
-5
0
-8
-7
-9
-14
-24
-27
-35
-30
-35
-36
-23
-24
-26
-17
-23
-28
-22
-27
-30
-20
-21
-24
-17
-22
-13
-16
-14
-13
-14
-11
-10
-12
-20
-15
-12
-10
-6
-8
-7
-6
-4
-4
-13
-9
-1
4
13
10
6
11
1
4
10
13
13
13
22
14
15
15
15
13
19
25
34
33
16
15
10
14
18
24
29
17
16
11
15
14
16
17
8
10
6
7
13
6
12
29
24
27
32
28
28
21
20
15
12
15
12
14
19
24
19
15
12
19
16
14
7
9
19
13
7
7
6
2
-3
-9
-4
-6
-2
-11
-15
-10
-15
-12
-15
-15
-17
-15
-15
-17
-23
-28
-31
-27
-27
-32
-31
-35
-33
-32
-29
-25
-27
-27
-28
-27
-29
-31
-39
-38
-40
-42
-38
-28
-31
-24
-25
-20
-12
-19
-9
-13
-10
7
14
16
19
11
9
7
6
10
9
11
19
25
28
25
20
31
32
25
26
33
37
39
47
49
46
49
45
44
45
41
41
34
31
31
31
24
20
18
15
6
-2
-3
-1
-2
-6
-10
-14
-14
-17
-25
-29
-29
-33
-37
-31
-36
-48
-55
-66
-56
-59
-62
-63
-55
-53
-45
-38
-46
-31
-34
-38
-33
-32
-27
-24
-21
-24
-29
-34
-29
-24
-18
-18
-6
-3
-2
7
8
15
13
15
19
19
19
22
26
29
36
43
44
46
48
53
51
47
55
46
53
55
51
50
52
48
48
48
37
44
43
34
35
32
30
26
23
23
22
17
15
18
19
8
6
2
-1
-12
-21
-15
-11
-10
-15
-17
-14
-16
-21
-26
-30
-29
-38
-35
-36
-30
-26
-19
-16
-17
-28
-27
-20
-19
-9
-2
0
-3
-3
-3
-6
-12
-20
-25
-18
-10
-6
-6
-4
-9
-16
-23
-23
-16
-12
-8
0
1
4
2
-1
-2
-3
-8
-4
0
2
5
3
11
9
15
9
7
-1
-2
-7
-10
-10
-10
-3
-12
-11
-13
-14
-8
-12
-17
-13
-14
-14
-15
-15
-16
-17
-10
-10
-6
-2
6
11
11
15
8
6
5
-5
-2
-2
-2
0
6
0
-4
-9
-10
-5
1
7
15
19
31
34
28
28
26
28
20
21
26
32
38
36
35
26
21
14
11
13
15
20
17
19
26
26
16
6
0
-1
-9
-6
-9
-8
-2
-11
-6
-4
-15
-12
-15
-26
-26
-21
-15
-10
-5
1
-7
-14
-21
-23
-20
-19
-17
-13
-10
-6
-3
-7
-8
-13
-17
-19
-17
-1
-2
-1
7
2
2
1
-6
-7
-5
-1
0
2
6
-1
1
-1
-4
-1
-7
-6
0
4
7
9
15
16
16
12
5
1
6
9
9
15
14
16
20
15
10
5
5
9
1
11
19
14
17
18
15
7
6
-4
-5
-2
0
-5
-10
-13
-16
-15
-22
-23
-21
-23
-27
-27
-24
-20
-24
-28
-24
-25
-29
-28
-27
-25
-25
-21
-23
-27
-17
-21
-19
-15
-9
-7
-4
4
3
5
3
-2
2
-7
-2
2
10
14
17
23
25
21
15
17
14
25
25
26
33
34
37
28
20
18
9
3
6
6
5
7
10
13
17
14
7
9
3
4
7
12
17
21
21
22
20
10
15
9
10
10
6
11
6
4
6
-1
-8
-4
-4
-8
-8
-7
-5
-9
-5
-7
-9
-11
-14
-14
-12
-9
-6
-6
-8
-10
-11
-9
-14
-12
-12
-7
-8
-9
-13
-11
-12
-14
-17
-20
-17
-12
-16
-12
-11
-10
-6
-6
-8
-7
-2
0
-1
7
10
8
11
10
9
6
2
1
1
6
4
2
8
8
5
2
-3
-6
-6
-9
-3
1
3
2
0
-5
-3
-5
-3
-2
2
5
8
14
14
13
18
12
4
4
1
6
5
13
12
8
4
-2
-11
-10
-14
-17
-8
-6
0
-3
-8
-9
-13
-17
-19
-17
-11
-4
-2
1
5
9
-2
-1
-2
-6
-7
-10
-7
-3
-7
-2
-2
-3
-8
-17
-11
-13
-8
0
1
7
11
11
7
6
3
11
7
6
11
11
13
13
12
8
11
13
8
13
14
12
9
15
20
21
24
18
17
16
12
7
15
14
14
13
11
12
13
9
2
2
2
2
-1
-2
1
-1
-4
-6
-7
-10
-10
-7
-8
-4
0
1
-2
-1
-4
-4
-9
-9
-9
-3
1
2
0
-8
-9
-13
-19
-17
-17
-15
-16
-19
-20
-25
-23
-28
-28
-24
-24
-21
-20
-20
-21
-22
-17
-15
-19
-19
-11
-12
-9
-7
-7
1
-3
0
-2
1
3
1
2
5
5
3
6
6
4
8
3
5
8
6
6
8
12
9
12
12
14
16
19
22
18
19
19
14
14
19
12
14
11
6
8
11
15
20
19
21
16
9
10
5
5
4
6
14
15
16
14
12
12
5
1
1
6
4
1
0
2
-2
-5
-7
-10
-5
-9
-12
-8
-6
-9
-9
-7
-7
-13
-16
-11
-9
-8
-3
-3
-11
-10
-14
-13
-13
-15
-10
-6
0
-2
-5
-5
-6
-10
-14
-14
-11
-8
-10
-4
-2
-7
-11
-14
-14
-12
-18
-18
-11
-10
-10
-14
-9
-7
-8
-7
0
3
4
4
11
17
16
16
11
13
12
5
5
9
9
11
14
15
16
14
14
14
11
13
15
14
14
19
18
19
18
16
13
8
7
6
5
6
6
4
8
6
7
8
1
5
7
9
7
3
7
2
0
-2
-5
-3
-6
-10
-5
-5
-5
-4
-5
-6
-5
-5
-6
-8
-10
-13
-19
-21
-19
-21
-22
-21
-22
-27
-22
-21
-22
-24
-22
-19
-18
-8
-4
0
4
2
1
1
1
1
2
3
0
1
2
4
6
3
5
2
-1
2
2
-1
2
4
3
0
-4
-7
-5
-6
-2
-1
-2
1
2
5
5
4
9
10
6
5
9
10
11
9
7
8
5
3
-2
1
3
6
10
5
10
9
11
4
7
6
7
10
6
4
0
5
6
8
5
3
7
6
7
6
4
0
4
1
0
-1
-4
-1
-2
1
0
0
2
1
0
-3
-6
-4
-5
-9
-11
-13
-10
-9
-6
-2
-2
2
-2
-1
4
-1
3
5
3
2
-1
1
-1
0
-4
-5
-2
-3
-4
-8
-6
-6
-4
-5
-8
-5
-7
-7
-2
-2
2
1
2
-7
-6
-4
-2
2
-1
1
3
5
6
6
7
9
7
9
9
11
7
5
8
9
8
4
3
1
3
2
6
8
7
5
3
3
-1
-1
3
3
1
-2
-3
-3
-3
-2
-4
1
2
3
6
3
-1
0
2
2
1
1
0
-6
-8
-8
-9
-6
-10
-12
-11
-14
-14
-13
-10
-11
-11
-9
-12
-11
-13
-12
-13
-15
-17
-11
-7
-11
-12
-10
-12
-10
-12
-7
-2
1
3
3
7
8
2
0
-1
-6
-2
-1
4
4
7
5
7
4
8
9
7
7
10
14
16
16
15
19
16
9
7
10
9
13
15
18
15
11
8
7
7
7
11
12
13
11
10
9
5
1
0
-1
-4
-4
-2
3
2
2
-2
-7
-8
-10
-13
-12
-7
-6
-5
-3
0
-3
-6
-3
-4
-5
-7
-2
2
3
7
6
4
1
-1
-7
-6
-6
0
1
2
1
0
0
-3
-6
-8
-8
-10
-7
-6
-3
-2
-3
-3
-2
-1
-1
2
5
7
9
11
13
11
11
6
5
9
7
9
14
11
8
5
-1
-5
-11
-9
-9
-7
-4
-6
-1
-6
-6
-7
-10
-14
-12
-6
-3
4
6
5
0
-4
-7
-11
-13
-12
-14
-10
-6
-5
-7
-9
-9
-14
-12
-12
-13
-10
-6
-3
1
3
-2
0
0
-1
-3
-3
0
3
3
4
4
1
-1
0
-1
-1
0
0
2
5
7
5
3
3
0
1
3
3
5
3
8
7
7
7
9
8
4
0
-2
0
0
0
-2
1
0
1
-3
-2
1
1
4
8
6
5
7
5
4
2
5
9
9
14
17
14
14
13
13
11
5
6
5
9
12
12
14
14
14
9
6
4
2
5
6
10
13
14
9
7
2
-3
-7
-8
-6
-6
-3
-2
-3
-3
-9
-12
-11
-14
-15
-13
-11
-10
-10
-9
-10
-15
-15
-17
-15
-15
-14
-10
-12
-11
-10
-11
-12
-11
-13
-13
-12
-10
-11
-13
-12
-11
-11
-12
-10
-12
-12
-7
-6
-4
-4
-2
-2
-6
-5
-6
-5
-7
-7
-1
0
0
-3
-3
-8
-8
-8
-7
1
4
10
10
9
10
7
5
2
4
9
10
12
16
18
16
19
13
13
10
13
14
17
18
20
22
19
18
14
14
10
8
8
8
11
12
8
7
3
0
0
1
2
3
1
4
7
3
3
2
1
-1
2
3
4
2
4
4
1
0
-2
-3
-10
-7
-11
-10
-9
-9
-2
-3
-2
-2
-7
-8
-11
-11
-12
-13
-10
-12
-12
-9
-9
-9
-9
-7
-10
-9
-9
-9
-9
-7
-5
-2
4
-1
-1
-3
-6
-7
-12
-8
-7
-2
1
2
9
7
9
9
7
10
8
12
11
10
11
11
11
9
7
6
9
7
7
10
9
9
8
7
9
7
7
6
5
4
4
-2
-2
-3
-2
1
-1
-1
-6
-6
-4
-7
-8
-8
-9
-9
-7
-5
-4
-5
-7
-5
-6
-5
-4
-4
-4
-3
-5
-6
-6
-6
-4
-7
-7
-6
-3
-3
-1
0
0
4
4
2
-2
-6
-6
-6
-6
-3
-4
-3
-5
-5
-4
-6
-4
-7
-10
-9
-7
-6
-3
-5
0
-1
-4
0
-2
-3
-3
-2
-2
-1
-2
-2
-1
-1
-5
-5
-6
-6
-4
-1
2
3
5
7
7
7
8
7
7
8
8
12
12
15
16
15
15
16
16
15
15
17
20
22
22
21
18
13
10
11
14
13
16
15
13
10
5
2
-1
-1
-3
-9
-8
-6
-8
-7
-9
-8
-13
-15
-13
-13
-13
-10
-9
-8
-3
-6
-7
-12
-13
-10
-11
-9
-4
-5
-3
-3
-5
-5
-1
-6
-2
-2
-3
-1
-2
-4
-7
-4
-6
-4
-3
-3
-3
-2
0
0
2
2
0
2
1
0
0
0
-2
-1
-3
-2
-5
-4
-4
-7
-7
-6
-5
-2
2
4
5
4
3
2
2
4
3
2
5
8
5
7
9
6
5
3
-1
1
0
4
3
2
2
0
1
-3
-3
-1
-2
-2
-3
0
0
-1
-3
-3
-3
-3
-4
-3
-2
-1
-2
-5
-4
-5
-1
-2
-3
0
-1
-1
-3
-6
-9
-12
-11
-11
-11
-10
-11
-9
-5
-3
-1
0
0
-2
-3
-2
-3
1
3
5
5
8
13
14
14
15
16
13
15
12
15
14
16
21
17
17
13
12
10
11
12
14
16
13
13
12
8
5
4
4
2
4
4
3
1
-5
-3
-2
-5
-6
-5
-7
-7
-4
-5
-4
-3
-5
-7
-7
-7
-9
-7
-6
-5
-4
-6
-10
-13
-12
-13
-10
-8
-8
-11
-9
-11
-8
-8
-3
-5
-3
-3
-5
-5
-8
-4
-5
-3
-2
-2
-3
-4
-5
-3
-1
-2
-1
0
0
1
1
0
0
0
0
-3
-1
2
2
3
3
3
2
1
4
4
3
7
7
7
8
6
1
3
1
-2
1
-3
-3
0
0
-1
-3
1
-2
-2
-3
-5
-5
-6
-6
-8
-7
-6
-8
-6
-9
-6
-4
-6
-7
-6
-3
-6
-4
-2
-2
-3
-2
-2
2
4
5
7
11
9
10
9
9
10
10
9
10
8
6
4
2
2
0
-2
-1
-1
1
2
3
3
4
5
3
3
4
5
2
2
3
1
3
2
0
-1
-1
-1
-1
-3
-4
-3
-3
-3
-4
-4
-3
-2
-2
0
2
3
2
2
2
3
3
4
6
8
5
5
7
7
9
8
7
5
5
6
9
9
12
13
10
10
9
7
5
1
2
4
1
2
3
5
3
-1
0
-1
-2
-5
-8
-6
-5
-4
-4
-5
-4
-3
-8
-6
-7
-6
-8
-8
-9
-11
-11
-14
-13
-14
-14
-14
-13
-15
-14
-12
-11
-11
-11
-7
-8
-11
-9
-7
-6
-3
-2
-3
-1
-1
-3
-6
-6
-6
-4
-2
-1
-2
-3
-5
-8
-7
-9
-9
-6
-4
-3
0
0
2
5
6
7
10
10
11
15
14
17
16
13
10
9
9
7
5
3
1
2
3
3
5
7
8
8
7
11
11
11
13
14
13
12
13
12
11
10
8
9
9
8
9
8
5
9
8
5
5
4
3
2
2
2
2
0
-2
-4
-8
-11
-11
-11
-14
-12
-13
-12
-11
-14
-12
-13
-13
-13
-14
-13
-13
-11
-10
-11
-8
-6
-3
-4
-4
-4
-6
-5
-2
0
3
4
5
2
2
0
-3
-1
0
-1
0
0
-1
1
3
3
3
4
4
4
5
2
4
1
1
2
3
4
2
1
2
3
5
4
