0
0
-1
-1
0
-1
-1
-2
-2
-1
-2
-2
-3
-3
-2
-2
-3
-1
-1
0
0
-2
-1
-1
0
-2
-3
-2
-2
-2
-1
-1
0
-1
0
-1
0
1
0
-1
-1
1
1
1
2
2
3
2
1
1
1
2
1
0
-1
0
1
0
1
0
2
1
0
1
3
4
3
4
3
3
3
2
1
1
0
0
-2
-2
-1
-2
-2
-2
-1
0
-1
-1
-2
0
0
0
-1
0
0
0
-1
-2
-2
-2
-2
-1
-2
-2
-1
-2
-2
-2
-3
-3
-1
-2
-2
-2
-2
-2
-1
-1
0
1
-1
-2
0
-1
0
-1
-1
1
1
2
-1
0
1
1
0
1
0
1
1
-1
-1
0
-1
-1
-1
0
1
0
1
0
0
0
0
-1
0
0
0
1
1
0
0
0
1
1
1
0
2
1
1
0
0
1
0
0
1
1
2
2
2
2
3
2
1
2
4
2
2
2
2
3
2
1
1
3
1
1
1
0
2
1
1
0
1
0
0
0
-1
0
1
-1
0
0
-1
1
0
0
0
0
-1
-2
-3
-3
-4
-4
-3
-3
-3
-3
-4
-3
-3
-2
-3
-3
-3
-2
-3
-2
-2
-2
-3
-2
0
-2
-1
0
0
1
0
0
2
1
-1
0
-1
0
-1
0
-1
0
-1
-1
-1
-1
-2
-2
-2
-1
-1
2
2
2
4
4
3
2
2
2
2
3
2
2
3
2
2
2
2
1
1
1
1
1
2
3
4
2
2
1
2
2
3
2
3
4
2
1
1
0
0
0
1
1
1
1
0
1
-1
-2
-1
-2
-1
-2
-1
-1
0
1
0
1
0
-1
-2
-2
-2
-2
-1
0
-1
0
0
0
1
0
-1
-2
-1
-1
-2
-2
-2
-2
-1
-3
-3
-3
-2
-3
-3
-2
-1
-1
-2
-2
-1
0
1
0
0
2
1
1
-1
-1
0
-1
-2
-2
-1
1
2
1
1
1
2
-1
-2
-1
0
-1
-1
-1
-1
0
-1
-2
-2
-3
-3
-2
-3
-2
-1
-1
-1
-1
0
1
0
0
1
2
1
2
1
1
2
2
1
2
2
2
2
2
3
3
5
4
3
3
3
3
3
3
3
3
3
1
2
2
2
3
2
2
2
1
1
0
1
2
1
1
1
2
2
0
0
0
1
0
1
0
-1
-1
-2
-2
-3
-3
-2
-2
-3
-1
-1
-2
-2
-2
-2
-2
-1
-1
-2
-1
-1
-1
0
-1
0
0
0
0
-1
1
-1
1
1
1
2
1
-1
-1
0
-2
-2
-2
-2
-1
-3
-2
-2
-2
-1
-2
-1
-2
-2
-3
-2
-1
-1
-1
-2
-2
-1
-1
-1
-2
-1
-2
-2
-3
-2
-2
-2
-3
-2
-1
-2
-2
0
-1
0
-1
-2
-2
-1
-1
-1
0
0
2
1
1
1
2
1
0
1
1
1
1
1
2
2
2
2
2
3
4
2
2
3
3
3
2
2
2
1
0
1
1
2
2
3
4
2
1
1
0
0
0
1
1
0
0
0
1
1
1
1
2
3
3
2
2
3
2
3
3
3
2
2
1
0
-1
-1
-2
-2
-2
-2
-1
-2
-1
-2
-1
-1
-1
-2
-1
0
0
-1
0
2
0
-1
0
1
1
1
0
0
1
1
2
2
1
2
2
1
1
1
2
1
0
2
2
2
1
3
1
1
1
1
2
2
3
1
0
0
-1
-2
-1
-2
-3
-2
-3
-3
-3
-3
-3
-3
-3
-3
-3
-3
-3
-3
-3
-3
-3
-3
-3
-4
-3
-5
-5
-5
-4
-4
-4
-3
-4
-4
-3
-5
-5
-4
-3
-3
-3
-3
-3
-2
-2
-2
-2
-1
-2
-1
-1
-1
-1
0
0
1
0
0
0
0
0
0
0
0
2
1
2
3
2
3
3
4
4
2
3
5
5
5
5
7
7
7
7
6
6
6
6
5
4
4
4
4
4
4
4
4
4
4
4
4
3
2
4
4
4
5
4
4
3
4
4
3
2
2
2
2
2
1
2
1
0
0
-1
-1
-1
-1
-2
-1
-2
-3
-4
-3
-4
-3
-4
-5
-5
-5
-6
-6
-6
-6
-6
-5
-5
-5
-4
-4
-6
-6
-6
-6
-6
-6
-6
-7
-5
-5
-4
-3
-3
-3
-3
-2
-1
0
0
0
0
1
1
1
1
1
0
0
-2
-1
-2
-1
0
0
-1
-2
-2
-1
-1
-2
-1
-1
-1
-1
-1
-1
0
0
0
1
1
2
3
2
4
5
4
4
6
5
5
4
5
4
4
3
2
3
4
3
2
3
2
1
0
0
0
1
0
1
0
-1
-2
-1
-2
-1
-1
0
0
0
1
2
2
1
1
1
1
1
1
2
2
2
0
0
1
1
0
-1
-1
0
-2
-2
-3
-3
-1
-1
-1
0
-1
1
0
1
1
1
2
1
2
2
2
2
2
1
2
2
1
1
1
3
2
2
2
4
4
4
2
3
5
4
3
3
2
3
3
2
2
1
1
0
0
0
1
0
0
-1
0
0
-2
-2
-2
-1
-2
-2
-2
-1
-3
-2
-3
-3
-3
-4
-4
-4
-4
-4
-5
-4
-5
-5
-6
-5
-6
-5
-6
-6
-6
-5
-6
-6
-7
-6
-5
-5
-4
-3
-4
-2
-3
-3
-2
-3
-2
-4
-4
-6
-5
-3
-3
-2
-1
-1
-2
0
0
0
0
1
0
2
2
2
1
2
2
1
1
2
4
3
4
3
5
4
5
5
5
6
6
5
6
5
6
5
4
4
6
6
4
3
4
3
3
2
2
2
2
4
2
3
3
4
3
2
3
4
3
1
2
2
2
1
0
0
1
3
1
1
0
4
3
3
4
3
2
2
1
2
2
1
1
1
2
1
-1
-1
-2
0
1
-1
-2
-3
-3
-1
-2
-3
-4
-2
-2
-4
-3
-2
-2
-2
-3
-3
-3
-2
-5
-4
-3
-2
-1
-2
-2
-2
-4
-3
-3
-3
-3
-4
-3
-3
-3
-2
-4
-3
-3
-3
-4
-5
-6
-5
-4
-2
-1
-2
0
-1
-1
-1
0
-1
-1
-1
0
2
2
2
2
3
5
5
3
2
2
3
2
2
2
2
3
1
1
2
2
2
1
2
2
3
1
1
3
1
0
-1
1
2
0
1
1
0
0
-1
-1
-1
0
0
0
1
0
0
-1
-2
-1
-1
-3
-3
-3
-3
-1
-3
-1
-1
0
-1
-1
0
0
-1
-2
-3
-3
-2
-2
1
0
0
0
-1
1
0
0
0
2
3
3
4
5
5
5
5
5
6
5
5
5
4
4
4
3
3
3
4
4
3
3
3
2
1
2
4
4
3
3
4
4
3
2
0
1
1
1
-2
-2
-2
-2
-2
-2
-3
-5
-7
-5
-6
-6
-7
-9
-9
-9
-10
-9
-10
-8
-8
-8
-6
-7
-6
-6
-5
-6
-5
-3
0
1
2
1
1
2
3
3
5
3
2
2
4
5
6
6
8
0
-11
-14
3
29
17
-8
-24
-7
16
21
17
5
6
4
4
5
10
10
4
-3
-1
9
10
3
-8
-10
1
1
-5
-14
-15
-8
-11
-17
-25
-16
0
-5
-15
-21
-12
-5
-6
-1
5
12
11
11
12
23
31
27
22
16
20
19
15
11
7
10
2
-6
-14
-13
-12
-17
-23
-30
-29
-26
-24
-24
-22
-14
-10
-8
-7
-1
5
7
7
12
16
17
15
13
15
18
18
14
11
7
4
-1
-4
-6
-9
-12
-19
-18
-19
-20
-19
-20
-16
-16
-17
-17
-14
-5
-1
-2
0
4
9
17
20
19
24
25
26
25
27
30
25
20
15
17
19
16
11
5
4
3
2
-1
0
1
-2
-4
-4
-1
3
2
1
6
6
4
2
5
10
12
7
4
3
12
18
11
0
-7
-5
-5
-4
-10
-10
-16
-24
-30
-30
-28
-29
-38
-46
-46
-41
-37
-39
-38
-36
-30
-29
-27
-21
-9
-4
-6
-6
-1
14
23
22
20
20
27
28
28
29
30
31
21
14
11
12
12
2
-8
-10
-4
-3
-5
-4
0
3
-1
-1
7
18
26
27
27
27
32
34
37
37
35
31
21
18
15
14
12
7
1
-5
-7
-10
-12
-20
-23
-35
-59
-83
-80
-46
-8
-10
-62
-110
-116
-75
-36
-28
-40
-44
-30
-12
11
32
54
64
68
77
97
112
106
93
88
102
104
71
26
-7
-16
-19
-31
-52
-75
-99
-123
-129
-119
-96
-82
-82
-77
-52
-15
17
34
46
67
92
106
110
118
127
133
138
137
132
122
96
68
53
48
43
13
-30
-63
-77
-82
-90
-106
-128
-145
-161
-161
-144
-130
-138
-146
-137
-112
-80
-57
-37
-17
10
34
59
81
101
110
110
107
106
110
103
85
64
49
33
16
-10
-31
-52
-75
-100
-122
-124
-117
-117
-125
-126
-114
-88
-61
-43
-29
-8
11
35
65
94
127
151
158
164
173
183
179
173
166
154
132
108
76
50
32
6
-20
-58
-79
-101
-122
-140
-155
-161
-173
-178
-177
-163
-139
-127
-122
-108
-84
-42
-17
-3
9
25
63
100
125
142
155
149
147
153
170
182
161
126
91
77
89
76
47
8
-33
-63
-99
-113
-116
-112
-130
-153
-155
-127
-86
-70
-66
-56
-9
39
70
89
116
149
157
155
161
183
193
181
145
121
103
80
48
9
-15
-38
-81
-113
-143
-143
-147
-167
-208
-299
-423
-472
-356
-160
-73
-233
-449
-527
-373
-176
-119
-127
-136
-73
3
62
136
217
306
344
390
453
502
499
444
437
476
485
379
205
69
32
28
-41
-137
-256
-355
-452
-552
-566
-507
-411
-421
-494
-472
-339
-170
-52
44
129
227
318
405
492
606
692
686
658
651
695
677
579
497
468
456
375
183
-7
-128
-152
-165
-261
-390
-516
-608
-673
-641
-550
-489
-499
-543
-533
-407
-227
-94
-33
6
109
222
348
373
313
228
226
251
103
-125
-236
-97
-13
-227
-652
-939
-842
-587
-533
-689
-810
-742
-553
-440
-326
-172
24
187
287
460
648
783
835
818
911
996
961
788
599
531
500
395
189
-18
-171
-296
-435
-546
-580
-561
-560
-577
-624
-551
-387
-231
-158
-88
46
169
286
381
517
643
707
702
654
686
758
835
780
653
540
408
315
224
129
23
-104
-232
-366
-459
-512
-533
-590
-651
-655
-627
-530
-486
-432
-366
-278
-170
-85
36
178
243
249
229
231
238
195
123
33
-43
-148
-260
-375
-482
-574
-641
-693
-707
-662
-650
-596
-513
-376
-248
-146
-31
73
249
395
481
534
586
661
694
676
628
561
482
349
202
114
85
28
-62
-178
-269
-288
-300
-301
-291
-250
-180
-128
-95
-46
44
141
224
349
463
482
451
423
504
598
594
484
380
357
398
359
212
113
55
-8
-127
-227
-246
-278
-386
-555
-602
-537
-464
-473
-528
-568
-688
-841
-861
-481
2
80
-383
-838
-739
-284
60
38
-104
-59
129
257
236
257
357
479
569
620
713
683
544
399
418
644
752
538
119
-156
-143
-71
-119
-265
-443
-609
-779
-843
-722
-496
-365
-393
-474
-359
-98
109
258
346
489
608
685
748
819
922
982
1002
998
942
769
509
345
348
428
361
86
-282
-559
-606
-515
-413
-463
-668
-892
-1020
-944
-773
-615
-587
-601
-527
-398
-235
-110
72
240
293
72
-234
-508
-419
18
575
731
23
-950
-1475
-1060
-364
-137
-461
-849
-865
-645
-567
-560
-262
177
538
551
501
648
833
1015
1074
1246
1510
1478
1126
560
284
430
632
632
291
-196
-630
-867
-808
-565
-415
-506
-775
-983
-829
-450
-98
-72
-124
72
387
583
568
570
728
952
1145
1218
1113
1008
881
882
948
943
800
436
79
-80
-79
-76
-204
-501
-839
-1084
-1114
-1036
-995
-1043
-1123
-1107
-970
-795
-653
-567
-449
-207
10
190
338
427
499
531
657
777
832
740
551
361
332
181
-414
-1015
-997
16
415
-505
-2080
-2672
-1730
-704
-632
-1355
-1665
-1239
-653
-599
-570
-188
374
682
641
900
1329
1583
1518
1306
1595
2014
2103
1687
986
728
759
838
697
328
-131
-549
-907
-1042
-1024
-969
-1054
-1351
-1489
-1339
-1051
-884
-897
-785
-403
-70
77
33
198
622
1032
1298
1310
1276
1296
1374
1478
1500
1506
1444
1211
827
494
356
373
256
-84
-488
-792
-895
-990
-1104
-1145
-1145
-1133
-1146
-1112
-949
-821
-667
-446
-76
301
461
442
374
493
652
827
866
853
550
-22
-463
-327
329
473
-279
-1414
-1841
-1422
-893
-931
-1246
-1290
-1012
-829
-976
-928
-466
169
525
491
508
721
993
1180
1309
1554
1666
1460
1075
732
629
651
617
376
-50
-508
-848
-1020
-1025
-981
-1029
-1097
-1265
-1388
-1294
-1050
-697
-477
-329
-171
19
323
571
755
857
987
1166
1394
1576
1566
1341
1112
1078
1183
1235
1014
562
162
-18
67
81
-138
-493
-904
-1127
-1121
-949
-801
-862
-1034
-1126
-1039
-774
-459
-191
18
156
201
271
475
831
1073
1041
846
695
766
780
667
430
296
206
-26
-551
-1188
-1304
-902
-358
-631
-1576
-2340
-2240
-1441
-932
-1007
-1345
-1322
-975
-543
-213
98
410
539
605
778
1203
1648
1729
1652
1551
1649
1711
1454
1124
869
774
586
205
-188
-443
-704
-965
-1121
-1044
-970
-1199
-1490
-1605
-1280
-764
-465
-460
-510
-337
27
317
606
1002
1217
1237
1131
1220
1494
1620
1557
1358
1320
1384
1207
816
460
398
418
235
-94
-369
-579
-778
-929
-965
-898
-970
-1144
-1239
-1080
-824
-732
-707
-469
-173
79
41
98
374
573
571
270
97
83
8
-52
77
293
169
-672
-1528
-1615
-1002
-456
-689
-1297
-1504
-1280
-898
-690
-543
-219
-1
84
149
464
982
1198
1185
1240
1443
1604
1395
1016
843
864
843
592
176
-163
-431
-623
-736
-836
-856
-930
-966
-952
-1001
-915
-741
-484
-225
-117
25
227
408
593
815
1052
1215
1179
1057
965
1082
1397
1502
1285
889
616
591
522
381
266
111
-135
-570
-906
-978
-897
-879
-1067
-1278
-1331
-1276
-1244
-1103
-824
-543
-421
-437
-279
30
362
476
519
664
876
953
804
687
762
882
763
509
260
182
-302
-954
-1295
-697
197
-108
-1465
-2685
-2371
-1230
-620
-1094
-1600
-1492
-949
-718
-799
-391
269
775
739
677
1086
1452
1547
1525
1822
2390
2366
1727
986
881
1295
1483
1135
462
-89
-453
-622
-729
-668
-664
-932
-1398
-1744
-1548
-1089
-823
-868
-1007
-881
-551
-303
-32
265
681
951
983
941
987
1220
1402
1555
1622
1595
1436
1132
784
558
547
561
485
146
-391
-836
-1057
-953
-791
-786
-1013
-1345
-1492
-1376
-1069
-806
-633
-539
-395
-264
-156
-19
214
510
605
463
269
282
279
-23
-372
-243
321
426
-389
-1568
-1900
-1279
-633
-763
-1350
-1535
-1279
-999
-963
-859
-468
-79
-2
-16
309
899
1327
1338
1250
1468
1757
1785
1452
1150
1157
1225
1129
720
240
-93
-261
-357
-520
-645
-735
-836
-983
-1150
-1070
-807
-556
-467
-434
-281
-54
125
341
652
883
877
755
816
1117
1349
1311
1101
922
920
946
925
790
596
409
186
36
-31
-110
-302
-595
-820
-870
-822
-776
-826
-883
-912
-892
-808
-641
-433
-253
-178
-119
48
236
415
511
582
633
634
558
434
417
433
396
31
-673
-1129
-879
30
152
-891
-2193
-2390
-1469
-736
-1046
-1740
-1784
-1196
-622
-675
-635
-262
241
480
486
815
1284
1523
1503
1421
1678
1961
1890
1471
1062
966
1049
1024
670
152
-410
-691
-726
-678
-706
-1022
-1394
-1616
-1516
-1045
-714
-790
-1069
-1082
-594
-126
53
169
411
745
885
874
978
1260
1514
1632
1586
1573
1565
1333
1071
952
1112
1160
838
358
-38
-154
-133
-213
-371
-603
-885
-1142
-1263
-1102
-900
-916
-1072
-1088
-867
-691
-693
-675
-397
-34
221
152
95
49
33
-35
-143
-63
-69
-78
-85
-155
-420
-834
-1191
-1120
-948
-939
-1116
-1223
-937
-668
-689
-864
-759
-187
400
625
614
657
923
1204
1359
1467
1634
1710
1567
1165
796
735
866
910
592
22
-404
-613
-628
-641
-717
-690
-671
-728
-930
-1019
-792
-343
-11
34
-53
-51
126
311
438
588
829
1085
1129
902
667
684
945
1156
1171
989
703
422
255
353
563
570
174
-359
-638
-601
-459
-477
-601
-735
-892
-1026
-1051
-806
-491
-393
-535
-583
-317
25
119
6
4
223
428
390
210
184
327
441
339
196
-181
-783
-1154
-877
121
405
-563
-1971
-2338
-1427
-574
-823
-1478
-1482
-909
-513
-828
-906
-379
257
487
366
639
1145
1235
951
824
1426
2105
1999
1211
544
560
976
1127
786
310
-151
-431
-560
-541
-400
-508
-872
-1150
-1117
-708
-468
-586
-757
-673
-213
77
162
235
443
654
799
984
1205
1316
1103
933
1072
1439
1674
1372
950
678
705
814
740
624
416
158
-152
-359
-388
-327
-394
-672
-880
-925
-831
-755
-841
-860
-850
-753
-693
-721
-588
-445
-274
-228
-265
-198
-151
-246
-438
-616
-557
-352
-219
-98
-273
-825
-1402
-1611
-1100
-505
-548
-1107
-1611
-1464
-884
-477
-236
-113
1
89
79
332
845
1348
1646
1669
1585
1501
1308
1247
1352
1491
1487
1139
650
214
-78
-143
-55
35
-88
-573
-998
-1049
-830
-516
-423
-438
-420
-474
-456
-408
-120
299
518
484
384
426
628
799
906
1124
1262
1214
960
749
889
1122
1161
924
581
451
298
49
-131
-145
-106
-301
-698
-995
-1043
-955
-879
-897
-907
-919
-1021
-1109
-973
-675
-370
-380
-526
-637
-555
-246
-28
164
139
59
-36
-34
3
166
-23
-438
-630
-206
584
314
-811
-1772
-1424
-377
-22
-780
-1429
-1258
-600
-382
-732
-684
-221
274
354
232
441
773
871
935
1131
1586
1746
1378
888
804
1236
1686
1560
878
170
-197
0
316
368
73
-455
-817
-891
-683
-301
-199
-433
-741
-790
-450
-163
-96
-46
217
555
633
457
323
531
837
1086
1127
1082
1066
913
771
687
806
998
953
670
207
-126
-192
-135
-133
-362
-750
-1081
-1192
-1160
-1110
-1165
-1222
-1139
-1066
-1062
-1136
-1064
-735
-434
-308
-326
-255
43
300
207
-14
-78
84
253
112
67
109
-45
-444
-907
-950
-709
-684
-978
-1211
-1109
-772
-739
-928
-956
-657
-100
236
317
414
592
898
1151
1292
1462
1583
1597
1510
1370
1283
1276
1197
1025
696
371
215
109
-68
-312
-485
-453
-475
-712
-831
-832
-615
-545
-648
-596
-330
-112
-64
-125
77
513
726
736
624
820
1184
1275
1187
1069
1119
1240
1123
1048
1014
919
631
244
105
160
79
-264
-632
-812
-802
-912
-1142
-1270
-1317
-1282
-1342
-1416
-1278
-1153
-1078
-1071
-984
-656
-382
-279
-332
-338
-127
129
300
289
273
263
275
-122
-510
-437
215
857
319
-906
-1704
-1222
-219
-30
-806
-1409
-1261
-663
-538
-855
-796
-266
236
306
141
305
733
968
1077
1322
1836
2111
1752
1122
991
1487
2084
1989
1230
475
165
347
503
412
151
-179
-517
-856
-865
-617
-403
-598
-975
-964
-587
-204
-203
-322
-257
43
314
415
404
482
632
788
1001
1164
1206
1065
814
727
843
988
962
621
215
-105
-255
-318
-456
-701
-961
-1154
-1274
-1379
-1527
-1611
-1547
-1376
-1237
-1275
-1361
-1267
-1000
-694
-514
-444
-285
10
255
295
109
126
325
472
414
189
241
377
202
-295
-739
-753
-461
-447
-806
-1108
-1141
-832
-603
-626
-640
-579
-229
187
472
625
620
777
1171
1618
1902
1846
1639
1531
1600
1697
1692
1476
1151
787
448
302
257
221
21
-358
-580
-613
-641
-716
-888
-830
-524
-344
-406
-640
-650
-244
277
547
489
280
255
431
717
1065
1191
1089
856
646
709
812
833
711
493
321
70
-183
-406
-506
-559
-655
-870
-1232
-1486
-1551
-1394
-1250
-1266
-1336
-1388
-1323
-1266
-1179
-908
-525
-251
-311
-482
-441
-126
292
475
511
461
392
346
258
360
315
93
-66
54
415
140
-693
-1327
-1037
-261
-187
-964
-1594
-1297
-548
-227
-544
-688
-255
283
492
417
609
1126
1439
1467
1481
1768
2054
1931
1519
1347
1613
1913
1697
943
326
191
345
419
81
-357
-652
-861
-821
-774
-646
-652
-884
-1072
-1015
-637
-266
-174
-311
-314
-120
228
451
493
612
727
824
881
830
882
866
792
695
601
548
349
49
-174
-183
-147
-267
-629
-960
-1068
-1099
-1089
-1045
-965
-961
-1131
-1292
-1238
-991
-702
-520
-458
-414
-372
-281
-157
37
235
354
393
428
375
137
-61
-142
103
283
191
-40
-398
-692
-814
-752
-514
-474
-828
-1253
-1399
-1015
-451
-210
-257
-325
-216
127
404
707
1042
1329
1522
1539
1508
1593
1693
1712
1648
1593
1595
1428
983
502
316
455
552
218
-315
-635
-627
-542
-626
-692
-524
-330
-425
-670
-764
-452
-23
183
207
116
93
90
217
557
843
790
399
104
209
519
609
344
9
-190
-155
-161
-295
-453
-605
-632
-645
-754
-882
-1050
-1105
-1066
-966
-857
-821
-816
-851
-786
-623
-376
-234
-225
-272
-229
22
265
414
340
190
171
317
579
618
454
235
161
203
10
-385
-569
-306
180
121
-606
-1237
-1147
-514
-160
-448
-851
-782
-358
71
148
111
225
423
666
913
1164
1361
1367
1349
1476
1643
1710
1557
1324
1276
1291
1124
807
393
149
49
-60
-157
-350
-571
-773
-974
-1030
-840
-554
-497
-675
-883
-725
-327
-72
-43
-167
-148
-19
102
176
192
116
102
149
219
203
29
-151
-172
-36
105
55
-166
-394
-483
-383
-164
-32
-128
-423
-671
-655
-458
-245
-184
-317
-446
-498
-434
-260
-141
-52
-56
-85
-104
-99
-34
109
233
208
108
57
165
163
16
-114
-64
61
-87
-305
-360
-158
-112
-428
-742
-669
-358
-203
-399
-626
-511
-229
27
76
79
199
321
465
634
839
1052
1167
1232
1235
1232
1259
1321
1334
1272
1145
946
779
516
260
185
274
336
99
-409
-815
-778
-370
-89
-117
-404
-676
-741
-668
-407
-140
-6
-194
-551
-730
-548
-215
-125
-255
-405
-342
-279
-402
-545
-546
-244
-20
-84
-300
-470
-334
-150
-36
-17
-55
-130
-247
-300
-266
-98
-7
-1
-83
-186
-159
-103
20
162
241
222
85
0
50
177
241
190
99
76
53
-65
-108
-44
156
291
123
-125
-267
-92
117
-49
-220
-127
337
508
-58
-698
-661
47
486
33
-718
-695
-34
461
257
-235
-133
391
795
815
597
611
801
994
1197
1293
1246
987
721
758
976
1009
767
375
121
27
-71
-62
-83
-198
-437
-735
-898
-876
-774
-686
-724
-868
-983
-1027
-946
-801
-657
-569
-570
-640
-669
-583
-382
-200
-103
-169
-282
-266
-117
79
154
131
110
130
133
76
95
244
397
394
228
82
58
139
205
243
259
180
19
-161
-189
-41
87
75
-69
-163
-170
-171
-145
-58
33
53
-63
-188
-177
-17
188
224
120
-64
-125
-1
147
185
19
-102
-132
-112
-185
-286
-293
-185
-7
88
116
36
-5
110
379
684
849
874
770
703
793
1015
1262
1251
1012
740
658
738
698
503
248
89
22
-153
-368
-548
-633
-644
-748
-828
-885
-920
-1007
-1080
-1061
-962
-817
-744
-729
-754
-735
-628
-470
-310
-261
-272
-242
-151
-48
35
95
153
185
127
144
210
310
355
361
419
415
348
224
192
305
421
452
382
303
253
204
167
232
278
206
69
12
48
77
-21
-138
-138
-43
-1
-82
-156
-126
-38
-13
-5
55
152
149
38
-5
128
288
164
-91
-118
133
367
74
-400
-468
-121
177
-106
-668
-771
-326
90
7
-414
-530
-203
107
182
130
163
337
410
407
487
578
635
551
441
442
411
302
203
142
96
-62
-325
-424
-381
-302
-379
-625
-789
-806
-728
-739
-725
-644
-627
-681
-771
-668
-468
-350
-387
-463
-396
-276
-192
-129
-21
63
98
113
184
393
579
636
598
616
793
955
969
854
749
794
895
893
773
631
545
538
487
365
227
147
132
145
77
-75
-219
-200
-79
-58
-205
-364
-312
-123
-46
-150
-280
-201
-27
5
-25
-26
79
11
-164
-214
-1
242
98
-301
-536
-362
-165
-221
-514
-594
-363
-238
-362
-637
-633
-360
-151
-143
-247
-234
-93
59
151
198
247
242
262
303
363
334
167
64
88
153
69
-229
-472
-498
-323
-206
-350
-615
-789
-754
-616
-482
-421
-399
-460
-560
-558
-420
-171
-14
-37
-101
-84
32
156
236
303
451
565
572
511
482
635
861
1012
991
843
752
732
762
799
842
866
788
590
391
328
404
476
423
288
116
-34
-120
-74
46
100
-25
-226
-347
-293
-123
-18
-5
-98
-187
-265
-284
-170
-59
-22
-100
-195
-202
-207
-298
-450
-407
-171
-7
-198
-708
-950
-742
-379
-369
-809
-1139
-1030
-678
-541
-745
-901
-764
-474
-336
-395
-433
-284
-20
156
209
201
254
331
362
390
402
450
436
289
109
55
142
241
173
-77
-286
-321
-191
-97
-107
-129
-151
-152
-204
-145
53
209
251
146
116
185
335
448
490
509
501
495
477
511
648
799
787
626
478
552
738
829
714
553
569
652
643
499
396
408
465
387
197
76
89
135
87
20
-15
-49
-129
-201
-222
-201
-204
-264
-351
-398
-398
-358
-318
-341
-433
-507
-544
-475
-394
-510
-626
-679
-631
-573
-748
-919
-957
-904
-876
-1007
-1141
-1036
-817
-724
-813
-958
-829
-455
-199
-162
-246
-173
107
319
376
416
511
671
709
618
556
551
583
600
586
538
441
239
117
141
270
367
294
119
-28
-39
36
188
272
291
213
86
35
53
192
274
237
125
26
30
78
77
76
162
271
302
162
11
65
324
581
617
437
278
246
371
558
679
667
543
423
397
433
504
533
510
413
234
67
37
106
143
36
-147
-284
-374
-391
-394
-408
-413
-453
-536
-598
-621
-593
-551
-480
-434
-474
-601
-714
-678
-579
-560
-597
-601
-587
-645
-779
-827
-711
-615
-726
-924
-977
-762
-540
-582
-731
-687
-377
-112
-127
-265
-184
186
514
575
440
430
640
877
1020
1060
1064
992
906
864
875
887
823
682
543
411
201
78
104
217
241
-22
-319
-393
-197
9
-22
-148
-158
-97
-53
-101
-75
131
375
448
306
166
219
421
601
643
598
581
568
501
430
459
600
691
558
286
88
112
229
247
134
-37
-193
-297
-352
-330
-264
-262
-346
-467
-519
-500
-482
-457
-416
-416
-447
-483
-473
-421
-460
-505
-567
-533
-495
-589
-701
-794
-705
-603
-597
-712
-858
-914
-886
-820
-783
-776
-811
-764
-648
-550
-460
-391
-249
-4
184
243
232
309
559
854
1003
977
888
911
1041
1175
1187
1057
945
898
881
815
667
517
442
408
311
170
66
28
9
-82
-136
-113
-43
-23
-153
-272
-241
-41
129
93
-33
-84
4
109
121
97
139
262
301
192
102
147
277
329
262
176
156
186
161
166
200
250
226
111
23
11
65
93
72
-7
-103
-169
-167
-97
-41
-85
-227
-351
-337
-231
-168
-243
-390
-442
-394
-339
-382
-497
-546
-494
-428
-461
-544
-587
-563
-534
-612
-714
-726
-576
-435
-451
-584
-673
-534
-296
-208
-359
-483
-343
-77
21
-74
-135
21
250
317
235
188
315
487
596
629
624
590
555
606
715
788
710
580
496
524
512
447
404
396
369
223
79
58
156
185
126
95
111
135
59
-31
8
90
133
69
0
-55
-99
-82
-14
57
41
-57
-147
-148
-67
31
61
40
65
113
129
147
173
237
257
215
170
173
250
254
181
111
110
170
150
19
-101
-94
12
40
-107
-319
-383
-294
-219
-257
-403
-510
-546
-542
-567
-589
-592
-573
-621
-733
-754
-659
-521
-477
-570
-598
-542
-459
-439
-470
-429
-330
-251
-250
-261
-226
-116
17
68
37
41
125
288
392
414
416
431
501
570
602
605
632
675
675
628
570
576
610
588
541
483
476
454
372
300
280
327
349
259
133
93
152
189
149
94
38
-52
-144
-183
-133
-68
-123
-238
-333
-343
-293
-278
-255
-220
-226
-239
-242
-201
-79
4
18
25
64
152
218
218
223
245
304
321
267
182
119
132
148
131
46
-98
-231
-275
-211
-146
-169
-301
-468
-533
-518
-474
-457
-472
-472
-431
-419
-456
-483
-452
-333
-220
-184
-235
-318
-330
-218
-55
62
91
21
-54
-48
13
81
59
-35
-120
-158
-138
-117
-123
-138
-111
-50
-18
-3
-22
38
179
325
399
435
466
515
568
613
718
769
700
577
481
497
518
457
347
250
193
113
4
-79
-80
-82
-132
-228
-323
-313
-277
-262
-280
-293
-242
-229
-255
-230
-136
-13
55
19
-18
46
170
275
304
290
292
335
398
419
399
379
323
315
294
228
132
60
37
-18
-93
-163
-176
-150
-195
-318
-412
-393
-307
-285
-345
-385
-362
-341
-343
-356
-321
-244
-227
-284
-331
-316
-273
-261
-248
-229
-199
-196
-242
-289
-293
-275
-245
-195
-167
-186
-236
-232
-157
-45
39
57
49
58
92
163
252
338
406
412
394
422
463
478
469
466
485
463
394
300
236
262
248
182
98
43
44
13
-57
-121
-118
-74
-47
-87
-165
-206
-154
-69
-46
-102
-152
-117
-31
13
-22
-72
-89
-30
17
17
20
38
75
75
56
68
127
143
99
76
111
162
156
95
55
106
132
110
43
7
61
89
71
26
14
55
84
68
41
41
25
12
-5
-5
-22
-64
-103
-141
-148
-156
-195
-256
-291
-303
-280
-275
-319
-348
-365
-327
-296
-288
-247
-204
-158
-148
-137
-75
-3
-3
-63
-85
-13
74
75
47
42
57
78
31
27
81
102
75
-4
-19
18
63
74
40
42
72
97
76
47
47
88
101
68
18
-7
18
42
55
64
79
89
71
38
23
36
82
110
78
41
27
48
119
145
100
32
26
78
132
149
122
100
96
106
135
192
243
241
163
126
171
247
263
203
139
105
93
79
84
114
130
86
-17
-120
-148
-125
-95
-111
-151
-218
-255
-263
-267
-236
-198
-175
-189
-216
-215
-183
-161
-134
-90
-37
6
-18
-59
-58
-5
48
40
-15
-44
-44
-42
-56
-93
-100
-105
-129
-160
-208
-218
-190
-172
-190
-221
-247
-242
-204
-126
-45
-13
-45
-58
-25
62
151
186
176
128
102
109
151
221
270
211
109
42
42
68
63
33
14
-12
-49
-108
-144
-96
-31
10
-33
-103
-161
-153
-39
83
169
153
88
80
157
236
281
310
327
330
316
292
282
303
337
337
247
138
79
69
66
45
-1
-87
-178
-237
-235
-187
-152
-157
-211
-248
-237
-184
-102
-57
-48
-55
-44
-15
20
84
146
172
133
58
52
102
137
102
35
-25
-41
-95
-159
-178
-150
-126
-184
-307
-359
-327
-282
-275
-292
-272
-247
-255
-276
-254
-168
-65
-24
1
17
48
87
160
248
309
289
221
187
254
362
384
319
223
170
173
166
111
47
7
-27
-74
-123
-170
-182
-171
-172
-195
-223
-242
-233
-182
-112
-69
-62
-53
-24
12
77
139
178
202
170
148
154
195
229
210
151
106
97
89
67
27
21
35
-10
-97
-149
-95
-8
4
-54
-84
-50
-10
-3
8
50
91
76
47
76
148
199
171
103
102
147
168
124
56
26
26
12
-56
-104
-122
-119
-117
-127
-140
-181
-237
-275
-260
-202
-149
-153
-216
-251
-220
-137
-59
-20
-14
-38
-65
-53
-6
66
116
104
67
35
30
59
81
84
80
50
15
-16
-54
-51
-38
-36
-72
-131
-175
-176
-161
-148
-140
-120
-123
-139
-163
-153
-72
-7
30
2
-40
-38
21
82
120
100
45
22
53
136
185
169
108
102
158
195
187
163
178
241
246
179
121
134
204
261
234
166
145
187
210
209
200
223
268
255
194
141
136
143
106
60
13
-19
-61
-122
-153
-169
-194
-245
-287
-297
-303
-320
-338
-314
-257
-255
-301
-326
-260
-142
-97
-147
-195
-150
-66
-10
-11
-27
-23
17
39
52
91
128
152
139
132
160
198
226
221
190
167
138
122
115
116
102
38
2
-17
-38
-82
-142
-172
-163
-171
-222
-289
-295
-261
-228
-233
-260
-256
-248
-231
-186
-131
-101
-116
-142
-137
-77
-20
4
9
3
35
64
66
68
103
123
128
121
105
120
143
168
172
161
151
159
168
167
180
170
154
141
113
141
163
146
120
110
150
167
138
82
59
109
150
133
87
76
73
37
-9
-33
-11
-14
-85
-175
-217
-172
-136
-165
-220
-229
-197
-182
-192
-174
-105
-48
-38
-49
-14
28
57
69
105
158
178
155
128
144
213
251
211
168
152
154
155
134
109
84
35
-15
-30
-37
-63
-118
-185
-189
-151
-165
-214
-264
-252
-189
-158
-185
-237
-238
-173
-91
-66
-82
-106
-97
-82
-62
-50
-2
23
-6
-51
-71
-15
47
83
74
77
86
82
77
86
107
122
97
51
24
38
58
57
56
48
50
30
2
-24
0
24
39
34
-7
-46
-73
-49
-4
12
18
-16
-59
-105
-137
-117
-79
-40
-53
-90
-133
-144
-98
-47
-1
22
7
-31
-41
2
72
159
211
196
154
126
137
196
254
267
253
226
190
163
155
152
161
137
102
43
-26
-66
-98
-89
-80
-109
-180
-261
-288
-236
-198
-208
-226
-239
-219
-207
-212
-214
-198
-167
-150
-153
-134
-108
-79
-63
-51
-8
31
21
-2
9
83
162
173
146
120
166
240
272
249
234
229
237
236
251
263
258
231
202
209
212
206
182
160
141
125
98
73
56
23
-13
-66
-83
-84
-93
-147
-229
-258
-252
-256
-275
-301
-316
-286
-273
-293
-314
-307
-274
-229
-194
-199
-175
-146
-106
-81
-53
-17
16
60
79
89
93
113
130
138
141
140
127
108
104
125
150
138
110
74
65
70
73
82
65
58
48
41
34
24
25
27
36
26
19
16
9
11
22
28
45
43
15
-11
-12
12
12
-15
-61
-92
-93
-82
-87
-92
-87
-75
-72
-88
-76
-45
17
27
2
-18
-10
23
55
78
76
73
67
83
68
56
70
93
80
33
-14
-7
15
27
21
0
-26
-55
-65
-63
-69
-88
-98
-106
-111
-118
-133
-135
-126
-110
-111
-125
-127
-111
-77
-52
-45
-27
-4
18
30
33
50
63
89
98
98
87
76
71
63
76
73
62
27
2
11
43
77
80
47
31
45
67
81
105
117
130
119
113
129
155
165
111
64
49
83
93
65
36
14
31
28
3
-19
-26
-37
-42
-50
-48
-52
-71
-86
-82
-59
-54
-67
-62
-43
-39
-37
-31
-7
-1
-24
-53
-51
-4
18
-1
-53
-62
-37
-19
-56
-106
-116
-113
-115
-149
-167
-138
-111
-117
-134
-143
-130
-123
-113
-101
-82
-52
-36
-24
-12
-4
14
51
71
79
59
39
42
72
83
73
41
30
51
57
45
6
-21
-14
-1
-17
-43
-47
-22
-5
17
7
-1
11
11
19
32
61
83
95
91
103
117
138
146
133
131
133
141
149
137
116
96
82
77
73
67
49
35
19
3
0
-6
-8
-26
-49
-41
-32
-9
-5
-32
-35
-22
-1
17
15
9
16
12
5
1
0
3
16
11
-11
-35
-45
-53
-67
-54
-65
-89
-108
-126
-123
-103
-89
-83
-96
-113
-112
-110
-105
-110
-111
-104
-87
-80
-90
-108
-117
-99
-88
-84
-74
-50
-51
-73
-72
-58
-22
-9
-23
-38
-37
-9
-9
-22
-25
-6
22
23
8
8
27
45
65
89
114
112
102
107
131
167
186
199
216
225
231
225
226
242
250
236
206
189
190
192
181
180
166
139
108
85
91
98
88
71
48
23
10
11
18
6
-15
-50
-74
-73
-62
-61
-77
-120
-152
-173
-171
-174
-169
-164
-172
-195
-240
-265
-256
-229
-216
-230
-271
-281
-249
-217
-233
-246
-252
-233
-197
-193
-187
-185
-152
-111
-82
-62
-54
-55
-40
-1
41
76
66
29
24
50
76
99
77
63
53
53
67
61
70
65
60
57
53
57
51
68
94
103
98
93
93
100
114
137
150
138
132
143
171
183
192
202
237
254
260
254
242
248
256
252
233
223
196
181
151
141
135
125
102
66
33
24
24
11
-3
-16
-14
-14
-24
-44
-53
-61
-74
-87
-109
-122
-119
-142
-160
-177
-171
-150
-155
-174
-206
-208
-195
-199
-222
-238
-216
-201
-212
-228
-240
-239
-231
-236
-246
-239
-219
-203
-212
-213
-195
-154
-130
-120
-96
-67
-64
-56
-54
-34
-5
-6
-17
-15
-5
5
0
-2
11
20
30
18
18
32
60
81
92
106
111
131
143
170
207
207
222
208
222
259
279
288
257
245
255
293
310
290
275
260
270
266
263
246
230
200
156
123
105
108
84
45
13
3
0
-13
-50
-63
-49
-44
-42
-62
-68
-65
-64
-73
-89
-89
-100
-95
-118
-148
-153
-158
-153
-175
-189
-196
-193
-179
-194
-205
-219
-208
-184
-167
-171
-171
-183
-179
-166
-152
-134
-145
-142
-129
-118
-118
-122
-129
-119
-101
-100
-106
-101
-100
-92
-95
-98
-90
-87
-81
-84
-86
-71
-43
-29
-16
-16
-14
10
39
64
94
121
143
170
192
217
236
247
272
295
309
318
335
350
352
342
333
334
347
328
285
255
243
254
253
207
149
125
112
113
98
81
75
45
25
16
21
34
13
-17
-46
-64
-70
-79
-114
-129
-133
-139
-160
-198
-231
-245
-227
-228
-243
-260
-297
-304
-281
-276
-270
-269
-273
-265
-261
-249
-228
-206
-193
-183
-180
-158
-128
-97
-73
-56
-40
-24
-16
-11
-3
14
29
30
36
23
23
42
40
22
10
3
-3
5
0
-11
-15
-4
12
9
13
17
28
31
41
54
61
85
98
116
130
142
171
197
218
223
221
222
229
241
253
257
265
272
259
245
237
237
249
237
210
196
181
154
127
114
115
116
79
40
7
7
36
29
9
-35
-62
-79
-81
-102
-119
-130
-133
-150
-186
-217
-237
-233
-242
-245
-258
-271
-283
-286
-298
-299
-285
-262
-263
-274
-271
-253
-203
-168
-150
-152
-123
-86
-69
-54
-37
-16
-14
-15
-20
-13
3
12
23
22
20
13
-10
-25
-20
8
34
32
7
4
17
46
67
72
78
79
84
95
118
129
125
125
136
157
155
163
175
187
192
179
173
178
206
214
208
187
183
181
170
169
160
149
128
107
85
94
105
109
90
53
32
48
50
36
13
4
4
-4
-17
-31
-22
-11
-17
-51
-64
-74
-71
-88
-110
-110
-110
-126
-162
-190
-188
-167
-159
-170
-193
-214
-224
-223
-208
-186
-186
-203
-223
-232
-207
-175
-141
-146
-160
-155
-127
-110
-103
-88
-60
-29
-25
-29
-23
-8
15
24
38
46
53
60
60
74
91
106
102
93
90
105
121
115
112
114
112
83
72
70
80
82
73
72
59
57
56
55
64
78
91
89
80
80
88
93
94
87
92
109
124
117
92
88
105
126
135
129
121
112
114
112
105
112
99
78
58
38
29
30
21
2
-8
-22
-43
-61
-70
-68
-57
-61
-82
-112
-127
-133
-132
-135
-160
-171
-180
-202
-220
-224
-221
-210
-202
-236
-256
-260
-245
-225
-209
-211
-228
-227
-217
-187
-159
-132
-111
-88
-63
-40
-5
31
65
100
130
154
163
169
181
210
234
250
242
219
203
212
235
248
251
224
195
176
153
127
128
134
119
86
55
28
26
38
46
35
30
14
1
3
11
33
28
11
-3
-1
2
-1
-5
-18
-18
-20
-26
-47
-57
-54
-66
-76
-73
-71
-72
-78
-81
-82
-82
-74
-64
-53
-47
-47
-57
-49
-37
-32
-30
-18
-3
2
1
-16
-23
-29
-39
-52
-52
-41
-23
-40
-76
-91
-88
-75
-88
-125
-144
-133
-111
-105
-120
-132
-126
-113
-98
-98
-75
-40
-4
7
2
32
67
98
123
123
125
147
173
192
188
194
196
194
185
170
162
160
152
130
107
93
93
92
74
38
9
-4
-4
-10
-20
-48
-63
-66
-65
-52
-59
-65
-80
-86
-75
-60
-54
-45
-44
-47
-37
-38
-34
-36
-44
-44
-38
-48
-48
-56
-65
-74
-86
-73
-64
-63
-73
-73
-60
-47
-30
-33
-28
-12
4
16
18
33
41
47
50
37
41
46
36
34
34
39
37
19
1
5
18
17
0
-17
-22
-15
-12
-17
-13
-2
-5
-9
-18
-12
16
39
36
34
54
85
111
121
123
121
122
134
135
138
147
150
162
141
114
97
73
58
49
55
65
45
10
-15
-22
-12
-14
-41
-50
-68
-93
-101
-103
-99
-97
-108
-142
-155
-141
-131
-121
-133
-149
-153
-153
-164
-165
-151
-136
-138
-153
-159
-171
-153
-125
-115
-108
-113
-107
-94
-73
-57
-39
-22
-11
2
11
28
46
64
75
71
67
77
90
98
111
120
110
97
89
90
104
114
102
85
80
77
77
73
66
63
53
43
38
40
32
49
61
57
49
39
45
67
86
99
93
103
61
-82
-84
101
205
138
42
23
82
142
145
73
41
110
139
108
81
91
120
140
146
120
101
52
-2
-50
-54
-15
19
-43
-146
-162
-140
-142
-189
-214
-223
-227
-225
-229
-230
-188
-179
-220
-221
-181
-154
-145
-146
-190
-188
-142
-114
-135
-127
-81
-77
-71
-43
-66
-91
-51
2
10
-4
22
5
-30
-43
-15
8
20
13
-15
-23
-21
13
7
13
30
52
59
88
105
101
93
102
165
178
165
164
168
190
194
200
218
216
201
197
183
160
178
177
157
145
146
159
144
112
88
48
52
65
45
27
-1
-31
-14
14
6
-11
-50
-67
-58
-36
-17
-37
-67
-68
-81
-51
-9
-57
-106
-75
-30
-55
-86
-87
-85
-106
-123
-126
-137
-151
-126
-132
-146
-149
-131
-125
-159
-155
-144
-139
-151
-163
-188
-190
-152
-128
-134
-141
-130
-130
-128
-100
-67
-59
-63
-52
-38
-27
7
33
50
71
64
71
89
82
80
59
74
80
73
60
55
50
47
49
58
65
80
101
93
90
107
136
140
149
166
187
204
213
213
218
242
254
254
247
227
214
204
181
159
153
147
136
116
75
52
33
13
-13
-23
-22
-44
-76
-92
-93
-102
-120
-133
-130
-127
-131
-145
-154
-157
-153
-142
-141
-136
-125
-130
-148
-160
-144
-128
-146
-168
-172
-150
-141
-143
-160
-163
-151
-141
-132
-114
-88
-81
-83
-82
-75
-68
-42
-29
0
9
7
9
7
13
19
26
36
55
53
50
46
41
40
40
62
84
78
70
73
86
96
83
84
74
79
108
126
122
119
127
143
160
158
143
130
141
148
136
124
113
112
102
90
82
63
52
30
8
-13
-21
-26
-33
-56
-84
-101
-94
-73
-74
-84
-97
-102
-90
-72
-55
-42
-32
-41
-43
-36
-34
-37
-41
-40
-32
-28
-40
-55
-59
-64
-62
-59
-63
-65
-69
-81
-72
-74
-75
-63
-65
-57
-57
-58
-57
-68
-65
-60
-48
-32
-17
-12
-11
-15
-28
-31
-34
-37
-36
-30
-29
-25
-20
-2
-1
-1
0
-3
6
13
16
10
24
41
55
70
86
104
100
107
125
140
148
145
154
166
178
195
210
210
210
204
185
184
182
166
144
122
120
115
101
92
77
62
49
34
15
-10
-36
-53
-62
-54
-53
-67
-78
-94
-98
-96
-111
-126
-144
-153
-163
-171
-162
-145
-140
-146
-148
-148
-147
-158
-172
-181
-173
-152
-150
-149
-149
-147
-133
-142
-139
-124
-100
-92
-84
-81
-57
-31
-24
-13
-11
3
2
9
13
16
12
1
6
4
3
6
5
8
10
6
-6
-8
1
12
18
25
35
51
63
79
90
102
126
130
140
154
169
178
191
206
194
186
180
184
190
186
181
181
172
160
147
131
118
112
102
83
63
48
31
20
14
8
-2
-24
-31
-38
-42
-46
-28
-24
-29
-27
-31
-38
-44
-47
-49
-58
-68
-61
-66
-79
-93
-107
-120
-132
-149
-151
-147
-151
-162
-170
-167
-158
-158
-157
-139
-118
-106
-118
-124
-107
-67
-50
-36
-31
-21
-18
-27
-15
-7
3
7
4
4
7
15
5
-13
-10
0
-5
-12
-12
-5
15
20
26
30
36
49
48
53
52
65
87
96
91
99
125
131
148
158
171
171
160
163
151
159
170
165
144
125
120
105
84
66
52
40
22
-7
-19
-21
-20
-35
-64
-64
-51
-56
-59
-64
-61
-63
-77
-87
-85
-84
-83
-75
-83
-99
-109
-110
-109
-103
-100
-102
-125
-146
-144
-146
-136
-128
-117
-99
-98
-93
-89
-84
-80
-68
-57
-37
-29
-22
-4
9
23
21
20
23
39
48
59
75
74
69
65
71
87
87
80
70
66
82
73
60
57
56
50
43
44
45
49
40
38
41
32
37
40
47
53
54
64
66
65
68
63
48
49
45
44
40
38
37
43
55
44
42
27
17
10
7
8
7
3
9
15
16
23
22
13
7
12
7
9
8
3
-1
-11
-9
-6
-16
-18
-46
-63
-72
-76
-68
-77
-95
-109
-110
-117
-115
-104
-105
-111
-117
-123
-116
-109
-105
-109
-106
-97
-87
-77
-74
-69
-65
-43
-42
-41
-43
-38
-35
-23
-18
-8
1
-8
4
11
21
22
28
32
36
49
58
64
62
58
69
71
79
78
85
96
103
107
106
116
115
123
126
126
123
109
99
100
98
93
90
83
69
52
40
30
23
14
7
-9
-19
-23
-22
-20
-26
-24
-19
-14
-19
-25
-24
-17
-17
-12
-14
-25
-27
-40
-49
-63
-68
-59
-71
-62
-64
-71
-78
-79
-72
-71
-60
-65
-60
-64
-60
-60
-52
-49
-56
-52
-52
-53
-42
-32
-24
-24
-27
-41
-38
-24
-28
-13
-7
9
4
9
3
3
10
8
19
13
11
14
10
4
-7
-8
-11
-6
13
26
35
40
56
48
59
67
64
79
79
88
107
120
120
117
106
101
99
79
77
74
65
58
42
46
38
33
39
28
12
8
12
1
-6
5
10
8
-3
-9
-25
-27
-31
-36
-43
-66
-75
-74
-75
-75
-78
-81
-85
-92
-89
-83
-83
-82
-71
-69
-76
-77
-59
-70
-76
-82
-86
-74
-75
-71
-67
-57
-49
-32
-25
-16
2
10
9
12
17
20
26
29
27
33
40
36
23
7
10
22
35
43
42
33
26
24
39
54
53
56
65
56
58
60
53
49
48
53
60
62
63
67
64
67
67
65
60
56
60
59
49
42
42
39
29
22
9
-1
-6
-8
-12
-18
-19
-30
-44
-53
-53
-37
-36
-42
-43
-33
-39
-40
-44
-46
-39
-43
-49
-56
-49
-48
-53
-48
-36
-27
-39
-40
-34
-24
-18
-15
0
-9
-17
-12
-14
-10
0
1
-1
-5
-4
-11
-8
-5
-6
-14
-27
-22
-34
-31
-32
-35
-35
-31
-29
-32
-22
-21
-22
-26
-28
-30
-31
-34
-36
-22
-24
-25
-28
-27
-20
-21
-1
16
23
30
35
50
60
67
87
94
91
91
85
85
90
75
77
91
92
88
84
93
93
94
83
77
74
74
59
51
50
44
35
20
18
3
-2
-3
-14
-29
-42
-59
-64
-74
-72
-64
-64
-64
-76
-81
-84
-78
-70
-66
-64
-63
-58
-60
-45
-31
-27
-22
-35
-22
-14
-21
-9
-3
2
4
2
-4
-9
-5
3
4
7
7
26
28
20
19
21
10
-3
-7
-12
-9
-2
3
-2
-4
-10
-18
-26
-21
-30
-35
-28
-26
-15
-15
-21
-18
-17
-29
-38
-38
-34
-27
-16
-13
-9
-3
-5
-12
-11
0
12
23
29
31
32
37
41
44
45
47
55
65
65
74
70
73
75
77
77
67
51
37
38
35
22
17
18
9
6
-4
-5
-1
-8
-18
-19
-26
-23
-24
-25
-12
-10
-5
-15
-29
-30
-21
-24
-29
-31
-29
-25
-28
-27
-24
-22
-26
-32
-26
-34
-30
-26
-25
-18
-29
-29
-21
-25
-37
-35
-29
-26
-30
-34
-23
-13
-9
0
6
13
29
26
23
17
23
30
29
31
43
55
49
41
43
46
42
37
32
36
38
41
38
29
22
13
18
18
8
8
10
8
7
9
6
5
0
-12
-19
-25
-25
-38
-37
-34
-37
-42
-43
-44
-57
-45
-53
-53
-52
-51
-45
-46
-40
-37
-25
-26
-16
-17
-21
-12
-9
-4
-16
-17
-13
-2
8
9
12
14
19
21
20
22
22
22
19
16
14
14
21
26
32
31
31
29
27
25
26
25
32
38
31
22
11
9
10
4
-2
-5
0
2
0
11
16
3
4
4
8
4
7
10
2
-1
-10
-23
-32
-27
-32
-34
-36
-45
-40
-31
-13
-13
-15
-7
-8
-3
-2
4
16
17
21
23
28
35
38
44
31
29
36
42
36
31
31
35
36
28
24
14
16
17
14
14
11
12
7
3
-2
4
2
-11
-18
-22
-5
-5
-12
-10
-27
-33
-31
-27
-23
-22
-25
-26
-31
-42
-43
-45
-44
-37
-33
-36
-38
-32
-39
-36
-33
-35
-34
-35
-33
-23
-20
-3
-2
-7
1
1
2
2
5
4
9
18
23
24
42
48
47
36
25
29
25
23
30
30
33
28
31
29
24
30
25
23
19
22
22
17
11
3
3
3
-9
-17
-11
-15
-23
-34
-33
-29
-29
-42
-47
-47
-43
-44
-46
-46
-41
-33
-40
-33
-29
-21
-34
-22
-12
0
9
1
6
-3
4
-1
-1
0
6
8
4
17
17
24
38
35
35
32
40
39
29
21
18
16
14
7
3
4
-9
-11
-20
-19
-7
-5
-3
-2
7
6
11
23
24
16
20
19
17
17
18
26
30
33
34
37
39
40
52
52
54
54
45
45
50
54
62
58
58
50
41
40
38
36
40
35
27
20
21
24
13
5
-8
-20
-30
-36
-42
-51
-59
-73
-83
-82
-92
-86
-85
-83
-89
-89
-88
-93
-86
-91
-89
-89
-89
-80
-75
-75
-74
-74
-60
-56
-57
-49
-34
-23
-15
-13
-10
-6
-6
-2
0
-7
-3
2
7
10
7
13
24
35
39
47
42
44
48
41
47
44
44
40
36
34
38
48
47
52
55
55
56
48
45
42
46
44
48
48
48
53
47
43
29
21
13
16
13
12
22
22
18
13
6
1
0
4
5
4
3
1
-5
-10
-8
-9
-7
-18
-23
-27
-23
-24
-29
-31
-34
-34
-41
-42
-36
-36
-40
-36
-38
-41
-32
-37
-34
-39
-37
-29
-16
3
7
13
10
4
1
-6
-5
-4
-3
-11
-14
-17
-20
-18
-12
0
-1
9
4
1
-2
0
11
7
11
8
16
17
7
7
0
-5
-2
-5
-4
7
12
15
19
15
19
24
24
22
24
26
23
19
21
28
31
38
41
41
41
44
40
38
34
35
44
43
38
35
40
40
43
49
45
43
35
31
30
30
23
15
2
-4
-6
-11
-14
-29
-44
-52
-61
-65
-67
-60
-64
-64
-67
-74
-71
-79
-74
-70
-71
-66
-65
-61
-66
-63
-58
-61
-57
-57
-61
-60
-54
-47
-39
-32
-25
-17
-21
-16
-22
-19
-14
-16
-4
3
7
14
18
22
22
27
24
21
23
35
39
35
35
36
42
33
33
33
31
21
8
7
8
11
20
20
29
33
28
26
18
16
19
22
20
20
23
29
29
26
26
22
25
27
29
31
35
40
42
49
52
62
70
76
73
71
71
59
55
54
58
61
57
51
39
31
33
5
-8
-8
-13
-13
-26
-34
-31
-33
-41
-44
-46
-43
-47
-47
-47
-47
-48
-56
-64
-71
-71
-68
-57
-62
-54
-53
-50
-45
-51
-48
-56
-55
-56
-57
-57
-55
-55
-53
-43
-37
-31
-31
-34
-34
-36
-27
-24
-14
-7
6
14
24
26
18
21
23
29
28
39
34
41
44
31
31
21
21
14
8
7
14
20
20
19
14
16
12
12
18
27
34
35
33
40
40
38
34
36
30
17
17
17
24
24
27
29
25
18
1
4
5
3
1
-2
-9
-17
-16
-15
-15
-24
-33
-33
-38
-29
-21
-9
-9
-8
-3
-14
-10
-10
-3
-2
-6
-1
7
15
15
15
7
5
6
-5
-6
-11
-4
-7
-8
-11
-16
-24
-28
-29
-32
-29
-28
-24
-27
-24
-15
-4
-1
-1
3
0
5
9
11
16
18
17
13
18
21
25
23
20
22
19
18
18
29
31
36
36
38
29
23
26
22
26
28
27
26
27
33
38
40
40
43
44
44
37
37
31
19
10
0
-11
-20
-18
-21
-34
-42
-48
-59
-71
-72
-70
-68
-65
-62
-60
-52
-55
-57
-56
-57
-52
-55
-47
-40
-34
-33
-36
-32
-26
-21
-22
-16
-18
-8
-4
-3
-5
-4
0
-1
7
-3
-7
1
-7
-12
-14
-17
-25
-23
-20
-12
-1
-4
-5
-7
5
8
12
14
9
19
18
23
27
29
36
41
42
38
47
45
43
47
41
49
60
58
50
53
50
44
43
39
25
26
27
32
33
24
27
24
22
18
17
12
11
7
4
-2
-5
-6
-20
-20
-19
-21
-22
-22
-16
-14
-13
-15
-11
-7
-9
-9
-7
0
3
6
5
8
7
5
11
10
8
12
13
16
17
11
5
2
-4
-11
-16
-18
-19
-15
-14
-14
-12
-14
-19
-20
-20
-23
-27
-30
-37
-44
-38
-43
-47
-41
-43
-46
-44
-44
-42
-47
-48
-50
-54
-48
-41
-41
-35
-29
-27
-15
-11
-12
-7
-1
-4
4
14
26
40
48
51
53
54
57
59
60
70
70
72
74
70
63
59
56
52
56
59
54
49
41
33
31
29
20
17
12
11
13
13
9
4
-11
-19
-16
-20
-18
-23
-26
-32
-38
-32
-40
-46
-61
-72
-75
-82
-86
-84
-84
-80
-75
-63
-59
-63
-65
-60
-59
-54
-47
-40
-30
-16
-9
-5
-4
6
14
16
25
25
30
37
47
47
50
48
52
45
40
42
43
36
31
38
35
40
42
43
31
21
16
14
17
15
14
14
14
10
11
17
26
24
16
16
14
7
8
4
4
11
8
12
13
17
14
7
-4
-10
-10
-12
-18
-22
-16
-10
-9
-14
-20
-22
-22
-26
-32
-34
-33
-41
-36
-31
-20
-16
-18
-11
-3
-2
-6
1
7
9
18
14
13
7
9
8
-2
-1
-11
-12
-19
-23
-24
-23
-19
-15
-10
-9
-4
0
-3
-11
-8
-2
-1
5
2
11
23
23
26
21
25
20
18
23
21
17
17
18
15
15
14
13
12
13
15
11
12
9
1
1
1
-1
1
3
0
-1
-3
-2
-4
-8
-5
-9
-10
-13
-14
-13
-10
-4
7
-2
2
0
-5
-6
-3
0
-6
-5
-6
-8
-10
-5
-7
-2
5
5
9
4
1
5
8
7
8
4
7
2
-3
-2
0
2
4
0
-4
-3
-9
-8
-8
-6
-6
-7
-9
-6
-1
-1
-5
-3
-5
-6
-7
-11
-12
-14
-14
-7
-4
-4
-6
-6
-10
-13
-8
-7
-11
-14
-14
-17
-23
-25
-23
-21
-26
-21
-21
-14
-8
-1
5
2
3
-1
3
14
17
18
21
22
24
23
19
17
20
19
17
24
26
25
25
21
24
21
17
14
13
10
15
18
23
23
16
13
5
1
-3
-5
-7
-6
-4
-4
-3
1
-1
2
-2
-5
-4
-5
0
3
5
1
-5
0
-3
-7
-6
-13
-13
-14
-19
-19
-17
-13
-15
-20
-21
-21
-19
-17
-16
-12
-10
-13
-6
-8
-10
-4
-5
-8
-5
-8
-7
-3
-1
-2
-3
-2
-4
-3
-5
-7
-3
2
2
5
4
8
8
7
4
1
2
3
9
11
12
11
11
14
13
15
14
21
25
28
29
29
34
36
34
34
27
18
10
4
3
-2
0
1
-3
-1
-7
-16
-25
-30
-29
-25
-23
-20
-14
-11
-10
-11
-8
-6
-10
-11
-9
-5
-5
-2
-4
-10
-12
-15
-12
-13
-13
-16
-20
-22
-22
-12
-6
-9
-6
-6
-2
-2
-4
-2
-3
4
6
5
9
7
10
11
7
4
4
4
8
8
10
10
11
13
9
9
9
9
7
6
3
1
-2
-3
-1
-4
4
6
1
0
0
-1
3
-1
1
5
6
10
13
9
11
15
13
15
18
20
16
16
12
16
16
21
17
12
10
7
11
13
11
7
10
1
-7
-11
-13
-20
-23
-26
-27
-30
-29
-26
-22
-18
-17
-12
-12
-16
-12
-15
-16
-15
-9
-7
-8
-9
-13
-16
-20
-17
-13
-11
-5
-2
-1
-4
-4
-7
-9
-10
-5
-2
3
8
5
6
4
3
6
2
0
2
3
9
10
12
13
17
14
14
14
12
14
14
8
4
8
6
6
4
5
4
3
2
6
6
4
6
5
9
6
5
3
2
4
0
4
8
9
10
11
10
4
2
0
0
-2
1
4
1
1
-5
-6
-9
-10
-14
-12
-10
-7
-6
-7
-6
-9
-13
-16
-14
-14
-14
-11
-10
-9
-9
-8
-10
-11
-17
-16
-9
-9
-7
-5
-7
-6
-4
-7
-4
-1
0
6
6
5
8
7
5
2
-1
-2
0
2
6
4
3
0
3
4
2
3
3
-1
2
7
14
14
19
17
14
15
13
14
15
18
16
17
14
9
10
7
7
7
10
9
8
7
6
7
10
7
11
12
9
10
8
6
10
9
9
13
14
17
15
12
7
3
1
-2
-3
-8
-8
-11
-12
-16
-14
-16
-16
-16
-20
-18
-18
-17
-15
-18
-20
-17
-20
-18
-19
-19
-20
-21
-21
-20
-19
-16
-21
-20
-20
-19
-16
-22
-22
-17
-17
-17
-15
-14
-8
-11
-11
-8
-5
-4
-1
1
0
7
7
7
9
6
11
13
15
17
16
21
16
14
11
14
14
17
22
24
22
20
18
18
22
21
24
26
26
27
24
24
24
22
21
21
19
15
13
11
2
3
4
1
0
-1
0
-4
-7
-8
-10
-7
-9
-9
-8
-9
-10
-11
-12
-13
-13
-12
-14
-15
-14
-12
-10
-13
-14
-20
-18
-19
-17
-17
-11
-11
-16
-18
-18
-14
-15
-14
-10
-11
-11
-11
-10
-13
-13
-11
-11
-11
-7
-5
-1
1
1
7
11
11
13
11
12
14
10
9
11
16
13
14
16
17
15
13
12
12
15
18
23
25
21
20
17
13
13
13
13
9
10
7
8
6
3
3
2
5
3
2
1
0
1
0
4
2
-2
-4
-8
-10
-12
-10
-8
-10
-13
-12
-12
-15
-15
-19
-21
-21
-20
-19
-18
-16
-15
-13
-15
-15
-14
-17
-19
-21
-22
-25
-24
-22
-22
-20
-21
-20
-19
-16
-15
-11
-7
-4
-2
-2
3
5
8
9
7
14
14
14
19
17
17
16
17
17
16
14
15
14
15
16
23
25
25
27
23
22
19
20
20
19
19
19
18
17
18
19
17
14
9
10
10
7
7
9
14
15
14
13
11
8
5
4
6
5
1
1
-1
-4
-7
-11
-9
-11
-8
-3
-5
-6
-5
-5
-2
2
-2
-3
-3
-1
-2
-2
-3
-5
-11
-15
-16
-17
-19
-22
-22
-21
-20
-19
-21
-23
-27
-27
-27
-27
-24
-22
-19
-18
-16
-16
-18
-15
-17
-15
-15
-13
-14
-11
-7
-7
-3
-5
-6
-5
-7
-4
-2
0
5
5
9
9
6
8
7
7
6
8
8
6
7
8
9
11
14
18
19
19
20
15
17
18
20
23
25
27
30
29
29
27
28
31
30
31
30
27
24
20
16
13
12
12
7
6
2
-1
-5
-10
-11
-12
-10
-9
-11
-14
-17
-20
-19
-19
-22
-24
-26
-26
-26
-26
-24
-22
-23
-24
-25
-26
-28
-28
-24
-26
-20
-21
-17
-15
-14
-15
-16
-13
-13
-12
-11
-8
-5
-2
-2
-1
1
2
6
9
12
12
11
14
17
19
18
17
14
14
12
12
11
8
9
8
6
7
7
9
8
10
10
8
11
9
5
6
6
10
12
12
15
15
17
18
18
15
15
18
18
17
16
19
15
13
11
10
7
4
4
5
8
6
4
5
0
-1
-1
-3
-4
-7
-6
-8
-10
-10
-11
-13
-14
-13
-15
-14
-18
-16
-17
-18
-18
-19
-19
-21
-20
-22
-22
-22
-21
-19
-20
-21
-18
-16
-15
-14
-10
-8
-8
-9
-3
-4
-8
-9
-11
-9
-5
-6
-7
-4
-1
0
3
3
4
8
9
9
7
4
4
4
7
8
10
11
10
10
9
10
10
10
10
9
14
13
14
17
16
16
16
16
18
16
16
14
13
14
11
10
9
7
5
5
6
5
6
6
5
3
3
1
2
4
4
2
0
-1
-3
-1
-4
-3
-2
-5
-4
-4
-5
-5
-5
-5
-4
-4
-4
-6
-5
-3
-8
-8
-6
-8
-9
-12
-11
-12
-11
-13
-10
-6
-7
-6
-7
-7
-9
-8
-10
-6
-7
-8
-7
-7
-6
-5
-5
-6
-6
-6
-4
-3
1
3
7
8
10
10
8
9
7
9
11
12
12
9
6
3
2
-1
0
0
3
3
4
4
5
4
3
4
3
6
7
9
10
12
11
8
5
5
3
4
4
4
5
3
1
0
1
0
-1
-2
-4
-5
-4
-7
-8
-11
-10
-12
-13
-14
-12
-13
-13
-12
-13
-12
-12
-13
-14
-9
-10
-10
-8
-10
-9
-10
-11
-11
-10
-12
-10
-11
-8
-7
-8
-5
-7
-5
-3
-5
-4
-4
-3
-1
-2
0
2
4
7
9
12
11
14
16
13
14
19
16
17
18
19
19
17
16
15
12
12
11
11
11
13
15
16
18
16
19
18
18
17
15
13
13
11
11
9
9
7
6
5
3
6
4
4
2
2
0
-1
-2
-8
-10
-12
-12
-13
-14
-13
-13
-15
-19
-20
-21
-20
-18
-17
-16
-18
-18
-19
-18
-13
-12
-10
-7
-5
-4
-5
-5
-4
-7
-6
-6
-5
-4
-2
-4
-3
-4
-6
-8
-8
-6
-7
-9
-7
-8
-8
-5
-3
0
0
0
2
3
2
7
8
10
8
10
11
10
9
8
8
8
6
4
5
3
3
2
4
3
1
0
1
-1
0
0
2
4
3
3
6
5
5
2
2
2
1
2
4
7
6
7
9
9
9
6
4
3
6
6
5
6
5
2
1
0
-2
-2
-3
-5
-5
-5
-3
-1
1
0
1
1
1
-1
-3
-3
-3
-1
0
0
1
1
-2
-1
-2
-2
-2
-2
3
3
3
1
0
0
-1
-4
-3
-3
-3
-3
-2
-1
-2
0
0
1
0
1
0
0
2
2
3
4
2
2
1
0
0
-1
-1
-1
-2
-3
-4
-3
-4
-8
-8
-9
-10
-11
-11
-10
-9
-7
-5
-5
-6
-7
-8
-10
-10
-6
-3
0
2
3
6
6
6
7
5
5
6
6
6
6
6
6
7
6
5
2
4
2
4
5
5
5
5
4
1
2
0
0
-2
-1
1
1
1
-1
-5
-5
-4
-3
2
2
3
2
2
2
0
-1
-3
-3
-3
-2
-2
-3
-5
-5
-5
-7
-6
-4
-5
-4
-2
-1
-2
-3
-3
-2
-3
-3
-2
-2
-1
-1
-1
-2
-2
-1
0
3
4
4
4
3
3
1
4
7
7
9
8
9
9
8
7
4
3
3
3
4
3
2
3
3
1
0
3
0
-1
0
0
0
0
2
2
3
1
1
0
0
2
1
1
0
0
-1
0
0
-3
-2
-2
-3
-4
-3
-4
-4
-5
-7
-5
-6
-7
-8
-7
-7
-8
-8
-5
-7
-8
-6
-5
-5
-4
-3
-2
-2
-1
1
2
4
4
4
5
6
5
4
4
4
2
4
4
3
1
2
2
0
0
0
2
2
3
3
3
3
1
3
2
0
1
2
1
2
-1
0
-1
-1
-2
0
2
2
3
3
6
5
5
4
6
4
3
3
1
2
0
1
3
1
3
1
1
3
2
1
0
-2
-4
-4
-4
-4
-5
-3
-3
-2
-2
-3
-3
-3
-4
-5
-2
-1
-2
-4
-5
-5
-6
-4
-3
-4
-4
-4
-4
-4
-2
0
-1
2
5
4
4
3
3
2
0
1
1
2
3
2
3
2
0
0
1
2
2
1
1
1
-1
-1
-1
-2
-1
0
-1
-3
-2
-2
-2
-5
-2
-4
-3
-1
-3
-3
-1
-3
-5
-5
-6
-8
-6
-5
-5
-2
0
1
0
-2
-2
0
-1
0
0
2
4
3
6
6
4
5
5
4
5
3
3
3
5
7
8
9
9
6
5
7
6
6
7
7
6
4
5
3
2
3
-1
-1
-1
-1
-3
-3
-3
-3
-3
-3
-1
0
1
1
2
1
1
0
-1
-2
-2
-1
-2
-1
1
0
2
1
-1
0
-1
0
-2
-5
-6
-5
-6
-6
-8
-7
-6
-6
-7
-7
-5
-4
-5
-4
-2
-1
2
0
0
-1
0
2
1
3
5
5
5
4
2
4
4
4
5
4
3
3
2
3
1
0
2
2
4
2
2
1
1
0
0
2
2
-1
-3
-3
-5
-4
-5
-6
-7
-8
-8
-5
-5
-6
-5
-6
-7
-7
-6
-5
-6
-4
-4
-4
-5
-3
-4
-3
-3
-2
1
1
3
3
4
3
3
5
5
4
5
4
2
4
2
3
4
5
7
7
7
5
5
5
4
6
6
5
6
4
4
5
5
4
5
3
5
3
5
5
4
3
3
4
3
2
1
3
-1
0
0
-1
-2
-3
-2
-1
0
0
0
-1
0
-2
-2
-2
-3
-3
-3
