2
2
3
3
3
2
3
2
3
2
2
3
2
2
2
3
2
2
1
0
0
0
1
0
0
0
0
-1
-1
-2
-2
-4
-4
-6
-7
-8
-9
-8
-8
-8
-8
-9
-9
-9
-10
-10
-10
-9
-10
-9
-7
-7
-7
-7
-6
-7
-7
-6
-6
-5
-4
-4
-2
-4
-3
-3
-3
-4
-3
-3
-2
-1
-1
-1
-1
-1
-1
-1
-1
0
-1
0
0
1
1
1
1
3
3
3
3
5
5
5
7
8
8
9
9
10
9
8
8
8
7
7
8
7
7
6
7
6
6
7
5
4
4
3
3
1
0
-1
0
0
-1
-1
-1
0
-2
-1
-2
-2
-2
-1
-1
-2
-2
-2
-1
-2
-3
-3
-4
-4
-5
-4
-4
-4
-4
-4
-4
-3
-2
-2
-1
-1
0
-1
0
1
0
2
1
1
1
2
2
2
1
2
2
3
3
4
3
4
3
3
3
4
5
5
6
6
7
6
5
6
5
6
6
5
5
4
3
3
3
2
1
0
0
-1
0
-2
-2
-1
-2
-4
-3
-5
-5
-7
-8
-9
-10
-11
-11
-11
-11
-12
-12
-10
-11
-12
-11
-12
-12
-9
-10
-10
-9
-10
-10
-10
-9
-9
-7
-6
-5
-5
-5
-4
-4
-3
-4
-3
-2
0
1
1
2
3
2
2
3
4
4
3
4
5
6
7
7
8
9
10
9
9
7
7
8
8
8
7
8
8
8
8
7
8
8
8
8
9
8
8
7
8
8
7
6
8
8
6
7
7
7
7
7
7
6
5
3
2
2
2
1
-1
-1
-2
-3
-4
-3
-3
-4
-4
-5
-5
-4
-6
-5
-5
-4
-4
-6
-6
-5
-5
-4
-4
-4
-4
-4
-4
-5
-4
-6
-6
-5
-6
-5
-4
-5
-4
-4
-4
-4
-4
-3
-3
-3
-3
-3
-3
0
1
2
1
2
2
1
1
2
1
1
1
0
0
0
0
0
0
-2
-1
-2
-2
-2
-2
-2
-3
-3
-2
-3
-3
-2
-1
-1
-1
-3
-3
-3
-3
-1
-4
-3
-2
-2
-1
-2
-2
-1
-1
0
0
0
-1
1
1
1
1
2
2
2
2
3
4
4
5
4
5
4
4
3
4
4
4
4
4
5
5
5
6
4
3
1
1
-1
-1
1
0
0
1
0
0
-2
-1
-1
-1
-1
-2
-1
-1
0
-2
0
-2
-2
-1
-2
-3
-3
-3
-2
-1
-2
-1
-2
-2
-2
-4
-3
-3
-2
-1
-1
-1
0
-1
-1
-1
1
2
1
1
1
2
1
2
2
2
3
2
3
3
3
5
5
4
4
3
2
2
0
1
2
3
2
2
2
3
2
3
2
2
2
2
1
1
2
1
1
0
0
0
0
-1
0
0
0
-2
-3
-2
-2
-4
-5
-3
-5
-4
-5
-6
-6
-7
-7
-7
-7
-6
-6
-5
-4
-4
-4
-2
-3
-1
0
-1
-1
-1
-1
-1
0
0
0
2
2
2
4
4
5
5
5
3
5
5
5
5
5
5
5
6
5
5
4
4
3
2
2
2
2
2
2
0
-1
-3
-1
-2
-2
-2
-3
-2
-3
-3
-4
-4
-5
-5
-6
-5
-4
-5
-6
-6
-5
-5
-3
-6
-5
-4
-5
-4
-3
-3
-1
-2
-1
0
0
1
2
4
5
4
7
5
5
5
5
5
4
4
3
4
5
3
3
2
2
2
2
2
2
2
2
3
3
3
3
4
3
3
4
4
4
4
3
3
4
2
3
1
0
-1
-1
-1
0
-1
-1
-1
-2
-2
-2
-3
-3
-3
-2
-2
-1
1
0
-1
-2
-2
-2
-3
-3
-2
-1
-1
-1
-1
-1
-2
-4
-4
-4
-5
-4
-5
-2
-2
-2
-2
-3
-3
-2
-3
-2
-2
1
0
-1
0
-1
-1
-1
-2
-2
-2
-2
-2
0
0
0
0
1
0
-1
0
-2
-2
-2
-3
-2
-2
-3
-2
-2
-2
-2
-1
-1
0
1
2
4
5
5
6
5
5
5
5
5
5
5
3
3
3
3
2
2
2
1
0
0
1
-1
0
1
1
0
0
-1
0
-1
-1
-1
0
-1
-2
-1
-2
-2
-2
-3
-3
-2
-1
-2
0
-1
0
0
-1
-2
-1
-1
0
-2
0
-1
-1
0
0
0
-1
-1
-2
0
1
1
2
2
3
2
1
1
2
0
0
0
0
0
-1
0
0
-1
0
-2
-1
-2
-2
-2
-2
-1
0
-2
-2
-3
-3
-4
-2
-3
-2
-2
-2
-2
-3
-1
-1
-1
0
0
1
0
2
2
1
1
1
1
2
2
2
4
4
3
3
4
3
4
3
3
4
3
3
4
3
4
5
3
3
3
1
1
0
0
-1
0
0
0
0
0
1
1
1
1
0
1
0
-1
0
-1
1
1
2
0
-1
-1
-1
-2
-2
-2
-3
-4
-4
-4
-3
-4
-3
-4
-3
-3
-3
-2
-4
-3
-3
-4
-3
-3
-3
-1
-2
-1
0
-1
0
0
0
0
2
2
2
3
4
3
3
3
3
3
4
4
4
3
3
2
3
4
4
3
5
4
2
3
2
4
2
2
2
3
1
2
0
1
1
1
0
-1
1
0
0
0
0
-2
-3
-4
-3
-4
-5
-5
-6
-6
-6
-8
-8
-9
-7
-8
-8
-6
-7
-6
-6
-7
-8
-7
-8
-9
-7
-6
-6
-4
-2
-2
-1
-1
-2
0
0
1
2
3
4
4
3
3
4
3
4
5
6
8
10
10
12
11
12
11
10
10
8
9
9
8
7
6
7
6
6
6
5
4
5
4
4
4
3
2
2
2
0
0
-1
0
-2
-3
-4
-5
-5
-5
-4
-3
-3
-3
-2
-2
-4
-3
-3
-3
-4
-4
-3
-5
-3
-3
-3
-3
-3
-2
-2
-3
-4
-3
-4
-4
-3
-3
-2
-2
-1
-3
-4
-3
-3
-3
-4
-3
-2
-2
-1
-2
-1
-1
0
0
-1
-1
0
0
0
0
-1
-1
-1
-1
-1
0
-1
-1
0
1
-1
0
-1
-2
-2
-1
-1
-1
-2
-1
-2
-1
-2
-1
-1
-2
-2
-1
0
1
0
0
0
0
-1
-1
-2
-2
-2
-3
-2
-1
-2
-1
-1
-1
-1
1
2
2
2
2
3
3
4
6
5
4
5
5
6
6
6
5
6
5
5
6
6
6
5
6
4
5
5
4
3
3
3
3
3
2
2
2
3
2
1
1
1
2
2
2
2
1
1
1
0
0
0
0
0
-1
-1
-1
-3
-4
-5
-4
-5
-4
-4
-3
-2
-2
-3
-3
-2
-2
-1
-1
0
0
0
1
1
3
3
2
3
2
1
2
2
2
0
0
-1
-2
-2
-1
-1
-3
-1
-1
-4
-4
-1
-2
-4
-2
-2
-4
-3
-3
-2
-2
-2
1
-1
-2
1
0
-2
-1
2
0
1
2
1
-1
0
1
0
2
2
1
1
2
2
1
2
3
0
0
-1
0
-2
-3
-1
0
0
-2
-1
-3
-2
-2
-2
-1
-2
-2
-1
-2
-4
-3
-3
-4
-4
-4
-3
-4
-1
0
-1
0
1
-1
0
1
1
0
0
-1
0
0
0
0
1
0
-1
0
1
0
1
3
4
3
2
3
4
2
2
4
2
3
4
5
4
5
5
5
5
5
4
4
5
5
5
5
5
4
5
4
2
3
3
3
3
3
2
1
1
1
-1
-2
-2
-1
-3
-3
-3
-4
-4
-4
-4
-3
-5
-5
-4
-4
-4
-6
-5
-5
-5
-5
-5
-4
-5
-5
-4
-5
-4
-3
-3
-4
-3
-2
-3
-4
-3
-1
-2
1
1
1
3
2
1
-1
0
-1
-2
-2
-1
-2
-1
-1
-1
0
0
1
0
2
1
2
3
2
1
2
2
2
1
2
1
3
2
2
1
1
3
3
3
3
2
2
0
0
0
-2
-1
-3
-4
-3
-4
-5
-4
-4
-4
-5
-5
-5
-5
-5
-5
-4
-4
-3
-3
-3
-3
-2
-1
-1
0
0
0
0
1
1
2
2
3
4
4
4
5
4
3
4
6
5
5
6
8
8
8
9
7
8
7
8
8
7
9
9
8
8
9
9
8
9
8
9
8
6
7
7
5
5
5
4
3
0
2
2
0
0
-2
-2
-2
-3
-4
-6
-6
-8
-8
-6
-7
-9
-8
-8
-9
-8
-9
-7
-7
-7
-6
-7
-6
-6
-8
-6
-5
-6
-6
-3
-3
-4
-3
-2
-4
-4
-2
-2
-3
-3
-1
-4
-2
-1
-2
-1
-1
0
-1
-1
-1
-2
-3
-1
-1
0
1
3
1
1
2
2
1
2
2
1
2
1
1
3
2
2
0
2
1
-1
1
2
1
0
2
1
-1
1
1
1
1
4
-2
-3
0
-2
-2
-1
-1
-2
0
1
-2
-1
1
1
-3
3
-15
-20
14
2
-19
4
12
-9
-8
10
-2
-4
17
15
2
-1
19
13
-3
8
16
-1
-4
9
-2
-8
-2
-3
-13
-8
-3
-11
-9
-3
-5
-10
-2
2
-3
-1
6
8
2
9
10
6
7
8
9
4
8
9
1
7
4
0
2
3
2
-2
2
1
-3
0
-5
-3
-4
-3
-3
-6
-1
-1
-5
-5
-1
-4
-5
2
-1
-4
2
1
-2
0
-3
-1
-2
2
-3
-2
2
-4
-4
-4
1
-5
-6
4
-7
-8
4
0
-8
5
5
-5
2
9
-5
3
8
-5
2
7
-2
-5
9
2
-8
8
5
-11
4
11
-9
0
13
-3
0
13
-2
0
9
-1
-2
9
-1
-2
9
3
-3
9
6
-3
4
9
-1
4
14
-3
-1
15
-1
-8
11
3
-10
7
3
-16
3
3
-11
2
-1
-12
-2
-1
-13
-4
-1
-16
-6
2
-16
-9
5
-14
-15
7
-5
-18
7
2
-22
4
9
-21
0
12
-15
-7
12
-8
-10
12
-5
-7
12
-2
-3
11
-2
-7
17
-4
-9
25
-3
-9
21
5
-15
18
10
-19
13
14
-17
6
11
-8
-7
8
-5
-6
2
-2
5
-9
-4
11
-7
-15
14
0
-13
2
10
-9
-7
12
2
-17
5
9
-7
-7
9
11
-13
2
8
1
1
0
14
9
-16
18
20
-20
1
35
-1
-28
38
27
-36
14
49
-13
-19
44
24
-34
18
52
-22
-18
49
16
-39
18
49
-30
-24
55
3
-47
26
40
-46
-17
57
-18
-50
40
15
-64
6
35
-45
-35
34
-11
-60
7
20
-54
-24
33
-26
-53
23
11
-57
-5
36
-36
-40
38
-4
-55
16
27
-46
-24
42
-12
-52
32
20
-52
-4
43
-32
-36
47
1
-53
23
37
-44
-14
45
-13
-44
33
19
-52
2
44
-36
-20
44
-5
-37
24
32
-41
-5
47
-26
-23
38
10
-38
16
43
-46
-8
49
-26
-27
37
10
-36
12
45
-35
-13
53
-6
-35
38
28
-35
6
53
-19
-25
64
6
-44
51
38
-37
13
61
-16
-14
67
17
-36
39
60
-39
1
84
-17
-47
80
22
-63
41
68
-58
-13
87
-22
-59
71
25
-78
18
67
-54
-47
79
-13
-80
45
34
-71
-8
58
-53
-48
51
-4
-77
27
31
-77
-8
46
-44
-48
46
0
-79
22
38
-81
-11
45
-39
-67
53
-4
-86
27
37
-76
-21
63
-49
-60
62
-5
-80
32
33
-74
-8
54
-57
-37
51
-12
-65
36
21
-59
-1
52
-43
-27
61
-22
-44
50
7
-43
21
34
-29
-10
64
-10
-34
59
26
-49
43
50
-33
-2
79
-16
-28
79
7
-28
45
33
-19
7
50
0
-19
47
8
-16
24
26
-29
15
39
-34
16
36
-36
10
30
-19
-11
31
-2
-34
28
9
-43
17
21
-38
0
21
-20
-20
26
-24
-33
28
-6
-54
24
15
-53
0
33
-43
-14
36
-31
-22
40
-14
-27
20
11
-22
9
18
-12
1
21
-1
-5
19
-7
15
-9
12
-1
13
-3
-12
21
-1
-24
24
0
-30
18
7
-13
-28
38
-1
-48
35
8
-30
3
36
-35
-15
46
-24
-33
27
18
-72
22
26
-73
4
44
-75
1
32
-48
-26
33
-19
-44
42
-22
-28
27
-9
-41
18
12
-35
10
20
-31
12
29
-28
8
32
-16
9
13
-4
6
11
-4
17
-4
23
-9
6
29
-19
11
22
14
-24
37
35
-45
41
53
-57
47
43
-41
15
70
-50
-12
83
-35
-38
71
-12
-50
47
-1
-39
12
5
-28
26
-38
-10
32
-44
-28
45
-46
-32
33
-22
-40
21
-10
-39
26
-28
-15
13
-2
-32
22
11
-43
13
31
-50
15
20
-28
17
-12
18
0
-12
22
-11
14
-1
-13
30
-16
22
-12
21
-6
-1
39
-41
10
36
-24
-11
47
-17
-38
49
12
-75
69
9
-48
26
14
-28
6
18
-41
13
28
-51
3
37
-54
13
23
-36
13
-3
-1
4
-6
-4
10
17
-34
14
40
-58
49
-2
-31
43
-16
11
-11
25
5
-28
55
-21
-30
63
-32
-20
38
-9
-25
23
7
-38
33
15
-29
6
37
-4
-29
24
15
-15
-22
50
-15
-42
71
-21
-30
38
-9
-5
8
1
0
8
3
5
3
12
-25
26
4
-21
-3
47
-31
-25
46
-4
-68
52
0
-62
34
12
-59
25
16
-63
39
-15
-21
29
-17
-35
38
-8
-60
60
-5
-69
60
-8
-33
15
19
-39
-12
37
-36
-22
39
-25
-6
23
-29
2
31
-48
14
49
-77
37
23
-48
2
37
-38
-32
77
-63
-13
76
-66
-25
97
-46
-50
96
-27
-52
86
-10
-47
76
3
-45
57
23
-71
72
2
-25
32
0
3
-2
21
-7
0
18
-16
-2
14
-27
14
0
-21
37
-39
-23
67
-62
-19
59
-51
-12
45
-52
-1
24
-26
-1
14
-14
7
1
-12
2
-3
1
-31
14
-24
-27
48
-31
9
-17
49
-34
-35
79
-49
-1
94
-90
38
27
-44
38
-29
45
-30
-20
52
-57
12
-18
10
22
-68
46
13
-27
19
7
16
8
16
-1
23
54
-78
94
8
-69
93
-24
13
-16
16
44
-95
96
-34
-20
27
-31
50
-93
75
6
-94
111
-51
-48
92
-84
-3
42
-30
-51
49
7
-62
-5
49
-45
-31
36
-19
12
-39
17
16
-59
32
-15
6
-8
-49
114
-95
-2
74
-62
23
-33
46
-38
-18
38
-32
33
-78
56
34
-102
53
72
-121
36
85
-126
55
17
-41
36
-19
22
-15
34
-34
12
48
-66
39
11
-36
47
-52
28
55
-121
83
7
-53
11
8
10
-69
9
18
-21
-56
5
60
-74
-61
138
-73
-94
164
-99
-5
83
-106
93
11
-77
91
28
-127
99
55
-143
83
52
-81
15
67
-62
37
18
-33
53
-24
-26
57
-37
-6
39
-4
-52
58
12
-94
110
-49
-51
143
-142
50
51
-96
71
-11
-32
-4
99
-111
14
137
-180
104
89
-173
118
61
-122
100
56
-109
132
35
-155
241
-97
-61
216
-116
-41
172
-37
-109
165
-19
-71
126
-80
-1
144
-192
60
152
-260
106
138
-281
151
53
-194
127
-4
-134
132
-27
-128
118
15
-214
208
-48
-211
278
-170
-64
192
-190
58
17
-43
-6
-13
47
-123
91
14
-148
108
4
-102
44
2
-10
-34
42
-46
37
-21
-37
89
-79
-21
99
-97
-22
76
-20
-106
132
-94
-32
131
-196
103
43
-169
144
-42
-90
108
-85
3
-8
4
-58
72
-73
-85
199
-235
63
102
-181
75
51
-115
35
53
-105
38
21
-49
-16
79
-63
5
70
-96
102
21
-109
154
-52
-1
43
20
-3
2
68
-43
36
19
24
6
-18
76
-28
-20
109
-93
94
-40
-7
111
-116
97
-18
0
100
-157
193
-36
-95
199
-169
142
-101
67
50
-176
256
-190
37
66
-153
133
-13
-163
169
-69
-41
59
-73
38
1
-67
42
-3
-103
113
-53
-87
96
-47
-13
-39
60
-46
-62
121
-148
123
-78
-8
144
-222
189
25
-186
264
-154
-33
212
-237
135
21
-59
2
88
0
-148
251
-131
-63
220
-185
115
33
-100
161
-115
71
-1
-55
53
-41
57
-134
94
13
-143
65
30
-143
-20
85
-164
1
66
-212
154
-144
-44
121
-227
135
-81
-13
-34
-57
134
-298
230
-38
-202
282
-167
-20
177
-196
103
61
-166
112
30
-109
30
131
-182
106
49
-127
91
61
-147
85
116
-184
156
22
-72
59
105
-99
107
-3
54
7
23
45
11
34
-9
84
-73
122
-50
102
-49
39
115
-131
84
159
-196
127
139
-213
174
27
-95
69
94
-165
99
56
-122
71
66
-151
135
-15
-68
35
42
-25
-40
50
38
-129
109
-46
-67
110
-92
44
24
-150
142
-67
-132
160
-143
7
34
-50
-6
-43
62
-47
-34
26
-46
33
-61
39
-59
-50
129
-148
9
61
-118
100
-96
11
53
-96
99
-65
51
-73
62
-7
-88
99
-82
63
-22
-42
40
34
-100
116
-73
35
-21
45
-26
22
-61
118
-48
-97
212
-150
100
-78
73
-4
-85
118
-67
-67
120
-116
28
2
-95
67
-62
-39
-16
-5
-7
-111
83
-53
-52
38
-82
41
13
-183
214
-149
-127
295
-338
99
98
-271
218
-166
-28
105
-217
197
-158
-20
184
-268
155
7
-144
195
-175
151
-141
120
-20
-46
39
90
-56
28
87
-50
83
-26
81
6
54
-10
135
-100
155
-25
17
95
-51
95
-34
-39
161
-166
101
2
41
-83
75
94
-173
127
45
-56
26
-18
123
-110
18
111
-118
105
-158
247
-233
-25
225
-217
-40
202
-166
-48
78
5
-161
91
53
-209
209
-130
18
90
-187
222
-116
-51
220
-240
194
-29
-23
74
-33
102
-110
91
101
-179
210
-96
41
63
-71
106
-35
-45
184
-95
-140
350
-251
11
162
-109
-56
177
-156
-12
102
-104
35
-18
7
5
-67
80
-31
-88
123
-145
107
-131
29
64
-217
155
-60
-140
81
-65
-6
-110
-38
88
-182
32
6
-156
142
-198
98
-69
-121
82
22
-197
8
192
-249
40
86
-71
-79
118
-52
-34
32
31
19
-74
80
86
-208
230
-114
63
-10
-6
41
38
-102
151
-76
55
0
-5
97
-69
151
-185
308
-227
109
107
-114
45
175
-153
117
45
-9
-26
129
-92
64
81
-147
306
-262
210
55
-217
299
-52
-136
305
-211
98
25
43
-114
61
63
-86
3
85
-71
3
3
44
-61
-118
144
-9
-141
23
56
-3
-99
-18
178
-266
55
136
-155
-130
241
-103
-101
73
-16
40
-117
-28
261
-388
159
194
-318
114
61
-10
-91
-10
210
-262
76
56
-61
7
-95
125
-78
-27
-44
140
-137
-106
281
-221
-56
266
-309
187
-79
-45
165
-251
128
38
14
-152
79
215
-367
190
106
-255
191
-42
-73
115
-138
-30
202
-293
164
1
-44
13
-56
110
-84
-38
80
-140
212
-236
3
311
-516
378
-115
-168
223
-250
185
-185
33
154
-311
272
-167
-70
239
-292
179
-95
10
125
-390
514
-369
57
241
-361
271
-59
-21
-41
70
42
-68
16
75
43
-84
49
81
33
-187
262
-48
-216
356
-177
31
32
81
44
-173
331
-219
119
38
-62
174
-174
191
-60
10
22
23
-16
-19
36
2
-12
15
-56
-29
91
-105
43
-60
34
53
-102
131
-100
-23
61
136
-221
47
180
-141
-3
31
-23
124
-63
-113
277
-116
-97
295
-318
230
-18
-99
130
-79
100
-114
73
63
-92
7
37
46
-41
-82
153
-30
-61
1
139
-200
207
-226
187
-7
-248
371
-328
83
94
-214
157
-99
-49
56
-30
-8
-151
210
-121
-127
214
-129
-61
185
-264
205
-106
-74
222
-273
68
244
-353
140
51
-149
77
-67
4
7
-108
31
69
-115
-76
74
19
-182
182
-157
-74
258
-178
-54
184
-72
60
-77
67
50
-133
140
-64
-3
-20
24
25
-165
161
-102
44
-10
-107
232
-295
93
196
-403
245
32
-247
159
1
-147
55
137
-226
53
178
-264
182
24
-152
220
-9
-128
209
-69
-43
223
-137
-12
251
-182
-1
281
-252
90
224
-267
119
181
-223
105
94
-162
122
54
-117
82
69
-101
84
55
-147
150
41
-192
264
-157
26
155
-190
175
-7
-151
255
-135
-27
157
-126
36
55
-23
-4
37
-14
-52
55
-57
-4
42
-129
87
27
-205
186
9
-240
271
-105
-67
127
-95
-9
73
-128
116
-91
46
-27
26
21
-183
225
-177
19
104
-245
204
-49
-164
181
-228
107
-11
-114
91
-157
169
-151
-58
186
-223
104
-45
-54
44
-140
91
-10
-140
80
2
-123
41
16
-83
-48
106
-171
-2
79
-134
-49
72
-97
1
51
-99
61
37
-68
-2
96
-30
2
60
45
-33
55
88
-43
19
103
-12
-42
121
-60
-31
139
-83
-45
130
-56
-42
53
-5
53
-74
23
63
-84
42
27
-74
102
-19
10
0
74
-45
-13
147
-96
17
127
20
-89
139
25
-62
133
38
-33
10
142
-3
-96
181
1
-89
39
112
-165
35
76
-73
35
-10
81
-151
34
27
-30
-55
5
54
-92
0
-29
-56
-32
27
-63
-61
78
-70
-4
-10
-91
128
-109
0
65
-15
-73
35
73
-102
13
-11
-101
-17
-57
-45
-28
-48
-85
-6
57
-172
60
3
42
-13
-38
2
147
-49
-79
259
-129
39
40
-2
-2
-3
127
-78
112
32
8
-43
-10
95
-27
21
172
-11
-94
191
-25
-60
49
77
39
-51
127
-2
-40
45
-44
20
37
-66
-25
41
-15
-67
23
16
-16
33
-44
-32
92
-54
4
47
75
12
-32
126
-22
-34
10
1
63
-112
62
50
-89
-34
74
-132
-13
15
-67
7
59
-81
-17
-91
-46
-111
-176
-10
-129
-191
-28
-45
-212
-51
-36
-91
-77
-26
-37
-52
61
-69
27
83
-48
81
-12
122
30
77
60
64
147
-40
173
72
67
73
27
110
-66
-5
41
3
-79
19
35
-134
-52
-47
-109
-33
-58
-72
39
-36
26
1
20
24
48
110
46
68
65
108
-15
102
80
0
73
113
-23
74
124
-7
51
33
5
42
10
31
20
16
45
39
14
-12
90
-52
106
-64
19
102
-90
2
28
9
-38
38
-113
29
-40
-126
0
-63
-72
-53
-80
-77
-151
-114
-142
-206
-142
-132
-213
-205
-100
-274
-175
-82
-217
-106
-129
-64
-32
-27
57
83
44
161
109
84
222
144
222
169
231
246
159
279
195
153
294
187
79
224
189
36
212
80
78
139
100
16
124
90
11
95
10
149
51
64
118
128
51
88
178
-86
98
6
-39
25
-65
-118
-274
-199
-485
-430
-567
-646
-697
-919
-1077
-1217
-1135
-1227
-894
-769
-776
-488
-573
-350
-218
4
391
652
1031
1236
1559
1580
1656
1627
1489
1476
1313
1197
1117
779
455
174
-313
-588
-931
-1153
-1361
-1358
-1304
-1374
-1120
-1080
-994
-676
-533
-171
173
577
820
1085
1326
1280
1351
1379
1360
1220
1288
1173
959
784
518
174
1
-285
-420
-605
-749
-869
-1088
-1143
-1268
-1365
-1417
-1405
-1453
-1416
-1630
-1852
-1668
-1224
-907
-700
-413
-241
-128
-23
176
583
1013
1398
1639
2012
2168
2154
1964
1801
1496
1120
1073
843
602
225
-240
-752
-1293
-1602
-1941
-2064
-2004
-1978
-1722
-1410
-1154
-918
-628
-296
177
487
994
1485
1769
1947
2092
2127
1958
1767
1526
1398
1084
846
631
228
-188
-790
-1210
-1426
-1487
-1703
-1693
-1560
-1637
-1527
-1419
-1310
-1067
-796
-420
-16
435
780
1051
1370
1391
1505
1555
1521
1588
1443
1299
1263
887
462
154
-343
-675
-1067
-1344
-1467
-1600
-1720
-1752
-1654
-1662
-1571
-1230
-1071
-762
-267
72
455
815
1044
1233
1408
1434
1535
1573
1540
1474
1341
1129
833
490
174
-41
-322
-487
-605
-848
-784
-942
-1060
-863
-916
-823
-627
-514
-381
-261
-435
-606
-808
-990
-930
-604
-223
85
-98
-267
-414
-607
-624
-491
-50
320
651
1057
1225
1267
1284
990
796
697
884
867
844
828
326
-127
-550
-950
-1221
-1492
-1486
-1427
-1233
-1009
-773
-642
-514
-382
-12
372
827
1411
1736
2046
2134
2161
1991
1784
1618
1424
1358
1220
1043
611
262
-203
-602
-878
-1052
-1130
-1146
-1031
-900
-815
-806
-772
-782
-549
-260
-105
181
299
257
277
168
79
-583
-1352
-1611
-1418
-663
-372
-631
-811
-1029
-1294
-1434
-1345
-855
-176
435
932
1246
1709
1937
1658
1142
754
872
1033
1277
1163
700
153
-447
-1077
-1817
-2089
-2389
-2493
-2160
-1884
-1501
-1060
-893
-891
-804
-316
376
1100
1752
2250
2622
2962
2708
2407
2325
1879
1659
1435
1236
920
398
-124
-667
-1252
-1676
-1924
-2087
-1989
-1761
-1702
-1400
-1182
-986
-807
-433
69
530
1067
1388
1751
1935
1914
1832
1546
1295
1115
839
644
474
156
-326
-633
-943
-1242
-1460
-1553
-1521
-1483
-1289
-1128
-923
-747
-681
-550
-721
-1266
-1633
-1626
-965
50
362
436
333
-16
-315
-637
-525
109
711
1109
1535
1895
2101
1954
1427
1026
678
731
992
1161
1219
864
193
-622
-1227
-1782
-2035
-2147
-2168
-1877
-1584
-1148
-961
-853
-710
-592
-77
462
1221
1849
2250
2584
2466
2265
2055
1758
1514
1520
1262
995
723
245
-374
-895
-1432
-1805
-1888
-1804
-1493
-1224
-1024
-950
-832
-816
-472
-151
271
809
1166
1368
1559
1510
1331
1109
812
666
696
675
557
491
89
-272
-432
-693
-995
-1969
-3311
-3716
-2905
-1692
-1141
-1099
-1261
-1474
-2010
-2374
-2005
-988
174
964
1508
2249
3007
3022
2449
1728
1529
1526
1586
1926
1931
1450
447
-707
-1581
-2185
-2628
-2921
-2983
-2744
-2236
-1699
-1195
-1032
-837
-583
-103
853
1764
2622
3111
3301
3246
2972
2619
2255
2038
1581
1311
1230
776
342
-253
-983
-1549
-1853
-1936
-1580
-1217
-949
-645
-698
-444
-293
-332
-41
217
516
842
1194
1299
1059
687
214
-95
-156
-337
-370
-346
-423
-491
-591
-638
-749
-919
-1063
-954
-842
-737
-633
-650
-703
-672
-963
-1246
-1567
-1531
-1202
-805
-538
-410
-354
-319
-262
-72
476
926
1296
1451
1602
1862
2065
1987
1553
1063
715
410
302
60
-274
-679
-1237
-1449
-1560
-1695
-1631
-1540
-1462
-1050
-572
-110
335
607
803
992
1383
1854
2175
2188
2037
1921
1695
1487
1242
839
418
199
102
41
-33
-260
-535
-808
-776
-737
-711
-754
-584
-380
-92
373
381
305
224
158
265
445
528
522
493
352
275
179
63
-56
-163
-202
-172
-330
-590
-851
-1334
-1949
-2789
-3306
-2889
-1937
-1254
-1151
-1345
-1592
-1658
-1754
-1517
-594
664
1863
2376
2585
2994
3469
3386
2614
1808
1310
1367
1538
1273
739
-284
-1584
-2702
-3372
-3624
-3610
-3601
-3476
-3108
-2336
-1407
-656
-180
157
652
1345
2394
3405
4022
4175
4090
3768
3300
2852
2240
1456
802
200
-296
-605
-1053
-1543
-2202
-2685
-2792
-2597
-2251
-1845
-1376
-877
-317
326
794
1054
1301
1340
1401
1723
1938
1954
1872
1561
1159
741
387
21
-291
-562
-743
-897
-849
-782
-842
-951
-929
-996
-1002
-786
-524
-337
-175
-115
-157
-84
-81
-1
96
132
21
-32
22
-90
-704
-1912
-3017
-3000
-1948
-796
-245
-156
-351
-736
-1220
-1468
-866
367
1380
1645
1834
2472
3291
3319
2383
1299
853
787
766
772
835
577
-423
-1709
-2520
-2571
-2666
-3061
-3459
-3210
-2350
-1393
-553
73
504
655
861
1455
2560
3562
3795
3733
3739
3615
3367
2724
1840
934
164
-528
-950
-1091
-1339
-1903
-2473
-2704
-2734
-2415
-2093
-1847
-1444
-763
9
755
1476
1919
2119
2102
2091
2143
2223
2181
1912
1481
1157
816
203
-257
-808
-1335
-1716
-1992
-1975
-1856
-1608
-1545
-1581
-1553
-1578
-1918
-2440
-2792
-2630
-1772
-760
23
284
189
-218
-846
-1260
-1056
-193
857
1496
1639
1704
1993
2113
1743
1002
455
282
330
458
601
752
248
-681
-1599
-1998
-1936
-1714
-1646
-1687
-1330
-845
-389
12
575
858
850
977
1359
2150
2881
3128
2961
2576
2299
2109
1803
1610
1239
672
184
-70
43
-81
-425
-1051
-1525
-1619
-1525
-1376
-1190
-1142
-1061
-887
-688
-249
47
192
162
160
340
573
807
885
711
603
406
242
298
277
240
96
-168
-365
-634
-768
-858
-1033
-1049
-1191
-1203
-1046
-904
-986
-1531
-2362
-2752
-2358
-1438
-508
-89
-84
-294
-523
-608
-479
5
663
1179
1352
1548
2087
2599
2721
2217
1504
1091
978
1008
991
1015
842
345
-436
-1182
-1548
-1767
-2155
-2499
-2442
-2098
-1765
-1409
-930
-372
29
205
415
832
1414
1992
2313
2598
2836
2758
2542
2483
2485
2223
1692
1091
512
236
91
-188
-584
-1096
-1618
-2012
-2020
-1767
-1694
-1699
-1746
-1647
-1261
-734
-318
-28
123
219
414
669
1022
1171
1032
890
877
819
761
592
247
-13
-291
-476
-483
-457
-444
-600
-736
-940
-1449
-2241
-2796
-2935
-2676
-2167
-1741
-1458
-1289
-1161
-1279
-1414
-1299
-971
-364
246
731
1366
2161
2860
3289
3160
2836
2619
2275
1993
1829
1745
1585
1168
479
-234
-713
-1131
-1719
-2417
-2881
-3037
-2823
-2426
-1827
-1101
-628
-346
-191
96
748
1402
1780
2150
2499
2818
3164
3410
3445
3266
2829
2150
1542
1180
893
455
-156
-717
-1164
-1404
-1593
-1733
-1910
-2124
-2344
-2391
-2089
-1598
-1077
-861
-666
-298
-31
139
216
308
469
712
973
1269
1461
1405
1164
870
568
312
210
71
10
-56
-300
-431
-774
-1214
-1581
-1944
-2208
-2500
-2696
-2668
-2340
-1990
-1606
-1442
-1328
-1301
-1327
-1282
-944
-171
641
1245
1449
1520
1775
2015
2125
2137
2049
1942
1851
1697
1588
1475
1130
585
-101
-545
-636
-586
-573
-783
-1124
-1525
-1769
-1813
-1706
-1331
-891
-589
-352
-61
394
817
1008
1032
987
1064
1366
1681
2069
2387
2434
2191
1765
1396
1168
1008
759
481
219
128
107
-82
-300
-620
-963
-1316
-1428
-1323
-1099
-830
-749
-606
-357
-128
4
46
56
48
97
182
303
566
726
719
655
514
319
150
-125
-463
-613
-640
-659
-797
-992
-1184
-1263
-1241
-1302
-1343
-1517
-1510
-1458
-1339
-1401
-1635
-1735
-1675
-1353
-996
-733
-543
-452
-470
-582
-519
-84
412
769
904
1039
1307
1655
1874
1888
1840
1866
1811
1748
1619
1423
1300
1008
577
216
115
79
23
-75
-248
-422
-621
-806
-951
-880
-739
-683
-575
-397
-112
182
311
314
305
401
454
533
813
1130
1301
1469
1564
1616
1612
1514
1318
1053
855
586
397
294
69
-214
-422
-641
-879
-1128
-1392
-1590
-1664
-1538
-1329
-1069
-754
-553
-341
-98
120
302
380
418
467
616
744
864
825
630
478
170
-199
-488
-837
-1148
-1374
-1573
-1661
-1578
-1594
-1802
-1987
-2049
-1913
-1656
-1423
-1256
-1046
-840
-672
-464
-241
-16
132
65
52
310
680
1061
1294
1346
1337
1317
1206
1126
1102
1022
963
939
979
1151
1257
1162
878
433
11
-288
-396
-418
-341
-133
20
171
268
286
191
-78
-225
-185
67
429
680
839
904
926
921
892
894
848
716
654
606
566
672
607
394
111
-144
-261
-330
-407
-578
-679
-763
-817
-783
-640
-550
-540
-604
-605
-510
-522
-584
-643
-519
-296
-143
-20
99
159
96
-106
-194
-227
-222
-305
-370
-261
-187
-291
-454
-541
-501
-429
-403
-394
-351
-363
-557
-729
-744
-688
-627
-603
-611
-557
-530
-622
-815
-915
-911
-819
-641
-508
-295
-48
303
649
973
1265
1440
1511
1465
1458
1415
1448
1394
1298
1257
1266
1208
926
531
126
-249
-532
-794
-927
-965
-902
-701
-483
-233
-74
-12
-41
22
125
324
512
702
926
1058
1135
1163
1085
1003
974
882
835
771
716
673
589
503
387
261
138
14
-123
-273
-471
-708
-906
-1033
-1023
-1035
-1139
-1278
-1338
-1282
-1213
-1031
-831
-658
-526
-375
-118
171
378
378
408
452
465
468
336
81
-228
-529
-781
-885
-981
-1154
-1324
-1487
-1603
-1747
-1913
-1998
-2001
-1838
-1492
-1044
-631
-295
-60
108
257
404
560
605
562
632
980
1503
1947
2197
2145
2009
1860
1694
1551
1412
1289
1196
1169
1197
1315
1332
1167
856
467
177
-38
-192
-225
-177
-39
58
84
80
-45
-215
-307
-391
-412
-337
-209
-72
57
202
235
172
84
-117
-283
-295
-250
-213
-241
-254
-287
-448
-621
-723
-791
-859
-839
-762
-592
-409
-451
-553
-624
-630
-566
-532
-385
-206
-20
170
297
360
342
265
186
185
257
288
170
67
-7
18
96
101
30
-127
-263
-285
-328
-367
-413
-559
-688
-772
-815
-760
-653
-682
-806
-937
-951
-924
-967
-964
-792
-415
-70
98
192
328
569
834
1111
1471
1751
1888
1863
1774
1735
1772
1714
1428
1176
989
935
910
738
452
51
-396
-731
-981
-955
-778
-682
-700
-692
-567
-433
-306
-297
-301
-308
-292
-119
195
533
815
920
913
903
834
711
585
455
284
182
181
182
126
72
-157
-441
-660
-891
-996
-1013
-961
-891
-824
-746
-735
-752
-798
-839
-829
-754
-621
-439
-260
-63
156
296
354
350
252
183
141
60
9
18
63
47
-4
-115
-189
-282
-498
-706
-838
-909
-975
-1046
-1005
-790
-572
-506
-521
-535
-547
-547
-570
-477
-197
121
387
674
1028
1497
1884
2022
2118
2193
2158
2094
2005
1909
1856
1824
1671
1434
1159
870
529
68
-382
-763
-1072
-1319
-1463
-1397
-1207
-1037
-1051
-1157
-1172
-1079
-951
-817
-627
-379
-95
111
271
506
731
773
741
800
883
948
913
757
652
552
388
183
-3
-206
-461
-700
-938
-1076
-1204
-1375
-1453
-1514
-1455
-1267
-1116
-1012
-884
-764
-659
-455
-144
214
579
855
1002
1128
1293
1281
1091
841
615
436
312
260
211
116
-73
-392
-732
-972
-1169
-1312
-1531
-1835
-2056
-2063
-1723
-1254
-852
-608
-496
-428
-356
-203
57
422
802
1194
1525
1905
2370
2729
2886
2800
2583
2434
2333
2214
2082
1861
1629
1247
697
225
-225
-657
-1101
-1599
-1990
-2190
-2224
-2249
-2217
-2029
-1812
-1579
-1362
-1155
-867
-570
-299
-37
279
679
1039
1347
1606
1742
1729
1596
1370
1124
971
771
506
227
-100
-498
-891
-1297
-1624
-1880
-2079
-2228
-2297
-2207
-2034
-1756
-1477
-1194
-914
-573
-227
181
664
1019
1276
1459
1677
1983
2256
2401
2339
2107
1771
1409
1082
807
523
153
-165
-451
-644
-741
-824
-1017
-1248
-1483
-1784
-2085
-2314
-2271
-1967
-1419
-838
-398
-141
-108
-233
-385
-302
94
648
1189
1556
1832
2228
2682
2891
2779
2389
1894
1505
1222
1120
1085
995
630
-18
-611
-1060
-1416
-1830
-2320
-2715
-2910
-2820
-2510
-2072
-1566
-1159
-921
-761
-490
-62
398
758
1097
1467
1832
2097
2319
2450
2337
1995
1473
1023
749
606
365
-36
-430
-820
-1227
-1646
-2023
-2334
-2533
-2645
-2601
-2337
-1834
-1289
-916
-660
-419
-40
359
713
1013
1358
1736
2065
2288
2392
2452
2282
1886
1429
1005
632
270
-47
-330
-562
-743
-951
-1187
-1358
-1494
-1562
-1526
-1316
-1062
-977
-1135
-1499
-1662
-1386
-763
-79
392
606
538
332
96
71
358
878
1338
1542
1739
2087
2516
2776
2722
2394
1981
1627
1305
1082
968
778
295
-457
-1224
-1774
-2145
-2520
-2872
-3197
-3291
-3200
-2913
-2369
-1748
-1189
-858
-558
-165
368
905
1338
1682
1940
2145
2257
2294
2258
2034
1518
895
281
-162
-407
-571
-773
-1073
-1413
-1737
-1934
-1953
-1902
-1883
-1878
-1752
-1345
-720
-135
324
642
828
1019
1229
1531
1865
2106
2177
2125
2080
2089
1984
1733
1395
1004
619
259
-47
-296
-502
-814
-1128
-1357
-1481
-1526
-1535
-1491
-1342
-1127
-892
-645
-632
-917
-1298
-1480
-1165
-397
413
939
1103
874
443
23
-131
133
621
957
1060
1175
1499
1911
2020
1711
1124
564
202
82
256
568
708
319
-424
-1138
-1497
-1633
-1889
-2235
-2446
-2343
-1999
-1578
-1108
-662
-463
-534
-549
-220
440
1058
1443
1686
1857
1970
1899
1699
1399
980
479
0
-214
-205
-228
-441
-842
-1315
-1747
-2103
-2321
-2333
-2137
-1821
-1471
-1048
-581
-128
209
425
620
876
1251
1679
2091
2414
2590
2517
2245
1939
1681
1411
1101
769
451
202
-10
-213
-430
-761
-1137
-1429
-1494
-1281
-955
-719
-583
-421
-278
-200
-305
-696
-1147
-1292
-936
-148
675
1075
935
337
-379
-872
-864
-329
364
865
1032
1179
1459
1765
1772
1355
838
468
361
460
718
883
702
73
-883
-1665
-2106
-2312
-2499
-2728
-2698
-2421
-1960
-1487
-1113
-810
-644
-566
-399
105
858
1600
2063
2208
2247
2211
2158
1994
1701
1294
799
366
74
42
-27
-338
-866
-1477
-1899
-2080
-2061
-1894
-1643
-1410
-1194
-930
-529
-11
372
637
909
1254
1668
2039
2310
2396
2331
2105
1794
1515
1277
1042
742
377
-19
-415
-815
-1133
-1399
-1649
-1806
-1855
-1811
-1639
-1363
-1128
-892
-632
-249
218
621
778
612
129
-348
-379
87
904
1397
1259
688
-141
-833
-1278
-1284
-823
-233
179
255
385
676
944
916
584
359
453
777
1147
1440
1412
942
32
-1002
-1648
-1867
-1882
-1936
-2069
-2081
-1913
-1663
-1426
-1294
-1331
-1363
-1055
-372
640
1619
2174
2283
2074
1831
1658
1575
1519
1253
886
658
582
500
265
-204
-854
-1440
-1801
-1839
-1617
-1338
-1177
-1092
-932
-641
-236
158
501
794
1070
1446
1892
2274
2455
2392
2149
1916
1768
1644
1495
1192
779
363
-31
-345
-552
-782
-1095
-1389
-1572
-1566
-1396
-1259
-1185
-1117
-1010
-806
-494
-95
243
413
266
-158
-622
-838
-557
36
563
657
213
-498
-1210
-1694
-1812
-1438
-810
-227
109
257
454
715
810
588
340
345
708
1291
1760
1916
1608
799
-221
-1044
-1404
-1470
-1519
-1631
-1716
-1632
-1525
-1402
-1391
-1432
-1451
-1354
-851
42
1027
1697
1790
1558
1445
1506
1536
1539
1560
1421
1187
1017
892
797
455
-172
-861
-1287
-1244
-1050
-951
-897
-896
-1023
-1095
-900
-477
16
363
647
1036
1555
1973
2070
1957
1815
1711
1576
1513
1570
1487
1176
694
239
-51
-331
-744
-1179
-1521
-1734
-1788
-1744
-1542
-1371
-1342
-1340
-1165
-784
-318
60
248
293
227
16
-253
-261
110
604
876
675
180
-429
-970
-1417
-1574
-1317
-806
-295
-46
122
280
399
424
320
342
652
1087
1432
1549
1390
892
167
-542
-1025
-1131
-1048
-1033
-1160
-1325
-1486
-1665
-1790
-1783
-1553
-1158
-584
143
903
1457
1603
1436
1225
1150
1212
1424
1667
1827
1770
1511
1221
844
344
-224
-712
-901
-863
-679
-567
-541
-639
-861
-1020
-1021
-704
-250
261
805
1253
1562
1673
1604
1460
1367
1384
1426
1427
1378
1247
995
657
276
-129
-481
-792
-1043
-1220
-1294
-1333
-1408
-1422
-1403
-1366
-1268
-1096
-804
-428
-56
275
513
662
649
424
11
-475
-759
-678
-356
-187
-438
-954
-1561
-2037
-2278
-2192
-1739
-1142
-586
-231
51
379
622
705
723
966
1467
1963
2250
2149
1718
1027
248
-391
-756
-867
-945
-1043
-1180
-1241
-1342
-1476
-1547
-1518
-1263
-803
-175
541
1103
1355
1362
1309
1327
1395
1500
1583
1617
1582
1439
1197
866
433
16
-271
-298
-119
32
24
-150
-395
-568
-598
-466
-172
214
620
957
1180
1192
1057
813
593
549
584
667
686
617
486
301
73
-151
-349
-513
-591
-615
-659
-719
-800
-873
-906
-898
-866
-764
-706
-718
-719
-671
-484
-269
-74
26
45
-123
-541
-1050
-1513
-1682
-1520
-1218
-1018
-1004
-1136
-1344
-1504
-1585
-1331
-785
-142
485
895
1236
1547
1727
1786
1806
1943
2149
2282
2166
1808
1325
716
110
-378
-696
-901
-1103
-1310
-1515
-1629
-1705
-1681
-1522
-1242
-841
-413
127
642
1021
1228
1332
1466
1577
1760
1859
1895
1886
1703
1377
893
429
26
-271
-394
-465
-529
-681
-846
-1016
-1199
-1230
-1118
-840
-493
-131
224
487
599
527
442
387
434
522
591
702
762
780
707
545
287
-23
-253
-375
-344
-261
-284
-368
-489
-594
-667
-720
-746
-786
-783
-697
-494
-271
-137
-121
-178
-245
-339
-500
-784
-1104
-1308
-1254
-922
-531
-387
-592
-1030
-1414
-1549
-1364
-834
-172
406
820
1047
1270
1477
1566
1550
1530
1639
1769
1891
1872
1664
1261
720
202
-256
-570
-850
-1129
-1338
-1442
-1439
-1436
-1449
-1466
-1342
-1045
-636
-156
256
607
887
1136
1347
1482
1587
1611
1618
1637
1596
1433
1117
727
368
94
-103
-305
-483
-658
-826
-903
-907
-795
-687
-587
-475
-316
-85
67
154
233
320
406
498
637
823
963
932
734
496
255
62
-136
-248
-273
-305
-380
-502
-607
-734
-858
-980
-966
-828
-647
-481
-360
-296
-318
-345
-363
-309
-230
-181
-197
-301
-447
-571
-571
-433
-369
-489
-745
-899
-857
-708
-574
-434
-231
-26
216
459
701
856
888
822
774
859
995
1071
972
795
583
361
184
-16
-223
-417
-601
-713
-727
-687
-708
-817
-906
-853
-647
-369
-105
143
371
508
607
691
739
751
755
782
847
907
917
908
808
662
487
327
235
180
202
261
367
424
400
336
248
191
131
92
35
-2
-50
-95
-59
-30
-52
-185
-314
-351
-311
-221
-192
-189
-225
-234
-215
-154
-90
-99
-109
-122
-54
61
120
78
-49
-169
-260
-279
-287
-307
-302
-298
-220
-144
-144
-246
-386
-540
-664
-748
-772
-721
-634
-595
-677
-817
-946
-1039
-1082
-1007
-820
-595
-367
-145
34
172
279
277
222
257
447
684
922
1071
1089
1023
899
727
598
463
316
207
153
230
284
248
98
-127
-279
-354
-333
-215
-102
-38
-56
-122
-148
-125
-102
-97
-78
-30
65
169
262
287
235
207
230
392
581
717
782
756
748
733
760
792
804
778
698
580
447
352
256
191
120
55
10
-62
-119
-152
-166
-202
-270
-253
-121
79
198
197
131
88
68
61
104
141
120
3
-95
-77
11
43
-76
-325
-609
-800
-910
-965
-1016
-1132
-1322
-1489
-1563
-1528
-1472
-1504
-1619
-1697
-1639
-1453
-1193
-962
-783
-658
-552
-423
-237
-7
204
371
500
678
869
997
1042
1000
928
813
722
709
767
854
847
704
483
266
100
-31
-103
-87
-24
48
118
153
164
120
30
-31
-46
38
188
368
551
659
664
613
607
638
735
819
844
847
855
907
951
929
834
683
513
428
399
386
343
252
158
94
89
91
69
-13
-105
-178
-173
-81
28
88
60
-33
-185
-312
-398
-437
-428
-405
-381
-367
-377
-393
-415
-497
-596
-715
-821
-859
-868
-832
-735
-682
-714
-779
-881
-988
-1081
-1146
-1153
-1056
-883
-727
-641
-686
-777
-860
-877
-788
-601
-402
-259
-190
-164
-138
-72
33
136
241
346
483
632
836
999
1058
1026
947
933
963
984
921
826
717
585
480
424
369
301
199
48
-50
-94
-130
-155
-167
-124
-9
99
238
377
484
548
572
612
698
783
841
880
916
925
872
792
709
624
532
406
303
245
218
195
149
113
61
-37
-122
-122
-76
-18
-4
-46
-64
-86
-124
-228
-382
-518
-603
-586
-484
-395
-366
-445
-564
-630
-680
-743
-817
-888
-937
-915
-822
-714
-656
-678
-792
-906
-942
-911
-826
-713
-637
-574
-533
-493
-479
-476
-515
-613
-640
-601
-476
-355
-316
-314
-327
-321
-274
-205
-42
167
360
483
594
762
962
1121
1209
1267
1315
1327
1288
1247
1216
1179
1102
1002
855
671
434
167
-71
-229
-324
-347
-322
-248
-162
-114
-103
-144
-158
-125
-30
92
219
333
449
520
544
509
439
398
406
438
508
624
707
753
730
672
613
556
479
384
329
319
306
282
229
123
-50
-261
-448
-584
-645
-632
-598
-591
-613
-675
-737
-765
-749
-702
-658
-603
-529
-466
-405
-347
-344
-401
-473
-530
-557
-553
-528
-533
-573
-647
-726
-797
-881
-947
-973
-968
-910
-810
-712
-696
-792
-924
-1009
-953
-765
-506
-304
-180
-124
-89
-35
72
241
431
664
928
1202
1445
1612
1642
1564
1472
1426
1452
1484
1422
1269
1044
794
542
310
124
-64
-212
-287
-265
-166
-91
-92
-201
-265
-238
-132
11
150
256
282
321
343
369
415
428
423
385
383
388
441
500
513
490
439
393
306
263
267
257
189
68
-55
-125
-157
-228
-340
-433
-505
-557
-593
-611
-628
-639
-652
-622
-542
-471
-402
-385
-377
-336
-250
-151
-54
-5
-48
-126
-227
-284
-264
-224
-193
-185
-231
-291
-374
-472
-553
-611
-665
-743
-803
-807
-747
-704
-705
-713
-725
-738
-753
-739
-687
-591
-495
-364
-141
128
406
640
789
867
911
973
1083
1235
1398
1484
1476
1368
1197
996
785
539
322
148
38
-13
-20
-20
-99
-203
-327
-385
-352
-287
-201
-84
65
196
279
288
269
218
166
153
233
370
459
495
468
450
461
481
474
478
495
489
478
433
384
307
177
52
-24
-75
-105
-154
-251
-376
-520
-681
-795
-805
-721
-610
-504
-455
-466
-486
-462
-351
-217
-106
-79
-110
-118
-110
-107
-123
-123
-157
-220
-284
-318
-325
-348
-408
-503
-571
-595
-606
-611
-626
-646
-686
-734
-806
-871
-874
-883
-897
-874
-769
-587
-369
-176
-24
101
199
308
454
653
885
1097
1252
1372
1462
1506
1467
1361
1213
1036
877
789
727
659
523
335
124
-68
-209
-328
-403
-440
-424
-365
-288
-189
-140
-166
-237
-299
-280
-173
-23
133
256
362
443
498
560
580
589
611
683
796
874
900
832
693
537
402
285
183
99
-12
-155
-295
-414
-468
-489
-473
-471
-473
-453
-457
-466
-416
-333
-239
-172
-139
-79
-11
48
52
9
-67
-128
-154
-151
-170
-226
-328
-476
-619
-709
-744
-749
-761
-792
-801
-817
-869
-944
-1024
-1103
-1155
-1122
-990
-790
-642
-560
-548
-536
-475
-355
-175
-5
160
290
418
529
625
729
833
868
874
881
927
1024
1073
1043
921
769
626
512
461
430
392
321
209
88
-5
-78
-137
-188
-221
-206
-165
-147
-125
-107
-86
-59
-10
75
148
241
352
454
554
631
694
723
753
762
760
785
787
765
684
575
409
225
65
-73
-144
-183
-216
-252
-280
-331
-382
-401
-400
-379
-347
-303
-210
-70
95
226
268
237
168
124
137
190
184
115
7
-134
-268
-365
-451
-558
-708
-836
-888
-887
-846
-863
-929
-1015
-1062
-1048
-1011
-960
-908
-865
-843
-807
-729
-614
-528
-474
-425
-372
-287
-178
-63
22
81
109
133
214
370
545
686
749
749
749
756
777
793
808
773
714
652
608
568
482
344
200
136
113
116
97
35
-30
-86
-100
-69
30
149
244
296
337
378
403
394
355
342
376
441
512
555
544
488
398
360
350
339
334
294
260
231
222
210
156
102
56
33
36
47
59
63
57
65
83
102
100
65
18
-43
-93
-140
-205
-263
-313
-352
-390
-449
-532
-642
-749
-841
-903
-944
-973
-985
-940
-852
-766
-696
-675
-686
-718
-732
-700
-631
-547
-474
-441
-443
-458
-476
-509
-552
-566
-583
-552
-468
-363
-254
-181
-152
-104
-21
111
271
420
557
696
829
939
1034
1078
1055
971
881
823
786
742
667
559
419
277
146
38
-30
-34
13
72
147
230
283
307
304
271
245
267
352
449
500
489
451
389
322
320
354
415
463
492
516
547
589
579
501
406
308
257
293
354
382
363
300
216
154
105
56
-21
-118
-202
-247
-257
-306
-386
-488
-590
-671
-738
-768
-792
-822
-853
-871
-854
-818
-785
-758
-739
-711
-692
-676
-658
-639
-591
-509
-433
-377
-354
-382
-437
-507
-556
-592
-588
-562
-532
-487
-465
-477
-524
-573
-564
-453
-289
-122
20
122
217
310
409
514
627
728
834
928
996
1038
1036
972
875
790
692
622
564
508
455
402
351
277
185
109
20
-37
-59
-71
-28
36
98
98
47
-21
-70
-69
-39
67
191
319
438
499
519
490
491
530
590
630
654
687
696
690
613
507
389
270
188
125
107
61
-13
-81
-161
-242
-336
-418
-472
-499
-499
-506
-503
-505
-519
-527
-531
-505
-494
-483
-463
-440
-403
-374
-374
-397
-428
-460
-471
-466
-455
-462
-483
-527
-573
-608
-642
-665
-679
-682
-685
-665
-639
-592
-542
-494
-444
-398
-359
-285
-187
-91
-19
35
106
187
298
403
503
589
659
730
803
875
925
945
934
910
881
866
832
776
688
573
463
367
291
226
127
26
-56
-113
-145
-184
-202
-226
-229
-209
-151
-83
-5
42
69
102
176
297
412
537
645
711
740
717
675
615
556
493
441
409
361
285
165
45
-64
-151
-208
-247
-283
-310
-343
-396
-451
-489
-508
-509
-488
-464
-416
-371
-365
-412
-452
-462
-448
-427
-416
-399
-398
-413
-437
-478
-529
-572
-589
-572
-511
-437
-397
-378
-389
-399
-420
-441
-422
-388
-314
-248
-184
-160
-183
-240
-298
-347
-334
-292
-221
-131
-61
11
85
159
219
266
346
463
612
756
877
977
1040
1067
1047
1002
935
861
766
667
575
470
342
203
74
-55
-159
-246
-313
-337
-318
-249
-138
-70
-35
-35
-43
-5
74
181
285
372
414
400
371
337
308
324
358
380
388
361
306
245
169
96
13
-62
-107
-121
-102
-96
-124
-176
-240
-281
-302
-323
-331
-319
-301
-268
-267
-254
-260
-263
-254
-238
-220
-225
-241
-275
-316
-321
-322
-319
-298
-277
-256
-258
-255
-249
-242
-225
-188
-132
-73
-17
-7
-43
-92
-150
-192
-223
-251
-276
-289
-306
-340
-365
-376
-389
-386
-371
-345
-267
-148
-16
102
200
282
370
473
582
684
754
790
785
759
717
655
563
436
310
199
107
31
-53
-120
-163
-163
-161
-157
-132
-119
-113
-76
-32
17
54
49
34
29
41
82
134
172
197
217
242
276
308
308
303
296
313
356
366
319
232
187
197
216
216
147
39
-99
-217
-280
-287
-245
-241
-293
-395
-484
-503
-431
-334
-279
-276
-337
-366
-326
-229
-117
-36
-9
-33
-47
-41
0
44
68
82
84
78
61
31
-19
-67
-111
-164
-211
-226
-226
-234
-266
-315
-357
-396
-403
-402
-394
-370
-344
-298
-221
-137
-74
-34
-6
28
99
191
293
401
456
492
511
508
502
471
412
348
294
252
206
159
107
54
12
-23
-55
-75
-88
-105
-110
-106
-95
-92
-91
-97
-91
-90
-79
-49
-10
21
44
80
111
159
192
203
238
272
305
343
382
406
401
386
365
316
266
217
163
126
106
78
55
13
-51
-100
-149
-150
-155
-132
-113
-115
-119
-120
-106
-104
-92
-85
-81
-83
-81
-74
-72
-64
-76
-100
-143
-189
-214
-243
-259
-271
-293
-304
-313
-317
-311
-318
-338
-356
-340
-313
-280
-242
-217
-212
-231
-237
-239
-232
-208
-196
-177
-164
-120
-65
-14
21
19
32
55
108
181
259
311
346
356
346
333
322
320
307
297
287
262
204
133
51
-15
-47
-70
-82
-94
-118
-142
-146
-128
-116
-106
-105
-107
-86
-39
2
55
103
148
193
244
308
368
415
432
416
393
379
376
376
358
347
321
284
251
211
171
144
109
96
92
96
103
104
116
124
130
141
133
109
106
91
75
39
-3
-31
-62
-88
-126
-184
-242
-302
-359
-378
-376
-386
-395
-413
-415
-416
-413
-414
-420
-425
-435
-439
-419
-405
-401
-414
-450
-475
-484
-472
-472
-461
-461
-475
-483
-479
-439
-365
-277
-195
-125
-52
29
118
217
322
393
435
460
485
507
493
462
408
364
327
295
267
249
217
170
120
70
51
46
63
84
97
120
142
166
190
214
241
259
295
337
371
411
420
405
370
347
343
348
360
361
349
327
282
235
216
195
186
186
199
197
172
144
115
103
81
48
30
18
-4
-24
-59
-92
-124
-151
-183
-214
-247
-289
-326
-366
-397
-407
-402
-399
-391
-367
-347
-321
-309
-315
-310
-301
-296
-284
-275
-284
-302
-328
-344
-362
-399
-460
-521
-563
-581
-574
-577
-577
-578
-581
-568
-527
-459
-388
-288
-182
-89
0
83
166
246
324
366
394
424
447
456
448
420
382
339
316
298
287
276
260
255
253
256
255
252
254
257
268
299
327
348
359
339
317
311
317
348
373
417
457
492
501
492
500
495
495
467
458
449
457
463
467
451
394
327
249
185
140
89
26
-30
-91
-141
-184
-224
-265
-321
-364
-411
-433
-436
-443
-443
-457
-467
-473
-468
-459
-447
-438
-426
-423
-419
-402
-391
-381
-376
-387
-396
-434
-457
-478
-508
-537
-562
-577
-593
-602
-626
-655
-669
-667
-633
-583
-524
-464
-401
-344
-287
-203
-109
11
115
203
287
360
427
482
516
526
527
519
518
519
509
473
420
364
304
257
243
243
251
266
284
287
303
296
292
288
293
302
313
343
369
392
396
390
393
382
396
430
453
468
476
491
518
513
498
501
489
481
460
423
382
338
279
224
166
105
50
0
-36
-85
-139
-203
-269
-320
-345
-359
-366
-365
-369
-374
-370
-372
-382
-390
-408
-408
-404
-412
-441
-472
-496
-526
-544
-564
-596
-624
-646
-654
-665
-674
-717
-760
-784
-768
-753
-740
-713
-692
-646
-577
-485
-403
-344
-297
-246
-179
-83
46
176
274
349
414
461
505
556
604
660
688
700
714
721
706
663
611
566
537
514
491
481
477
442
387
322
260
216
195
198
203
199
188
177
163
150
144
144
156
173
191
215
225
232
224
215
216
222
222
231
227
211
187
161
130
78
46
10
-17
-15
-34
-72
-116
-168
-212
-239
-241
-238
-225
-226
-235
-232
-228
-227
-224
-221
-220
-223
-244
-257
-257
-272
-291
-318
-347
-377
-403
-420
-443
-451
-466
-473
-468
-464
-461
-465
-464
-464
-448
-426
-384
-336
-292
-258
-230
-209
-181
-148
-110
-73
-37
-14
3
55
102
148
190
224
242
253
285
324
362
399
421
433
454
475
494
502
483
448
414
366
329
295
257
237
229
223
200
174
155
138
129
140
151
169
186
196
204
198
198
198
199
203
219
228
235
221
195
161
139
113
92
79
59
36
11
-14
-43
-78
-109
-135
-149
-162
-171
-192
-197
-214
-229
-241
-255
-254
-248
-234
-201
-182
-175
-178
-198
-200
-203
-192
-183
-194
-214
-235
-266
-280
-284
-282
-289
-305
-315
-314
-293
-275
-257
-240
-227
-207
-182
-151
-127
-100
-85
-73
-48
-18
19
50
70
75
74
83
103
119
134
140
148
168
199
224
234
231
229
224
211
211
202
190
166
135
103
74
46
8
-16
-29
-27
-29
-22
-23
-17
-16
-13
11
32
55
72
75
77
89
92
106
112
109
115
106
108
116
131
138
127
108
91
85
83
84
79
85
83
82
105
110
108
96
67
45
44
57
75
77
80
83
80
66
45
27
17
17
15
8
-10
-41
-82
-120
-151
-186
-219
-245
-267
-276
-277
-275
-268
-275
-286
-298
-291
-268
-234
-192
-163
-143
-129
-103
-71
-40
-6
16
32
41
48
67
95
130
158
168
171
166
176
167
147
129
102
81
69
53
37
15
-6
-26
-55
-79
-106
-127
-141
-128
-122
-119
-114
-96
-78
-56
-30
-8
6
10
27
37
52
47
42
39
43
45
36
26
10
-2
-13
-18
-21
-3
15
27
57
84
107
124
139
154
160
180
194
210
231
234
242
241
224
209
188
178
166
148
134
117
100
85
61
42
8
-24
-46
-73
-105
-143
-163
-172
-184
-207
-224
-250
-270
-276
-291
-285
-264
-255
-242
-231
-212
-196
-177
-149
-120
-102
-92
-78
-56
-48
-29
-23
-24
-12
-4
0
-2
-23
-26
-26
-36
-28
-20
4
23
22
20
16
-1
-4
-14
-11
-6
-7
1
5
-3
-16
-27
-39
-39
-39
-29
-28
-23
-23
-31
-38
-27
-14
11
30
43
70
86
97
107
124
138
171
212
243
272
294
311
323
324
304
284
271
246
248
249
230
215
190
163
137
112
96
79
61
63
51
48
44
31
14
-7
-27
-49
-67
-83
-76
-63
-57
-67
-87
-109
-133
-151
-171
-182
-194
-213
-220
-220
-218
-212
-234
-244
-255
-258
-243
-235
-219
-211
-199
-185
-165
-140
-108
-87
-78
-84
-86
-80
-76
-60
-40
-20
-2
5
6
-4
-14
-16
-26
-14
-3
3
6
1
-5
-10
-11
-9
-16
-17
-21
-31
-30
-39
-48
-56
-69
-62
-52
-28
-3
26
49
60
70
86
116
145
174
200
231
256
283
302
313
312
301
287
275
285
282
281
271
240
204
175
155
145
141
125
130
131
133
136
119
112
94
80
74
60
55
50
44
35
16
-5
-29
-64
-90
-118
-143
-181
-217
-259
-303
-335
-349
-365
-393
-414
-440
-444
-434
-423
-407
-381
-356
-316
-259
-208
-163
-131
-102
-80
-43
9
44
79
103
128
149
157
164
159
149
131
106
102
101
93
80
60
43
31
20
8
-10
-14
-18
-18
-7
-2
1
-12
-21
-29
-26
-6
-2
-3
1
4
7
19
35
48
66
81
96
109
121
133
141
152
155
157
163
165
165
164
170
170
163
163
157
162
156
146
133
119
115
124
135
132
131
130
129
127
123
117
104
98
84
64
49
21
-11
-47
-71
-96
-126
-151
-191
-237
-284
-322
-355
-376
-391
-413
-424
-438
-437
-430
-412
-404
-380
-346
-312
-270
-230
-192
-170
-136
-95
-51
-13
24
51
74
97
112
133
144
150
155
152
155
154
144
129
117
100
93
84
82
90
94
103
94
84
72
63
62
53
51
52
51
56
72
93
100
105
100
93
83
85
89
98
115
117
133
143
146
153
146
139
137
139
149
162
167
177
178
169
157
133
117
100
83
72
69
70
61
53
39
16
-8
-12
-20
-26
-29
-40
-42
-52
-53
-64
-66
-73
-99
-119
-135
-149
-150
-154
-162
-174
-185
-197
-213
-221
-221
-210
-204
-207
-210
-218
-217
-219
-201
-189
-176
-150
-146
-133
-127
-124
-118
-108
-94
-74
-56
-51
-53
-45
-38
-28
-19
-16
-9
1
8
18
22
34
39
45
44
43
48
43
38
32
24
22
21
12
2
-2
-6
-8
-9
-13
-14
-9
-2
5
15
28
34
43
48
66
80
96
125
142
161
176
192
209
230
252
273
290
298
306
308
306
300
304
309
303
297
293
284
277
271
255
234
228
224
211
199
178
145
108
66
30
11
-18
-37
-57
-76
-90
-117
-145
-168
-200
-236
-264
-278
-288
-301
-314
-334
-355
-370
-380
-401
-405
-405
-412
-413
-403
-390
-381
-372
-361
-338
-313
-296
-263
-233
-201
-170
-155
-130
-104
-83
-63
-45
-19
-1
12
24
38
40
33
25
24
27
30
43
59
63
65
64
64
60
51
59
73
89
106
119
125
137
149
157
162
174
195
204
222
242
259
268
272
281
284
283
281
278
279
273
262
252
255
249
235
221
196
173
152
134
113
100
88
83
81
86
97
92
83
79
71
69
73
73
72
70
61
44
19
-2
-22
-45
-63
-78
-107
-124
-144
-171
-200
-234
-271
-304
-326
-353
-370
-375
-374
-378
-377
-371
-360
-343
-328
-306
-281
-253
-215
-174
-144
-121
-89
-65
-48
-25
-13
7
28
29
32
29
15
1
-13
-34
-52
-71
-83
-90
-104
-105
-113
-116
-113
-103
-90
-87
-71
-47
-29
-8
10
25
38
52
68
77
90
109
114
118
138
151
160
171
185
197
208
216
224
236
244
248
262
261
257
247
224
214
204
203
192
182
173
169
167
154
154
144
147
157
162
174
174
181
189
183
170
156
142
127
110
98
84
58
29
-8
-41
-71
-105
-139
-163
-197
-234
-270
-296
-317
-337
-337
-347
-355
-357
-353
-347
-329
-304
-274
-247
-218
-188
-168
-143
-120
-99
-78
-66
-45
-35
-18
0
5
11
18
16
16
22
30
34
20
13
6
-1
-6
-10
-17
-15
-15
-16
-4
3
4
7
19
28
35
32
18
7
5
7
15
20
20
19
10
10
15
29
40
52
64
83
106
135
163
182
193
191
185
174
173
176
176
169
166
154
148
140
133
121
114
106
91
87
73
64
52
44
40
29
23
12
-2
-17
-36
-67
-95
-119
-134
-142
-152
-161
-169
-188
-204
-211
-206
-201
-194
-186
-169
-159
-146
-139
-126
-112
-103
-97
-78
-61
-46
-30
-16
-9
0
8
18
32
49
60
64
76
81
80
82
83
91
96
90
86
82
78
66
49
38
33
20
6
0
-16
-32
-42
-50
-60
-63
-66
-67
-63
-52
-46
-41
-31
-32
-22
-14
2
16
21
27
33
38
52
57
66
75
74
65
53
44
38
36
42
44
45
45
37
40
41
41
44
46
51
52
54
58
66
62
58
57
60
60
58
61
54
50
43
29
18
8
5
-2
-19
-33
-39
-46
-52
-54
-62
-64
-75
-83
-90
-93
-91
-86
-84
-85
-79
-69
-67
-58
-47
-34
-20
-10
-5
-1
10
17
23
31
44
49
44
48
44
39
30
21
12
8
-8
-22
-42
-45
-55
-67
-74
-83
-81
-91
-96
-99
-101
-100
-97
-93
-92
-91
-82
-75
-70
-61
-50
-39
-22
-6
1
5
10
17
29
30
26
18
8
0
-2
3
-4
-8
-12
-20
-21
-25
-24
-21
-19
-14
-6
-5
-4
2
1
10
24
41
57
79
101
117
133
153
163
168
168
174
172
166
164
163
157
151
144
134
125
106
95
88
77
61
44
30
16
15
5
-8
-16
-32
-46
-42
-39
-33
-23
-19
-3
3
16
34
44
54
59
58
57
54
46
44
32
29
24
14
1
-14
-32
-50
-64
-76
-89
-97
-100
-121
-141
-154
-155
-158
-165
-165
-171
-176
-176
-179
-188
-187
-191
-189
-184
-168
-155
-140
-126
-120
-111
-105
-98
-96
-84
-70
-65
-57
-51
-42
-38
-33
-28
-23
-12
-13
-6
1
11
15
26
38
58
73
82
92
102
116
134
156
171
177
183
184
189
203
206
203
201
200
196
194
188
176
165
146
133
119
110
104
89
83
67
49
23
5
-11
-22
-29
-24
-31
-32
-33
-36
-26
-16
-4
4
14
20
22
24
35
35
22
17
10
9
2
-8
-3
-13
-20
-38
-56
-69
-92
-114
-130
-140
-158
-176
-191
-201
-212
-214
-216
-216
-207
-207
-202
-185
-170
-160
-150
-130
-122
-113
-99
-87
-74
-68
-54
-45
-40
-36
-30
-21
-8
0
7
15
28
44
53
61
64
67
74
80
85
91
100
95
97
100
105
112
119
129
140
148
155
167
169
182
184
183
185
187
194
200
199
190
174
161
146
138
126
112
105
93
90
81
67
41
19
-5
-17
-21
-21
-13
-14
-9
-10
-16
-21
-19
-21
-22
-26
-24
-18
-21
-29
-40
-55
-77
-85
-94
-99
-105
-117
-132
-142
-155
-170
-186
-207
-215
-223
-228
-240
-243
-245
-252
-257
-260
-255
-251
-242
-228
-216
-196
-183
-173
-160
-158
-146
-130
-111
-91
-70
-49
-28
-12
3
15
22
37
50
65
80
101
122
130
139
146
153
159
160
169
182
191
196
196
196
192
188
189
193
209
209
220
225
227
231
229
228
225
220
221
217
220
217
210
196
174
157
136
118
93
78
53
37
22
6
-7
-18
-32
-57
-68
-74
-84
-91
-89
-87
-92
-88
-91
-98
-105
-109
-115
-121
-120
-126
-122
-125
-133
-132
-135
-137
-134
-136
-133
-133
-134
-135
-139
-133
-135
-138
-134
-135
-134
-135
-133
-132
-138
-143
-148
-146
-142
-134
-135
-134
-129
-124
-115
-105
-86
-71
-60
-47
-29
-9
11
20
33
51
71
90
103
115
124
122
123
126
114
107
101
90
82
81
78
72
66
64
66
64
64
69
71
82
89
100
111
124
133
147
166
171
178
181
176
171
172
177
179
179
179
176
165
158
149
136
128
114
96
82
63
41
22
-2
-11
-25
-35
-42
-61
-75
-87
-99
-113
-123
-132
-137
-143
-140
-144
-149
-159
-174
-191
-203
-209
-218
-220
-219
-222
-221
-217
-212
-206
-197
-189
-185
-186
-186
-183
-178
-172
-166
-156
-150
-140
-131
-128
-119
-97
-80
-71
-57
-36
-18
3
16
31
48
58
73
93
107
123
136
154
171
181
183
185
190
198
205
203
207
205
202
201
200
205
206
210
213
209
205
203
201
191
177
175
172
169
159
141
125
108
99
97
81
70
60
43
32
30
17
4
-1
-7
-17
-26
-32
-38
-38
-46
-56
-59
-62
-76
-92
-99
-108
-111
-118
-128
-126
-133
-144
-145
-149
-162
-166
-167
-160
-153
-151
-158
-167
-166
-173
-175
-174
-168
-162
-151
-149
-136
-124
-115
-101
-88
-81
-78
-67
-63
-61
-56
-55
-53
-50
-55
-53
-43
-38
-32
-23
-15
-7
6
6
14
22
36
42
52
58
54
50
38
37
41
48
51
59
58
60
57
56
56
59
60
56
69
75
82
83
90
88
90
93
97
98
100
112
115
124
125
129
127
127
133
136
140
138
137
133
135
131
126
124
116
119
112
96
85
73
65
56
43
27
13
-2
-13
-23
-33
-40
-45
-53
-70
-79
-90
-92
-94
-91
-91
-100
-94
-93
-91
-85
-81
-82
-76
-64
-59
-61
-49
-49
-51
-49
-55
-53
-60
-65
-61
-54
-60
-69
-77
-84
-84
-90
-85
-77
-70
-63
-59
-49
-38
-31
-33
-27
-15
-9
-4
-8
-12
-9
-9
-14
-7
-1
5
12
15
10
11
13
10
13
15
12
10
5
1
-1
-12
-17
-25
-27
-28
-32
-27
-21
-14
-4
10
15
24
28
36
48
56
62
64
79
90
100
101
102
106
103
108
102
95
88
80
73
61
54
50
44
35
26
11
4
-10
-23
-39
-52
-54
-61
-70
-77
-82
-90
-93
-90
-89
-86
-84
-76
-76
-65
-54
-57
-51
-48
-44
-40
-34
-24
-19
-7
-1
-3
-4
-7
-11
-4
7
19
25
21
18
17
14
15
16
14
14
20
26
38
47
46
43
44
45
45
60
71
76
77
77
83
74
68
64
54
54
52
48
42
35
35
26
19
21
14
11
15
5
-4
-15
-24
-23
-28
-28
-28
-38
-43
-46
-46
-36
-41
-40
-39
-37
-30
-25
-15
-10
-10
-12
-13
-19
-18
-23
-28
-37
-39
-44
-58
-61
-68
-72
-73
-73
-74
-77
-79
-73
-65
-64
-55
-53
-47
-42
-38
-28
-18
-4
15
27
41
54
61
68
75
74
77
72
74
73
72
84
82
85
81
79
78
75
78
76
67
61
59
52
51
48
40
33
22
20
20
16
14
4
-2
-15
-27
-32
-41
-50
-59
-68
-72
-79
-80
-79
-92
-94
-97
-94
-87
-83
-80
-79
-72
-77
-76
-71
-61
-56
-48
-33
-23
-16
-9
-3
-4
-6
-4
4
15
22
26
37
40
38
42
38
33
32
32
35
33
40
48
44
46
53
47
50
51
53
49
49
50
45
45
37
38
39
39
38
40
46
47
46
40
33
31
34
31
30
31
30
20
15
6
-1
-10
-13
-12
-20
-30
-34
-30
-36
-39
-43
-47
-47
-51
-58
-57
-65
-76
-82
-81
-69
-60
-52
-54
-44
-37
-34
-30
-21
-5
0
0
5
1
1
-3
-12
-14
-14
-16
-17
-14
-16
-18
-19
-21
-26
-30
-24
-20
-19
-14
-8
-3
2
7
13
22
27
37
41
48
50
49
50
52
56
60
63
64
65
65
60
55
47
42
39
36
36
29
26
30
20
13
12
5
1
0
-8
-7
-3
-4
-1
2
5
2
-1
5
8
12
17
19
17
16
8
5
0
-2
-10
-19
-24
-25
-29
-33
-32
-33
-35
-34
-35
-34
-40
-41
-33
-25
-16
-13
-7
-3
-1
0
-2
-3
-1
-6
-6
-4
1
7
0
3
1
-9
-14
-22
-27
-27
-26
-27
-33
-44
-53
-62
-67
-71
-70
-70
-68
-55
-53
-51
-45
-43
-41
-36
-28
-20
-11
-1
16
15
13
12
9
7
10
12
23
26
29
36
36
32
33
33
36
41
45
54
57
66
65
66
63
62
67
64
65
71
72
70
67
59
58
55
48
46
44
31
32
38
29
13
-1
-8
-13
-14
-19
-30
-34
-35
-33
-33
-41
-43
-47
-52
-52
-58
-53
-48
-48
-47
-44
-41
-41
-43
-41
-37
-35
-31
-28
-22
-20
-13
-13
-10
-7
-9
-13
-10
-5
-3
-5
-6
-3
-4
-9
-7
-1
-2
4
5
15
23
21
21
23
27
23
20
21
23
26
24
30
29
23
18
14
13
10
12
14
9
7
8
5
3
1
3
3
10
19
21
25
30
30
33
38
31
24
19
20
20
24
21
16
10
2
-3
-7
-13
-18
-21
-29
-30
-31
-33
-35
-40
-38
-33
-30
-29
-25
-26
-27
-31
-37
-42
-45
-48
-49
-44
-45
-50
-52
-51
-53
-50
-53
-47
-44
-41
-27
-20
-13
-2
7
8
14
15
21
26
26
31
32
38
33
34
38
34
39
39
40
44
45
50
55
50
52
52
52
54
52
56
56
55
52
45
38
30
27
22
17
16
11
2
-4
-13
-24
-28
-23
-21
-21
-23
-22
-24
-30
-28
-27
-26
-23
-20
-13
-2
6
13
21
24
24
22
23
29
30
28
28
33
24
19
6
-5
-3
-9
-9
-16
-16
-18
-26
-18
-19
-18
-17
-15
-14
-11
-5
-6
-2
-9
-10
-17
-16
-20
-23
-24
-30
-34
-38
-48
-59
-69
-75
-79
-82
-76
-77
-72
-68
-64
-57
-54
-53
-53
-47
-39
-30
-21
-11
-5
3
12
20
24
22
25
32
47
52
55
56
57
53
54
51
47
41
38
31
22
23
15
11
4
-6
-13
-19
-18
-17
-18
-16
-10
-5
-8
-13
-11
-5
0
9
22
25
30
31
34
37
38
35
36
38
39
40
34
28
22
16
16
14
15
20
23
20
20
21
23
20
14
10
8
8
12
10
12
10
7
5
-1
0
0
-5
-9
-15
-15
-21
-21
-21
-22
-27
-30
-27
-22
-18
-16
-2
-2
1
2
-1
-1
-5
-7
-8
-6
-9
-10
-8
-2
3
5
8
5
5
2
2
7
8
6
7
8
8
6
9
10
10
12
11
15
11
10
10
10
9
1
-1
0
-7
-15
-25
-32
-40
-46
-47
-53
-50
-53
-54
-39
-39
-40
-35
-34
-29
-22
-18
-12
-5
2
2
1
8
15
14
16
21
26
27
29
32
35
35
32
30
28
32
26
27
29
22
11
9
4
-3
-7
-7
-8
-13
-17
-24
-31
-33
-32
-35
-37
-31
-28
-24
-21
-24
-20
-15
-9
-5
1
3
6
5
6
15
18
20
25
26
35
31
27
25
16
15
14
10
12
17
19
26
23
25
19
23
18
25
33
40
44
43
47
44
41
40
45
41
39
36
33
27
22
12
2
-5
-5
-9
-14
-13
-17
-24
-31
-39
-43
-36
-37
-37
-39
-38
-38
-42
-44
-47
-52
-57
-57
-59
-64
-62
-60
-61
-55
-55
-54
-56
-56
-48
-44
-38
-38
-36
-26
-18
-12
-9
0
5
0
7
11
16
24
26
30
35
42
44
38
43
41
39
38
34
32
25
25
24
23
19
19
21
25
26
25
22
18
16
13
10
12
9
10
11
9
10
7
-3
-9
-10
-9
-9
-5
4
9
12
21
21
23
28
30
29
28
32
34
37
32
28
19
12
7
8
9
2
4
3
3
5
10
5
2
1
-7
-7
-11
-13
-10
-14
-17
-31
-40
-42
-47
-46
-51
-50
-48
-55
-57
-57
-58
-57
-59
-59
-56
-58
-53
-43
-43
-41
-35
-31
-28
-31
-28
-22
-18
-19
-12
-6
-6
-4
-4
2
1
4
6
3
7
9
8
7
9
13
15
22
29
32
36
37
35
33
41
39
40
42
38
38
35
33
32
29
29
32
37
42
40
42
41
48
53
53
50
53
55
56
63
62
60
65
65
61
63
66
63
60
54
50
50
41
35
24
15
11
9
8
6
0
0
-6
-9
-10
-16
-27
-36
-44
-48
-55
-61
-66
-73
-68
-65
-66
-70
-72
-71
-71
-74
-76
-75
-72
-67
-66
-70
-63
-61
-61
-63
-62
-55
-53
-46
-45
-41
-40
-39
-33
-31
-32
-25
-23
-14
1
2
8
12
11
11
17
18
29
32
33
33
27
27
25
21
19
22
21
24
26
29
25
26
26
24
18
15
24
18
13
16
13
10
11
15
21
20
19
18
20
22
23
20
20
27
25
20
20
16
10
10
8
1
1
-5
-6
-8
-10
-11
-16
-21
-23
-28
-33
-36
-37
-32
-36
-30
-23
-24
-28
-25
-21
-28
-31
-29
-23
-16
-16
-16
-14
-14
-14
-14
-10
-13
-7
-1
3
6
7
14
17
21
22
27
30
41
43
47
54
51
53
54
57
51
53
52
49
53
53
55
53
58
56
56
55
52
52
50
49
47
45
39
39
33
29
23
10
9
0
-9
-16
-24
-27
-35
-42
-42
-46
-45
-46
-47
-49
-54
-53
-52
-57
-59
-55
-53
-49
-44
-46
-43
-39
-38
-39
-37
-31
-26
-21
-21
-16
-15
-9
-8
-4
3
2
4
8
11
12
11
8
7
2
-2
-9
-14
-23
-26
-34
-41
-38
-38
-39
-41
-42
-44
-50
-53
-59
-70
-73
-73
-66
-60
-54
-50
-45
-37
-34
-33
-30
-30
-28
-26
-23
-18
-11
-5
-2
0
4
10
8
10
14
14
18
28
36
43
49
55
59
61
64
65
59
60
60
66
70
74
76
80
84
85
88
91
96
101
106
107
107
102
100
98
93
90
89
90
87
77
68
55
45
31
31
29
24
16
9
3
-5
-9
-13
-16
-18
-21
-23
-20
-21
-17
-20
-18
-20
-22
-20
-21
-22
-22
-24
-30
-32
-39
-45
-52
-47
-51
-54
-60
-63
-64
-67
-77
-72
-78
-86
-81
-83
-86
-93
-97
-95
-98
-105
-103
-102
-97
-96
-88
-78
-69
-56
-56
-50
-37
-33
-24
-19
-9
-7
-7
-7
-4
1
0
4
4
9
16
22
27
28
33
37
36
37
42
52
62
61
61
56
56
58
51
50
54
52
48
45
46
41
38
30
28
27
24
20
20
19
17
18
11
9
7
9
5
3
11
12
15
18
19
15
17
19
17
17
24
24
27
27
30
34
32
29
25
20
17
19
16
15
8
4
-4
-13
-18
-18
-21
-25
-25
-20
-19
-18
-21
-25
-25
-22
-24
-27
-26
-27
-27
-30
-25
-28
-27
-23
-20
-17
-19
-19
-18
-24
-27
-31
-33
-34
-35
-31
-28
-22
-17
-14
-12
-10
4
11
17
19
26
31
29
35
30
30
26
25
22
18
18
16
21
21
14
13
9
5
4
-4
-7
-13
-15
-16
-20
-25
-25
-22
-25
-26
-25
-31
-31
-28
-25
-22
-16
-6
2
6
14
17
19
25
27
31
32
33
29
25
27
28
28
29
29
27
27
29
27
33
30
29
26
25
29
29
33
31
28
25
30
27
22
22
15
7
4
0
-4
-13
-17
-21
-32
-40
-44
-52
-55
-61
-62
-67
-74
-73
-72
-73
-72
-67
-60
-57
-63
-64
-63
-60
-59
-52
-53
-46
-34
-30
-22
-15
-8
-5
4
3
9
9
9
16
20
17
17
22
27
28
29
34
36
33
38
41
47
53
56
61
57
58
58
59
61
65
62
58
58
51
42
36
28
24
24
25
26
23
20
15
8
5
1
-5
-3
-8
-11
-11
-7
-4
0
1
1
2
3
10
6
8
3
2
-1
0
3
0
-2
-2
0
-4
-10
-14
-22
-25
-25
-30
-32
-34
-32
-31
-38
-36
-41
-40
-41
-44
-43
-43
-38
-32
-31
-29
-25
-23
-19
-12
-7
-11
-12
-12
-8
-6
-9
-3
-5
-1
0
2
11
13
15
20
21
18
16
15
11
8
4
3
4
2
-2
-4
-5
-1
-8
-5
-2
-7
-3
1
2
1
-2
-8
-5
-2
-3
1
3
9
8
8
10
13
16
17
16
17
22
21
18
18
16
14
14
13
13
4
1
-4
-3
-4
-6
-3
-6
-7
0
-2
-4
-2
-5
-2
3
9
15
17
22
21
19
21
24
30
33
35
38
40
44
35
30
28
18
19
14
15
12
4
3
3
-1
-2
-1
-6
-6
-11
-13
-14
-21
-25
-27
-34
-40
-43
-43
-41
-45
-48
-49
-58
-64
-65
-68
-65
-60
-54
-46
-42
-38
-34
-31
-26
-26
-22
-16
-18
-16
-14
-8
-11
-10
-8
-7
-7
-5
0
-6
-2
-1
1
3
6
3
1
1
8
10
8
6
0
5
6
12
14
12
14
16
20
25
27
34
36
46
51
54
62
64
74
81
84
91
97
94
92
94
94
94
88
86
85
82
83
79
77
73
64
52
40
34
25
13
2
-4
-15
-22
-32
-33
-39
-47
-53
-58
-63
-75
-82
-91
-97
-101
-105
-101
-103
-104
-107
-114
-118
-119
-116
-106
-103
-98
-89
-88
-84
-83
-81
-72
-70
-71
-67
-66
-55
-48
-41
-41
-37
-26
-15
-7
0
12
22
27
31
40
42
49
44
48
55
64
70
72
75
74
70
66
69
74
72
68
68
63
63
63
58
58
59
57
53
54
50
49
42
34
38
37
39
44
41
41
41
36
37
35
38
36
31
29
31
25
19
22
23
23
19
19
20
14
6
-1
-2
-6
-11
-18
-22
-26
-30
-27
-30
-30
-25
-34
-29
-32
-38
-36
-39
-40
-37
-35
-34
-36
-34
-34
-32
-28
-26
-25
-24
-26
-26
-30
-35
-37
-45
-44
-38
-35
-39
-41
-41
-41
-44
-43
-42
-38
-28
-26
-24
-22
-18
-17
-17
-19
-19
-18
-17
-10
-9
-5
-6
-8
-6
-9
-9
-11
-16
-15
-13
-13
-8
-4
-5
-2
-4
-5
-3
1
7
12
14
13
15
17
14
14
17
21
25
28
34
40
47
50
51
53
62
68
70
71
79
81
78
74
70
68
60
54
49
42
35
30
23
23
20
21
14
6
6
3
-7
-13
-16
-22
-21
-25
-25
-30
-36
-37
-45
-52
-55
-60
-66
-66
-69
-70
-69
-75
-76
-75
-78
-76
-77
-74
-72
-72
-69
-66
-57
-57
-56
-53
-51
-47
-40
-32
-30
-30
-21
-18
-9
-5
2
7
8
16
25
36
43
51
56
60
62
66
73
75
80
77
82
84
92
92
92
95
93
92
92
92
89
89
87
85
78
71
66
54
46
39
34
32
28
24
16
15
10
6
3
5
4
2
4
1
0
-4
-11
-15
-20
-27
-24
-31
-34
-37
-38
-39
-43
-50
-55
-60
-64
-59
-62
-63
-62
-64
-68
-73
-77
-80
-84
-86
-83
-84
-82
-78
-80
-84
-80
-73
-73
-71
-65
-59
-48
-43
-36
-31
-23
-12
-8
2
9
14
22
28
30
35
45
50
52
64
64
64
69
70
73
71
68
64
64
66
68
66
57
54
52
50
46
43
46
42
37
32
25
24
22
21
14
10
3
3
-2
-5
-10
-13
-13
-17
-15
-17
-22
-26
-24
-29
-28
-26
-25
-23
-22
-22
-22
-20
-19
-14
-12
-10
-10
-11
-10
-7
-1
2
5
9
8
6
7
8
8
8
4
0
-3
-8
-12
-17
-22
-23
-24
-24
-27
-24
-22
-23
-20
-19
-14
-17
-20
-18
-21
-23
-20
-19
-15
-13
-18
-16
-13
-8
-3
0
1
3
4
3
2
1
2
7
7
9
11
15
18
18
18
18
18
14
10
14
18
18
22
21
21
23
20
23
25
22
25
25
26
24
21
21
20
20
19
15
10
8
5
8
9
8
9
8
7
4
0
-6
-10
-16
-17
-15
-16
-13
-10
-7
-7
-7
-7
-7
-5
-7
-7
-9
-10
-11
-15
-14
-15
-15
-12
-15
-11
-12
-13
-12
-13
-12
-19
-17
-16
-17
-16
-18
-17
-17
-15
-11
-9
-9
-8
-8
-8
-6
-1
-3
0
0
-3
-6
-12
-10
-9
-6
-4
-4
-1
0
2
-1
4
6
4
6
6
9
10
16
21
24
26
26
29
30
30
30
31
27
22
19
20
23
20
19
19
17
13
12
10
6
4
-2
-4
-4
-11
-13
-17
-21
-26
-31
-29
-31
-32
-32
-31
-29
-26
-26
-28
-27
-21
-19
-17
-18
-15
-4
2
6
10
11
9
7
6
6
6
8
11
14
17
13
12
14
17
17
17
22
23
22
28
27
26
28
27
29
26
28
28
30
27
22
24
25
24
23
21
20
20
17
21
22
21
17
14
13
10
12
10
8
7
6
5
3
2
2
1
-2
-5
-7
-9
-14
-17
-21
-22
-25
-28
-30
-33
-34
-38
-41
-42
-41
-43
-41
-40
-40
-41
-43
-43
-46
-49
-50
-47
-50
-51
-52
-51
-51
-48
-49
-50
-47
-46
-47
-44
-41
-42
-39
-39
-35
-30
-24
-18
-13
-7
-1
5
12
20
24
28
32
35
38
40
41
43
44
42
45
44
44
44
41
41
39
41
39
41
44
47
48
46
50
49
50
47
47
45
42
39
38
38
37
33
32
28
26
20
16
15
12
10
7
6
4
-1
-5
-8
-12
-12
-13
-17
-18
-15
-17
-18
-19
-20
-21
-19
-16
-15
-10
-5
-4
-5
-5
-8
-8
-11
-10
-12
-14
-11
-12
-12
-15
-18
-18
-19
-18
-18
-20
-17
-17
-17
-17
-19
-19
-18
-20
-19
-21
-17
-16
-16
-13
-13
-9
-10
-9
-7
-3
-3
1
-1
-3
-2
-5
0
-2
-4
-4
-1
-2
1
-3
-6
-8
-13
-12
-10
-8
-9
-5
-4
0
2
5
9
10
11
13
12
15
14
12
13
14
12
10
8
12
10
9
9
11
15
18
21
20
22
24
23
23
24
23
25
24
24
24
23
24
22
18
21
18
11
3
-3
-8
-11
-15
-20
-22
-27
-27
-32
-34
-32
-36
-33
-30
-30
-28
-25
-24
-24
-21
-19
-20
-18
-19
-20
-18
-14
-13
-15
-12
-12
-12
-10
-7
-5
-4
-6
-6
-3
3
6
8
12
12
13
11
16
16
15
19
19
24
26
25
25
28
26
24
25
22
21
22
24
27
31
31
30
29
28
21
18
15
11
10
9
10
9
7
4
1
-1
-3
-1
-2
-2
-1
-2
-3
-4
-10
-11
-4
-8
-10
-9
-13
-13
-13
-15
-16
-19
-20
-21
-24
-26
-29
-29
-30
-31
-29
-30
-27
-27
-28
-26
-26
-25
-23
-19
-17
-11
-9
-7
-6
-4
3
6
10
14
18
16
19
20
21
23
23
22
20
21
20
19
18
16
14
12
17
14
13
12
11
12
11
8
6
4
3
4
0
-1
-5
-9
-11
-13
-14
-14
-16
-16
-16
-14
-14
-14
-15
-16
-18
-20
-21
-22
-20
-19
-20
-19
-16
-16
-14
-9
-10
-10
-10
-7
-4
-1
-1
-1
-2
-4
-5
1
1
1
-1
1
3
6
8
7
8
7
10
9
11
12
10
12
13
12
17
20
19
18
15
10
11
11
13
14
11
10
7
8
8
10
9
10
13
15
17
18
21
19
16
15
10
12
11
14
18
15
12
10
11
11
8
10
9
8
9
9
9
6
3
-1
-7
-9
-9
-10
-12
-11
-15
-17
-15
-16
-18
-20
-21
-21
-21
-23
-20
-20
-20
-18
-18
-18
-15
-14
-12
-10
-6
-8
-5
-2
-4
-1
-1
2
1
1
2
0
-2
-2
-4
-2
-2
-3
-1
-4
-3
-2
-5
-4
-4
-2
-6
-4
-5
-4
-1
-1
1
-1
-2
-3
-2
-2
-3
-4
-7
-7
-10
-10
-10
-12
-13
-15
-16
-14
-13
-14
-13
-13
-10
-8
-5
-1
1
2
2
5
6
7
11
10
13
19
20
19
20
20
19
20
20
20
19
16
20
15
15
14
15
13
12
11
10
12
10
12
12
13
12
12
12
11
13
11
10
8
5
2
1
5
2
3
2
2
1
2
1
5
6
7
8
7
9
9
7
6
4
3
3
3
1
1
-3
-2
-4
-6
-6
-10
-9
-12
-14
-16
-19
-21
-23
-26
-28
-30
-28
-30
-31
-29
-29
-29
-30
-28
-27
-27
-26
-24
-23
-22
-21
-18
-15
-12
-14
-15
-15
-15
-12
-11
-7
-1
1
4
5
9
13
17
20
24
27
30
31
33
33
32
31
29
31
28
27
28
27
26
23
20
20
19
16
17
16
17
17
18
16
16
13
11
9
10
9
7
4
0
-2
-3
-4
-9
-10
-13
-15
-16
-16
-17
-17
-19
-19
-21
-22
-22
-24
-24
-22
-21
-21
-20
-20
-21
-20
-20
-15
-15
-16
-15
-13
-10
-11
-10
-8
-9
-7
-3
-2
-1
1
2
2
2
4
5
8
9
11
10
10
10
9
10
7
3
3
4
2
2
4
5
5
5
7
7
9
10
11
13
15
13
13
13
11
9
10
10
10
12
10
10
11
10
10
11
11
12
12
10
8
7
6
4
-1
-2
-4
-5
-5
-6
-9
-10
-10
-10
-10
-11
-10
-12
-8
-8
-9
-8
-10
-10
-9
-9
-9
-8
-7
-4
-4
-7
-5
-4
-7
-8
-5
-5
-5
-6
-6
-7
-7
-7
-6
-4
-4
-3
-1
1
5
4
5
7
5
7
7
7
8
8
10
11
11
11
11
12
11
10
9
8
8
5
5
7
6
4
3
1
-1
-2
-1
-1
0
-1
-1
0
-1
-1
-6
-8
-8
-9
-7
-6
-3
-1
-1
1
0
0
0
-1
-1
-2
-3
-5
-7
-8
-8
-7
-8
-9
-10
-11
-10
-11
-9
-9
-11
-11
-13
-11
-10
-9
-8
-6
-6
-5
-3
-2
-2
-1
0
0
4
6
7
10
10
11
12
11
13
11
12
10
10
12
12
12
11
7
7
6
3
4
7
6
6
4
3
3
3
3
4
4
3
2
2
1
1
0
-4
-2
0
1
-1
-1
1
0
1
3
4
4
3
3
2
0
-1
-2
-1
0
1
1
1
0
0
0
-2
-1
0
0
-1
-1
0
0
-2
2
1
0
1
1
1
0
0
0
-3
-5
-6
-4
-1
-1
0
0
0
-1
-1
1
-2
-2
-2
-3
-5
-5
-7
-8
-9
-11
-12
-15
-15
-15
-16
-14
-15
-16
-17
-16
-15
-12
-11
-10
-10
-10
-8
-8
-10
-9
-7
-6
-4
-2
0
1
3
5
6
6
7
7
8
8
9
8
8
10
10
13
17
19
18
20
17
15
15
14
14
14
14
13
12
15
12
11
10
11
10
8
10
10
8
8
7
7
7
6
6
5
4
3
1
1
-1
-2
-5
-7
-4
-6
-5
-6
-7
-8
-8
-8
-8
-9
-11
-11
-13
-12
-12
-12
-13
-12
-12
-12
-12
-13
-12
-12
-13
-13
-10
-10
-8
-8
-10
-10
-9
-7
-6
-6
-5
-3
-3
-2
2
5
5
6
8
8
9
8
12
10
13
14
13
14
14
14
10
9
10
8
8
7
5
6
6
7
8
7
6
4
4
3
3
4
4
3
2
3
2
2
2
1
1
1
0
2
2
2
3
1
2
0
-4
-3
-4
-3
-1
0
-1
-4
-5
-6
-5
-8
-9
-7
-9
-9
-8
-9
-9
-9
-9
-8
-8
-8
-6
-5
-8
-8
-8
-8
-9
-9
-8
-9
-12
-10
-9
-8
-7
-4
-3
-2
-1
-1
0
2
2
4
4
4
5
4
5
3
5
2
1
1
2
0
-2
-1
-1
0
0
1
1
1
2
2
1
2
3
3
2
3
5
3
4
5
2
1
2
3
7
8
8
10
8
8
6
4
5
4
3
4
3
4
5
3
3
2
2
2
2
1
1
3
3
3
4
2
2
3
1
0
-1
-1
-2
-3
0
0
3
2
3
3
2
3
3
2
2
2
-1
2
2
2
1
0
1
-2
-2
-4
-4
-5
-5
-5
-5
-4
-4
-4
-5
-5
-6
-5
-3
-4
-4
-4
-6
-6
-8
-7
-6
-5
-6
-5
-6
-6
-5
-3
-2
-1
0
2
2
2
2
2
2
1
2
1
2
2
2
3
3
5
7
6
7
6
6
5
5
6
8
9
10
8
10
9
7
10
9
11
11
12
12
9
10
7
5
1
-2
-2
-4
-5
-8
-10
-9
-10
-9
-8
-9
-10
-11
-10
-12
-10
-10
-9
-7
-7
-8
-6
-7
-7
-8
-9
-10
-10
-9
-11
-10
-10
-9
-9
-9
-10
-10
-9
-8
-4
-4
-2
1
0
-1
-1
-2
-2
-2
-1
-1
1
2
3
7
7
9
9
11
10
11
13
11
9
9
9
7
7
7
6
7
7
6
5
6
4
4
5
5
4
5
5
5
5
5
4
3
2
1
1
1
-1
-1
-1
-3
-1
0
1
1
-1
-2
-2
-1
-2
-1
-1
0
0
0
2
2
2
2
2
1
1
2
3
2
5
5
5
4
3
1
0
-1
0
1
4
3
2
2
2
0
0
1
2
2
3
4
1
1
0
-2
-1
-1
-2
-4
-4
-5
-5
-6
-8
-7
-7
-8
-8
-9
-8
-7
-8
-6
-6
-7
-5
-6
-7
-6
-7
-5
-5
-5
-6
-7
-6
-8
-10
-10
-8
-9
-9
-8
-8
-8
-8
-7
-7
-8
-9
-7
-7
-7
-7
-4
-3
-2
-3
-2
-3
-1
0
-2
-2
0
2
3
4
4
5
5
7
8
8
11
9
12
12
10
9
9
10
13
15
15
15
16
15
15
14
14
14
12
14
12
14
14
12
10
7
6
6
5
4
4
3
2
2
2
-1
-3
-5
-6
-9
-9
-9
-10
-11
-10
-9
-9
-9
-9
-5
-6
-7
-7
-7
-7
-7
-4
-5
-6
-5
-5
-4
-3
-3
-3
-4
-4
-3
0
0
2
1
4
5
5
7
8
7
9
10
9
9
9
9
9
9
9
8
8
8
9
8
8
7
7
9
8
7
7
5
5
2
-2
-3
-4
-6
-7
-7
-9
-9
-9
-12
-12
-10
-12
-11
-12
-12
-13
-13
-12
-11
-11
-10
-11
-10
-11
-10
-9
-7
-6
-5
-3
-4
-6
-6
-6
-6
-5
-5
-6
-7
-6
-5
-3
-3
-2
0
1
1
2
2
4
5
3
4
5
4
7
7
7
6
4
2
1
1
1
-1
-2
-2
-1
0
2
2
3
4
3
1
1
-1
-3
-1
0
1
1
1
3
4
6
6
6
8
8
9
10
10
10
9
8
8
7
5
5
3
1
1
-1
-2
-1
-3
-4
-4
-7
-7
-8
-8
-7
-7
-6
-6
-6
-6
-6
-4
-3
-1
1
2
2
4
3
4
6
7
7
6
8
8
7
7
7
7
7
8
6
6
4
2
-1
-1
-3
-3
-1
-2
-2
-2
-2
-3
-4
-5
-6
-5
-6
-4
-4
-2
-2
-2
-4
-4
-3
-3
-2
-2
-2
-2
-3
-5
-3
-1
-1
0
-1
-3
-4
-5
-7
-8
-8
-7
-8
-8
-7
-7
-7
-6
-5
-6
-5
-6
-6
-4
-3
-1
-1
0
1
2
3
3
5
7
8
9
8
10
10
11
11
12
13
12
12
11
11
10
9
7
6
3
1
-1
-2
-3
-2
-2
-2
-3
-4
-3
-4
-3
-2
-2
-1
-3
-2
-1
0
2
3
4
6
6
6
5
5
5
4
4
2
1
0
-1
-3
-2
-2
-3
-3
-3
-3
-5
-5
-5
-5
-5
-4
-4
-4
-3
-3
-2
-1
0
0
-1
-1
-1
-2
-2
-2
-1
-2
-1
1
1
1
0
2
3
4
7
7
7
7
7
8
8
8
8
8
7
6
6
5
5
4
2
1
0
0
-2
-2
-5
-4
-6
-4
-4
-5
-2
-3
-3
-3
-3
-4
-5
-5
-5
-6
-7
-7
-8
-9
-10
-11
-10
-8
-10
-9
-9
-8
-7
-6
-3
-4
-4
-3
-3
-3
-4
-3
-4
-2
-2
1
1
1
1
2
2
2
5
4
6
7
7
8
9
9
9
9
7
7
9
8
7
5
6
5
6
6
6
5
6
6
5
6
4
3
2
1
0
-1
-1
-3
-2
-2
-2
-4
-5
-4
-7
-9
-9
-7
-8
-8
-8
-7
-6
-5
-6
-6
-6
-6
-6
-9
-8
-7
-6
-5
-4
-3
-3
-3
-2
-2
0
1
2
2
3
2
4
3
2
1
1
1
1
1
0
1
2
2
1
2
3
3
5
6
4
3
3
3
4
4
6
9
8
8
8
9
8
10
10
11
11
11
11
10
9
9
7
6
6
5
5
5
3
2
1
-1
0
-1
-1
-4
-6
-6
-7
-8
-8
-7
-6
-7
-8
-8
-8
-9
-9
-9
-7
-7
-8
-7
-8
-8
-8
-9
-10
-9
-9
-9
-8
-9
-9
-9
-9
-9
-7
-8
-8
-7
-6
-6
-4
-2
0
0
2
2
5
4
6
7
8
9
9
10
8
8
9
11
12
12
13
13
13
13
9
10
8
7
6
7
8
8
8
8
7
5
3
3
2
1
0
-1
-2
0
0
-1
-1
-2
-2
-4
-5
-4
-6
-6
-6
-7
-8
-8
-9
-8
-9
-8
-8
-8
-8
-8
-6
-5
-5
-4
-5
-4
-4
-3
-3
-2
-3
-1
-1
-2
-3
-3
-4
-3
-3
-2
0
0
2
1
2
2
2
0
2
1
1
3
2
4
4
3
3
5
6
6
6
6
7
7
6
6
5
6
6
6
5
5
6
5
4
4
1
2
1
0
1
2
1
1
0
0
1
0
1
1
1
0
-2
-4
-4
-5
-5
-6
-4
-3
-2
-1
-3
-2
-2
-3
-2
-2
-1
-2
-2
-2
-3
-3
-4
-4
-2
-1
0
1
1
3
5
5
6
6
5
6
7
7
7
7
7
7
7
6
6
3
2
1
0
0
-3
-3
-3
-3
-4
-5
-5
-6
-8
-8
-9
-10
-11
-12
-11
-12
-13
-11
-13
-11
-12
-11
