-1
-1
-2
-2
-2
-2
-2
-2
-2
-2
-3
-1
-1
-2
-1
-1
0
-1
-1
-1
0
1
2
1
2
3
2
2
2
3
2
4
4
5
5
5
3
3
4
4
3
2
3
1
1
1
0
2
2
1
1
2
0
1
1
0
1
1
2
3
2
4
5
5
4
3
4
3
5
4
3
3
3
2
1
1
0
0
1
1
-1
-1
-2
-4
-3
-3
-3
-3
-4
-4
-3
-4
-2
-3
-3
-3
-2
-2
-3
-3
-3
-2
-3
-3
-3
-2
-2
-2
-3
-3
-2
-2
-1
-1
-1
-1
-1
-2
-3
-2
-3
-2
-1
-2
-2
-2
-1
-2
-1
0
0
0
1
1
2
1
3
2
3
4
3
3
3
3
2
2
2
1
1
0
0
0
-1
-1
-1
-1
-1
0
0
0
1
2
1
2
2
4
4
4
3
5
4
4
4
2
2
1
1
0
0
-1
-2
-1
-2
-3
-3
-3
-4
-4
-4
-4
-4
-3
-2
0
-1
-1
-2
-2
-1
-2
-1
-2
-1
0
1
1
1
1
0
-2
0
0
0
0
0
-1
0
0
-1
-1
-1
0
2
2
2
3
3
3
3
3
4
4
3
4
3
3
3
4
3
3
4
2
1
1
0
0
-1
-2
-2
-2
-2
-2
-3
-2
-2
-2
0
-1
-1
-1
-2
-2
-2
0
0
1
1
1
2
2
1
2
1
1
0
-1
-2
-3
-3
-2
-4
-3
-4
-4
-4
-4
-3
-3
-3
-2
-2
-1
0
0
0
1
2
2
2
2
0
0
1
1
1
0
1
0
-1
-1
0
-1
-1
-2
-2
-2
-3
-3
-2
-2
-2
-2
-1
-2
-1
0
0
1
0
0
2
2
3
3
3
4
3
2
2
0
-1
0
0
1
0
0
1
0
0
-1
-2
-1
-2
-1
0
1
1
1
0
-1
-1
-1
0
-1
1
1
1
1
1
1
1
0
2
1
1
0
-1
-1
-2
-1
-3
-1
-2
-1
-1
0
1
1
2
2
1
1
3
2
3
3
5
3
3
3
3
3
3
3
2
1
0
0
0
1
0
-1
0
-2
-2
-1
0
0
2
2
2
1
2
1
1
1
1
2
3
2
2
1
1
-1
0
-1
-1
0
0
0
-1
-1
-1
-2
-2
-2
-2
-3
-2
-2
-3
-3
-2
-2
-2
-2
-1
-3
-3
-3
-1
-1
0
1
1
1
-1
2
1
2
2
3
4
3
3
3
1
2
2
0
0
-1
-2
-4
-4
-3
-5
-4
-3
-4
-5
-3
-2
-4
-3
-3
-3
-2
-3
-2
-1
-3
-4
-2
-2
-2
-1
-2
-2
-1
0
-2
-2
-3
-2
-3
-2
0
-1
-1
0
-1
-1
-1
-1
0
1
1
1
1
1
0
0
2
1
2
1
3
3
4
2
1
2
2
1
3
3
3
3
3
4
4
4
3
4
4
5
5
5
5
4
2
2
2
3
3
2
2
2
1
1
0
1
0
1
2
2
1
0
-1
-1
-1
-2
0
-2
-1
-1
-2
-3
-4
-4
-3
-3
-2
-3
-3
-3
-2
-2
-2
-2
-2
-1
-2
-2
-1
-2
-1
-3
-3
-5
-5
-6
-5
-5
-4
-3
-3
-2
0
1
1
1
1
2
1
2
3
4
3
3
2
1
1
1
1
4
3
4
4
3
3
2
2
3
2
2
2
1
1
0
0
-1
-1
-1
-1
-1
-1
-1
0
0
0
0
1
0
0
-1
-1
-1
-2
-2
-2
-2
-3
-3
-2
-3
-2
-3
-2
-1
-1
-1
0
0
1
1
0
1
0
0
1
1
0
1
0
-1
1
2
1
0
0
0
-1
0
0
0
1
0
-1
-1
0
0
0
0
0
0
1
0
2
2
3
2
2
2
2
3
4
4
4
4
5
5
2
3
2
4
3
2
2
0
1
0
-1
0
0
1
0
0
1
-1
-1
-1
-1
-2
-2
-1
-3
-3
-4
-5
-5
-4
-4
-2
-2
-2
-3
-2
-3
-2
-3
-2
0
0
0
0
0
0
0
0
0
1
1
1
2
3
3
3
2
1
2
1
1
1
0
-1
0
-2
-1
-1
-1
-2
-2
-2
-2
-2
-2
-1
-1
-1
-1
0
0
0
0
-1
0
-1
0
0
2
2
2
1
2
2
2
3
3
2
1
1
1
0
1
0
-1
-1
0
1
1
0
-1
0
0
-1
0
-1
0
0
0
0
-1
-1
-1
0
0
0
0
0
-1
0
0
0
0
0
0
1
-1
1
-1
0
0
1
0
0
0
1
2
1
2
1
2
1
0
1
0
0
-1
-1
-2
-2
-1
-1
-4
-4
-4
-4
-5
-3
-4
-4
-3
-3
-2
-2
-2
-2
-3
-3
-3
-4
-2
-2
0
-2
-2
0
1
1
2
4
4
5
5
4
5
5
5
5
5
4
4
3
3
2
1
1
0
0
0
0
0
0
0
1
1
1
1
0
0
-1
-1
0
0
1
1
0
1
0
-2
-2
-3
-3
-2
-1
0
0
-2
-1
-1
-1
-1
0
-1
0
1
2
3
3
4
2
2
2
2
2
2
2
1
2
2
1
0
-1
-1
-3
-3
-3
-4
-4
-3
-3
-4
-5
-5
-5
-6
-7
-6
-6
-6
-6
-4
-3
-3
-2
-3
-1
0
1
2
3
3
2
3
2
3
4
6
5
5
5
7
6
5
4
3
2
2
2
3
1
1
0
-1
-2
0
0
0
0
0
0
0
-1
0
-1
-1
1
-1
1
1
0
0
0
-1
-1
-1
0
-1
-1
-1
0
0
-1
0
-1
-1
-1
-1
0
0
1
1
3
3
5
6
6
7
6
5
4
4
2
3
1
-1
-1
-3
-4
-4
-4
-6
-5
-7
-8
-8
-9
-8
-8
-8
-7
-5
-5
-6
-6
-7
-7
-6
-6
-6
-3
0
0
-2
-1
-2
-2
0
-2
0
2
2
2
2
1
1
2
2
3
4
7
7
8
7
7
7
7
8
7
7
6
4
3
2
1
1
0
0
1
0
0
0
-1
0
0
1
3
3
3
4
3
2
0
0
0
0
0
0
0
-2
-2
-3
-2
-2
-1
-2
-2
-2
-1
-1
-2
0
0
0
1
2
3
4
4
3
3
3
3
3
4
3
4
3
2
1
-1
-3
-2
-3
-3
-4
-4
-6
-7
-8
-6
-6
-7
-8
-7
-7
-8
-8
-9
-9
-8
-7
-7
-7
-9
-8
-10
-9
-11
-8
-9
-9
-7
-7
-7
-6
-6
-2
-1
2
4
7
10
12
15
16
18
19
20
20
21
21
21
20
17
15
14
12
11
8
5
0
-2
-4
-6
-7
-7
-8
-9
-9
-10
-10
-9
-7
-7
-5
-3
0
2
4
4
3
4
4
5
5
4
4
2
0
-3
-4
-7
-8
-9
-10
-12
-11
-14
-15
-16
-14
-12
-9
-7
-4
-1
0
4
6
12
16
20
22
23
23
21
19
16
13
9
6
4
1
-1
-6
-8
-13
-18
-22
-20
-14
-11
-10
-11
-11
-10
-6
-2
3
7
10
14
12
15
17
20
22
22
21
16
13
7
6
5
4
-2
-12
-20
-25
-29
-32
-34
-35
-37
-38
-41
-40
-37
-30
-23
-14
-6
1
7
12
18
25
33
40
43
45
45
40
35
29
24
20
14
5
-5
-14
-24
-31
-35
-37
-38
-38
-37
-37
-34
-27
-20
-11
-2
9
16
24
29
35
41
47
53
54
54
50
47
42
36
29
20
13
3
-6
-15
-20
-25
-31
-34
-38
-42
-45
-45
-43
-40
-36
-32
-30
-25
-21
-17
-13
-8
-4
0
4
6
7
8
8
7
7
7
7
5
4
4
1
0
0
-1
-2
-3
-2
-2
-2
-1
-1
2
3
6
7
11
16
19
23
27
30
35
36
37
37
35
33
32
28
27
23
21
14
8
3
-2
-5
-7
-7
-7
-8
-8
-12
-15
-20
-27
-32
-36
-33
-33
-34
-39
-45
-51
-56
-56
-55
-49
-43
-39
-36
-34
-26
-17
-4
8
19
32
39
47
55
63
69
73
74
72
66
57
48
36
24
12
0
-12
-26
-38
-47
-53
-54
-53
-51
-48
-45
-41
-32
-22
-10
4
15
26
36
42
49
58
64
68
71
69
64
56
49
42
35
23
7
-6
-21
-30
-43
-51
-61
-70
-75
-80
-82
-84
-83
-81
-74
-61
-51
-37
-29
-20
-9
0
9
16
21
26
30
33
35
35
32
27
20
11
4
-5
-10
-20
-28
-37
-40
-46
-46
-47
-45
-45
-41
-38
-31
-21
-11
2
15
30
43
57
69
83
95
103
108
106
102
100
96
90
81
69
54
34
17
5
-3
-10
-21
-35
-44
-48
-49
-48
-47
-47
-43
-39
-30
-25
-23
-22
-22
-18
-9
0
5
2
-3
-4
-7
-12
-11
-11
-7
-3
-8
-9
-11
-8
-1
5
13
20
20
23
27
30
37
40
44
43
37
30
23
12
3
-3
-5
-6
-10
-10
-14
-14
-14
-17
-11
-7
-5
-6
-1
4
11
13
11
12
12
13
7
1
-3
-3
-4
-5
-6
-16
-27
-34
-39
-51
-54
-60
-60
-61
-67
-81
-119
-148
-151
-126
-107
-111
-128
-140
-133
-113
-91
-66
-32
4
30
49
68
104
137
171
201
232
253
248
225
200
194
188
173
128
65
8
-34
-68
-108
-148
-181
-211
-241
-253
-250
-233
-204
-171
-131
-89
-40
8
58
103
163
220
261
292
308
332
342
347
342
322
288
239
192
147
114
63
1
-59
-117
-165
-208
-235
-255
-265
-277
-286
-273
-260
-243
-214
-178
-137
-91
-37
6
50
84
114
134
152
168
177
170
144
124
110
80
46
3
-39
-74
-112
-142
-181
-214
-229
-238
-246
-248
-246
-238
-213
-178
-137
-97
-60
-29
-2
34
76
110
142
175
187
208
221
220
210
191
167
153
145
123
94
65
40
21
8
-7
-28
-49
-60
-68
-65
-66
-39
-29
-27
-19
-35
-31
-9
23
44
55
57
65
69
66
73
65
50
43
38
22
-25
-68
-89
-81
-52
-69
-166
-297
-349
-258
-148
-148
-256
-323
-322
-290
-244
-212
-139
-67
6
52
76
124
202
288
344
426
494
486
434
377
400
446
468
410
287
155
46
-52
-153
-220
-229
-239
-370
-484
-530
-511
-492
-429
-350
-258
-189
-168
-148
-90
48
212
352
426
484
534
511
500
540
642
704
659
568
429
338
276
229
162
74
-46
-196
-325
-416
-437
-480
-528
-535
-538
-540
-541
-490
-424
-277
-104
65
170
103
-61
-253
-189
-66
48
107
137
45
-342
-720
-873
-705
-527
-541
-691
-803
-780
-753
-746
-652
-318
112
373
424
404
539
731
927
1151
1379
1490
1358
1045
747
626
648
595
349
30
-214
-431
-671
-880
-962
-901
-822
-786
-780
-765
-747
-646
-453
-151
155
360
414
454
570
765
978
1074
1131
1162
1151
1069
983
937
906
810
663
477
276
70
-153
-340
-440
-513
-605
-749
-923
-1046
-1090
-1072
-1004
-888
-772
-679
-608
-509
-314
-74
162
314
380
434
467
555
612
621
444
42
-357
-408
6
189
-147
-862
-1298
-1293
-1197
-1232
-1366
-1237
-974
-822
-974
-1114
-854
-329
174
530
843
1040
1054
967
1071
1507
1924
2031
1727
1286
935
759
666
632
496
267
-144
-647
-949
-1030
-937
-954
-943
-925
-876
-862
-885
-764
-535
-156
220
492
609
620
642
720
959
1258
1510
1508
1287
1065
956
1004
1005
907
650
357
86
-159
-356
-543
-642
-795
-946
-1136
-1231
-1203
-1112
-945
-824
-607
-485
-506
-735
-870
-786
-749
-591
3
961
1196
149
-1310
-1666
-665
433
452
-365
-835
-591
-353
-637
-906
-328
756
1287
925
408
408
720
963
1133
1566
2061
2001
1118
54
-299
101
625
617
73
-639
-1226
-1549
-1630
-1434
-1135
-813
-765
-985
-1309
-1290
-772
-312
-103
-7
440
891
903
579
454
832
1386
1799
1830
1512
1110
926
978
1170
1360
1301
830
107
-299
-236
-126
-222
-501
-808
-1097
-1289
-1422
-1470
-1420
-1331
-1269
-1214
-1038
-899
-848
-782
-384
223
659
789
742
700
782
1061
1378
1557
1449
1120
712
431
479
481
-14
-817
-1213
-694
-253
-670
-1812
-2485
-2154
-1609
-1530
-1931
-1935
-1408
-894
-888
-1033
-638
188
881
1144
1316
1622
1900
1933
1911
2208
2666
2850
2421
1788
1402
1281
1156
770
325
-187
-662
-1077
-1421
-1637
-1921
-2069
-2185
-2052
-1997
-1964
-1873
-1727
-1311
-892
-447
-191
66
353
725
1237
1776
2192
2207
2048
1910
2021
2238
2255
2044
1619
1266
911
573
181
-162
-398
-679
-932
-1266
-1502
-1729
-1893
-1939
-1876
-1620
-1348
-1115
-1045
-887
-586
-38
488
813
847
717
599
489
533
516
688
1045
1322
868
-385
-1514
-1675
-966
-458
-774
-1475
-1811
-1713
-1657
-1750
-1577
-846
-2
371
215
66
288
722
1188
1610
2127
2454
2240
1534
811
667
982
1325
1201
561
-239
-904
-1221
-1302
-1180
-980
-795
-869
-1340
-1817
-1838
-1256
-660
-272
-53
176
297
192
197
552
1246
1840
2064
1888
1553
1350
1293
1477
1784
1936
1653
921
233
-22
103
189
7
-408
-913
-1352
-1596
-1597
-1506
-1467
-1493
-1506
-1435
-1279
-1132
-970
-618
-126
296
501
528
561
716
967
1271
1488
1502
1281
926
634
481
471
438
322
-66
-746
-1754
-2322
-1865
-697
-195
-1257
-2792
-3339
-2436
-1444
-1325
-1686
-1500
-739
-347
-616
-782
-90
1102
1790
1833
1765
1985
2112
2003
2035
2522
3127
3040
2136
1088
650
787
950
721
160
-564
-1199
-1556
-1663
-1706
-1851
-1919
-1751
-1461
-1279
-1464
-1645
-1609
-1033
-220
508
818
674
589
611
1018
1623
2252
2481
2208
1772
1481
1557
1775
1859
1604
1123
648
243
-42
-290
-446
-625
-891
-1252
-1643
-1918
-2046
-1944
-1731
-1495
-1375
-1437
-1491
-1307
-769
-133
301
542
620
726
729
797
891
984
884
500
271
434
873
683
-383
-1587
-1825
-1124
-679
-1137
-2039
-2328
-1877
-1413
-1447
-1608
-1213
-527
-28
29
190
707
1195
1469
1623
2040
2446
2381
1774
1229
1352
1784
1828
1213
346
-223
-390
-360
-387
-594
-941
-1239
-1361
-1231
-1079
-997
-1007
-935
-794
-599
-329
-45
151
240
476
803
1060
1133
1151
1061
1123
1436
1790
1821
1425
967
693
703
861
880
546
-44
-497
-772
-930
-1014
-1107
-1262
-1509
-1692
-1705
-1501
-1222
-1091
-1095
-1040
-700
-194
166
303
322
440
672
999
1359
1541
1413
1064
771
750
932
1035
885
42
-1161
-1973
-1237
378
701
-920
-3123
-3462
-2287
-1277
-1594
-2257
-1923
-1015
-864
-1736
-2097
-948
816
1648
1485
1284
1423
1539
1423
1851
2986
3972
3725
2227
989
825
1546
2033
1715
963
53
-662
-1339
-1784
-1768
-1420
-1307
-1686
-2242
-2359
-2212
-2200
-2099
-1675
-775
-199
-216
-570
-606
53
998
1680
2014
2003
1823
1438
1351
1888
2616
2744
2014
1133
732
824
916
715
365
30
-388
-905
-1362
-1460
-1344
-1420
-1678
-1771
-1623
-1474
-1558
-1573
-1233
-642
-123
57
52
100
334
655
1015
1277
1327
1038
675
450
277
10
-155
117
441
87
-1147
-2356
-2537
-1766
-1184
-1472
-2126
-2248
-1922
-1742
-1803
-1532
-596
433
874
721
606
897
1434
2013
2597
3154
3240
2622
1669
1210
1510
2064
2140
1499
550
-315
-820
-955
-908
-826
-877
-1098
-1532
-1894
-1977
-1687
-1416
-1227
-959
-545
-203
-418
-508
-336
323
842
1170
1301
1237
1263
1267
1369
1546
1954
2091
1618
943
675
933
1035
750
193
-263
-497
-731
-875
-1039
-990
-1030
-1268
-1547
-1637
-1409
-1218
-994
-731
-406
-254
-264
-286
-174
118
496
849
1002
986
681
309
172
440
811
628
-150
-1144
-1385
-756
134
71
-1064
-2259
-2431
-1753
-1331
-1579
-1929
-1650
-1065
-908
-1330
-1444
-736
362
1065
1265
1310
1320
1159
1236
1914
3064
3582
2962
1748
1025
1265
1775
1874
1360
669
32
-502
-1043
-1420
-1423
-1190
-991
-1309
-1866
-2158
-2114
-1747
-1373
-806
-344
-405
-572
-640
-250
349
1108
1644
1594
1213
989
1081
1387
1894
2273
2236
1672
1032
675
653
1037
1325
1127
390
-455
-814
-875
-764
-792
-1027
-1262
-1418
-1589
-1856
-1907
-1461
-871
-657
-763
-875
-722
-389
-110
211
530
928
1148
963
636
383
527
785
719
158
-585
-661
-53
181
-565
-1744
-2141
-1685
-1349
-1691
-2130
-1921
-1205
-978
-1456
-1813
-1283
-91
770
1069
1121
1168
1175
1213
1642
2463
3049
2900
2053
1253
1116
1515
1823
1514
680
-83
-452
-453
-566
-954
-1225
-1242
-1109
-1320
-1618
-1674
-1489
-1255
-1019
-643
-406
-470
-753
-581
127
938
1381
1304
1054
960
1138
1510
1996
2363
2177
1482
837
833
1208
1267
867
366
82
-162
-403
-649
-748
-758
-906
-1216
-1500
-1440
-1268
-1217
-1202
-1073
-846
-717
-682
-740
-678
-432
20
447
556
320
-51
-75
344
956
1172
722
-84
-1013
-1208
-628
523
1010
77
-1610
-2697
-2202
-1193
-785
-1305
-1803
-1743
-1461
-1480
-1683
-1327
-403
472
773
646
669
775
1107
1641
2510
3239
3099
2257
1378
1274
1897
2485
2401
1518
522
-71
-214
-181
-148
-221
-494
-909
-1306
-1429
-1374
-1305
-1359
-1227
-841
-440
-641
-1009
-1056
-460
363
898
965
629
443
662
1216
1722
1998
1949
1566
1174
1066
1241
1341
1189
892
387
-89
-454
-630
-771
-965
-1163
-1337
-1633
-1944
-2086
-1974
-1589
-1259
-1211
-1436
-1595
-1408
-981
-505
-86
254
457
389
332
341
687
1138
1385
1182
683
190
-172
-229
245
824
574
-690
-2007
-2100
-1267
-710
-1225
-2018
-2154
-1671
-1445
-1600
-1446
-573
386
688
507
516
927
1453
1934
2558
3125
3125
2439
1647
1554
2140
2625
2384
1485
510
-80
-273
-186
-86
-263
-643
-1020
-1338
-1631
-1731
-1485
-993
-687
-711
-927
-1076
-908
-672
-166
441
959
1040
611
192
371
1211
1998
2102
1508
867
601
731
907
944
840
607
205
-369
-866
-967
-836
-742
-975
-1410
-1685
-1719
-1570
-1510
-1491
-1380
-1136
-880
-768
-773
-673
-384
4
268
379
432
550
672
728
751
834
901
640
254
-261
-391
-278
51
214
-298
-1317
-2168
-2042
-1277
-842
-1373
-2139
-2260
-1618
-1005
-940
-880
-415
318
775
764
910
1276
1778
2141
2444
2879
2994
2604
1936
1718
2148
2573
2300
1387
462
-10
-40
-13
-232
-500
-839
-1059
-1415
-1621
-1555
-1403
-1227
-1151
-979
-851
-861
-878
-602
-72
485
756
768
634
593
772
1158
1526
1723
1439
974
616
515
584
567
517
388
77
-364
-793
-979
-961
-918
-986
-1086
-1166
-1231
-1336
-1416
-1310
-1055
-771
-699
-692
-639
-468
-190
88
268
296
288
407
616
771
654
469
357
408
322
-70
-559
-675
-137
289
-145
-1354
-2163
-1767
-881
-737
-1551
-2158
-1668
-685
-332
-735
-895
-299
600
1049
1155
1341
1619
1743
1671
1961
2630
2994
2567
1703
1357
1691
2028
1700
816
137
41
179
-2
-575
-1105
-1177
-890
-607
-729
-1129
-1357
-1287
-925
-620
-294
-196
-271
-382
-312
189
633
779
527
332
478
828
953
687
395
308
339
304
163
16
-212
-342
-433
-403
-414
-610
-810
-1030
-1041
-975
-928
-876
-855
-816
-833
-791
-683
-487
-326
-211
-121
-40
79
137
239
303
423
554
534
435
378
516
533
142
-342
-817
-759
-502
-79
95
-386
-1301
-2023
-1748
-914
-426
-748
-1172
-1051
-559
-303
-511
-455
294
1231
1667
1353
1111
1146
1512
2007
2513
2838
2541
1853
1310
1430
1835
1879
1316
550
109
-143
-361
-567
-671
-666
-806
-995
-1136
-1243
-1149
-1042
-738
-505
-370
-527
-793
-652
-131
443
324
3
-220
-56
311
487
385
105
84
259
295
10
-244
-192
-30
106
-25
-277
-471
-529
-304
-224
-185
-351
-563
-635
-539
-245
-128
-243
-367
-309
-161
-85
-166
-167
40
274
300
19
-193
-49
169
287
195
130
126
-54
-360
-464
-438
-402
-636
-684
-240
28
-422
-1359
-1681
-942
-51
-116
-837
-1160
-592
-30
-116
-391
-103
745
1336
1161
785
845
1354
1891
2101
2168
2102
1853
1455
1270
1504
1770
1573
912
170
-134
41
225
-5
-515
-862
-858
-804
-914
-935
-790
-713
-839
-1000
-900
-655
-651
-650
-619
-415
-301
-420
-516
-441
-210
-16
-28
-61
-25
-46
-176
-243
-96
144
186
75
-15
-44
20
8
-23
-61
-83
-127
-191
-230
-108
108
206
83
-175
-315
-144
191
463
394
108
-121
-236
-89
163
279
188
-49
-110
-65
-8
23
16
-60
-239
-614
-701
-359
255
556
-77
-989
-1266
-536
259
142
-632
-976
-499
63
-46
-522
-472
353
1084
1147
673
453
725
1045
1486
1922
2208
1857
972
451
833
1644
1879
1194
262
-177
-52
104
44
-210
-353
-484
-633
-733
-898
-1007
-1048
-926
-762
-618
-727
-926
-1177
-1156
-773
-388
-275
-432
-658
-714
-622
-370
-116
-37
-46
-197
-351
-291
10
232
194
-13
116
356
333
89
-105
72
369
457
319
146
191
218
42
-26
184
541
512
85
-287
-242
21
155
34
-104
-60
15
-80
-309
-299
-22
137
4
-177
-166
-235
-472
-561
-43
602
434
-546
-1337
-934
123
534
-186
-991
-906
-221
108
-139
-335
74
664
919
743
684
909
1230
1500
1626
1786
1747
1497
1193
1124
1377
1559
1294
659
105
-29
95
74
-338
-738
-817
-635
-722
-1246
-1622
-1454
-1038
-903
-1218
-1502
-1472
-1247
-1060
-975
-884
-777
-781
-814
-702
-413
-130
-156
-265
-119
157
276
110
-28
177
551
784
709
453
307
390
562
723
754
673
482
338
352
443
476
430
349
229
85
-8
5
38
33
26
-1
-110
-206
-260
-187
15
152
99
-90
-194
-92
59
86
-74
-414
-508
-291
228
443
-30
-700
-890
-421
26
-131
-691
-888
-529
-139
-250
-637
-542
100
670
709
303
188
451
986
1425
1543
1481
1210
960
903
1059
1246
1128
710
305
184
151
-26
-361
-593
-531
-447
-562
-977
-1315
-1335
-1094
-961
-882
-1042
-1200
-1277
-1118
-733
-647
-804
-985
-809
-452
-250
-248
-287
-184
-49
9
-11
95
475
702
647
336
302
603
887
999
847
677
612
625
585
519
563
606
497
268
150
147
139
103
84
144
109
-122
-329
-311
-43
206
133
-130
-354
-315
-132
73
175
141
-20
-226
-385
-437
-211
280
625
307
-510
-1117
-863
-104
306
-32
-608
-713
-366
-185
-371
-414
92
725
788
309
-35
211
813
1269
1315
1155
851
498
299
471
902
1038
565
-132
-492
-421
-309
-392
-583
-611
-512
-647
-1048
-1378
-1217
-700
-443
-614
-984
-1124
-1008
-756
-478
-299
-266
-443
-568
-523
-163
185
242
81
-74
23
182
251
268
303
441
496
449
384
440
630
718
647
519
469
528
617
678
692
601
543
530
561
535
495
490
477
389
222
79
-1
49
80
36
-138
-312
-396
-370
-226
-96
-79
-161
-373
-603
-760
-715
-359
-8
128
-286
-919
-1096
-586
80
128
-463
-911
-684
-138
10
-333
-627
-290
407
666
303
-252
-196
380
914
1015
724
449
368
464
648
742
666
355
-10
-172
-66
59
-39
-312
-574
-575
-528
-522
-599
-644
-578
-542
-708
-959
-860
-456
-104
-231
-581
-668
-460
-132
36
8
-98
-176
-107
-5
83
149
305
439
434
364
302
447
677
886
917
769
680
678
740
836
893
896
831
811
782
686
542
486
538
544
449
212
47
20
11
-73
-236
-332
-370
-409
-412
-331
-284
-501
-768
-760
-433
-245
-482
-720
-578
-108
-48
-540
-946
-684
-47
47
-573
-1157
-971
-284
29
-237
-654
-656
-328
-124
-142
-175
78
393
464
283
136
299
601
767
637
441
294
157
79
36
188
264
37
-401
-717
-621
-291
-88
-123
-297
-437
-586
-688
-568
-144
252
232
-86
-415
-372
-65
287
487
390
142
-100
-155
66
343
507
405
227
173
214
256
288
409
593
689
537
233
101
355
797
970
772
515
461
556
606
644
680
695
617
418
220
107
125
152
104
61
-30
-167
-343
-436
-389
-342
-387
-531
-586
-485
-394
-442
-585
-736
-648
-382
-122
-201
-613
-847
-586
-144
-119
-568
-901
-701
-301
-292
-773
-1082
-766
-156
-6
-340
-675
-621
-326
-125
42
175
239
120
-80
-57
200
436
436
276
157
129
97
-23
88
348
545
423
85
-27
181
426
474
386
376
403
346
214
184
255
239
148
-3
-2
-27
-96
-134
-58
56
-12
-220
-309
-85
209
354
291
226
309
417
488
586
754
910
886
746
642
665
766
871
887
712
427
168
92
172
201
121
-8
-152
-302
-470
-509
-410
-301
-323
-475
-645
-721
-655
-498
-362
-418
-563
-644
-540
-382
-451
-631
-663
-501
-444
-689
-989
-1037
-789
-654
-884
-1158
-1081
-656
-428
-627
-861
-708
-286
-31
-56
-106
49
324
476
475
506
638
734
683
640
665
755
790
748
681
640
628
647
690
687
591
441
361
384
412
356
255
149
72
-69
-200
-256
-212
-140
-113
-209
-385
-469
-394
-166
-5
-4
-80
-123
21
225
312
332
382
495
501
386
288
345
507
599
522
303
224
259
301
188
50
76
203
211
54
-141
-159
-50
-12
-82
-163
-193
-167
-154
-192
-241
-295
-299
-299
-311
-336
-365
-431
-503
-488
-359
-339
-515
-742
-840
-735
-692
-800
-1016
-1047
-873
-780
-899
-1104
-1027
-682
-431
-438
-481
-387
-112
128
302
448
566
647
723
860
996
986
876
795
847
940
874
695
583
573
611
605
482
345
226
210
200
145
96
40
-29
-93
-109
-71
-65
-163
-195
-134
-57
-58
-53
-1
73
122
105
118
188
282
308
296
307
346
377
328
251
194
126
104
115
99
4
-114
-112
-21
6
-81
-159
-123
-25
-1
-22
-16
16
31
-2
-52
-28
32
60
0
-99
-206
-242
-196
-109
-80
-184
-374
-519
-542
-492
-497
-568
-696
-836
-953
-1039
-992
-920
-865
-903
-989
-1006
-892
-655
-481
-401
-340
-203
12
227
393
482
584
732
805
803
767
781
841
875
835
699
609
558
518
454
401
403
396
311
155
63
99
168
189
137
82
42
35
68
145
224
203
118
71
93
190
241
239
202
121
79
25
26
61
102
87
3
-77
-117
-124
-161
-173
-127
-69
-60
-164
-266
-236
-89
63
62
-57
-145
-68
88
179
136
42
1
22
94
121
91
49
-7
-54
-18
24
28
-51
-192
-229
-207
-166
-171
-221
-279
-388
-435
-413
-411
-407
-388
-351
-381
-508
-614
-592
-460
-387
-363
-393
-419
-418
-384
-268
-124
-11
-8
-54
-24
84
157
198
237
333
413
382
277
256
365
474
470
365
309
339
376
335
299
339
450
452
268
103
158
366
493
393
230
159
186
151
107
103
167
155
-10
-155
-192
-107
-41
-43
-126
-172
-184
-272
-389
-348
-133
110
109
-136
-340
-278
-31
138
128
-4
-14
81
159
163
150
205
214
191
159
156
234
275
235
102
58
131
214
183
56
11
18
-6
-131
-218
-187
-131
-193
-376
-438
-349
-256
-290
-430
-500
-454
-381
-374
-402
-400
-355
-363
-426
-471
-402
-284
-247
-277
-288
-263
-198
-122
-71
-17
12
11
-27
-8
72
189
247
213
166
193
246
249
248
331
453
474
352
234
247
352
447
453
447
442
420
366
327
355
391
366
258
169
125
67
9
-32
-25
12
-38
-167
-311
-326
-233
-143
-142
-193
-194
-170
-156
-179
-140
-15
81
27
-87
-73
50
164
153
94
88
126
133
137
160
180
154
84
73
112
127
75
-28
-60
-16
7
-24
-98
-141
-141
-139
-162
-230
-241
-181
-145
-208
-316
-331
-219
-113
-149
-248
-311
-284
-245
-251
-257
-245
-257
-291
-307
-271
-255
-274
-257
-171
-82
-74
-132
-118
20
100
59
-39
6
161
234
188
179
303
377
287
144
215
427
526
419
249
214
294
349
305
262
241
217
165
114
85
44
1
-19
-13
-1
-32
-77
-106
-103
-96
-61
10
28
-16
-130
-184
-76
95
168
66
-92
-139
-62
58
121
82
-5
-38
-30
2
44
73
79
3
-56
-26
56
106
28
-86
-110
-1
102
77
-12
-40
14
56
60
73
109
96
15
-37
16
103
94
-21
-110
-100
-76
-138
-268
-303
-264
-264
-323
-380
-368
-355
-365
-359
-295
-198
-145
-155
-151
-68
5
13
4
58
179
230
193
132
117
169
211
226
227
227
204
137
101
144
206
194
68
-54
-40
57
111
45
-46
-87
-51
-37
-56
-59
-20
40
17
-43
-104
-25
113
156
74
-50
-63
28
81
54
30
31
37
9
-44
-52
-28
-5
-36
-80
-85
-71
-63
-83
-97
-66
-21
-19
-77
-120
-62
67
167
121
17
-1
134
305
347
231
121
129
212
281
266
228
190
139
96
93
87
64
13
-51
-113
-156
-190
-235
-260
-289
-316
-341
-367
-334
-285
-273
-294
-284
-194
-96
-68
-73
-66
26
149
189
148
95
73
90
131
175
206
134
34
-15
2
51
25
-31
-87
-115
-134
-152
-153
-105
-70
-121
-168
-162
-98
-72
-66
-51
10
72
52
41
84
133
137
117
154
185
176
144
126
172
222
203
111
30
16
55
85
56
-27
-94
-109
-78
-33
-5
-43
-126
-185
-158
-45
46
63
-1
-28
12
62
107
137
171
224
208
139
88
118
230
278
225
118
58
52
62
73
77
62
0
-94
-187
-212
-155
-78
-80
-171
-270
-282
-191
-117
-128
-149
-140
-66
-4
12
4
-17
-1
-23
-21
-2
46
73
31
-67
-122
-99
-50
-48
-78
-88
-88
-115
-132
-122
-109
-87
-88
-114
-134
-118
-67
-38
-45
-34
-24
-11
20
54
67
86
97
114
152
186
164
113
95
129
183
187
123
68
80
106
97
33
3
8
-30
-103
-126
-58
0
-49
-135
-123
-17
20
-69
-136
-36
98
100
-22
-37
84
175
130
31
31
138
183
122
62
93
129
82
-10
-42
26
62
7
-83
-108
-77
-50
-63
-101
-69
25
65
-21
-147
-142
19
176
201
109
26
22
70
83
65
58
70
37
-17
-65
-92
-108
-151
-156
-151
-159
-206
-275
-279
-217
-175
-211
-287
-283
-215
-170
-170
-184
-125
-54
-18
-23
3
86
176
204
153
146
197
304
386
372
323
259
227
251
312
339
298
219
138
97
97
84
98
106
68
-8
-89
-138
-144
-126
-114
-117
-148
-176
-204
-230
-216
-194
-129
-77
-86
-120
-101
-19
44
62
37
56
106
100
61
12
36
95
103
56
-13
-9
-7
-72
-131
-106
-41
-25
-107
-174
-156
-87
-49
-63
-70
-26
7
-2
-9
2
23
10
-11
22
77
76
17
-48
-36
40
47
-25
-118
-130
-48
-24
-110
-204
-190
-140
-119
-155
-201
-202
-184
-164
-139
-106
-52
-13
-5
-15
2
80
166
232
240
220
196
240
343
376
348
321
335
355
344
315
293
280
253
192
131
126
124
64
-36
-110
-118
-68
-58
-149
-271
-305
-207
-115
-114
-203
-261
-231
-169
-100
-80
-64
-64
-82
-87
-77
-36
-1
4
-12
12
42
51
21
-27
-9
67
125
125
47
-14
-27
-17
25
48
66
50
5
-39
-56
-26
16
30
1
-23
-14
-9
-46
-85
-78
-40
-6
2
-62
-115
-124
-92
-74
-98
-98
-92
-108
-156
-219
-192
-92
-24
-47
-168
-248
-203
-100
-38
-40
-73
-83
-50
25
87
107
108
110
159
258
313
309
280
261
279
299
340
366
347
272
170
136
197
234
174
63
-8
-27
-38
-102
-161
-173
-151
-147
-198
-231
-217
-183
-191
-193
-193
-166
-135
-124
-110
-107
-87
-67
-48
-26
-23
-19
-11
-7
18
33
20
9
2
-11
-13
-19
-18
3
17
17
3
0
20
32
36
58
109
124
98
59
53
111
168
171
108
58
54
56
70
50
30
17
-2
-39
-54
-33
-58
-124
-185
-197
-159
-138
-172
-229
-226
-165
-153
-186
-212
-166
-102
-67
-50
-29
33
63
75
81
142
233
271
243
199
204
231
285
306
276
211
171
178
201
188
135
77
58
67
43
-5
-38
-28
0
-56
-111
-122
-94
-67
-87
-98
-76
-57
-51
-89
-133
-108
-66
-56
-76
-71
-63
-70
-117
-143
-119
-72
-49
-79
-122
-145
-128
-129
-128
-91
-31
-21
-60
-115
-94
-23
42
67
19
10
35
53
55
82
142
173
130
63
32
79
114
88
28
-4
8
5
-36
-76
-72
-44
-85
-151
-156
-124
-115
-145
-187
-175
-120
-79
-115
-146
-110
-49
-15
-39
-39
29
118
136
125
135
179
228
201
190
257
317
298
241
196
205
215
198
181
183
185
128
38
-3
49
115
117
34
-62
-80
-44
-32
-58
-105
-113
-92
-88
-149
-210
-172
-110
-79
-94
-126
-143
-143
-180
-163
-83
2
-5
-122
-204
-164
-79
-29
-38
-58
-29
-22
-39
-52
4
104
179
167
100
50
103
175
181
147
117
114
110
92
80
86
96
76
19
-17
-56
-73
-90
-90
-84
-83
-111
-169
-195
-177
-124
-89
-102
-160
-166
-144
-121
-79
-51
-36
-28
-39
-53
-45
7
46
69
77
78
68
31
15
65
123
128
59
-20
-50
-18
43
77
78
16
-41
-59
-27
59
122
142
130
95
67
69
109
144
175
176
146
90
33
26
43
75
113
96
42
-31
-75
-59
-16
4
-18
-75
-116
-131
-126
-122
-94
-64
-85
-127
-166
-136
-63
-9
-24
-50
-54
-18
29
49
84
113
105
59
37
56
92
85
35
1
2
13
-18
-59
-76
-61
-54
-52
-92
-153
-179
-133
-53
-20
-55
-124
-156
-119
-64
-31
-36
-46
-48
-49
-69
-97
-74
-33
16
2
-30
-31
-22
-14
-14
4
59
99
73
-9
-71
-40
46
121
123
98
78
85
95
106
141
184
231
219
165
134
148
194
248
247
195
140
107
101
96
113
129
127
82
16
-24
-20
7
16
-3
-41
-57
-68
-109
-144
-145
-110
-62
-70
-118
-170
-187
-149
-113
-110
-132
-126
-79
-43
-66
-128
-140
-74
-15
-29
-78
-102
-88
-66
-55
-49
-51
-61
-64
-62
-55
-50
-35
-46
-44
-33
-33
-22
-22
-20
-40
-25
-3
-3
-10
-9
10
27
33
8
18
16
20
25
11
29
19
-8
-35
-32
-1
-5
-29
-25
-11
4
15
13
27
52
62
59
51
79
124
142
148
155
159
154
135
125
147
184
188
156
138
128
127
124
130
134
147
145
96
41
12
38
79
76
24
-42
-60
-46
-25
-38
-64
-59
-60
-82
-118
-126
-116
-91
-72
-82
-91
-123
-132
-104
-61
-39
-63
-107
-128
-121
-89
-62
-64
-93
-131
-143
-128
-105
-106
-112
-119
-110
-112
-117
-120
-112
-94
-82
-79
-76
-76
-52
-24
-9
2
-6
-22
-32
-13
6
8
12
16
36
21
-3
-14
2
24
18
0
-13
2
9
16
33
45
35
22
13
43
78
117
128
121
102
91
132
162
173
152
152
176
204
214
198
198
210
238
243
224
202
201
198
173
159
165
156
116
82
62
49
30
-4
-29
-33
-33
-38
-66
-85
-106
-114
-125
-110
-95
-107
-142
-170
-161
-151
-147
-132
-112
-116
-134
-150
-145
-106
-79
-91
-132
-162
-171
-156
-140
-130
-131
-143
-158
-188
-192
-169
-135
-123
-120
-120
-89
-66
-60
-66
-51
1
23
19
-5
-34
-17
33
57
73
38
0
-17
-11
12
18
8
-25
-50
-40
-15
-5
10
9
14
14
10
47
91
107
114
113
130
149
155
163
168
197
214
220
217
216
231
237
230
213
203
210
192
163
159
172
152
94
39
38
64
57
21
-10
-10
-24
-42
-69
-76
-48
-32
-47
-92
-125
-126
-98
-83
-78
-80
-97
-98
-96
-90
-91
-91
-103
-100
-98
-113
-127
-153
-156
-154
-127
-135
-166
-175
-155
-110
-105
-116
-118
-94
-65
-61
-57
-36
-22
-15
-18
-22
-16
-4
-3
2
-2
-1
5
10
18
-1
-16
-26
-30
-22
-40
-73
-59
-20
-4
-32
-53
-60
-38
-8
10
28
50
73
77
85
82
105
151
189
209
204
194
194
210
231
236
248
233
207
192
180
188
199
191
179
161
147
138
108
86
76
85
90
57
-19
-68
-66
-28
-7
-31
-74
-104
-100
-99
-105
-116
-108
-106
-147
-184
-177
-152
-137
-138
-151
-161
-184
-197
-198
-169
-152
-182
-211
-222
-190
-149
-136
-150
-162
-151
-133
-112
-102
-68
-58
-59
-50
-36
-15
-6
-17
-5
35
75
69
31
18
41
69
75
59
30
32
16
11
22
44
56
30
11
-5
-6
9
14
31
42
53
42
30
44
79
117
128
118
118
140
163
188
188
188
194
201
201
200
204
215
196
183
190
183
165
137
112
102
95
87
63
38
15
-17
-30
-40
-45
-29
-29
-44
-73
-105
-102
-90
-77
-78
-107
-128
-124
-126
-121
-128
-146
-133
-136
-151
-194
-226
-226
-202
-177
-187
-219
-231
-213
-194
-171
-146
-134
-135
-148
-128
-77
-16
-4
-23
-17
16
62
73
59
72
111
129
126
107
102
112
124
134
119
82
63
40
32
46
42
22
-3
-25
-46
-49
-47
-41
-30
-28
-27
-32
-34
-25
-4
22
39
53
59
70
88
116
141
162
164
174
176
167
162
168
191
195
170
141
133
141
139
105
68
59
74
75
31
-6
-21
-6
-19
-65
-87
-75
-56
-59
-82
-86
-72
-73
-109
-142
-111
-73
-94
-142
-161
-147
-128
-154
-201
-206
-186
-175
-191
-205
-216
-220
-228
-231
-199
-151
-131
-148
-165
-148
-105
-55
-32
-17
7
38
54
61
80
126
167
185
188
194
200
192
173
163
187
202
175
137
94
86
88
91
77
55
30
9
13
14
22
38
27
2
-15
5
29
38
41
44
56
62
57
60
71
98
125
113
86
85
111
125
103
70
72
76
73
47
12
7
2
1
-20
-55
-52
-25
-26
-35
-52
-59
-56
-57
-47
-43
-40
-45
-60
-66
-66
-48
-31
-45
-59
-85
-112
-123
-121
-103
-107
-134
-149
-176
-182
-187
-202
-207
-194
-168
-160
-179
-196
-189
-165
-135
-123
-98
-73
-66
-36
-10
14
37
75
96
113
124
140
172
184
189
182
183
178
175
156
133
130
116
96
85
71
64
49
25
11
2
3
7
-14
-18
-19
-26
-18
-26
-33
-23
-3
12
12
5
2
13
35
48
43
46
52
56
53
57
69
71
54
41
30
39
36
31
24
10
24
32
38
28
23
27
28
26
31
43
43
19
2
14
14
17
2
-25
-41
-36
-34
-37
-119
-300
-338
-150
36
20
-141
-268
-215
-56
19
-93
-251
-240
-63
96
67
-101
-178
-31
162
218
100
-33
-46
19
83
100
100
58
61
71
35
27
41
88
104
119
131
124
131
86
53
112
183
218
140
-45
-107
-52
41
2
-74
-63
-41
6
-26
-76
-116
-80
67
88
-6
-81
-29
63
12
-25
-42
1
-2
-119
-155
-115
-66
-104
-137
-149
-159
-109
-98
-138
-159
-101
-18
-2
-36
-45
15
100
96
63
110
179
152
83
96
138
130
58
-1
31
62
18
-23
-64
-115
-118
-97
-95
-136
-171
-148
-153
-174
-195
-152
-160
-190
-139
-91
-55
-65
-61
14
94
103
104
122
157
178
218
267
236
201
205
204
217
234
210
168
119
117
134
116
79
17
2
22
24
20
-7
-3
-9
-19
5
17
25
4
-17
15
48
42
8
-16
-18
-18
5
16
-4
-68
-106
-91
-72
-51
-81
-109
-125
-127
-148
-162
-145
-117
-90
-58
-86
-138
-126
-82
-59
-66
-38
-1
36
49
17
-50
-28
24
67
56
52
48
31
-8
-15
17
35
27
-4
-44
-44
-42
-81
-124
-109
-51
-48
-66
-86
-83
-69
-66
-26
11
36
38
23
36
50
101
119
152
178
176
112
55
66
135
159
135
108
71
84
68
48
60
64
61
52
60
41
-17
-23
28
32
14
21
-6
6
1
-22
-22
-36
-26
-16
17
6
-33
-55
-75
-79
-49
-25
-55
-106
-137
-116
-120
-124
-161
-175
-119
-104
-114
-164
-187
-126
-67
-45
-57
-70
-58
-47
-57
-41
7
9
6
19
57
59
37
45
58
102
114
106
101
68
47
30
51
73
81
80
14
-36
22
48
8
-1
37
81
86
41
-18
-21
40
109
130
119
90
80
89
80
82
119
132
122
117
86
42
17
31
41
34
63
77
11
-60
-86
-47
-4
8
13
-8
-32
-36
-22
-24
-29
-15
20
31
-6
-25
-30
-26
-13
4
-5
-31
-66
-86
-92
-88
-77
-93
-118
-122
-133
-126
-130
-151
-155
-139
-137
-136
-126
-142
-153
-127
-95
-86
-74
-64
-49
-35
-26
-31
-34
-19
1
17
35
44
52
58
34
33
57
73
64
32
30
33
29
45
36
19
0
-2
7
30
44
39
40
60
73
65
79
102
147
183
183
130
106
130
175
199
176
144
133
145
111
82
81
83
66
40
3
-5
-8
-24
-52
-54
-25
-30
-54
-81
-75
-55
-39
-29
-46
-60
-54
-50
-62
-64
-43
-21
-19
-36
-27
-28
-64
-67
-62
-54
-53
-68
-93
-107
-113
-118
-111
-102
-107
-92
-85
-93
-103
-89
-75
-75
-64
-64
-49
-41
-44
-54
-67
-10
21
6
-8
-10
9
18
4
1
28
50
51
38
31
29
33
34
29
31
43
34
20
14
19
17
17
37
52
68
72
80
78
96
125
141
157
169
173
155
144
141
153
144
126
120
145
142
84
29
6
16
38
41
26
-12
-37
-52
-59
-56
-64
-53
-46
-55
-75
-91
-96
-91
-71
-62
-60
-61
-89
-99
-102
-91
-68
-48
-43
-68
-75
-78
-74
-86
-102
-92
-61
-50
-81
-97
-99
-89
-99
-101
-87
-66
-59
-71
-61
-53
-48
-32
-14
-15
-19
-8
-13
-16
-9
2
18
16
16
27
24
15
5
1
19
29
29
34
36
37
47
43
54
59
68
82
89
80
99
100
92
97
102
126
126
112
107
121
118
115
96
77
90
102
106
76
73
92
89
66
37
31
25
32
40
18
12
10
-9
-23
-41
-45
-34
-27
-33
-56
-51
-39
-69
-94
-82
-71
-66
-86
-86
-82
-93
-107
-105
-92
-96
-98
-106
-104
-114
-115
-108
-77
-44
-49
-68
-81
-74
-57
-39
-33
-36
-33
-14
-4
-4
-4
1
11
8
3
-1
-4
-6
-10
1
-6
-16
-20
-23
-15
-21
-33
-26
-8
-2
3
4
-2
3
4
6
20
31
49
58
64
65
83
106
108
107
128
152
155
149
154
151
162
165
150
132
127
131
120
120
119
97
75
56
32
36
33
32
22
-1
-7
-48
-76
-83
-57
-46
-68
-110
-128
-119
-100
-87
-99
-104
-111
-94
-94
-113
-128
-117
-104
-100
-108
-99
-105
-115
-109
-108
-79
-67
-71
-66
-60
-55
-39
-39
-39
-36
-26
-13
-20
-11
-14
-17
-12
-7
4
11
26
23
26
21
10
-2
3
21
26
41
50
46
33
23
30
51
54
41
33
31
26
30
37
44
54
65
59
44
45
54
80
95
83
78
86
82
77
76
83
85
80
73
73
83
73
62
53
48
46
56
46
27
8
-1
-2
-5
2
-3
-10
-25
-43
-53
-57
-49
-44
-46
-54
-66
-68
-62
-60
-58
-49
-42
-45
-54
-67
-72
-70
-68
-63
-69
-83
-84
-75
-66
-64
-67
-59
-47
-55
-61
-51
-34
-16
-11
-16
-17
-8
2
4
7
4
7
19
14
-6
-3
18
36
28
11
12
19
23
22
29
15
6
16
20
7
-5
-3
7
31
32
26
17
11
31
55
63
61
64
61
64
62
65
54
58
69
68
69
60
51
45
42
34
36
31
22
15
8
17
29
30
23
7
-9
-14
-4
7
-2
-10
-4
-10
-25
-39
-35
-39
-47
-52
-50
-43
-49
-59
-69
-67
-58
-53
-67
-76
-88
-81
-60
-55
-71
-74
-69
-66
-63
-69
-57
-45
-34
-30
-36
-40
-33
-23
-2
1
3
5
-9
2
-5
4
15
14
17
8
17
24
27
29
41
59
55
48
45
43
31
27
39
37
29
26
37
53
58
55
56
62
81
73
65
67
73
83
83
72
60
55
40
40
34
42
46
40
21
13
20
14
2
-12
-20
-28
-22
-25
-27
-30
-31
-25
-19
-29
-39
-35
-29
-28
-37
-38
-34
-36
-31
-30
-39
-43
-56
-47
-46
-46
-41
-54
-58
-62
-59
-66
-61
-53
-51
-51
-56
-53
-47
-32
-34
-49
-53
-54
-52
-41
-47
-43
-37
-30
-23
-17
-2
-2
8
5
2
6
19
29
27
25
28
33
44
50
48
36
37
44
49
54
52
63
65
64
67
62
69
69
82
95
88
96
92
77
71
77
81
81
70
48
33
22
35
39
32
24
15
12
7
13
-1
-2
-9
-22
-26
-37
-44
-50
-44
-46
-44
-43
-44
-45
-52
-41
-34
-29
-30
-39
-37
-41
-36
-40
-45
-39
-30
-21
-26
-36
-34
-30
-31
-48
-64
-67
-67
-64
-53
-48
-44
-36
-47
-47
-42
-33
-43
-58
-40
-39
-37
-36
-38
-29
-15
-22
-28
-30
-29
-11
-16
-14
-11
-12
-10
-5
-6
2
10
24
25
23
25
40
53
59
67
66
67
76
86
97
99
111
102
92
95
86
87
99
101
98
98
85
80
67
70
71
69
63
51
40
24
17
16
27
28
9
1
-2
-11
-12
-33
-37
-38
-44
-43
-54
-54
-60
-56
-60
-71
-80
-87
-92
-78
-66
-72
-75
-88
-83
-73
-69
-63
-55
-58
-48
-38
-40
-28
-24
-15
-16
-25
-19
-9
-13
-13
-9
-12
-9
-8
-9
-17
-17
-13
-1
5
-4
-9
-26
-23
-13
-14
-16
-9
2
12
11
2
1
11
21
21
29
31
33
40
42
51
62
67
64
61
65
74
75
71
74
72
65
57
52
49
48
46
42
46
45
31
20
10
2
6
6
-4
-12
-30
-37
-34
-36
-43
-46
-50
-45
-41
-41
-42
-48
-57
-58
-53
-57
-53
-52
-57
-62
-68
-56
-48
-40
-41
-46
-44
-36
-39
-34
-6
2
10
18
6
8
15
30
40
38
42
38
46
41
28
22
31
36
39
35
31
23
23
21
21
23
19
18
15
17
16
14
13
20
36
36
40
36
31
26
31
34
28
19
21
31
20
13
7
14
18
18
6
-4
-7
-8
-2
-3
-2
-6
-11
-15
-18
-22
-8
-6
-10
-17
-15
-16
-28
-28
-34
-30
-27
-18
-33
-32
-32
-39
-26
-37
-35
-47
-48
-43
-45
-56
-56
-44
-47
-43
-36
-34
-40
-39
-38
-29
-24
-20
-16
-1
5
12
11
15
21
14
15
17
10
13
22
18
22
12
13
16
24
19
19
28
37
36
33
33
39
42
30
36
29
27
29
20
21
27
15
6
6
3
2
0
8
3
0
6
-1
-15
-27
-27
-8
-1
-4
-5
-14
-11
-22
-21
-20
-14
-10
-3
3
3
0
6
15
10
11
0
-3
16
20
13
13
10
19
15
7
12
14
19
21
11
11
20
26
16
14
14
4
2
-11
-10
-1
5
-6
-11
-14
-21
-8
-7
2
-7
-9
-19
-24
-16
-12
-8
-8
-3
0
-6
-16
-22
-16
-4
1
-6
-12
-11
-2
-3
-9
-10
0
0
-8
-14
-6
10
14
17
7
6
8
3
6
13
14
20
20
7
-1
-1
4
5
2
11
22
14
10
10
16
10
-3
-7
-8
-2
1
-7
-4
-1
-4
-15
-18
-18
-25
-21
-29
-39
-35
-29
-30
-35
-30
-25
-25
-29
-18
-9
-17
-19
-24
-22
-22
-16
-11
-14
-9
-6
-4
-13
-9
-6
-14
-26
-19
-11
-8
-1
2
5
6
6
-2
-4
0
-2
-11
-14
-7
1
5
9
11
7
5
8
8
11
14
17
19
24
19
17
28
32
35
36
43
42
47
48
49
50
58
68
74
77
78
87
92
92
75
71
66
64
66
71
67
63
62
42
31
30
22
17
11
2
-4
-19
-27
-35
-37
-35
-42
-41
-57
-62
-67
-78
-74
-73
-72
-81
-82
-83
-81
-82
-82
-83
-86
-82
-81
-85
-85
-81
-63
-60
-64
-53
-53
-50
-34
-22
-10
-11
-13
-12
-10
-7
-9
-7
-8
-6
-7
2
7
22
23
21
22
16
19
13
16
18
36
41
30
22
19
26
30
31
25
26
33
32
17
11
11
25
27
10
2
8
17
17
20
25
24
27
19
16
21
29
31
30
38
46
47
42
44
39
45
50
45
41
41
41
33
27
27
27
18
3
2
-2
-4
-3
-4
-13
-18
-37
-44
-47
-44
-46
-46
-45
-46
-47
-50
-46
-50
-44
-35
-34
-38
-29
-28
-20
-16
-22
-21
-16
-13
-17
-18
-11
-9
-3
-6
-9
-4
-9
-8
-6
-1
2
8
6
9
13
8
9
2
-6
-5
0
10
10
4
4
11
9
7
4
4
10
6
7
0
3
2
-1
4
16
19
12
14
7
3
6
10
15
32
28
25
31
23
31
32
30
40
45
51
61
58
60
61
52
50
40
42
45
47
37
18
21
16
7
-3
-10
-13
-19
-24
-37
-44
-38
-38
-49
-59
-61
-64
-57
-52
-53
-55
-57
-58
-67
-72
-70
-63
-53
-43
-41
-41
-43
-40
-32
-24
-19
-20
-21
-11
-15
-18
-13
-9
-1
-5
-5
-3
-6
1
12
8
5
9
5
7
6
0
2
9
10
9
7
8
10
14
21
27
24
19
17
14
17
21
30
34
33
26
22
14
16
22
29
38
38
40
38
33
42
47
37
39
39
35
41
43
50
45
38
40
41
42
40
34
33
34
27
24
9
-13
-23
-31
-33
-27
-33
-42
-48
-47
-42
-53
-55
-60
-54
-52
-51
-46
-45
-35
-31
-39
-49
-45
-39
-37
-34
-27
-23
-31
-30
-26
-23
-19
-22
-26
-24
-27
-23
-23
-17
-7
-3
5
8
3
7
6
15
25
20
22
26
22
29
35
41
38
34
29
24
31
33
31
21
11
22
19
16
7
2
9
3
-4
-8
-9
-3
5
5
12
12
20
31
24
30
35
30
37
37
40
36
33
31
27
24
13
6
-2
3
2
-1
-4
-15
-17
-18
-20
-16
-15
-24
-30
-38
-39
-37
-31
-33
-43
-47
-44
-36
-39
-34
-28
-28
-27
-18
-17
-18
-14
-12
-8
-8
-15
-17
-13
-12
-4
-7
-12
-19
-23
-17
-14
-16
-6
-2
-7
11
2
12
11
7
8
-7
1
12
18
18
26
29
22
19
14
18
18
26
33
37
30
27
21
16
15
4
13
3
2
3
-3
5
15
22
26
25
16
16
12
23
26
31
36
34
30
24
34
39
41
40
41
41
33
18
21
27
15
5
-6
-15
-25
-16
-20
-23
-26
-27
-27
-23
-31
-30
-23
-25
-15
-21
-21
-19
-22
-20
-22
-23
-23
-27
-29
-34
-34
-40
-40
-30
-34
-38
-36
-39
-30
-35
-41
-42
-44
-36
-37
-41
-29
-28
-22
-20
-32
-26
-22
-20
-22
-16
-7
-1
-1
-3
6
17
20
28
28
29
27
26
27
30
36
31
26
19
21
31
36
40
37
26
23
18
13
25
22
26
34
35
41
44
54
42
45
41
35
30
24
28
21
14
13
14
8
-1
-11
-17
-14
-5
-14
-13
-19
-20
-25
-25
-29
-28
-16
-23
-29
-26
-13
-11
-14
-11
-6
-5
4
1
-4
-12
-12
-10
-8
-9
-9
2
4
1
-8
-3
-14
-13
-13
-17
-7
-13
-20
-24
-24
-20
-15
-11
-15
-15
-19
-25
-16
-16
-8
-9
-8
-6
-6
0
6
3
6
4
-7
-9
-12
-5
-4
-1
1
5
8
6
8
5
6
11
13
11
7
16
24
31
29
38
44
37
29
24
32
30
39
40
45
46
42
40
31
24
20
22
21
19
8
4
4
-5
-12
-6
-7
-13
-14
-14
-18
-17
-12
-20
-19
-29
-34
-28
-31
-23
-25
-27
-27
-24
-22
-18
-18
-14
-17
-21
-15
-16
-10
-14
-11
-12
-15
-13
-12
2
-3
-1
-1
-3
-8
-6
-1
1
5
10
18
10
4
2
-1
5
2
-3
-2
-5
-5
-4
0
7
9
-1
0
-7
-9
-3
2
1
-2
3
0
-5
-8
-11
-8
-8
-1
8
14
21
24
24
27
27
23
19
21
22
25
26
19
12
15
11
9
6
5
5
3
0
-1
-3
-10
-12
-17
-20
-20
-17
-15
-12
-12
-20
-22
-28
-26
-23
-18
-11
-20
-23
-24
-17
-15
-18
-18
-14
-17
-14
-8
-7
-11
-12
-4
1
5
3
6
7
7
9
11
17
18
21
19
15
17
13
12
11
11
11
14
17
9
14
20
20
18
15
8
2
0
3
9
10
14
8
5
4
-1
-1
4
4
11
12
3
3
5
12
8
1
6
7
8
2
7
8
6
5
-1
3
1
-1
-4
-2
0
-3
-6
-12
-10
-8
-9
-5
-6
-11
-12
-15
-10
-5
-3
-6
-8
-3
-8
-8
-4
-6
-7
-10
-8
-13
-14
-10
-11
-11
-10
-12
-13
-11
-16
-10
-11
-7
-7
-15
-12
-16
-10
-12
-21
-20
-24
-25
-19
-17
-16
-12
-9
-6
-9
-6
2
4
8
7
12
9
9
10
15
20
20
25
22
24
19
18
21
18
16
13
12
12
13
13
10
6
6
6
1
3
8
8
10
10
13
17
19
20
17
18
23
21
20
22
25
23
24
18
10
3
4
5
2
2
0
-1
-6
-11
-13
-19
-23
-19
-23
-25
-20
-23
-24
-19
-27
-25
-23
-23
-20
-23
-25
-25
-27
-24
-30
-24
-17
-13
-8
-16
-14
-15
-10
-8
-10
-9
-3
2
1
4
6
9
8
4
2
2
2
7
6
11
8
10
7
12
18
13
13
14
18
18
18
19
19
20
22
22
22
21
19
17
16
12
11
11
13
13
13
14
10
6
4
3
3
5
8
12
8
1
-2
-1
-3
-4
-9
-10
-10
-8
-8
-4
-3
-14
-17
-16
-14
-12
-7
-7
-7
-13
-17
-16
-15
-10
-10
-9
-8
-8
-10
-12
-13
-15
-10
-4
-2
-6
-7
-6
-2
-4
-2
-1
-3
-4
-2
-1
3
3
1
3
0
0
7
10
9
0
0
1
2
6
6
8
8
9
9
6
2
-6
-9
-8
-7
-12
-16
-17
-18
-12
-18
-15
-16
-14
-10
-13
-13
-9
-5
-1
2
6
7
10
4
5
8
4
10
10
7
5
5
2
3
-1
1
4
1
6
6
3
7
4
3
1
1
2
4
3
2
3
-3
-1
3
3
2
1
0
1
0
1
-1
2
3
3
5
3
8
10
11
14
7
8
5
5
6
5
12
14
18
13
12
14
11
10
16
16
20
22
21
26
23
20
20
11
14
14
9
15
8
6
2
5
3
1
0
1
-1
-8
-11
-18
-17
-18
-22
-18
-20
-22
-21
-23
-22
-25
-21
-19
-21
-16
-13
-13
-16
-13
-11
-16
-13
-10
-11
-10
-7
-5
-2
-1
-2
-5
-7
-8
-8
-5
-5
-5
0
-2
-2
-2
-6
-8
-8
-9
-7
-10
-7
-6
-4
0
1
0
-4
-7
-7
-13
-13
-11
-13
-14
-15
-13
-12
-11
-10
-10
-11
-12
-12
-9
-2
1
4
6
7
8
9
9
10
12
18
26
27
28
24
25
20
22
22
17
21
20
22
23
23
24
21
21
20
17
18
18
20
20
19
21
20
13
12
11
12
11
8
6
5
2
2
0
0
-4
-6
-6
-5
1
-2
-2
-5
-7
-5
-5
-3
-4
-2
0
1
-2
-7
-6
-6
-5
-6
-7
-9
-8
-5
-7
-6
-8
-8
-9
-10
-10
-9
-13
-15
-17
-17
-18
-17
-16
-18
-20
-24
-30
-26
-26
-30
-29
-27
-23
-22
-17
-16
-14
-11
-11
-11
-10
-7
-5
-7
-6
-3
-3
2
4
7
7
5
4
4
8
11
12
15
17
14
17
16
16
15
13
14
13
11
15
16
14
15
15
13
11
9
8
7
6
4
2
0
4
5
7
8
5
0
-2
-5
-3
-3
-2
0
0
2
1
-1
0
0
5
5
6
9
5
4
4
6
7
11
6
4
4
2
1
-1
-1
-3
-6
-6
-3
-4
-4
-6
-4
-7
-8
-10
-7
-6
-5
-3
-2
0
3
0
-6
-5
-2
1
3
5
10
6
9
9
4
6
5
5
4
10
11
8
8
7
9
11
10
6
8
8
8
9
11
11
6
1
-1
-4
-3
2
2
2
-1
-2
-6
-6
-7
-8
-5
-2
-1
-2
-5
-6
-6
-4
-7
-10
-9
-11
-12
-11
-9
-12
-11
-12
-13
-9
-12
-10
-12
-14
-14
-16
-13
-12
-13
-13
-13
-12
-11
-11
-11
-5
-5
-6
-7
-10
-11
-6
-3
-2
-1
2
2
0
1
2
5
4
5
5
5
8
4
3
6
7
6
5
6
7
4
7
7
6
9
8
6
7
7
4
7
7
5
4
0
2
0
-2
-2
-2
-3
-2
-2
-1
-1
-1
3
3
2
5
7
8
10
9
9
12
13
11
12
11
18
17
17
18
19
18
14
13
13
9
7
4
2
2
1
1
2
3
0
-2
-8
-9
-9
-9
-6
-6
-7
-8
-10
-11
-10
-10
-10
-7
-8
-8
-5
-10
-10
-10
-11
-11
-9
-11
-11
-8
-6
-4
-4
-4
-3
-4
-5
-3
-1
-1
-2
-1
1
0
-2
-2
-5
-3
-2
-1
2
1
2
1
1
5
3
4
5
5
2
-2
4
0
0
-2
0
1
-2
-2
-5
-3
-3
0
3
3
7
6
4
5
4
7
8
8
2
3
3
2
6
3
3
2
1
4
1
3
1
1
-2
-3
0
-2
-1
0
-1
-4
-4
-7
-10
-10
-13
-11
-11
-8
-10
-13
-15
-15
-15
-11
-11
-9
-5
-4
-1
-1
-2
0
0
-3
-3
-4
-4
-7
-5
-3
-3
-2
-3
-4
-2
-1
-1
-1
1
3
8
10
14
15
12
15
14
12
13
13
14
12
13
13
13
14
15
15
17
19
14
11
10
10
11
16
16
14
12
9
5
7
7
5
5
5
6
5
4
0
-1
0
-3
-1
1
0
-2
-2
-3
-3
-4
-3
-4
-4
-4
-4
-3
-4
-8
-12
-16
-13
-14
-15
-15
-14
-16
-16
-18
-21
-23
-24
-20
-18
-18
-19
-15
-14
-13
-15
-11
-8
-10
-8
-10
-6
-4
-1
-2
-2
-1
-2
0
1
6
7
7
3
6
5
7
9
7
7
7
5
4
4
4
4
3
3
3
6
3
5
5
6
6
8
6
7
7
7
7
7
8
6
6
7
8
9
9
9
9
9
7
6
5
3
5
6
5
5
5
4
4
6
4
2
0
0
-2
-2
-2
-5
-6
-5
-5
-7
-6
-4
-2
-2
-2
-1
-3
-1
0
2
3
3
0
-3
-7
-4
-4
0
1
0
0
-2
-1
-2
-4
-4
-2
-4
-2
-2
0
-2
-4
-4
-4
-3
-6
-7
-7
-6
-7
-5
