2
1
1
1
1
2
2
1
1
1
1
0
0
0
0
-1
0
-1
-1
0
-1
-1
-1
-1
-2
-2
-2
-2
-2
-3
-2
-2
-1
-1
0
0
0
1
0
1
1
2
1
2
2
1
2
0
2
1
1
2
2
1
1
1
1
1
1
0
0
1
1
1
1
2
1
0
1
1
2
1
0
0
1
2
1
1
1
1
1
0
1
1
1
2
2
0
1
0
-1
0
0
0
0
0
0
0
-1
-2
-2
-3
-3
-2
-1
-1
-1
-2
-2
-1
-1
-1
-1
-1
-1
-1
-2
-1
-1
0
-1
-2
-1
-1
-2
0
-1
0
0
0
0
-1
0
-1
0
0
-1
0
0
0
0
1
1
0
1
1
2
0
0
0
0
0
0
0
0
-1
0
0
0
0
0
0
0
-1
-1
0
-1
-1
-1
-1
-1
-1
0
0
0
-1
0
0
0
0
-1
0
-1
0
-1
0
0
0
0
-1
-1
0
0
1
-1
-1
-1
0
-1
-1
0
0
0
1
1
1
1
0
2
1
2
2
2
2
2
0
1
1
1
0
0
1
1
0
0
0
1
1
2
1
1
1
1
1
2
2
2
1
2
1
1
1
0
1
0
0
0
0
1
1
0
-1
0
0
-1
-2
-1
-1
-2
-1
-1
-2
-3
-2
-2
0
1
1
0
1
1
1
1
1
1
0
1
0
0
1
1
0
0
0
1
1
-1
0
0
0
0
0
1
0
2
1
1
0
1
1
0
0
0
0
0
1
1
1
2
1
1
0
0
-1
-1
-1
0
0
-1
-1
-2
-2
-1
-2
-2
-2
-3
-3
-2
-2
-2
-2
-2
-1
-3
-3
-2
-3
-2
-3
-2
-3
-2
-3
-2
-2
-2
-1
-1
0
-1
-1
0
0
0
0
1
0
-1
1
2
2
2
2
2
2
2
3
1
2
2
2
2
3
2
3
3
3
3
3
2
4
3
3
3
4
4
3
3
3
3
3
2
2
2
2
0
2
1
1
1
1
1
1
1
1
1
1
2
1
0
-1
-1
-2
-3
-1
-1
-2
-1
-2
-2
-2
-2
-2
-2
-2
-3
-2
-2
-2
-2
-2
-3
-3
-3
-2
-2
-1
-1
0
0
-1
-1
0
-1
-1
-1
-1
0
0
1
0
0
1
2
1
1
1
1
2
1
1
0
1
0
0
0
0
0
1
1
1
1
0
1
0
0
0
-2
-1
0
-2
-2
-1
-1
-2
-1
-1
0
-2
-2
-2
-1
-1
-2
-1
-1
-1
-2
-2
-1
-2
-1
0
-1
0
-1
-1
-1
0
0
1
0
0
1
-1
0
1
0
0
0
0
0
1
0
1
1
0
0
0
0
0
1
-1
0
-1
0
0
1
1
1
1
1
1
1
0
1
1
2
2
2
1
1
1
2
1
1
1
1
1
2
3
1
2
2
2
1
1
1
1
2
2
1
1
2
2
0
1
1
1
1
0
-1
-1
0
-1
0
-1
-1
-2
-2
-1
-2
-2
-2
-1
-1
0
0
0
0
0
0
1
1
1
0
0
1
1
-1
-1
-1
-1
-1
-1
-1
-1
0
-1
0
0
-1
0
1
1
1
1
0
1
2
1
1
1
0
2
1
2
3
2
2
2
1
1
1
0
1
0
0
-1
-1
-1
-2
-3
-3
-3
-3
-4
-3
-4
-4
-4
-3
-3
-3
-4
-3
-3
-3
-3
-2
-2
-2
-2
-1
-2
-2
-2
-2
-1
-1
-1
-1
-1
-1
-2
-1
-1
-1
0
-1
-1
-1
0
0
0
0
0
0
-1
0
0
1
-1
0
0
1
1
1
2
3
3
3
3
3
4
3
3
4
4
3
4
2
2
3
2
2
2
2
1
1
0
1
0
0
0
1
1
0
0
0
0
1
1
0
-1
0
0
-1
0
-1
0
0
0
0
0
0
0
-1
-1
-1
0
0
1
0
0
1
1
0
1
1
1
1
1
2
1
2
2
1
1
2
1
1
1
1
1
2
2
1
1
2
1
2
1
1
0
0
0
0
0
-1
-1
-1
-2
-2
-2
-1
-2
-3
-2
-2
-3
-3
-3
-3
-4
-3
-3
-4
-3
-4
-4
-3
-4
-4
-4
-4
-4
-3
-3
-2
-2
-2
-2
-2
-2
-2
-3
-3
-1
-2
-1
0
-1
0
-1
0
-1
0
0
1
1
1
1
1
3
2
2
3
3
2
2
1
2
3
3
3
3
2
2
2
1
1
2
2
2
3
1
2
2
2
1
2
1
2
1
1
2
3
2
2
3
3
3
2
3
3
4
4
4
4
3
3
3
1
2
1
1
1
1
1
1
0
1
0
0
0
0
0
0
-2
-2
-1
-1
-1
-1
-2
-3
-3
-3
-2
-2
-3
-4
-3
-5
-3
-4
-2
-2
-3
-3
-3
-3
-3
-2
-2
-3
-2
-2
-2
-1
-1
-2
-1
-2
-1
-2
-1
-1
0
-1
-1
-1
-2
-1
-1
-1
0
0
0
0
-1
-1
-1
-1
-1
0
-1
0
0
-1
0
0
-1
0
-1
0
-1
-1
-1
0
0
0
1
-1
1
-1
0
0
0
1
1
1
2
0
1
1
1
1
2
2
1
1
1
1
2
2
2
2
3
3
2
2
2
2
1
2
2
1
1
1
1
0
0
0
0
1
1
1
2
2
2
2
1
1
0
0
1
1
-1
0
-1
0
0
-1
0
0
-1
-1
-2
-2
-1
0
0
-2
-1
-1
-1
-1
-2
-1
0
-1
0
0
-2
-2
0
-1
-1
0
-1
-1
-1
-1
-1
1
-1
-1
0
-1
-1
0
1
-1
-1
0
0
0
-1
-1
-1
0
0
0
-1
-1
0
0
0
1
2
1
1
1
0
3
1
0
1
-1
0
1
2
0
1
2
0
0
1
0
0
0
-1
0
1
0
0
2
-1
-2
1
-1
-2
0
0
-1
0
0
-3
0
-1
-1
0
-1
-1
1
0
-1
1
-1
-1
0
-1
-1
1
-1
1
1
2
2
1
1
1
1
1
1
1
2
2
1
1
1
0
0
1
0
1
0
-1
1
0
0
1
0
0
0
1
1
2
1
0
2
1
2
1
1
2
1
1
2
0
0
2
1
0
1
0
-2
1
-3
-3
-1
-3
-1
0
-1
-3
-2
-2
-3
-3
-1
-2
-4
-2
-1
-2
-1
-1
-3
0
0
-3
0
0
-4
0
1
-2
-1
1
-1
1
2
-2
-1
1
-2
1
3
-2
-1
3
-3
-2
3
-1
-2
3
1
-1
4
-1
-2
3
0
-2
2
0
-1
3
0
-2
3
1
-1
4
3
0
3
3
1
1
3
-1
2
4
1
2
3
0
3
3
0
2
3
1
3
1
-1
0
2
-1
-1
1
-2
-1
0
-1
-2
0
-2
0
3
0
-1
0
-2
-1
0
-2
-2
-1
0
-2
0
0
-3
3
2
-1
3
0
-2
1
1
1
2
1
0
2
2
0
2
2
2
2
0
0
1
-1
-1
0
-2
0
0
-2
-1
-2
-2
-1
-1
0
-2
-2
-1
-2
-1
-3
-2
-2
-2
-1
-4
-4
-1
-2
-3
-1
-3
-1
0
-2
-2
-3
-1
-2
-1
-2
-5
-2
-2
-1
-2
-2
-1
0
0
-1
-2
-1
-1
1
2
-2
0
2
1
2
1
1
1
4
1
1
2
1
3
3
3
2
2
4
4
4
3
3
5
4
4
3
2
5
3
1
5
3
3
5
2
2
4
2
3
3
2
2
3
2
1
1
2
0
3
-1
-1
2
-1
0
-2
0
-1
0
-1
-1
-2
-3
1
-2
-1
-1
-3
-2
-2
-4
-2
-3
-2
0
-3
-1
-2
-4
-2
-1
-2
0
2
-2
-2
0
-5
0
1
-6
0
0
-5
1
0
-4
2
2
-2
0
1
-4
1
1
-3
2
1
-4
2
1
-1
0
0
-3
0
1
-3
1
0
-2
0
0
-1
0
0
1
-1
1
-2
-3
-1
-4
-2
0
-4
0
-2
-5
1
0
-2
1
2
-1
-1
3
0
-1
5
-1
-1
4
0
0
3
-2
1
2
2
0
1
1
-3
0
2
-4
2
2
-3
4
0
-2
3
0
-1
3
2
1
1
1
-2
0
3
-1
-1
3
0
0
2
1
1
3
0
1
2
1
4
-3
2
2
-4
1
-2
-4
1
-2
-3
-3
2
-4
-3
4
-6
-2
4
-5
-1
6
-4
1
4
-2
3
5
-4
4
1
-6
6
2
-5
6
0
-4
7
5
-6
9
2
-7
10
2
-5
7
5
-6
3
8
-8
4
9
-10
6
7
-8
6
4
-4
4
1
0
-1
0
0
-2
0
2
-4
1
-1
3
-2
-1
1
-4
-2
3
-2
-4
5
-7
-4
6
-9
-6
5
-7
0
-2
-4
-2
-6
-1
-5
-1
-4
-6
-3
-2
-4
-3
-4
-2
-6
-5
1
-6
-5
1
-6
-5
0
0
-7
0
4
-7
5
2
-4
-1
2
-2
0
3
-4
2
0
-2
4
2
-2
2
5
-1
3
4
0
2
6
2
4
2
7
0
1
9
0
4
7
-1
1
8
-3
2
8
-6
5
8
-7
4
7
-5
0
9
-3
-3
10
-3
-2
6
0
-3
6
-1
1
5
1
-3
6
0
-2
8
-5
-1
7
0
-8
9
-1
-8
7
5
-10
1
6
-11
2
5
-4
0
1
-5
5
1
-4
5
0
0
4
0
-2
1
3
-4
1
2
-7
2
6
-8
-2
7
-7
-3
2
-1
-5
-3
4
-6
-3
-1
-3
-6
-3
0
-4
-5
1
-3
-9
3
-1
-9
3
2
-7
-3
4
-6
-8
6
-1
-6
-1
2
-7
-6
2
-4
-8
4
-2
-13
7
-3
-11
7
0
-9
2
4
-6
-1
4
-1
3
-1
2
7
-3
2
11
-2
-1
16
-6
-1
19
-9
-6
22
-9
-6
23
-6
-5
17
-1
-2
9
4
-2
5
4
-2
3
3
0
0
1
7
-5
-2
12
-10
-1
13
-14
0
15
-15
-1
17
-18
-3
20
-15
-4
12
-7
-5
3
6
-10
-2
9
-7
-3
4
-2
-3
-1
6
-8
-1
11
-8
-5
11
-10
-4
7
-6
0
-1
0
0
-8
7
0
-10
9
-3
-8
6
7
-16
2
15
-17
-5
23
-17
-1
20
-15
2
12
-8
-4
12
4
-10
13
8
-13
12
9
-14
6
8
-11
1
12
-12
-2
13
-9
-7
11
-6
-3
3
-1
-3
0
0
3
-7
1
7
-18
10
3
-20
14
4
-18
16
1
-12
10
2
-8
1
4
-4
0
2
-1
-3
-2
11
-15
-1
18
-26
4
21
-25
6
17
-16
0
14
-8
-10
19
-5
-13
19
-2
-14
13
3
-15
4
14
-19
-1
24
-19
-6
27
-23
-3
25
-16
-4
14
-5
-10
11
5
-16
14
3
-16
10
0
-9
2
4
-4
-7
12
-7
-11
14
-10
-14
15
-6
-16
10
-1
-17
7
7
-24
14
6
-21
13
10
-20
4
19
-29
6
29
-37
9
33
-32
2
34
-26
-5
38
-23
-7
36
-16
-14
38
-8
-23
41
-6
-29
40
1
-39
44
-4
-39
46
-3
-38
42
6
-43
38
16
-46
33
16
-44
27
17
-40
28
17
-45
27
21
-49
25
27
-54
33
21
-55
36
17
-50
25
24
-48
17
35
-57
23
34
-61
28
22
-55
31
17
-49
30
15
-47
30
18
-49
37
9
-47
39
2
-41
36
2
-38
37
4
-44
41
-1
-47
55
-16
-43
62
-25
-38
62
-36
-28
55
-39
-22
61
-50
-14
65
-65
0
63
-77
15
55
-80
29
39
-77
39
28
-76
47
11
-63
53
-3
-55
54
-11
-48
54
-9
-53
55
-11
-52
64
-33
-33
59
-43
-6
41
-47
16
26
-40
26
9
-28
23
-1
-15
27
-18
4
27
-37
27
18
-43
35
10
-39
42
-7
-29
51
-19
-30
60
-26
-18
56
-36
-5
53
-36
2
49
-43
11
40
-45
26
22
-33
23
12
-15
7
2
9
-13
5
24
-34
11
28
-44
24
17
-41
29
-2
-26
25
-10
-21
28
-20
-11
29
-30
-4
29
-38
5
28
-42
11
17
-31
9
5
-11
-8
13
-1
-23
23
-2
-32
33
3
-41
41
12
-46
42
10
-44
43
0
-27
26
5
-24
24
-2
-19
31
-17
-11
33
-26
-2
30
-28
0
20
-22
-1
17
-15
-17
23
-14
-24
36
-24
-5
25
-19
4
6
-2
3
-3
7
-2
-5
9
-5
3
-3
-6
19
-26
9
18
-45
24
14
-44
18
18
-38
9
17
-17
-20
29
-7
-37
32
8
-49
37
9
-47
35
-5
-37
35
-1
-33
29
1
-24
14
3
-15
14
-3
-1
4
5
-7
13
8
-15
23
1
-12
9
11
-28
14
27
-49
33
41
-71
40
40
-65
36
30
-36
14
31
-26
-5
49
-31
-13
57
-42
12
20
-16
10
-5
5
8
-27
33
0
-28
26
8
-28
-4
51
-47
-24
75
-44
-40
77
-42
-40
55
-3
-76
66
22
-104
88
21
-116
92
19
-108
77
28
-98
45
54
-101
39
55
-88
11
88
-101
-3
117
-109
-14
139
-126
-6
142
-123
-17
130
-93
-55
137
-70
-77
139
-49
-117
165
-53
-134
176
-46
-146
174
-18
-167
163
32
-216
177
55
-231
183
46
-209
158
62
-212
144
74
-205
125
87
-201
98
117
-210
76
139
-208
51
163
-217
38
165
-202
12
168
-177
-24
179
-154
-62
192
-156
-56
193
-149
-60
188
-112
-113
206
-95
-145
221
-68
-184
239
-32
-212
226
7
-221
196
31
-217
174
69
-238
175
77
-249
186
67
-235
173
92
-249
183
71
-212
134
108
-203
74
174
-209
19
225
-246
22
233
-232
-7
257
-241
-26
279
-238
-42
278
-199
-65
277
-198
-55
238
-171
-61
224
-122
-115
236
-77
-177
278
-87
-195
272
-62
-228
290
-29
-267
295
3
-275
283
20
-269
251
46
-259
209
86
-275
215
93
-289
215
101
-294
177
169
-340
163
233
-389
146
281
-396
95
311
-390
60
330
-377
10
342
-343
-14
324
-308
-55
309
-271
-63
275
-246
-67
251
-222
-49
207
-184
-84
213
-171
-120
273
-214
-127
296
-193
-165
291
-143
-207
326
-180
-176
339
-203
-130
285
-169
-114
280
-156
-143
280
-110
-206
297
-63
-245
308
-33
-305
360
-31
-327
393
-51
-335
394
-39
-342
383
-13
-376
368
36
-413
389
13
-375
375
3
-294
246
109
-314
204
178
-373
261
142
-353
218
186
-367
151
279
-422
172
272
-406
144
243
-360
130
249
-389
179
223
-375
176
189
-354
180
174
-360
220
114
-328
237
67
-265
188
105
-276
171
132
-285
189
122
-371
296
63
-400
385
-41
-360
412
-76
-316
394
-60
-383
471
-54
-444
559
-84
-478
622
-175
-399
556
-175
-376
491
-63
-443
506
-56
-466
528
-76
-436
515
-94
-423
515
-114
-376
516
-159
-327
433
-73
-412
473
-75
-448
562
-192
-387
583
-256
-322
554
-277
-308
581
-326
-314
637
-370
-305
553
-266
-327
531
-221
-371
552
-206
-384
528
-128
-433
532
-110
-455
587
-157
-396
551
-156
-361
446
-49
-422
466
-63
-435
545
-147
-417
661
-279
-343
675
-344
-309
680
-327
-311
655
-280
-348
679
-321
-345
701
-348
-353
694
-341
-299
616
-293
-283
577
-285
-278
555
-200
-364
596
-245
-295
581
-353
-140
496
-387
-63
488
-436
-31
454
-390
-75
439
-316
-112
449
-333
-43
404
-389
104
257
-357
205
104
-256
137
132
-272
110
181
-315
152
101
-238
200
-84
-81
163
-190
59
97
-153
18
123
-114
-117
240
-201
-19
222
-281
146
100
-285
216
38
-293
267
41
-328
303
28
-392
396
-29
-386
456
-63
-401
497
-107
-395
502
-70
-437
514
-21
-462
545
-166
-300
488
-187
-233
437
-193
-249
446
-220
-191
392
-244
-64
291
-304
144
74
-223
140
91
-280
194
63
-310
276
-1
-377
430
-112
-388
520
-174
-336
441
-127
-338
449
-147
-299
502
-262
-249
533
-378
-101
379
-268
-71
259
-163
-120
288
-171
-144
343
-243
-69
295
-194
-79
245
-111
-80
177
-78
-83
212
-93
-100
226
-110
-132
242
-106
-153
318
-170
-130
365
-217
-178
448
-323
-95
434
-351
-29
409
-445
103
366
-520
185
364
-539
177
352
-515
136
379
-512
106
468
-615
248
328
-587
323
158
-411
261
77
-286
210
51
-354
325
-33
-352
355
-66
-329
376
-169
-124
224
-219
36
135
-232
76
143
-265
122
139
-332
227
91
-278
205
46
-187
127
48
-193
187
-78
-40
115
-111
40
74
-118
109
-32
-47
111
-73
-39
131
-25
-104
185
-41
-62
168
-104
35
117
-144
83
104
-173
93
126
-191
57
150
-188
75
114
-151
119
41
-157
180
-75
14
39
11
39
-88
86
43
-142
107
-42
-6
69
-111
72
-12
-29
-27
-2
122
-241
197
45
-280
255
-33
-258
247
-34
-283
372
-141
-267
394
-160
-296
388
-91
-307
360
-78
-215
296
-163
-82
240
-201
6
166
-189
62
89
-175
131
-57
-56
132
-144
-51
238
-247
-42
342
-351
7
339
-361
62
216
-316
145
50
-226
218
-133
-116
302
-273
-7
218
-268
85
112
-150
-9
237
-230
-30
290
-312
114
140
-259
185
-13
-92
124
-114
23
55
-140
184
-140
-7
241
-269
39
186
-198
-7
240
-238
56
281
-396
183
208
-462
367
39
-352
419
-96
-186
291
-170
-37
245
-220
37
220
-250
81
202
-333
212
117
-310
228
130
-315
233
106
-319
284
-8
-244
277
-105
-75
172
-141
52
27
-94
58
54
-190
195
-5
-281
314
-76
-247
297
-89
-148
169
-22
-186
181
-28
-184
213
-96
-57
107
-42
-17
-29
88
-73
-56
149
-106
-10
69
-7
-122
134
26
-224
250
-48
-148
222
-132
-17
141
-113
-2
147
-156
77
123
-222
202
17
-206
301
-181
-40
247
-218
80
70
-119
50
117
-189
161
88
-294
274
-54
-220
233
-72
-188
244
-106
-124
191
-159
-51
112
-99
15
4
-62
66
-53
-84
81
-54
-113
118
-108
41
-48
-47
99
-123
-35
165
-142
-37
176
-192
29
109
-227
118
96
-211
156
-5
-131
139
-53
-128
202
-48
-78
158
-53
-31
59
20
-65
96
-47
55
19
-58
155
-71
-7
104
-89
56
91
-167
132
122
-277
180
87
-271
205
36
-212
199
-27
-144
171
-120
-21
145
-122
-36
204
-162
-122
309
-210
-75
271
-155
-64
181
-118
-57
125
-62
-42
98
-29
-8
13
-12
2
-16
19
-55
88
-54
-49
87
-40
-98
145
-6
-189
270
-88
-162
289
-211
-8
226
-273
89
179
-221
9
240
-243
-12
243
-190
-47
252
-201
-59
243
-216
21
88
-55
30
4
-15
11
-55
23
27
-27
-12
28
43
-100
21
142
-187
26
146
-172
33
127
-190
113
80
-216
139
72
-214
142
60
-202
163
18
-190
164
-70
-61
84
-15
-49
36
-9
-46
67
-121
81
65
-174
171
-72
-130
211
-160
-55
188
-73
-109
169
-84
-31
49
-32
25
-36
42
-22
6
45
-95
35
118
-141
9
150
-155
29
92
-115
38
63
-81
3
104
-140
44
120
-182
73
77
-117
84
-13
28
-14
1
53
-53
-19
66
-7
-99
153
-30
-227
347
-141
-209
350
-186
-185
414
-294
-60
310
-268
59
91
-87
-41
161
-50
-125
268
-184
-16
195
-314
300
-44
-283
453
-264
-129
422
-403
135
163
-235
136
60
-46
-66
162
-49
-136
263
-124
-95
296
-225
11
173
-169
115
-67
31
24
-46
103
-127
40
123
-201
147
-24
-135
200
-134
-61
128
-69
-81
54
0
-108
65
16
-174
112
67
-216
82
87
-177
101
-2
-79
47
-11
-63
-4
60
-103
24
35
-36
-43
63
-77
37
35
-74
88
-81
-13
74
-80
-12
55
-28
15
13
-30
53
-107
70
8
-114
177
-125
56
40
-86
103
-3
-123
157
37
-215
159
99
-255
113
139
-237
100
120
-193
82
95
-185
99
48
-56
19
29
7
23
-45
67
-76
64
44
-152
120
-57
-13
-6
4
37
-96
107
-10
-56
89
-56
55
-88
84
6
-148
186
-93
-61
199
-258
92
103
-187
68
90
-124
0
207
-222
44
132
-158
68
92
-114
54
80
-89
53
28
-86
62
44
-71
11
118
-126
17
97
-75
-75
189
-52
-195
330
-167
-142
284
-121
-153
268
-71
-165
228
-68
-120
156
-38
-45
91
-20
0
23
-15
30
-13
28
-41
19
57
-62
-4
50
-35
-37
62
-76
-4
41
-52
-47
97
-144
-12
117
-174
91
14
-46
-2
22
-28
-17
36
-98
101
1
-118
108
-58
-29
47
-114
85
54
-200
192
-20
-169
217
-107
-118
236
-103
-135
247
-78
-131
217
-29
-217
303
-38
-240
326
-77
-168
248
-51
-149
146
33
-155
103
94
-199
121
96
-261
198
36
-297
277
49
-347
245
110
-335
137
167
-296
49
261
-297
11
261
-356
45
260
-305
-15
353
-300
-105
390
-324
-147
348
-172
-205
334
-79
-330
369
-79
-387
438
-59
-346
388
-21
-305
218
127
-341
159
323
-421
124
338
-410
68
264
-242
-23
258
-58
-219
259
44
-383
336
51
-356
376
40
-294
171
173
-317
114
245
-269
40
304
-261
-80
357
-302
-34
362
-295
-31
356
-282
-84
258
-140
-69
130
36
-96
46
48
-95
22
44
-46
15
63
9
-51
36
0
24
-98
82
102
-100
-10
81
7
-58
-38
68
-43
-1
80
-140
49
114
-180
6
97
-50
-69
42
47
26
-174
69
78
-114
47
58
-117
-12
173
-132
-154
250
-123
-123
211
-31
-114
1
116
-99
-78
91
-71
0
-15
-13
3
-109
94
-27
-115
118
12
-121
13
135
-106
-85
154
-17
-127
116
48
-127
49
78
-128
79
40
-129
112
-30
-111
164
-44
-123
246
-142
-100
264
-187
-59
222
-116
-107
166
-6
-154
127
38
-149
69
87
-120
30
38
5
-74
12
146
-184
7
183
-250
116
6
-109
222
-216
105
38
-131
71
12
122
-184
129
41
-192
208
-45
-99
149
40
-126
77
60
11
-64
57
90
-87
133
-42
-60
144
-45
-47
148
-63
-94
151
-60
-94
84
-2
-130
28
94
-122
-22
3
-68
36
-12
-18
49
16
-65
94
-17
-185
165
57
-143
100
95
-4
-62
96
-70
-94
100
-3
46
66
-63
23
22
-101
47
109
-130
-9
245
-241
-141
267
-212
-62
194
-103
65
147
-122
-55
143
-98
-140
246
3
-189
222
45
-282
182
-25
-267
98
93
-125
62
56
-308
45
50
-271
88
91
-202
118
76
-292
38
51
-160
111
93
-8
61
58
-90
37
28
31
87
59
93
-16
15
-36
-77
22
-91
-10
135
-9
-40
37
-116
-159
2
-83
51
122
-86
5
-19
-110
42
-74
17
114
-29
44
119
-74
-11
-6
-2
138
58
90
127
25
-68
19
-52
28
78
32
127
10
-37
9
-28
-3
125
-15
-8
109
-82
-56
44
-47
-79
101
17
1
65
-18
-60
30
24
5
111
6
-29
6
-6
-46
14
21
-62
-7
-5
-92
-84
-56
-109
-73
-33
-57
-21
-47
-71
-23
-17
-76
-17
13
-37
46
-45
43
101
-48
15
126
30
57
43
-44
32
-18
7
-14
50
43
-74
3
11
-64
2
-9
-31
93
-97
-18
114
-89
94
4
-34
102
-4
-10
52
41
-105
110
-22
-102
143
-56
-50
94
-67
-35
80
-70
2
13
17
81
51
0
8
2
-32
25
35
-21
-26
25
-35
-32
-25
-71
-64
-53
-12
-137
-87
-34
-114
-95
-117
-136
-101
-60
-85
-25
-62
6
-45
-52
78
19
-10
82
135
151
152
135
174
129
84
122
157
223
139
127
168
67
26
78
56
43
91
2
-13
29
-41
-35
-1
-8
36
11
-64
0
99
39
25
171
39
-19
159
86
80
219
144
109
189
163
161
178
206
50
-108
-208
-355
-536
-856
-1111
-578
6
-205
-860
-1403
-1601
-1371
-1168
-1082
-674
-54
226
-71
-498
-576
-68
788
1250
1387
1557
1624
1674
1581
1161
964
1236
1533
1441
1201
848
278
-127
-530
-1007
-996
-620
-547
-738
-1121
-1661
-1768
-1662
-1489
-1128
-696
-452
-411
-368
-252
-193
81
477
839
1513
1731
1532
1443
1286
1271
1577
1773
1715
1726
1319
777
483
214
20
-63
-233
-505
-738
-1122
-1483
-1639
-1690
-1697
-1423
-1259
-1178
-1105
-1106
-907
-583
-108
385
761
827
312
-506
-929
-549
688
1801
1842
799
-456
-1345
-1752
-1647
-1401
-517
514
640
-299
-1714
-2428
-1867
-706
298
779
1055
1318
1340
917
201
-7
686
1778
2428
2422
1921
1103
270
-431
-836
-407
677
1225
818
-287
-1392
-1817
-1569
-1344
-1104
-524
-227
-284
-575
-893
-937
-834
-625
3
988
1412
1117
728
445
564
1095
1512
1819
1935
1636
1225
746
506
612
689
715
681
281
-306
-817
-1270
-1373
-1182
-1069
-931
-848
-1240
-1603
-1636
-1450
-896
-323
-92
34
157
68
87
381
708
1137
1537
1726
1643
1259
744
72
-532
-858
-567
541
1236
535
-1134
-2620
-3023
-2685
-2387
-1867
-1159
-484
-350
-1492
-2855
-2852
-1565
111
1265
1586
1461
1519
1408
1155
1153
1335
2195
3233
3332
2747
1831
846
240
-95
-221
250
964
891
-176
-1633
-2651
-2605
-1955
-1403
-1157
-1133
-1270
-1467
-1617
-1691
-1389
-692
14
573
1076
1078
721
556
738
1437
2238
2619
2389
1960
1467
992
975
1253
1490
1543
1120
257
-462
-911
-1152
-1041
-841
-822
-976
-1281
-1776
-2154
-2094
-1762
-1131
-438
-160
-229
-442
-572
-305
278
923
1580
1939
1901
1646
1169
646
29
-350
-209
507
1504
1720
302
-1691
-2912
-3047
-2397
-1719
-1240
-668
-330
-1118
-2526
-3557
-3100
-1028
974
1588
1209
797
749
968
969
1034
1689
2862
3629
3216
2080
958
355
271
397
517
976
1266
607
-801
-2253
-2794
-1986
-810
-514
-719
-1079
-1442
-1508
-1644
-1766
-1190
-81
567
638
370
252
522
355
340
1328
2208
2285
1714
886
535
875
1230
1262
1281
1205
862
157
-607
-865
-658
-544
-553
-522
-693
-1311
-1860
-2034
-1766
-1043
-469
-310
-316
-548
-922
-796
-203
369
964
1271
1219
1220
1089
666
623
1060
1497
1867
1608
666
-369
-1342
-1819
-859
574
982
-64
-2053
-3340
-3189
-2612
-2173
-1659
-849
-267
-654
-2085
-3130
-2430
-342
1530
2070
1770
1370
1302
1383
1321
1430
2216
3266
3716
3223
1922
783
376
344
424
633
909
1019
358
-1319
-2871
-3099
-2106
-742
-196
-695
-1420
-1914
-2228
-2247
-1791
-906
215
827
685
427
198
17
137
773
1685
2497
2564
1776
1031
729
819
1210
1606
1620
1292
644
-148
-611
-659
-646
-648
-653
-908
-1210
-1456
-1790
-1831
-1565
-1201
-800
-662
-811
-929
-869
-389
317
798
878
697
596
722
1027
1388
1543
1527
1506
1193
674
-16
-805
-1207
-881
120
960
424
-1471
-3177
-3502
-2686
-1736
-1281
-1116
-674
-688
-1627
-2714
-2539
-833
1219
2111
1697
1082
1112
1404
1495
1618
2033
3007
3745
3417
2170
793
208
537
958
1034
801
397
-127
-911
-1938
-2616
-2259
-1243
-527
-692
-1466
-2064
-2036
-1654
-1335
-795
-198
215
429
384
125
35
345
1030
1692
1743
1468
1275
952
843
876
904
1126
1364
1131
228
-585
-780
-324
215
460
37
-900
-1524
-1784
-1475
-587
-171
-400
-754
-1156
-1196
-898
-646
-303
149
412
485
278
21
165
423
719
1138
1343
1145
769
392
325
573
681
327
-507
-1277
-1187
-320
480
254
-1285
-2818
-2925
-1953
-1046
-855
-959
-588
-323
-954
-2092
-2117
-367
1864
2638
1654
518
563
1453
1923
1737
1685
2206
2890
2779
1537
324
96
420
731
751
304
-33
-222
-981
-1881
-2205
-1688
-519
273
-384
-1685
-2266
-2017
-1220
-494
-308
-116
288
305
-188
-756
-726
200
1408
1781
1531
1089
531
214
76
321
1142
1801
1646
788
-176
-615
-359
174
560
583
207
-504
-1191
-1327
-998
-669
-453
-471
-593
-556
-742
-1108
-942
-513
-175
33
-11
24
338
565
464
303
353
503
677
786
810
988
991
750
278
-287
-612
-670
-626
-260
368
473
-431
-1818
-2610
-2253
-1194
-490
-525
-609
-426
-691
-1452
-2058
-1424
628
2368
2314
932
-254
-173
899
1774
1960
2044
2176
2003
1407
522
-31
245
973
1386
1174
403
-479
-913
-984
-1021
-815
-180
374
183
-904
-2090
-2242
-1252
-73
559
400
-139
-666
-1107
-1157
-598
470
1287
1243
517
-343
-768
-604
-49
737
1312
1304
720
-52
-568
-533
-107
419
861
939
609
-44
-705
-795
-229
501
860
482
-224
-654
-639
-390
-125
16
-20
5
-101
-323
-375
-380
-382
-272
-223
-182
-9
26
-53
-178
-282
-224
-44
93
264
321
140
-182
-623
-857
-559
235
860
577
-561
-1455
-1435
-726
46
165
3
64
-98
-693
-1217
-1028
127
1331
1371
400
-386
-303
416
1077
1227
1193
1122
947
723
414
416
736
985
1011
657
148
-82
-25
61
20
-103
-105
44
-80
-658
-1007
-1038
-769
-171
-66
-553
-920
-1077
-1106
-899
-616
-248
49
-15
-437
-767
-577
-29
533
816
851
711
497
445
557
825
1079
1098
1044
983
803
621
457
401
481
481
167
-168
-288
-273
-252
-394
-716
-918
-930
-928
-807
-762
-764
-734
-793
-842
-755
-542
-220
54
90
53
19
-38
103
381
533
639
589
395
311
295
365
498
584
487
125
-238
-335
-156
135
193
-86
-431
-709
-794
-719
-468
-221
-83
-47
-288
-570
-552
-282
154
539
593
599
556
317
214
310
609
969
1051
683
154
-126
-138
19
93
-21
-155
-338
-517
-695
-822
-780
-683
-567
-430
-398
-521
-617
-702
-613
-303
22
286
366
248
113
114
330
606
693
610
605
605
637
622
487
386
383
411
338
268
207
87
9
-91
-209
-258
-271
-306
-341
-319
-202
-96
-71
-87
-179
-241
-177
-34
222
420
430
277
98
-3
33
187
340
471
431
163
-62
-144
-131
67
127
73
36
-159
-365
-369
-227
-139
-47
85
44
-76
-139
-295
-289
-27
236
346
157
-180
-391
-275
-12
228
224
-45
-300
-404
-385
-289
-166
-159
-172
-161
-254
-477
-524
-451
-343
-94
49
85
-27
-315
-642
-657
-258
264
573
418
-56
-497
-471
-160
149
321
287
158
66
-38
-236
-248
-98
177
487
514
178
-144
-295
-175
171
317
384
403
242
115
79
74
184
337
363
316
316
351
301
193
222
342
386
395
344
240
236
216
152
191
241
240
183
137
91
98
111
38
16
92
240
331
135
-170
-288
-150
83
220
162
-76
-222
-186
-183
-173
-100
-139
-85
-76
-300
-462
-463
-478
-465
-437
-430
-407
-373
-487
-694
-668
-507
-253
-74
-113
-241
-318
-314
-260
-138
-34
68
157
173
57
-25
-8
-12
60
40
-65
35
136
35
-150
-264
-212
-16
94
-3
-158
-282
-313
-215
-101
-40
47
93
52
13
-54
-38
127
343
413
369
310
278
353
419
385
325
350
494
584
542
458
352
284
298
304
273
270
314
257
210
107
-28
41
124
128
136
110
97
106
0
-81
-49
92
204
212
137
48
-17
-96
-137
-140
-79
38
66
7
-176
-371
-419
-374
-209
9
-6
-178
-345
-494
-528
-453
-300
-233
-221
-223
-328
-448
-472
-456
-388
-230
-77
-25
-87
-164
-247
-173
-31
21
136
174
45
-45
-20
-34
35
53
-82
-105
-17
54
52
-26
-200
-253
-152
-55
-2
-55
-169
-191
-16
202
212
79
-78
-149
65
327
343
235
158
192
295
316
272
258
264
222
305
444
392
323
256
158
161
235
239
234
287
201
60
56
127
202
189
94
51
132
214
222
176
115
70
60
-16
-108
-62
-17
10
-30
-290
-483
-427
-287
-139
-68
-198
-370
-381
-324
-293
-319
-320
-277
-140
-20
-89
-175
-288
-388
-303
-115
9
83
29
-187
-329
-346
-185
101
193
130
83
30
13
11
-24
6
121
273
273
196
57
-119
-152
-142
-51
74
121
89
-34
-169
-251
-235
-70
102
161
142
62
-30
-115
-67
44
164
316
330
143
-14
-96
-94
62
206
344
367
198
65
-61
-104
73
291
386
430
297
20
-35
93
222
328
300
265
275
205
98
-11
7
153
230
227
183
61
-54
-133
-223
-176
-26
57
55
-158
-424
-466
-344
-236
-220
-367
-484
-408
-353
-297
-275
-321
-276
-224
-273
-289
-270
-275
-184
-131
-150
-155
-200
-242
-221
-197
-188
-89
5
63
35
-95
-147
-92
9
116
144
136
181
187
143
108
108
176
269
294
265
242
150
158
255
274
329
313
240
252
252
229
187
116
80
94
136
129
115
126
47
-60
-202
-255
-159
34
209
211
80
-33
-86
-59
47
182
342
466
406
195
-8
-66
60
277
413
393
246
0
-164
-206
-164
-71
-38
-88
-158
-256
-381
-449
-456
-403
-281
-194
-169
-267
-450
-564
-496
-303
-89
-49
-155
-206
-207
-218
-215
-162
8
187
241
125
-25
-66
-33
65
199
292
252
101
-78
-191
-203
-102
14
67
27
-96
-205
-239
-182
-49
43
101
142
76
25
36
90
227
320
335
237
189
190
232
278
314
322
288
217
85
25
51
145
186
67
-101
-179
-184
-146
-77
-71
-88
-121
-167
-177
-189
-107
28
75
30
-23
1
109
193
232
250
247
265
252
241
208
209
247
282
303
210
15
-101
-135
-131
-106
-126
-165
-241
-374
-495
-514
-410
-307
-309
-382
-443
-429
-380
-350
-393
-373
-231
-77
4
12
-74
-129
-74
25
150
233
242
194
143
120
147
211
221
195
138
74
59
39
13
-34
-104
-89
-24
3
7
-68
-185
-229
-131
33
137
126
73
2
28
133
228
302
306
294
294
314
307
309
302
299
291
221
158
162
148
110
23
-65
-61
-43
-66
-135
-184
-186
-122
-127
-232
-259
-223
-82
32
-42
-149
-147
-55
58
130
130
189
237
209
147
115
148
197
245
199
57
-51
-71
-76
-104
-187
-259
-249
-240
-322
-407
-461
-450
-364
-356
-362
-308
-260
-281
-320
-296
-204
-67
14
-25
-104
-79
39
179
248
156
89
128
157
198
173
116
142
139
84
61
15
13
32
-13
-126
-151
-83
5
67
-2
-66
-47
35
146
173
136
114
176
259
337
340
308
322
299
286
268
259
281
284
226
176
115
36
20
-40
-75
-16
-24
-79
-114
-232
-271
-240
-235
-172
-111
-119
-156
-194
-245
-214
-123
-25
71
90
36
-10
-44
6
102
153
148
85
42
53
80
60
-24
-84
-128
-124
-46
-75
-151
-232
-320
-333
-238
-137
-106
-157
-282
-296
-186
-70
-34
-40
-55
-35
7
37
64
30
37
65
98
199
250
193
90
29
57
114
124
83
-2
-43
-5
23
-8
-65
-149
-173
-114
3
36
-2
-64
-72
22
132
231
233
184
148
136
173
309
360
321
320
274
260
243
147
61
125
190
212
186
25
-64
-84
-122
-115
-86
-91
-91
-131
-211
-254
-266
-298
-296
-202
-137
-132
-171
-248
-271
-192
-80
-25
-19
-63
-109
-71
-19
-3
27
28
64
100
46
-25
-41
-33
-7
-7
-35
-50
-101
-159
-183
-162
-97
-48
-65
-124
-152
-158
-140
-79
-14
21
34
61
81
84
94
57
39
119
215
252
203
93
7
2
46
101
150
158
148
100
-16
-72
-70
8
122
139
62
37
49
48
69
69
73
121
168
176
161
109
87
97
86
76
103
127
179
154
54
23
63
94
62
18
20
81
84
21
-50
-72
-39
-14
-11
-8
15
-23
-126
-223
-224
-112
-18
-37
-137
-223
-258
-234
-186
-175
-209
-227
-226
-218
-201
-203
-206
-165
-98
-94
-158
-178
-154
-118
-60
-15
7
-11
-75
-116
-40
44
75
59
-7
-14
21
74
96
73
48
34
109
113
40
-28
-78
-33
108
209
174
58
-51
-95
-44
69
128
165
141
92
34
6
35
128
183
166
139
63
25
56
99
101
135
130
75
50
-6
-31
47
151
165
113
22
-7
36
66
62
72
134
204
222
176
103
75
128
162
188
242
244
169
47
-67
-55
63
142
93
-78
-260
-322
-274
-243
-281
-313
-301
-270
-281
-379
-472
-463
-355
-220
-176
-183
-181
-209
-234
-261
-251
-121
54
132
112
31
-23
20
83
129
187
206
194
164
93
40
40
50
28
-18
-56
-62
-47
-40
-49
-82
-117
-97
-48
18
41
16
11
37
80
88
101
129
145
158
137
126
151
202
185
129
110
128
157
139
80
45
24
-9
-53
-85
-83
-81
-101
-138
-114
-89
-59
-35
-64
-87
-73
-10
73
115
85
79
77
125
180
183
203
209
168
109
59
43
81
127
110
3
-99
-143
-119
-113
-167
-231
-272
-238
-162
-107
-98
-110
-133
-153
-132
-58
37
118
121
61
26
77
132
138
137
116
118
136
111
51
-1
-48
-46
-29
-43
-44
-81
-149
-208
-235
-221
-166
-128
-128
-139
-128
-141
-139
-69
6
91
158
147
82
64
96
133
208
259
244
214
181
148
111
67
19
25
34
32
6
-52
-76
-79
-71
-75
-112
-164
-229
-248
-181
-128
-81
-62
-76
-62
-95
-115
-107
-67
3
65
96
62
34
0
-1
40
84
115
83
1
-42
-24
2
26
17
-9
-23
-52
-41
-12
2
-28
-54
-29
25
88
83
33
-12
9
70
120
157
184
192
183
133
68
65
83
129
145
99
66
55
28
-26
-94
-123
-127
-112
-80
-99
-111
-154
-179
-193
-198
-131
-30
35
19
-47
-110
-81
43
150
171
151
155
157
148
133
98
105
128
134
150
161
104
32
-33
-77
-47
-14
-11
-64
-151
-216
-222
-189
-176
-161
-141
-147
-182
-194
-220
-191
-80
-7
7
5
-41
-65
-46
-2
69
164
191
117
51
25
12
51
101
109
119
87
24
-38
-55
-41
-23
-7
22
31
-5
-52
-69
-22
70
126
112
66
4
31
85
132
180
155
92
61
53
49
44
1
-44
-48
-48
-81
-84
-80
-103
-127
-161
-164
-144
-230
-244
-225
-146
-5
82
72
46
50
87
153
171
129
113
141
143
222
213
134
98
79
90
126
61
15
55
93
18
-66
-153
-248
-228
-194
-128
19
110
21
-121
-282
-365
-251
-65
-4
16
19
-25
-92
-114
-202
-226
-180
-99
67
193
161
83
-3
-104
-94
19
122
168
202
142
86
107
87
52
41
63
81
125
121
22
4
5
-38
-8
-34
-70
63
97
-27
-71
-75
-69
23
29
-11
78
116
54
65
-25
-124
-31
38
49
80
-6
-79
-33
-31
-118
-47
-20
-48
39
7
-76
-40
46
14
40
156
37
103
154
-97
64
100
21
239
157
-67
11
74
-23
103
142
-76
-56
-4
-130
-37
32
-112
17
-90
-203
-105
-139
-163
-132
-90
-133
-1
-33
-209
-186
-148
-114
13
50
32
16
1
116
-26
62
207
79
188
156
-7
23
93
151
168
177
180
-25
-40
-37
-114
-6
62
143
-26
-86
-122
-258
-57
-55
-58
-24
-94
24
-189
-117
75
-170
-20
96
-129
-73
2
5
-30
163
29
-156
33
-26
-97
9
32
30
15
-16
-143
-144
-13
-135
52
190
-56
89
16
-120
12
48
109
210
226
148
25
-101
18
136
65
188
233
-48
30
36
-204
-42
50
-147
90
113
-211
-34
-163
-271
50
-44
5
72
-74
-98
-55
-101
-67
169
-13
36
112
-72
68
44
22
94
60
72
170
29
20
167
-68
63
209
-23
72
117
25
-28
95
46
-115
170
23
-136
51
43
-132
26
112
-95
113
65
-244
28
32
-203
69
2
-196
33
117
-169
-59
-9
-262
-71
117
-130
-23
49
-142
-87
7
-105
-30
64
-85
-90
-35
-9
-142
88
-2
-114
138
-115
-34
109
-39
12
89
40
89
126
26
27
48
25
51
42
23
97
23
32
14
-16
-17
-6
17
-28
-38
-121
-62
-98
32
-17
-123
0
-78
-60
2
-46
-48
-15
3
-99
4
-34
-78
-1
35
78
95
-44
30
-48
32
197
-53
136
115
-25
42
140
-146
90
191
-161
108
142
-193
151
81
-143
120
31
-21
18
18
-75
77
30
39
70
-90
-4
38
-57
11
-23
-117
58
3
-32
-46
-47
-91
-8
70
-52
16
62
-119
8
10
-27
68
37
66
97
75
-1
49
27
-72
155
144
-61
143
84
-160
136
-24
-126
223
-54
-64
62
-155
-50
-48
-78
-180
-80
49
-157
3
-115
-109
-127
-175
106
-106
-121
37
-159
-138
74
-73
-106
57
-31
-129
139
-92
-60
32
-86
17
65
72
-13
-49
22
53
31
41
90
25
-20
125
-81
80
-5
13
67
-84
66
58
91
68
93
42
-51
184
42
-42
231
-30
90
171
-79
86
121
-13
125
99
-54
-30
29
-8
-3
75
-6
-61
87
-55
-72
45
-146
6
135
-85
93
-23
-24
140
27
28
117
68
10
138
33
-6
150
97
-76
75
-25
-98
13
60
-81
-142
-62
-95
-172
-46
-179
-248
-113
-193
-212
-166
-249
-293
-66
-157
-170
-25
-181
-197
-38
-173
-53
57
-39
-77
120
15
4
94
-36
-15
62
83
-8
131
38
-51
21
31
-50
31
117
-87
-39
161
-34
-2
264
-49
-58
201
46
71
206
154
15
202
196
18
350
99
59
277
25
182
182
111
196
119
104
98
77
107
40
82
-16
32
63
-96
-24
-69
-104
-93
-53
-90
-67
-74
-138
-72
-45
-137
54
-128
-102
39
-24
-60
49
59
-127
36
75
-108
9
79
-73
56
-12
-37
89
-78
-75
45
-32
-47
38
-38
-166
-40
-42
-222
-9
-79
-243
-42
-110
-193
-108
-139
-102
-95
-52
-42
-147
-108
-40
-82
-116
100
109
-237
33
-87
-196
147
-86
-31
97
-77
-65
50
-103
-99
217
-70
64
203
-236
67
116
-57
93
258
-76
33
295
-160
-17
337
-88
206
409
-113
212
244
-103
229
319
-16
252
243
-24
127
55
-23
175
90
28
19
-37
-22
-9
78
-90
27
97
-108
-3
-3
-219
-60
-18
-37
1
-11
-53
-192
28
-104
-117
46
-50
-29
-11
-98
31
-93
-65
171
-77
33
101
-115
69
53
-76
112
-31
57
-84
-49
-48
-66
-53
7
-69
-197
86
-125
-161
74
-106
-227
21
-137
-185
3
-27
-249
12
20
-181
-9
47
-115
-27
124
-21
-68
142
38
-13
184
149
1
71
217
7
127
173
16
46
139
-29
45
93
55
-25
52
61
-67
24
161
-142
-6
210
-103
4
216
-66
-39
284
-81
61
239
-108
84
217
-27
130
88
-49
65
31
-74
-62
63
-127
-144
34
-212
-144
-85
-174
-244
-73
-132
-277
-90
-95
-216
-95
-18
-79
-88
80
-29
-127
241
28
-102
125
116
47
51
213
16
-21
169
-54
-36
70
-14
-23
-118
67
-120
-183
13
-181
-155
56
-176
-80
73
-260
-122
30
-123
71
36
-70
97
-34
78
18
109
137
65
182
184
76
147
187
-28
290
74
-87
202
62
-123
139
69
-202
207
-17
-199
155
-35
-191
183
-124
75
141
-138
171
61
-18
199
35
51
244
-2
-26
276
54
-53
323
-18
-47
232
-26
-133
8
-23
-190
-61
-5
-180
-176
-107
-120
-136
-166
-56
-253
-131
-77
-149
-68
-114
-17
-83
27
62
-59
70
132
-31
127
123
51
76
147
-49
-1
181
-58
-42
86
-69
-171
22
-96
-164
-44
-76
-242
-115
43
-248
-193
73
-272
-109
127
-133
-141
70
20
-133
89
106
-5
67
144
33
67
167
-24
91
162
92
-28
132
139
-137
73
133
-210
79
89
-235
63
120
-220
-26
219
-148
-121
276
-50
-15
274
-35
14
300
12
72
275
116
152
242
90
19
189
28
77
114
65
42
-102
-28
-55
-237
-49
-145
-151
3
-252
-152
-48
-310
-171
95
-280
-64
189
-231
-75
104
-151
45
211
21
-22
248
-46
-127
366
-152
-37
333
-63
-79
124
-32
-216
97
-5
-236
106
-40
-312
60
-203
-245
164
-69
-154
47
-110
-249
189
-133
-70
235
-156
14
126
-120
42
106
-17
74
107
48
-49
47
115
-28
102
187
0
156
109
-110
43
237
-75
105
227
-65
35
217
-61
37
186
-75
5
186
-10
-74
176
-197
39
194
-203
115
45
-149
3
-14
-144
-41
44
-84
-63
30
-145
-51
8
-218
-60
-183
-47
-59
-183
53
-251
-172
104
-160
-81
105
-139
-72
87
-71
-11
184
-21
-21
145
-21
-10
177
-51
27
212
34
84
20
114
3
-95
193
31
-45
180
-57
-45
17
-113
-28
48
-59
-57
37
-9
-38
-59
-52
-55
-33
-14
64
27
-21
91
-24
-7
97
14
51
77
41
120
-71
70
97
-52
113
80
-71
121
0
-160
106
28
-137
163
44
-112
59
-44
-46
26
-10
-27
49
46
-56
-42
8
-44
87
-1
-62
56
-53
-68
23
-73
-38
36
-162
64
-101
-156
56
-183
-83
32
-131
-50
16
-65
-130
-13
-75
-137
72
-98
-82
110
-120
-56
253
-152
-42
263
-103
-5
213
-28
50
178
11
7
184
-4
12
162
-104
-58
162
-103
-64
141
-154
-12
106
-110
-18
22
-173
11
102
-191
20
79
-7
-27
100
87
-91
148
53
-27
142
108
23
34
143
3
-6
222
-71
-24
260
-72
-133
285
-97
-154
232
-28
-183
104
80
-204
75
83
-202
141
63
-242
111
123
-202
111
118
-267
169
103
-186
91
88
-147
10
47
-121
38
-9
-100
35
-25
-113
-68
45
-94
-92
-26
-50
-17
-61
-119
-78
-8
-75
-92
-51
-57
-46
-78
32
-99
67
-21
-107
156
-53
-21
92
19
-17
118
4
-77
124
-11
-3
49
99
51
-82
99
42
-77
46
93
-69
6
178
-95
-67
244
-136
-46
248
-148
0
207
-253
19
181
-205
11
144
-170
47
110
-134
26
86
-157
-2
161
-235
76
185
-144
65
19
-35
-37
90
-15
-31
34
38
49
-74
179
-20
-54
139
-132
15
115
-186
76
110
-174
-39
183
-268
16
204
-345
126
99
-318
155
-4
-201
56
49
-163
1
91
-177
-21
89
-141
51
80
-53
-9
124
-94
-92
247
-135
-111
317
-90
-194
256
-4
-255
321
33
-311
397
-65
-219
304
-10
-111
293
66
-128
213
73
-109
304
57
-100
316
0
-106
292
-90
41
233
-146
154
51
-178
41
82
-209
70
172
-339
59
156
-481
91
154
-452
229
59
-394
123
55
-385
80
155
-401
126
162
-354
114
72
-342
129
-1
-146
58
6
-104
-73
-3
-175
-3
-6
-105
-30
-46
-66
-85
-51
-81
-96
28
-129
-44
89
-156
-8
21
-132
27
65
-17
68
122
26
19
129
-13
71
170
-12
91
127
6
41
96
44
-42
76
77
-89
79
101
-83
47
195
-194
107
149
-132
60
157
-109
-9
249
-127
-60
321
-103
-51
232
-81
-65
173
-2
-128
262
-62
-87
259
-122
-41
208
-127
-33
156
-144
35
96
-133
96
46
-144
182
-56
-214
286
-190
-68
301
-210
22
260
-237
33
219
-287
168
142
-220
102
41
-187
35
78
-231
84
-26
-218
26
-101
-211
-20
-63
-61
-58
-65
-24
-152
18
-23
-149
65
52
-107
38
-42
-97
2
13
-23
-6
137
-89
-35
76
-16
-80
53
83
-112
115
-18
-182
206
-37
-175
217
29
-205
203
-62
-101
124
-36
-15
-8
48
96
-72
30
200
-114
-32
171
-6
-93
270
-131
-35
347
-188
-27
270
-176
40
79
-201
131
-17
-129
123
3
-168
125
-93
-98
126
-79
15
66
-4
0
78
-121
71
95
-106
95
129
-248
176
48
-213
100
19
-69
-38
121
-41
-116
62
17
-204
19
61
-122
-136
125
-227
-92
73
-120
-49
63
-89
-50
93
-48
39
64
36
-56
155
89
-34
187
80
-53
240
-9
76
155
37
52
3
165
27
30
28
20
7
-35
64
57
-54
-2
92
-115
8
69
-170
89
120
-132
50
56
-146
77
17
-145
95
51
-198
82
15
-282
123
-23
-262
262
-111
-246
221
-142
-175
199
-168
-173
194
-104
-179
107
-53
-106
21
-58
-143
156
-10
-50
46
-46
-29
-21
-47
25
-63
31
4
-17
81
-102
4
-1
-3
-61
21
36
-39
-99
143
-170
-49
109
-142
-101
72
-41
-112
180
-67
-117
218
-168
-39
181
-57
32
95
78
10
81
99
-57
200
105
-70
302
-13
18
141
24
75
29
119
3
25
110
-90
67
121
-115
112
47
-66
64
52
-75
-15
112
-134
94
5
-47
77
-32
-52
44
-1
-59
-42
63
-80
-48
92
-170
77
-41
-69
-6
-115
-36
36
-166
55
-40
-142
97
-124
-117
87
-135
-122
118
-193
16
-31
-137
91
-84
-89
-2
61
-177
-44
10
-124
4
-45
-63
-46
-30
-89
16
-68
-62
-12
-37
-27
29
-18
110
-26
74
107
-50
109
35
70
112
146
132
68
142
114
120
113
83
194
43
193
123
18
127
105
5
127
38
26
30
114
-28
-72
128
-154
120
-3
-39
-26
63
-79
-101
28
-98
-27
-15
-30
-4
-84
-21
-2
-147
-37
-43
-106
-41
-12
-112
-138
85
-164
-105
-1
-131
-25
-8
-99
-81
10
-92
-132
49
-16
-82
152
-82
-81
96
-1
-174
193
13
-82
167
-63
-24
29
-91
28
0
-43
18
9
-91
-21
-20
-178
11
26
-173
-25
2
-183
23
-27
-67
39
34
-39
-47
69
9
-9
115
43
48
53
95
-4
136
120
-33
177
166
-81
159
184
-152
233
119
-121
210
59
-19
87
54
79
-36
72
142
1
-11
140
-49
-61
191
-33
-96
133
-29
-120
138
-121
-52
129
-139
-55
86
-124
-36
40
-40
-46
-36
-6
-2
-105
55
21
-134
69
-52
-103
84
-112
-105
74
-139
-86
58
-66
-83
2
23
-172
3
88
-210
-9
133
-200
-22
94
-183
-25
48
-50
-84
5
-35
-107
-27
30
-69
-30
40
-23
-60
64
-12
-57
178
-10
51
128
14
89
27
42
137
127
-36
182
109
-1
121
89
24
132
36
-8
171
-28
38
144
-65
21
169
-81
-80
157
-25
-75
115
27
-80
31
4
-53
-7
70
-120
-25
123
-165
-55
-18
-36
-57
-81
9
-91
-130
7
-130
-94
53
-99
-124
13
-134
-100
43
-81
-130
50
-71
-210
133
-93
-144
120
-111
-110
40
-131
-128
92
-165
-13
62
-205
42
-47
-131
45
-44
-153
51
51
-173
94
129
-218
175
68
-181
163
97
-122
82
150
-49
78
224
0
29
205
80
96
177
96
150
126
112
180
83
122
207
52
106
167
-26
161
82
14
124
91
3
47
110
-56
78
16
-36
152
-50
-58
91
-87
-21
37
-40
-33
38
4
-85
11
-34
-66
-52
-102
61
-96
-102
-24
-164
-96
-131
-82
-104
-125
-44
-112
-165
-67
-82
-168
-67
-29
-186
8
-51
-125
56
-46
-104
60
-67
-94
69
-61
-14
3
-42
11
-5
-55
14
-11
-59
9
-21
-77
-14
-7
-59
30
45
-52
63
2
58
-16
1
100
13
24
103
44
49
94
51
48
59
133
88
71
109
105
2
45
78
60
31
97
71
-50
110
8
-86
96
73
-64
75
59
-96
30
-13
-45
-17
12
17
-29
17
-13
8
-75
6
45
-110
74
34
-76
15
-21
-68
4
-29
-106
44
-39
-58
47
-92
-136
40
-64
-125
59
-22
-53
-21
-80
-35
-5
-48
-35
10
-8
14
-41
7
29
-47
-21
75
-21
34
13
-14
18
-5
-12
-88
20
50
-11
-60
75
48
-130
53
26
-61
102
8
-40
101
42
-60
8
131
-36
47
140
11
6
136
74
-66
147
66
-12
96
50
-4
17
33
-20
77
-16
-25
65
12
-2
-6
69
28
-17
64
64
-26
14
46
-51
6
69
-44
7
7
-51
2
-50
-59
-24
-75
-45
-96
-19
-56
-84
-96
-16
-54
-146
13
-32
-125
3
-21
-121
7
-89
-80
-36
-31
-50
-22
-27
-44
-50
-21
-65
-32
-5
-26
-41
-48
-9
-86
-8
-1
-29
-32
14
-15
-39
-52
-3
44
-23
46
35
12
67
52
-25
77
107
20
99
103
32
122
99
8
132
120
0
82
130
-14
41
95
-11
49
70
18
47
56
24
15
22
20
29
11
77
65
29
10
3
37
-9
-3
31
10
11
26
-32
-26
15
-7
-76
-31
28
-42
-29
-14
-35
-54
-36
-78
-30
-29
-69
-24
-24
-65
17
-9
-80
19
-32
-67
-31
-14
-42
-30
-3
-27
-24
-30
-72
-37
-5
-30
-26
-15
5
-50
-31
6
-35
22
30
-44
13
43
-68
5
31
-16
13
46
26
-10
29
1
-64
7
40
-25
63
50
18
28
37
15
4
61
45
30
71
77
22
21
64
35
-32
69
38
-44
67
9
-15
36
0
-23
15
-12
-25
5
-84
-50
-34
-49
-69
-16
-60
-84
-3
-85
-41
-15
-55
-63
6
-27
-36
8
-5
-28
-24
17
-43
20
12
-1
31
17
-5
-1
28
-24
27
24
-1
29
44
-17
18
28
10
-21
18
56
-4
38
48
10
1
65
11
18
109
27
21
81
0
-17
25
-21
-15
-8
-37
-6
-7
-49
-17
-54
-33
-19
-37
3
10
-3
-26
5
2
-47
-12
29
-33
39
67
-2
54
44
-42
20
52
-15
44
69
-15
24
36
-37
-9
15
-25
-16
23
-17
-55
-30
-25
-75
-12
45
-23
-19
54
-23
-63
15
-27
-53
23
0
-48
6
-22
-66
-37
-8
-49
-30
-10
-36
-32
-42
-30
-11
-16
-20
-2
-32
-7
45
-8
-3
42
21
-24
44
20
-2
50
33
40
40
41
25
23
32
8
43
50
23
42
27
-20
14
8
-17
28
35
13
-16
24
-3
-46
30
14
-5
34
18
-1
49
32
-13
18
33
0
10
34
12
-11
-2
9
3
25
7
20
14
10
-10
-15
13
-12
23
26
16
4
-5
-10
-56
-12
-12
-28
6
7
17
4
-18
-22
10
-53
-34
-13
-38
-14
-26
-20
-37
-29
-61
-51
-45
-59
-43
-44
-59
-22
-34
-57
9
-32
-49
0
-43
-45
5
-29
-12
2
-13
-15
-3
-4
11
26
14
9
28
-6
3
35
0
18
27
9
7
-7
-9
30
5
18
60
13
24
36
15
33
50
28
64
54
42
43
27
52
12
16
38
12
33
37
14
36
26
-12
8
9
-14
1
19
-10
1
7
-15
-19
0
0
-5
18
12
2
-5
5
-6
-15
-2
-6
-15
11
14
-41
-39
1
-39
-19
-7
-20
-39
-19
-31
-81
-1
-12
-71
-19
-17
-62
0
-7
-33
12
-11
-41
13
13
-41
-2
16
-29
7
-3
-26
20
3
10
25
-11
-15
5
-40
2
27
-5
34
21
23
38
5
12
10
10
33
21
23
48
11
11
26
-2
18
20
17
32
22
17
17
7
-21
5
2
-14
6
5
-17
-5
-6
-36
-13
-11
-12
-19
-23
-12
-31
-14
-38
-14
-6
-35
24
-7
-33
-7
-9
-27
10
-4
-16
18
5
-10
0
0
4
16
14
24
23
21
-8
-2
-15
5
-18
-5
-5
-3
-9
-15
28
6
4
11
16
-1
6
18
16
10
-12
3
6
-20
3
-13
-25
-35
-12
-5
-33
-12
-4
-16
-22
9
6
-14
-1
18
-2
8
42
-8
15
30
11
19
24
6
-5
18
8
-2
-5
10
-2
0
28
-3
25
6
25
41
22
41
28
20
28
29
0
30
45
8
26
39
-14
24
5
-34
30
20
-17
15
-3
-58
-28
-7
-43
-17
-1
-35
-21
-38
-23
-29
-39
-11
3
-32
-2
4
-39
19
-4
-53
29
-2
-31
13
-6
-11
-4
-12
-18
-36
-7
-25
-37
6
-18
-34
7
-17
-17
15
-16
-1
9
6
22
32
9
14
31
7
6
8
2
-4
16
6
-24
-2
2
-19
-6
-9
-10
-4
-8
-16
-26
-5
-2
-10
5
8
-4
-18
11
4
15
22
28
38
23
10
19
24
14
32
31
15
41
40
9
21
44
12
22
37
12
33
17
0
27
22
-7
22
20
-17
12
-1
-11
13
-7
-10
3
-23
-17
-6
-42
-19
-18
-45
-22
-33
-39
-40
-31
-48
-57
-40
-42
-54
-28
-24
-40
-9
-19
-25
-20
-27
-26
-12
-25
0
5
-13
-3
3
-18
-1
-9
-20
12
-24
-29
2
-25
0
9
-24
15
8
-16
28
19
-2
38
25
25
53
23
29
49
24
13
65
32
30
68
40
36
71
42
25
87
42
34
70
41
23
48
28
23
23
11
16
-3
12
31
0
-25
19
-9
-25
2
-20
-30
4
-5
-31
-12
-18
-33
-10
-6
-28
-35
-34
-62
-31
-33
-59
-23
-33
-44
-70
-57
-36
-58
-37
-30
-30
-38
-21
-30
-51
-20
-25
-41
-6
-15
-29
8
-9
1
10
-10
2
9
12
18
4
2
14
-2
15
34
15
33
23
22
24
8
39
20
30
33
8
18
14
-14
9
7
-9
43
23
11
38
42
2
24
37
-7
28
23
2
30
19
-2
20
7
2
12
-14
5
3
-10
-9
-5
-8
-6
5
-16
-20
1
-10
-6
-20
-4
-8
-20
7
-21
-11
6
-12
-12
16
-10
-8
16
-2
3
22
-1
-9
17
-18
-18
12
-7
14
20
2
19
12
-15
-7
-12
-26
9
-11
-34
1
-23
-17
1
-13
-13
5
3
-8
5
-13
-2
-4
-6
-10
-14
7
-14
-10
-1
-3
-13
-4
-4
-17
-11
14
-9
-2
32
-5
17
20
-13
18
20
-9
19
20
3
41
16
12
38
14
19
40
12
18
19
1
23
3
-2
22
0
-28
21
-1
-23
17
1
-35
3
-2
-32
-14
-14
-36
-25
-24
-37
-17
-30
-18
-29
-22
-18
-29
-2
-15
-17
7
2
0
8
6
2
12
-4
-13
16
-7
-14
17
-5
-21
14
-10
-14
19
-6
-10
10
-6
-21
-12
-17
-27
2
7
-17
-1
1
-28
-12
-19
-17
-9
-5
-2
-15
-5
-11
-15
-1
-2
0
16
17
7
-1
5
-3
11
27
12
23
35
28
34
36
39
42
47
48
56
43
47
48
37
41
47
31
38
61
21
51
50
16
37
21
-1
17
7
-12
-6
-13
-20
-14
-24
-27
-10
-30
-48
-28
-36
-42
-14
-44
-42
-24
-38
-36
-37
-25
-28
-24
-24
-19
-27
-30
-19
-31
-10
-19
-17
-5
-31
-18
-17
-27
-21
-22
-13
-17
-19
-15
-19
-22
-2
-8
-9
13
-5
-2
-2
-5
7
10
7
-2
-5
13
1
4
13
7
8
5
17
10
16
12
4
30
22
11
30
13
15
27
11
27
40
13
17
25
6
13
11
3
20
15
0
17
15
-8
14
1
-3
23
3
7
23
-4
-3
13
-10
4
8
-6
-9
-3
-25
-14
-12
-19
6
-13
-18
-1
-11
-9
-5
-5
-20
-20
-15
-26
-18
-17
-11
-8
7
-12
-3
-2
-20
-10
-9
3
-1
0
17
12
7
10
8
2
14
12
5
8
-1
-2
7
0
5
10
-3
11
11
-4
4
12
1
-3
11
3
0
15
3
6
-3
7
5
-4
5
-1
2
3
11
10
17
10
23
10
7
17
6
10
22
8
13
21
12
5
8
5
0
-11
-10
-3
-20
-10
-4
-2
5
-1
-8
-4
-7
-10
-6
-5
-7
-1
-11
-14
-3
-2
-16
-2
-10
-13
-5
-18
-13
-12
-18
-9
-12
-25
-6
-17
-17
-13
-22
-7
-12
-8
2
-4
5
3
2
0
-4
-1
-2
-3
6
6
-10
4
-6
-22
-3
-8
-7
-13
-8
-9
-17
-15
-12
-13
-17
2
-4
-11
5
-13
-8
0
-11
-12
-1
-3
-1
5
9
8
1
-1
-7
-6
-3
0
2
15
14
12
20
-2
1
17
1
11
25
17
25
29
18
29
28
20
22
12
12
17
9
17
22
22
21
18
24
15
16
20
15
14
11
25
11
12
10
4
8
-1
6
4
3
5
3
-2
-7
1
-3
-6
2
-6
-8
-6
-5
-13
-12
-12
-20
-22
-19
-23
-29
-24
-29
-29
-24
-31
-24
-16
-27
-17
-11
-12
-8
-10
-12
-16
-5
-7
-7
6
0
-15
-1
-7
-16
-8
-2
-7
4
7
3
14
11
7
11
11
10
12
7
8
3
0
9
4
10
21
6
10
13
2
5
11
8
12
8
10
7
0
-1
1
-12
-4
3
-10
0
6
-7
-2
-2
-9
-5
-2
-3
-5
2
3
-3
15
4
-4
9
2
-8
1
0
-12
-2
3
-2
4
9
-5
-2
4
-2
-1
3
-3
2
2
-5
3
-1
-5
6
-7
-2
6
1
3
2
0
0
-7
-9
-6
-16
-17
-7
-10
-7
0
-7
-5
-2
-9
-9
0
-3
0
10
6
8
16
13
10
6
2
11
5
0
10
9
6
16
13
8
15
13
4
7
5
15
11
-1
13
3
2
6
-3
-2
1
-3
-1
7
-1
-1
-5
-11
-5
-4
-14
-9
-8
-15
-8
-17
-8
-3
-18
-4
-5
-13
-2
-12
-11
-5
-11
-7
-3
-1
-5
-1
-3
5
7
0
8
17
9
10
15
6
7
5
1
3
3
-1
-5
-7
0
-9
-7
-1
-4
-4
-1
0
-4
-5
-1
-2
-7
-4
-7
-7
-7
-13
-11
-14
-10
-6
-11
-10
-7
-8
-8
1
0
3
4
0
3
7
6
4
10
8
7
9
7
13
14
9
12
18
15
13
18
9
10
8
11
9
6
13
6
7
7
4
0
-4
-5
-9
-10
-10
-13
-12
-10
-10
-7
-9
-11
-6
-6
-10
-5
-6
-10
-5
-6
-7
-3
-3
-4
-5
-4
-6
-6
-3
-5
1
-1
-8
1
3
-2
-4
-8
-3
-3
3
10
15
13
17
10
4
4
0
2
-1
-4
-4
-5
-9
-9
-5
-4
-1
1
2
2
3
5
4
1
4
5
0
1
-2
3
6
3
4
6
2
4
3
6
9
14
16
14
9
13
12
10
11
13
14
7
14
9
5
5
3
1
-3
1
-2
-5
-8
-8
-10
-9
-12
-10
-8
-7
-8
-10
-10
-8
-8
-9
-12
-7
-11
-14
-7
-13
-12
-9
-10
-9
-6
-4
-4
-3
-2
0
2
-4
-1
2
-1
-2
3
2
-3
4
5
-1
5
8
3
8
14
10
14
11
11
10
5
5
9
2
3
7
-4
0
5
-3
-3
-7
-6
-5
-8
-1
-4
-6
-5
-1
-7
-5
-1
-6
1
3
3
2
4
6
6
6
7
5
1
8
9
1
7
7
3
-2
0
-5
-1
0
-2
-1
0
-6
-4
-7
-8
-5
-3
1
-3
-4
1
2
-4
-6
-3
-4
-2
-3
-4
1
-2
1
1
0
2
2
0
3
3
-2
-1
0
-1
0
1
3
3
1
3
-2
-1
0
1
0
0
6
4
4
5
3
-2
-1
-3
1
2
-3
2
-2
-6
-3
-5
-7
-6
-8
-9
-9
-5
-4
-3
1
0
-1
-2
-3
-4
-2
-3
-2
1
3
-4
3
5
-5
3
-1
-4
-2
-3
-4
2
-3
1
5
1
4
3
1
0
2
-2
-1
2
-1
2
3
-1
2
6
2
3
2
2
5
3
7
7
2
3
2
-2
-2
4
2
1
6
5
-1
4
2
-2
1
0
0
3
3
3
3
1
5
2
-1
7
4
0
8
0
-1
2
-6
-1
1
-5
-1
-6
-9
-6
-7
-8
-7
-7
-10
-6
-6
-8
-4
-1
-3
-1
4
4
7
7
6
7
0
-1
1
-1
0
6
2
4
6
-1
1
-1
2
0
-1
1
1
2
0
2
4
1
5
3
4
7
0
3
7
-2
3
5
2
4
0
-1
1
2
3
4
0
3
0
-5
-3
-5
-11
-6
-5
-13
-8
-10
-10
-5
-5
-4
1
1
-3
1
0
0
4
1
3
3
0
3
3
3
6
5
4
6
2
2
4
2
4
4
0
2
4
2
-1
1
4
-1
-1
-5
-6
-5
-6
-5
-4
-6
-7
-3
-5
-5
-5
-5
-3
-1
-4
-2
-2
-5
0
0
-2
0
2
2
4
6
8
4
4
4
5
2
6
7
6
9
7
4
3
2
4
3
1
2
0
-2
-2
-4
-8
-4
-3
-8
-6
-6
-6
-4
-6
-4
-3
-4
-5
-5
-5
-8
-5
-5
-6
-2
-3
-2
0
0
0
2
-1
2
1
-3
-2
-3
-3
-2
-2
-2
-2
-2
-2
-7
-5
-4
-3
-1
-1
2
2
7
3
2
6
4
1
3
2
-2
2
-1
-1
1
-2
-1
0
-1
-1
-1
2
4
0
7
6
0
5
2
1
5
0
1
2
2
4
5
2
5
6
2
3
3
4
2
3
3
3
7
5
5
7
5
4
4
1
1
0
0
0
2
0
1
0
1
0
4
2
3
2
0
-2
-2
-3
0
-3
-5
-1
-6
-3
-3
-2
-2
-1
-8
-7
-5
-11
-3
-5
-5
0
-2
-2
-2
-2
-2
1
1
0
0
5
1
3
5
3
4
1
0
-2
-1
-5
-4
