2
1
0
2
1
2
0
1
2
-1
1
1
-1
0
0
0
0
-1
0
0
0
1
1
1
0
-1
1
1
-1
0
0
-1
0
-1
0
1
-1
-1
-1
-1
-2
-2
-2
-3
-1
-1
-2
-1
-3
-1
-2
-3
-3
-1
-2
-1
-1
0
1
-1
1
0
1
1
1
0
0
1
0
1
2
1
2
2
1
1
1
1
1
1
1
2
1
1
1
0
2
1
2
1
0
2
2
1
2
1
2
2
2
2
3
2
2
2
1
2
2
1
1
1
1
1
0
1
1
1
1
0
0
-1
0
0
0
-1
-1
0
-1
0
0
1
0
1
0
1
1
0
0
0
0
-1
-1
-1
-2
-2
-2
-2
-3
-2
-1
-1
-3
-2
-2
-3
-2
-1
-2
-1
-2
-1
-1
0
0
0
-1
0
0
-1
1
1
-1
-1
1
-1
-1
-1
-1
-1
0
-1
-1
0
-1
-1
0
-1
-1
-1
0
-2
-1
-1
-2
-1
-1
-1
0
-1
0
0
0
0
0
0
1
-1
0
2
0
0
1
1
1
0
1
1
1
1
3
0
1
2
2
0
1
2
1
1
2
0
0
0
-1
1
1
1
2
1
2
1
0
2
1
2
0
1
2
0
1
1
0
1
-1
1
0
-1
1
0
0
-1
0
0
-3
-1
-1
-2
-1
-1
-2
-2
-1
-1
-2
-1
-1
-2
-1
0
0
0
-1
-1
-1
1
0
0
1
0
-1
0
-1
-1
0
-2
0
2
0
-1
1
1
-1
1
3
1
0
1
2
1
0
1
-1
0
1
0
0
1
0
-1
0
1
0
0
1
1
-1
0
0
0
-1
0
0
-1
0
-1
-1
1
-1
-2
0
-1
-2
0
0
0
-1
-1
-2
-2
-1
-1
-2
-1
-3
-1
-1
-4
-2
-2
-3
-4
-2
-2
-4
-1
-2
-3
-3
-3
-2
-1
-2
-1
-1
-3
-2
0
-2
0
0
-1
0
1
-1
1
2
0
1
1
1
0
2
1
2
2
2
2
3
3
2
1
3
3
1
3
2
1
2
1
2
0
2
3
2
2
2
2
2
2
2
1
2
2
1
3
2
0
2
1
1
1
2
1
1
2
2
0
2
1
0
1
0
1
2
0
2
2
0
0
0
-2
-1
1
0
-2
-1
0
0
0
-1
0
0
0
-1
0
0
-2
-1
1
1
-3
1
1
0
0
0
-2
-1
-1
-2
-1
-1
-2
-1
-1
-1
-1
-2
-2
-2
-1
-1
-3
0
-2
-2
-2
-2
-2
-2
-2
-1
-2
-2
-2
-2
-1
-3
-2
-1
-2
-2
-2
-2
-1
-1
-2
-2
-2
-1
-1
-3
-2
-2
-2
-2
-2
-2
-3
-2
-3
-2
-1
-2
-2
-1
-1
-1
0
0
1
0
0
1
1
0
2
2
0
3
-1
1
1
1
-1
1
3
1
2
3
1
3
3
2
3
3
2
3
4
2
4
4
2
3
5
3
3
2
3
2
3
3
4
3
5
3
3
4
2
4
3
3
2
2
3
2
0
1
1
0
0
2
0
0
1
0
-1
0
0
-1
0
0
0
-1
0
0
-1
-1
-1
-1
1
0
-1
0
0
-1
0
-1
0
0
-1
-1
-1
-2
-2
-1
-2
-3
-3
-2
-1
-4
-2
-1
-4
-2
-4
-4
-5
-4
-5
-5
-3
-5
-4
-4
-4
-6
-5
-4
-4
-5
-3
-3
-5
-3
-3
-3
-4
-3
-3
-3
-3
-2
-2
-1
-1
-2
1
0
0
-1
1
-1
-1
0
0
0
1
1
-1
1
1
2
2
3
3
2
2
2
2
2
3
3
4
2
3
4
3
2
4
3
4
3
3
5
3
2
4
3
3
4
4
4
3
4
4
2
4
4
3
2
4
1
1
2
1
3
2
2
1
1
1
1
1
1
0
0
3
0
2
2
1
0
2
2
0
2
1
0
0
0
0
-1
0
2
0
-1
-1
0
-1
-2
0
-1
-2
-2
-1
-1
-3
-2
-1
0
-2
-2
-1
-2
-3
-2
0
-3
-2
1
0
-1
-1
-1
-1
-2
-2
-1
-1
-2
-1
-2
-1
0
-1
-2
-2
0
-1
0
-2
-1
-2
-2
-1
-1
-3
-2
-1
-1
-3
-1
-1
-2
-2
-1
-2
-1
-2
-2
-1
-2
-3
-1
-1
-3
-3
-2
-2
-2
-2
-1
0
-2
-1
-1
-4
-2
0
-2
-1
0
-1
-2
-1
-1
-2
-1
-2
-1
-1
0
0
1
-1
0
1
0
0
1
2
1
2
2
2
2
0
3
2
3
3
3
3
2
3
3
3
2
2
3
2
3
3
3
3
3
4
2
2
2
0
2
2
1
1
1
1
0
1
2
1
1
0
3
1
1
1
1
0
2
1
2
1
0
0
1
1
0
0
0
0
-1
0
-1
-2
0
-1
-1
0
0
1
-1
0
0
-1
-2
0
-1
-2
0
0
0
0
0
-1
0
-1
0
2
-1
-2
-1
0
-1
0
0
0
0
-2
-2
-1
-3
-2
0
-2
-1
-1
-1
-1
-1
-1
-1
0
0
-1
-1
0
0
0
-1
0
0
0
0
0
0
0
0
0
-1
0
-1
-1
-2
-1
-1
-1
-1
0
-1
-1
0
-3
-1
-1
-1
1
-1
0
1
-1
-1
0
-1
-1
-1
-1
-1
-1
0
0
-1
0
-1
0
-2
-1
0
0
0
1
1
1
1
1
0
2
1
1
1
-1
0
0
1
1
1
1
1
1
-1
1
1
-1
0
0
1
2
0
2
2
2
1
2
3
1
2
2
2
2
1
2
2
1
1
1
1
-1
1
-1
-1
1
0
-1
-1
-1
-1
-1
0
1
2
0
1
0
0
0
-1
0
0
0
-1
1
0
-1
0
-1
-1
-1
-2
-1
-1
-3
-1
0
-2
-2
-1
-1
-1
-1
-1
-1
0
1
-1
-1
-1
0
-2
-2
0
-1
0
0
-1
-1
-1
0
0
0
0
-1
-1
-1
0
0
0
1
1
1
0
1
0
-1
0
-1
-2
-1
-3
-3
-2
-3
0
-1
-1
1
1
0
2
0
2
3
2
2
2
3
4
2
3
4
2
1
3
2
2
1
0
1
0
1
1
1
0
2
2
0
2
2
1
3
3
1
2
2
1
1
2
2
1
2
2
2
1
0
0
-1
-2
-1
-1
-1
0
-2
-2
-1
-2
-4
-2
-1
-3
-2
-2
0
-1
-1
-1
-1
-2
-1
-1
0
-2
-2
-3
-3
-3
-3
-3
-3
-3
-3
-3
-3
-3
-3
-3
-3
-2
-3
-2
-2
-1
-2
-2
-1
-2
-1
-1
-1
-1
-1
0
1
1
0
1
1
-1
0
-1
0
-2
0
0
0
0
0
1
1
2
1
3
3
4
3
3
3
4
3
3
4
3
3
3
2
2
2
3
4
2
3
2
3
3
1
2
3
2
1
2
2
1
1
3
2
3
2
1
2
1
-1
0
-1
-2
-2
-2
-3
-2
-4
-4
-3
-3
-4
-2
-3
-3
-3
-2
-2
-1
-1
0
0
1
1
0
0
0
-1
-1
-1
-2
-1
0
-1
-2
-2
-1
-2
-1
-1
-1
0
-1
1
1
2
0
1
2
2
2
1
0
0
0
-1
-1
0
0
-1
-2
-3
-2
-2
-2
-2
-1
-1
0
0
0
1
1
2
1
1
2
0
2
0
0
0
-1
-1
0
0
0
1
1
3
2
2
3
3
2
2
4
2
2
3
3
3
2
2
2
2
2
1
1
1
1
1
2
2
2
2
3
1
0
0
0
-1
0
-1
-1
-2
-2
-2
-1
-2
-3
-3
-4
-3
-5
-3
-3
-1
-1
0
2
1
0
1
1
-1
-2
-2
-3
-3
-3
-4
-5
-3
-3
-1
-1
0
1
2
3
4
5
4
3
2
2
1
0
1
3
1
0
2
2
2
2
2
3
4
1
3
1
1
2
3
2
1
1
0
-1
-3
-1
-2
-3
-2
-2
-2
-3
-2
-1
-2
-2
0
-1
0
0
0
-2
-4
-5
-5
-7
-6
-5
-3
-3
-1
0
2
1
2
1
2
1
-2
-3
-2
-3
-5
-4
-4
-5
-6
-5
-5
-7
-6
-5
-6
-7
-7
-6
-4
-3
-1
-1
0
0
1
2
1
2
3
1
1
3
2
1
2
2
2
1
3
5
3
4
6
6
6
9
10
11
11
10
10
9
7
7
7
5
5
6
5
5
6
6
6
6
8
6
5
6
6
6
7
7
6
7
6
8
6
3
3
0
-3
-3
-4
-6
-5
-7
-5
-4
-6
-5
-4
-3
-5
-2
-1
-1
-2
1
1
-1
-1
-4
-5
-7
-10
-11
-10
-12
-14
-17
-23
-30
-35
-39
-40
-41
-36
-29
-22
-12
-2
7
14
24
30
34
41
43
44
45
43
39
38
31
22
14
5
-6
-16
-28
-39
-46
-50
-51
-50
-38
-32
-20
-8
7
18
28
39
45
50
51
52
48
42
32
26
13
0
-9
-21
-31
-38
-40
-38
-35
-28
-20
-11
-3
5
10
14
18
17
16
9
3
-1
-7
-13
-17
-21
-22
-20
-18
-16
-10
-3
1
10
18
25
26
20
10
-13
-44
-73
-97
-113
-118
-111
-93
-73
-47
-17
10
35
57
79
97
107
118
125
131
133
130
127
114
92
64
28
-12
-60
-107
-148
-183
-205
-203
-190
-160
-108
-53
10
72
129
173
205
230
235
229
214
187
150
105
60
10
-37
-82
-123
-151
-168
-176
-168
-142
-111
-75
-32
10
44
73
93
105
96
85
71
47
15
-5
-23
-43
-60
-76
-83
-99
-102
-99
-93
-79
-62
-39
-11
15
42
64
74
84
75
58
32
6
-23
-53
-78
-98
-112
-126
-126
-136
-165
-212
-247
-243
-193
-122
-44
28
81
123
161
192
202
211
210
194
165
148
149
148
145
140
132
103
64
16
-40
-97
-154
-213
-269
-298
-294
-260
-203
-126
-36
60
153
229
299
344
359
343
319
305
262
209
155
89
13
-66
-130
-186
-240
-265
-277
-264
-229
-161
-85
-20
46
103
145
164
169
158
118
71
35
3
-26
-56
-74
-89
-110
-134
-150
-156
-170
-161
-132
-106
-63
-11
40
86
121
147
135
99
52
-20
-93
-158
-214
-256
-279
-270
-235
-176
-109
-36
33
94
137
163
162
149
131
84
26
-51
-159
-311
-445
-456
-360
-231
-151
-81
-11
64
137
218
299
347
416
489
515
522
542
545
481
360
241
100
-89
-274
-415
-517
-598
-634
-612
-530
-386
-205
-27
150
318
463
584
683
759
770
750
673
521
326
193
68
-126
-310
-408
-465
-573
-589
-521
-437
-371
-224
-5
170
303
456
540
479
432
404
305
148
19
-44
-150
-269
-314
-329
-382
-417
-405
-406
-402
-350
-242
-154
-48
112
238
298
331
363
339
242
103
-11
-152
-314
-416
-468
-543
-586
-561
-515
-467
-351
-217
-115
-3
118
210
275
344
346
286
164
5
-161
-341
-481
-606
-829
-984
-846
-570
-262
-34
164
363
489
585
655
688
682
708
727
638
526
490
409
246
74
-56
-251
-508
-664
-702
-693
-688
-581
-439
-265
-14
235
405
529
646
718
729
703
698
643
493
312
231
164
17
-140
-241
-322
-437
-491
-456
-396
-332
-170
28
205
394
616
723
666
571
494
374
173
37
-53
-201
-327
-354
-346
-320
-313
-310
-315
-280
-222
-178
-98
-26
76
186
257
314
356
327
248
148
39
-83
-210
-285
-351
-457
-516
-518
-531
-505
-422
-280
-200
-106
30
115
201
278
318
340
264
131
3
-143
-308
-454
-590
-773
-952
-924
-632
-300
-56
93
209
261
322
406
462
500
589
708
730
703
711
680
540
339
141
-115
-392
-630
-769
-807
-809
-735
-640
-523
-322
-126
16
142
269
371
445
587
716
811
823
801
663
389
185
142
-16
-299
-431
-427
-469
-511
-391
-244
-181
-56
166
244
280
407
487
356
269
339
344
217
117
111
-1
-174
-216
-256
-392
-449
-366
-354
-353
-193
-2
53
116
303
399
352
315
297
207
102
61
-8
-90
-177
-253
-374
-485
-497
-494
-506
-470
-368
-249
-153
-21
125
200
264
334
344
304
221
137
3
-229
-414
-576
-788
-1024
-1044
-787
-444
-139
18
123
230
335
415
486
528
621
718
737
712
706
681
522
284
51
-151
-412
-618
-729
-780
-756
-713
-625
-514
-366
-182
-50
52
196
367
560
714
845
924
846
671
556
450
286
88
-53
-251
-452
-445
-371
-322
-234
-89
9
20
96
235
322
357
385
408
389
358
340
299
131
-31
-129
-241
-338
-360
-309
-300
-283
-157
-78
-67
-8
39
70
122
144
147
92
74
62
47
-10
-70
-137
-246
-340
-433
-485
-521
-499
-423
-365
-285
-162
-51
20
102
211
233
235
248
262
233
128
7
-138
-348
-529
-674
-839
-994
-936
-616
-225
54
196
229
238
301
336
350
414
511
641
713
672
635
533
324
64
-204
-403
-593
-720
-755
-692
-555
-411
-322
-232
-135
-23
65
155
283
413
582
759
832
816
784
636
400
221
174
46
-125
-248
-274
-268
-217
-200
-119
-44
30
155
231
290
416
504
425
339
336
343
278
181
70
-41
-120
-140
-151
-182
-175
-169
-213
-259
-229
-156
-105
-84
-27
42
81
145
178
188
181
162
78
-10
-88
-170
-239
-373
-448
-411
-413
-386
-322
-256
-186
-129
-84
-14
36
86
111
97
75
32
-15
-110
-266
-413
-534
-704
-930
-907
-606
-235
2
66
24
9
67
177
253
336
544
749
801
742
620
446
263
45
-171
-328
-433
-446
-482
-498
-407
-351
-397
-501
-500
-397
-299
-145
39
286
544
740
844
821
710
578
534
470
358
293
280
116
-76
-115
-118
-202
-270
-259
-197
-129
11
178
239
250
242
207
164
182
250
327
314
271
290
269
211
126
-2
-141
-220
-262
-315
-313
-255
-212
-203
-170
-117
-99
-30
76
144
183
237
275
246
148
-1
-193
-336
-434
-461
-438
-456
-446
-425
-434
-453
-343
-225
-190
-133
-14
127
230
276
285
249
127
10
-126
-400
-689
-721
-511
-279
-146
-176
-276
-309
-246
-120
42
239
530
818
933
823
675
631
580
464
314
165
12
-114
-266
-430
-538
-609
-713
-819
-822
-686
-453
-210
51
292
497
689
832
860
865
929
906
734
673
712
546
343
149
-129
-397
-527
-544
-595
-621
-463
-327
-257
-162
-3
132
155
232
372
503
534
526
519
405
255
155
-29
-243
-344
-379
-449
-528
-560
-541
-513
-445
-344
-274
-174
-9
144
245
306
355
346
226
48
-111
-277
-337
-327
-351
-396
-436
-474
-485
-449
-393
-325
-243
-172
-34
98
211
340
358
212
36
-124
-422
-679
-632
-378
-79
-11
-196
-417
-488
-359
-129
88
353
686
969
1010
852
701
690
723
705
612
461
338
188
-48
-426
-673
-770
-869
-950
-944
-770
-519
-301
-129
21
218
455
619
677
755
856
847
802
848
876
765
571
318
95
-47
-172
-240
-334
-341
-323
-306
-324
-376
-344
-276
-211
-126
39
208
323
309
226
157
116
93
58
-24
-11
60
26
-92
-192
-244
-230
-205
-209
-244
-226
-171
-143
-116
-92
-26
33
43
-10
-92
-173
-201
-207
-228
-205
-175
-138
-150
-206
-230
-208
-151
-115
-47
44
77
53
34
-41
-164
-209
-294
-484
-643
-582
-276
11
59
-69
-193
-208
-125
49
216
394
650
821
755
515
362
414
588
655
570
453
289
81
-127
-319
-463
-495
-507
-548
-588
-554
-480
-407
-359
-283
-145
34
254
408
469
601
734
730
678
734
846
767
603
425
247
107
39
-61
-224
-299
-271
-314
-438
-511
-441
-309
-237
-204
-186
-105
-95
-104
-40
35
169
259
286
257
249
285
198
52
-54
-76
-62
-102
-176
-297
-336
-349
-329
-272
-227
-148
-68
-41
-122
-213
-216
-161
-84
-73
-61
-35
-27
-68
-151
-119
-34
11
-45
-144
-188
-206
-209
-176
-228
-434
-563
-424
-89
124
14
-265
-480
-420
-120
141
329
473
634
710
566
328
326
556
798
881
782
615
447
234
-18
-227
-322
-317
-344
-500
-684
-716
-678
-676
-702
-638
-439
-172
10
91
219
309
367
492
763
980
1081
1144
991
696
532
460
364
298
241
73
-134
-321
-517
-642
-665
-646
-556
-415
-349
-374
-387
-369
-274
-83
108
289
404
465
484
459
446
457
461
406
310
186
17
-124
-260
-360
-377
-373
-369
-350
-329
-363
-377
-375
-373
-327
-261
-196
-130
-81
-80
-79
-52
-31
6
41
16
-94
-188
-232
-206
-157
-69
-69
-284
-542
-595
-336
9
149
-3
-217
-242
-66
77
110
168
363
569
601
397
221
279
455
550
493
416
373
284
95
-100
-212
-208
-170
-195
-303
-403
-462
-521
-582
-618
-502
-288
-110
-99
-141
-51
38
110
289
641
816
862
791
668
580
580
669
635
568
518
423
227
-20
-178
-250
-309
-310
-336
-420
-551
-634
-699
-658
-456
-239
-90
-31
24
76
148
308
451
562
646
669
602
463
396
325
198
47
-70
-123
-193
-257
-338
-460
-499
-500
-500
-500
-471
-410
-380
-318
-249
-186
-199
-221
-226
-184
-124
-17
-12
-209
-457
-445
-111
155
77
-228
-411
-310
-35
192
180
96
187
367
443
311
256
391
552
577
455
335
253
215
94
-43
-118
-111
-65
-202
-404
-495
-508
-494
-453
-363
-285
-202
-161
-235
-248
-156
22
224
332
321
264
253
256
342
562
768
798
700
562
425
371
407
442
444
406
294
161
6
-154
-322
-427
-449
-424
-392
-418
-508
-600
-626
-564
-358
-199
-101
15
147
222
270
394
517
591
630
619
530
393
260
169
50
-22
-60
-99
-248
-468
-663
-750
-758
-674
-531
-466
-428
-406
-399
-417
-385
-234
-115
15
129
50
-83
-168
-204
-247
-104
137
214
39
-176
-210
-115
37
98
69
139
309
495
482
290
213
294
438
499
506
405
248
64
-152
-255
-217
-110
-11
-92
-255
-369
-437
-416
-335
-270
-156
12
78
-1
-97
-4
137
123
150
418
399
142
106
246
392
502
619
455
301
351
429
421
357
295
313
347
324
287
194
58
-137
-256
-292
-283
-334
-411
-495
-566
-506
-392
-316
-283
-207
-76
-20
72
126
216
353
468
538
460
392
298
202
192
197
137
-10
-226
-367
-482
-559
-518
-462
-553
-666
-682
-588
-562
-514
-426
-450
-575
-508
-214
-58
-224
-574
-671
-449
-86
63
-29
-129
-36
223
365
253
155
320
650
889
893
767
678
663
641
565
455
362
281
91
-161
-328
-459
-521
-544
-575
-551
-496
-476
-546
-590
-550
-296
26
144
123
97
119
162
236
368
449
484
535
544
578
668
778
776
757
717
704
703
573
422
271
236
257
226
140
-59
-259
-372
-480
-546
-632
-706
-731
-767
-725
-628
-533
-399
-244
-115
4
110
171
247
316
394
478
528
470
393
379
299
226
204
151
-63
-227
-311
-364
-385
-457
-538
-623
-612
-572
-506
-435
-368
-343
-388
-388
-347
-332
-383
-351
-205
-83
-121
-230
-212
-104
-32
3
1
35
168
275
277
164
106
200
365
472
513
474
394
306
239
271
230
175
148
117
20
-56
-36
-77
-107
-78
-53
-129
-272
-318
-216
-169
-154
-67
-105
-175
-174
-154
-118
-18
87
157
231
299
327
409
523
572
608
613
535
413
358
353
365
384
335
278
214
137
46
-38
-111
-163
-163
-233
-341
-414
-423
-372
-287
-256
-289
-327
-307
-208
-152
-124
-106
-40
-4
69
193
201
194
122
136
171
80
8
-23
-134
-333
-357
-185
-195
-538
-874
-868
-538
-309
-464
-785
-790
-438
-97
-103
-391
-402
-6
509
677
511
466
595
759
863
749
608
586
614
563
388
217
72
31
42
29
-61
-218
-369
-455
-480
-410
-305
-289
-359
-419
-319
-218
-147
-70
16
71
104
109
61
100
239
346
372
359
355
363
398
456
426
348
331
338
362
356
315
203
134
99
-21
-152
-281
-366
-405
-385
-385
-416
-389
-334
-231
-167
-190
-183
-139
-88
5
61
81
63
92
118
110
117
114
89
14
-17
-33
3
52
49
9
-31
-59
-120
-141
-101
-137
-161
-196
-293
-441
-562
-385
-190
-321
-556
-583
-385
-175
-184
-402
-463
-114
263
249
-1
-121
153
572
798
680
513
554
660
755
640
507
436
396
364
208
80
-19
-108
-137
-214
-315
-371
-425
-446
-487
-421
-329
-397
-461
-327
1
-71
-212
-137
-55
48
98
109
33
125
290
304
294
287
268
317
356
358
301
282
294
260
393
403
331
234
115
69
-39
-100
-223
-325
-296
-360
-391
-377
-317
-248
-234
-215
-283
-296
-191
-137
-84
-52
-30
-1
54
128
145
154
179
180
131
52
39
86
122
35
-120
-155
-135
-152
-113
39
4
-331
-666
-675
-340
-125
-253
-521
-482
-195
-55
-142
-318
-271
78
454
438
180
100
307
601
774
723
637
629
667
650
511
444
400
387
314
125
-84
-205
-229
-296
-346
-394
-451
-470
-473
-452
-489
-516
-451
-358
-246
-158
-113
-75
-3
83
230
361
364
307
271
315
385
454
417
332
314
340
315
216
118
32
72
187
126
33
5
-41
-108
-145
-132
-165
-209
-262
-300
-303
-286
-191
-125
-105
-120
-152
-164
-193
-169
-97
-89
-126
-102
-55
0
29
19
31
38
37
-1
-57
-42
-35
-79
-182
-166
-113
-145
-203
-137
-34
-188
-479
-648
-517
-235
-162
-368
-485
-311
-99
-89
-275
-359
-146
197
304
178
19
98
331
504
572
530
525
559
607
578
533
479
492
472
361
253
122
25
-86
-111
-112
-119
-246
-415
-451
-236
-154
-360
-415
-370
-210
-123
-83
-54
59
256
263
261
285
324
408
493
485
401
355
339
321
375
390
264
152
147
114
59
77
50
42
48
-5
-112
-184
-229
-217
-158
-146
-206
-293
-276
-219
-180
-140
-135
-189
-194
-207
-239
-244
-212
-144
-72
-45
-82
-119
-132
-113
-148
-199
-254
-341
-387
-264
-62
-141
-411
-621
-444
-94
-101
-359
-503
-259
-6
-43
-229
-338
-83
398
558
335
105
166
400
544
518
406
377
447
472
329
167
144
244
321
204
17
-63
-85
-55
-39
-29
-31
-84
-139
-243
-271
-242
-185
-137
-131
-159
-179
-109
-33
-84
-144
-30
92
149
178
189
252
320
379
388
399
413
396
372
365
290
194
155
168
123
51
54
57
-25
-116
-179
-191
-103
-74
-58
-95
-161
-237
-279
-278
-215
-142
-131
-115
-123
-90
-71
-85
-106
-101
-64
-73
-76
-51
-36
-39
8
74
115
120
35
-42
-177
-286
-293
-182
-42
-181
-446
-553
-376
-179
-220
-445
-501
-260
-54
-166
-372
-358
-38
266
317
172
105
273
435
514
431
378
406
461
456
376
328
293
271
230
117
9
14
29
27
-60
-144
-100
-94
-174
-201
-110
-144
-157
-120
-183
-201
-116
-27
-13
35
73
4
47
150
181
276
375
357
365
413
382
366
469
480
394
352
279
234
205
140
26
-54
-56
-113
-217
-256
-256
-317
-305
-298
-357
-397
-370
-301
-292
-264
-286
-334
-266
-183
-149
-133
-44
-53
-156
-243
-172
-124
-151
-155
-229
-221
-195
-73
-81
-250
-429
-402
-121
-110
-400
-637
-502
-127
-17
-202
-314
-136
272
351
131
-30
114
452
613
556
413
446
587
635
538
464
469
486
457
301
123
26
-7
59
75
23
-127
-230
-245
-293
-223
-190
-209
-200
-201
-153
-111
-77
-68
-62
59
141
109
74
87
153
178
183
211
223
277
271
211
245
269
226
227
237
242
221
203
150
102
106
47
-4
-15
-46
-64
-87
-95
-100
-164
-203
-196
-92
-57
-116
-193
-212
-131
-103
-135
-179
-199
-149
-117
-167
-236
-240
-215
-105
-81
-138
-208
-281
-238
-213
-220
-260
-173
-37
-135
-372
-426
-244
15
-21
-285
-440
-292
-43
-104
-215
-254
-32
244
239
41
-60
109
354
425
291
228
352
527
549
397
246
254
326
329
227
73
-17
28
75
-30
-145
-170
-162
-209
-308
-272
-196
-194
-196
-200
-179
-90
-14
-21
-46
16
56
89
101
136
215
264
268
219
225
293
363
361
332
279
290
333
321
322
273
240
205
180
161
121
67
16
-48
-118
-152
-149
-142
-203
-226
-231
-238
-211
-183
-184
-134
-121
-156
-190
-179
-108
-81
-97
-102
-123
-146
-191
-294
-303
-240
-152
-44
-107
-351
-527
-446
-201
-136
-303
-422
-332
-101
-31
-201
-384
-246
152
334
154
-96
-68
247
512
471
331
317
474
588
494
342
261
359
480
450
301
154
108
126
140
74
-83
-206
-192
-174
-196
-317
-347
-242
-178
-155
-246
-264
-193
-98
-49
-32
2
-1
57
147
190
170
128
141
229
279
250
233
263
257
229
232
177
146
146
141
119
107
116
84
13
-23
-5
-19
-64
-88
-110
-113
-135
-177
-179
-189
-188
-164
-142
-171
-226
-189
-141
-162
-219
-225
-124
-48
-98
-171
-200
-192
-190
-175
-186
-272
-294
-211
-133
-184
-366
-467
-346
-143
-114
-299
-461
-322
-77
-29
-177
-220
5
276
298
140
28
161
352
438
423
349
367
442
474
453
400
351
368
395
305
155
76
101
185
190
34
-130
-148
-82
-101
-190
-210
-199
-224
-247
-218
-205
-160
-108
-109
-73
-26
14
65
126
189
202
245
295
312
333
359
379
378
414
413
391
390
348
276
238
238
179
103
69
44
21
15
-32
-95
-129
-164
-234
-243
-212
-256
-274
-239
-252
-285
-292
-304
-342
-296
-212
-191
-272
-283
-224
-208
-224
-274
-244
-208
-242
-269
-199
-101
-122
-326
-459
-379
-203
-195
-368
-446
-287
-90
-123
-283
-339
-122
212
294
120
2
146
391
543
510
384
396
497
485
397
303
327
398
371
212
53
21
66
85
45
-33
-93
-105
-61
-38
-61
-77
-55
-75
-125
-146
-182
-134
-52
-64
-113
-106
-65
-57
-56
-27
62
134
121
115
179
274
313
330
305
295
324
329
353
357
345
292
173
118
141
149
108
73
48
-44
-71
-62
-52
-26
-13
-85
-166
-149
-135
-147
-139
-189
-188
-185
-217
-217
-273
-271
-257
-227
-231
-288
-342
-311
-222
-234
-295
-301
-194
-165
-262
-406
-425
-238
-154
-237
-423
-410
-178
-63
-185
-335
-249
33
200
106
-32
47
351
536
538
411
387
543
656
608
485
455
465
402
287
207
141
96
64
10
-78
-172
-228
-216
-165
-214
-281
-278
-175
-131
-187
-194
-192
-104
-20
-53
-101
-103
-45
43
58
26
40
99
159
206
256
208
238
316
398
416
310
298
344
375
322
229
180
204
227
145
15
-41
-51
-26
-31
-91
-137
-157
-156
-118
-95
-120
-166
-172
-140
-128
-186
-162
-138
-169
-175
-174
-221
-226
-179
-207
-291
-347
-339
-321
-278
-240
-208
-236
-318
-372
-354
-247
-136
-191
-325
-337
-215
-88
-82
-156
-89
83
150
116
59
121
300
460
507
442
402
405
475
539
536
497
400
323
274
189
87
68
54
-31
-111
-201
-241
-242
-300
-287
-255
-242
-231
-268
-227
-135
-64
-45
-90
-102
-26
69
83
93
131
138
120
116
125
198
269
295
266
235
228
247
270
313
368
298
224
195
184
208
178
120
74
48
-12
-81
-66
-52
-58
-89
-119
-152
-168
-150
-124
-102
-94
-122
-169
-189
-176
-144
-143
-165
-144
-205
-288
-306
-300
-270
-295
-345
-307
-238
-269
-381
-477
-413
-220
-124
-217
-362
-303
-115
-25
-116
-230
-130
105
231
172
31
109
334
456
371
283
297
430
523
456
389
317
370
419
343
233
165
155
116
22
-69
-165
-176
-176
-209
-252
-300
-296
-286
-264
-249
-264
-256
-186
-116
-99
-61
-42
-22
52
93
136
150
151
175
209
241
252
252
265
291
313
291
279
283
288
243
216
183
192
240
189
138
92
65
55
6
-25
-34
-48
-60
-129
-162
-104
-83
-97
-117
-141
-139
-104
-134
-192
-184
-113
-82
-104
-146
-250
-250
-188
-172
-216
-307
-316
-235
-233
-336
-439
-405
-272
-199
-253
-356
-316
-180
-121
-150
-167
-77
77
150
101
59
110
278
415
450
412
371
385
424
461
419
366
329
335
280
190
154
84
75
37
-49
-118
-162
-200
-238
-268
-292
-269
-242
-262
-315
-287
-238
-194
-140
-147
-137
-75
8
59
83
101
104
147
223
298
287
247
251
256
265
279
277
262
262
252
206
158
116
136
136
89
45
1
-6
-33
-15
-8
-30
-72
-97
-68
-62
-118
-156
-121
-59
-70
-94
-128
-145
-107
-105
-74
-88
-169
-212
-199
-137
-148
-267
-323
-229
-138
-205
-357
-464
-391
-202
-173
-326
-441
-345
-156
-73
-148
-163
-52
92
212
192
156
241
349
422
462
440
440
449
433
461
514
493
378
262
224
212
170
128
49
-28
-79
-118
-152
-226
-290
-282
-261
-286
-337
-382
-388
-291
-217
-257
-285
-262
-172
-97
-73
-40
23
63
85
124
159
191
265
310
320
275
216
223
238
279
295
211
127
116
185
192
140
93
42
56
54
35
27
36
56
19
-31
-53
-92
-55
-41
-86
-124
-143
-171
-179
-179
-164
-142
-145
-131
-127
-176
-206
-227
-197
-109
-128
-222
-272
-241
-148
-185
-309
-375
-315
-217
-177
-226
-261
-211
-149
-111
-97
-59
21
137
190
215
262
310
353
413
442
496
510
470
467
448
412
392
385
300
222
149
83
60
12
-55
-115
-162
-194
-245
-279
-263
-241
-260
-283
-302
-296
-249
-238
-219
-198
-170
-118
-86
-59
-53
6
96
126
136
153
203
254
273
291
287
279
282
296
283
244
182
145
101
83
54
9
11
-15
-42
-57
-55
-100
-85
-26
-27
-53
-56
-62
-66
-68
-57
-69
-104
-127
-158
-177
-169
-175
-182
-161
-169
-200
-228
-253
-233
-201
-182
-194
-176
-171
-201
-238
-282
-256
-209
-189
-194
-171
-214
-242
-228
-145
-29
39
90
113
155
209
270
309
393
482
535
529
480
462
453
468
444
401
334
243
175
94
33
-5
-22
-81
-142
-198
-265
-281
-256
-241
-257
-257
-266
-273
-258
-265
-249
-201
-141
-111
-117
-118
-74
-23
28
84
138
179
181
190
226
277
306
335
333
342
326
262
233
200
180
156
113
70
16
-33
-52
-43
-59
-57
-66
-91
-96
-87
-46
-38
-39
-13
-20
-36
-35
-35
-38
-36
-20
-64
-110
-172
-184
-154
-153
-185
-230
-245
-247
-244
-233
-239
-216
-194
-199
-245
-299
-235
-154
-131
-138
-152
-146
-112
-56
-44
-15
83
156
187
185
207
267
321
377
413
389
372
385
381
356
311
259
227
191
131
67
-16
-41
-44
-104
-179
-232
-227
-212
-211
-248
-244
-233
-206
-180
-183
-176
-127
-51
-65
-74
-61
-29
19
57
83
95
88
94
141
152
172
215
257
252
232
226
221
207
199
200
153
101
73
40
3
-35
-94
-121
-150
-159
-161
-188
-181
-180
-172
-190
-187
-167
-120
-111
-101
-85
-77
-54
-55
-73
-67
-57
-63
-67
-82
-98
-125
-130
-126
-149
-155
-126
-132
-133
-142
-183
-194
-190
-145
-119
-126
-111
-59
-37
-52
-15
1
65
144
185
247
291
302
331
369
396
416
411
418
438
435
383
321
258
236
212
159
86
26
0
-58
-117
-147
-196
-227
-242
-262
-234
-200
-209
-224
-229
-225
-168
-101
-57
-58
-41
-5
40
70
73
83
123
182
199
176
174
179
184
216
200
180
171
170
170
167
112
66
64
49
32
3
-52
-69
-78
-117
-151
-153
-157
-162
-145
-170
-212
-205
-206
-190
-154
-158
-176
-170
-134
-102
-80
-102
-145
-134
-107
-107
-129
-157
-162
-166
-174
-156
-150
-185
-226
-223
-212
-215
-191
-185
-129
-70
-95
-92
-53
-15
56
124
135
184
196
246
287
304
346
340
313
317
335
324
264
241
252
225
175
88
24
45
43
-9
-43
-84
-121
-143
-158
-151
-138
-141
-135
-144
-130
-120
-94
-78
-64
-6
40
67
115
158
130
136
159
187
204
201
234
232
230
203
139
143
150
155
128
89
82
58
27
7
-8
-7
7
-7
-62
-90
-55
-50
-93
-125
-135
-120
-140
-160
-174
-184
-178
-188
-203
-208
-198
-164
-144
-154
-150
-136
-99
-85
-79
-77
-84
-94
-98
-109
-123
-132
-112
-104
-122
-140
-154
-163
-164
-137
-147
-127
-86
-69
-23
13
28
44
71
116
158
198
237
262
257
250
251
275
283
229
211
208
189
189
166
117
61
44
37
-5
-27
-49
-81
-89
-90
-88
-102
-117
-125
-117
-90
-71
-74
-75
-55
-15
43
67
63
92
122
146
157
136
148
179
216
215
168
139
150
162
145
106
74
64
67
27
-29
-10
0
4
5
-32
-73
-83
-66
-57
-59
-96
-107
-99
-102
-94
-96
-111
-162
-178
-169
-153
-123
-117
-108
-86
-82
-88
-111
-120
-95
-66
-73
-93
-92
-104
-124
-99
-106
-147
-165
-172
-166
-150
-136
-138
-115
-72
-57
-33
-6
33
79
127
161
172
198
209
247
284
263
237
229
199
188
181
148
120
96
66
19
-5
-19
-26
-18
-44
-60
-81
-97
-100
-109
-119
-105
-84
-80
-53
-52
-50
-43
-17
5
2
20
53
84
101
124
129
134
136
120
126
141
151
167
138
89
66
78
101
76
42
21
16
10
-9
-9
-10
-26
-18
-33
-58
-47
-48
-59
-74
-97
-103
-96
-79
-103
-132
-121
-115
-129
-126
-147
-138
-121
-124
-110
-114
-123
-141
-111
-94
-110
-104
-109
-116
-89
-85
-100
-112
-117
-92
-95
-89
-71
-65
-46
-24
-5
15
47
77
106
149
170
183
203
210
224
248
266
232
214
207
196
191
180
152
128
105
83
66
21
-1
0
-1
-12
-56
-68
-64
-87
-65
-84
-112
-100
-75
-39
-35
-43
-31
-24
-20
9
5
7
26
53
84
84
75
64
71
68
70
64
56
47
57
60
58
31
3
3
15
10
-28
-42
-46
-31
-31
-61
-93
-94
-78
-73
-99
-125
-91
-90
-84
-92
-96
-97
-81
-64
-77
-85
-103
-88
-95
-82
-97
-104
-86
-68
-62
-79
-89
-77
-61
-59
-69
-73
-45
-21
-5
-14
19
54
50
43
61
96
96
105
128
156
188
197
183
173
162
166
177
167
136
108
95
85
81
56
11
-21
-40
-36
-47
-93
-113
-98
-90
-110
-119
-121
-94
-71
-86
-92
-68
-47
-22
-5
4
13
26
28
23
35
78
96
65
61
65
77
79
87
83
56
64
68
44
28
21
32
34
33
18
5
-10
8
16
-20
-11
-7
-21
-39
-47
-31
-19
-31
-53
-68
-81
-80
-76
-77
-89
-83
-74
-91
-93
-93
-79
-80
-94
-95
-100
-103
-105
-119
-110
-94
-95
-92
-93
-107
-109
-71
-41
-19
-22
-29
5
41
56
83
97
101
105
115
138
157
174
174
170
175
182
171
152
141
124
123
109
84
64
49
38
25
2
-23
-24
-41
-46
-54
-62
-67
-69
-81
-73
-63
-39
-28
-29
-17
-19
6
29
38
39
60
69
63
86
78
63
88
84
74
69
47
44
42
40
34
7
10
11
7
-4
-22
-23
-34
-35
-45
-60
-62
-53
-51
-69
-76
-84
-88
-89
-97
-83
-94
-94
-96
-102
-84
-95
-88
-73
-74
-67
-65
-69
-66
-73
-76
-54
-42
-45
-50
-56
-54
-44
-33
-41
-35
-22
-11
-1
25
44
51
79
97
120
112
123
124
125
140
136
122
110
97
90
101
75
57
37
15
-15
-29
-25
-44
-42
-54
-65
-64
-79
-98
-88
-73
-59
-58
-63
-88
-73
-36
-32
-34
-19
14
13
23
23
33
41
72
85
75
75
86
88
86
91
67
60
86
83
66
42
42
53
21
16
31
22
10
18
26
-1
-24
-15
-20
-19
-1
8
-9
-4
1
-14
-19
-42
-48
-19
-10
-35
-48
-44
-45
-54
-41
-71
-99
-84
-77
-91
-96
-98
-93
-79
-88
-96
-86
-67
-59
-61
-60
-53
-33
-16
-1
3
22
48
60
70
77
93
112
120
122
134
126
100
104
123
98
76
71
56
46
47
3
-23
-22
-34
-46
-63
-52
-58
-76
-87
-87
-80
-71
-55
-46
-41
-34
-34
-22
-2
13
25
31
57
50
44
51
54
72
59
53
42
47
62
58
55
51
37
43
46
30
38
52
52
44
31
31
36
41
33
6
-8
-17
-13
-18
-29
-48
-67
-51
-42
-59
-71
-75
-85
-83
-67
-83
-85
-77
-81
-88
-91
-93
-98
-80
-73
-86
-90
-72
-88
-86
-72
-82
-54
-43
-31
-24
-16
1
13
31
54
38
63
110
116
126
125
123
133
126
130
123
114
113
100
88
66
62
63
42
15
0
-6
-32
-50
-57
-49
-56
-57
-64
-82
-71
-64
-64
-69
-65
-42
-37
-46
-24
-21
-24
-11
11
-1
-5
40
30
18
32
23
16
29
39
30
37
39
38
45
33
20
29
32
16
22
21
17
7
13
32
9
17
35
16
25
18
22
9
-11
-13
-14
-10
-21
-12
-29
-39
-46
-49
-40
-52
-58
-71
-80
-67
-68
-79
-74
-67
-61
-73
-86
-87
-69
-55
-42
-35
-37
-22
-7
4
21
45
59
70
84
94
105
106
129
146
144
142
121
129
121
110
114
91
74
64
31
15
20
19
-3
-35
-53
-79
-86
-82
-86
-90
-71
-66
-80
-83
-77
-60
-68
-57
-56
-43
-15
-26
-30
-14
16
-4
-14
34
35
27
38
39
35
27
39
48
29
36
48
45
49
30
11
21
18
3
6
-4
-9
5
-4
-27
-30
-27
-24
-18
-16
-22
-22
-27
-35
-42
-42
-45
-44
-47
-54
-69
-58
-69
-77
-66
-77
-84
-83
-94
-97
-70
-68
-76
-62
-52
-56
-35
-29
-23
-6
-5
13
27
39
53
56
79
92
111
106
107
115
116
117
119
135
128
120
109
110
82
70
80
50
37
26
5
4
-8
-19
-26
-38
-48
-48
-73
-54
-41
-53
-45
-42
-44
-36
-23
-17
-29
-21
24
18
-5
28
14
15
39
41
12
15
50
35
44
45
31
25
52
58
13
19
26
20
38
24
6
9
-3
-7
-23
-25
-24
-17
-16
-32
-38
-35
-37
-44
-39
-52
-36
-39
-48
-52
-69
-70
-71
-71
-69
-86
-101
-94
-89
-87
-99
-112
-107
-105
-92
-86
-73
-66
-52
-48
-36
-11
-5
1
26
49
48
61
92
101
105
111
128
136
135
130
127
127
141
131
132
117
125
113
89
79
65
63
49
36
16
3
-17
-26
-36
-29
-75
-80
-77
-86
-74
-74
-89
-96
-79
-73
-76
-48
-54
-61
-38
-28
-14
-13
-5
4
11
22
35
33
61
70
46
42
54
63
64
54
58
54
52
62
48
27
21
36
2
-14
-2
-27
-23
-16
-47
-57
-49
-54
-60
-41
-40
-69
-57
-50
-76
-63
-52
-63
-65
-47
-47
-55
-61
-70
-56
-58
-63
-46
-49
-53
-45
-56
-48
-42
-38
-33
-17
-9
7
8
15
24
46
51
40
53
65
79
87
82
97
113
97
95
96
93
79
85
93
79
62
62
46
32
19
24
8
-11
-8
-10
-24
-32
-24
-64
-59
-51
-38
-38
-36
-24
-26
-27
-30
-7
-5
-1
12
25
10
18
28
19
27
43
22
13
46
19
11
34
34
16
1
3
-13
-21
4
-14
-21
1
-4
-11
-19
-10
-13
-39
-9
-19
-52
-27
-34
-45
-42
-38
-54
-72
-54
-54
-90
-78
-64
-82
-76
-57
-80
-51
-45
-61
-48
-59
-52
-57
-43
-33
-51
-49
-42
-40
-17
-10
-21
-7
4
12
19
27
40
54
64
60
92
84
83
105
92
88
91
110
115
93
102
96
83
98
78
72
84
67
72
71
55
26
26
21
1
15
10
8
1
-12
-7
-12
15
22
-4
17
12
18
37
49
50
37
61
72
36
37
57
35
52
58
36
25
14
-4
-12
-20
-11
-9
-43
-16
-50
-66
-58
-73
-67
-62
-54
-65
-61
-65
-78
-84
-84
-92
-60
-68
-85
-87
-85
-85
-93
-73
-80
-96
-104
-84
-95
-87
-69
-82
-68
-80
-74
-73
-60
-58
-51
-45
-49
-54
-43
-29
-30
-27
1
3
-9
27
20
31
48
51
46
70
84
82
92
93
94
91
96
74
71
79
76
61
42
47
29
17
7
-7
-9
-17
-33
-29
-42
-38
-54
-54
-48
-41
-34
-59
-34
-35
-27
-5
8
16
11
24
41
32
36
70
74
82
118
92
89
106
96
93
106
108
84
90
99
85
61
79
80
47
54
48
18
25
29
1
5
12
-2
-9
-2
-20
-21
-29
-13
-26
-44
-50
-50
-50
-56
-37
-58
-59
-55
-72
-80
-67
-84
-82
-70
-82
-72
-86
-66
-61
-93
-79
-56
-75
-60
-42
-40
-40
-26
-27
-26
-15
17
12
8
40
33
29
37
29
38
45
53
58
60
57
31
35
48
32
1
22
12
2
-1
-17
-10
-26
-25
-22
-15
-18
-26
-8
-5
-20
-14
6
-13
-2
25
6
10
30
27
19
40
48
17
41
55
22
24
50
48
64
49
37
52
48
64
39
59
75
32
37
47
23
41
43
41
13
18
16
-9
-9
-8
-31
-32
-9
-48
-61
-37
-49
-64
-65
-58
-86
-92
-78
-112
-109
-88
-78
-107
-113
-104
-107
-116
-94
-91
-104
-67
-75
-64
-68
-52
-36
-38
-17
-9
-8
6
20
11
24
50
51
37
52
55
67
71
65
68
69
64
61
50
54
59
34
34
27
18
4
4
-3
-15
-16
-21
-14
-1
-14
-10
-9
-11
-14
-9
18
1
20
53
26
37
49
46
50
63
57
71
72
68
77
68
86
80
74
87
76
67
78
80
72
68
70
64
52
53
32
27
30
17
31
12
7
11
-18
-17
-9
-39
-51
-30
-39
-57
-45
-41
-64
-67
-71
-65
-71
-63
-78
-87
-84
-97
-86
-90
-103
-86
-78
-83
-96
-74
-86
-86
-78
-61
-64
-65
-27
-46
-59
-27
-6
-41
-12
0
2
6
21
31
5
23
35
17
10
12
13
20
-1
-5
8
0
-4
-3
-10
-27
-24
-18
-32
-29
-20
-33
-15
-7
-41
-14
-2
-16
-4
8
7
14
21
31
40
37
58
52
65
71
89
73
66
80
78
68
79
96
83
105
100
93
81
89
85
49
94
71
63
90
69
65
74
66
39
50
37
67
28
36
30
5
19
4
-22
-31
-53
-39
-24
-76
-69
-89
-74
-101
-93
-88
-96
-102
-107
-101
-114
-101
-87
-94
-86
-85
-78
-62
-59
-55
-50
-45
-18
-35
-14
-7
8
-10
0
32
17
0
24
21
9
31
24
4
-7
18
9
0
-22
9
-12
-8
-17
-37
-31
-35
-37
-38
-43
-34
-39
-35
-34
-20
-16
-27
-10
-24
5
-2
-24
6
16
29
14
29
27
4
19
39
28
17
60
54
40
82
78
39
84
97
63
63
91
76
63
98
90
70
79
90
51
51
81
48
54
63
41
43
46
38
27
12
19
8
1
16
-3
-20
-7
-24
-55
-44
-46
-60
-62
-55
-62
-75
-75
-53
-54
-50
-36
-30
-40
-44
-38
-48
-36
-33
-15
-24
-15
-17
4
-12
-29
0
5
9
-5
0
-4
-21
-11
-3
-29
-39
-23
-33
-59
-39
-53
-63
-51
-67
-95
-65
-73
-87
-72
-62
-63
-73
-51
-60
-73
-26
-34
-30
-15
-13
-7
-1
11
25
30
36
29
37
39
42
48
59
53
63
102
78
56
75
70
73
98
75
69
69
79
83
60
75
69
46
57
58
57
38
41
66
38
22
30
21
16
29
24
9
14
8
11
1
-3
-3
-3
8
-15
-20
-18
-39
-28
-30
-36
-42
-17
-39
-33
-30
-43
-46
-40
-17
-29
-12
-22
-31
-18
-26
-34
-4
-17
-22
-14
-19
-13
-34
-24
-9
-30
-29
-25
-33
-34
-17
-35
-28
-8
-30
-41
-24
-33
-53
-20
-9
-34
-30
-21
-38
-40
-14
-30
-22
5
-17
-1
-3
-7
0
8
23
28
40
37
18
28
48
30
33
50
41
31
56
47
19
45
69
42
21
45
39
21
27
56
38
21
45
36
3
13
29
14
15
23
21
2
11
5
-2
-6
-8
11
-2
-12
-6
-12
-37
-16
-12
-17
-32
-32
-24
-47
-39
-35
-61
-47
-44
-42
-21
-39
-33
-27
-31
-29
-12
-7
2
-13
2
9
18
13
18
15
11
16
33
21
9
21
16
6
5
5
-11
-7
-4
-10
-19
-4
-28
-30
-29
-40
-37
-48
-31
-23
-34
-16
-26
-26
-33
-24
-27
-30
-8
-25
-20
18
0
3
12
22
8
22
41
18
34
30
34
38
54
55
20
37
54
27
47
44
46
51
66
52
33
68
34
36
55
54
35
48
55
24
-4
30
10
-31
12
27
1
-2
19
-9
-39
-21
-6
-39
-10
15
-10
-31
-9
-22
-42
-22
-20
-28
-15
-18
-37
-25
-28
-38
-40
-35
-18
-37
-37
-18
-47
-48
-35
-28
-40
-31
-15
-17
-20
-18
3
-24
-12
-4
-17
-22
-20
-26
-35
-43
-36
-29
-61
-41
-54
-49
-39
-49
-50
-41
-35
-30
-26
-5
-26
-17
-9
-18
-20
0
7
17
17
44
33
10
38
58
35
43
67
61
77
67
79
72
65
81
76
62
77
75
51
66
39
36
38
44
37
32
39
23
17
17
4
25
38
17
41
23
4
2
19
-2
-8
21
3
3
2
0
-14
-33
-27
-24
-47
-13
-11
-46
-31
-18
-34
-19
-20
-39
-28
-24
-26
-28
-35
-34
-19
-16
-12
-16
-7
-18
-22
-2
-14
-18
-12
-9
-9
0
2
-3
-3
2
-9
2
-3
-31
-34
-23
-44
-44
-18
-37
-30
-26
-48
-43
-36
-42
-35
-26
-18
-18
2
-6
7
-11
11
16
-13
-1
5
8
4
0
26
17
-5
15
23
10
14
31
29
5
19
39
11
10
40
50
20
40
43
12
21
39
11
7
29
18
-9
11
23
3
4
20
18
2
10
5
-4
6
14
12
8
2
11
-7
2
-3
-1
14
-13
3
18
3
5
23
14
7
22
31
0
8
26
10
-1
3
-3
-11
-10
-6
-3
-15
0
15
-5
-25
-1
-22
-28
-15
-16
-34
-29
-21
-29
-41
-44
-44
-59
-61
-65
-61
-54
-57
-55
-48
-47
-48
-56
-39
-43
-43
-26
-22
-22
-36
-11
-12
-4
13
13
21
27
17
30
36
35
55
56
53
64
64
59
57
68
60
58
59
68
59
57
70
57
43
58
44
27
38
44
50
26
27
27
9
6
23
2
0
21
3
-9
0
3
-11
-5
4
-13
-27
-7
-18
-15
-8
-20
-14
-16
-23
-35
-25
-37
-23
-22
-15
-30
-32
-13
-25
-47
-32
-17
-33
-35
-21
-14
-32
-21
-14
-32
-43
-21
-17
-39
-12
-4
-12
-25
-10
-25
-36
-29
-27
-34
-34
-13
-22
-29
-28
-13
-27
-28
-14
-10
-27
-17
-11
-8
9
-14
-14
2
5
-2
-5
7
13
21
31
25
34
30
19
21
37
31
24
36
35
32
23
26
22
19
10
27
21
11
21
12
10
1
12
4
2
7
-3
4
6
-4
6
1
8
-1
-4
-4
-2
-1
-15
2
6
-17
1
19
-20
-5
12
-18
-9
-1
-14
-8
2
-7
-4
-8
-8
1
21
2
8
14
27
22
22
35
34
31
41
36
41
35
28
41
18
34
23
20
19
3
8
-4
-10
-5
-17
-7
-8
-9
-2
-10
-5
-6
-16
-15
-18
-20
-17
-12
-25
-14
-11
-15
-22
-32
-23
-30
-13
-14
-19
-16
-18
-25
-21
-10
-14
-12
-7
-4
-13
-13
0
-13
2
9
0
5
11
10
10
11
19
17
7
25
26
17
23
20
20
15
7
15
-4
-2
12
-13
5
-1
-21
-6
-15
-17
-22
-14
-21
-23
-18
-17
-25
-15
-10
-34
-19
-17
-25
-25
-23
-20
-31
-25
-5
-14
-14
1
-12
-23
-18
-15
-20
-10
0
1
-4
-11
-6
-6
-4
-1
4
11
9
6
10
7
4
11
7
4
10
8
7
11
8
11
-1
5
9
-3
2
11
10
7
17
6
9
0
0
2
8
14
8
17
26
31
19
31
45
34
28
41
31
36
43
45
46
42
35
41
40
22
26
33
22
15
10
8
9
5
8
7
3
-3
10
-5
-14
-2
-8
-19
-13
-17
-19
-34
-26
-19
-35
-24
-21
-41
-35
-31
-34
-37
-42
-35
-42
-35
-25
-25
-25
-20
-23
-23
-19
-28
-34
-16
-8
-18
3
-8
-12
-3
-16
-4
3
2
1
-1
5
0
-3
6
3
0
6
3
-1
12
6
-1
4
5
0
-9
1
-5
-2
-1
-2
-4
-10
-6
-10
-15
-14
-10
-13
-5
4
-8
-11
2
-10
-13
2
1
-2
8
5
5
10
5
12
14
10
19
20
26
26
29
32
31
28
39
30
21
27
29
32
20
27
24
13
19
17
7
11
8
5
7
10
3
1
9
-5
-6
2
1
-4
-10
-5
-3
-17
-9
-9
-10
-7
-5
0
-8
-3
-8
-7
-3
-2
-4
1
2
0
8
5
-6
1
8
4
-8
0
1
-10
-1
7
5
0
3
2
1
-4
-7
-1
-3
-11
-5
-8
-8
-5
-5
-5
-12
-7
-15
-17
-17
-20
-15
-15
-7
-9
-17
-15
-14
-15
-13
-14
-11
1
-4
-2
0
1
-8
1
6
-5
-9
3
6
8
12
9
18
8
7
25
11
10
18
11
11
14
6
6
8
4
5
9
6
1
-2
-2
-3
-1
-10
-13
-7
-9
-5
-13
-4
-1
-13
-16
-13
-16
-17
-24
-18
-12
-17
-13
-14
-18
-26
-19
-22
-21
-18
-18
-18
-15
-12
-14
-13
-11
-10
-6
-4
-8
-3
2
-4
7
11
16
14
15
26
20
7
16
24
15
15
28
28
17
13
20
17
8
14
8
3
10
5
8
7
6
4
5
6
3
4
8
8
3
12
10
5
11
12
13
19
15
17
18
22
18
23
26
21
23
19
20
16
14
15
16
12
11
9
6
12
12
6
3
7
1
-4
0
-4
-6
-3
-9
1
-4
-12
-10
-14
-13
-20
-16
-11
-19
-19
-17
-20
-23
-25
-25
-22
-24
-25
-16
-22
-22
-24
-21
-19
-17
-18
-15
-14
-11
-10
-4
-1
-8
-8
-13
-2
-5
-5
-2
-2
-3
-2
1
-2
-3
-2
3
1
-1
3
-1
0
5
1
-1
5
2
1
-5
-6
-5
-6
-12
-8
-4
-11
-9
-9
-8
-4
-8
-5
-5
-8
-2
0
2
3
3
7
4
7
8
2
9
16
10
13
22
23
25
22
24
21
22
25
16
21
22
11
7
14
5
6
9
4
1
4
1
-1
-4
-5
-6
-7
-6
-10
-6
-6
-8
-6
-9
-8
-9
-13
-8
-8
-5
-5
-5
-3
-8
-6
0
-7
-2
3
0
2
1
0
4
3
0
0
2
2
1
-1
-3
2
0
1
2
-3
0
3
3
0
5
7
2
6
7
3
8
3
3
2
0
-1
1
3
3
1
3
6
0
4
4
5
2
3
5
7
5
2
8
4
5
3
11
5
8
9
5
6
4
7
6
9
5
10
12
2
10
12
7
6
12
5
2
7
3
-1
-3
-4
-9
-6
-8
-12
-9
-7
-12
-15
-14
-14
-25
-26
-20
-19
-13
-19
-16
-12
-20
-17
-15
-17
-15
-17
-13
-7
-7
-8
-7
-7
-8
-8
-10
-7
-6
-5
-3
-1
-2
-1
-7
-3
1
-2
2
8
9
5
7
7
6
4
7
3
4
5
3
7
3
4
4
1
0
-1
-3
-1
1
-1
0
2
-6
3
1
-3
-1
3
0
-4
3
4
4
7
7
7
10
6
12
11
11
15
11
12
18
15
17
16
15
19
10
15
11
12
13
7
9
12
6
0
7
2
-4
0
1
-2
-8
-8
-8
-4
-8
-7
-4
1
-7
0
1
-2
-2
-2
3
-2
-4
-5
-4
-5
-7
-3
-2
-6
-5
-5
-6
-8
-1
-4
-4
-2
2
-4
-2
1
1
3
0
9
7
3
6
4
1
5
4
0
2
4
1
-2
0
-2
-6
-3
-5
-6
-8
-3
-8
-9
-7
-8
-9
-9
-4
-8
-4
-4
-4
-5
-7
-4
-3
-13
-2
1
-7
-3
1
0
-3
1
4
-2
-1
3
3
2
4
4
0
1
4
1
0
4
3
1
0
0
0
-1
-3
0
0
-3
-1
-4
0
0
-3
0
-2
-1
0
0
-2
-2
1
-3
-1
-1
-4
-2
-4
-1
1
-1
4
3
-2
-4
-1
2
0
-4
3
2
-2
-1
2
-1
-3
-2
-3
-1
0
0
-1
1
-2
0
1
1
1
2
3
1
1
2
5
5
4
6
7
7
4
6
7
6
6
5
8
7
8
9
9
8
4
3
6
4
5
9
9
9
12
7
7
12
5
8
3
8
10
6
6
6
5
0
3
4
-2
2
6
1
1
7
1
-2
2
1
-5
-3
-4
-4
-6
-5
-5
-6
-9
-8
-11
-10
-9
-11
-11
-9
-7
-13
-9
-11
-11
-12
-11
-11
-11
-10
-9
-11
-9
-10
-8
-12
-8
-10
-11
-9
-7
-8
-8
-7
-6
-6
-6
-3
-2
-2
-3
1
1
-1
2
5
4
5
3
8
8
6
7
10
9
4
7
6
6
5
4
6
9
3
4
5
6
0
0
4
0
1
0
-2
0
2
-2
-2
1
-1
-3
1
2
3
1
0
3
0
0
1
-1
2
6
1
3
1
4
1
-2
0
4
3
1
4
4
3
3
5
5
4
3
3
4
1
-1
2
-1
-2
0
-2
-1
-2
-3
-3
-2
-2
-2
-1
0
0
-2
3
0
-2
-1
0
-2
0
1
0
0
0
3
-2
0
0
-2
0
0
-1
-3
-2
1
-1
1
-1
3
2
1
5
5
2
2
1
1
1
0
0
-1
1
-3
-5
-1
0
-3
-1
-2
-1
-1
-5
-4
0
-3
-8
-4
-2
-6
-7
-4
-6
-6
-4
-3
-5
-5
-3
-2
-2
-1
3
4
2
5
10
4
4
6
6
4
7
6
6
7
6
8
5
8
6
6
4
3
4
-1
0
-1
-4
-1
-3
-4
-3
-5
-5
-3
-2
-1
-2
-5
-3
-6
-5
-4
-3
-2
-2
-2
-4
-2
-4
-3
-2
-3
-3
-2
1
0
0
1
0
-3
0
2
-1
1
1
0
4
3
5
3
6
4
5
6
5
6
5
5
3
6
3
3
3
3
1
-1
2
1
0
2
2
0
-1
-3
-1
-4
-8
-6
-6
-8
-4
-5
-6
-5
-4
-3
-4
0
-3
0
-1
-2
1
0
2
-1
0
1
0
3
2
5
3
3
6
5
2
3
3
2
2
1
2
3
1
-2
0
-1
-1
-5
-1
-2
-5
-1
-4
-4
-3
-6
-4
-3
-5
-4
-3
-3
-4
-6
-1
-2
-1
1
0
1
3
2
2
4
1
2
3
3
4
4
4
5
3
4
5
4
3
5
6
4
5
5
6
7
5
3
3
3
2
3
2
3
1
-1
1
-2
-3
-4
-7
-6
-8
-7
-7
-8
-9
-9
-10
-10
-11
-11
-8
-8
-9
-7
-8
-7
-6
-5
-3
-5
2
-1
-2
3
1
3
4
4
2
4
3
4
5
5
5
8
7
7
7
7
8
6
7
7
4
7
3
0
3
-1
0
-2
-1
-1
-2
-4
-6
-5
-6
-6
-5
-2
-4
-2
0
-3
-1
-1
-3
1
2
0
1
2
0
-1
1
-1
3
1
1
6
0
0
2
0
2
2
1
4
3
2
1
3
2
3
4
1
1
2
4
4
0
3
5
1
4
4
2
4
1
1
1
1
1
1
1
0
-1
-1
-1
-1
-1
-1
0
0
-3
1
2
-2
1
3
1
1
3
4
1
3
3
4
3
4
4
1
4
4
1
1
1
-1
-1
2
-2
1
-1
-2
-1
-2
-3
-6
-5
-5
-9
-9
-9
-10
-9
-6
-9
-7
-6
-8
-5
-6
-6
-3
-3
-1
-2
-2
0
-1
-1
0
-1
2
0
2
2
2
3
4
3
2
3
1
3
0
2
3
2
1
2
4
0
1
4
2
2
4
1
0
1
-3
-2
-2
-3
-2
-4
-2
-3
-5
-4
-3
-4
-4
-5
-2
-1
-5
-2
0
-4
-3
-1
-1
-1
-2
-1
1
0
-2
1
0
0
0
1
3
2
1
5
5
3
4
3
3
1
2
1
2
2
1
1
2
2
1
3
1
1
3
3
4
3
0
2
0
3
-1
2
1
1
3
1
3
4
4
2
5
2
4
3
4
3
4
4
3
4
5
4
3
4
2
5
2
4
3
2
3
2
3
2
0
1
2
-1
-1
1
0
-1
2
0
-1
-1
-1
-1
-4
-3
-3
-3
-5
-5
-3
-7
-4
-5
-7
-7
-7
-5
-5
-8
-6
-5
-8
-6
-4
-4
-5
-4
-3
-4
-6
-3
-1
-2
-1
-1
1
1
0
2
3
1
1
6
2
2
3
3
3
2
1
-1
3
0
1
0
0
-1
-4
-2
-3
-5
-4
-5
-7
-7
-5
-10
-9
-7
-8
-8
-9
-7
-9
-8
-7
-7
-6
-7
-5
-5
-4
-2
-3
1
2
0
3
2
6
6
5
9
7
7
8
7
7
8
7
10
12
9
10
10
7
8
9
11
11
12
10
10
12
9
9
10
8
7
8
7
7
5
5
6
5
4
4
3
0
4
1
-1
-1
-2
-3
-4
-1
-3
-5
-3
-3
-2
-2
-2
-1
-1
-3
-2
-1
-3
-3
-1
-2
-2
-2
-1
-2
-1
0
-2
0
-4
-3
-2
-3
-1
-3
-2
0
-1
-3
-2
-3
-1
-2
-3
-2
-3
-2
-4
-4
-4
-3
-4
-6
-5
-6
-9
-7
-6
-7
-4
-6
-4
-1
-5
-4
-3
-4
-3
-4
-2
-3
-3
-4
-3
-1
-1
-2
1
0
0
1
1
1
1
0
1
0
1
3
1
-1
2
0
-2
-1
-1
-1
-1
-2
-1
0
-2
-2
-2
0
-2
-2
-1
-3
-2
-1
0
0
-1
2
1
1
2
4
2
2
4
3
3
7
6
3
3
4
3
4
5
6
8
5
7
8
4
5
5
4
5
4
3
6
3
1
4
2
0
0
0
0
-1
-1
0
-1
-1
-2
-1
-3
-2
-2
-4
1
-2
-4
0
-1
-2
-1
0
1
0
0
1
0
1
1
0
2
1
1
3
3
3
3
3
3
2
3
2
0
2
0
3
-1
0
1
-1
0
1
-2
-1
1
-3
-3
-3
-3
-3
-5
-4
-5
-4
-4
-5
-5
-5
-5
-6
-5
-5
-5
-4
-3
-4
-4
-3
-2
-2
-1
-2
-1
-2
-2
0
-2
-1
-2
0
2
1
1
5
3
2
3
4
3
1
3
2
1
1
1
1
1
1
0
0
0
0
-1
-1
-1
-1
-4
-2
-2
-3
-4
-2
-4
-7
-5
-5
-4
-4
-4
-5
-4
-3
-3
-2
-2
-2
0
0
-1
2
3
3
4
4
3
4
4
4
3
4
5
4
6
6
5
6
6
8
6
7
7
5
5
7
6
5
5
5
5
4
4
3
1
2
1
2
1
1
1
-2
-1
-1
-3
-2
-2
-3
-1
-3
-3
-1
-2
-2
-1
-1
-2
-2
-1
-3
-1
0
-1
-1
-2
0
-4
-3
0
-1
