-6
-6
-5
-6
-6
-6
-5
-4
-3
-2
-3
-3
-2
-3
-1
-2
-1
-1
1
1
0
-1
-2
-3
-3
-3
-2
-3
-1
-1
-2
-3
-1
0
1
0
1
2
3
4
5
5
4
4
5
6
5
5
3
2
1
-1
0
1
1
0
0
-1
0
0
0
-1
0
-1
1
0
-1
-1
-1
0
0
1
2
2
3
4
4
4
4
4
4
3
4
5
5
5
4
4
4
2
3
2
3
3
3
3
3
3
3
3
4
5
6
7
6
7
5
4
5
3
4
3
2
3
1
1
1
-1
-1
-3
-2
-3
-3
-3
-2
-3
-4
-4
-4
-4
-5
-4
-2
-2
-2
-2
-3
-5
-5
-4
-4
-4
-5
-4
-4
-4
-3
-3
-5
-4
-3
-4
-3
-4
-5
-4
-4
-3
-2
-1
-3
-3
-3
-3
-2
-2
-1
-2
-1
-1
0
0
0
1
1
3
1
1
-1
-1
-1
-1
-1
0
0
0
1
0
0
1
-1
1
2
1
2
4
2
2
3
3
3
3
4
4
4
4
2
3
2
1
0
0
0
0
0
0
-2
-3
-3
-3
-3
-3
-3
-3
-3
-3
-2
-2
-2
-2
-1
-1
-1
0
2
2
2
3
3
4
3
4
3
3
1
1
0
0
0
1
0
1
1
0
1
1
2
3
3
2
4
2
1
-1
2
2
1
2
5
3
2
0
1
3
2
0
-2
-2
-3
-2
-1
0
-3
-2
-5
-4
-3
-2
-2
-2
0
0
0
0
2
2
3
5
5
5
5
5
5
6
5
5
4
3
4
2
2
2
2
0
0
-1
-1
-2
-2
-2
-2
-2
-1
-2
-2
-3
-4
-4
-2
-3
-2
-2
-2
-3
-3
-3
-4
-3
-2
-2
-1
1
-2
-1
-2
-4
-5
-5
-6
-4
-4
-4
-4
-5
-4
-5
-5
-5
-5
-4
-3
-2
-3
-3
-2
-1
0
0
1
1
1
1
0
0
0
-1
-1
0
-1
0
-1
-1
-1
0
0
1
0
1
2
1
1
1
2
2
2
2
0
1
2
1
2
2
2
3
4
3
3
3
2
3
3
1
2
2
1
2
1
1
2
2
2
2
3
3
3
3
4
3
3
1
1
1
-1
0
-1
-1
-1
-2
0
-2
-1
-1
0
0
1
1
2
1
3
3
5
5
5
6
6
6
6
7
6
6
6
6
6
6
6
5
6
3
3
3
1
0
1
0
-1
-1
-1
-3
-3
-4
-4
-4
-3
-3
-3
-2
-3
-2
-2
-1
-1
-2
-3
-4
-4
-4
-6
-6
-7
-8
-8
-8
-9
-9
-8
-9
-8
-9
-7
-9
-9
-8
-8
-7
-6
-7
-5
-4
-5
-5
-3
-4
-2
-2
-2
-3
-2
-2
-3
-2
-3
-2
-3
-2
-2
-1
-1
0
0
1
0
0
0
1
1
2
3
4
3
3
3
4
5
6
7
7
7
8
8
6
6
6
5
5
7
6
6
5
5
5
7
5
6
6
5
5
4
3
2
3
1
2
2
2
2
2
2
1
2
2
2
1
2
2
1
-1
1
1
-1
0
0
0
0
-1
0
-2
-1
-1
-1
-2
-1
-2
-3
-2
-2
-2
-2
-4
-4
-1
-2
-2
-2
-3
-3
-4
-2
-2
-1
-2
-2
-2
-2
-1
0
2
1
1
1
2
2
2
2
1
1
1
2
1
0
0
0
-2
-1
-1
-2
-2
-2
-3
-3
-3
-3
-4
-5
-5
-4
-5
-4
-4
-5
-6
-5
-5
-5
-4
-4
-3
-3
-3
-2
-1
-1
0
-1
0
-1
0
1
1
2
2
4
4
3
3
2
2
1
3
2
3
2
3
5
4
4
4
4
4
4
4
6
6
5
4
3
2
3
3
3
2
3
2
2
3
3
3
3
3
2
2
1
1
1
1
1
0
1
0
1
0
1
1
1
1
0
-1
-1
-1
-1
-1
-2
0
-1
-1
-1
-2
-3
-3
-4
-3
-3
-5
-4
-4
-6
-5
-6
-5
-7
-6
-4
-4
-3
-3
-1
-1
0
-2
0
0
-1
-1
0
0
0
-1
1
0
0
-1
0
0
0
-1
0
1
0
-1
-2
-2
-1
-1
0
0
0
0
0
2
2
2
2
1
1
1
2
1
2
2
1
1
2
1
2
2
0
0
-1
-2
-1
-2
-3
-3
-2
-1
-3
-2
-3
-3
-3
-3
-3
-3
-2
-1
-1
-2
-1
-1
-1
-1
-2
-1
0
1
1
1
1
2
4
4
3
4
3
3
4
5
5
7
6
6
5
5
6
6
8
6
7
7
6
6
4
4
3
4
3
2
1
0
0
-1
-2
-1
-3
-2
-4
-3
-2
-1
-2
-3
-4
-4
-2
-3
-4
-5
-5
-4
-5
-6
-5
-5
-6
-5
-5
-7
-6
-6
-7
-8
-7
-8
-7
-6
-8
-6
-4
-3
-2
-2
-2
0
0
2
3
3
4
6
6
7
8
6
7
7
6
5
6
5
6
6
4
4
3
2
1
1
0
1
1
2
2
0
1
3
3
3
4
3
3
2
2
1
1
1
1
0
-1
-2
-1
-3
-3
-4
-4
-2
-2
-2
-4
-4
-5
-5
-5
-5
-6
-5
-4
-4
-2
-4
-2
-2
-1
-2
-1
2
1
2
3
1
1
3
0
0
1
1
2
0
3
3
0
1
0
0
-1
1
3
3
4
3
3
2
3
-9
-6
4
1
-3
4
9
1
3
7
5
2
5
12
12
8
8
9
10
7
7
7
5
3
2
1
-3
-3
-5
-9
-8
-9
-11
-13
-12
-12
-13
-11
-9
-7
-6
-5
-1
-1
1
2
4
3
1
4
1
-1
1
0
-3
-3
0
-4
-5
-3
-4
-6
-3
-5
-8
-5
-3
-4
-6
-4
-4
-5
-2
-2
0
2
2
3
5
7
5
5
8
8
9
8
8
7
7
5
2
2
0
-2
-2
-4
-4
-7
-6
-5
-8
-6
-7
-6
-6
-7
-5
-4
-3
-3
-2
-1
-1
1
3
2
3
6
5
6
6
5
4
7
5
4
8
4
3
5
7
3
2
2
4
2
-1
1
3
-1
-1
3
3
-1
-2
2
3
1
4
6
1
2
6
3
0
8
10
0
2
10
3
-4
3
4
-3
-3
5
5
-5
-1
6
-1
-5
5
4
-6
1
6
-3
-4
2
1
-5
-4
-2
1
-7
-5
2
-6
-5
1
-3
-11
-2
4
-12
-13
5
-4
-16
-7
7
-9
-21
0
3
-15
-16
4
-4
-17
-2
-2
-10
-1
-1
-10
0
6
-9
-9
8
4
-16
-1
10
-6
-11
3
10
-5
-7
4
5
1
-6
1
13
2
-10
5
14
-4
-10
11
15
-5
-11
13
11
-11
-6
14
8
-12
-3
13
4
-13
-4
11
1
-10
1
10
-3
-11
-1
6
-3
-8
2
4
4
1
5
5
5
3
5
8
4
7
5
15
10
8
11
14
10
5
17
14
4
8
22
7
3
11
22
3
-2
19
14
-4
-1
17
10
-6
3
12
1
-8
2
10
2
-8
5
9
-6
-8
6
6
-11
-7
9
-3
-12
-2
4
-14
-17
-1
-4
-20
-9
-5
-13
-13
-12
-8
-14
-9
-14
-13
-6
-3
-18
-14
-4
-8
-19
-12
-2
-9
-20
-16
-1
-9
-24
-11
7
-11
-27
-2
13
-17
-25
17
0
-22
-5
13
-10
-13
5
7
-9
-1
13
3
-4
13
18
-2
6
22
11
-9
20
22
2
-6
28
22
-10
2
35
13
-20
13
39
-3
-24
28
27
-18
-15
32
14
-26
-6
32
1
-29
9
28
-16
-24
32
8
-34
0
30
-18
-30
20
14
-30
-16
31
-7
-40
6
33
-31
-30
29
9
-48
-10
44
-16
-39
19
29
-38
-20
29
13
-40
-7
39
-10
-44
21
35
-35
-23
48
14
-56
10
54
-23
-42
46
33
-40
-16
57
6
-52
23
53
-28
-32
48
33
-42
-9
58
-1
-46
23
52
-28
-33
46
31
-52
-6
60
-10
-50
33
41
-43
-34
51
19
-66
-3
63
-23
-64
40
47
-54
-28
61
15
-64
9
59
-24
-52
45
41
-49
-20
62
7
-63
15
60
-46
-49
58
24
-78
-4
73
-41
-66
51
42
-68
-24
71
5
-73
25
70
-33
-59
45
44
-60
-42
78
0
-92
34
67
-63
-52
70
11
-94
4
71
-58
-62
57
19
-92
5
67
-52
-60
60
22
-77
1
70
-31
-63
57
29
-50
-19
54
-4
-50
25
39
-35
-30
40
11
-54
6
43
-29
-38
32
26
-56
9
47
-26
-21
38
9
-22
29
20
-6
23
21
2
3
28
13
-15
28
38
-36
-4
49
-5
-44
42
38
-48
0
66
-23
-54
64
31
-69
5
77
-42
-52
59
32
-73
3
75
-35
-36
54
23
-48
16
53
-27
-29
48
23
-50
-7
64
-22
-63
53
29
-68
-8
54
-34
-32
35
4
-33
6
23
-22
-11
12
-1
-15
13
4
-5
-2
9
-21
-10
8
-16
-30
21
13
-42
7
39
-47
-25
38
-5
-53
8
45
-49
-34
48
7
-74
17
51
-46
-31
74
1
-65
29
56
-49
-43
80
-5
-76
37
59
-86
-4
73
-67
-36
65
-24
-73
50
22
-81
3
64
-41
-48
64
20
-85
27
61
-67
-27
74
3
-88
45
59
-78
-30
92
-17
-93
73
57
-98
6
96
-42
-64
83
37
-104
56
66
-85
-14
100
-55
-45
94
-19
-59
51
45
-77
9
91
-88
-24
120
-33
-110
100
67
-137
10
128
-75
-86
122
25
-137
70
98
-128
-9
152
-73
-88
144
43
-159
56
141
-125
-61
163
-15
-138
103
78
-116
-2
127
-77
-90
141
-15
-131
97
63
-138
13
130
-106
-63
124
-8
-132
75
98
-159
10
149
-117
-64
139
-17
-133
100
73
-143
13
119
-64
-86
124
33
-138
63
133
-117
-17
152
-33
-104
138
40
-131
82
94
-120
-1
153
-79
-68
135
-1
-148
108
69
-148
48
114
-121
-49
135
-52
-119
102
39
-150
30
116
-110
-94
152
-21
-161
77
75
-100
-62
115
-23
-100
27
31
-58
-53
42
-37
-52
10
-24
-23
-5
-29
-20
-6
-39
-25
27
-22
-67
62
6
-85
18
49
-68
-18
56
-18
-36
22
4
-24
-5
-10
0
15
-17
-32
58
8
-76
72
52
-86
25
100
-67
-22
106
-21
-50
74
40
-67
53
83
-52
11
97
-22
-61
119
13
-94
96
72
-117
42
116
-116
-28
164
-76
-114
159
10
-131
57
114
-118
-33
148
-27
-76
87
28
-57
36
19
8
4
0
10
50
-6
-17
62
3
-45
31
39
-19
-5
-3
-5
65
-55
-63
143
-70
-100
136
24
-144
90
130
-157
-19
205
-141
-60
167
-78
-43
80
-2
-45
38
12
-43
32
-13
-15
-2
18
-49
-2
29
-33
-43
-42
67
-30
-122
55
70
-155
-41
118
-79
-161
114
61
-203
5
153
-116
-120
75
74
-145
-75
138
-39
-161
53
87
-156
-48
95
-29
-114
58
50
-77
-33
86
-5
-113
52
39
-40
-44
67
30
-85
17
46
30
-66
7
93
-22
-79
72
86
-114
-2
148
-39
-91
100
94
-117
-25
167
-16
-130
100
144
-130
-61
210
-15
-183
140
115
-159
-27
197
-62
-150
160
87
-177
19
186
-81
-101
107
67
-88
-13
95
20
-71
5
34
6
-74
0
67
-52
-70
92
6
-116
39
98
-114
-66
128
16
-154
28
167
-127
-101
164
62
-172
25
197
-74
-136
180
94
-187
34
193
-106
-113
150
40
-156
39
158
-121
-98
174
4
-179
81
156
-148
-67
161
57
-150
26
165
-73
-82
95
71
-75
-15
127
-19
-98
79
50
-105
-14
107
-37
-95
58
75
-131
-47
120
-45
-117
73
88
-78
-60
107
17
-103
-7
98
-71
-84
57
8
-54
-29
39
-38
-66
-32
-7
-28
-65
-22
-6
-42
-41
-38
-43
4
-24
-80
-26
20
15
-84
-7
86
-40
-78
56
65
-77
-10
66
35
-16
-10
51
29
-10
6
22
93
-29
-12
57
30
-28
-6
70
5
-5
-20
19
30
11
-62
39
93
-38
-79
91
78
-70
-52
110
77
-130
15
114
-30
-50
49
26
-20
17
-38
-32
61
43
-151
6
184
-85
-156
122
111
-148
-67
149
51
-125
10
107
-12
-45
24
17
0
8
-50
-38
99
16
-137
4
130
-48
-128
84
91
-86
-82
83
49
-67
-39
76
15
-52
15
39
-7
25
23
-52
96
71
-77
5
136
-1
-110
59
84
-79
-88
97
7
-55
-5
-10
-5
-24
-58
4
-29
-23
-2
-43
-10
51
-75
-71
87
-14
-104
-4
121
-76
-88
100
43
-116
-23
81
-6
-79
50
51
-68
-68
87
-25
-120
55
33
-73
-16
72
-37
-106
40
28
-66
-24
70
-1
-67
18
60
-30
-56
55
29
-42
-29
58
27
-68
-5
88
-24
-58
40
63
-44
-36
105
11
-92
44
120
-70
-37
132
11
-90
92
94
-101
15
146
-38
-57
106
55
-90
20
131
-58
-61
121
34
-93
55
55
-45
-9
49
3
-46
26
3
-33
-9
17
-25
-18
12
-21
-8
-19
8
2
-23
-7
-6
-7
8
-67
-16
55
-44
-44
47
7
-99
-15
58
-53
-38
77
11
-76
38
56
-88
0
82
-54
-67
93
38
-92
3
103
-51
-66
45
50
-67
-34
61
-2
-48
24
31
-23
-23
0
9
-24
1
-8
1
0
-3
10
-3
-20
-20
26
-12
-28
34
15
-50
-15
25
-61
-51
60
-13
-79
38
7
-84
-10
53
-59
-60
67
0
-69
50
39
-72
22
94
-42
-29
118
8
-60
79
92
-33
0
92
33
-28
55
94
-15
7
89
11
-21
77
23
-52
53
70
-17
-6
75
21
-63
22
68
-13
-26
31
36
-21
-39
0
0
-26
-40
-6
28
-24
-55
10
27
-61
-62
17
5
-103
-35
28
-84
-80
28
-39
-101
9
10
-111
-41
61
-61
-116
49
30
-126
-37
92
-27
-117
34
74
-98
-67
75
-9
-80
40
60
-29
5
54
-2
-23
46
38
-18
29
76
41
16
41
67
17
5
51
63
3
3
71
48
-29
18
89
-31
-55
68
41
-33
6
66
21
-12
30
41
12
-19
26
32
-24
14
43
-19
-43
36
8
-70
-8
31
-55
-76
25
10
-83
-27
30
-30
-79
-17
16
-49
-71
-10
2
-36
-3
20
-8
-20
-2
10
-15
-4
15
20
-4
1
30
8
-5
21
20
-11
-5
38
13
-24
29
55
-6
-23
43
-5
-47
-13
-11
-49
-36
9
-25
-19
24
-13
-59
-23
-4
-39
-28
16
-4
-28
17
12
-31
-6
33
-11
-11
62
56
-31
-17
9
-42
-67
-24
10
-46
-42
35
31
-46
-5
49
1
-53
40
68
-32
0
101
49
0
82
60
-47
-20
74
2
-31
72
81
-12
29
91
16
-27
52
98
5
30
76
-11
-49
43
86
10
12
42
-46
-82
12
-12
-64
17
31
-39
-14
16
-65
-115
-29
2
-49
-22
-8
-56
-64
-35
-23
-31
-24
-35
-59
-43
-33
-3
6
9
42
69
39
34
81
63
29
26
77
40
-24
27
49
-21
-30
25
14
-38
-23
5
-27
-62
-16
-9
-93
-52
0
-49
-56
29
55
-21
-32
-8
-29
-72
-21
47
-12
-20
62
53
-27
29
70
-21
-53
11
24
-67
-40
0
-89
-98
-47
-61
-94
-80
-80
-85
-60
-34
-45
-38
-19
-42
-60
-48
-28
-31
-37
-1
37
27
58
74
25
11
9
-15
18
91
74
51
121
140
43
60
139
63
35
133
152
121
137
135
60
30
77
44
17
89
99
11
55
117
19
-17
54
30
-44
44
130
42
46
139
100
43
109
156
75
73
132
103
95
124
84
53
32
-17
-27
-13
-23
-48
-51
-77
-106
-135
-175
-195
-209
-237
-239
-190
-185
-241
-261
-261
-298
-309
-324
-310
-327
-387
-375
-388
-457
-527
-539
-577
-609
-581
-528
-439
-355
-269
-174
-25
61
107
265
425
549
722
908
1006
1007
1000
948
895
831
731
631
564
418
216
92
-63
-239
-427
-491
-493
-564
-597
-501
-380
-293
-160
20
178
315
474
623
794
941
991
982
1041
1079
942
832
799
618
375
279
142
-99
-264
-393
-545
-666
-727
-731
-780
-824
-791
-799
-813
-739
-631
-596
-479
-287
-211
-166
-67
5
-40
-100
-305
-861
-1425
-1505
-1064
-611
-493
-561
-586
-585
-743
-1108
-1374
-1243
-694
26
684
1096
1192
1192
1302
1347
1245
1260
1384
1477
1715
1998
1972
1681
1220
492
-235
-593
-859
-1210
-1536
-1584
-1495
-1399
-1244
-1185
-1231
-1198
-938
-574
-32
643
1181
1524
1715
1875
1908
1858
1901
1924
1817
1615
1471
1367
1123
659
171
-271
-722
-971
-1030
-1165
-1367
-1506
-1623
-1729
-1614
-1401
-1287
-1121
-815
-458
-149
81
201
253
356
499
768
1068
1141
1069
1010
908
612
358
194
-115
-399
-462
-552
-785
-958
-1138
-1476
-1662
-1548
-1501
-1558
-1408
-1125
-1072
-1062
-974
-1111
-1310
-1032
-482
-159
89
406
533
449
365
319
268
410
807
1175
1370
1510
1605
1475
1321
1283
1171
930
843
916
916
816
652
362
-159
-628
-883
-1034
-1225
-1251
-1186
-1152
-1031
-731
-447
-298
-92
157
400
754
1258
1587
1734
1878
1862
1792
1741
1641
1443
1231
1065
856
686
519
232
-162
-529
-734
-906
-972
-960
-1009
-1087
-1127
-1076
-999
-864
-709
-538
-337
-45
273
406
437
451
413
419
508
571
531
396
232
18
-154
-323
-549
-757
-879
-954
-966
-884
-960
-1195
-1355
-1419
-1603
-1991
-2414
-2662
-2343
-1426
-724
-670
-744
-478
-344
-624
-780
-547
-16
784
1737
2212
2236
2264
2223
2027
1810
1717
1567
1519
1671
1735
1646
1393
834
14
-828
-1407
-1760
-1906
-1959
-1964
-1798
-1471
-1177
-1024
-806
-554
-331
41
707
1412
2021
2473
2557
2365
2195
2158
2102
1979
1826
1527
1094
709
445
118
-419
-963
-1314
-1542
-1642
-1615
-1627
-1788
-1943
-1926
-1720
-1386
-971
-656
-487
-218
175
539
779
879
994
1107
1220
1360
1483
1475
1214
898
612
311
56
-75
-228
-570
-883
-1015
-1183
-1420
-1574
-1713
-1795
-1641
-1332
-1118
-952
-708
-557
-501
-312
-90
-4
46
-56
-304
-421
-235
60
223
229
140
77
8
-179
-425
-438
-220
84
518
924
1082
1099
1137
1170
1097
1092
1142
1079
1042
1124
1163
1024
811
475
-57
-539
-777
-906
-1077
-1053
-972
-1037
-998
-716
-457
-375
-149
125
256
507
934
1206
1250
1337
1392
1328
1293
1368
1321
1018
717
495
227
16
-88
-260
-501
-704
-845
-962
-990
-965
-1035
-1091
-951
-670
-422
-247
-68
95
192
312
497
570
568
555
514
493
498
460
324
135
-129
-472
-696
-783
-920
-1081
-1136
-1128
-1121
-1110
-1044
-1054
-1222
-1349
-1538
-1911
-2200
-2065
-1443
-661
-138
-4
-33
-47
-176
-447
-621
-343
395
1283
1938
2152
2157
2167
2104
1864
1597
1412
1306
1365
1496
1655
1729
1530
913
49
-656
-1105
-1428
-1672
-1743
-1689
-1590
-1354
-1043
-832
-748
-647
-510
-304
246
991
1526
1759
1918
2038
1940
1769
1687
1581
1341
1048
829
628
447
257
-164
-698
-1113
-1405
-1659
-1742
-1624
-1548
-1563
-1540
-1342
-1102
-882
-643
-405
-175
82
356
590
838
1055
1130
1157
1208
1253
1287
1254
1017
641
369
109
-195
-447
-647
-857
-1104
-1285
-1413
-1562
-1608
-1511
-1442
-1369
-1178
-969
-768
-556
-392
-413
-642
-894
-901
-483
170
652
738
658
576
407
14
-440
-475
12
594
924
1107
1302
1488
1578
1430
1179
956
798
757
867
1071
1181
1131
861
348
-200
-611
-945
-1289
-1535
-1596
-1490
-1163
-768
-542
-522
-588
-617
-505
-236
86
435
839
1199
1307
1254
1252
1235
1083
939
859
719
604
609
565
347
81
-148
-522
-900
-1034
-1082
-1119
-1018
-896
-910
-845
-650
-549
-533
-330
-99
-99
-43
255
548
722
873
932
798
724
829
860
798
739
595
301
108
92
-6
-280
-559
-762
-945
-1061
-1070
-1082
-1153
-1232
-1299
-1242
-1099
-837
-533
-371
-357
-435
-588
-811
-855
-599
-262
32
277
414
407
265
-34
-384
-506
-272
176
577
832
998
1134
1235
1224
1086
927
805
686
740
960
1216
1403
1363
1064
609
189
-113
-346
-558
-690
-758
-751
-672
-590
-521
-568
-717
-791
-785
-666
-398
-133
77
250
413
494
600
730
792
770
729
677
683
757
736
611
431
255
71
-113
-224
-246
-304
-416
-531
-631
-720
-747
-733
-713
-601
-400
-310
-323
-194
-97
-125
-84
26
79
143
312
435
457
416
278
75
-70
-89
-73
-74
-44
-58
-102
-135
-150
-267
-482
-652
-714
-695
-631
-560
-643
-886
-1139
-1278
-1116
-805
-584
-404
-269
-223
-258
-197
-69
86
364
628
723
854
1211
1539
1598
1569
1594
1433
1179
1110
1160
1120
1065
1051
858
591
394
85
-409
-818
-1061
-1280
-1387
-1306
-1178
-1149
-1127
-1118
-1131
-1133
-1087
-987
-848
-647
-327
-2
230
450
658
809
895
959
1005
1032
1068
1099
1221
1318
1281
1182
979
708
474
302
96
-194
-402
-521
-668
-761
-733
-740
-849
-903
-922
-944
-863
-670
-502
-352
-120
122
297
493
684
722
680
630
619
667
715
707
616
453
233
26
-89
-230
-467
-672
-762
-788
-783
-707
-601
-626
-747
-818
-865
-899
-895
-908
-899
-770
-505
-192
42
228
269
173
47
-6
98
260
446
592
638
682
809
941
994
964
856
656
459
408
452
510
515
398
189
-75
-328
-519
-691
-861
-1006
-1056
-993
-897
-747
-591
-532
-582
-659
-706
-630
-446
-257
-93
90
259
330
419
551
580
536
540
562
605
743
924
978
946
905
809
671
578
493
352
267
211
118
47
50
14
-112
-196
-269
-372
-374
-292
-219
-184
-90
77
212
338
450
510
518
502
429
376
376
404
413
389
310
172
38
-142
-313
-413
-508
-616
-662
-632
-607
-630
-670
-736
-856
-957
-994
-1047
-1040
-944
-859
-774
-636
-461
-403
-504
-610
-647
-637
-526
-313
-102
67
216
392
522
597
642
669
642
613
685
804
853
841
764
575
385
287
199
4
-231
-508
-755
-899
-946
-949
-962
-920
-821
-737
-671
-556
-426
-331
-253
-101
157
436
694
951
1141
1264
1341
1364
1363
1379
1407
1420
1439
1423
1383
1266
1055
790
568
394
232
50
-120
-228
-320
-418
-487
-503
-582
-698
-740
-706
-529
-215
24
123
166
264
355
384
421
426
364
324
361
375
327
249
67
-221
-452
-570
-704
-847
-955
-1084
-1200
-1203
-1160
-1151
-1153
-1145
-1160
-1156
-1079
-1012
-960
-862
-823
-854
-826
-705
-544
-440
-382
-412
-456
-368
-205
-82
54
263
443
607
789
903
928
909
881
800
738
790
833
806
729
603
381
179
9
-244
-454
-522
-548
-602
-557
-430
-346
-327
-308
-325
-316
-238
-126
56
304
552
707
829
960
1044
1084
1136
1223
1361
1489
1575
1572
1517
1440
1312
1125
942
815
702
591
443
274
111
-96
-373
-605
-748
-804
-811
-810
-781
-690
-551
-445
-379
-325
-244
-137
-37
47
109
140
158
115
22
-39
-95
-195
-372
-501
-577
-648
-766
-876
-965
-1065
-1140
-1201
-1224
-1172
-1038
-974
-1028
-1084
-1091
-1170
-1238
-1182
-1087
-1025
-912
-729
-615
-524
-386
-322
-348
-280
-80
108
270
468
671
827
988
1118
1151
1170
1199
1121
1005
1004
1017
950
848
777
622
420
290
120
-55
-192
-335
-422
-401
-322
-277
-220
-150
-126
-84
29
90
130
259
421
569
833
1118
1274
1390
1511
1583
1571
1560
1532
1509
1475
1435
1317
1150
990
727
394
113
-99
-348
-584
-725
-854
-950
-951
-942
-994
-1041
-1095
-1133
-1074
-991
-906
-767
-602
-494
-424
-355
-310
-284
-230
-221
-243
-223
-224
-249
-281
-325
-452
-599
-705
-763
-797
-878
-994
-1081
-1096
-1070
-1091
-1113
-1065
-1038
-1053
-1047
-1007
-917
-774
-589
-402
-159
91
237
267
299
353
408
518
701
871
984
1097
1158
1166
1157
1111
1018
924
863
796
757
768
817
808
697
553
366
154
-37
-206
-363
-455
-440
-406
-355
-295
-227
-191
-193
-194
-164
-86
63
241
444
716
974
1119
1188
1266
1336
1372
1356
1322
1249
1180
1100
990
919
831
622
323
53
-194
-381
-480
-570
-700
-782
-798
-809
-816
-806
-817
-866
-898
-862
-781
-665
-562
-474
-420
-417
-389
-354
-328
-343
-382
-387
-360
-306
-263
-285
-443
-640
-783
-885
-987
-1014
-954
-949
-936
-878
-870
-882
-851
-876
-988
-1076
-1056
-917
-743
-546
-332
-103
68
152
156
140
188
300
505
743
970
1214
1410
1510
1550
1612
1632
1549
1429
1337
1209
1129
1152
1107
972
768
505
164
-192
-470
-709
-926
-1065
-1098
-1029
-897
-734
-556
-425
-352
-278
-170
-15
221
495
740
940
1131
1272
1332
1338
1295
1185
1072
1025
992
945
905
802
580
328
107
-141
-398
-596
-773
-905
-946
-950
-979
-1014
-1046
-1091
-1121
-1049
-938
-796
-595
-381
-205
-62
88
171
188
204
252
273
299
326
294
227
134
-28
-240
-437
-606
-766
-870
-947
-1002
-1028
-1039
-1022
-951
-854
-749
-624
-519
-436
-458
-533
-568
-513
-345
-145
40
192
305
317
207
18
-123
-127
-22
204
495
771
1010
1155
1230
1233
1167
1085
987
906
889
975
1100
1147
1059
848
532
150
-216
-539
-804
-989
-1117
-1118
-1000
-855
-727
-641
-598
-560
-511
-412
-236
27
326
630
913
1170
1339
1363
1305
1181
1068
1057
1111
1152
1106
1000
859
646
403
154
-91
-335
-533
-671
-756
-779
-800
-862
-969
-1027
-1028
-1020
-917
-744
-577
-416
-267
-115
49
187
280
336
396
449
497
508
446
327
158
12
-127
-279
-445
-607
-739
-845
-892
-895
-893
-872
-874
-889
-867
-756
-589
-392
-195
-24
126
106
-130
-450
-603
-505
-223
61
224
295
250
100
-182
-493
-659
-522
-142
248
564
738
864
994
1021
919
762
648
624
695
878
1140
1329
1264
949
489
34
-343
-662
-926
-1077
-1116
-1046
-914
-807
-714
-726
-855
-990
-967
-718
-382
30
419
682
838
978
1105
1196
1261
1290
1302
1359
1474
1571
1586
1474
1204
858
516
247
85
-93
-258
-417
-529
-637
-752
-839
-926
-1007
-1011
-945
-833
-642
-408
-157
-11
66
176
359
535
670
759
757
716
661
582
475
367
235
7
-254
-450
-558
-672
-779
-911
-1065
-1193
-1228
-1125
-1037
-974
-932
-912
-960
-1100
-1306
-1461
-1368
-1083
-684
-351
-120
-82
-195
-365
-535
-580
-394
46
585
1019
1266
1373
1417
1425
1335
1180
1044
976
983
1086
1182
1190
984
567
-23
-617
-1075
-1340
-1513
-1612
-1603
-1550
-1415
-1256
-1113
-1010
-899
-723
-482
-141
349
840
1229
1490
1627
1652
1690
1791
1854
1845
1779
1713
1629
1533
1398
1152
804
410
65
-160
-287
-403
-564
-757
-914
-990
-1004
-971
-899
-831
-749
-593
-400
-167
40
219
325
464
648
823
968
1059
1078
996
872
737
595
407
214
-20
-246
-447
-634
-838
-1074
-1284
-1481
-1577
-1550
-1432
-1299
-1187
-1089
-981
-836
-674
-510
-321
-101
63
39
-242
-655
-895
-745
-373
-98
-58
-115
-190
-332
-593
-895
-1014
-756
-243
197
459
583
665
717
743
741
706
732
808
939
1100
1239
1210
889
431
-28
-402
-660
-830
-948
-1054
-1100
-1096
-1063
-969
-852
-810
-771
-602
-241
234
711
1126
1419
1528
1545
1558
1649
1808
1963
2034
1973
1897
1799
1629
1350
1030
653
293
52
-48
-118
-295
-537
-771
-875
-840
-735
-647
-560
-451
-354
-236
-113
12
142
256
325
412
536
655
718
682
477
197
-16
-110
-122
-180
-256
-428
-691
-973
-1240
-1461
-1585
-1607
-1563
-1495
-1388
-1265
-1260
-1306
-1308
-1223
-1255
-1412
-1604
-1588
-1296
-851
-421
-233
-192
-341
-535
-655
-683
-509
-111
418
926
1287
1430
1356
1243
1130
1060
1044
1103
1256
1369
1422
1314
997
537
28
-412
-798
-1045
-1146
-1177
-1141
-1109
-1080
-1072
-1060
-973
-777
-400
111
635
1069
1467
1792
1913
1871
1860
1945
2090
2252
2369
2308
2100
1785
1371
967
640
350
30
-236
-396
-496
-625
-816
-1042
-1281
-1346
-1216
-995
-721
-495
-357
-268
-138
28
175
303
478
689
893
1057
1133
1062
834
545
264
50
-54
-109
-180
-342
-561
-786
-1015
-1283
-1502
-1625
-1687
-1663
-1561
-1414
-1289
-1214
-1155
-1141
-1092
-911
-700
-508
-314
-115
50
175
175
-122
-628
-1001
-1000
-666
-263
-30
-51
-232
-408
-634
-917
-1055
-835
-295
307
770
958
935
877
834
830
863
997
1183
1344
1497
1558
1437
1077
581
93
-275
-495
-589
-608
-624
-698
-778
-838
-845
-791
-692
-557
-348
19
464
869
1180
1353
1350
1277
1321
1509
1730
1881
1866
1677
1448
1264
1092
883
657
414
171
25
-53
-157
-353
-616
-832
-881
-757
-576
-466
-448
-424
-358
-308
-221
-123
-46
74
212
354
454
489
434
311
173
25
-52
-82
-129
-180
-318
-521
-768
-1051
-1276
-1394
-1385
-1298
-1209
-1178
-1216
-1223
-1154
-1051
-911
-757
-598
-492
-553
-745
-908
-888
-745
-527
-295
-158
-152
-301
-497
-693
-753
-574
-189
356
820
1059
1057
956
967
1040
1152
1214
1253
1295
1357
1419
1322
1095
704
204
-248
-543
-660
-712
-789
-915
-1029
-1030
-977
-861
-741
-593
-396
-140
253
685
1081
1256
1273
1272
1391
1595
1767
1861
1850
1742
1572
1413
1233
955
586
228
-45
-189
-255
-357
-562
-830
-1068
-1135
-1063
-942
-875
-831
-728
-564
-363
-186
-32
58
115
201
379
563
682
695
617
522
459
444
395
270
98
-126
-337
-514
-638
-745
-887
-1006
-1101
-1163
-1174
-1190
-1221
-1266
-1259
-1190
-1046
-825
-570
-379
-262
-155
-96
-29
80
130
-71
-450
-723
-667
-384
-85
46
-6
-109
-274
-511
-768
-848
-650
-213
293
610
662
543
435
433
517
635
777
930
1127
1294
1414
1360
1070
665
305
86
31
52
27
-63
-233
-426
-578
-698
-787
-848
-835
-662
-274
243
614
713
635
531
545
726
1018
1295
1450
1505
1481
1443
1343
1177
917
655
470
424
489
511
379
80
-215
-430
-508
-494
-536
-578
-589
-593
-555
-482
-402
-376
-374
-323
-177
32
185
256
260
248
274
315
387
463
446
308
82
-132
-306
-457
-609
-761
-882
-978
-1109
-1241
-1356
-1449
-1464
-1451
-1423
-1329
-1116
-884
-744
-681
-726
-851
-935
-850
-649
-462
-283
-122
-52
-83
-157
-251
-336
-366
-302
-103
223
554
747
785
717
615
544
525
562
650
781
922
1000
952
789
520
236
17
-132
-202
-215
-226
-263
-302
-334
-439
-553
-553
-413
-160
104
369
639
865
1003
1036
1085
1248
1439
1582
1656
1671
1661
1594
1459
1310
1150
977
803
631
520
453
330
145
-71
-291
-460
-605
-687
-716
-698
-628
-624
-688
-743
-727
-665
-569
-423
-258
-119
22
136
213
220
161
85
25
24
29
-3
-126
-283
-415
-584
-762
-941
-1110
-1255
-1303
-1272
-1206
-1120
-1042
-999
-949
-855
-745
-624
-510
-396
-289
-160
-49
-8
-55
-157
-227
-181
-97
-27
8
0
-78
-232
-375
-472
-517
-506
-472
-408
-297
-186
-106
-68
-28
19
87
229
383
524
634
766
929
1048
1110
1119
1086
1001
885
798
711
628
542
436
338
282
223
137
62
15
-10
20
87
173
225
260
333
424
542
653
703
719
725
725
749
816
849
780
685
618
598
576
516
401
292
192
105
20
-49
-121
-234
-331
-376
-368
-362
-401
-457
-489
-507
-503
-479
-423
-364
-350
-391
-429
-396
-360
-358
-399
-459
-506
-543
-577
-641
-687
-741
-783
-793
-761
-699
-660
-650
-673
-700
-674
-590
-516
-439
-366
-323
-296
-230
-162
-149
-207
-274
-355
-432
-466
-477
-486
-490
-491
-502
-503
-498
-499
-508
-486
-416
-324
-222
-74
112
297
461
567
677
792
926
1048
1144
1223
1271
1279
1224
1167
1113
1037
918
809
710
650
571
488
422
353
286
228
207
232
316
389
418
427
444
461
442
416
397
389
390
399
425
453
465
468
417
344
308
303
296
273
261
228
174
138
76
-6
-108
-196
-271
-305
-309
-339
-396
-430
-462
-516
-578
-642
-706
-782
-829
-831
-817
-797
-776
-793
-817
-818
-794
-777
-761
-730
-693
-628
-539
-464
-431
-438
-477
-524
-526
-491
-439
-372
-320
-320
-354
-394
-471
-547
-605
-654
-688
-690
-679
-705
-726
-693
-653
-611
-551
-438
-331
-218
-84
44
171
338
540
760
1019
1238
1363
1414
1441
1456
1437
1461
1470
1430
1380
1293
1200
1069
919
717
488
282
166
120
106
127
152
170
159
143
154
192
215
235
303
396
486
505
465
410
358
303
263
271
320
411
479
474
408
337
267
225
231
226
218
173
94
-39
-138
-190
-265
-367
-455
-467
-501
-537
-578
-636
-676
-705
-716
-742
-763
-777
-797
-806
-788
-764
-768
-787
-792
-775
-711
-648
-626
-633
-653
-654
-612
-543
-508
-510
-479
-414
-342
-246
-184
-176
-197
-204
-200
-185
-185
-227
-321
-429
-532
-595
-633
-655
-662
-675
-644
-588
-502
-401
-309
-240
-153
-29
130
325
530
709
827
930
1034
1118
1194
1278
1367
1415
1436
1432
1402
1327
1211
1085
958
879
778
635
486
356
250
170
141
163
178
193
232
278
301
287
242
211
207
253
330
396
470
488
513
542
564
555
499
477
478
500
530
498
426
302
101
-118
-298
-431
-524
-605
-686
-767
-851
-917
-993
-1093
-1159
-1186
-1140
-1027
-897
-790
-774
-792
-831
-823
-758
-664
-562
-472
-376
-275
-222
-250
-337
-470
-575
-591
-521
-410
-303
-245
-272
-336
-390
-429
-471
-461
-405
-318
-214
-125
-106
-176
-276
-348
-380
-355
-305
-241
-189
-131
-79
-56
-6
55
124
215
314
397
468
539
592
624
638
644
688
807
935
1036
1063
1019
950
880
861
830
779
720
666
632
586
516
393
248
155
119
113
136
186
223
209
183
127
65
48
91
139
171
209
249
278
329
365
331
306
301
348
419
504
545
480
355
193
38
-88
-165
-225
-285
-335
-402
-432
-464
-521
-590
-663
-717
-733
-702
-639
-583
-548
-508
-503
-501
-476
-438
-423
-427
-424
-406
-357
-300
-279
-290
-308
-321
-337
-349
-350
-333
-332
-345
-331
-290
-268
-278
-288
-299
-284
-241
-171
-92
-70
-104
-155
-205
-227
-239
-256
-286
-323
-320
-294
-260
-239
-252
-294
-326
-323
-295
-249
-156
-27
114
242
323
394
405
422
471
551
656
748
857
932
943
903
828
765
713
678
628
590
575
572
550
511
438
362
300
274
272
288
312
338
371
360
328
273
245
266
321
361
400
449
470
472
458
409
328
204
96
34
43
49
4
-99
-234
-340
-426
-473
-488
-492
-502
-506
-504
-491
-492
-529
-574
-607
-597
-559
-516
-493
-495
-504
-512
-492
-465
-432
-404
-383
-373
-340
-312
-314
-318
-340
-366
-367
-331
-290
-266
-256
-255
-244
-230
-185
-125
-93
-89
-115
-160
-194
-190
-197
-210
-242
-292
-331
-342
-331
-326
-359
-398
-399
-364
-270
-193
-140
-99
-51
66
179
270
344
424
522
663
829
955
1026
1050
1079
1107
1124
1100
1038
944
830
730
651
585
519
433
342
279
228
183
124
67
49
40
21
29
36
42
67
95
135
152
161
171
169
186
231
278
290
267
247
232
220
206
135
29
-56
-102
-144
-189
-222
-284
-364
-442
-503
-531
-576
-615
-646
-654
-608
-542
-505
-500
-513
-519
-526
-483
-401
-318
-224
-152
-86
-30
0
-18
-60
-103
-127
-133
-128
-98
-92
-108
-146
-194
-221
-239
-275
-303
-314
-325
-348
-405
-502
-605
-652
-675
-711
-762
-779
-776
-740
-642
-588
-529
-466
-381
-286
-184
-104
-47
53
173
311
446
576
683
784
905
1026
1082
1090
1069
1058
1055
1061
1058
995
906
780
671
585
508
407
309
252
240
261
271
277
272
271
263
271
295
316
333
346
367
384
408
406
386
365
371
384
394
399
375
321
267
207
120
40
-69
-174
-273
-347
-392
-431
-482
-527
-549
-571
-602
-633
-653
-661
-659
-634
-583
-513
-457
-429
-408
-401
-388
-350
-332
-295
-250
-202
-166
-162
-174
-221
-276
-314
-313
-312
-310
-324
-331
-319
-318
-349
-381
-409
-426
-450
-457
-481
-535
-607
-650
-655
-658
-663
-676
-691
-668
-589
-509
-427
-351
-290
-235
-144
-48
33
105
210
333
471
611
693
773
836
896
959
1005
997
957
946
958
963
969
914
808
699
589
508
453
408
371
345
339
361
366
370
344
309
279
266
261
263
279
282
302
307
342
360
385
403
428
473
512
514
482
453
412
375
314
231
130
24
-84
-176
-284
-365
-440
-517
-568
-615
-644
-674
-706
-726
-722
-688
-641
-601
-572
-522
-468
-407
-346
-312
-298
-276
-266
-234
-186
-186
-196
-241
-293
-338
-389
-420
-481
-518
-548
-555
-543
-520
-525
-565
-607
-624
-633
-629
-626
-643
-640
-622
-570
-504
-457
-447
-439
-404
-317
-191
-88
-23
26
71
132
189
239
254
300
355
427
517
572
607
649
711
792
879
920
928
898
882
888
904
892
827
738
672
627
598
564
513
443
384
350
347
352
308
275
257
259
288
314
317
289
275
281
310
355
394
418
405
390
376
356
307
223
132
43
-20
-67
-128
-204
-283
-375
-447
-535
-589
-604
-615
-599
-590
-568
-547
-533
-526
-530
-526
-499
-465
-425
-375
-351
-326
-321
-303
-288
-278
-263
-256
-258
-263
-273
-299
-335
-375
-412
-456
-484
-478
-478
-480
-486
-517
-540
-569
-596
-628
-649
-635
-600
-557
-509
-479
-457
-418
-385
-334
-240
-113
21
129
214
286
335
409
497
575
638
687
744
827
919
977
983
952
918
882
865
848
815
751
685
630
543
462
400
332
264
224
206
200
202
184
165
165
163
159
164
182
218
251
289
326
341
352
343
336
348
358
328
280
217
166
118
53
-11
-85
-168
-252
-324
-380
-432
-476
-506
-527
-544
-537
-518
-504
-475
-470
-447
-442
-421
-378
-356
-339
-314
-269
-219
-174
-160
-165
-167
-174
-190
-203
-229
-246
-275
-302
-353
-404
-444
-472
-484
-479
-474
-449
-440
-438
-415
-416
-408
-414
-417
-418
-407
-372
-322
-252
-205
-182
-161
-130
-88
-42
8
74
141
192
208
233
270
310
390
461
521
568
606
629
647
646
643
626
616
604
597
601
593
574
518
443
378
326
281
248
229
244
265
273
278
279
283
278
266
261
274
313
346
366
374
366
339
303
268
233
213
176
150
125
84
38
-38
-115
-172
-223
-263
-287
-318
-336
-348
-350
-367
-378
-390
-394
-388
-382
-373
-349
-332
-324
-322
-324
-332
-345
-329
-288
-242
-196
-158
-137
-133
-161
-191
-203
-213
-228
-246
-271
-299
-329
-357
-380
-421
-451
-486
-512
-515
-500
-465
-448
-432
-414
-402
-386
-348
-289
-224
-144
-56
14
63
97
135
191
262
323
389
465
521
540
542
528
518
504
489
473
443
423
381
342
285
215
150
91
59
37
37
32
52
93
111
122
126
159
190
230
297
380
443
497
529
542
559
548
537
526
516
492
448
391
324
261
183
118
51
-10
-75
-121
-160
-188
-218
-256
-293
-318
-318
-319
-297
-290
-284
-261
-228
-202
-181
-165
-145
-142
-123
-94
-84
-82
-93
-122
-152
-189
-224
-257
-282
-311
-333
-368
-418
-458
-496
-524
-538
-531
-518
-512
-516
-520
-496
-460
-428
-395
-375
-353
-327
-293
-255
-220
-173
-126
-88
-42
-2
44
73
84
106
136
174
215
251
282
299
302
318
336
369
364
335
296
269
256
245
234
194
170
155
152
160
176
191
189
199
233
278
335
373
398
432
454
480
514
548
574
587
600
601
578
556
528
488
458
431
401
355
307
248
173
120
62
19
-6
-46
-94
-134
-160
-169
-199
-232
-258
-300
-329
-353
-369
-375
-381
-393
-403
-400
-394
-387
-390
-393
-392
-388
-379
-377
-373
-368
-375
-398
-428
-447
-443
-440
-458
-462
-452
-453
-450
-451
-461
-468
-469
-476
-468
-458
-451
-430
-410
-388
-357
-319
-283
-241
-202
-148
-103
-65
-17
33
77
124
165
202
257
306
355
411
472
511
527
530
522
523
517
505
485
455
419
382
353
327
311
294
288
299
309
327
344
347
364
378
394
410
435
481
514
548
560
551
537
525
529
527
505
473
429
375
327
277
209
139
71
6
-37
-52
-61
-82
-113
-150
-187
-209
-233
-276
-312
-318
-307
-310
-309
-325
-351
-374
-396
-412
-412
-403
-397
-406
-415
-419
-441
-460
-497
-526
-546
-558
-547
-545
-540
-559
-591
-611
-607
-592
-576
-541
-519
-483
-442
-421
-385
-343
-281
-232
-186
-144
-103
-62
-24
17
63
120
172
211
228
242
235
226
235
244
269
290
315
334
342
357
351
352
344
320
307
313
330
343
342
335
318
302
287
275
280
287
302
315
325
344
354
361
356
354
368
396
427
439
462
468
464
447
434
390
354
321
297
279
243
223
175
131
87
62
42
5
-19
-44
-65
-95
-116
-141
-159
-176
-188
-210
-235
-255
-289
-315
-344
-368
-385
-395
-417
-454
-478
-487
-511
-526
-540
-554
-560
-569
-562
-556
-556
-561
-592
-617
-627
-636
-633
-616
-583
-544
-503
-450
-411
-384
-355
-313
-265
-196
-130
-64
4
64
118
164
200
233
263
304
347
380
407
437
453
463
478
489
493
493
507
507
515
507
497
468
435
415
383
344
314
295
288
276
252
233
206
201
191
187
197
210
226
253
258
266
274
263
256
249
254
255
256
250
233
214
177
143
114
77
50
24
16
10
-23
-54
-86
-116
-141
-158
-182
-192
-190
-180
-174
-172
-172
-181
-189
-214
-231
-228
-239
-250
-262
-283
-307
-329
-349
-367
-385
-391
-392
-391
-401
-421
-445
-464
-481
-493
-500
-507
-511
-508
-487
-479
-473
-463
-459
-443
-410
-365
-293
-218
-156
-81
-18
54
105
160
215
254
302
350
401
448
477
474
466
456
451
452
452
464
466
459
451
432
396
350
310
274
238
225
209
193
187
170
143
120
101
84
70
64
67
68
84
83
59
46
41
40
53
73
86
94
102
98
103
103
87
61
53
59
69
82
78
70
40
17
3
-1
-1
12
26
21
13
5
-9
-16
-41
-59
-58
-58
-54
-60
-63
-95
-124
-145
-165
-191
-202
-225
-226
-219
-229
-243
-268
-304
-341
-359
-374
-372
-360
-338
-336
-339
-348
-354
-348
-345
-334
-316
-280
-228
-200
-191
-169
-152
-116
-79
-35
18
80
127
158
197
223
241
251
258
267
273
283
283
269
256
232
201
167
146
127
105
86
65
53
36
20
10
3
3
13
26
37
30
32
38
34
37
52
68
87
103
126
139
150
163
152
163
179
183
195
209
219
216
210
204
199
174
156
139
122
105
92
77
66
64
60
49
46
44
41
31
23
15
16
17
21
38
39
38
15
-19
-36
-64
-95
-117
-117
-127
-142
-156
-180
-193
-206
-226
-248
-277
-302
-318
-329
-331
-346
-359
-362
-352
-342
-316
-299
-288
-276
-274
-252
-220
-185
-157
-122
-85
-42
-18
15
34
39
66
93
142
178
208
215
212
205
205
198
180
174
164
156
139
132
124
105
68
28
0
-26
-45
-69
-99
-118
-131
-145
-149
-145
-137
-122
-108
-81
-48
-17
5
15
36
63
94
124
154
174
199
208
215
224
220
209
202
202
206
204
221
233
230
219
209
207
196
192
199
221
234
237
244
236
233
214
195
183
170
160
153
154
134
120
104
81
51
35
4
-30
-47
-66
-89
-119
-146
-173
-206
-226
-241
-256
-269
-284
-289
-300
-303
-313
-316
-319
-324
-323
-329
-323
-330
-331
-341
-341
-340
-345
-341
-327
-303
-289
-269
-253
-228
-200
-174
-144
-111
-71
-45
-23
2
8
20
29
38
51
43
41
29
20
11
-7
-20
-37
-46
-52
-43
-36
-45
-36
-44
-42
-21
11
51
87
123
167
203
219
235
244
261
284
306
329
347
354
362
353
345
342
330
313
312
312
302
298
284
272
253
234
231
230
225
223
223
226
221
214
215
206
197
174
168
160
141
123
97
70
38
8
-22
-49
-75
-98
-121
-135
-147
-166
-185
-195
-201
-207
-225
-246
-270
-298
-319
-327
-334
-337
-337
-333
-330
-331
-323
-325
-327
-330
-331
-315
-286
-261
-250
-238
-226
-223
-211
-201
-183
-167
-161
-135
-105
-65
-39
-14
4
11
29
40
65
83
92
92
88
68
51
36
12
-3
-15
-18
-27
-30
-29
-23
-27
-25
-17
1
14
38
65
88
109
124
147
160
156
154
166
169
177
178
174
173
170
168
164
160
164
168
167
170
174
173
174
183
185
183
192
194
199
209
201
208
214
213
211
204
193
191
175
155
140
116
92
66
44
17
-5
-29
-54
-79
-96
-98
-104
-108
-110
-119
-126
-134
-141
-151
-156
-157
-149
-147
-146
-152
-158
-159
-168
-174
-176
-178
-184
-198
-206
-217
-235
-236
-249
-261
-263
-265
-251
-234
-220
-201
-191
-185
-172
-147
-126
-99
-86
-57
-43
-39
-28
-16
4
16
21
25
30
33
39
39
54
53
48
45
48
62
80
90
101
99
89
81
77
77
83
98
99
106
118
123
115
110
95
83
81
89
106
121
127
123
122
123
122
122
130
143
148
148
144
141
134
119
118
109
114
121
117
114
109
108
112
122
118
118
113
99
85
76
63
51
33
23
16
13
13
5
-1
-5
-14
-24
-30
-38
-36
-41
-47
-50
-45
-55
-75
-91
-104
-110
-120
-126
-130
-136
-147
-150
-153
-164
-173
-188
-193
-189
-182
-177
-172
-171
-159
-148
-144
-138
-132
-131
-118
-94
-71
-52
-36
-38
-46
-44
-44
-47
-41
-48
-53
-63
-62
-55
-55
-63
-75
-69
-63
-60
-56
-47
-45
-51
-56
-49
-41
-32
-28
-32
-32
-29
-28
-21
-15
-11
-6
-6
1
7
20
29
37
52
50
56
63
71
76
77
88
102
104
117
136
137
160
171
188
213
231
239
243
241
242
244
242
252
255
257
257
254
256
243
228
215
202
197
188
183
169
152
128
119
100
84
71
62
62
51
40
27
23
21
5
-3
-22
-35
-48
-73
-93
-120
-145
-167
-184
-207
-224
-245
-262
-269
-277
-286
-303
-309
-303
-293
-282
-278
-273
-269
-274
-269
-267
-252
-244
-240
-227
-214
-200
-197
-195
-193
-181
-168
-150
-139
-133
-126
-111
-94
-82
-71
-65
-63
-51
-38
-32
-13
-5
11
31
45
58
72
82
79
89
98
118
136
143
150
162
180
192
204
216
221
221
223
225
225
215
212
213
210
207
206
210
212
205
199
203
199
199
188
180
178
172
170
168
164
160
143
130
118
101
89
86
82
75
80
76
72
61
51
37
19
2
-3
-7
-16
-27
-36
-46
-58
-84
-116
-132
-143
-154
-163
-169
-181
-191
-203
-216
-213
-205
-203
-190
-182
-168
-153
-150
-154
-157
-152
-154
-155
-153
-156
-154
-161
-171
-173
-175
-185
-193
-205
-198
-191
-189
-181
-183
-184
-191
-189
-172
-161
-151
-131
-118
-94
-66
-40
-19
1
22
38
56
79
91
105
116
120
126
136
150
160
167
167
176
171
178
189
194
198
196
192
202
214
218
217
214
219
213
216
231
252
265
272
282
285
281
271
263
252
242
228
223
210
187
160
133
105
73
55
33
16
-8
-26
-39
-62
-74
-92
-114
-135
-144
-158
-153
-142
-139
-150
-163
-160
-171
-190
-200
-204
-208
-218
-227
-233
-234
-240
-253
-254
-254
-243
-243
-245
-244
-246
-247
-248
-249
-247
-231
-224
-208
-191
-173
-156
-145
-130
-113
-100
-86
-68
-45
-25
-5
10
18
40
45
47
60
66
81
89
93
99
106
112
121
125
138
145
151
164
158
164
180
194
194
196
205
205
195
196
189
180
180
178
173
168
162
149
136
130
133
128
130
136
142
136
128
126
131
123
119
115
108
110
104
97
87
83
67
45
36
31
29
17
7
6
-2
-22
-39
-46
-48
-56
-65
-71
-83
-111
-127
-141
-162
-178
-190
-189
-190
-200
-209
-223
-219
-232
-239
-240
-243
-237
-232
-224
-224
-208
-191
-182
-163
-150
-135
-113
-103
-92
-77
-60
-49
-44
-39
-37
-34
-29
-17
-4
8
14
17
25
20
27
27
26
18
20
33
37
41
48
55
53
50
53
58
59
68
82
96
108
113
120
126
123
123
117
116
115
103
95
86
71
66
56
41
30
20
10
3
2
9
14
16
37
56
70
82
86
95
104
116
133
149
156
151
153
165
164
155
143
128
118
114
102
92
84
74
67
60
41
33
21
7
-4
-15
-35
-52
-64
-74
-83
-81
-80
-95
-103
-112
-129
-135
-143
-155
-162
-163
-170
-170
-172
-177
-183
-184
-192
-191
-190
-180
-179
-172
-166
-170
-159
-149
-144
-140
-129
-117
-103
-88
-80
-76
-58
-40
-27
-21
-8
9
18
23
22
20
33
37
37
45
58
61
71
83
95
112
122
131
141
152
165
170
176
182
176
175
162
146
133
115
98
81
67
50
30
11
-2
-21
-40
-44
-54
-51
-47
-36
-16
-12
-4
9
14
35
42
59
80
85
96
104
108
111
111
105
96
86
79
77
79
75
69
50
38
24
8
-6
-17
-25
-41
-47
-56
-66
-72
-87
-97
-103
-101
-93
-88
-87
-81
-85
-86
-92
-91
-88
-91
-86
-88
-95
-93
-88
-94
-98
-103
-107
-110
-104
-110
-113
-111
-114
-113
-106
-94
-73
-61
-57
-43
-35
-19
-11
-5
10
15
25
32
46
51
62
64
61
63
66
71
73
78
83
86
86
91
88
75
64
60
56
53
50
35
14
-9
-23
-32
-40
-47
-52
-54
-53
-50
-47
-46
-51
-59
-51
-47
-42
-29
-8
8
20
35
50
67
78
98
109
119
126
132
141
153
166
183
188
194
191
191
196
188
176
166
155
143
131
115
109
98
86
75
62
51
35
27
20
1
-10
-14
-37
-52
-64
-72
-82
-91
-99
-116
-120
-124
-134
-140
-148
-153
-161
-164
-168
-171
-179
-186
-190
-194
-204
-212
-215
-224
-227
-227
-217
-206
-200
-194
-181
-183
-172
-155
-139
-122
-114
-95
-77
-61
-43
-17
-1
18
34
54
75
98
121
139
153
161
166
159
160
150
147
144
141
132
122
111
100
88
80
64
52
44
28
23
17
13
8
11
17
19
22
35
42
57
75
84
98
107
131
142
142
153
162
175
179
179
180
185
185
175
158
141
130
110
93
73
62
46
28
15
-1
-12
-26
-38
-56
-74
-90
-103
-108
-112
-124
-122
-128
-127
-127
-138
-148
-152
-161
-168
-160
-170
-171
-172
-177
-186
-196
-195
-201
-205
-200
-191
-191
-182
-168
-156
-146
-133
-122
-111
-102
-91
-89
-78
-62
-51
-41
-24
-15
-11
-6
0
16
26
41
56
71
83
92
103
114
124
129
137
146
148
159
172
173
175
172
176
169
164
162
154
151
141
145
131
130
135
122
111
99
89
73
65
66
63
56
57
53
55
65
70
70
69
67
74
85
94
103
101
97
93
91
81
79
71
63
68
60
57
53
44
28
11
-4
-16
-16
-29
-48
-72
-86
-94
-102
-119
-130
-140
-163
-178
-189
-199
-209
-214
-220
-232
-236
-238
-245
-253
-259
-264
-263
-265
-259
-255
-256
-242
-240
-236
-231
-217
-198
-192
-176
-163
-148
-125
-108
-85
-71
-67
-48
-32
-17
-3
10
31
39
55
74
93
108
120
135
149
156
173
193
197
206
219
227
233
242
245
242
237
227
216
206
187
174
164
157
142
137
127
113
105
95
89
81
66
66
64
71
76
77
83
86
90
100
109
115
126
129
131
139
140
144
151
148
147
146
140
136
127
118
113
96
82
67
51
33
15
-1
-22
-42
-58
-77
-90
-101
-118
-129
-142
-161
-188
-207
-228
-248
-261
-275
-286
-291
-292
-300
-310
-310
-314
-314
-309
-307
-297
-289
-280
-264
-249
-235
-214
-205
-200
-190
-179
-161
-147
-136
-122
-110
-90
-74
-65
-52
-31
-15
5
25
43
54
68
85
96
117
134
152
163
176
188
194
198
202
206
205
206
209
215
214
218
210
203
199
184
173
162
152
144
138
126
109
103
98
84
74
66
62
57
48
37
42
46
46
51
53
54
67
73
75
82
83
88
93
92
92
88
81
76
67
66
65
52
46
32
21
17
16
8
-2
-10
-14
-28
-45
-48
-67
-85
-94
-116
-127
-133
-143
-157
-162
-170
-181
-193
-204
-213
-216
-219
-216
-221
-219
-215
-221
-213
-213
-202
-197
-193
-184
-177
-170
-166
-160
-149
-134
-115
-99
-80
-67
-53
-34
-28
-11
2
18
35
49
57
65
87
95
102
116
129
140
151
162
179
188
191
191
188
188
187
184
178
182
170
167
163
157
144
133
124
111
103
90
79
68
53
40
31
27
28
21
22
19
17
10
15
25
29
39
42
48
58
62
71
66
65
59
55
52
46
44
39
32
30
20
10
2
-11
-20
-30
-36
-39
-46
-58
-63
-72
-87
-94
-101
-107
-116
-128
-136
-152
-160
-158
-167
-176
-180
-178
-174
-178
-178
-173
-169
-171
-165
-164
-152
-143
-132
-125
-127
-119
-113
-106
-92
-84
-76
-58
-44
-28
-20
-16
-12
-3
6
17
26
36
41
48
60
65
65
77
91
99
109
119
123
123
134
147
153
155
165
168
158
156
148
143
136
122
115
107
94
87
81
63
48
40
33
23
21
23
20
22
16
11
5
8
4
5
20
30
36
48
61
68
75
79
77
81
82
87
89
85
81
74
74
75
66
51
34
20
15
9
3
-5
-5
-23
-33
-43
-52
-57
-66
-74
-80
-76
-82
-76
-73
-82
-90
-108
-117
-121
-123
-135
-136
-143
-156
-160
-168
-172
-178
-180
-176
-174
-179
-167
-155
-149
-141
-133
-121
-115
-105
-99
-82
-72
-61
-48
-39
-31
-18
-10
-9
-7
-3
1
12
24
22
30
37
47
56
61
63
64
72
79
85
100
110
113
114
121
127
134
138
135
133
130
132
136
140
137
130
125
117
112
101
95
88
81
88
81
74
73
65
62
58
55
56
54
49
40
37
37
47
42
38
41
40
39
36
35
28
15
9
10
-2
-6
-8
-16
-24
-29
-40
-62
-72
-83
-88
-92
-101
-97
-96
-104
-115
-122
-127
-129
-132
-137
-140
-143
-137
-134
-134
-129
-129
-126
-119
-118
-117
-112
-99
-92
-84
-77
-67
-64
-64
-57
-48
-44
-39
-31
-20
-12
2
6
19
24
31
31
32
43
48
56
64
64
73
76
79
86
93
102
101
106
106
103
105
102
93
95
91
95
92
83
88
89
76
72
58
57
50
42
43
30
30
31
23
20
25
30
27
32
35
41
40
48
48
47
46
49
50
52
56
48
46
43
37
22
14
11
15
11
6
4
-1
-10
-20
-33
-38
-47
-51
-55
-59
-67
-71
-72
-77
-90
-93
-103
-115
-121
-123
-127
-131
-138
-142
-146
-151
-148
-153
-148
-142
-142
-131
-130
-132
-127
-127
-121
-121
-117
-103
-92
-80
-67
-62
-45
-37
-27
-12
1
16
32
38
52
60
65
74
73
79
87
86
89
93
102
104
107
111
112
115
105
103
104
105
109
117
125
130
132
133
137
132
128
120
114
117
109
109
101
99
97
91
89
82
75
69
64
54
52
47
44
28
25
25
20
14
7
6
2
0
-1
-3
-10
-7
-4
-10
-8
-5
-10
-14
-24
-34
-42
-49
-61
-74
-79
-79
-78
-79
-82
-86
-94
-97
-107
-114
-114
-118
-125
-128
-136
-130
-132
-133
-135
-136
-130
-128
-123
-123
-124
-123
-114
-109
-99
-87
-77
-66
-61
-54
-46
-40
-27
-19
-8
6
18
33
47
66
77
82
90
99
103
106
105
110
114
113
115
114
116
110
105
104
98
90
84
79
69
61
55
47
42
33
27
20
19
16
4
-4
-15
-26
-26
-35
-39
-46
-52
-47
-50
-51
-53
-47
-44
-45
-52
-56
-54
-51
-51
-47
-44
-46
-42
-32
-28
-33
-29
-20
-15
-8
1
2
6
6
15
17
16
11
9
18
18
18
18
23
29
30
39
47
48
53
51
52
58
63
64
58
57
64
72
75
71
62
58
55
48
35
24
18
12
6
1
2
-12
-23
-30
-35
-35
-28
-28
-28
-23
-20
-22
-20
-21
-17
-12
-5
0
5
12
10
13
17
19
24
31
32
29
35
37
33
25
26
22
16
13
5
1
-10
-16
-22
-20
-24
-28
-30
-35
-35
-36
-36
-42
-44
-42
-45
-52
-50
-43
-53
-62
-66
-69
-76
-74
-79
-70
-64
-62
-63
-63
-71
-74
-72
-70
-62
-64
-60
-52
-45
-37
-31
-24
-21
-18
-13
-7
4
12
17
26
31
37
42
53
56
54
55
58
62
72
78
75
79
79
81
77
78
72
54
50
49
40
42
37
28
20
7
2
-5
-9
-15
-19
-22
-29
-27
-36
-35
-38
-37
-36
-28
-24
-24
-18
-14
-14
-8
-3
4
18
20
24
35
42
53
58
63
72
73
72
70
69
63
60
60
50
43
38
34
29
27
23
13
10
7
4
1
-6
-8
-13
-21
-27
-36
-42
-52
-58
-71
-76
-77
-73
-75
-79
-74
-72
-63
-58
-55
-57
-55
-60
-57
-57
-51
-50
-49
-41
-45
-42
-39
-36
-29
-18
-14
-4
0
2
16
24
33
37
44
51
61
66
73
74
78
84
90
91
89
85
83
81
81
77
78
71
68
57
49
46
28
20
12
-2
-17
-27
-37
-46
-56
-59
-66
-74
-79
-85
-84
-89
-87
-88
-81
-74
-77
-81
-82
-77
-70
-65
-67
-57
-46
-40
-40
-33
-26
-22
-20
-16
-11
-8
-2
6
11
20
27
29
34
34
37
41
50
61
63
64
64
67
67
69
69
60
60
60
55
53
54
54
49
44
40
39
31
23
24
18
14
7
1
-9
-9
-16
-20
-23
-34
-38
-35
-32
-37
-40
-36
-34
-31
-29
-33
-31
-31
-25
-9
-7
-8
-3
-4
-6
-6
-7
-5
-12
-10
-3
2
7
9
8
8
8
8
7
1
8
9
18
26
22
22
28
27
23
32
28
19
15
10
10
11
6
3
0
-2
1
4
1
4
1
5
6
10
14
13
11
7
4
2
9
3
-1
-7
-7
-3
-4
-10
-13
-17
-19
-26
-23
-20
-21
-16
-17
-18
-28
-33
-36
-41
-38
-36
-34
-36
-34
-32
-35
-29
-26
-30
-31
-32
-33
-39
-30
-28
-28
-27
-30
-33
-36
-37
-33
-36
-34
-30
-29
-24
-18
-8
-5
3
8
14
20
22
26
34
38
36
47
48
53
56
61
66
68
67
68
68
62
63
57
51
53
45
41
42
40
42
38
31
29
15
13
5
3
-2
-3
-10
-22
-17
-24
-22
-23
-19
-29
-34
-33
-38
-39
-40
-40
-41
-31
-28
-22
-21
-16
-15
-21
-12
-12
-11
-3
-3
-4
-1
4
11
7
5
8
2
9
16
15
21
20
20
18
12
9
5
5
9
4
-1
3
-2
-5
-11
-9
-11
-11
-9
-13
-6
-6
-8
-10
-4
-5
-10
-3
0
7
11
10
16
16
15
11
8
8
12
9
6
9
7
11
11
7
10
14
12
16
21
13
16
14
17
22
19
25
23
17
22
16
20
18
10
6
-7
-14
-23
-31
-36
-35
-40
-46
-47
-46
-45
-48
-49
-48
-43
-46
-44
-43
-48
-50
-49
-45
-44
-46
-44
-38
-33
-29
-24
-14
-6
6
9
14
16
17
17
13
13
19
23
27
29
36
36
36
41
43
42
40
40
35
39
36
32
36
26
22
24
20
16
17
14
13
9
9
11
13
16
18
15
12
6
4
4
5
0
-5
-3
0
-8
-18
-18
-21
-28
-32
-23
-17
-18
-13
-9
-6
0
0
4
8
5
10
17
17
17
23
30
34
28
26
22
18
16
9
11
15
21
21
18
11
-2
-6
-3
-10
-16
-23
-26
-28
-27
-25
-32
-37
-37
-44
-42
-43
-45
-41
-46
-44
-49
-48
-52
-61
-61
-60
-54
-49
-48
-46
-45
-36
-28
-24
-24
-18
-10
-8
-2
8
12
15
21
19
23
30
35
36
42
41
50
64
60
56
54
55
59
61
60
64
61
62
58
59
53
44
45
45
44
40
38
34
27
15
5
0
-4
-6
-4
-12
-19
-24
-20
-23
-26
-29
-34
-31
-32
-33
-35
-39
-38
-42
-47
-37
-24
-15
-14
-7
-10
-4
6
9
10
17
21
20
19
16
17
11
10
10
7
6
-7
-8
-10
-15
-19
-24
-24
-31
-35
-40
-37
-35
-29
-35
-35
-37
-45
-49
-51
-50
-54
-49
-46
-41
-39
-38
-36
-32
-32
-25
-22
-23
-19
-12
-7
-2
0
7
12
17
22
29
37
44
44
46
52
53
53
59
61
68
68
62
62
58
60
56
55
55
48
43
40
33
30
28
30
25
19
18
12
9
6
5
1
0
-5
-12
-16
-18
-13
-16
-16
-18
-19
-19
-17
-17
-16
-14
-15
-12
-8
-5
-6
-4
-4
-3
0
-2
-2
1
3
12
10
9
9
10
15
14
17
15
18
23
25
25
21
14
12
9
3
1
4
-1
-10
-7
-2
-3
-11
-10
-16
-15
-14
-18
-18
-20
-19
-29
-31
-28
-33
-35
-39
-50
-51
-54
-52
-58
-58
-50
-44
-41
-45
-44
-45
-40
-36
-31
-25
-30
-33
-26
-33
-34
-34
-37
-40
-41
-39
-38
-35
-33
-29
-27
-27
-19
-4
-1
7
15
20
26
27
29
30
29
31
36
34
35
37
39
36
39
43
43
50
50
47
48
51
51
55
54
52
48
47
47
39
34
29
26
24
24
22
17
17
17
19
17
25
22
15
12
8
5
1
7
3
7
2
-7
-6
-7
-9
-16
-13
-11
-14
-13
-15
-13
-6
-10
-13
-12
-6
-2
3
1
-1
3
1
-1
2
-1
4
1
3
5
0
5
5
6
5
-2
-2
-2
-6
-7
-10
-9
-12
-7
-8
-4
0
-6
-13
-9
-11
-11
-12
-11
-10
-17
-10
-11
-13
-15
-18
-15
-19
-17
-13
-17
-15
-14
-19
-19
-19
-15
-15
-7
-5
-5
-2
-9
-16
-19
-21
-17
-19
-14
-11
-8
-10
-10
-11
-12
-8
-8
-4
-6
-6
-5
3
7
7
6
6
5
11
19
15
15
17
20
21
22
22
19
18
28
31
31
31
25
23
27
21
23
26
15
15
17
17
18
12
6
-2
-9
-10
-14
-17
-12
-17
-20
-16
-16
-23
-21
-24
-21
-21
-16
-13
-16
-14
-19
-18
-19
-9
-10
-10
-3
-7
0
-1
1
-1
-1
-5
-5
-3
-1
-2
-12
-11
-14
-19
-21
-15
-10
-7
-5
0
1
3
3
3
-2
1
3
9
8
4
7
7
10
8
5
3
3
6
6
9
11
5
7
6
4
9
9
9
12
15
15
17
13
5
7
4
2
3
3
6
10
11
20
26
28
34
32
39
48
46
47
47
44
39
42
38
38
36
35
37
36
38
35
35
34
30
28
21
20
14
6
-2
-8
-7
-16
-23
-32
-31
-34
-44
-49
-51
-53
-60
-62
-65
-72
-76
-77
-77
-82
-82
-82
-81
-77
-66
-65
-60
-59
-61
-54
-49
-41
-40
-35
-37
-32
-29
-24
-16
-12
-3
-2
-2
-1
8
14
19
22
30
35
32
34
36
42
51
44
46
50
50
51
46
50
51
45
41
33
25
22
21
13
10
5
-4
-8
-7
-9
-13
-18
-17
-21
-25
-19
-20
-18
-18
-26
-28
-31
-32
-31
-32
-32
-30
-32
-28
-23
-20
-12
-6
-7
-5
-2
-2
2
10
18
25
32
39
43
46
53
60
63
57
57
55
52
53
51
55
62
65
62
61
55
52
52
52
57
54
57
55
45
44
39
34
30
27
28
27
24
17
15
12
11
5
-4
-9
-14
-12
-15
-18
-20
-20
-23
-25
-23
-21
-20
-21
-20
-25
-28
-33
-33
-33
-36
-36
-39
-48
-55
-50
-59
-65
-66
-68
-68
-68
-72
-72
-69
-73
-75
-82
-81
-86
-83
-77
-74
-74
-76
-70
-68
-63
-61
-55
-50
-44
-37
-34
-30
-22
-18
-10
-1
8
12
13
22
22
25
28
33
39
48
50
54
53
56
66
66
69
71
74
68
66
67
62
66
62
65
60
53
52
46
50
46
40
37
33
34
37
33
27
27
26
26
22
18
5
8
6
-2
-1
-5
-3
-2
-4
-3
3
7
7
0
4
0
0
2
-3
-4
-6
-12
-12
-11
-8
-8
-4
0
6
4
-2
2
3
3
2
-3
-1
2
-3
-3
-8
-7
-11
-15
-17
-28
-24
-25
-27
-28
-32
-32
-38
-39
-38
-43
-44
-47
-53
-54
-54
-52
-50
-51
-48
-48
-52
-45
-46
-44
-43
-45
-39
-35
-32
-31
-29
-26
-19
-16
-12
-7
-6
-7
1
1
-1
5
11
16
19
22
28
41
42
53
59
64
70
71
71
69
67
60
63
62
62
63
60
56
57
57
57
57
54
47
43
39
38
34
34
33
33
27
21
19
11
8
8
-3
-6
1
2
-7
-2
-8
-11
-13
-11
-13
-16
-17
-25
-23
-25
-25
-26
-23
-34
-36
-45
-42
-41
-42
-42
-47
-49
-53
-50
-46
-45
-45
-40
-41
-37
-36
-36
-38
-39
-41
-46
-50
-52
-47
-50
-49
-48
-46
-46
-46
-40
-37
-35
-31
-27
-17
-18
-16
-14
-16
-15
-15
-7
3
11
19
22
25
30
34
39
48
47
50
59
61
67
64
64
66
63
67
71
73
73
71
69
70
68
65
66
67
62
56
51
53
54
46
44
42
33
25
22
22
17
17
12
3
-1
-14
-16
-22
-29
-26
-31
-35
-38
-36
-35
-36
-37
-38
-38
-40
-39
-35
-28
-25
-27
-26
-21
-22
-17
-8
-5
-2
1
1
7
11
8
11
12
10
8
6
4
7
3
0
-5
-7
-4
-6
-7
-13
-19
-27
-26
-27
-34
-39
-38
-39
-47
-41
-39
-45
-45
-48
-48
-51
-51
-53
-53
-58
-57
-62
-62
-57
-53
-50
-43
-38
-33
-24
-19
-16
-12
-6
-6
-3
-5
0
1
9
16
14
22
22
29
39
40
44
46
50
50
46
44
42
44
43
41
41
43
41
43
43
42
37
38
38
35
32
29
25
25
21
17
14
15
11
7
5
10
12
13
14
14
14
12
14
17
22
21
22
23
21
23
25
26
20
20
14
15
14
13
12
10
13
9
9
3
-7
-10
-13
-13
-13
-13
-15
-20
-23
-24
-32
-31
-28
-32
-30
-35
-35
-35
-34
-40
-44
-47
-46
-40
-44
-43
-38
-33
-23
-24
-20
-16
-8
-3
-4
1
8
10
16
19
30
31
31
31
33
37
39
39
40
41
37
34
32
31
27
26
25
20
20
15
6
0
-1
-4
-8
-6
-10
-9
-11
-13
-14
-21
-18
-24
-26
-30
-34
-39
-34
-36
-41
-44
-46
-53
-50
-45
-46
-42
-41
-33
-31
-30
-28
-25
-18
-14
-11
-10
-3
-1
2
3
8
13
17
20
29
31
29
31
26
28
24
26
24
28
30
30
24
23
19
21
20
14
11
3
1
-5
-5
-11
-17
-19
-16
-19
-18
-12
-15
-14
-17
-13
-9
-12
-10
-8
-5
1
7
11
12
18
22
24
24
22
25
24
23
26
31
31
36
40
43
45
40
37
34
38
37
33
35
32
29
23
20
12
9
4
-5
-7
-14
-19
-22
-23
-27
-30
-28
-27
-29
-32
-31
-27
-25
-26
-29
-32
-33
-35
-37
-34
-33
-31
-26
-24
-20
-11
-11
-9
-7
-5
-2
-3
-1
-2
-3
-3
-3
-1
-6
-7
-7
-6
-2
0
1
2
7
8
9
6
7
3
6
5
5
7
3
7
4
3
4
8
4
5
-1
-3
0
-4
-1
-1
-2
-2
-4
-5
-4
-7
-5
-4
-8
-6
-1
-2
-4
-2
0
2
0
1
3
2
0
7
10
8
10
12
14
11
12
12
14
17
14
13
16
15
13
12
11
10
8
9
9
9
8
9
8
1
-2
-4
-1
0
-3
-6
-4
-5
-3
-1
-3
-1
-1
-3
-5
-9
-9
-9
-10
-11
-14
-12
-16
-14
-15
-14
-12
-11
-8
-7
-3
-1
-3
1
3
7
7
7
11
7
6
7
9
8
8
9
6
7
8
8
8
8
4
5
5
0
-2
-5
-9
-8
-6
-5
-3
-2
0
3
4
10
10
14
15
14
16
17
18
18
19
21
20
19
18
17
13
11
11
9
6
0
-1
1
-3
-9
-15
-21
-25
-27
-33
-33
-31
-33
-37
-37
-40
-42
-44
-45
-43
-41
-36
-32
-30
-27
-23
-22
-20
-18
-14
-12
-9
-9
-9
-6
-3
0
3
8
13
15
19
26
27
30
30
33
37
35
36
34
35
36
34
32
34
33
31
29
28
29
27
23
19
15
14
13
9
7
6
7
0
-3
-7
-10
-10
-12
-13
-14
-18
-19
-18
-21
-27
-27
-30
-32
-33
-31
-34
-31
-30
-28
-28
-24
-22
-25
-22
-22
-15
-10
-6
-4
-5
-1
-2
1
2
7
8
6
8
13
16
15
17
16
17
18
17
17
14
19
19
21
19
17
21
22
22
21
23
23
23
20
17
14
11
9
4
6
5
2
2
3
3
0
0
0
1
2
4
3
4
4
0
-1
-3
-2
-2
-3
-7
-6
-7
-6
-9
-10
-11
-10
-14
-14
-16
-19
-18
-18
-16
-16
-13
-12
-13
-13
-13
-13
-13
-10
-10
-12
-9
-8
-6
-10
-8
-7
-8
-8
-7
-8
-5
-7
-5
-1
-4
-4
-6
-6
-6
-5
0
-1
0
1
4
8
5
10
12
14
14
14
12
9
9
10
7
6
5
6
12
12
13
13
10
13
9
8
6
3
1
0
-1
-1
-2
0
4
6
7
10
12
13
14
15
14
10
10
11
12
11
10
11
9
6
7
8
8
5
5
4
3
2
2
1
2
1
-2
1
-3
-3
-5
-4
-5
-4
-5
-3
-3
-4
-7
-12
-12
-13
-12
-16
-20
-19
-16
-16
-16
-15
-15
-11
-11
-9
-7
-7
-9
-11
-12
-12
-14
-14
-13
-12
-11
-12
-12
-12
-13
-9
-9
-6
-4
-2
0
2
2
2
4
4
4
3
3
4
4
5
5
4
5
1
1
2
2
2
0
0
0
1
0
1
2
1
2
0
2
2
3
5
2
5
5
5
4
6
6
6
12
12
16
18
18
20
21
22
19
18
17
18
18
17
15
12
10
11
10
10
10
12
11
10
11
9
11
9
7
3
0
0
-1
-6
-7
-8
-11
-13
-14
-16
-17
-19
-21
-22
-22
-20
-21
-18
-17
-16
-17
-15
-17
-17
-18
-16
-19
-19
-20
-21
-19
-19
-19
-20
-19
-19
-17
-15
-12
-8
-6
-4
1
2
1
2
6
6
9
9
9
10
10
13
12
13
14
14
15
19
18
15
16
16
19
18
19
17
15
19
17
17
16
14
11
9
11
9
6
5
1
-1
-3
-6
-10
-10
-14
-18
-18
-20
-17
-18
-20
-19
-17
-13
-10
-10
-8
-8
-5
-4
-5
0
-1
1
-2
1
1
1
3
3
3
5
8
6
11
11
9
7
6
10
9
12
12
11
12
10
10
8
7
4
5
10
8
11
12
14
14
13
13
14
14
14
14
15
15
14
14
15
12
11
8
7
5
0
2
-1
1
-1
-3
-4
0
-3
-4
-5
-6
-9
-10
-12
-15
-16
-18
-20
-20
-21
-24
-24
-27
-28
-26
-24
-22
-21
-17
-18
-16
-14
-9
-6
-6
-5
-6
-6
-8
-10
-9
-7
-10
-11
-10
-8
-7
-7
-6
-5
-5
-3
-3
-2
-1
-2
0
0
1
0
-2
-2
-2
-2
1
3
0
1
3
1
5
7
8
9
10
10
10
10
11
10
8
8
6
5
5
4
5
4
4
4
2
3
3
3
4
6
6
4
6
6
10
8
7
8
8
8
7
8
10
9
7
7
2
2
3
5
4
4
6
3
3
1
1
0
-1
-1
-1
-1
-2
-4
-4
-4
-5
-5
-7
-5
-4
-4
-2
-2
-4
-2
-3
-4
-3
2
2
3
6
5
8
10
11
15
14
14
14
15
13
15
15
15
14
13
15
13
12
11
8
6
5
3
-1
-2
-5
-8
-9
-10
-9
-11
-12
-15
-15
-13
-13
-14
-12
-12
-13
-14
-15
-13
-13
-16
-17
-18
-15
-12
-11
-11
-10
-8
-8
-7
-9
-8
-9
-8
-5
-4
-4
-4
-2
-3
-3
-1
0
2
4
5
6
6
6
3
3
2
2
3
4
3
1
-1
-1
1
1
0
1
3
2
3
4
3
3
2
4
3
2
1
3
0
1
1
0
1
2
3
3
1
0
0
1
-1
-2
-3
-5
-6
-9
-10
-13
-11
-12
-12
-11
-10
-11
-8
-6
-3
0
0
1
3
4
4
6
7
9
10
10
10
11
11
10
9
8
7
6
4
7
7
7
6
7
6
6
6
7
5
6
7
8
9
10
12
14
14
12
15
15
13
13
12
12
10
7
4
3
1
-1
0
0
1
0
0
-2
-2
-1
-3
-4
-4
-5
-5
-8
-9
-9
-10
-10
-10
-9
-9
-9
-9
-7
-7
-7
-7
-7
-7
-8
-7
-6
-5
-6
-3
-4
-4
-3
-2
-3
-1
-2
1
2
2
4
4
4
4
5
6
6
6
3
1
1
1
-2
-5
-5
-5
-6
-7
-7
-8
-7
-7
-8
-8
-11
-10
-9
-10
-7
-8
-8
-8
-6
-5
-6
-4
-4
-5
-6
-8
-6
-8
-6
-3
-2
-2
-1
0
1
-1
0
-1
-1
-1
-5
-5
-5
-4
-5
-3
-2
-2
0
-2
0
0
1
2
2
2
1
3
4
4
4
5
8
9
9
12
14
13
13
13
15
14
17
15
14
14
14
15
14
13
13
13
10
9
8
9
8
9
8
8
7
10
10
9
10
10
10
10
9
8
7
6
4
1
2
2
1
-2
-4
-4
-5
-5
-7
-8
-10
-10
-11
-11
-11
-11
-12
-13
-11
-13
-14
-15
-17
-17
-17
-16
-14
-13
-16
-14
-12
-12
-10
-8
-8
-11
-9
-9
-7
-6
-7
-7
-5
-4
-1
-1
-2
-1
1
2
0
2
2
2
3
3
4
4
3
4
5
6
5
5
6
6
6
4
5
3
3
2
-1
0
-1
-2
-3
-2
-1
-3
-2
-1
-2
-1
-1
-2
-1
0
-2
-1
-1
-2
-4
-4
-3
-4
-5
-2
-5
-6
-5
-5
-6
-6
-7
-8
-8
-8
-6
-6
-5
-3
-3
-3
-2
1
2
1
1
3
6
7
8
10
10
10
11
12
13
17
14
14
14
14
13
13
13
13
13
13
15
13
12
12
12
14
12
12
14
14
13
11
9
10
9
5
4
3
2
2
1
0
3
2
2
0
0
-2
-2
-2
-3
-6
-7
-8
-7
-9
-9
-10
-10
-10
-11
-10
-11
-11
-12
-13
-13
-13
-15
-17
-17
-17
-19
-17
-14
-15
-12
-13
-13
-11
-8
-8
-7
-6
-5
-5
-5
-1
-2
-2
-3
-2
1
2
4
6
6
2
5
3
3
3
3
3
4
7
6
8
8
6
8
8
9
13
12
12
14
13
13
11
8
9
8
7
5
4
3
4
5
5
3
3
2
0
0
0
-3
-3
-4
-3
-5
-3
-4
-4
-5
-5
-5
-7
-8
-10
-11
-10
-10
-9
-9
-8
-8
-8
-7
-7
-6
-4
-5
-6
-5
-4
-4
-4
-4
-4
-4
-7
-7
-5
-5
-5
-4
-5
-4
-4
-4
-3
-4
-3
-4
-3
0
-1
-3
-2
-2
0
0
1
2
1
3
3
5
5
8
8
8
11
10
9
10
11
11
11
9
10
9
9
9
10
10
8
9
8
7
6
5
4
4
5
5
5
3
3
4
2
4
2
0
-1
-1
2
2
1
3
2
1
1
2
3
3
3
2
1
2
2
2
2
0
0
0
-2
-2
-3
-5
-5
-6
-5
-7
-8
-6
-5
-5
-6
-5
-5
-6
-5
-7
-8
-8
-8
-8
-7
-7
-6
-6
-6
-5
-5
-5
-3
-3
-5
-5
-3
-3
-3
-3
-1
-2
-3
0
0
0
0
0
-1
1
2
2
2
2
1
2
1
0
-1
0
0
-1
0
0
-2
-2
-2
-1
-1
0
0
0
0
0
1
2
3
5
3
4
4
4
4
4
6
5
6
5
5
7
7
6
7
5
6
3
3
5
3
4
3
3
2
1
3
1
1
0
-2
-1
0
-1
-3
-2
-1
0
-2
-2
-2
-2
-3
-3
-3
-3
-4
-4
-3
-2
-2
-4
-4
-3
-2
-3
-1
-2
-2
-3
-3
-2
-3
-2
-1
-1
-1
1
1
4
1
1
1
1
2
3
4
4
3
4
7
6
7
6
4
5
6
7
6
5
4
4
3
2
3
3
3
4
5
5
5
5
2
3
2
2
1
1
-1
-4
-2
-4
-5
-5
-6
-7
-7
-6
-7
-7
-8
-9
-8
-9
-8
-8
-8
-8
-9
-8
-7
-8
-8
-7
-6
-6
-8
-6
-7
-8
-7
-7
-6
-6
-5
-4
-3
-3
-2
-3
-3
-4
-3
-2
-2
-2
-2
-1
-2
1
1
1
2
1
0
4
3
3
4
5
5
6
6
7
6
6
9
9
8
9
9
8
8
8
8
8
8
7
7
9
6
6
6
6
5
3
4
5
3
3
3
3
1
1
1
-2
-1
-1
-1
-3
-3
-4
-4
-4
-5
-4
-3
-4
-3
-2
-2
-3
-4
-2
-2
-3
-1
0
-1
-1
-1
-2
0
0
1
2
0
1
3
3
3
4
4
3
1
3
2
0
0
1
0
-1
-2
-2
-3
-3
-4
-2
-2
-2
0
-1
1
0
0
0
0
1
1
1
1
2
3
3
3
5
5
5
5
3
4
3
0
-2
-2
-3
-3
-4
-4
-5
-4
-5
-5
-6
-5
-6
-6
-5
-4
-4
-2
-1
1
1
1
1
1
2
2
2
2
1
2
1
1
1
2
1
0
1
1
1
-1
-2
-3
-4
-3
-3
-2
-2
-2
-2
-2
-1
0
0
2
3
4
4
6
7
7
7
6
5
3
3
1
2
0
1
1
0
0
0
0
0
-1
-1
0
-1
-3
-2
-3
-3
-3
-5
-5
-5
-5
-6
-6
-5
-7
-5
-6
-7
-7
-6
-5
-6
-6
-5
-4
-4
-2
-2
0
0
2
3
2
2
2
4
5
7
9
10
11
11
11
10
9
9
10
9
7
7
8
7
7
4
5
3
2
2
1
1
0
-1
0
-2
-2
-2
-3
-2
-3
-4
-4
-5
-5
-6
-6
-6
-7
-8
-8
-8
-6
-5
-5
-4
-5
-5
-5
-7
-5
-6
-7
-6
-7
-6
-5
-6
-4
-3
-2
-3
-2
-2
-2
0
-1
1
3
3
3
5
5
5
5
6
5
6
7
6
8
8
10
10
10
11
10
9
8
7
6
6
4
4
3
2
1
-2
-1
-4
-6
-7
-7
-8
-7
-7
-7
-6
-5
-6
-5
-5
-4
-4
-4
-6
-6
-6
-6
-5
-4
-4
-5
-3
-2
-2
-2
-1
0
0
0
1
2
1
1
1
2
2
3
1
2
2
3
2
1
0
-1
-1
0
1
1
2
1
2
2
2
4
3
3
3
3
4
2
3
3
3
3
2
3
2
2
1
2
3
4
4
3
5
5
3
2
2
1
2
1
2
3
2
2
4
4
2
2
1
1
0
-1
-1
-2
-3
-2
-3
-2
-1
-3
-4
-4
-5
-5
-7
-6
-6
-5
-4
-5
-5
-4
-5
-3
-3
-4
-3
-3
-2
-2
0
-1
0
2
2
2
4
4
4
4
4
5
5
5
3
3
2
3
4
3
3
3
1
3
3
4
3
3
4
4
4
5
4
4
4
3
3
3
3
1
0
1
1
0
0
-1
-2
-1
-3
-4
