2
1
2
0
-3
-1
-5
0
0
3
-2
-1
-5
-5
-3
-3
-3
-2
-8
-3
1
2
1
-9
-1
-8
-2
1
1
4
2
4
1
7
3
-3
0
-1
0
-2
-1
-3
-2
3
-1
1
3
-6
-4
-4
-1
-1
1
4
1
1
1
-4
-1
1
5
3
1
0
0
1
3
4
3
4
2
2
-3
0
1
3
5
8
6
4
2
2
-1
-1
-2
-3
0
2
8
4
4
-1
-4
-2
-1
3
-1
-1
-1
-6
1
-4
-3
2
1
-2
-2
-5
-4
-1
3
4
0
-2
-5
-6
-5
-2
0
-1
-3
3
-1
-2
0
-2
1
3
3
2
-3
-3
-5
-1
-1
-3
1
3
2
-1
0
-3
-4
-3
-1
2
4
-1
-2
-1
-2
0
0
5
0
0
2
1
3
4
2
2
-3
2
5
4
7
5
4
2
3
1
-5
-2
1
7
6
6
1
-4
2
1
1
1
4
7
0
-1
-1
-7
0
-2
4
-6
-1
-3
-2
2
-2
-2
-3
-7
7
0
0
3
-1
-1
-4
0
-7
-1
-3
-3
-4
3
3
4
-2
-2
-6
-5
-7
2
1
-3
-3
-3
0
-5
4
-2
5
2
3
-1
-1
-3
-1
-2
-1
-6
4
0
2
4
2
8
-3
-1
-4
0
4
2
-6
-1
0
1
1
5
0
2
1
3
-2
-3
2
1
1
-3
-1
6
4
-1
-3
-3
1
-1
-3
-1
-3
4
2
2
1
-2
-2
-2
2
0
4
2
0
-3
1
-4
-4
-1
3
-3
2
3
-3
2
-1
6
-5
-3
-1
0
0
1
-4
-3
1
8
5
0
2
-5
-2
-7
-2
6
3
1
6
-3
1
5
3
-4
1
4
3
3
5
3
6
10
3
2
-2
-4
0
-2
9
5
6
6
-1
2
4
-3
1
-4
0
-2
1
-1
6
-2
1
-3
-6
-2
-3
-2
0
2
3
2
-5
0
-8
0
-2
0
0
1
-1
-1
-2
-5
-2
-2
-4
0
-3
-3
-1
0
-5
-3
1
-2
2
5
-2
-7
-3
-2
2
0
1
2
-2
1
3
-8
-7
-4
-2
1
1
8
-4
-1
-4
-8
-5
-7
5
-4
7
1
-5
-1
-6
-1
-1
-2
6
-1
2
-1
4
5
0
4
-2
-3
3
3
5
1
3
5
0
4
-1
6
-2
2
3
4
10
-3
-4
-1
-7
5
7
2
3
-4
7
-7
1
3
-4
4
10
11
1
5
3
-3
-4
3
6
4
0
4
-5
4
10
2
-7
-9
3
-3
1
2
0
1
3
-2
-9
-5
0
0
4
-5
-1
0
0
-3
-13
-3
-11
4
-1
-3
-4
-5
1
-3
-1
-2
-8
4
3
-1
-1
-8
-1
-6
3
4
4
3
1
1
-6
-7
-2
2
14
6
4
0
-4
1
-3
5
-2
-1
2
-2
-1
2
-1
5
1
3
0
1
0
-3
5
1
4
0
-1
2
3
6
-2
-3
0
-2
5
6
2
-4
-5
-3
-5
-9
0
8
7
4
2
-10
-7
-1
-8
-2
-5
2
-1
1
0
-12
-5
-1
3
0
-2
0
-4
-1
-3
-9
-3
-3
1
-1
-2
0
-5
1
0
0
-2
-3
-1
-1
-2
5
-2
-6
-6
1
6
3
4
3
6
8
2
-5
-8
3
7
5
11
9
5
-3
-6
-4
2
8
9
3
2
0
6
4
-3
-2
-3
6
6
-3
-1
3
2
6
3
1
0
-4
-3
-1
-5
2
5
2
-1
1
-12
-1
-2
6
2
-4
2
0
-1
-2
-10
-1
4
7
4
-1
6
-2
-2
-6
-5
-4
-3
11
-3
5
8
4
9
-5
-4
-5
-3
13
-2
2
-5
-7
0
-5
2
-4
3
3
5
8
-5
-9
-14
-7
1
1
6
-10
-5
1
4
8
0
-3
-8
-3
5
-9
-5
3
-1
5
4
11
-1
-3
0
-4
1
4
1
-4
-2
6
3
8
-1
-11
-10
-7
4
6
4
2
0
-8
-8
-2
-1
1
5
10
8
-4
-11
-5
-2
6
5
2
-2
-7
-4
-3
-4
5
-2
0
-6
-2
-3
-7
2
10
4
-1
6
2
2
8
4
0
8
3
5
-9
-14
2
6
16
6
10
-8
-9
-2
-6
-3
0
-5
-4
0
8
3
-3
-3
-7
4
1
0
-12
-4
4
3
7
-2
-8
-4
7
-4
6
-1
5
1
4
-1
-1
4
10
-2
1
8
-1
3
1
0
-2
2
-1
-2
4
-1
-1
-8
6
4
2
-1
-7
-2
-4
-6
-9
2
5
3
5
9
-1
-7
-2
1
7
13
-5
-5
3
5
13
-2
-6
-4
8
13
-2
-7
-18
-9
0
7
1
-8
16
8
1
-1
-11
-10
-16
4
1
-5
7
11
6
-2
-13
-15
-11
-1
4
-5
1
-3
-8
-2
1
-6
-4
2
-7
0
-8
-9
-1
6
6
4
2
3
-10
4
-6
-7
10
13
9
4
6
-3
-1
3
-7
-4
0
6
1
-2
9
-8
6
-3
-1
-5
-1
6
0
10
4
-2
-3
-10
4
9
9
12
0
7
6
-1
-7
-13
11
5
14
6
0
-1
-3
-7
-13
-5
-1
12
8
6
-2
-1
6
-1
-14
-18
-11
-1
3
1
-4
-5
11
8
-4
-21
-7
-1
4
9
3
7
5
-3
-10
-12
2
0
3
6
9
9
5
-4
-5
-5
-5
1
10
11
1
4
4
1
1
-6
-9
-7
8
7
-2
1
-11
-6
0
13
13
8
3
-2
-3
-4
-9
3
10
12
6
2
4
-4
-5
-8
-11
-14
-8
-5
-1
-3
-3
1
4
1
-4
-12
-20
-10
-6
-2
1
9
8
8
3
5
1
0
-4
-13
-7
-3
0
6
6
8
2
3
3
-12
-9
-4
16
8
6
0
-4
-14
-15
-3
6
12
13
7
2
-5
-4
-1
-1
5
4
1
-3
-4
1
-3
5
10
8
0
-4
-7
-13
-4
5
11
3
3
7
6
3
0
-16
-14
-4
-5
2
-6
6
-10
2
16
2
-4
-2
7
2
-4
0
-9
4
14
9
13
5
0
-10
0
1
-11
-1
-7
-7
-2
-11
-16
-15
6
8
7
18
10
-3
-5
2
-1
0
9
-1
12
24
21
8
-2
1
-1
-5
1
0
3
9
9
3
-8
-8
-12
1
9
10
6
-18
-20
-24
-10
5
6
11
12
1
-7
-18
-8
-6
6
8
0
6
1
2
-3
-12
-4
1
3
8
3
-10
-20
-5
-3
-5
-5
9
5
-1
5
0
-1
-9
-8
-4
0
5
3
0
2
10
6
-4
-14
-17
-4
-4
6
5
6
10
3
-2
-15
-18
-8
5
18
15
4
3
-1
-7
-15
0
-3
6
17
10
-6
-11
-7
-6
6
11
-3
-3
2
4
4
-2
-2
-13
-4
9
8
10
2
-1
9
6
6
0
-3
1
-4
7
8
5
0
-5
-4
-3
9
8
-1
6
-7
-8
-1
0
-10
-8
-2
0
5
1
-5
-4
-5
-4
-3
-2
-4
-8
3
6
-10
-6
2
8
9
10
14
15
21
22
6
2
4
-1
2
-9
-4
-9
7
12
8
13
6
-9
-21
-11
-15
-4
1
4
6
8
2
-3
-8
-2
5
8
1
-16
-1
7
11
7
6
-7
-4
-1
-12
-14
-10
3
6
2
-5
-19
-10
3
7
12
7
-8
-25
-23
-21
-15
0
25
21
16
18
-2
-17
-12
-14
4
13
8
6
7
4
-14
-16
-6
10
0
8
13
9
13
-2
-12
-9
-4
-6
-6
-9
-9
1
11
7
-5
-12
2
6
7
6
-8
-4
-5
0
10
-4
-3
8
12
16
8
-5
-8
-5
1
-4
0
5
-2
-1
-4
2
-7
-11
0
3
5
3
-8
-5
5
1
-17
-24
-14
-3
5
14
21
5
0
2
-7
-7
-4
12
15
19
26
6
-9
-17
-18
-13
-3
6
14
23
13
7
-17
-7
-9
-8
-3
-5
2
-3
6
9
1
-9
5
17
14
2
-13
-21
-13
-11
-1
3
10
20
16
26
17
-3
-14
-7
2
3
9
9
2
6
11
-4
-24
-30
-29
-10
6
10
2
6
3
-7
-8
-8
2
5
11
6
0
2
2
-3
-6
2
13
15
10
4
-5
-8
-9
5
-5
-2
9
2
-9
-23
-14
-6
10
17
11
-2
-12
-14
-8
-11
-7
-4
4
18
12
9
-5
-8
-6
2
4
6
6
6
2
-3
-10
-20
-21
-11
0
7
14
16
8
-1
-15
-21
-22
-1
9
5
12
3
-11
-5
0
1
2
8
9
10
5
-5
-8
-2
7
11
16
8
-2
-11
-8
-6
4
8
6
7
-7
-9
-9
-13
-3
2
8
5
4
3
-17
-14
-13
2
11
12
16
3
3
3
4
5
-1
-1
0
0
-2
-6
-3
3
14
14
5
-3
-14
-13
-9
-1
-1
0
5
-3
-7
0
4
0
11
22
10
4
-4
-10
-1
3
1
0
13
15
3
4
0
0
-3
1
-7
-11
-4
-3
2
6
1
-4
-10
-9
-8
-6
-1
-1
14
13
2
-8
-11
-2
-1
12
11
4
-6
-18
-16
-13
1
6
11
7
-10
-17
-15
-13
-7
0
3
3
7
1
-6
-10
0
6
13
9
0
-7
-10
-4
-3
4
9
14
10
19
9
2
-7
-8
-5
-4
2
5
8
1
4
-2
-2
-7
-5
-13
-8
5
10
10
9
2
-2
2
5
0
0
-6
1
5
1
1
1
0
-5
-6
-12
-22
-14
-10
0
11
4
11
3
4
3
5
7
-2
4
3
-5
-9
-2
3
12
12
9
-9
-15
-20
-15
-10
2
11
11
15
-1
-6
-9
-17
-3
-1
2
8
8
14
1
1
7
-5
-5
-3
4
9
10
12
1
3
5
4
2
-9
-6
-15
-7
-10
-6
-2
-3
2
2
-3
-6
2
3
5
13
8
7
10
8
4
-2
-2
-3
-4
1
7
5
2
2
-2
-7
-16
-16
-15
-14
-3
2
10
11
2
-1
-8
-5
0
5
21
17
14
-3
-5
-6
-4
9
19
16
12
-1
-19
-24
-23
-10
4
14
10
-4
-18
-22
-19
-14
-4
5
6
8
7
0
2
0
-1
0
-1
6
6
10
2
-4
-4
-3
-2
-1
-3
-7
-6
-3
-3
-2
1
4
4
0
2
-4
-2
7
8
5
-3
5
3
6
5
1
-3
-4
5
8
0
-4
-2
-2
9
10
4
6
8
9
6
14
10
-5
-1
3
0
2
4
-1
-7
-2
-9
-12
-11
-9
-3
4
3
-5
-6
2
2
4
1
-4
1
-1
3
2
2
3
1
-3
-7
-7
2
2
-2
-12
-15
-6
-3
0
-6
-4
-5
-9
-9
-9
-4
-6
0
2
-6
-4
2
3
6
11
9
7
12
13
5
1
2
1
-4
-4
-6
-4
5
8
4
1
-4
-5
0
0
2
2
-1
4
13
19
13
3
3
-2
-3
-8
-6
2
11
15
9
1
-7
-12
-8
0
-1
4
10
10
6
-1
-5
-5
-1
-6
-8
-6
-3
7
10
11
-4
-9
-8
-15
-14
-8
-1
0
3
8
8
4
-5
-12
-11
-3
-4
-3
-4
-4
1
-1
-2
-2
-2
-2
-6
-4
-3
-5
-1
1
2
3
5
-1
-2
0
0
-2
1
6
6
2
-3
-1
-1
3
7
7
3
-2
-3
-2
2
6
9
6
2
4
2
1
2
0
6
11
14
10
5
-1
-4
-10
-11
-10
-7
1
6
6
4
-2
-6
-8
-6
-3
-3
-1
2
4
-1
3
3
1
2
0
0
-3
-6
-5
-6
-1
-1
-1
-2
-10
-5
-3
-7
-8
-8
-7
-10
-3
1
-5
-7
-5
-3
-2
3
5
7
11
16
9
2
2
1
1
2
4
5
9
10
8
9
5
-2
-2
-2
-2
0
0
2
0
3
6
2
5
7
10
8
4
7
11
9
7
12
10
7
7
7
3
1
6
3
4
-2
-5
-3
-3
-4
-5
1
-1
-5
-6
-9
-6
-10
-11
-8
-4
0
3
6
0
-6
-8
-10
-8
-4
0
-3
-4
1
3
-1
-4
-4
-5
-4
-7
-11
-9
-6
-5
-7
-4
-6
-7
-2
-2
-6
-9
-10
-12
-4
2
-4
-5
-4
-1
1
-1
0
-3
-2
0
4
5
3
4
2
-2
-8
-10
-8
-6
2
10
6
0
-2
-5
-10
-11
-8
-9
-6
-2
-2
-1
-2
-2
0
2
9
7
10
12
15
23
24
20
16
13
15
13
12
14
15
13
13
8
4
4
-2
-1
1
1
-7
-6
-3
0
7
9
12
9
12
10
8
10
9
10
9
10
9
12
13
8
6
3
3
0
-2
-4
1
1
-6
-13
-17
-23
-25
-25
-22
-19
-18
-17
-15
-10
-11
-10
-13
-14
-16
-21
-22
-19
-17
-12
-10
-6
-5
-1
1
-1
-8
-17
-17
-22
-16
-10
-4
-1
-3
1
1
4
8
9
14
16
13
13
7
7
10
10
15
17
21
20
27
30
24
27
23
23
24
24
18
14
11
2
-4
-12
-10
-8
-5
1
0
0
-3
-1
3
-2
2
2
2
4
3
7
9
12
11
11
9
5
-2
-5
-9
-13
-15
-15
-13
-10
-10
-15
-14
-14
-17
-15
-14
-10
-7
-8
-7
-9
-9
-16
-15
-17
-20
-18
-17
-17
-19
-20
-20
-18
-14
-13
-8
-13
-16
-13
-12
-12
-13
-13
-13
-12
-14
-19
-18
-16
-16
-14
-13
-7
-2
10
20
22
22
23
28
31
39
52
60
64
65
63
61
56
54
54
55
50
43
37
30
23
10
5
4
4
6
3
-1
-3
-8
-8
-7
-6
-8
-6
-8
-12
-7
-7
-3
-2
1
5
-4
-5
-8
-12
-15
-12
-9
-9
-12
-13
-20
-25
-23
-29
-30
-29
-22
-23
-23
-23
-22
-24
-29
-29
-32
-30
-27
-27
-22
-16
-12
-11
-9
-16
-21
-32
-33
-31
-31
-35
-49
-51
-63
-78
-95
-103
-120
-128
-131
-130
-123
-112
-93
-72
-50
-20
15
54
102
147
199
231
263
286
289
300
301
300
294
281
256
220
180
128
80
25
-35
-85
-134
-173
-206
-227
-235
-232
-222
-203
-172
-138
-101
-51
-3
49
97
143
192
230
252
260
255
239
219
194
163
137
106
67
30
-8
-51
-91
-132
-176
-208
-237
-263
-285
-299
-307
-310
-303
-291
-268
-227
-180
-137
-91
-36
10
67
108
136
165
184
190
192
182
164
124
80
11
-81
-190
-312
-392
-495
-594
-685
-734
-737
-744
-727
-690
-609
-478
-336
-162
15
224
430
624
822
988
1144
1221
1278
1339
1330
1325
1236
1123
995
815
650
442
246
31
-212
-420
-599
-758
-883
-993
-1045
-1044
-979
-896
-783
-638
-433
-195
31
248
451
634
779
889
977
1036
1050
1030
973
943
856
745
607
452
298
114
-61
-248
-420
-577
-750
-896
-1017
-1116
-1166
-1199
-1201
-1163
-1098
-990
-863
-707
-503
-300
-126
61
201
351
487
599
692
719
741
703
644
550
444
296
148
-2
-172
-338
-533
-716
-890
-1049
-1143
-1263
-1369
-1422
-1410
-1344
-1284
-1158
-988
-756
-489
-244
11
270
561
831
1072
1308
1517
1688
1796
1865
1924
1927
1833
1704
1524
1314
1051
762
478
186
-90
-411
-674
-925
-1101
-1215
-1339
-1373
-1355
-1263
-1141
-991
-761
-508
-234
38
301
583
788
973
1124
1235
1333
1363
1346
1285
1233
1115
936
730
517
316
101
-95
-278
-443
-625
-816
-978
-1121
-1236
-1331
-1371
-1350
-1287
-1205
-1073
-928
-779
-585
-383
-172
55
280
457
611
752
858
919
926
905
843
733
584
437
262
79
-109
-292
-458
-602
-712
-828
-902
-1009
-1107
-1168
-1208
-1196
-1227
-1230
-1210
-1115
-992
-910
-810
-640
-398
-151
63
289
545
844
1098
1292
1492
1642
1790
1844
1851
1871
1837
1753
1541
1323
1111
828
533
192
-114
-359
-618
-865
-1078
-1203
-1310
-1393
-1383
-1332
-1227
-1065
-876
-628
-414
-109
137
357
618
832
997
1106
1230
1322
1291
1274
1199
1114
993
838
707
480
315
126
-69
-239
-457
-637
-862
-1007
-1103
-1204
-1254
-1320
-1302
-1269
-1198
-1078
-938
-756
-558
-326
-71
162
402
600
748
868
960
1008
984
950
887
782
651
449
254
72
-136
-354
-555
-707
-864
-970
-1052
-1092
-1122
-1161
-1201
-1201
-1168
-1177
-1183
-1107
-996
-903
-817
-690
-457
-213
30
238
458
750
1022
1267
1447
1642
1852
1966
2007
1989
1970
1880
1681
1466
1222
948
618
263
-72
-392
-637
-951
-1218
-1369
-1500
-1574
-1614
-1545
-1397
-1232
-1026
-819
-566
-289
-20
196
439
705
914
1048
1160
1236
1299
1290
1260
1206
1101
1014
856
697
543
373
164
-49
-226
-409
-575
-737
-903
-1005
-1096
-1180
-1208
-1208
-1159
-1093
-1008
-869
-681
-488
-317
-109
139
384
568
737
874
1002
1077
1055
1025
959
850
663
458
276
76
-140
-360
-543
-693
-807
-928
-1016
-1046
-1017
-1046
-1082
-1088
-1030
-1013
-1086
-1060
-993
-882
-828
-791
-623
-423
-205
-22
199
503
770
999
1180
1373
1599
1719
1781
1807
1823
1787
1629
1450
1241
1011
745
411
105
-210
-483
-753
-1053
-1257
-1416
-1496
-1589
-1630
-1567
-1474
-1304
-1120
-897
-615
-389
-103
141
390
656
862
1055
1175
1325
1403
1431
1462
1401
1330
1191
1030
923
743
562
337
119
-67
-290
-470
-656
-803
-946
-1067
-1135
-1207
-1206
-1170
-1109
-985
-833
-630
-427
-207
31
260
481
659
841
977
1055
1102
1097
1059
990
865
689
514
316
98
-126
-339
-508
-659
-807
-908
-999
-1035
-1072
-1152
-1205
-1231
-1225
-1291
-1311
-1257
-1169
-1078
-1020
-890
-688
-494
-259
-32
274
582
868
1105
1301
1552
1722
1824
1865
1869
1865
1749
1576
1391
1157
928
625
315
16
-274
-586
-897
-1169
-1370
-1535
-1680
-1717
-1736
-1658
-1547
-1395
-1196
-966
-677
-419
-126
182
460
705
897
1109
1300
1401
1460
1468
1483
1453
1351
1251
1123
998
817
614
421
226
23
-212
-405
-586
-734
-852
-979
-1054
-1092
-1108
-1108
-1054
-946
-802
-639
-442
-194
67
290
480
677
854
998
1059
1085
1100
1053
963
811
630
450
257
13
-200
-411
-580
-740
-888
-973
-1039
-1046
-1179
-1247
-1284
-1299
-1325
-1378
-1330
-1291
-1190
-1105
-976
-745
-569
-346
-100
176
515
784
1074
1297
1545
1795
1907
1989
1981
1953
1868
1697
1555
1328
1044
709
343
33
-318
-662
-1020
-1323
-1501
-1712
-1893
-1995
-2005
-1912
-1850
-1718
-1489
-1170
-873
-598
-256
98
460
765
1030
1257
1520
1687
1768
1797
1823
1790
1665
1540
1410
1226
1004
773
545
331
117
-119
-367
-573
-741
-910
-1068
-1175
-1249
-1265
-1278
-1243
-1108
-946
-780
-590
-336
-69
184
397
610
843
1033
1153
1221
1252
1252
1184
1029
861
675
441
179
-72
-284
-510
-740
-931
-1075
-1145
-1225
-1272
-1341
-1346
-1365
-1348
-1346
-1347
-1245
-1200
-1120
-1041
-884
-686
-521
-293
-32
272
575
806
1067
1260
1476
1648
1736
1819
1800
1755
1646
1473
1297
1029
735
398
89
-202
-505
-767
-1019
-1267
-1513
-1668
-1755
-1746
-1770
-1737
-1590
-1379
-1122
-886
-602
-325
37
376
675
953
1191
1430
1622
1759
1833
1840
1772
1669
1547
1443
1266
1034
821
615
444
231
13
-205
-391
-561
-722
-851
-972
-1049
-1113
-1132
-1110
-1047
-972
-861
-701
-478
-234
4
235
482
682
869
1027
1142
1210
1197
1163
1091
942
777
559
300
52
-204
-449
-693
-892
-1046
-1179
-1255
-1302
-1328
-1344
-1364
-1407
-1402
-1379
-1376
-1288
-1252
-1160
-1045
-886
-726
-598
-374
-131
129
419
628
859
1071
1278
1476
1571
1668
1676
1630
1573
1462
1366
1174
946
689
415
165
-124
-408
-667
-912
-1118
-1311
-1471
-1549
-1602
-1634
-1619
-1455
-1258
-1042
-828
-554
-212
128
479
789
1045
1302
1519
1712
1821
1858
1881
1786
1678
1563
1429
1237
1000
811
635
444
274
80
-109
-314
-475
-636
-817
-937
-1044
-1119
-1166
-1160
-1095
-1048
-940
-757
-558
-342
-140
96
335
555
750
893
1023
1082
1096
1059
963
847
665
467
227
-6
-237
-492
-727
-946
-1127
-1241
-1352
-1419
-1465
-1516
-1540
-1589
-1544
-1556
-1504
-1432
-1369
-1219
-1091
-880
-735
-546
-266
-18
309
546
803
1081
1276
1512
1659
1810
1876
1868
1853
1761
1697
1522
1290
1050
734
477
155
-185
-499
-813
-1093
-1344
-1546
-1721
-1781
-1811
-1758
-1697
-1518
-1225
-938
-628
-305
82
479
846
1139
1400
1621
1804
1921
1956
1938
1899
1785
1625
1471
1303
1117
878
677
489
291
81
-104
-290
-465
-622
-822
-993
-1133
-1221
-1280
-1302
-1282
-1211
-1099
-957
-793
-563
-291
-38
214
469
711
918
1055
1157
1234
1210
1098
950
751
509
222
-59
-352
-629
-888
-1125
-1291
-1453
-1522
-1553
-1545
-1547
-1509
-1466
-1398
-1344
-1266
-1192
-1104
-970
-868
-709
-577
-424
-197
12
261
493
716
972
1185
1428
1621
1791
1905
1943
1966
1913
1838
1697
1459
1195
858
544
201
-175
-518
-828
-1114
-1372
-1575
-1737
-1829
-1860
-1799
-1680
-1467
-1242
-958
-645
-311
60
386
756
1031
1291
1493
1648
1776
1816
1847
1806
1714
1582
1426
1284
1114
928
743
574
417
242
49
-154
-348
-541
-753
-957
-1135
-1280
-1391
-1495
-1540
-1489
-1413
-1282
-1093
-853
-581
-296
8
307
586
819
999
1147
1247
1255
1168
1023
844
615
349
61
-212
-483
-740
-956
-1120
-1268
-1355
-1380
-1363
-1326
-1321
-1292
-1260
-1188
-1179
-1127
-1059
-974
-859
-801
-671
-541
-365
-176
23
317
592
865
1110
1325
1571
1784
1949
2045
2057
2069
2001
1873
1698
1430
1161
825
468
109
-234
-554
-883
-1176
-1410
-1596
-1725
-1798
-1797
-1732
-1619
-1416
-1144
-852
-599
-308
11
372
686
917
1144
1335
1493
1584
1646
1676
1647
1573
1478
1406
1305
1150
983
803
659
489
278
47
-199
-412
-652
-889
-1108
-1313
-1454
-1587
-1661
-1659
-1618
-1534
-1395
-1174
-908
-608
-292
12
328
618
884
1084
1220
1300
1285
1223
1095
912
680
411
150
-118
-394
-658
-908
-1068
-1213
-1276
-1258
-1211
-1142
-1131
-1087
-1082
-1025
-1032
-1013
-956
-929
-837
-750
-647
-531
-408
-199
22
297
574
825
1123
1377
1659
1882
2035
2147
2163
2160
2040
1883
1688
1354
1011
640
274
-94
-477
-830
-1154
-1425
-1629
-1833
-1942
-1986
-1973
-1852
-1745
-1517
-1253
-961
-658
-344
24
352
655
935
1162
1388
1550
1674
1753
1787
1785
1678
1591
1487
1346
1199
993
837
632
425
219
-22
-261
-515
-759
-985
-1201
-1409
-1561
-1666
-1719
-1723
-1650
-1534
-1345
-1113
-818
-474
-132
227
581
904
1166
1361
1501
1540
1516
1410
1253
1012
715
429
119
-198
-494
-742
-930
-1087
-1189
-1220
-1206
-1145
-1103
-1089
-1062
-1057
-996
-1003
-1003
-974
-933
-850
-796
-668
-531
-358
-117
123
412
712
1000
1299
1538
1783
1975
2097
2155
2105
2034
1862
1650
1397
1062
721
336
-19
-379
-730
-1060
-1352
-1567
-1756
-1896
-1990
-2012
-1955
-1829
-1698
-1502
-1207
-919
-595
-292
57
401
687
982
1211
1404
1556
1649
1744
1722
1697
1634
1522
1399
1246
1136
930
730
545
313
96
-146
-374
-622
-891
-1110
-1311
-1504
-1659
-1757
-1768
-1739
-1626
-1456
-1240
-970
-644
-251
117
505
855
1148
1416
1582
1702
1713
1642
1490
1278
1044
755
429
86
-207
-472
-713
-925
-1039
-1114
-1164
-1172
-1111
-1046
-1033
-991
-984
-908
-916
-916
-882
-878
-796
-739
-639
-471
-304
-67
171
447
755
1024
1309
1509
1721
1908
1994
2041
1953
1863
1689
1464
1228
881
569
192
-150
-466
-781
-1052
-1315
-1523
-1691
-1805
-1900
-1919
-1862
-1790
-1653
-1433
-1163
-880
-602
-309
4
344
649
900
1127
1312
1467
1586
1635
1645
1607
1555
1444
1323
1217
1047
851
674
502
323
92
-152
-369
-609
-814
-1054
-1234
-1398
-1528
-1592
-1600
-1525
-1431
-1275
-1059
-784
-483
-148
203
570
897
1175
1395
1528
1595
1578
1481
1307
1112
849
553
227
-74
-324
-573
-790
-964
-1067
-1121
-1146
-1099
-1039
-922
-894
-864
-868
-844
-792
-850
-826
-834
-779
-696
-608
-448
-294
-108
122
372
681
931
1157
1361
1540
1752
1818
1831
1789
1672
1539
1302
1079
809
501
182
-135
-392
-657
-948
-1207
-1425
-1562
-1651
-1694
-1738
-1735
-1654
-1500
-1302
-1156
-891
-600
-300
-11
244
562
825
1049
1280
1419
1551
1596
1612
1636
1572
1542
1426
1283
1154
997
871
652
447
242
19
-191
-456
-677
-917
-1134
-1301
-1438
-1522
-1560
-1537
-1456
-1302
-1094
-828
-528
-197
156
496
802
1044
1242
1379
1452
1430
1369
1229
1006
766
488
206
-78
-333
-562
-754
-902
-1011
-1059
-1072
-1043
-975
-870
-852
-829
-833
-865
-838
-918
-911
-927
-884
-786
-706
-564
-412
-232
15
255
560
817
1057
1285
1451
1642
1717
1755
1712
1585
1476
1289
1081
826
545
270
-19
-288
-538
-783
-1012
-1227
-1380
-1457
-1540
-1582
-1595
-1527
-1425
-1278
-1079
-867
-583
-351
-72
199
486
767
951
1154
1316
1467
1550
1576
1596
1553
1510
1427
1313
1194
1048
887
700
507
333
90
-117
-364
-600
-809
-1016
-1177
-1343
-1416
-1457
-1446
-1388
-1287
-1088
-855
-577
-288
12
309
582
842
1050
1181
1269
1264
1226
1137
981
764
509
278
10
-225
-450
-638
-805
-902
-977
-998
-992
-988
-928
-849
-819
-817
-825
-855
-806
-850
-847
-839
-791
-665
-611
-473
-306
-124
136
328
620
838
1028
1219
1348
1507
1552
1542
1482
1359
1267
1105
908
665
394
173
-81
-287
-478
-691
-882
-1074
-1182
-1290
-1353
-1378
-1356
-1330
-1296
-1131
-951
-700
-543
-349
-47
255
536
709
903
1110
1287
1474
1536
1570
1582
1553
1536
1437
1374
1254
1044
873
712
578
351
80
-166
-369
-541
-740
-932
-1105
-1226
-1323
-1379
-1370
-1311
-1224
-1082
-889
-615
-307
-52
179
414
692
887
990
1053
1074
1047
923
764
599
382
121
-116
-311
-466
-651
-807
-877
-918
-883
-897
-854
-789
-700
-640
-671
-668
-738
-680
-761
-783
-771
-748
-655
-606
-485
-355
-219
34
248
469
680
840
1026
1131
1266
1338
1369
1365
1268
1216
1069
934
770
557
334
122
-45
-256
-481
-685
-854
-1004
-1127
-1233
-1269
-1306
-1282
-1260
-1106
-940
-792
-567
-381
-76
159
391
654
841
1074
1217
1341
1461
1517
1563
1538
1496
1463
1370
1254
1106
965
827
631
430
197
2
-230
-457
-685
-913
-1104
-1293
-1418
-1492
-1488
-1460
-1386
-1240
-1022
-758
-497
-229
54
335
581
772
933
1067
1101
1056
972
865
742
530
334
140
-68
-228
-413
-542
-655
-733
-788
-777
-785
-774
-780
-740
-769
-787
-855
-909
-860
-930
-903
-907
-815
-683
-601
-477
-345
-144
110
299
543
748
969
1140
1258
1381
1442
1477
1430
1345
1276
1146
1003
786
549
333
94
-134
-399
-632
-849
-1050
-1229
-1325
-1383
-1413
-1410
-1326
-1239
-1091
-914
-700
-408
-250
61
319
636
856
993
1186
1309
1462
1566
1588
1617
1577
1575
1512
1399
1306
1106
927
736
545
339
47
-215
-500
-698
-906
-1153
-1325
-1480
-1545
-1580
-1577
-1474
-1347
-1154
-895
-617
-280
10
272
503
736
952
1070
1121
1107
1054
928
769
589
388
168
-40
-213
-331
-485
-609
-717
-761
-792
-805
-818
-773
-758
-698
-695
-723
-744
-830
-767
-815
-779
-780
-705
-552
-475
-332
-210
-51
194
381
595
730
873
1033
1112
1201
1240
1242
1192
1063
1001
891
783
598
392
217
18
-172
-367
-578
-778
-940
-1058
-1149
-1204
-1202
-1198
-1133
-1048
-905
-730
-549
-333
-141
123
357
582
796
953
1114
1224
1371
1463
1500
1514
1456
1447
1410
1320
1170
1030
888
692
479
276
34
-225
-498
-730
-943
-1128
-1313
-1449
-1517
-1532
-1465
-1377
-1233
-1026
-757
-472
-197
90
366
580
749
907
992
1023
983
932
875
791
648
482
326
156
23
-119
-242
-342
-435
-529
-592
-669
-699
-773
-769
-749
-704
-742
-783
-824
-841
-768
-838
-793
-798
-715
-575
-509
-367
-265
-113
104
214
398
509
672
776
865
988
1033
1095
1072
1016
996
889
840
655
459
283
86
-61
-276
-466
-667
-837
-961
-1064
-1098
-1111
-1120
-1076
-998
-848
-710
-557
-336
-185
82
206
437
687
820
1011
1092
1240
1378
1364
1454
1412
1397
1378
1277
1229
1058
936
754
503
305
57
-148
-446
-701
-909
-1085
-1207
-1325
-1351
-1341
-1296
-1202
-1031
-803
-595
-393
-160
80
333
529
664
760
854
935
918
886
827
765
675
538
448
311
178
15
-126
-235
-357
-490
-619
-718
-799
-872
-924
-915
-889
-905
-972
-1016
-1043
-933
-974
-959
-945
-811
-629
-519
-420
-331
-188
33
199
367
496
649
809
888
1021
1143
1208
1190
1105
1079
1026
942
767
543
380
210
46
-180
-392
-570
-752
-913
-1039
-1080
-1129
-1163
-1189
-1112
-963
-791
-614
-462
-244
2
233
470
688
867
1030
1184
1326
1461
1519
1566
1538
1533
1492
1424
1324
1157
966
768
563
325
74
-178
-424
-684
-878
-1047
-1183
-1296
-1363
-1343
-1287
-1186
-1070
-894
-716
-510
-298
-100
79
224
394
517
656
748
793
837
808
775
746
663
553
429
319
174
-1
-143
-343
-508
-703
-858
-941
-1025
-1106
-1087
-1038
-944
-938
-955
-947
-892
-773
-781
-753
-746
-612
-477
-414
-362
-280
-103
113
237
427
546
724
861
935
1071
1144
1223
1166
1090
1031
967
909
738
544
366
214
36
-186
-385
-559
-753
-886
-1018
-1058
-1099
-1127
-1094
-1016
-899
-708
-525
-312
-98
110
384
603
853
1022
1145
1263
1356
1449
1476
1505
1485
1448
1394
1292
1210
1037
811
591
360
166
-72
-296
-516
-763
-944
-1103
-1215
-1317
-1332
-1326
-1264
-1168
-1052
-882
-726
-547
-347
-145
68
240
405
568
669
808
871
902
917
877
826
744
639
501
331
141
-38
-207
-405
-618
-815
-944
-1039
-1115
-1168
-1159
-1072
-930
-752
-753
-755
-808
-697
-586
-630
-654
-694
-501
-372
-326
-322
-256
-33
200
331
506
645
830
953
992
1103
1164
1215
1077
950
908
850
749
507
334
177
38
-148
-353
-523
-673
-825
-967
-1048
-1067
-1053
-1073
-1050
-953
-758
-540
-342
-149
91
306
558
815
1010
1158
1256
1345
1463
1533
1541
1496
1418
1349
1276
1166
1035
862
663
450
218
-16
-229
-496
-734
-940
-1090
-1144
-1240
-1294
-1337
-1311
-1188
-1059
-905
-773
-599
-441
-245
-18
202
403
536
666
791
921
1009
1017
969
925
850
746
574
367
144
-90
-342
-568
-752
-922
-1081
-1213
-1272
-1263
-1207
-1136
-1033
-875
-671
-451
-440
-469
-565
-488
-435
-494
-565
-638
-448
-289
-212
-143
-49
218
459
589
712
797
963
978
944
922
903
923
769
628
542
557
532
386
265
156
89
0
-157
-283
-426
-558
-716
-838
-858
-872
-859
-847
-753
-522
-336
-129
36
306
549
704
916
1049
1222
1261
1287
1328
1302
1332
1253
1172
1103
962
908
778
679
508
287
84
-157
-306
-531
-752
-946
-1100
-1144
-1241
-1271
-1271
-1212
-1112
-1046
-908
-755
-581
-421
-260
-35
195
411
573
704
836
966
1027
1008
959
887
756
555
341
115
-129
-408
-662
-849
-997
-1095
-1211
-1253
-1220
-1146
-1026
-936
-841
-694
-591
-430
-414
-478
-621
-722
-607
-591
-563
-626
-475
-174
48
181
240
428
707
812
856
781
827
858
710
623
578
681
666
520
464
528
711
681
553
437
352
295
83
-148
-355
-521
-673
-832
-896
-827
-729
-650
-554
-329
-38
201
397
555
707
813
896
943
1011
1046
1035
1014
1057
1114
1142
1113
1066
1020
938
844
642
411
157
-107
-335
-564
-767
-941
-1100
-1176
-1230
-1236
-1180
-1125
-1048
-993
-892
-777
-610
-418
-284
-139
18
257
463
625
754
823
886
901
851
720
568
369
113
-131
-344
-530
-725
-903
-1000
-1006
-988
-983
-988
-950
-875
-837
-809
-774
-698
-652
-564
-484
-271
-172
-219
-349
-362
-79
20
44
-39
130
440
543
432
306
319
481
412
293
192
233
341
280
301
416
660
750
718
746
860
986
868
634
442
318
216
-24
-255
-373
-409
-448
-525
-474
-360
-222
-137
-74
-2
79
187
182
236
222
288
372
454
582
701
807
896
924
1022
1016
980
871
711
538
350
192
-11
-203
-407
-553
-655
-735
-786
-833
-896
-914
-955
-894
-836
-814
-785
-755
-599
-433
-248
-102
19
173
344
466
530
575
553
497
384
286
246
167
28
-137
-225
-275
-305
-388
-483
-588
-668
-716
-759
-784
-794
-812
-794
-736
-597
-461
-304
-148
12
26
-66
-232
-164
-45
-25
-119
-215
-29
208
266
175
71
195
339
353
308
263
415
494
561
604
786
1014
1039
951
903
933
958
759
468
213
41
-65
-261
-409
-514
-524
-482
-475
-417
-301
-223
-210
-249
-215
-132
-118
-83
-49
66
235
406
543
701
854
984
1029
983
923
879
796
644
444
299
233
108
-35
-200
-273
-314
-415
-530
-616
-647
-708
-806
-899
-947
-896
-852
-827
-782
-673
-494
-365
-265
-167
-3
121
176
234
304
368
376
333
279
259
243
160
32
-99
-158
-222
-352
-486
-557
-554
-575
-609
-611
-517
-438
-412
-389
-310
-184
-113
-52
-24
79
162
209
86
-113
-284
-287
-194
-190
-178
-167
-33
150
236
230
210
277
446
448
438
382
479
590
610
630
698
836
865
774
672
630
597
477
286
125
25
-22
-116
-193
-266
-308
-348
-447
-515
-508
-512
-539
-552
-455
-300
-151
-53
83
247
422
549
610
686
739
747
712
695
675
694
683
644
565
486
467
394
270
73
-134
-317
-468
-625
-786
-927
-1017
-1094
-1118
-1110
-1069
-990
-900
-780
-674
-509
-318
-143
-21
90
228
347
409
426
444
434
413
361
299
256
203
122
12
-63
-98
-113
-175
-262
-312
-340
-379
-483
-545
-559
-545
-551
-533
-459
-290
-350
-535
-768
-731
-469
-303
-278
-265
-36
336
494
484
444
567
769
773
730
649
763
867
923
874
922
1007
981
788
545
405
350
182
-81
-341
-455
-497
-567
-652
-746
-742
-720
-703
-689
-625
-508
-413
-371
-263
-62
193
342
485
609
789
967
1034
1049
1040
1066
1082
1034
961
914
856
785
609
425
237
71
-138
-408
-644
-858
-1003
-1145
-1257
-1347
-1376
-1322
-1227
-1143
-1015
-823
-596
-444
-276
-43
153
336
455
528
616
655
635
589
515
462
393
297
250
203
183
96
-46
-173
-259
-334
-475
-594
-692
-766
-785
-783
-738
-701
-656
-584
-464
-315
-190
-62
54
50
-20
-135
-119
60
199
281
296
372
524
585
524
369
261
296
313
322
271
284
342
436
461
452
420
353
254
111
-57
-112
-126
-143
-230
-329
-304
-178
-75
-111
-190
-206
-107
-13
-5
-6
48
171
261
290
369
469
581
583
557
588
704
783
767
712
672
664
619
519
332
151
-34
-180
-361
-551
-709
-801
-890
-929
-974
-967
-929
-871
-791
-738
-649
-546
-394
-245
-133
-16
67
195
316
381
399
385
400
360
338
256
231
226
216
170
79
47
4
-75
-200
-345
-458
-578
-667
-727
-717
-695
-661
-552
-409
-255
-136
-16
27
6
-93
-174
-117
12
145
180
136
161
244
301
256
132
114
158
279
320
336
352
421
513
556
526
423
354
301
195
69
-22
-42
-73
-147
-209
-242
-229
-231
-238
-250
-227
-153
-72
20
98
159
237
278
358
442
500
479
493
582
682
778
824
838
825
812
709
571
390
217
34
-147
-321
-474
-570
-619
-683
-773
-861
-888
-850
-803
-771
-755
-707
-622
-493
-363
-240
-125
-30
68
125
175
215
247
268
287
321
306
261
238
211
166
67
-29
-87
-153
-240
-361
-456
-504
-548
-600
-692
-718
-681
-623
-553
-471
-341
-187
-44
81
230
332
348
277
193
198
261
378
411
385
327
225
156
115
80
69
17
42
82
135
188
152
123
103
131
171
121
61
6
52
115
147
142
107
134
122
129
97
103
126
143
161
188
260
303
303
328
346
392
425
399
376
352
354
352
342
308
263
222
169
102
10
-83
-191
-297
-372
-427
-475
-533
-566
-551
-479
-400
-350
-299
-274
-243
-207
-196
-206
-209
-217
-226
-223
-193
-133
-77
-66
-39
-13
23
60
53
67
48
-3
-24
-34
-28
-40
-80
-103
-132
-134
-185
-242
-287
-305
-324
-372
-374
-299
-170
-76
1
97
208
281
311
293
262
214
149
100
76
97
120
129
100
2
-78
-149
-177
-176
-154
-84
-16
47
56
84
107
126
161
169
220
249
266
269
267
308
310
324
255
179
109
49
22
32
108
162
176
192
212
264
275
232
172
135
125
95
62
60
92
78
32
-24
-40
-20
-49
-111
-162
-192
-177
-199
-189
-149
-104
-63
-60
-57
-60
-56
-36
-62
-110
-106
-129
-181
-246
-296
-309
-351
-365
-370
-309
-237
-215
-199
-155
-82
-29
-79
-129
-108
-33
-8
-52
-52
-24
35
28
-19
-17
32
78
37
-8
5
78
144
169
179
239
294
291
241
199
162
101
15
-45
-46
-47
-103
-177
-222
-220
-208
-214
-188
-138
-100
-87
-77
-26
48
85
91
66
89
126
172
159
157
153
135
122
75
73
102
109
131
120
124
155
153
174
164
181
174
154
173
164
165
151
115
59
-7
-59
-106
-139
-147
-144
-111
-93
-74
-91
-97
-73
-60
-55
-72
-25
12
55
84
100
115
128
112
102
95
76
34
-53
-125
-167
-196
-204
-212
-211
-205
-209
-180
-128
-60
-17
-40
-50
-48
-60
-70
-103
-91
-60
-48
-42
-37
15
48
58
59
99
159
204
209
195
184
184
186
165
107
66
49
12
-47
-107
-129
-155
-203
-243
-268
-272
-281
-287
-286
-289
-270
-220
-181
-100
-29
-4
12
10
58
81
72
47
44
74
106
79
55
59
73
87
98
117
125
134
124
106
96
105
111
77
47
18
22
32
16
14
31
38
33
43
30
42
45
51
53
52
60
73
70
43
38
52
112
156
167
170
176
179
141
116
129
99
65
11
-39
-55
-81
-94
-133
-144
-135
-156
-174
-177
-130
-91
-92
-86
-49
-18
-19
-54
-110
-127
-124
-85
-24
27
67
91
119
129
148
158
166
182
190
177
145
91
46
9
-48
-114
-180
-214
-257
-281
-280
-277
-272
-255
-255
-256
-271
-310
-322
-320
-296
-270
-205
-120
-41
26
58
101
140
143
142
165
206
226
210
179
150
133
117
106
102
82
60
36
20
15
-3
-4
-32
-50
-42
-50
-30
-19
35
73
78
101
125
185
215
201
173
146
134
126
125
126
128
137
133
136
137
162
132
96
84
55
21
-19
-28
-15
-3
-25
-78
-118
-123
-114
-108
-90
-42
8
35
19
-8
-38
-51
-50
-66
-65
-58
-32
-32
-23
-13
-26
-38
-54
-46
-26
-4
-3
-16
-29
-6
9
-1
-30
-87
-100
-102
-145
-153
-145
-117
-108
-137
-169
-179
-161
-140
-140
-132
-118
-98
-76
-78
-83
-82
-78
-86
-90
-89
-58
-31
-7
7
34
51
63
75
86
67
54
30
-5
-3
3
21
29
28
36
73
113
145
160
168
144
111
93
81
81
111
131
135
137
132
161
169
190
218
205
179
170
170
161
144
131
97
78
56
27
22
16
-3
-16
-23
-21
-12
-17
-42
-52
-50
-41
-51
-74
-94
-67
-60
-45
-27
-29
-39
-75
-114
-160
-174
-164
-186
-199
-184
-130
-62
-20
5
-3
-8
-18
-33
-55
-60
-64
-60
-35
-10
-21
-35
-76
-93
-74
-53
-42
-57
-47
-18
-2
-36
-57
-69
-56
-47
-59
-46
-39
-37
-39
-29
-36
-23
-12
-7
-15
-32
-41
-50
-46
-16
20
48
59
54
77
85
92
79
93
86
99
101
90
90
96
120
105
94
81
67
57
53
37
53
69
75
68
49
72
111
146
136
116
123
114
101
62
21
-9
-24
-38
-68
-85
-84
-82
-95
-111
-116
-93
-81
-90
-117
-105
-80
-75
-82
-61
-34
-29
-46
-50
-29
0
23
28
26
26
17
-18
-28
-27
-31
-22
-18
-8
33
62
71
38
14
-29
-44
-47
-55
-49
-55
-66
-67
-54
-27
2
29
63
80
102
97
114
145
169
160
126
118
108
101
84
57
41
31
-1
-23
-50
-64
-108
-146
-169
-175
-140
-116
-116
-111
-97
-82
-65
-82
-60
-23
-13
-9
8
13
16
9
-8
-6
3
11
-2
9
14
47
73
76
73
69
31
-32
-67
-71
-52
-36
-14
2
21
25
9
-44
-83
-116
-122
-98
-73
-52
-37
9
16
33
44
48
50
52
74
73
65
67
80
89
99
100
80
68
32
7
5
7
27
31
24
-5
-29
-30
-21
-26
-20
1
17
32
23
16
-1
-22
-38
-53
-59
-53
-45
-29
5
32
64
86
107
124
155
180
200
214
219
224
193
149
96
43
-6
-51
-83
-103
-129
-126
-123
-124
-129
-163
-192
-188
-186
-184
-164
-150
-133
-116
-122
-110
-86
-46
-22
-36
-48
-66
-63
-47
-13
24
59
79
71
58
52
42
41
53
46
42
11
-33
-70
-102
-94
-83
-54
-24
-15
-31
-50
-56
-52
-34
-20
-5
12
12
-4
-8
-2
40
109
143
177
158
119
97
82
91
134
151
143
126
80
63
52
54
53
81
97
51
7
-20
-34
-8
11
48
60
26
6
-45
-76
-78
-62
-19
28
37
3
-37
-63
-61
-44
-21
-6
17
55
96
105
95
81
90
89
72
68
50
46
33
-3
-53
-97
-131
-151
-159
-150
-150
-120
-104
-125
-166
-203
-202
-200
-188
-168
-137
-111
-96
-101
-105
-97
-72
-48
-34
-42
-63
-69
-44
2
36
78
101
107
118
103
80
45
3
-3
-26
-33
-23
-14
-25
-39
-44
-50
-40
-29
-39
-52
-36
8
18
10
6
20
59
112
164
195
216
206
189
183
203
228
236
235
215
200
193
177
143
108
93
71
34
2
5
13
21
23
25
18
-7
-41
-70
-68
-40
-29
-48
-66
-72
-55
-18
-20
-41
-49
-56
-54
-57
-39
-25
-15
-1
-4
-10
15
48
43
32
29
8
-41
-82
-110
-110
-106
-114
-110
-109
-117
-143
-160
-181
-181
-169
-167
-167
-173
-161
-132
-129
-127
-99
-78
-45
-37
-57
-56
-49
-28
-16
2
45
87
104
118
101
88
69
60
62
44
34
35
56
50
34
22
12
12
-1
-23
-14
2
1
-15
-12
1
19
23
36
65
87
117
120
125
142
177
193
187
181
189
182
176
174
181
169
135
114
82
84
75
40
13
-3
1
-24
-44
-41
-52
-47
-58
-61
-76
-84
-98
-119
-143
-137
-111
-101
-82
-81
-91
-97
-108
-133
-129
-86
-41
-3
29
28
30
34
49
64
58
47
16
-32
-64
-74
-62
-48
-45
-54
-59
-89
-107
-122
-152
-173
-172
-155
-155
-148
-138
-126
-108
-73
-67
-74
-88
-90
-78
-23
31
68
107
104
82
50
73
128
185
226
232
191
107
63
58
69
87
107
100
66
11
-39
-59
-65
-48
-18
-20
-24
-37
-22
33
63
78
113
133
136
132
128
136
141
130
136
141
150
184
206
198
166
108
63
8
-43
-31
16
26
20
-28
-79
-108
-143
-187
-189
-168
-138
-115
-131
-143
-172
-186
-188
-178
-127
-79
-68
-82
-82
-67
-46
-24
-15
13
39
55
68
52
44
40
50
74
112
138
130
99
27
-28
-59
-52
-38
-19
3
-5
-48
-96
-125
-175
-206
-217
-183
-134
-95
-88
-101
-111
-101
-108
-102
-67
-38
11
55
72
93
113
110
99
91
121
126
130
117
94
90
67
64
49
22
4
-7
-11
-27
-37
-62
-81
-66
-38
-36
-32
-36
-17
9
17
42
62
105
120
131
143
166
194
181
173
158
166
164
157
138
128
109
95
65
9
-8
-39
-57
-67
-82
-63
-47
-68
-117
-158
-166
-182
-177
-118
-66
-25
-1
-25
-73
-108
-98
-52
3
56
73
72
51
22
9
15
56
96
122
137
115
64
19
-4
14
58
77
55
14
-41
-75
-83
-113
-105
-99
-126
-143
-153
-143
-150
-157
-178
-203
-180
-159
-135
-96
-62
-32
-32
-45
-65
-48
-17
16
58
93
103
81
51
20
15
57
86
103
88
36
-20
-79
-98
-77
-44
-3
17
4
-29
-85
-126
-145
-127
-96
-67
-18
21
44
80
92
97
121
152
183
201
230
227
234
247
248
230
191
165
158
149
97
52
23
-4
-21
-11
-6
-13
-34
-73
-118
-136
-165
-180
-154
-129
-79
-48
-25
-15
-27
-40
-34
-10
18
38
65
95
111
133
143
113
80
61
51
64
110
132
120
104
75
28
-1
-20
-56
-65
-87
-98
-101
-127
-163
-193
-204
-199
-198
-222
-240
-252
-251
-195
-149
-85
-56
-61
-51
-52
-36
-20
-8
-2
24
57
74
84
84
89
85
68
39
18
-19
-67
-82
-58
-45
-30
-18
-42
-77
-110
-123
-126
-116
-103
-81
-55
-27
1
11
34
65
109
167
205
205
204
224
243
272
310
327
293
250
200
155
137
119
103
87
72
36
20
-6
-35
-50
-71
-83
-120
-118
-124
-123
-89
-61
-26
-28
-38
-33
-19
1
34
63
82
75
43
36
49
74
94
100
64
38
-1
-41
-64
-72
-53
-30
-26
-38
-60
-96
-114
-134
-136
-131
-125
-131
-139
-155
-171
-170
-171
-157
-154
-175
-166
-160
-121
-93
-101
-93
-84
-68
-58
-51
-41
-17
14
36
40
45
66
88
104
88
82
62
38
0
-28
-27
-15
11
3
-4
-26
-61
-83
-83
-48
-9
20
10
-4
4
20
42
66
102
132
143
159
159
199
240
245
268
249
237
211
169
153
131
133
136
119
97
64
37
27
1
-31
-40
-51
-54
-38
-39
-39
-32
-39
-38
-17
10
20
27
36
34
40
51
61
75
72
58
41
32
14
-7
-28
-33
-35
-52
-87
-109
-123
-122
-119
-127
-127
-112
-107
-99
-99
-114
-128
-152
-176
-193
-189
-173
-151
-125
-123
-123
-136
-153
-149
-140
-122
-118
-109
-89
-60
-38
-11
18
36
51
47
31
13
30
43
64
77
68
63
46
39
34
28
5
-27
-44
-35
-26
-11
-14
-14
6
13
18
14
27
51
57
66
91
126
155
173
173
171
196
203
196
187
178
176
171
169
159
161
144
115
86
57
46
36
19
-2
-5
3
5
5
-1
-16
-17
-4
4
16
26
39
49
50
50
66
59
52
37
17
6
-18
-33
-60
-85
-114
-149
-174
-187
-191
-190
-188
-193
-186
-175
-157
-147
-139
-130
-138
-145
-145
-126
-114
-113
-99
-96
-91
-71
-66
-58
-50
-50
-45
-43
-26
-22
-15
-5
8
23
17
3
-2
13
35
42
49
39
28
21
17
34
30
49
60
52
52
62
63
53
39
27
25
21
25
44
65
72
60
44
29
10
-3
3
35
72
91
107
112
121
126
115
112
112
117
121
130
142
151
148
141
119
94
72
40
10
-20
-31
-33
-22
-16
-11
-3
-9
-15
-19
-23
-26
-29
-17
-17
-16
-4
14
28
19
1
-9
-25
-60
-72
-70
-64
-72
-67
-65
-66
-71
-68
-68
-76
-92
-108
-123
-129
-115
-110
-117
-126
-121
-121
-122
-119
-122
-131
-119
-93
-79
-59
-44
-35
-20
-28
-26
-12
-22
-25
-25
-17
5
9
25
26
15
18
16
27
43
36
48
49
58
74
78
92
87
77
80
64
48
28
24
28
30
23
21
21
7
1
-7
2
13
22
38
51
66
72
78
89
89
91
108
124
135
134
132
140
141
138
115
96
76
55
53
43
41
39
21
18
8
-6
-20
-27
-38
-41
-49
-51
-52
-55
-54
-58
-63
-66
-61
-60
-64
-68
-57
-48
-50
-54
-74
-80
-82
-88
-81
-79
-77
-74
-61
-47
-60
-64
-65
-77
-76
-86
-84
-68
-60
-48
-41
-32
-18
-11
-16
-21
-11
-2
5
26
31
23
14
5
-4
-16
-8
-2
4
22
33
35
36
30
25
20
14
11
11
15
27
31
35
25
2
-17
-28
-29
-35
-27
-35
-44
-57
-76
-86
-85
-60
-41
-32
-24
-14
5
13
24
41
66
88
100
119
128
148
171
194
191
193
197
184
180
163
150
146
119
94
74
59
46
32
14
-10
-34
-49
-59
-79
-74
-78
-82
-80
-82
-76
-67
-59
-53
-40
-41
-33
-39
-48
-45
-37
-25
-27
-25
-22
-30
-34
-51
-61
-53
-67
-70
-73
-83
-91
-98
-89
-88
-89
-84
-82
-82
-88
-75
-57
-49
-36
-28
-22
-21
-12
-13
-4
3
5
14
20
23
25
28
36
47
45
41
40
32
25
22
23
26
18
11
8
-1
-4
-17
-26
-27
-27
-31
-31
-32
-22
-16
-24
-12
-6
4
20
20
36
49
57
67
71
86
105
116
129
143
155
167
176
176
178
160
150
136
118
111
86
71
63
49
30
24
-1
-16
-31
-52
-62
-76
-79
-77
-71
-68
-73
-68
-73
-81
-87
-85
-74
-70
-58
-56
-57
-51
-46
-54
-47
-53
-61
-59
-65
-69
-59
-54
-60
-68
-85
-77
-74
-79
-74
-80
-62
-55
-59
-55
-49
-36
-32
-43
-51
-49
-47
-32
-15
-7
10
24
30
26
14
11
19
18
24
36
40
45
42
37
23
16
3
2
8
-1
6
5
13
9
8
13
4
-2
-1
-9
-21
-20
-11
0
9
20
25
37
59
57
57
63
62
77
93
104
117
138
151
152
147
142
140
123
122
115
102
92
82
70
50
34
24
11
-5
-14
-25
-27
-19
-25
-25
-19
-33
-36
-42
-58
-54
-49
-44
-42
-34
-25
-9
-13
-29
-31
-37
-41
-46
-46
-47
-43
-44
-46
-55
-75
-83
-85
-98
-99
-105
-107
-106
-117
-110
-110
-101
-92
-80
-64
-59
-53
-52
-44
-30
-32
-21
-19
-20
-16
-8
0
12
19
8
8
0
-2
-3
-12
-10
1
6
20
33
38
39
40
37
40
39
40
45
44
58
64
68
70
56
47
35
29
28
25
31
31
35
48
41
44
48
42
48
53
58
76
82
80
79
78
79
80
84
70
66
55
42
37
39
29
17
13
-9
-26
-45
-50
-46
-47
-47
-53
-59
-61
-77
-84
-83
-65
-69
-74
-72
-75
-64
-56
-48
-38
-30
-47
-43
-39
-44
-36
-31
-22
-28
-40
-48
-43
-40
-39
-36
-40
-36
-41
-47
-52
-41
-32
-13
-2
-5
6
-4
-15
-13
-15
-6
6
7
3
9
5
13
18
16
24
13
18
27
37
49
53
55
52
47
61
61
71
73
75
85
89
87
75
69
68
68
62
58
43
41
42
31
30
35
23
29
28
21
22
16
11
9
5
-5
7
11
11
6
4
9
9
12
16
16
23
21
16
19
13
10
2
7
-2
-14
-20
-33
-43
-56
-64
-75
-87
-90
-97
-93
-84
-77
-71
-68
-64
-53
-49
-36
-25
-24
-17
-16
-15
-24
-24
-21
-12
-20
-31
-25
-32
-38
-49
-50
-46
-49
-56
-65
-63
-64
-55
-57
-58
-51
-55
-55
-51
-55
-52
-50
-45
-37
-35
-30
-28
-24
-12
3
11
30
46
59
61
75
93
99
104
100
102
96
90
80
76
86
92
103
104
94
89
85
71
66
59
45
30
23
20
30
22
15
21
14
5
-3
-2
8
5
11
14
20
14
14
10
12
23
30
26
20
30
24
23
27
38
29
26
25
14
16
18
7
-6
-20
-32
-45
-45
-44
-41
-37
-41
-47
-45
-42
-44
-35
-33
-44
-32
-26
-35
-28
-39
-40
-41
-40
-42
-54
-55
-54
-44
-45
-41
-35
-40
-48
-54
-61
-72
-66
-72
-73
-65
-57
-58
-59
-47
-53
-55
-46
-40
-33
-21
-11
-4
-4
11
19
20
26
30
40
51
71
77
88
91
91
93
84
80
69
63
67
61
57
51
46
42
29
16
3
-8
-7
-21
-19
-13
-13
-14
-19
-19
-21
-24
-19
-15
2
4
10
15
19
20
16
20
22
33
24
29
34
30
41
38
30
25
17
12
6
5
5
12
12
11
7
-6
-5
-4
-3
1
-3
4
9
1
-4
-3
-3
12
15
10
22
8
7
-4
-20
-15
-23
-31
-23
-23
-28
-27
-39
-36
-35
-46
-58
-68
-77
-83
-81
-71
-71
-65
-60
-59
-49
-45
-37
-40
-40
-37
-33
-20
-5
8
17
27
36
42
39
41
37
39
49
57
56
57
64
59
69
72
69
61
46
51
50
48
45
38
34
27
15
5
2
-1
-6
-11
-20
-26
-32
-42
-45
-41
-36
-32
-27
-19
-19
-19
-21
-21
-17
-12
-10
-1
3
9
9
2
10
-1
-4
7
21
17
12
18
23
27
35
36
32
42
37
26
17
13
10
7
4
8
17
22
25
14
10
8
-1
1
-12
-22
-20
-13
-10
-13
-12
-24
-17
-20
-42
-58
-65
-68
-73
-74
-75
-71
-66
-63
-55
-60
-56
-52
-49
-42
-38
-32
-23
-15
-1
13
22
31
36
29
28
25
32
35
36
38
36
40
44
43
32
36
24
20
20
20
13
14
19
19
19
3
4
-11
-15
-7
-10
3
-4
-11
-10
-15
-24
-18
-7
-12
-8
-6
-11
-19
-15
-13
-15
-6
-10
-10
2
-8
-3
5
19
20
7
8
5
8
18
30
31
34
38
44
51
51
52
55
47
52
45
48
52
42
36
38
36
31
32
25
25
10
4
9
9
8
-4
-8
-4
-5
-20
-29
-37
-34
-40
-39
-28
-48
-59
-66
-73
-71
-61
-51
-51
-44
-45
-35
-28
-29
-19
-13
-3
3
8
13
13
18
15
19
16
14
16
19
13
9
9
1
5
11
7
0
-11
-3
-2
-10
-2
-2
0
-10
-21
-17
-15
-10
2
-4
-5
-7
-9
-3
3
5
6
6
5
0
-10
-12
-19
-19
-18
-23
-12
-17
-19
-20
-28
-33
-22
-13
-7
-6
2
2
-1
7
16
11
-1
-3
6
11
15
21
34
45
52
47
44
47
41
27
23
18
13
21
12
11
18
18
14
2
-6
-4
-6
-13
-22
-23
-33
-36
-39
-36
-37
-33
-29
-27
-24
-24
-28
-27
-22
-22
-20
-26
-28
-12
6
16
28
34
33
42
43
36
43
46
48
52
47
44
35
32
38
35
30
32
31
23
10
1
0
2
5
5
-7
1
-3
0
12
9
11
0
4
4
1
-1
3
-2
-7
-11
-19
-23
-27
-21
-26
-32
-29
-29
-28
-30
-34
-27
-29
-28
-29
-31
-25
-22
-16
-17
-16
-11
-16
-22
-16
-22
-15
-11
-9
2
7
7
10
4
8
16
2
9
12
17
21
19
12
-1
-7
-10
-7
-4
-10
-14
-11
-9
-17
-13
-10
-12
-13
-18
-20
-19
-19
-22
-25
-27
-26
-22
-19
-11
-4
7
-1
-6
-7
-19
-17
-10
4
20
32
34
34
35
32
30
34
31
31
20
27
30
26
18
10
8
-5
1
-5
8
4
12
15
8
14
11
11
20
16
22
21
19
23
13
30
33
36
34
22
18
21
14
5
6
13
17
17
10
4
-12
-21
-22
-19
-25
-22
-23
-24
-17
-13
-6
-15
-9
-3
-10
1
7
6
8
6
6
6
11
12
8
15
15
10
10
1
-8
-12
-18
-18
-17
-31
-31
-29
-31
-26
-30
-28
-25
-28
-29
-27
-32
-23
-29
-32
-29
-34
-22
-18
-12
-9
-6
-10
-7
-16
-18
-18
-12
-5
-7
2
0
5
6
14
24
21
31
43
40
45
38
29
24
19
19
7
4
10
12
23
27
27
31
23
13
10
1
-4
-2
2
2
1
9
12
15
22
23
14
4
-2
-2
3
-9
-8
-13
-13
-21
-38
-38
-40
-42
-44
-35
-35
-27
-21
-21
-26
-33
-39
-35
-38
-27
-20
-20
-22
-18
-8
-11
-1
5
15
17
20
26
28
35
36
30
26
20
16
22
22
31
40
41
36
26
16
13
16
17
22
26
30
22
19
23
21
17
12
5
0
-3
-5
-4
-2
2
1
-7
-14
-15
-17
-20
-29
-28
-33
-33
-25
-24
-20
-18
-12
-12
-15
-7
-2
-2
2
4
2
0
0
-4
-10
-2
3
8
8
5
5
-3
-5
1
-2
-7
-7
3
6
6
8
10
7
7
11
14
15
17
20
18
18
15
6
4
2
-4
-3
-7
-6
-8
-10
-11
-11
-23
-20
-19
-24
-21
-18
-13
-12
-17
-16
-18
-23
-17
-18
-15
-5
7
7
14
14
7
4
1
5
4
10
11
13
8
5
8
17
16
21
24
16
11
-1
2
3
-3
-6
-4
-5
-5
-2
-1
-5
1
-1
-7
-8
-8
-14
-14
-5
3
11
9
7
8
2
1
6
6
5
8
13
13
17
26
19
13
11
7
6
-4
-3
3
-6
0
3
1
-2
-9
-9
-17
-18
-11
-10
-1
-2
4
3
-12
-18
-20
-22
-17
-7
-3
4
7
10
9
4
-4
-8
-3
-3
-4
2
15
18
17
19
16
2
-4
-9
-12
-13
-13
0
0
4
-4
-9
-8
-12
-18
-23
-15
-2
-4
-1
9
8
4
-1
-6
-7
-20
-22
-14
-13
-4
-1
10
15
7
7
4
0
5
11
20
22
31
22
15
15
11
13
18
21
17
6
13
13
12
7
1
3
5
9
8
1
-4
-12
-11
-19
-19
-11
-6
-1
-1
2
1
6
4
-2
1
2
-5
-7
-9
-7
-14
-16
-6
-4
-4
-3
-2
-7
-10
-16
-11
-6
-2
0
-1
-6
-6
-6
-10
-10
-13
-8
-10
-12
-9
-5
2
-2
-1
0
-9
-16
-20
-15
-13
-7
1
-1
-3
-1
-2
-12
-7
-9
-9
-5
-6
-6
-4
-1
2
4
5
8
4
12
12
18
17
16
14
5
9
2
3
11
17
12
11
19
13
7
6
6
4
7
-1
-5
-2
0
-2
-9
-8
-3
-5
4
15
12
6
3
0
5
1
1
5
8
12
7
9
6
6
6
6
-2
-3
-4
2
5
7
11
14
12
4
3
8
19
12
13
7
11
15
11
15
12
9
13
9
5
1
0
-2
-14
-7
-4
-2
-3
-4
-2
-7
-9
-12
-11
-8
0
4
-3
0
-3
-7
-5
-5
-5
-5
-2
8
9
7
5
5
-3
-3
-4
-16
-16
-15
-12
-8
-10
-14
-15
-21
-23
-22
-24
-18
-11
-6
-6
-12
-4
-7
-14
-18
-20
-15
-20
-13
-13
-13
-6
-6
-3
-11
-10
-7
-12
-5
0
8
2
0
-2
-7
-13
-14
-17
-21
-10
-9
0
-1
-2
-1
-7
-13
-6
-5
-4
11
5
0
2
5
9
4
12
6
4
3
2
-3
-5
5
8
3
6
8
9
20
22
24
27
28
28
31
33
39
44
43
35
26
24
22
19
17
16
13
15
13
15
18
15
6
5
8
9
6
2
-8
-7
5
3
10
10
0
9
2
-6
-3
-9
-15
-11
-11
-14
-10
-5
-10
-9
-17
-22
-12
-15
-12
-9
-12
-9
-10
-12
-8
-15
-12
-1
-4
-1
2
4
3
5
10
13
18
9
6
6
5
11
6
7
3
7
-2
-11
-13
-15
-14
-18
-11
-9
-14
-17
-15
-6
1
-1
1
-2
-7
-11
-7
-7
-9
-11
-17
-16
-13
-4
-3
-4
-6
-7
-5
-4
-3
-8
-8
-9
-14
-7
-6
-2
-2
-4
-2
-8
-16
-19
-15
-10
-5
-8
-6
-3
-2
-2
-3
-4
-6
-4
-9
-8
-6
-10
-14
-16
-8
-1
-4
2
5
2
9
10
10
10
4
1
7
-1
-1
6
10
15
10
8
2
-1
-4
-6
1
10
10
18
27
25
20
21
24
25
26
22
19
17
10
11
16
22
25
25
26
19
15
15
15
14
14
10
11
19
15
15
10
9
13
6
7
8
6
12
5
4
4
3
5
5
0
-1
-6
-7
-11
-20
-20
-19
-23
-24
-20
-24
-18
-23
-15
-13
-9
-7
-8
-9
-13
-21
-20
-15
-13
-15
-15
-12
-18
-11
-14
-14
-18
-23
-15
-11
-7
-8
-5
-7
-12
-13
-8
-8
-2
-6
-13
-12
-15
-15
-6
-4
-10
-8
-10
-9
-1
-5
-5
-5
2
6
5
8
6
5
2
0
-1
-7
-4
-1
-1
-2
3
8
14
17
19
20
19
22
22
19
18
21
27
25
22
17
12
7
12
9
8
14
14
21
16
15
20
16
17
12
4
0
-1
-3
-2
-2
-5
-5
-7
-3
-9
-4
4
-2
-3
-2
0
1
0
-1
2
-2
-2
-2
-4
-2
-2
-7
-7
-15
-9
-14
-21
-17
-15
-8
-13
-14
-12
-10
-9
-10
-12
-7
-8
-8
-3
1
-1
-5
-8
-8
-10
-8
-4
-1
-1
-6
-2
-3
-2
4
4
6
4
5
7
6
5
7
5
2
-1
-2
-6
-6
-3
-3
-7
-5
-1
-4
-5
-5
-5
-10
-8
-6
1
6
7
9
9
10
11
8
11
15
17
23
19
24
26
20
15
12
14
12
12
11
14
11
4
8
10
8
6
9
8
7
7
6
14
16
11
3
0
-7
-10
-8
-4
-4
2
0
-8
-3
-7
-6
-7
-11
-6
-12
-15
-13
-16
-14
-12
-16
-16
-15
-17
-16
-16
-19
-18
-18
-19
-23
-22
-19
-19
-15
-14
-13
-14
-15
-16
-11
-10
-8
-5
-1
-3
-6
-4
-3
1
6
6
2
3
3
4
3
3
7
4
0
0
-1
1
0
2
2
-1
3
4
0
-3
1
1
4
9
5
3
6
7
10
13
10
15
13
13
13
11
13
13
13
15
13
14
10
8
12
12
11
14
13
12
15
13
9
8
6
6
6
7
7
4
5
4
3
-3
0
3
0
-1
-4
-2
-2
0
-4
-7
-8
-8
-8
-8
-2
-1
2
8
4
-1
-3
-3
-3
-4
-7
-6
-5
-5
-5
-7
-11
-10
-6
-4
-5
-2
-3
-1
0
0
-5
-7
-3
-1
0
-4
-3
-4
-2
-2
-3
2
4
3
-3
-4
-2
-4
-2
1
-6
-11
-12
-13
-13
-11
-13
-13
-9
-12
-13
-9
-15
-16
-13
-9
-4
-5
-4
-3
-2
1
4
5
6
7
3
2
0
3
5
7
9
9
6
9
5
7
2
2
1
0
3
6
8
8
7
7
5
7
9
6
9
5
7
8
9
15
15
16
16
10
7
9
8
11
16
12
8
7
3
1
0
-3
-2
0
-1
-3
-3
-3
-2
-6
-6
-8
-10
-12
-9
-10
-8
-8
-13
-12
-13
-12
-11
-9
-9
-11
-12
-12
-9
-5
-5
-5
-2
-5
-1
-2
-1
0
-1
-2
-1
-2
-1
-1
-2
-2
-5
1
5
5
7
6
6
6
6
0
0
6
7
8
9
8
5
4
4
2
4
5
7
7
5
6
6
5
5
0
3
6
7
6
2
-4
-4
-5
-6
-5
-6
-5
-4
0
0
-4
-2
-3
-2
1
-3
-4
-5
-7
-7
-9
-10
-9
-7
-5
-3
-4
-2
0
2
2
-2
-1
0
1
0
0
4
6
7
3
1
1
-1
3
4
3
3
0
1
1
-1
0
0
1
2
-4
-2
-1
-2
1
2
0
1
1
0
-4
-1
-1
-5
-5
-5
-3
-2
-1
0
-4
-4
-6
-5
-6
-5
-2
-3
-4
-6
-6
-7
-7
-6
-6
-6
-3
-8
-7
-5
-5
-2
-1
-2
-1
1
2
0
1
2
1
0
-2
2
2
0
2
3
5
7
8
11
8
10
15
14
11
10
15
12
11
11
9
8
10
8
9
11
13
11
9
11
12
13
13
9
9
12
9
9
14
11
11
12
8
2
1
-1
2
2
1
-5
-3
-6
-8
-5
-8
-5
-10
-12
-8
-12
-14
-13
-13
-13
-16
-19
-17
-14
-13
-12
-11
-7
-8
-5
-5
-8
-8
-8
-6
-8
-10
-11
-9
-6
-7
-8
-9
-12
-11
-11
-8
-4
-1
-2
-1
-4
-6
-2
-2
1
1
2
0
0
3
4
6
7
5
5
4
1
3
4
6
9
8
7
10
6
5
3
2
0
0
0
1
0
1
2
2
