7
5
6
6
4
4
3
2
0
1
-1
-2
-1
-2
-3
-4
-4
-4
-4
-4
-4
-4
-3
-3
-3
-3
-2
-3
-3
-4
-4
-3
-4
-4
-5
-4
-4
-5
-4
-4
-4
-4
-3
-4
-4
-2
-2
-2
-2
-3
-4
-2
-2
-2
-2
-2
-2
-1
-3
-1
-1
-1
-1
-2
-1
-2
-3
-1
-2
-1
-1
-2
-1
-2
-2
-1
-1
-1
-3
-3
-4
-4
-4
-4
-4
-3
-2
-2
-2
-3
-2
-1
-1
-2
-2
-1
-2
-1
-1
-1
0
0
0
1
1
2
3
2
3
3
3
5
4
4
4
5
4
3
3
4
4
5
5
5
4
5
5
5
5
4
5
5
5
5
5
5
4
4
5
5
5
5
5
5
5
6
5
5
5
5
4
4
5
5
5
5
3
2
3
2
1
2
2
2
1
2
1
0
-2
-2
-3
-3
-3
-3
-3
-4
-5
-5
-6
-6
-7
-7
-8
-8
-7
-6
-7
-7
-7
-8
-8
-9
-9
-8
-9
-8
-8
-9
-8
-8
-8
-7
-7
-8
-8
-8
-7
-7
-4
-3
-4
-3
-3
-2
-2
-3
-1
0
0
1
2
3
2
2
3
2
3
3
5
5
7
6
7
7
6
6
6
6
5
5
5
5
6
5
4
4
4
4
4
4
4
3
3
3
3
4
3
3
2
2
2
1
2
1
1
-1
0
1
-1
1
1
0
0
1
1
1
-1
-1
0
0
-1
0
-1
-1
-1
-1
-1
-1
-2
-1
-1
-1
-1
-1
-1
-2
-2
-2
-2
-2
-1
-2
-2
-2
-4
-4
-2
-2
-1
-2
-2
-1
-3
-2
-1
-2
-3
-3
-2
-2
-2
-1
-1
0
-1
0
0
1
0
1
1
1
2
1
3
1
2
2
1
2
2
2
3
1
3
3
3
4
3
2
3
3
3
2
3
3
2
1
1
2
1
2
1
2
2
1
2
1
1
1
2
1
1
-1
1
1
0
-1
-1
0
-1
-2
-2
-2
-3
-2
-2
-2
-2
-2
-2
-2
-2
-2
-3
-2
-2
0
0
0
0
0
1
2
2
1
0
1
1
1
2
1
2
0
0
1
1
0
1
-1
0
-2
-2
-2
-3
-3
-3
-3
-4
-4
-4
-6
-5
-6
-6
-6
-7
-7
-9
-8
-8
-7
-8
-7
-8
-7
-7
-7
-6
-6
-5
-5
-4
-3
-3
-2
-1
-1
0
1
2
2
2
2
3
4
5
6
6
7
8
8
8
9
10
10
9
8
8
9
9
10
10
8
9
9
8
7
8
7
7
6
6
5
5
5
3
2
2
1
2
2
1
0
0
-1
-1
0
-1
-1
-2
-3
-2
-1
-3
-1
-1
-3
-2
-2
-2
1
0
1
0
1
1
1
1
1
0
-1
-1
-2
-1
-2
-2
-2
-2
-2
-2
-3
-3
-2
-2
-1
-1
-2
-3
-3
-3
-5
-5
-5
-5
-5
-6
-7
-7
-7
-8
-7
-8
-8
-8
-7
-7
-7
-6
-6
-6
-6
-6
-5
-5
-4
-5
-3
-3
-3
-2
-1
-2
-1
0
0
1
3
3
4
4
4
5
4
5
4
5
5
5
4
6
5
5
4
4
3
3
3
3
3
3
5
5
4
4
3
3
4
4
3
4
4
4
6
6
4
4
3
3
3
3
4
4
4
3
4
4
4
3
2
2
1
1
2
1
2
1
-1
-1
-1
-1
-1
-1
-1
-2
-1
-1
-2
-1
-1
0
-2
-2
-2
-2
-2
-2
-2
-4
-4
-4
-5
-4
-5
-6
-5
-5
-5
-6
-6
-7
-8
-7
-7
-7
-6
-5
-5
-3
-3
-2
-3
-2
-1
0
-1
-1
1
0
1
0
1
1
1
1
2
2
1
2
3
4
5
4
5
4
4
5
5
5
5
4
3
3
3
3
3
2
2
1
0
0
-1
0
-2
-1
-1
-2
-2
-1
-2
-2
-3
-3
-4
-3
-3
-2
-1
-1
-1
-2
-4
-2
-2
0
1
1
2
2
3
3
3
3
3
3
3
4
4
4
4
5
4
3
3
3
3
3
4
4
4
2
3
1
1
1
1
0
0
0
-1
0
-1
-2
-2
-3
-4
-4
-3
-4
-3
-4
-4
-4
-4
-6
-6
-6
-7
-6
-6
-6
-6
-6
-6
-7
-6
-6
-5
-5
-5
-4
-4
-2
-1
-1
-1
0
0
2
1
2
2
3
2
3
3
4
3
4
4
5
6
5
4
5
3
2
2
1
3
3
2
1
1
1
1
1
0
0
0
0
0
0
1
-1
0
-1
0
1
1
3
3
2
1
1
2
3
4
4
4
4
5
4
4
4
3
3
3
3
5
4
3
4
5
5
5
4
4
3
2
1
2
2
2
1
2
1
1
-1
-2
-3
-4
-2
-3
-3
-4
-4
-4
-4
-6
-6
-7
-7
-7
-8
-9
-9
-9
-10
-9
-9
-9
-11
-11
-8
-8
-7
-6
-5
-5
-5
-3
-2
-1
-1
-1
0
0
1
2
2
1
1
1
2
2
1
3
3
3
3
2
3
3
5
5
4
3
3
3
3
5
4
5
6
6
5
6
6
6
6
6
5
5
4
4
2
2
3
2
2
2
1
1
-1
-2
-1
-1
-1
-1
-1
-2
-2
-2
-2
-1
0
-1
-1
0
0
-1
0
0
0
0
-1
-1
0
-1
-1
0
2
1
2
1
0
-1
-1
-1
1
1
2
2
1
1
1
-1
-1
-1
-2
-1
-1
-1
0
-1
-1
-2
-3
-2
-1
-1
0
1
0
0
0
0
1
0
0
0
-1
-1
0
1
1
0
0
0
0
-1
0
-1
-1
-1
-2
0
-1
-1
-2
-3
-3
-3
-2
-3
-3
-2
-3
-2
-1
-1
-2
-1
-2
-2
-2
-2
-1
-1
0
0
0
-1
-1
-3
-2
-2
-1
-1
0
0
1
1
0
-1
-2
-2
-1
0
1
2
2
2
2
2
3
2
2
3
2
4
4
5
5
4
4
4
4
4
5
4
4
3
3
3
3
2
2
2
1
0
1
1
2
3
3
2
0
0
0
-1
-1
-1
-2
-2
-2
-1
-2
-2
-3
-5
-4
-5
-5
-4
-4
-2
-2
-2
-4
-4
-5
-4
-5
-4
-5
-5
-3
-3
-1
0
-1
0
-1
-3
-3
-1
0
0
0
0
2
2
2
1
2
2
1
2
3
3
3
3
2
1
-1
-1
0
0
1
1
1
0
2
2
2
2
3
2
1
2
2
1
1
0
0
0
0
0
1
0
1
1
2
2
1
2
2
1
2
2
3
3
4
5
5
5
5
4
5
4
4
4
4
4
4
3
4
3
2
0
0
-1
-1
0
-1
0
0
0
-2
-2
-4
-5
-5
-4
-4
-5
-5
-6
-6
-6
-5
-5
-6
-6
-5
-5
-4
-4
-4
-3
-3
-2
-2
-2
-3
-5
-3
-5
-4
-3
-3
-2
-3
-3
-3
-3
-2
-2
-1
-1
0
0
1
0
0
0
1
0
1
0
-1
1
1
2
0
2
1
1
1
1
0
-1
0
0
0
1
0
0
0
0
0
0
0
0
1
1
2
3
3
4
3
5
4
4
5
3
3
3
3
4
4
5
7
5
4
5
5
4
4
4
3
3
3
3
2
2
3
0
1
1
1
1
0
0
1
1
-1
0
-1
-2
-2
-3
-2
-3
-2
-2
-2
-3
-1
-2
-3
-2
-2
-1
-1
0
1
0
0
0
1
2
1
0
1
-1
1
2
1
2
2
2
2
2
2
0
1
0
0
1
0
1
2
2
3
2
0
0
0
0
-1
-1
-2
-2
-3
-5
-4
-5
-4
-5
-5
-6
-6
-7
-6
-7
-6
-7
-8
-8
-8
-8
-6
-6
-5
-5
-7
-5
-5
-5
-5
-4
-3
-2
-1
1
1
0
-1
-1
-1
1
1
1
1
3
4
3
4
3
4
5
3
4
4
4
5
6
6
5
4
3
3
3
4
4
5
6
6
6
6
6
5
4
5
6
6
6
6
5
5
4
4
3
1
2
2
3
3
2
1
1
-1
0
-1
-1
-2
-1
0
-1
0
0
-1
-1
-2
-4
-4
-4
-3
-3
-4
-3
-4
-4
-4
-3
-3
-3
-4
-4
-5
-4
-3
-3
-3
-4
-4
-3
-5
-3
-3
-3
-3
-4
-3
-2
-1
-2
-1
-2
-2
-2
0
1
1
2
3
2
2
2
2
3
4
3
3
4
4
3
3
3
4
4
2
3
3
4
3
3
3
4
3
4
4
4
5
5
5
4
4
3
3
2
1
1
0
0
0
0
1
0
0
-1
-1
-2
-1
-1
-1
-2
-3
-3
-3
-4
-4
-4
-5
-5
-5
-5
-5
-6
-6
-7
-5
-6
-5
-5
-3
-3
-3
-4
-5
-5
-5
-6
-7
-7
-6
-6
-5
-3
-3
-3
-3
-4
-5
-3
-2
-2
-1
-1
0
1
1
1
1
1
1
2
2
3
3
3
3
4
2
2
2
3
3
4
5
5
4
4
4
4
3
3
2
3
4
5
5
6
6
5
5
6
4
4
3
3
4
4
7
6
7
5
5
5
3
4
4
4
3
4
5
3
4
5
4
3
2
3
4
3
4
3
1
1
0
0
-1
-2
-2
-3
-3
-2
-2
-4
-3
-4
-3
-3
-4
-4
-5
-3
-5
-5
-6
-7
-7
-8
-8
-7
-6
-6
-6
-8
-6
-6
-4
-5
-5
-6
-6
-5
-6
-4
-5
-4
-4
-5
-4
-3
-4
-2
-2
-1
-3
-3
-1
-2
-2
-2
0
1
1
3
3
4
5
5
5
4
5
7
5
7
6
6
6
5
5
3
1
2
2
2
2
2
1
1
0
0
-1
-2
-2
0
-1
-1
-2
0
-1
-1
-1
-1
-1
0
0
0
0
-1
0
-1
-1
-1
-1
-2
-2
-3
-1
-2
-1
0
-1
-1
-1
-1
-1
-1
-2
-2
-2
-1
-1
-1
-1
-1
-2
-1
0
-1
-1
-1
-2
-2
-1
0
1
0
0
1
0
1
1
3
3
3
3
3
3
4
5
6
6
6
7
8
8
7
6
7
6
6
7
8
7
6
5
6
5
5
5
6
5
5
5
5
5
5
4
4
3
2
2
1
0
1
0
0
-1
-3
-4
-4
-5
-5
-5
-7
-7
-7
-7
-8
-8
-10
-11
-10
-11
-11
-11
-11
-12
-13
-12
-12
-11
-11
-10
-10
-9
-9
-8
-7
-7
-8
-7
-6
-7
-5
-5
-4
-3
-3
-2
-1
-1
-1
1
1
2
2
2
3
3
2
2
2
0
0
0
0
1
2
1
1
1
1
-1
-2
0
1
2
4
3
5
6
6
6
7
5
6
7
8
9
10
12
11
11
10
10
9
11
11
12
14
14
14
14
14
13
12
10
10
10
10
10
10
9
9
8
6
6
4
3
3
3
1
0
-1
-3
-4
-6
-7
-8
-10
-11
-12
-13
-15
-15
-16
-17
-18
-18
-18
-20
-19
-19
-19
-18
-17
-18
-18
-18
-18
-18
-16
-14
-14
-12
-11
-10
-9
-8
-7
-6
-4
-3
-1
0
2
5
5
7
7
8
8
8
8
9
10
11
11
11
10
10
11
12
12
12
12
12
13
13
14
12
11
11
12
12
13
13
14
13
14
15
14
14
12
11
10
10
10
11
10
10
10
8
6
3
0
-1
-2
-2
-2
-2
-4
-5
-6
-8
-10
-10
-13
-13
-12
-13
-13
-14
-13
-15
-16
-16
-16
-17
-16
-16
-16
-15
-17
-17
-19
-21
-21
-22
-21
-21
-19
-19
-17
-16
-17
-17
-16
-16
-13
-12
-11
-9
-8
-7
-7
-6
-6
-5
-5
-3
-3
0
3
4
4
4
4
5
6
6
6
6
8
10
10
13
14
15
16
17
19
23
26
27
30
34
37
40
42
45
47
49
51
51
52
52
50
49
47
44
43
39
35
33
30
26
22
15
11
7
3
-3
-7
-12
-15
-22
-25
-28
-31
-36
-39
-42
-44
-45
-47
-48
-49
-50
-51
-51
-50
-48
-48
-47
-44
-42
-40
-39
-38
-37
-34
-35
-32
-30
-27
-23
-22
-19
-20
-20
-18
-17
-16
-14
-11
-8
-4
-4
0
2
3
5
5
7
9
12
14
16
16
15
15
14
12
9
7
3
-2
-5
-10
-14
-19
-22
-25
-26
-24
-23
-19
-11
-3
7
19
30
42
54
68
82
92
101
108
114
117
118
118
114
112
107
102
95
89
82
73
64
57
49
39
30
20
9
-1
-11
-25
-34
-43
-52
-61
-70
-77
-83
-89
-92
-96
-97
-98
-98
-97
-96
-94
-91
-87
-83
-79
-77
-72
-68
-66
-63
-59
-56
-53
-51
-49
-47
-46
-42
-42
-42
-40
-38
-36
-33
-30
-24
-15
-9
-2
8
19
27
35
41
49
57
62
66
69
71
73
74
70
66
60
50
37
22
5
-11
-29
-46
-59
-71
-79
-81
-78
-72
-60
-44
-22
5
32
61
92
123
148
171
188
200
207
210
206
201
189
174
158
139
122
104
88
73
63
57
46
36
19
3
-18
-41
-63
-83
-103
-125
-139
-151
-158
-161
-160
-157
-153
-141
-126
-106
-84
-62
-43
-27
-16
-8
-4
-6
-18
-31
-43
-51
-58
-69
-79
-85
-87
-91
-94
-94
-92
-96
-100
-97
-92
-86
-84
-80
-78
-73
-65
-58
-47
-30
-12
7
29
45
60
76
89
100
107
111
115
113
116
122
124
121
115
106
97
93
86
70
53
28
-12
-58
-100
-134
-168
-214
-259
-286
-282
-265
-243
-214
-168
-102
-30
40
112
186
258
322
368
405
427
427
409
386
365
337
294
245
195
156
121
87
66
61
55
47
50
53
58
51
23
-10
-36
-66
-115
-175
-229
-261
-284
-318
-358
-383
-393
-385
-363
-321
-264
-211
-141
-101
-41
8
59
81
93
108
99
93
77
56
40
16
-30
-57
-68
-75
-87
-97
-88
-74
-54
-43
-30
-8
11
27
37
46
65
83
99
109
117
139
149
142
129
119
110
94
72
59
57
52
47
40
29
20
19
20
15
7
8
12
26
38
51
64
66
42
-16
-120
-247
-354
-431
-490
-595
-716
-795
-791
-733
-669
-604
-510
-344
-148
26
190
353
499
647
774
863
917
912
851
766
702
630
535
426
323
260
203
164
141
151
147
126
126
157
180
144
43
-48
-131
-204
-320
-454
-594
-720
-779
-780
-733
-698
-643
-520
-303
-89
118
261
414
515
592
601
590
572
494
356
210
131
77
4
-99
-177
-211
-195
-204
-199
-194
-164
-141
-117
-104
-89
-95
-127
-149
-135
-96
-55
-18
19
70
155
233
278
283
270
279
260
204
120
68
4
-67
-150
-230
-302
-343
-378
-399
-354
-286
-213
-159
-68
26
130
180
181
153
38
-191
-497
-704
-794
-923
-1189
-1469
-1559
-1366
-1076
-838
-666
-391
13
416
752
1017
1226
1365
1440
1475
1529
1465
1246
939
678
541
414
241
76
-20
-46
-39
-15
50
153
192
147
106
136
164
87
-135
-344
-439
-462
-518
-643
-736
-677
-505
-320
-155
5
198
412
602
742
877
936
893
735
569
418
304
126
-102
-321
-416
-442
-466
-466
-468
-433
-397
-339
-261
-182
-149
-180
-225
-194
-153
-126
-152
-184
-137
-30
70
131
181
238
306
327
275
216
153
53
-90
-250
-374
-483
-592
-691
-718
-685
-607
-544
-492
-393
-204
4
129
169
227
351
441
480
438
377
273
10
-412
-809
-993
-1043
-1190
-1501
-1710
-1587
-1156
-710
-365
-40
327
748
1088
1342
1505
1531
1432
1316
1287
1264
1096
762
428
261
249
224
145
99
142
212
209
223
301
350
215
-45
-254
-289
-263
-377
-574
-661
-539
-345
-197
-108
35
279
556
746
863
957
984
917
773
618
482
314
47
-240
-409
-434
-385
-342
-370
-421
-388
-339
-279
-261
-282
-358
-481
-564
-582
-536
-523
-561
-545
-393
-169
32
130
203
296
410
462
386
249
84
-118
-327
-518
-656
-749
-847
-908
-874
-738
-544
-398
-279
-130
51
212
278
271
281
315
327
298
249
249
289
337
385
444
496
529
377
-27
-513
-856
-940
-1064
-1377
-1770
-1924
-1652
-1148
-685
-297
33
452
907
1375
1729
1877
1834
1685
1604
1587
1463
1110
648
289
143
53
-54
-198
-260
-287
-325
-341
-253
-128
-123
-330
-535
-550
-429
-377
-474
-526
-396
-110
165
365
571
809
1056
1236
1261
1285
1226
1080
763
446
240
88
-118
-367
-631
-677
-652
-545
-492
-525
-554
-609
-630
-655
-633
-663
-774
-879
-787
-556
-251
-116
-51
92
340
560
651
591
466
313
134
-75
-262
-416
-618
-849
-1007
-963
-795
-635
-568
-533
-380
-160
16
71
32
16
14
0
-9
49
177
313
399
497
667
873
1020
1028
1009
1012
940
666
38
-782
-1433
-1769
-1865
-2102
-2421
-2537
-2163
-1294
-396
407
994
1498
1971
2361
2601
2551
2203
1669
1187
919
741
453
51
-300
-359
-220
-84
-36
-23
-41
-180
-414
-575
-635
-745
-1051
-1427
-1528
-1291
-920
-610
-304
168
763
1356
1757
2001
2172
2186
2021
1621
1164
692
203
-295
-801
-1101
-1170
-1148
-1108
-1144
-1099
-899
-680
-558
-603
-724
-845
-918
-922
-827
-656
-454
-303
-34
414
941
1300
1357
1249
1152
1043
796
359
-146
-639
-1024
-1271
-1402
-1310
-1145
-970
-804
-546
-155
165
258
108
-103
-203
-228
-273
-346
-363
-254
-39
234
579
939
1235
1381
1401
1388
1386
1300
1055
697
332
33
-274
-841
-1692
-2473
-2737
-2462
-2128
-2045
-2017
-1623
-691
408
1277
1779
1986
2097
2137
2119
2016
1713
1186
672
437
523
639
503
185
-11
-16
-30
-230
-552
-877
-1240
-1654
-1957
-1936
-1657
-1396
-1257
-989
-360
515
1265
1701
2003
2288
2454
2340
2006
1626
1230
783
285
-79
-254
-320
-457
-654
-738
-707
-613
-695
-951
-1232
-1463
-1498
-1456
-1319
-1162
-942
-601
-95
608
1275
1697
1801
1741
1670
1612
1372
823
114
-496
-853
-994
-995
-985
-993
-954
-827
-584
-322
-188
-318
-623
-921
-1007
-948
-934
-1003
-1028
-852
-398
200
715
1112
1337
1444
1469
1428
1335
1094
699
229
-91
-172
-121
-60
-145
-222
-273
-334
-694
-1523
-2418
-2992
-2911
-2600
-2429
-2301
-1865
-755
627
1860
2677
2996
3147
3029
2810
2428
1871
1131
335
-167
-249
-70
26
-56
-108
3
81
-48
-397
-807
-1274
-1790
-2220
-2259
-1904
-1401
-898
-332
530
1576
2462
3011
3202
3236
3027
2522
1764
1021
432
10
-455
-865
-1065
-1004
-780
-791
-884
-1042
-1093
-1168
-1510
-1763
-1910
-1706
-1305
-841
-131
520
1292
1850
2288
2570
2617
2333
1621
821
149
-368
-892
-1419
-1749
-1758
-1524
-1171
-800
-478
-282
-278
-402
-517
-566
-680
-931
-1255
-1343
-1015
-492
27
367
696
1061
1402
1624
1599
1388
993
488
32
-253
-307
-318
-446
-590
-552
-256
64
103
-22
-243
-418
-663
-1318
-2287
-3174
-3376
-2804
-1990
-1337
-849
-103
1054
2301
3195
3470
3172
2574
1867
1275
791
413
74
-204
-111
322
873
1117
954
561
85
-540
-1300
-1976
-2454
-2738
-2832
-2596
-1824
-586
701
1690
2359
2928
3338
3409
3052
2431
1787
1096
394
-204
-456
-370
-82
64
15
-121
-232
-380
-832
-1428
-2019
-2342
-2422
-2322
-1916
-1291
-403
484
1278
1910
2292
2407
2038
1479
884
361
-180
-757
-1167
-1148
-888
-601
-423
-355
-304
-338
-491
-766
-1086
-1434
-1735
-1874
-1686
-1162
-529
-57
216
538
957
1245
1268
958
550
215
111
146
269
396
484
526
572
656
694
562
110
-419
-800
-868
-772
-729
-660
-615
-470
-446
-862
-1640
-2305
-2308
-1686
-1097
-728
-418
282
1427
2507
3231
3322
2984
2431
1726
1157
678
366
2
-314
-331
-82
238
248
-68
-550
-1055
-1587
-2044
-2277
-2239
-2038
-1712
-1104
-60
1153
2141
2688
2912
3006
2880
2495
1916
1378
962
486
16
-264
-208
147
247
7
-622
-1266
-1801
-2308
-2597
-2958
-2903
-2561
-1829
-858
141
1113
1821
2228
2357
2191
1917
1341
755
149
-196
-276
-246
-254
-305
-408
-514
-701
-976
-1377
-1807
-2097
-2146
-1810
-1337
-784
-317
151
618
1012
1218
1040
703
319
147
148
190
304
410
630
851
1074
1127
975
615
40
-444
-825
-919
-956
-964
-910
-716
-281
112
369
368
322
128
-274
-1138
-2261
-3028
-2869
-1731
-578
229
692
1358
2280
2993
3165
2622
1711
722
-117
-521
-519
-89
358
675
887
1046
1055
670
-143
-1145
-2182
-2937
-3170
-2765
-1874
-951
-68
803
1852
2765
3136
2869
2252
1636
1100
654
381
498
805
960
832
573
434
353
-2
-700
-1747
-2549
-2957
-2754
-2270
-1729
-1085
-442
237
848
1294
1507
1355
1053
853
787
910
972
977
827
681
568
265
-249
-953
-1649
-2120
-2310
-2128
-1766
-1345
-953
-567
-152
180
312
138
-179
-380
-285
-18
263
529
806
1100
1256
1265
1074
690
196
-253
-522
-610
-531
-403
-324
-266
-160
-45
-42
-255
-562
-749
-754
-618
-390
-138
186
398
395
-79
-995
-1800
-1998
-1279
-448
116
376
772
1544
2236
2453
2082
1336
604
-133
-603
-685
-340
195
525
742
827
712
291
-418
-1094
-1682
-2166
-2311
-1925
-938
187
1073
1605
2010
2362
2386
1983
1379
875
441
95
28
383
910
1046
680
90
-303
-463
-685
-1137
-1766
-2306
-2315
-1878
-1087
-495
-75
203
463
814
1104
1230
1168
1054
1115
1242
1340
1238
885
359
-237
-632
-990
-1386
-1739
-1929
-1799
-1445
-1069
-685
-450
-309
-308
-346
-369
-365
-270
-148
103
511
897
1083
1055
911
720
452
94
-230
-426
-440
-240
22
227
343
330
97
-239
-625
-862
-1027
-1037
-958
-627
-141
300
599
717
683
364
-307
-1415
-2340
-2529
-1597
-365
528
937
1286
1748
1977
1761
1160
482
-40
-360
-433
-77
594
1212
1411
1211
847
299
-565
-1521
-2116
-2142
-1760
-1168
-431
412
1160
1559
1614
1457
1195
795
339
167
448
955
1205
1173
1163
1196
982
322
-578
-1258
-1452
-1238
-906
-633
-624
-635
-683
-631
-606
-583
-457
-322
15
524
1150
1741
2021
1909
1412
740
79
-461
-969
-1355
-1436
-1179
-816
-545
-349
-357
-470
-748
-966
-1042
-969
-729
-469
-122
322
713
874
753
504
211
-59
-264
-374
-316
-146
29
164
220
252
239
101
-121
-339
-457
-567
-625
-654
-567
-435
-372
-321
-248
-17
170
266
216
58
-144
-720
-1515
-2063
-1663
-503
499
891
865
1122
1534
1639
1271
746
444
337
289
355
644
999
1035
696
194
-178
-544
-1032
-1454
-1460
-1035
-487
8
413
724
790
603
455
587
833
955
976
1157
1454
1664
1516
1109
710
295
-193
-759
-1126
-1070
-770
-450
-336
-406
-604
-800
-943
-947
-755
-366
139
622
996
1215
1333
1351
1154
700
87
-410
-673
-707
-684
-660
-611
-628
-687
-772
-802
-780
-763
-753
-696
-510
-205
73
190
132
42
-15
0
28
43
32
-4
-89
-200
-237
-231
-250
-325
-395
-340
-177
6
127
111
-60
-338
-587
-653
-514
-299
-115
-37
97
289
509
589
389
-55
-831
-1715
-2211
-1797
-549
560
984
865
886
1213
1396
1166
680
420
504
667
827
1025
1157
1005
527
36
-217
-337
-582
-835
-849
-516
-156
-33
-109
-278
-397
-400
-142
458
1110
1516
1589
1646
1737
1651
1173
414
-150
-386
-366
-451
-555
-531
-334
-178
-270
-417
-583
-682
-756
-654
-314
147
528
614
474
381
383
509
548
428
211
-39
-219
-336
-389
-534
-767
-980
-1024
-896
-737
-605
-518
-429
-355
-349
-365
-383
-267
-121
66
227
296
260
53
-138
-272
-324
-372
-465
-443
-313
-84
89
138
90
39
25
-15
-103
-219
-302
-344
-208
3
222
259
168
104
120
140
5
-356
-1044
-1729
-1922
-1190
-59
651
662
402
595
1095
1398
1247
941
862
931
977
983
1000
917
559
118
-54
126
217
-92
-559
-695
-452
-197
-203
-454
-752
-861
-679
-74
752
1344
1523
1317
1213
1191
1046
622
133
-167
-188
-125
-129
-215
-331
-342
-362
-366
-509
-683
-803
-788
-647
-389
4
353
412
256
105
213
422
451
224
-100
-201
-166
-132
-219
-352
-455
-539
-583
-552
-487
-476
-557
-545
-361
-71
122
111
11
30
210
339
334
175
-53
-191
-201
-139
-128
-221
-301
-279
-134
-23
-26
-97
-193
-171
-107
-59
-80
-130
-109
9
209
303
223
26
-125
-128
-166
-329
-808
-1461
-1840
-1516
-502
395
510
9
-257
120
687
857
671
608
861
1155
1265
1194
1047
769
386
123
169
395
427
167
-181
-303
-155
-64
-218
-546
-837
-860
-537
51
582
884
998
1101
1238
1215
928
448
37
-132
-139
-127
-181
-185
-51
135
182
23
-243
-549
-703
-665
-404
-19
320
471
360
162
99
178
229
71
-179
-259
-136
15
-32
-232
-424
-484
-456
-475
-545
-560
-511
-418
-351
-296
-213
-161
-145
-144
-110
8
124
149
49
-80
-125
-116
-123
-239
-326
-293
-167
-21
14
-57
-148
-181
-142
-105
-134
-205
-252
-179
-4
135
142
45
-42
-105
-161
-230
-291
-340
-404
-484
-483
-293
62
302
292
96
-10
119
348
468
451
442
483
504
438
318
199
119
39
-60
-109
-81
23
95
74
5
-100
-149
-127
-33
132
297
500
707
899
1039
1058
960
788
601
427
310
219
195
200
180
90
-19
-66
-121
-216
-349
-463
-460
-392
-273
-160
-56
13
-13
-54
-44
27
74
24
-60
-80
-53
-20
-27
-34
-45
-70
-96
-167
-257
-311
-343
-356
-359
-341
-333
-337
-339
-301
-225
-209
-235
-275
-266
-209
-156
-123
-141
-153
-164
-130
-77
-72
-115
-171
-217
-182
-130
-93
-90
-92
-61
-11
11
-11
-63
-73
-37
0
18
-25
-76
-135
-215
-331
-426
-406
-241
-34
91
28
-67
-56
73
261
356
351
242
93
-6
12
84
95
-4
-135
-171
-69
122
274
315
301
244
218
236
268
357
453
539
637
743
937
1111
1155
1022
807
688
638
605
509
400
344
267
161
55
32
44
2
-111
-256
-334
-317
-237
-160
-129
-117
-173
-247
-269
-240
-214
-261
-354
-428
-418
-331
-215
-170
-241
-365
-471
-505
-506
-513
-500
-501
-522
-527
-484
-436
-429
-476
-549
-541
-476
-376
-270
-179
-103
-88
-119
-167
-173
-133
-95
-82
-46
24
115
211
261
252
174
91
65
105
194
229
202
145
134
135
104
8
-167
-375
-535
-541
-344
-39
143
121
-12
-61
67
286
443
472
409
328
296
290
277
200
34
-113
-191
-128
69
262
327
245
115
73
104
133
89
26
64
256
510
697
774
820
833
770
666
614
614
595
529
438
329
227
185
152
146
86
-33
-135
-212
-248
-273
-264
-226
-194
-211
-266
-268
-218
-157
-141
-168
-197
-231
-232
-183
-106
-53
-96
-190
-268
-340
-374
-374
-367
-335
-322
-316
-324
-362
-415
-469
-528
-573
-582
-526
-439
-352
-283
-273
-294
-332
-342
-301
-230
-131
-50
-8
43
115
179
190
123
48
23
59
156
227
229
175
95
19
-57
-140
-226
-389
-577
-677
-570
-282
-44
18
-78
-100
59
347
572
627
552
440
366
301
253
213
155
128
174
290
468
606
616
472
254
94
60
88
126
111
117
212
322
472
598
683
729
692
639
605
636
651
531
358
193
55
18
61
123
135
45
-58
-163
-227
-284
-378
-449
-523
-563
-544
-488
-409
-362
-377
-405
-408
-340
-247
-173
-147
-128
-90
-49
-10
-45
-105
-156
-159
-117
-112
-158
-246
-354
-417
-453
-465
-446
-414
-403
-376
-330
-306
-311
-341
-371
-380
-297
-177
-52
47
130
280
412
508
519
425
281
178
129
165
232
235
198
106
48
28
-20
-115
-282
-493
-614
-552
-320
-122
-89
-158
-198
-91
108
329
440
437
320
179
143
183
262
268
224
222
330
503
613
573
393
172
-8
-119
-173
-165
-110
-8
108
213
326
435
509
515
420
287
193
180
227
216
186
176
184
216
228
281
315
263
119
-78
-234
-307
-309
-350
-452
-551
-581
-517
-389
-296
-280
-266
-237
-190
-122
-71
-7
52
89
122
114
111
90
57
-2
-34
-37
-55
-119
-232
-330
-371
-365
-368
-347
-312
-281
-267
-279
-315
-358
-356
-328
-261
-151
-35
66
142
231
304
320
281
175
66
-16
-13
32
66
58
-9
-25
-16
-21
-51
-118
-215
-368
-498
-525
-442
-302
-234
-251
-303
-280
-122
113
333
448
443
370
304
302
364
406
372
307
336
479
632
648
517
307
106
-8
-53
-80
-87
-34
34
139
259
331
362
317
249
165
149
244
350
441
438
436
437
409
391
358
313
219
93
-43
-168
-271
-324
-325
-350
-397
-456
-439
-362
-310
-315
-334
-299
-247
-219
-206
-153
-33
82
149
176
159
82
-43
-131
-154
-164
-185
-230
-248
-219
-184
-180
-242
-325
-388
-382
-377
-385
-442
-513
-497
-396
-234
-87
29
97
143
185
194
215
194
112
-23
-145
-150
-75
-4
10
-13
-24
11
30
7
-43
-127
-215
-330
-489
-616
-576
-421
-276
-208
-217
-159
5
225
413
482
444
349
277
285
338
381
371
364
386
458
546
540
412
204
40
-12
28
102
158
130
76
67
111
204
273
268
186
164
225
351
486
589
602
593
592
579
521
406
305
212
173
108
20
-52
-99
-135
-195
-270
-340
-375
-391
-399
-400
-381
-360
-353
-333
-252
-101
4
47
43
26
29
3
-45
-87
-97
-126
-175
-189
-189
-200
-288
-415
-492
-496
-466
-434
-428
-441
-434
-387
-314
-248
-199
-149
-107
-80
-34
2
26
35
14
-49
-127
-165
-151
-119
-117
-114
-96
-60
-18
-13
-8
-1
-13
-83
-183
-302
-393
-412
-352
-214
-32
96
140
137
170
237
332
407
427
397
313
240
234
296
388
425
399
409
426
463
413
289
181
110
124
143
107
60
32
47
125
195
259
300
310
281
260
308
384
427
427
410
429
423
415
379
320
305
267
195
63
-96
-234
-340
-427
-477
-493
-492
-465
-448
-421
-369
-351
-326
-250
-174
-117
-77
-21
24
46
43
9
-43
-124
-189
-241
-268
-255
-265
-293
-336
-339
-337
-335
-342
-392
-433
-449
-428
-405
-384
-328
-243
-105
41
119
138
111
72
21
-44
-93
-123
-144
-106
-32
79
172
172
152
130
152
226
244
187
86
28
12
-48
-167
-244
-190
0
167
188
93
1
22
132
249
278
219
99
26
55
163
247
242
191
163
194
240
257
208
131
58
48
97
178
232
215
201
181
210
255
265
244
211
213
282
391
476
528
567
562
505
390
281
206
159
86
-39
-181
-316
-381
-416
-417
-403
-389
-384
-396
-376
-335
-270
-212
-186
-153
-119
-66
-31
-31
-61
-59
-44
-51
-97
-167
-229
-267
-275
-281
-322
-376
-421
-460
-471
-475
-455
-426
-405
-357
-318
-272
-224
-184
-98
-13
48
55
25
17
29
65
71
32
-27
-23
63
186
247
240
212
201
232
252
240
187
97
33
24
44
63
9
-96
-185
-148
27
186
208
64
-78
-98
-9
103
142
101
47
23
56
123
158
152
103
82
128
197
233
203
106
45
67
178
254
240
178
126
168
260
329
346
322
284
272
324
430
522
537
485
403
350
292
206
62
-99
-219
-291
-299
-260
-212
-196
-222
-251
-254
-234
-186
-176
-187
-212
-176
-77
39
103
75
6
-39
-51
-37
-35
-80
-181
-275
-324
-343
-344
-355
-364
-376
-390
-392
-386
-392
-385
-376
-369
-334
-282
-215
-156
-78
39
127
151
84
-2
-60
-84
-84
-69
-25
24
91
133
178
175
129
65
22
8
-6
-10
-12
22
79
135
142
127
100
53
-34
-134
-224
-219
-135
-33
2
-58
-124
-105
-17
108
199
193
135
51
-12
-20
-6
-21
-68
-127
-93
14
150
251
261
250
233
218
220
226
236
265
304
365
464
528
560
541
516
515
476
418
342
269
230
184
90
-29
-122
-139
-87
-41
-40
-101
-164
-161
-110
-41
-14
-45
-86
-109
-60
20
60
43
-26
-99
-168
-193
-181
-148
-146
-190
-238
-248
-230
-224
-260
-334
-380
-414
-411
-410
-419
-384
-342
-298
-251
-216
-154
-107
-91
-114
-162
-191
-186
-138
-58
11
29
35
48
65
79
63
19
-49
-72
-46
-2
41
51
20
-22
-5
56
104
111
90
43
17
28
35
18
-47
-130
-158
-78
100
236
269
195
90
19
5
25
34
-19
-115
-191
-211
-164
-104
-50
-2
77
155
225
259
263
257
267
317
375
423
465
502
530
553
550
542
501
411
294
195
114
55
7
-40
-44
-6
52
59
36
20
49
69
61
16
-39
-61
-56
-47
-63
-79
-104
-102
-103
-124
-169
-183
-175
-172
-196
-221
-242
-218
-189
-190
-188
-216
-266
-326
-369
-405
-409
-401
-384
-362
-335
-299
-258
-216
-197
-186
-187
-195
-198
-166
-118
-58
-29
-16
-5
23
67
91
75
46
-10
-61
-71
-44
-27
-20
7
26
76
99
85
60
33
48
94
147
192
229
278
328
375
386
348
280
165
56
-19
-60
-65
-87
-136
-188
-229
-220
-165
-107
-85
-98
-114
-136
-129
-94
-35
60
153
240
320
399
452
473
462
437
423
399
376
340
281
229
165
125
97
89
119
151
155
132
117
130
153
134
70
24
-1
2
24
47
47
32
16
8
-28
-93
-171
-236
-241
-236
-223
-211
-190
-147
-106
-88
-122
-181
-253
-310
-351
-341
-326
-324
-332
-337
-316
-274
-215
-203
-236
-279
-286
-258
-243
-221
-214
-204
-174
-116
-55
-7
18
7
-14
-32
-48
-62
-76
-82
-74
-56
-21
2
28
47
40
61
89
106
119
148
186
247
333
428
494
520
518
492
442
352
257
143
104
80
33
-56
-154
-211
-213
-182
-172
-178
-227
-266
-263
-197
-82
13
39
31
37
53
101
147
161
158
158
152
127
108
86
63
31
4
-7
20
63
67
54
35
28
36
61
78
91
101
120
121
127
129
134
140
119
53
-11
-20
-1
29
61
84
125
161
167
144
99
39
-29
-93
-133
-160
-177
-183
-191
-176
-164
-158
-162
-149
-119
-114
-126
-146
-154
-157
-167
-166
-157
-142
-128
-112
-89
-56
-27
-29
-56
-112
-168
-186
-187
-170
-177
-172
-180
-187
-170
-162
-135
-131
-126
-93
-48
13
100
163
227
269
283
286
266
246
209
169
154
154
136
95
52
21
5
0
-22
-66
-93
-104
-92
-98
-138
-154
-139
-84
-28
16
24
21
12
13
38
73
71
46
10
-27
-24
-22
-12
9
34
74
101
120
154
169
169
157
154
167
186
193
167
131
96
84
106
107
89
69
77
96
132
167
228
273
284
275
233
195
155
112
49
-22
-86
-156
-194
-201
-190
-175
-163
-141
-139
-162
-189
-210
-209
-200
-185
-172
-148
-116
-70
-25
-4
-18
-45
-65
-96
-115
-138
-181
-209
-228
-228
-235
-258
-275
-300
-320
-297
-246
-203
-163
-133
-97
-50
7
67
103
139
178
203
230
226
218
213
204
205
184
138
85
57
36
27
13
-26
-55
-64
-49
-8
46
88
111
97
91
100
102
97
59
2
-63
-94
-75
-55
-33
-36
-85
-137
-180
-182
-149
-126
-106
-94
-86
-34
16
49
57
37
23
26
44
76
107
132
160
177
219
256
287
296
300
288
266
288
334
382
409
380
317
277
257
232
185
124
78
43
11
-11
-30
-53
-90
-134
-172
-187
-184
-173
-152
-125
-89
-71
-57
-72
-65
-51
-24
-4
-32
-59
-118
-174
-211
-260
-299
-343
-388
-398
-392
-393
-412
-419
-414
-393
-372
-347
-318
-286
-223
-149
-75
-27
-8
5
38
85
126
151
162
154
126
98
68
33
-3
-17
-13
12
43
61
76
97
117
146
162
162
148
146
156
162
162
150
129
114
115
101
67
21
-22
-54
-42
-46
-46
-49
-74
-69
-62
-45
-54
-51
-71
-76
-86
-92
-77
-57
-2
54
101
129
140
134
142
175
215
265
267
275
294
314
331
305
263
218
175
159
151
122
95
62
45
43
38
43
36
9
-14
-18
-14
-10
-5
20
42
65
80
88
91
107
120
108
80
20
-32
-70
-115
-158
-216
-280
-335
-362
-372
-389
-402
-428
-448
-442
-405
-364
-320
-289
-236
-176
-102
-40
1
45
73
100
121
114
91
81
55
24
-2
-10
-18
-13
-13
-8
-11
-18
-15
-4
16
22
12
0
-7
-2
20
32
38
37
45
68
91
109
108
80
62
43
11
-18
-33
-57
-80
-92
-102
-108
-136
-171
-190
-199
-189
-176
-167
-147
-134
-114
-86
-56
-14
9
32
83
141
214
270
298
311
323
326
307
291
255
220
215
209
194
170
135
115
114
131
156
163
158
156
158
166
181
197
187
171
173
197
227
229
219
198
165
129
78
28
-20
-73
-118
-171
-212
-251
-291
-334
-373
-391
-409
-423
-423
-405
-374
-332
-290
-260
-225
-181
-136
-91
-65
-37
-5
16
29
28
10
-3
-15
-27
-30
-25
-13
-24
-35
-33
-30
-5
1
20
33
39
40
53
66
78
87
79
77
75
88
88
91
91
78
66
62
53
33
11
3
-10
-43
-69
-82
-94
-109
-145
-169
-181
-190
-195
-218
-227
-222
-206
-173
-131
-79
-42
-12
12
35
56
71
77
100
127
137
143
140
138
145
148
148
140
122
115
126
145
164
187
197
186
176
183
209
225
232
235
243
263
298
330
338
319
274
236
211
187
148
106
37
-18
-69
-121
-156
-183
-216
-245
-262
-275
-278
-269
-260
-261
-244
-215
-169
-132
-113
-110
-109
-104
-103
-113
-124
-138
-157
-165
-173
-178
-182
-185
-197
-200
-205
-196
-170
-128
-80
-59
-40
-39
-40
-41
-45
-20
17
29
41
48
72
92
114
129
128
106
80
71
63
60
53
45
22
7
-6
-17
-28
-49
-55
-53
-52
-50
-63
-76
-71
-64
-62
-42
-22
6
25
58
89
106
116
108
97
90
115
130
145
141
131
118
106
102
86
82
89
106
144
171
187
197
193
186
167
161
175
178
190
197
205
218
220
217
207
179
147
126
93
65
40
10
-23
-66
-110
-140
-161
-174
-183
-188
-188
-186
-184
-171
-143
-121
-119
-123
-123
-123
-118
-110
-113
-124
-137
-153
-165
-175
-184
-205
-219
-224
-223
-200
-186
-154
-135
-139
-153
-154
-142
-133
-123
-111
-74
-39
-4
15
12
-5
-15
-5
3
0
4
13
13
24
28
12
-14
-32
-44
-44
-34
-24
-31
-36
-35
-30
-9
-6
1
6
16
40
63
81
96
106
88
85
96
101
107
100
93
95
105
115
108
98
93
88
88
88
98
114
127
153
176
195
201
202
202
194
204
210
221
231
237
228
224
191
161
130
103
97
73
69
59
41
23
1
-23
-39
-51
-62
-79
-77
-61
-45
-33
-30
-37
-30
-39
-61
-74
-79
-68
-74
-72
-78
-91
-113
-130
-147
-165
-175
-180
-187
-191
-196
-196
-178
-178
-192
-193
-181
-162
-140
-119
-107
-109
-96
-87
-88
-102
-106
-97
-92
-74
-46
-34
-17
-10
-18
-17
-10
-17
-37
-54
-73
-87
-84
-72
-79
-82
-88
-88
-76
-59
-37
-28
-11
0
16
18
18
27
41
53
68
72
83
101
108
107
106
105
100
104
97
100
112
125
126
136
153
167
164
162
156
144
137
137
141
154
156
145
141
140
144
140
119
92
86
91
108
105
85
65
37
13
-13
-36
-37
-33
-26
-33
-34
-22
-24
-32
-44
-56
-52
-45
-40
-31
-20
-10
-11
-14
-19
-25
-16
-19
-17
-24
-22
-28
-47
-44
-53
-65
-68
-73
-74
-77
-69
-73
-86
-99
-112
-97
-91
-97
-96
-82
-71
-44
-23
-10
-7
-6
-10
-14
-30
-41
-37
-38
-45
-67
-74
-88
-96
-97
-97
-98
-104
-98
-96
-90
-86
-73
-68
-70
-73
-68
-57
-44
-30
-16
-14
-20
-28
-32
-30
-33
-39
-41
-43
-39
-19
7
36
61
70
75
75
88
109
124
134
155
176
191
191
198
196
181
173
164
163
156
148
153
147
151
147
129
117
93
74
66
68
68
61
50
37
23
24
16
3
-3
-2
-10
-9
-15
-27
-30
-33
-29
-25
-10
0
1
6
9
13
13
6
-11
-11
-20
-33
-43
-41
-43
-54
-65
-80
-98
-116
-136
-146
-155
-158
-149
-145
-136
-130
-121
-106
-102
-94
-94
-100
-94
-100
-111
-113
-125
-131
-128
-122
-122
-123
-114
-109
-110
-97
-96
-97
-92
-69
-40
-26
-10
-7
1
8
18
31
39
36
17
12
13
27
43
49
43
37
38
40
40
54
57
74
89
111
126
142
150
157
164
166
176
175
185
194
209
211
201
189
171
152
139
134
120
103
96
84
73
60
46
35
26
22
15
6
1
8
5
9
15
12
5
-9
-16
-13
-4
2
10
11
4
6
5
7
9
23
20
20
23
15
8
1
-17
-44
-53
-71
-81
-91
-99
-110
-111
-115
-129
-139
-148
-150
-156
-143
-132
-128
-127
-125
-139
-138
-137
-136
-131
-133
-127
-123
-113
-114
-116
-117
-119
-119
-119
-117
-106
-100
-91
-79
-79
-65
-51
-42
-35
-37
-33
-25
-26
-27
-28
-28
-28
-20
-19
-14
-13
-7
4
17
30
51
77
98
117
125
121
127
138
150
167
176
194
204
211
227
234
237
236
223
204
201
199
187
175
161
159
150
138
129
103
86
76
62
47
34
23
8
-18
-14
-10
-11
-14
-24
-22
-18
-22
-27
-42
-65
-78
-75
-56
-48
-50
-53
-51
-49
-55
-67
-86
-97
-93
-95
-93
-86
-81
-80
-89
-88
-85
-83
-73
-72
-73
-67
-63
-62
-54
-46
-46
-44
-48
-48
-50
-49
-43
-41
-49
-45
-47
-51
-44
-48
-24
-31
-37
-37
-36
-30
-30
-28
-23
-10
1
-6
-9
-7
-12
-14
-32
-39
-36
-27
-24
-25
-22
-24
-26
-23
-23
-14
-6
2
7
14
19
15
18
22
36
44
50
56
68
78
90
100
106
109
108
106
105
101
98
94
83
88
79
77
78
73
67
50
37
29
18
23
17
15
6
15
10
-2
-9
-21
-16
-20
-13
-11
-6
-2
-1
5
2
-14
-17
-24
-33
-33
-46
-53
-56
-54
-61
-43
-30
-24
-22
-17
-9
-6
-1
-3
-6
-14
-8
-7
-8
-2
3
13
16
22
27
23
13
13
11
10
7
3
-9
-20
-24
-31
-40
-48
-59
-59
-56
-54
-49
-45
-29
-30
-30
-33
-38
-36
-45
-61
-60
-56
-45
-24
-23
-17
-14
-16
-13
-10
-14
-8
-15
-16
-7
-10
-13
-9
-14
-21
-20
-11
-1
0
19
23
33
49
59
70
69
77
81
89
95
99
98
96
96
81
75
73
63
67
57
58
61
51
48
34
35
32
27
28
22
14
8
-9
-12
-17
-16
-14
-15
-29
-26
-18
-26
-33
-41
-45
-55
-54
-65
-76
-78
-83
-84
-75
-56
-49
-37
-24
-11
-6
-13
-8
-7
-11
-10
-5
-4
4
20
24
17
13
17
8
9
12
5
1
-11
-13
-21
-25
-31
-26
-29
-33
-35
-36
-24
-32
-40
-49
-53
-62
-58
-53
-55
-57
-58
-41
-26
-12
10
19
23
23
14
20
30
31
35
37
37
38
35
41
27
13
-3
-14
-7
-4
3
1
-1
-2
9
18
26
30
34
39
31
32
38
38
32
30
25
26
32
37
37
33
22
14
9
4
1
0
0
4
12
22
36
41
40
45
46
45
49
54
53
49
46
33
29
26
15
6
-5
-9
-18
-8
-7
-3
-7
-1
9
7
10
-10
-17
-23
-19
-16
-6
-2
-6
-8
-6
-8
-20
-29
-42
-50
-46
-40
-38
-37
-40
-46
-44
-45
-39
-40
-48
-47
-50
-49
-51
-48
-56
-59
-64
-62
-54
-53
-48
-39
-31
-28
-22
-18
-12
-7
-4
3
3
16
34
40
43
33
26
30
27
23
19
3
-2
0
1
4
13
17
19
26
18
32
35
45
48
46
48
53
57
50
49
44
45
46
39
28
28
19
11
4
6
5
5
3
-6
-7
-12
-3
14
12
15
24
15
18
23
24
21
3
-1
-10
-25
-31
-31
-36
-41
-41
-39
-35
-32
-25
-33
-28
-24
-22
-10
-7
-17
-16
-24
-17
-15
-17
-15
-20
-23
-29
-27
-31
-36
-38
-57
-61
-64
-60
-50
-54
-48
-45
-39
-32
-28
-23
-15
0
9
13
21
19
22
23
17
15
20
19
27
37
45
59
54
49
49
53
68
63
62
65
62
66
75
72
60
60
57
54
55
61
52
49
56
52
45
32
22
10
7
2
10
14
9
8
-7
-13
-17
-30
-38
-52
-63
-62
-52
-46
-45
-47
-49
-46
-44
-48
-41
-36
-36
-24
-13
1
18
17
12
14
9
4
1
-2
-7
-10
-15
-14
-15
-6
-11
-16
-13
-11
1
6
16
15
17
23
16
-2
-7
-15
-22
-25
-32
-33
-31
-43
-53
-62
-68
-70
-71
-73
-77
-85
-82
-79
-77
-69
-66
-51
-43
-32
-26
-15
-4
-6
-5
3
11
5
8
6
13
17
28
42
50
65
67
75
73
72
80
86
88
94
101
103
110
111
103
94
87
81
70
68
68
62
54
43
39
34
26
19
10
8
-2
-7
-8
-6
-11
-13
-29
-43
-44
-46
-46
-55
-59
-60
-70
-73
-78
-84
-85
-82
-79
-65
-62
-53
-45
-45
-35
-26
-15
-7
-9
-3
-3
-5
0
0
-11
-18
-15
-18
-12
-9
-4
-2
-1
12
19
26
28
40
47
55
64
62
65
63
57
53
55
50
50
39
25
24
18
15
11
3
-11
-25
-18
-27
-29
-24
-32
-32
-33
-29
-27
-33
-41
-50
-61
-69
-62
-52
-48
-42
-34
-34
-27
-14
-7
-4
-5
0
-1
5
12
28
32
33
35
42
43
57
68
75
71
60
72
65
64
64
56
55
45
34
37
32
27
21
6
0
3
0
4
-2
-15
-17
-38
-50
-63
-63
-63
-66
-69
-78
-81
-82
-79
-82
-81
-76
-70
-70
-59
-49
-44
-33
-29
-32
-32
-22
-26
-15
-8
-16
-21
-19
-19
-31
-20
-13
-15
1
5
7
14
8
16
23
33
51
58
63
62
59
56
58
58
49
48
51
51
50
48
41
43
37
33
26
29
27
25
24
21
13
2
-6
-15
-27
-48
-60
-66
-72
-73
-70
-67
-63
-58
-48
-42
-31
-19
-14
-13
1
11
16
20
27
47
60
73
82
90
104
95
101
101
95
92
89
84
84
84
76
74
71
65
60
60
51
44
33
25
20
17
14
2
-1
-4
-16
-18
-21
-36
-51
-58
-68
-74
-72
-79
-76
-78
-76
-68
-65
-63
-62
-61
-65
-65
-68
-64
-62
-62
-66
-67
-66
-67
-58
-58
-59
-59
-60
-55
-52
-45
-40
-32
-33
-30
-18
-13
-6
-12
-6
-3
-7
-2
-4
-4
1
7
17
15
14
16
18
19
15
16
19
19
20
17
18
17
3
2
2
0
-3
-8
-11
-17
-20
-28
-32
-37
-36
-28
-23
-10
-3
5
-2
-2
-3
7
15
27
43
47
65
72
82
82
81
82
83
84
88
86
86
81
74
81
75
74
70
65
72
71
65
67
65
68
63
55
54
47
40
45
39
37
30
17
12
-4
-9
-12
-13
-16
-22
-23
-25
-36
-39
-47
-55
-60
-66
-60
-53
-54
-56
-55
-58
-56
-60
-64
-64
-60
-49
-52
-54
-53
-53
-52
-52
-51
-51
-51
-40
-42
-41
-38
-44
-42
-43
-49
-47
-51
-48
-38
-38
-30
-23
-20
-14
-19
-16
-9
-9
-5
1
3
5
2
1
3
-3
-7
-14
-23
-25
-36
-38
-34
-35
-30
-32
-21
-21
-18
-15
-17
-11
-9
3
12
26
28
28
34
46
59
67
61
63
73
71
72
69
71
75
82
84
78
75
78
79
87
90
81
75
70
69
66
70
61
56
46
39
36
34
32
27
19
13
7
-2
-4
-3
-9
-14
-16
-28
-31
-45
-48
-53
-56
-53
-51
-58
-61
-61
-61
-60
-65
-66
-66
-61
-63
-63
-54
-52
-48
-50
-53
-52
-51
-42
-45
-36
-24
-18
-22
-15
-19
-18
-12
-11
1
2
11
19
20
21
17
14
16
13
15
15
20
22
31
38
34
39
36
28
28
21
15
13
7
4
8
13
12
18
26
30
36
32
32
31
33
38
28
29
32
29
30
32
28
28
23
12
10
3
-7
-10
-21
-22
-23
-25
-19
-16
-7
-9
-5
-7
-9
-10
-8
-10
-3
2
6
21
28
24
24
23
16
9
0
-3
-6
-1
-8
-6
-12
-15
-21
-27
-33
-34
-38
-44
-51
-52
-48
-43
-40
-44
-39
-44
-42
-35
-33
-31
-32
-31
-31
-30
-33
-31
-28
-29
-30
-26
-19
-19
-18
-24
-26
-24
-22
-23
-21
-17
-15
-9
-4
-3
-4
-4
-6
-4
3
6
8
13
18
21
28
31
26
29
21
21
17
17
15
12
17
23
22
18
25
26
33
33
38
41
39
42
43
43
44
46
54
60
54
52
61
54
54
54
47
44
38
34
28
22
21
15
14
16
19
15
10
8
3
2
5
12
16
23
28
35
36
37
31
20
7
1
2
-6
-7
-14
-24
-26
-31
-43
-44
-52
-55
-60
-60
-57
-52
-48
-50
-48
-46
-40
-41
-40
-35
-34
-28
-32
-33
-34
-36
-37
-42
-42
-39
-34
-26
-26
-20
-18
-22
-21
-20
-13
-9
-3
0
5
10
9
8
6
6
10
11
14
20
18
20
16
16
17
13
19
17
13
9
2
-8
-16
-13
-15
-12
-16
-17
-22
-29
-30
-30
-32
-32
-23
-20
-14
-13
-8
-12
-11
-14
-14
-11
-12
-3
-2
-9
-10
-8
-4
0
3
7
12
18
24
31
34
35
38
36
31
36
45
54
59
60
66
70
66
67
57
54
45
48
50
45
53
49
44
33
31
28
29
32
23
20
16
12
14
15
8
9
6
1
1
-2
-6
-13
-23
-31
-34
-35
-38
-32
-30
-26
-27
-34
-36
-43
-48
-45
-47
-47
-43
-39
-44
-41
-36
-34
-29
-28
-24
-22
-15
-14
-15
-10
-9
-1
0
5
7
9
16
15
14
8
8
-1
-12
-21
-23
-24
-27
-28
-30
-31
-28
-33
-25
-18
-14
-12
-15
-7
-13
-14
-16
-15
-13
-12
-7
-7
-6
0
3
10
10
16
23
21
24
27
32
30
32
32
32
24
25
21
18
27
28
38
43
43
48
50
44
40
36
31
24
20
24
17
15
9
4
-6
-13
-23
-24
-19
-18
-17
-14
-8
-4
-4
-6
8
1
-6
-11
-17
-12
-20
-16
-21
-24
-30
-32
-27
-24
-23
-19
-20
-24
-24
-27
-31
-31
-32
-31
-32
-30
-27
-27
-19
-17
-11
-5
5
7
20
24
24
23
25
24
24
21
19
22
17
16
15
18
12
11
12
9
13
11
5
8
4
5
8
7
3
7
5
6
5
2
3
2
-2
0
-3
-5
-6
-8
-5
-6
-6
-4
-11
-6
-5
-3
2
-2
6
10
11
7
9
9
10
16
18
18
24
20
18
15
15
13
14
22
14
12
11
9
8
8
3
-5
-10
-6
-10
-9
-14
-11
-14
-15
-15
-19
-17
-19
-18
-17
-9
-8
-3
1
-7
-10
-12
-15
-18
-16
-10
-8
-6
5
0
-1
-2
-9
-10
-15
-15
-12
-8
-9
-5
-4
-1
-3
3
1
1
4
9
9
7
8
5
9
9
12
15
17
19
15
12
16
14
11
10
8
12
4
2
-2
-5
-8
-12
-18
-16
-13
-16
-12
-18
-13
-12
-15
-14
-21
-24
-27
-21
-19
-15
-12
-13
-11
-10
-6
-3
0
-3
1
5
3
7
6
3
1
0
4
6
6
5
3
4
9
8
12
12
9
7
7
9
4
1
-2
0
-4
-7
-10
-11
-11
-10
-10
-7
-1
4
11
10
14
15
19
18
17
23
19
20
23
25
29
26
26
30
25
29
31
30
20
17
14
12
16
7
4
1
9
7
-1
8
10
6
5
7
3
6
10
7
3
5
8
-2
-6
-5
-9
-6
-8
-13
-10
-10
-10
-15
-22
-26
-32
-33
-33
-31
-28
-23
-28
-33
-28
-29
-27
-25
-25
-22
-22
-18
-13
-17
-16
-12
-11
-7
-13
-12
-14
-10
-5
-7
-2
-2
1
1
4
12
13
11
6
3
4
8
9
4
10
16
17
15
16
17
16
15
15
13
9
7
3
-2
-6
-11
-16
-12
-19
-25
-28
-24
-22
-21
-19
-13
-6
-1
-1
4
10
14
16
13
19
15
13
16
16
15
12
11
9
8
7
3
0
-7
-10
-8
-9
-6
-7
-3
1
5
12
11
13
14
13
13
15
14
19
19
17
21
17
22
18
24
19
8
9
5
1
3
-4
-1
2
0
3
-2
-1
-7
2
-2
-5
-4
-5
-9
-10
-11
-13
-11
-14
-12
-15
-10
-8
-5
-10
-10
-13
-10
-8
-14
-8
-10
-8
-4
-7
-8
-10
-13
-13
-14
-15
-14
-10
-3
1
6
6
11
13
10
15
13
13
7
1
-3
-4
0
-6
-7
-7
-6
-8
-4
-3
-6
-5
-9
-6
4
10
15
20
22
25
28
26
30
24
24
22
24
26
25
21
19
18
14
13
9
7
2
1
-2
0
2
-4
-3
-2
3
-1
-5
-8
-12
-14
-20
-21
-21
-22
-20
-22
-27
-25
-27
-29
-29
-19
-18
-16
-12
-8
-3
-1
-3
0
1
0
0
0
-3
-4
-8
-10
-13
-12
-8
-6
-1
-1
2
0
-2
1
1
1
1
-1
0
-4
-9
-6
-9
-13
-9
-12
-11
-20
-18
-17
-17
-16
-15
-13
-13
-6
-3
-3
-5
-3
-1
-3
-1
6
4
6
3
3
1
-5
-1
1
0
-3
-1
0
2
1
5
6
8
14
8
13
15
18
24
23
33
29
31
30
33
37
33
35
37
38
38
36
38
34
33
35
34
37
37
33
31
29
26
22
20
18
15
15
9
11
9
1
-2
-6
-6
-9
-13
-15
-17
-18
-20
-20
-17
-21
-24
-23
-24
-23
-22
-17
-19
-16
-18
-18
-19
-18
-16
-16
-14
-12
-9
-8
-6
-11
-15
-14
-16
-17
-19
-19
-16
-13
-13
-17
-19
-19
-21
-26
-24
-25
-22
-21
-24
-25
-25
-21
-23
-27
-27
-24
-26
-23
-21
-22
-17
-14
-13
-13
-15
-16
-20
-20
-19
-21
-20
-24
-27
-25
-23
-22
-17
-15
-13
-8
-6
-2
2
7
10
12
15
19
20
22
25
25
27
27
28
29
33
37
40
46
50
53
54
52
54
58
57
58
56
56
54
50
48
45
42
42
36
34
29
23
23
10
10
8
6
5
0
3
3
3
2
1
-1
-5
-11
-15
-13
-17
-18
-17
-19
-22
-22
-22
-27
-25
-28
-23
-21
-21
-19
-17
-18
-19
-17
-18
-15
-10
-10
-7
-6
-8
-8
-7
-7
-6
-6
-5
-6
-11
-9
-10
-12
-6
-5
-7
-8
-10
-7
-8
-5
-10
-11
-10
-13
-15
-14
-15
-17
-17
-18
-20
-19
-16
-17
-17
-17
-15
-18
-18
-14
-15
-14
-13
-13
-11
-7
-7
-6
-4
-4
-7
-10
-9
-8
-8
-7
-6
-3
-2
3
6
13
15
15
20
21
21
22
23
26
32
30
26
28
28
31
33
34
34
35
33
34
34
33
32
27
24
23
24
20
17
17
16
16
16
11
11
13
7
-1
-2
-8
-8
-7
-11
-15
-18
-18
-20
-19
-23
-23
-24
-25
-24
-20
-21
-16
-15
-20
-24
-23
-23
-26
-21
-20
-18
-18
-18
-17
-16
-14
-12
-10
-8
-5
-6
-2
2
2
4
3
4
7
7
8
8
6
4
4
-2
-5
-7
-7
-2
-3
-5
-5
-7
-8
-5
-5
-5
-4
-6
-3
-2
-1
0
5
3
2
0
-1
-1
-3
-1
-7
-4
-3
-3
0
0
5
4
8
11
12
14
15
15
16
18
13
17
19
19
22
24
28
26
26
25
28
28
25
27
27
25
25
26
23
22
17
15
11
6
4
3
2
-3
-3
-3
-6
-8
-9
-10
-14
-18
-16
-18
-20
-25
-25
-24
-23
-20
-20
-17
-16
-16
-19
-18
-16
-18
-20
-18
-19
-19
-21
-21
-17
-18
-17
-19
-17
-15
-14
-11
-11
-9
-9
-10
-7
-7
-6
-8
-10
-11
-8
-11
-10
-8
-11
-10
-11
-11
-9
-7
-4
1
3
3
6
4
4
4
3
5
4
2
2
2
2
1
1
-1
-3
-5
-7
-8
-5
-3
-2
3
7
8
11
15
16
17
22
24
26
27
33
33
33
35
32
32
31
30
28
30
30
29
31
31
31
32
30
30
31
29
27
28
27
23
18
15
16
13
10
9
5
-4
-6
-7
-10
-9
-12
-13
-13
-12
-10
-11
-10
-10
-11
-6
-5
-4
-6
-8
-10
-16
-19
-22
-23
-24
-26
-28
-30
-27
-28
-30
-30
-29
-33
-34
-32
-32
-33
-32
-32
-30
-30
-27
-27
-24
-26
-22
-22
-19
-18
-15
-11
-13
-10
-10
-9
-9
-8
-6
-5
-4
-2
-1
-1
-1
2
1
2
2
3
6
5
6
9
10
9
11
5
7
9
8
10
12
10
9
8
8
11
11
12
11
12
14
14
17
17
18
19
22
21
25
26
25
27
25
24
25
23
23
23
20
19
17
14
12
11
8
8
7
3
4
2
-1
-1
-2
-2
-1
-4
-7
-8
-9
-8
-7
-6
-4
-4
-4
-4
-4
-4
-6
-10
-10
-10
-8
-5
-6
-6
-6
-6
-5
-3
0
1
-1
2
2
0
-1
0
-2
-1
1
0
0
2
0
-3
-4
-7
-6
-7
-4
-2
-4
-5
-7
-6
-8
-9
-10
-10
-8
-6
-8
-5
-7
-7
-6
-7
-9
-7
-5
-5
-8
-9
-10
-14
-15
-15
-15
-18
-17
-16
-14
-10
-9
-6
-3
-2
-3
0
4
4
3
8
7
11
13
9
12
13
12
11
13
13
13
13
13
13
10
12
11
10
13
11
11
9
10
10
11
10
8
10
11
10
10
10
9
7
6
7
7
6
5
1
0
-2
-2
-3
-4
-7
-6
-4
-6
-4
-7
-7
-9
-10
-12
-12
-10
-10
-9
-12
-8
-8
-9
-8
-7
-6
-7
-5
-4
-3
-5
-5
-5
-5
-2
-2
-3
-1
-5
-6
-6
-8
-7
-10
-8
-8
-8
-8
-9
-6
-4
-5
-3
-1
1
2
3
2
-1
3
4
6
7
7
6
7
4
3
5
4
7
7
9
11
11
10
11
11
11
11
12
12
14
16
13
12
11
10
10
7
7
10
12
10
10
7
6
7
3
2
1
2
1
1
0
1
0
0
0
-5
-6
-3
1
1
0
-1
-3
1
1
1
3
1
6
5
4
0
1
0
-3
-4
-2
-5
-8
-9
-11
-7
-12
-12
-13
-13
-12
-12
-10
-11
-7
-9
-11
-11
-12
-11
-12
-13
-13
-13
-14
-14
-13
-15
-14
-14
-16
-16
-17
-17
-16
-16
-15
-15
-15
-14
-12
-12
-12
-12
-8
-8
-6
-3
-2
0
2
1
2
3
4
5
6
7
6
7
6
8
12
12
14
14
16
18
18
20
19
20
18
19
17
18
19
18
19
20
20
21
20
20
17
17
18
16
17
14
17
13
12
10
10
7
4
4
3
4
0
-1
0
3
1
0
-1
-1
-1
0
0
-2
-3
-1
-4
-3
-1
-2
-2
-6
-6
-8
-4
-7
-9
-9
-9
-11
-11
-10
-9
-10
-9
-9
-8
-8
-7
-5
-5
-3
-5
-3
-5
-4
-2
-3
-5
-8
-9
-10
-13
-15
-13
-14
-12
-12
-11
-9
-9
-8
-11
-8
-8
-8
-8
-5
-1
-4
-2
-2
-1
-2
-2
-3
-2
-1
-2
-1
0
-3
-3
-5
-6
-4
-4
-1
0
0
1
3
2
2
5
5
7
8
7
6
5
5
3
5
6
6
6
7
6
7
8
8
8
8
8
8
10
8
9
9
10
6
6
4
2
4
0
1
3
3
5
7
5
8
6
7
7
7
7
5
6
5
5
5
7
7
7
5
4
3
2
0
-1
-1
-1
-1
0
1
3
5
4
1
1
1
0
0
2
-1
1
-1
-2
-2
-3
-5
-5
-8
-8
-9
-11
-10
-12
-12
-12
-15
-16
-16
-13
-14
-16
-15
-12
-15
-16
-14
-14
-11
-12
-10
-10
-8
-8
-6
-4
-5
-3
-3
0
1
1
3
2
4
4
5
6
6
8
7
5
4
4
4
3
6
8
9
7
8
10
8
9
10
12
11
12
12
13
11
7
9
7
8
5
7
5
4
4
1
2
1
1
-1
-1
-1
1
1
1
1
0
0
-1
2
2
1
1
-1
-2
-2
-1
-2
-3
-5
-4
-2
-2
-1
-2
-1
-2
0
2
3
3
4
5
6
5
5
4
2
1
1
-2
-3
-3
-3
-2
-5
-5
-5
-4
-5
-6
-4
-4
-3
-4
-4
-6
-3
-4
-4
-3
-4
-5
-6
-7
-7
-9
-9
-9
-9
-10
-7
-7
-7
-7
-8
-9
-9
-8
-7
-5
-5
-4
-5
-4
-4
-3
-3
-4
-3
-4
-3
-3
-3
-2
-2
-2
0
0
1
2
4
3
5
6
7
7
5
8
10
9
11
11
13
13
10
11
10
8
8
9
10
11
10
11
10
11
11
11
11
11
12
10
10
9
9
9
7
8
7
5
5
6
5
4
3
3
3
3
2
2
2
2
2
1
2
-1
-2
-3
-5
-7
-9
-10
-8
-8
-10
-10
-10
-10
-11
-11
-10
-8
-9
-8
-7
-6
-6
-7
-6
-5
-5
-4
-6
-7
-5
-6
-7
-7
-6
-7
-6
-6
-7
-7
-6
-4
-3
-4
-4
-3
-4
-4
-3
-5
-5
-4
-3
-1
-2
-3
-3
-1
-1
-2
2
1
1
3
2
3
3
2
3
2
0
0
-1
-1
1
-1
0
