-3
-3
-2
-2
-1
-1
0
-1
0
-1
0
0
-2
-1
-2
-1
-1
0
1
1
1
2
3
2
1
1
2
2
2
3
3
4
4
3
3
3
2
3
4
4
3
3
2
3
2
2
1
1
1
1
0
1
0
0
0
-1
-2
-2
-2
-2
-3
-4
-4
-2
-3
-4
-4
-5
-4
-5
-6
-6
-6
-5
-5
-6
-4
-4
-3
-3
-2
-2
-1
-1
0
0
2
1
2
3
4
3
3
4
3
3
2
1
2
2
2
1
1
0
1
2
1
0
0
0
0
2
2
2
2
3
2
3
3
1
3
2
3
3
2
4
4
4
3
3
3
3
3
3
3
4
3
2
3
3
2
1
1
2
1
1
-1
0
-1
-1
-2
-3
-4
-5
-5
-5
-5
-6
-5
-4
-3
-3
-3
-3
-3
-3
-2
-1
-3
-3
-3
-2
-2
-2
-3
-2
-2
-2
0
0
1
1
1
0
1
1
1
2
1
1
1
1
1
0
-2
-3
-2
-3
-3
-2
-1
-2
-1
-1
-1
-1
-1
-1
-3
-1
-2
-2
-2
-2
-2
-3
-1
-2
-2
-1
-1
-1
1
-1
-1
0
0
1
1
1
1
0
0
1
1
1
1
0
2
3
3
2
3
3
4
4
3
2
2
2
0
1
1
0
-1
1
0
0
0
0
0
1
1
0
-1
0
-1
0
-1
0
0
1
0
-1
1
0
1
0
0
0
0
1
0
-1
-1
-1
-1
-1
-1
-1
-1
-1
0
0
1
0
0
0
0
1
1
3
2
3
2
2
1
2
2
0
1
1
2
2
2
3
2
2
1
1
0
1
1
0
-1
1
0
1
1
1
2
1
1
2
2
1
3
1
2
2
2
2
1
1
0
1
1
1
0
-1
-1
-2
-3
-5
-5
-4
-2
-3
-4
-5
-4
-5
-4
-3
-2
-1
-2
-1
-1
-1
-1
-2
-2
-2
-2
-3
-2
-2
-2
-2
-2
-1
-2
-1
-2
-2
-2
-2
-2
-2
-3
-3
-3
-2
-2
-2
-3
-2
-3
-2
-1
0
0
0
-1
0
0
0
0
-1
1
-1
0
0
0
2
2
2
3
4
2
4
3
2
4
3
4
4
4
5
4
4
3
4
3
5
3
3
2
0
1
2
2
2
3
1
2
3
2
2
4
3
2
4
3
2
4
4
3
2
1
1
-1
0
1
1
1
1
1
-1
-1
-2
-2
-1
-1
-2
-2
-2
-2
-3
-2
-2
-3
-2
-4
-4
-4
-4
-3
-3
-3
-3
-3
-3
-3
-3
-2
-3
-1
-4
-4
-3
-4
-4
-2
-2
0
0
0
0
0
1
0
-1
0
-1
0
1
2
2
1
1
2
2
1
1
2
1
0
0
0
0
0
1
-1
-1
0
0
0
1
1
2
2
2
2
3
3
2
2
3
3
2
4
2
2
2
2
1
0
0
0
1
1
-1
-1
-2
-3
-3
-3
-5
-5
-5
-5
-4
-3
-2
-2
-3
-4
-3
-2
-3
-2
-3
-2
-1
-1
0
0
0
0
-1
-1
-1
-1
-1
0
0
2
2
2
0
3
2
2
3
4
4
3
4
4
4
5
4
5
4
3
3
4
5
4
5
4
3
3
3
2
2
2
2
1
1
-1
-1
-2
-2
-1
-1
0
0
-1
-1
-1
-2
-2
-3
-3
-2
-3
-4
-4
-4
-5
-5
-5
-6
-6
-6
-5
-4
-5
-4
-3
-3
-3
-1
-1
0
-1
0
1
2
3
2
1
2
2
2
2
2
2
3
2
4
3
3
3
2
2
2
2
2
1
2
3
2
2
1
2
2
2
1
2
2
1
0
-1
0
0
-1
-1
1
0
0
-1
0
0
-1
-1
-1
-1
-1
-1
-1
-2
-2
-1
-2
-3
-2
-3
-3
-4
-5
-4
-3
-3
-2
-2
-2
-3
-3
-2
-2
-2
-2
-3
-2
-2
-1
0
-1
1
1
0
1
1
2
2
1
0
2
3
3
3
3
4
5
3
4
4
4
3
3
2
2
2
2
2
2
1
0
1
1
2
2
0
0
0
-1
0
0
0
-1
-2
-3
-4
-1
0
1
-1
-3
-2
-1
-2
-4
-4
-4
-4
-3
-3
-4
-4
-2
-3
-1
-1
0
1
1
3
3
3
3
3
3
2
2
4
4
4
4
3
2
2
3
2
4
4
3
2
1
1
-1
1
2
2
2
1
1
-1
-1
-1
-2
-2
-2
-2
-3
-1
-1
0
-2
-2
-1
-1
-1
-2
-3
-3
-3
-3
-4
-3
-2
-2
-4
-5
-4
-3
-2
-2
-2
-1
-2
-2
-2
-1
1
-1
0
-1
-1
-1
-2
-1
-1
-1
-2
1
1
1
2
1
1
2
2
0
1
1
2
1
2
3
5
6
5
5
5
4
3
3
3
3
2
3
4
1
2
0
0
1
-1
0
-1
0
1
0
1
0
0
-1
0
0
0
0
1
-1
1
1
0
0
-3
-3
-3
-4
-4
-3
-4
-3
-5
-6
-5
-4
-3
-1
-1
0
0
0
1
2
-1
-1
-1
-1
-2
-3
-1
-3
-2
-4
-2
0
0
1
0
0
-1
3
5
5
4
2
4
5
6
3
4
3
4
5
4
4
3
2
3
1
-1
-2
-1
-1
-2
-2
-2
-1
-2
-2
-1
0
-1
0
1
0
1
0
3
4
2
3
3
2
0
0
-1
1
-1
-1
-2
-1
-2
-3
-4
-4
-1
1
2
1
-2
-3
-3
0
-2
-1
-10
-19
17
-1
-10
19
-4
-1
8
-2
-11
2
-4
-1
9
0
-14
-26
11
-1
-3
14
14
1
16
9
-10
5
-4
3
13
16
-3
-9
-5
1
0
6
13
0
-3
-1
-5
-15
-12
-13
-7
-3
-5
-15
-26
3
-7
-11
18
13
2
12
10
1
6
-4
-4
1
-6
-10
-2
-12
-12
-2
-13
-3
2
0
-4
6
0
-9
7
2
-3
-17
7
9
-16
11
9
-10
23
26
12
26
21
14
20
30
13
22
15
14
19
4
5
-5
-13
-11
-12
-15
-12
-17
-24
-20
-18
-28
-12
-18
-18
1
1
-9
11
10
-5
21
21
11
23
26
1
14
8
-7
3
-4
0
-7
-5
0
-17
-14
3
-27
-8
2
-10
-5
-9
-1
-31
3
5
-24
6
13
-9
2
11
-11
4
18
2
9
19
-7
14
-2
-4
15
-11
8
17
-15
7
8
-28
13
-1
-15
11
2
-17
4
-6
-17
11
2
9
22
16
21
23
15
28
19
22
27
13
2
15
9
-22
2
-12
-28
-13
-48
-47
-44
-64
-42
-51
-50
-26
-45
-51
-26
-24
-17
17
19
43
57
67
69
73
80
73
88
88
52
45
33
13
16
-3
3
-14
-40
-63
-57
-92
-112
-88
-102
-75
-78
-79
-68
-65
-47
-33
-9
25
34
54
81
73
84
110
113
115
108
88
80
69
20
-6
-2
-19
-30
-47
-67
-78
-93
-75
-85
-74
-62
-78
-37
-41
-37
-20
7
36
32
57
61
38
37
52
40
52
82
22
15
5
-14
-7
-31
-4
-20
-15
-3
-15
-38
-25
-24
-21
22
-6
-18
-2
-16
-29
1
-11
11
20
1
18
15
0
8
6
13
32
9
27
1
-2
6
-15
5
43
11
-19
35
-11
-21
21
13
-14
4
6
1
-7
-7
0
-33
8
32
-23
-24
39
-23
-25
24
3
-30
2
6
-26
5
15
-19
-6
51
12
0
24
31
-11
3
41
12
11
12
9
-29
-12
-9
-32
10
10
-23
-22
-11
-39
-36
-20
-16
-4
-6
-3
4
-16
-12
22
-15
11
26
-20
-12
16
-21
-15
4
-12
1
-21
9
7
-29
-2
11
-10
11
39
2
9
35
15
2
11
32
-6
-10
9
-10
-47
-21
1
-7
15
-7
-31
-34
-16
-20
-41
0
9
-16
-1
4
-19
-25
-1
8
14
39
33
-6
18
9
-4
19
13
22
12
21
14
-11
-21
-15
-19
-13
8
-23
-29
12
-5
-26
8
16
-16
-6
25
32
24
13
7
10
12
25
24
34
26
13
-5
-11
18
-2
-1
16
-1
-6
14
-14
-12
-14
-18
9
25
15
-12
-15
-20
12
5
-8
25
5
-3
28
18
-3
-8
10
34
16
24
32
6
-6
11
6
-21
20
9
-43
-6
-1
-37
-52
-2
-7
-46
-21
-13
-30
-25
-5
4
-28
-24
-14
-29
9
17
-14
-14
13
-7
-19
19
-11
26
30
16
41
-6
-3
6
13
17
22
-8
-5
-2
-11
-14
-7
-11
-13
-7
-4
15
-35
-24
-14
-26
15
38
-17
9
37
-20
-25
-4
-2
-13
35
31
-21
-8
7
7
-5
24
39
6
24
39
-22
-32
12
6
14
24
15
-35
-40
11
-15
-39
-17
20
-5
-27
-5
-46
-21
23
-12
-21
19
2
1
-20
3
12
-14
25
9
16
-7
32
0
8
72
16
-12
40
27
-38
6
17
-18
-11
11
-13
-16
-23
-20
-27
-24
16
-20
-23
34
-9
-26
47
35
-2
35
48
-16
34
55
5
29
35
9
-22
4
19
-29
1
43
-1
-35
-25
-18
-27
1
4
6
22
0
-20
-42
-37
-11
-2
15
1
-5
0
-16
-59
-38
34
11
7
60
25
-80
-46
56
1
-49
80
85
-64
-17
40
-43
-82
34
85
-26
-25
38
-21
-108
-27
75
-21
-32
57
46
-43
-98
31
46
-89
20
138
-35
-125
24
68
-88
-45
84
59
-81
21
160
-110
-136
143
50
-100
91
134
-105
-162
76
60
-115
-71
129
41
-194
4
155
-140
-206
94
112
-126
-31
240
-83
-265
82
165
-60
-89
231
77
-232
19
195
-130
-130
224
49
-204
-4
240
-115
-264
119
182
-151
-125
222
8
-213
69
126
-126
57
171
-152
-126
205
205
-183
7
286
-14
-229
150
199
-153
13
190
37
-84
35
80
-129
-20
161
-18
-126
55
100
-239
-141
229
-21
-136
94
136
-22
-166
49
76
-65
128
35
-16
51
39
-4
-116
87
50
-71
-4
21
52
-153
-149
117
13
-116
-7
79
-11
-126
-41
34
32
-41
-7
36
-57
33
57
-53
-30
64
46
-61
-1
62
-11
-79
-32
98
9
-97
28
-34
-61
-19
8
-23
-83
-15
-21
-47
-1
-4
-94
-23
84
-49
-95
31
-16
-67
6
56
56
-49
-10
6
-12
7
9
58
28
-8
-36
52
51
-78
-36
61
10
-14
66
30
-97
-60
43
14
-11
13
63
11
-62
21
12
-43
-9
42
6
-20
75
42
-64
-72
33
36
-19
-8
64
51
-60
4
66
56
36
3
81
79
18
7
-8
-11
22
19
2
1
47
18
-70
-72
35
22
-7
36
14
-21
-38
21
29
19
11
-10
-28
37
60
-26
-73
-1
74
-13
-16
50
-25
-92
-39
47
-9
-50
13
17
6
-31
4
1
-91
36
53
-69
-23
85
44
-134
-39
119
35
-48
22
43
-67
-70
35
-22
-101
-14
28
-95
-53
86
-54
-105
32
71
-56
-35
81
9
-58
1
91
-22
-76
42
51
-56
37
49
-6
-43
32
106
-78
-18
96
-5
-128
56
137
-70
-129
24
84
-50
-25
96
-11
-86
14
38
-43
49
76
13
-37
-25
73
-8
-107
76
111
-15
-48
21
91
-78
-163
56
144
24
-14
-43
-41
4
-51
-92
-8
114
91
-64
-131
-46
96
27
-88
-95
80
204
-73
-182
1
63
29
-101
-37
165
103
-11
-117
-102
51
184
61
-234
-43
230
33
-217
-148
148
154
-82
-46
29
59
-39
-142
-11
115
134
72
-149
-139
116
86
-78
-100
123
200
-50
-105
45
134
-35
-153
46
167
82
-25
-145
-135
43
87
-88
-161
81
126
-73
-156
-79
176
7
-261
-20
187
82
-36
-138
-120
78
168
3
-139
42
47
-15
-49
71
72
-90
13
10
-42
-4
-3
-43
56
145
-46
-102
36
3
-104
-78
108
204
-33
-94
-20
-101
20
170
12
-48
135
142
-33
-153
-7
84
-32
37
191
66
-135
-23
-8
-109
43
173
23
-27
2
38
-40
-208
27
251
0
-131
129
184
-123
-237
53
186
-6
-116
101
-9
-170
61
73
-203
-53
257
-28
-317
-3
171
-84
-188
8
179
-50
-192
-52
56
15
-69
50
95
-137
-64
70
-71
-77
48
178
18
-129
-44
76
-12
-88
-9
76
99
-18
-34
-14
-37
-98
-28
71
53
23
89
64
-199
-136
134
70
-141
14
255
30
-146
45
107
-60
-73
123
183
57
-7
7
-57
-145
36
93
38
9
19
23
-83
-74
19
-60
-3
81
35
35
3
-43
-177
-20
203
34
-74
100
102
-146
-156
62
64
-53
41
81
-39
-89
-49
-26
-142
10
139
13
-37
30
-4
-125
-154
41
170
-23
-34
42
-73
-122
-14
30
-86
-6
146
72
-144
-80
107
-109
-170
171
237
98
26
-196
-179
123
171
-54
-112
229
265
-164
-248
26
68
-54
-15
107
220
114
-195
-260
-1
152
138
12
-32
51
40
30
-112
-47
201
115
-237
-89
250
153
-254
-352
65
252
61
-223
-235
-62
133
64
-161
-56
154
161
-203
-272
119
331
-46
-370
-69
319
222
-199
-312
4
215
153
69
-95
-96
81
94
-5
21
272
182
-179
-273
54
267
60
-109
-119
19
192
173
-287
-407
28
176
28
64
126
-55
-272
-164
39
24
79
127
71
-53
-5
99
-40
-121
-156
-53
194
268
187
-30
-324
-204
82
221
-37
-192
74
97
-33
-59
-35
-85
-104
-16
37
32
152
68
-194
-128
60
111
35
-48
-26
4
-32
-4
35
96
-77
-212
-17
200
238
-120
-223
44
129
0
-62
37
42
-99
-42
91
-10
-57
-41
-68
5
188
171
-147
-195
24
46
-16
75
114
-46
-109
14
107
4
-66
5
98
137
77
-7
-105
-70
57
109
93
29
-30
-80
-85
63
47
-102
-103
61
114
-77
-60
24
-56
-54
69
109
63
2
-51
-48
77
133
-48
-104
33
160
70
-148
-179
22
183
37
-34
79
-50
-192
-63
135
148
16
-38
-68
-9
99
89
-89
-193
-5
146
76
-39
-75
-168
-228
-63
127
79
-84
-166
-145
-53
20
50
-17
-104
-144
-51
119
90
-59
-116
-66
-19
81
97
-55
-149
-69
12
41
79
94
-21
-146
-35
130
72
-36
6
34
32
73
62
51
31
28
110
167
136
133
107
8
36
71
128
164
109
34
5
47
-11
-31
64
19
-123
-32
60
-89
-213
-105
-70
-181
-76
193
143
-225
-246
6
19
-108
-46
15
-50
-64
63
-29
-247
-149
1
-112
-194
-35
30
-247
-425
-172
-33
-211
-231
-84
-159
-134
-18
-84
-174
-105
36
55
42
168
222
59
-15
169
366
372
356
377
404
428
451
423
373
349
441
449
380
356
321
162
47
136
154
57
19
26
-22
-106
-81
0
-117
-187
-86
-5
-82
-95
-60
-66
-76
-42
7
-65
-57
-3
-87
-84
24
-45
-236
-246
-53
-20
-142
-344
-295
-187
-246
-259
-268
-293
-383
-611
-902
-850
-499
-167
-259
-695
-999
-928
-685
-696
-890
-904
-592
-299
-179
-332
-509
-404
-197
118
641
1074
897
461
430
861
1247
1391
1355
1071
908
970
1083
1009
771
580
444
339
371
408
108
-326
-329
29
227
68
-227
-360
-340
-222
105
311
206
-38
-76
-15
43
240
319
129
96
378
517
381
135
64
164
360
482
461
305
57
-69
-41
-36
-9
-19
-206
-373
-371
-291
-383
-633
-743
-709
-723
-1173
-1521
-1235
-502
-128
-906
-1637
-1600
-1075
-760
-1090
-1419
-1245
-695
-432
-675
-830
-782
-663
-425
183
913
1051
555
22
134
1074
1883
1976
1409
1049
1154
1320
1347
1109
1052
873
630
611
722
541
-36
-394
-199
269
462
100
-454
-756
-539
-132
97
157
34
-240
-336
-30
287
247
104
153
392
585
545
349
220
310
440
640
731
562
220
42
173
390
430
231
-51
-198
-195
-183
-191
-260
-470
-537
-472
-462
-525
-601
-740
-706
-612
-778
-1224
-1537
-989
-278
18
-589
-1452
-1604
-1085
-631
-843
-1297
-1236
-660
-437
-753
-1026
-1036
-876
-544
149
850
834
191
-235
86
1089
1952
2041
1473
914
1085
1502
1624
1371
1193
1040
936
858
833
585
77
-137
23
340
435
0
-578
-774
-575
-99
159
-1
-428
-654
-468
-171
-20
55
70
13
136
390
431
284
217
351
531
721
873
708
373
271
397
579
549
374
164
54
103
124
-81
-404
-490
-432
-391
-395
-407
-492
-679
-729
-633
-666
-949
-1266
-1435
-1011
-349
-31
-705
-1762
-1741
-984
-498
-891
-1502
-1516
-1069
-647
-632
-960
-1182
-987
-464
153
619
620
174
-185
195
1318
2111
1960
1306
858
1191
1752
1890
1574
1306
1066
916
971
1028
842
293
22
205
503
476
-32
-565
-600
-233
79
48
-264
-539
-588
-498
-198
167
165
-137
-285
-58
291
344
266
233
331
473
653
740
517
299
412
720
750
530
301
163
130
144
102
-101
-279
-334
-437
-422
-380
-406
-620
-733
-672
-509
-683
-1144
-1560
-1376
-685
-176
-370
-1247
-1804
-1529
-795
-643
-1190
-1638
-1354
-771
-581
-841
-1177
-1212
-754
-123
393
599
296
-205
-103
703
1664
1888
1359
744
810
1442
1830
1695
1233
934
819
859
938
835
587
297
266
467
523
148
-408
-472
-98
312
311
-93
-493
-619
-480
-205
132
229
-35
-328
-235
71
261
261
222
282
470
625
580
417
332
438
594
694
619
430
251
166
200
246
27
-188
-212
-127
-190
-354
-409
-365
-426
-471
-524
-636
-933
-1311
-1161
-613
-46
-334
-1343
-1880
-1250
-421
-620
-1526
-1752
-1106
-498
-615
-1126
-1385
-1082
-585
-135
249
299
-5
-363
-159
823
1638
1548
849
435
832
1471
1608
1278
1004
1012
1065
781
570
449
645
587
370
388
402
41
-388
-232
267
475
162
-167
-235
-200
-164
-86
76
210
204
-13
-137
112
424
464
322
386
457
423
329
485
624
602
467
373
370
378
300
143
84
150
99
-222
-381
-209
-166
-333
-448
-415
-425
-465
-550
-658
-854
-1154
-1051
-701
-170
-488
-1322
-1711
-1152
-353
-597
-1621
-2014
-1207
-322
-457
-1317
-1707
-1240
-568
-281
-132
-80
-197
-340
-177
572
1259
1281
731
351
883
1537
1553
995
820
1154
1326
944
478
386
548
668
748
663
354
-121
-321
-21
414
535
183
-130
-110
133
82
-92
-92
150
372
345
189
22
-16
238
558
670
478
282
367
647
738
620
484
423
513
611
519
385
285
214
146
59
-37
-119
-144
-168
-148
-281
-329
-336
-397
-483
-739
-1097
-919
-531
-136
-572
-1425
-1630
-1029
-382
-723
-1681
-1982
-1249
-513
-677
-1493
-1894
-1525
-784
-369
-326
-515
-668
-589
-246
407
914
771
418
341
885
1353
1203
784
792
1160
1378
1015
444
341
649
958
905
617
316
64
9
237
435
459
154
-10
76
255
208
-25
-93
143
522
476
67
-206
11
448
653
518
251
129
272
605
704
524
353
388
530
554
373
232
185
248
228
50
-101
-224
-250
-159
-65
-183
-405
-525
-440
-385
-586
-1073
-1038
-651
-115
-357
-1325
-1727
-1084
-330
-676
-1747
-2106
-1302
-574
-667
-1424
-1870
-1526
-824
-450
-281
-348
-465
-510
-193
499
1108
1054
701
572
1061
1584
1450
1010
960
1404
1658
1240
491
364
738
1013
920
653
427
170
-68
85
352
426
196
22
-13
121
44
-265
-345
-10
426
310
-170
-316
-78
279
432
301
163
128
261
510
557
362
280
387
566
524
320
179
245
310
281
14
-210
-277
-153
7
-23
-218
-436
-496
-423
-271
-272
-628
-1189
-1099
-515
118
-420
-1566
-1784
-883
-132
-700
-1925
-2172
-1118
-226
-568
-1597
-1984
-1320
-463
-227
-362
-469
-444
-390
-22
659
1193
984
524
488
1171
1694
1395
816
936
1535
1717
1036
328
393
985
1287
969
461
180
109
37
207
402
363
8
-249
-120
100
-50
-346
-331
56
298
18
-464
-457
31
429
283
6
-4
180
258
274
287
355
421
432
370
270
218
276
396
428
229
-155
-317
-114
216
193
-109
-346
-299
-291
-206
-57
-164
-628
-1221
-957
-238
283
-355
-1544
-1729
-687
56
-725
-2060
-2113
-848
-104
-742
-1816
-1947
-1138
-294
-188
-532
-633
-452
-270
69
692
1190
921
425
570
1346
1734
1425
1002
1164
1592
1569
1003
494
677
1227
1350
870
315
102
168
293
476
453
116
-300
-304
13
61
-227
-397
-227
70
31
-271
-483
-285
160
332
82
-127
-94
31
174
314
423
326
106
137
263
286
271
311
381
260
-33
-280
-138
201
308
-10
-293
-357
-291
-189
-170
-122
-203
-543
-1104
-1237
-676
79
65
-1046
-1805
-1401
-463
-378
-1386
-2100
-1514
-548
-490
-1406
-2070
-1561
-514
-81
-369
-683
-588
-230
152
573
1044
1098
740
538
879
1659
1933
1532
949
944
1408
1490
1044
653
902
1241
948
332
-23
259
621
593
223
-65
-89
1
56
38
86
32
-53
-127
-152
-134
-86
43
215
235
53
-160
-127
90
312
408
396
150
-30
-14
140
272
248
144
67
6
-124
-211
-123
43
85
-47
-278
-411
-365
-141
3
-115
-334
-561
-680
-980
-1036
-512
-18
-78
-1045
-1861
-1638
-535
-57
-888
-2075
-1914
-779
-241
-993
-1816
-1548
-529
-26
-414
-688
-394
145
479
572
734
949
893
877
1242
1839
1844
1167
628
1109
1783
1730
1015
584
828
1005
661
329
403
717
644
129
-65
132
205
45
45
277
339
-53
-379
-255
209
416
139
-215
-133
94
28
-177
-93
223
300
-11
-213
-156
-40
-40
25
70
-9
-195
-359
-289
-139
-35
-132
-281
-302
-299
-329
-371
-205
-48
-105
-401
-605
-449
-314
-496
-948
-744
-212
142
-586
-1643
-1564
-407
222
-624
-2007
-2031
-683
76
-621
-1785
-1686
-615
54
-280
-583
-260
256
300
211
492
1132
1316
1133
954
1339
1645
1337
969
1209
1785
1655
862
361
622
1068
976
467
300
521
592
210
12
87
333
354
311
249
17
-281
-211
230
603
352
-259
-562
-234
214
244
-69
-181
-77
-63
-266
-370
-145
-8
-62
-178
-228
-331
-453
-386
-87
89
-76
-508
-601
-408
-33
20
-173
-322
-272
-296
-390
-357
-247
-149
-397
-611
-888
-614
-323
-107
-468
-1134
-1228
-673
-228
-625
-1425
-1591
-863
-248
-546
-1312
-1400
-723
-3
-23
-271
-282
15
290
553
844
1210
1138
871
896
1390
1729
1576
1176
1143
1418
1380
1034
611
703
1027
1023
624
327
371
441
302
143
145
265
230
99
3
-8
-37
5
104
157
-58
-312
-263
32
157
-11
-235
-258
-163
-196
-246
-168
5
-22
-226
-370
-294
-159
-122
-136
-138
-185
-345
-535
-386
-50
121
-121
-414
-486
-345
-225
-294
-366
-276
-167
-220
-524
-709
-923
-647
-255
29
-296
-1125
-1403
-803
-113
-319
-1140
-1628
-1047
-312
-240
-896
-1238
-884
-143
87
-71
-185
-7
262
503
710
994
1029
943
914
1121
1407
1409
1149
923
995
1118
1029
618
425
654
948
657
186
-51
232
391
262
24
36
264
293
61
-190
-97
217
347
190
-7
77
165
124
9
97
274
285
79
-155
-71
122
212
30
-113
-103
32
14
-71
-133
-125
-107
-128
-256
-287
-197
-100
-240
-451
-531
-371
-238
-276
-459
-524
-477
-406
-450
-516
-573
-798
-773
-628
-179
-350
-1028
-1381
-797
-188
-363
-1246
-1564
-826
-76
-224
-1070
-1285
-602
125
56
-265
-191
248
432
397
569
996
1022
860
714
1007
1313
1229
861
712
1028
1192
860
392
459
883
897
462
121
209
497
535
342
82
-5
158
388
379
236
110
125
271
332
212
120
139
278
251
116
64
156
132
25
14
196
226
-80
-348
-270
73
146
-191
-535
-396
-127
-167
-542
-719
-400
-94
-267
-701
-829
-579
-320
-397
-562
-521
-412
-467
-603
-556
-321
-541
-950
-860
-323
184
-305
-1202
-1295
-408
214
-219
-1250
-1376
-506
184
-182
-970
-1028
-356
207
101
-124
-84
227
459
592
710
821
763
771
957
1283
1285
940
715
925
1182
1094
675
441
555
753
682
359
148
223
352
321
234
191
277
307
298
254
202
135
209
341
415
303
119
-57
3
140
333
315
70
-198
-212
-78
58
-25
-201
-249
-151
-113
-343
-535
-459
-199
-188
-421
-694
-666
-452
-309
-383
-541
-630
-544
-390
-286
-314
-346
-360
-279
-243
-246
-304
-323
-531
-559
-338
119
137
-585
-1114
-771
114
278
-503
-1325
-1010
-171
181
-443
-1013
-841
-94
281
54
-330
-277
105
409
503
588
696
617
555
667
957
1067
974
764
703
761
729
461
351
540
760
603
200
-60
196
484
519
348
146
109
250
396
424
314
248
280
300
286
158
36
96
311
358
91
-216
-233
9
191
20
-193
-230
-90
-131
-313
-426
-249
-43
-183
-486
-546
-334
-189
-233
-332
-341
-384
-432
-383
-186
-35
-99
-375
-447
-256
-24
-32
-184
-293
-238
-546
-731
-506
68
393
-289
-1132
-1075
-168
246
-330
-1223
-1041
-177
118
-593
-1248
-1015
-120
206
-193
-591
-442
-26
210
199
354
629
564
377
399
787
1094
945
617
576
723
811
615
370
468
705
626
364
187
312
417
418
407
450
348
274
350
407
359
272
346
487
402
187
113
299
494
328
-12
-89
157
286
76
-185
-116
94
-24
-317
-358
-169
-35
-191
-405
-386
-236
-247
-381
-404
-213
-121
-272
-463
-415
-147
-40
-242
-413
-256
-111
-128
-264
-243
-40
-90
-226
-529
-557
-281
52
152
-266
-776
-840
-294
0
-349
-1113
-1192
-545
-97
-503
-1211
-1270
-637
-107
-268
-668
-693
-346
-43
37
120
331
431
478
522
665
727
717
671
753
901
866
623
391
464
784
850
622
347
332
503
607
543
379
429
565
637
507
362
358
434
498
435
344
296
215
193
149
150
115
68
-80
-152
-59
-4
-71
-241
-327
-253
-185
-162
-222
-301
-354
-366
-336
-314
-240
-217
-249
-360
-418
-313
-186
-116
-103
-126
-109
-113
-163
-163
18
177
160
-80
-256
-442
-314
-113
146
24
-447
-878
-733
-281
-190
-632
-1194
-1096
-637
-425
-914
-1358
-1246
-565
-244
-484
-785
-691
-317
30
77
147
270
462
473
448
622
802
865
770
814
878
812
531
396
650
950
891
566
366
476
604
531
401
487
648
625
428
320
376
501
534
484
352
259
235
254
246
224
235
149
-37
-152
-99
12
73
-67
-248
-309
-221
-171
-201
-232
-183
-153
-317
-461
-347
-63
20
-192
-387
-268
-42
29
-79
-41
57
90
-134
-238
-8
338
294
-119
-484
-386
-256
-275
-371
-336
-169
-440
-895
-1158
-811
-454
-496
-1099
-1393
-1221
-861
-900
-1134
-1196
-889
-652
-671
-741
-603
-295
-104
-39
85
324
420
460
462
714
945
992
794
696
785
943
951
821
664
675
745
774
695
548
563
640
681
611
610
688
719
678
573
541
518
512
504
486
495
418
262
43
27
149
263
166
-132
-278
-220
-53
-62
-232
-362
-283
-155
-178
-312
-344
-200
-128
-243
-339
-248
-101
-55
-156
-160
-36
47
-76
-221
-161
28
128
18
-126
-192
-201
-264
-310
-299
-410
-467
-581
-548
-522
-692
-963
-1079
-833
-635
-813
-1374
-1530
-1220
-801
-866
-1134
-1277
-1101
-845
-678
-547
-385
-253
-182
-53
234
475
509
521
695
979
1009
851
810
1086
1294
1163
808
751
1016
1210
987
787
863
1090
1042
715
630
897
1191
1072
721
494
572
690
672
553
434
349
197
54
90
136
33
-161
-240
-209
-237
-399
-411
-184
-13
-188
-575
-683
-353
26
24
-246
-364
-247
-185
-262
-227
-46
113
26
-212
-304
-187
-20
-12
9
-27
-126
-304
-422
-325
-205
-231
-534
-732
-824
-857
-912
-994
-826
-836
-1015
-1371
-1398
-1159
-925
-1044
-1305
-1376
-1139
-858
-855
-1016
-964
-628
-342
-228
-258
-172
48
390
616
718
700
861
1043
1186
1217
1240
1300
1345
1352
1288
1212
1238
1303
1250
1060
904
975
1126
1081
772
541
591
747
734
516
339
325
399
332
122
-21
-24
126
117
36
-111
-109
-85
-64
-87
-95
-11
12
-52
-177
-144
-3
119
73
-85
-140
-66
-75
-142
-175
1
82
-94
-377
-431
-230
-87
-146
-338
-451
-467
-509
-588
-669
-621
-611
-771
-948
-982
-879
-895
-1023
-1192
-1085
-1051
-924
-923
-914
-981
-1027
-933
-755
-641
-712
-765
-702
-453
-415
-532
-588
-284
65
192
42
45
267
559
699
802
868
1011
1067
1084
1130
1232
1356
1392
1299
1152
986
958
1036
1097
1034
776
625
592
668
582
487
448
522
505
358
263
246
274
267
260
344
316
194
4
57
322
454
262
-78
-136
43
243
161
23
-35
2
-29
-133
-182
-126
-139
-233
-351
-336
-377
-518
-646
-553
-453
-581
-896
-1096
-926
-684
-647
-923
-1107
-1083
-875
-786
-816
-872
-856
-858
-784
-722
-649
-648
-730
-587
-537
-396
-414
-385
-321
-248
-263
-306
-219
-156
-153
-294
-226
-43
42
-117
-212
-46
330
477
345
177
352
707
917
831
772
917
1077
1117
1023
1001
1059
1134
1072
940
855
839
855
839
775
723
575
578
656
699
593
459
488
653
744
570
353
283
395
534
475
344
243
180
158
89
51
11
-25
-132
-202
-276
-276
-348
-436
-543
-627
-665
-668
-735
-843
-919
-953
-991
-1042
-1093
-1022
-912
-896
-962
-1006
-896
-773
-699
-666
-575
-505
-422
-443
-421
-300
-150
-100
-173
-213
-144
-53
-29
-119
-73
-82
14
-6
-67
-143
-198
-189
-117
-102
-284
-441
-537
-304
-82
-96
-324
-454
-319
-13
129
137
102
185
307
498
563
672
815
884
974
932
965
1013
1073
1107
1098
1057
996
952
879
852
921
893
863
725
683
697
726
698
620
551
512
512
430
333
324
345
310
30
-187
-144
-14
-13
-300
-516
-611
-567
-647
-716
-740
-736
-814
-1035
-1092
-929
-733
-738
-893
-965
-917
-835
-795
-719
-595
-549
-540
-540
-493
-424
-312
-227
-143
-132
-178
-204
-90
81
115
1
-79
-18
56
-32
-82
-102
-11
-67
-254
-265
-188
-61
-206
-462
-567
-399
-330
-401
-598
-597
-445
-333
-383
-401
-288
-59
105
135
149
281
524
760
882
875
931
1031
1171
1233
1240
1239
1291
1343
1293
1160
1003
987
1119
1142
1001
730
610
641
672
660
508
389
328
320
276
140
31
-29
-18
-73
-184
-365
-469
-491
-477
-501
-604
-727
-820
-804
-752
-759
-837
-891
-848
-789
-787
-821
-863
-780
-689
-637
-671
-691
-666
-582
-452
-336
-291
-383
-433
-313
-112
-69
-160
-197
-97
25
-9
-125
-151
-31
88
50
-135
-223
-187
-148
-168
-242
-203
-283
-316
-342
-169
-79
-143
-367
-361
-136
58
4
-197
-179
24
201
146
116
192
383
522
578
637
758
785
852
942
1116
1190
1171
1103
1156
1222
1139
983
872
961
1058
935
689
494
551
566
452
339
287
318
167
53
42
135
169
-12
-215
-206
-80
-98
-312
-487
-437
-315
-442
-668
-749
-627
-549
-667
-848
-878
-765
-676
-685
-733
-712
-651
-666
-705
-653
-550
-525
-588
-613
-501
-398
-432
-509
-521
-401
-309
-304
-349
-329
-281
-218
-241
-294
-263
-174
-85
-74
-149
-135
-48
50
88
35
-21
15
173
195
221
197
251
300
277
204
212
288
360
325
191
138
186
290
326
327
301
299
288
364
473
575
606
613
617
669
661
690
766
819
829
725
616
590
619
655
623
537
455
413
361
318
256
248
308
298
215
65
-48
-3
82
37
-104
-291
-334
-283
-263
-374
-461
-572
-603
-675
-742
-748
-764
-794
-864
-914
-935
-902
-911
-886
-851
-863
-942
-985
-904
-712
-661
-750
-822
-730
-540
-399
-377
-343
-227
-120
-48
-41
20
177
312
366
366
386
421
472
540
587
596
547
525
473
455
459
539
603
480
330
255
333
442
408
241
90
81
105
80
-40
-90
-28
26
-27
-103
-90
49
185
223
238
275
341
417
496
623
748
771
739
686
766
877
883
762
676
699
720
653
493
415
432
418
254
52
-14
33
9
-222
-400
-417
-372
-456
-646
-829
-867
-855
-890
-988
-1113
-1149
-1197
-1225
-1267
-1257
-1249
-1271
-1274
-1265
-1185
-1084
-999
-930
-884
-812
-712
-562
-434
-383
-300
-148
34
112
121
177
351
515
570
563
607
725
827
831
800
806
867
891
864
850
838
814
755
727
774
764
633
501
509
566
563
392
287
301
331
317
180
113
83
30
-65
-80
-59
-49
-134
-206
-149
-28
-7
-55
-70
44
211
278
284
302
354
426
495
556
578
489
410
375
373
348
259
124
17
-11
-63
-216
-383
-523
-535
-570
-615
-803
-963
-1020
-921
-888
-1026
-1202
-1203
-1076
-1041
-1154
-1243
-1148
-1031
-980
-1087
-1096
-970
-793
-697
-681
-623
-495
-424
-360
-201
51
179
188
167
309
534
649
660
643
746
889
915
860
872
990
1108
1080
991
954
1003
1052
1033
978
954
928
872
796
769
783
789
712
585
503
482
478
382
281
258
248
151
-3
-40
97
177
20
-281
-367
-241
-83
-183
-451
-522
-390
-295
-405
-564
-544
-414
-318
-349
-416
-404
-362
-317
-238
-185
-227
-325
-377
-325
-302
-348
-444
-468
-439
-492
-654
-718
-663
-594
-641
-770
-820
-792
-745
-701
-671
-611
-598
-618
-618
-578
-434
-303
-283
-341
-345
-277
-161
-116
-110
-96
-30
56
117
157
201
309
395
420
438
527
673
744
722
728
834
962
981
911
873
961
1056
1042
955
902
948
1002
1008
953
884
853
829
800
787
760
725
695
614
506
409
395
409
348
212
88
57
19
-39
-148
-202
-262
-359
-427
-440
-430
-523
-694
-807
-784
-794
-929
-1121
-1174
-1069
-1030
-1183
-1329
-1308
-1140
-1072
-1118
-1134
-1013
-847
-792
-807
-705
-523
-396
-393
-389
-323
-247
-215
-199
-111
-18
14
-65
-104
-47
82
143
76
-5
-44
90
195
221
172
151
210
273
262
219
235
290
387
354
262
250
362
491
482
412
423
523
613
629
650
693
777
806
830
850
893
901
907
936
974
969
890
841
890
953
939
799
681
694
754
744
614
508
427
408
361
269
177
92
13
-107
-232
-318
-327
-390
-514
-641
-744
-793
-880
-938
-975
-989
-1087
-1223
-1309
-1256
-1158
-1224
-1411
-1502
-1385
-1212
-1226
-1362
-1375
-1212
-1062
-1078
-1160
-1094
-846
-646
-604
-641
-539
-349
-191
-125
-52
97
227
272
275
340
460
523
514
473
484
536
540
535
521
566
586
586
543
534
576
600
662
694
681
639
645
712
770
751
702
695
717
715
700
680
686
664
680
711
701
664
591
599
650
688
664
604
535
524
586
596
519
429
371
367
328
245
149
97
53
-21
-104
-198
-235
-256
-303
-362
-447
-527
-579
-603
-613
-622
-661
-717
-795
-846
-842
-833
-858
-925
-978
-971
-1005
-1030
-1033
-953
-934
-994
-1053
-1010
-869
-840
-894
-972
-877
-752
-741
-863
-912
-756
-548
-507
-627
-691
-540
-331
-215
-210
-148
6
146
237
296
464
638
740
754
762
873
1009
1089
1066
1060
1106
1129
1088
1021
1043
1126
1137
1028
929
886
931
928
858
820
810
779
684
590
572
600
553
466
405
364
312
232
177
178
176
118
-5
-79
-49
-3
3
-72
-155
-190
-176
-146
-160
-184
-223
-246
-254
-293
-327
-319
-304
-318
-368
-415
-382
-347
-337
-349
-336
-313
-312
-338
-369
-337
-302
-335
-415
-474
-466
-445
-482
-568
-649
-651
-682
-739
-808
-802
-771
-786
-862
-932
-899
-813
-749
-760
-821
-834
-737
-642
-600
-647
-645
-512
-365
-314
-318
-268
-84
125
222
273
384
545
725
839
925
1012
1105
1188
1259
1335
1383
1355
1285
1259
1271
1283
1199
1072
972
945
920
836
722
623
556
519
454
365
249
129
70
45
22
-43
-165
-257
-288
-329
-344
-376
-435
-486
-526
-510
-461
-420
-399
-398
-373
-329
-260
-199
-137
-98
-69
-19
33
82
95
100
130
173
173
138
111
110
118
88
30
-27
-66
-95
-145
-252
-315
-348
-329
-385
-526
-652
-664
-651
-688
-767
-835
-841
-823
-820
-823
-793
-755
-717
-696
-625
-551
-515
-491
-397
-227
-122
-181
-241
-142
86
203
123
-21
36
247
376
345
276
350
523
612
578
557
665
827
912
879
847
861
894
947
945
904
829
752
684
613
563
512
451
365
241
149
113
87
19
-72
-111
-92
-136
-242
-326
-286
-164
-147
-248
-364
-347
-230
-152
-191
-258
-232
-150
-109
-126
-120
-75
-2
46
58
55
49
60
98
125
125
77
40
23
38
16
-45
-99
-104
-85
-94
-154
-239
-287
-287
-242
-259
-315
-360
-350
-317
-331
-393
-380
-345
-340
-391
-435
-370
-304
-309
-364
-332
-227
-202
-251
-274
-174
-50
-50
-133
-157
-58
21
19
-20
19
59
7
-78
-46
99
152
21
-91
-16
132
176
60
48
163
302
290
222
262
390
490
475
450
478
535
550
528
518
540
510
448
384
381
394
359
273
200
179
175
155
96
76
95
104
44
-90
-124
-49
47
14
-151
-263
-234
-102
-82
-156
-280
-322
-284
-231
-228
-252
-255
-254
-231
-176
-156
-157
-151
-81
-1
35
-11
-54
-17
51
96
66
54
49
57
57
51
76
86
59
25
4
32
17
-26
-70
-63
-68
-123
-185
-238
-211
-206
-242
-296
-356
-360
-354
-352
-344
-354
-359
-365
-350
-352
-319
-310
-265
-214
-213
-219
-195
-84
-32
-47
-124
-79
58
132
36
-57
54
268
325
188
77
189
419
506
418
338
380
495
545
504
501
539
540
501
444
423
402
351
301
277
233
124
21
-26
19
9
-80
-177
-205
-223
-211
-243
-241
-203
-207
-245
-294
-287
-197
-119
-121
-133
-140
-94
-77
-68
-31
3
27
46
60
125
188
240
228
212
232
277
275
254
242
256
261
204
156
151
152
119
52
-27
-63
-60
-92
-156
-213
-221
-199
-208
-240
-281
-307
-284
-259
-275
-297
-330
-310
-275
-258
-251
-253
-231
-202
-191
-189
-145
-75
-46
-46
-42
-11
30
26
33
59
120
121
40
-61
-34
58
81
-23
-151
-165
-102
-50
-110
-197
-199
-139
-70
-76
-132
-138
-76
37
84
60
30
44
99
130
127
87
57
70
96
139
109
47
-20
28
109
134
54
8
53
123
153
110
90
129
192
197
159
154
193
224
234
220
218
198
172
162
180
211
201
155
128
153
188
166
135
129
153
136
118
121
128
131
99
93
103
88
73
54
71
90
87
55
13
15
20
29
3
-22
-36
-50
-86
-131
-165
-164
-158
-202
-272
-304
-311
-308
-332
-340
-349
-368
-353
-351
-336
-362
-369
-349
-296
-282
-308
-347
-331
-260
-239
-289
-351
-339
-285
-246
-241
-249
-248
-205
-169
-98
-34
23
52
89
127
173
214
241
280
308
310
276
264
297
330
323
275
224
204
220
224
216
199
163
162
148
139
135
122
133
151
155
117
72
88
141
175
150
120
109
128
149
157
162
183
209
208
195
199
241
272
275
244
247
268
253
201
164
183
202
169
94
30
33
54
33
-48
-106
-112
-101
-124
-198
-229
-241
-260
-286
-318
-313
-335
-367
-392
-392
-381
-396
-439
-442
-402
-346
-358
-414
-415
-339
-279
-290
-339
-338
-270
-226
-234
-247
-225
-204
-207
-223
-214
-167
-143
-164
-165
-155
-116
-92
-75
-31
23
57
61
72
118
187
241
259
275
319
362
378
390
394
421
459
460
450
408
391
396
397
374
328
290
265
253
233
198
169
154
156
139
109
92
86
93
90
102
113
94
77
95
126
140
114
79
91
122
130
109
80
77
87
86
67
41
21
1
1
-22
-45
-64
-78
-88
-109
-122
-137
-167
-174
-176
-174
-178
-214
-230
-221
-204
-220
-258
-285
-291
-268
-266
-299
-340
-346
-323
-328
-368
-397
-392
-365
-370
-403
-425
-401
-369
-356
-366
-388
-359
-305
-266
-250
-231
-192
-162
-141
-84
-17
43
68
83
139
226
296
325
344
363
408
451
462
481
482
485
509
528
513
461
416
405
400
379
323
270
240
220
210
183
151
117
79
62
55
31
21
-6
-18
2
-5
-33
-44
-46
-23
-2
-4
-9
3
34
54
52
40
62
102
125
132
100
78
80
114
135
123
89
44
32
31
35
12
-17
-53
-88
-116
-136
-167
-203
-225
-237
-257
-288
-322
-342
-332
-348
-370
-393
-388
-384
-388
-389
-377
-367
-375
-389
-376
-339
-303
-281
-271
-254
-213
-167
-162
-144
-102
-60
-48
-46
-31
21
55
41
39
51
94
118
123
149
178
186
175
166
191
244
275
277
273
278
292
288
282
306
328
314
279
253
256
275
267
241
227
215
212
195
195
212
216
206
179
171
161
145
133
148
162
130
91
58
76
110
96
57
31
43
57
36
-8
-8
15
2
-43
-64
-58
-56
-85
-112
-131
-135
-149
-193
-199
-205
-196
-215
-230
-240
-246
-248
-242
-224
-216
-232
-228
-206
-188
-170
-181
-193
-189
-159
-137
-146
-162
-159
-142
-145
-155
-165
-161
-155
-142
-117
-118
-133
-138
-136
-119
-80
-75
-103
-120
-121
-103
-83
-88
-83
-72
-55
-64
-75
-61
-39
-19
-9
5
34
98
132
154
193
236
277
296
315
333
370
411
426
428
421
432
456
446
426
420
426
405
351
310
298
302
285
222
153
116
100
93
60
7
-37
-79
-104
-144
-171
-179
-202
-231
-280
-300
-282
-256
-254
-270
-280
-260
-223
-193
-171
-139
-101
-90
-96
-93
-71
-13
31
36
14
-6
-5
24
44
50
56
45
39
42
44
50
57
33
14
4
1
-27
-52
-74
-65
-74
-115
-181
-217
-198
-182
-216
-255
-276
-277
-256
-248
-258
-255
-247
-247
-251
-248
-217
-193
-192
-207
-198
-161
-126
-122
-108
-65
-14
25
45
70
140
194
229
240
271
329
373
390
385
409
441
443
436
427
426
426
389
351
335
324
291
242
202
193
176
126
46
11
12
-9
-63
-108
-122
-139
-173
-217
-237
-224
-216
-231
-241
-225
-197
-184
-191
-191
-155
-112
-78
-80
-83
-46
2
28
35
50
69
94
102
96
88
106
132
147
133
128
138
144
126
100
85
76
72
61
41
20
19
28
-2
-38
-68
-94
-121
-151
-174
-187
-187
-203
-234
-243
-247
-258
-264
-280
-286
-275
-266
-260
-248
-248
-247
-239
-202
-195
-181
-153
-136
-102
-80
-47
-23
5
36
59
76
94
139
189
202
202
208
232
264
270
268
275
290
292
297
278
277
275
264
254
214
193
190
169
137
93
58
49
27
-7
-46
-68
-86
-100
-106
-102
-120
-142
-153
-151
-126
-127
-137
-139
-109
-76
-68
-73
-63
-23
2
9
16
19
41
64
91
114
121
131
140
154
165
168
178
183
180
170
164
156
158
152
125
109
106
73
28
-8
-23
-27
-64
-111
-142
-143
-153
-185
-221
-222
-222
-245
-283
-303
-294
-290
-302
-323
-317
-307
-309
-321
-318
-287
-258
-241
-240
-222
-186
-148
-123
-95
-61
-29
-18
6
41
60
85
112
125
139
140
150
170
194
199
208
207
206
213
200
191
192
192
186
176
171
168
140
121
112
108
66
40
29
25
32
15
-14
-35
-18
-4
-17
-20
-13
-6
-8
-4
13
30
44
30
31
49
76
108
119
123
123
133
150
166
175
197
217
222
234
221
210
204
215
230
194
160
140
140
125
91
46
15
-7
-49
-88
-128
-151
-173
-204
-241
-275
-283
-293
-298
-313
-327
-328
-337
-333
-336
-338
-330
-317
-302
-289
-276
-268
-252
-230
-214
-203
-181
-150
-140
-125
-103
-86
-67
-61
-64
-37
-14
11
9
-3
14
35
49
36
34
42
69
91
91
82
87
107
120
118
111
118
108
99
101
108
116
109
119
112
108
106
92
77
89
107
109
108
108
137
160
167
154
141
153
162
174
185
191
207
228
223
222
210
206
204
209
213
215
200
176
167
160
167
142
99
61
55
47
24
7
-6
-10
-24
-41
-59
-69
-78
-109
-134
-138
-143
-157
-180
-199
-199
-180
-180
-215
-258
-260
-245
-242
-266
-268
-250
-230
-231
-253
-249
-225
-212
-219
-222
-222
-215
-203
-179
-179
-188
-187
-181
-156
-149
-136
-140
-131
-93
-59
-50
-53
-44
-31
-17
-23
-17
1
20
37
41
58
70
86
89
107
132
144
143
141
156
196
217
205
202
213
234
249
245
237
245
235
219
216
223
224
205
190
186
174
160
153
151
149
141
118
91
90
83
77
81
94
92
75
62
40
36
30
13
10
26
46
47
20
15
16
20
23
9
7
20
30
25
3
-12
-32
-46
-64
-67
-84
-105
-120
-143
-165
-168
-190
-210
-216
-226
-240
-265
-261
-259
-259
-269
-276
-267
-251
-244
-247
-248
-248
-244
-235
-225
-217
-198
-172
-162
-159
-142
-134
-122
-96
-79
-60
-49
-37
-26
-12
8
38
53
58
77
109
117
140
155
164
180
177
188
200
211
217
224
208
198
212
212
192
195
205
206
196
192
190
171
150
137
125
128
121
117
98
81
89
90
87
85
96
92
97
99
100
98
100
107
99
76
74
78
58
63
67
63
56
42
26
12
-7
-18
-27
-33
-56
-73
-82
-85
-105
-126
-144
-155
-169
-172
-179
-193
-186
-198
-198
-201
-204
-207
-216
-228
-229
-211
-197
-194
-190
-171
-162
-169
-170
-167
-158
-145
-139
-148
-156
-135
-119
-106
-101
-110
-95
-83
-81
-71
-52
-42
-20
-10
-5
8
24
42
69
80
85
85
100
120
128
141
157
165
164
176
190
220
229
232
248
272
278
267
282
292
301
303
289
274
275
279
281
259
248
240
215
193
162
145
132
117
96
73
55
43
17
-7
-32
-66
-76
-75
-86
-103
-132
-152
-169
-186
-203
-221
-219
-223
-219
-223
-231
-231
-221
-220
-225
-223
-223
-215
-211
-198
-182
-175
-165
-161
-159
-159
-168
-172
-172
-157
-156
-149
-151
-158
-163
-167
-161
-141
-138
-140
-139
-130
-106
-94
-89
-85
-64
-51
-49
-47
-30
-11
-11
-10
1
14
36
45
66
97
125
140
131
156
198
216
232
242
253
290
299
305
325
342
356
358
342
336
340
326
325
311
299
297
298
295
294
274
240
214
199
177
159
138
117
105
81
57
21
-4
-15
-45
-67
-87
-107
-114
-114
-125
-140
-156
-179
-209
-215
-212
-220
-237
-246
-252
-250
-249
-271
-280
-286
-293
-290
-290
-288
-282
-271
-252
-240
-229
-230
-221
-206
-198
-199
-194
-184
-174
-175
-151
-129
-119
-103
-98
-83
-71
-62
-63
-49
-25
-19
-14
-2
20
35
35
37
50
62
81
97
108
121
127
147
147
159
169
169
171
175
188
193
200
201
205
224
236
230
238
258
266
266
260
246
247
251
246
229
221
229
226
209
180
172
173
165
151
135
134
139
128
113
103
96
72
50
24
-4
-28
-44
-74
-106
-139
-166
-189
-216
-237
-276
-305
-332
-334
-338
-359
-375
-391
-397
-402
-398
-387
-385
-374
-363
-347
-345
-328
-311
-284
-252
-218
-186
-163
-132
-102
-68
-37
-2
29
49
63
82
110
138
157
166
177
188
190
198
212
224
223
217
208
205
209
208
205
196
196
184
165
142
146
151
140
138
122
116
124
114
102
102
108
114
114
112
100
108
122
132
133
125
125
140
151
154
155
164
176
170
164
149
154
157
147
129
103
94
80
70
48
14
-12
-38
-63
-90
-110
-137
-167
-199
-231
-259
-284
-302
-324
-346
-380
-409
-418
-423
-429
-445
-458
-461
-454
-440
-442
-425
-394
-367
-347
-335
-309
-269
-234
-207
-196
-168
-124
-85
-51
-26
6
47
86
101
115
146
183
212
227
241
263
283
298
310
318
321
326
324
314
312
314
316
318
310
300
291
287
273
267
260
245
237
235
227
212
199
186
172
151
132
111
105
92
79
67
58
51
40
32
23
12
-2
-5
-5
-19
-31
-54
-71
-75
-75
-92
-108
-115
-114
-122
-136
-139
-130
-126
-135
-136
-153
-164
-179
-196
-189
-194
-208
-218
-225
-225
-225
-234
-228
-228
-223
-220
-222
-212
-209
-188
-183
-173
-157
-145
-132
-124
-118
-102
-87
-65
-48
-29
-7
10
30
35
50
64
81
102
119
133
149
168
173
180
187
190
198
208
216
223
227
234
240
240
235
220
216
208
222
223
219
199
178
174
158
137
130
119
99
72
42
22
11
-4
-27
-46
-64
-79
-105
-126
-142
-163
-173
-187
-203
-198
-207
-218
-223
-218
-222
-225
-224
-219
-198
-183
-175
-180
-176
-159
-149
-130
-116
-104
-80
-77
-65
-49
-31
-22
-13
-15
-11
4
10
19
24
24
16
14
16
21
14
9
11
22
25
15
16
19
23
28
27
36
43
41
39
39
53
75
87
97
115
143
172
191
210
228
243
252
246
250
255
257
267
274
279
280
278
277
269
260
246
226
203
191
182
162
140
124
90
64
39
8
-23
-64
-97
-124
-161
-192
-219
-254
-278
-299
-319
-348
-370
-384
-385
-382
-377
-372
-366
-356
-347
-342
-348
-341
-333
-310
-289
-283
-259
-232
-204
-195
-179
-155
-126
-98
-83
-60
-29
5
20
38
52
65
82
87
93
111
127
140
139
152
171
190
190
200
211
218
227
214
210
201
203
198
192
197
188
182
175
167
179
186
194
193
188
184
187
193
189
182
181
180
165
159
152
147
148
143
134
119
108
104
94
78
56
44
33
21
5
-11
-24
-45
-70
-89
-107
-126
-148
-173
-189
-202
-216
-236
-253
-269
-291
-305
-319
-324
-324
-327
-331
-333
-326
-319
-314
-312
-301
-289
-275
-254
-239
-220
-197
-173
-149
-137
-130
-108
-81
-60
-39
-30
-17
10
28
34
47
64
73
92
105
124
141
157
164
171
179
199
216
234
253
256
267
273
281
289
301
306
318
316
313
320
318
320
324
327
324
315
308
297
277
272
264
239
223
203
194
178
149
116
90
62
28
2
-23
-45
-72
-98
-137
-171
-192
-214
-235
-244
-257
-266
-276
-278
-288
-307
-327
-345
-353
-358
-356
-351
-350
-352
-343
-334
-321
-324
-326
-311
-308
-293
-270
-249
-228
-215
-206
-198
-181
-166
-151
-126
-114
-92
-70
-60
-44
-27
-8
4
6
16
31
37
44
59
81
92
105
117
127
138
145
158
169
189
203
219
238
249
271
282
286
294
306
322
341
345
356
358
364
373
366
359
344
336
332
329
327
314
298
281
264
246
222
195
184
176
154
128
95
66
43
19
5
-19
-48
-85
-120
-152
-173
-187
-226
-270
-293
-306
-324
-348
-372
-381
-380
-385
-400
-408
-402
-403
-404
-413
-409
-385
-367
-350
-341
-327
-299
-281
-271
-253
-229
-203
-177
-163
-139
-123
-98
-73
-64
-54
-38
-18
-1
6
17
26
37
50
63
74
94
107
112
126
141
161
166
173
189
203
213
216
225
239
251
249
250
258
259
260
260
262
264
270
264
261
254
255
254
248
239
232
219
218
208
194
180
165
165
151
134
122
111
87
76
71
65
52
44
24
8
-6
-17
-28
-56
-70
-91
-109
-122
-142
-169
-185
-208
-234
-260
-276
-277
-287
-298
-308
-316
-325
-332
-346
-351
-338
-328
-330
-329
-322
-303
-293
-287
-276
-251
-227
-201
-171
-158
-134
-116
-107
-90
-73
-62
-40
-23
-4
21
44
59
68
82
90
100
113
124
130
139
150
165
179
188
203
219
218
223
229
230
232
235
240
249
251
251
251
240
234
228
225
216
214
218
221
205
197
190
175
169
162
150
135
125
109
104
93
81
65
54
40
32
22
9
0
-8
-19
-35
-54
-65
-80
-93
-109
-131
-148
-168
-176
-179
-183
-197
-204
-209
-217
-220
-231
-233
-240
-241
-248
-242
-244
-245
-246
-244
-235
-226
-214
-219
-210
-197
-177
-170
-158
-142
-122
-100
-94
-80
-65
-63
-48
-36
-23
-3
13
19
25
40
56
66
81
102
117
129
138
153
163
174
180
178
180
174
173
161
150
157
172
185
189
185
181
181
178
178
176
173
173
170
161
157
153
156
140
123
115
104
88
85
72
63
65
56
53
32
23
1
-13
-30
-43
-51
-66
-81
-93
-100
-109
-120
-123
-130
-136
-139
-163
-167
-169
-180
-183
-188
-189
-187
-187
-193
-189
-187
-179
-169
-165
-157
-146
-135
-122
-109
-93
-84
-83
-70
-57
-50
-33
-20
-12
13
22
27
28
42
48
53
52
56
73
72
73
71
78
80
87
88
92
92
95
94
104
121
120
123
115
110
116
112
113
109
106
109
101
94
98
100
96
97
90
82
85
81
81
85
91
86
71
61
53
47
40
28
13
9
2
-7
-10
-23
-39
-60
-64
-70
-79
-85
-100
-104
-117
-127
-132
-137
-137
-142
-147
-156
-158
-167
-172
-168
-159
-156
-166
-161
-154
-152
-152
-148
-138
-125
-102
-88
-78
-63
-42
-27
-19
-8
10
30
45
56
69
74
82
94
91
99
107
112
112
109
115
114
115
109
105
107
101
102
97
91
84
84
79
74
68
61
67
57
55
53
48
40
40
35
34
37
35
40
35
47
45
49
49
44
43
43
51
57
54
49
43
39
30
22
17
11
2
4
0
-4
-6
-10
-17
-28
-41
-56
-68
-80
-87
-91
-97
-110
-121
-135
-143
-159
-172
-175
-181
-181
-177
-169
-163
-155
-146
-144
-144
-137
-123
-110
-90
-76
-70
-66
-58
-48
-44
-43
-26
-8
9
15
19
31
44
60
77
89
100
105
116
132
133
146
151
152
153
149
151
146
151
151
145
140
138
137
130
121
112
107
108
106
105
99
97
97
91
78
70
65
54
46
36
39
41
30
26
17
19
19
7
4
-2
0
-2
-12
-17
-26
-25
-36
-44
-62
-75
-79
-92
-110
-114
-115
-121
-134
-144
-157
-166
-170
-174
-179
-182
-186
-193
-190
-190
-187
-184
-179
-174
-176
-168
-164
-149
-139
-131
-124
-118
-106
-92
-72
-61
-43
-27
-15
-1
15
27
43
53
67
79
88
104
112
116
123
134
137
144
150
150
144
146
147
145
153
156
163
166
170
174
178
180
178
172
170
166
161
153
147
147
143
141
132
129
119
106
98
93
86
76
71
67
59
48
32
18
4
-15
-20
-22
-26
-37
-53
-60
-74
-84
-95
-120
-133
-147
-159
-159
-168
-173
-168
-171
-182
-191
-192
-183
-187
-194
-191
-184
-184
-186
-185
-196
-195
-201
-204
-201
-194
-182
-173
-158
-153
-135
-120
-107
-89
-72
-60
-43
-37
-20
-1
6
17
24
39
45
47
56
65
79
90
100
106
111
115
125
137
151
162
169
190
199
207
214
215
216
217
213
210
214
216
210
204
197
186
186
172
171
166
160
154
150
149
144
132
116
105
88
82
67
56
38
23
17
2
-17
-32
-51
-67
-80
-92
-102
-111
-127
-143
-151
-159
-164
-178
-185
-185
-184
-187
-182
-188
-193
-197
-191
-189
-188
-189
-179
-168
-169
-161
-162
-151
-141
-134
-123
-108
-96
-90
-83
-79
-76
-70
-57
-55
-51
-42
-35
-28
-25
-18
-13
-8
-6
-1
13
23
26
23
26
31
39
44
47
56
62
69
81
86
99
107
106
105
102
106
116
120
131
135
132
141
144
147
149
153
151
153
150
145
145
140
136
135
120
106
99
87
83
79
65
55
45
40
38
29
25
19
7
-4
-7
-8
-13
-18
-18
-28
-34
-36
-38
-42
-48
-56
-60
-58
-65
-70
-83
-89
-105
-117
-120
-127
-129
-133
-140
-142
-143
-135
-127
-127
-120
-118
-114
-108
-106
-105
-99
-92
-81
-82
-79
-68
-56
-44
-36
-29
-18
-16
-7
-1
12
22
24
33
37
41
48
49
51
44
42
42
43
49
50
60
58
56
61
68
64
62
64
62
56
58
57
66
71
63
67
68
69
68
68
62
62
63
62
64
65
71
68
71
72
73
74
72
65
56
55
46
37
25
15
8
3
-11
-25
-35
-42
-47
-60
-57
-60
-67
-73
-79
-83
-94
-95
-97
-98
-94
-92
-106
-110
-123
-128
-124
-124
-122
-123
-117
-106
-102
-98
-93
-87
-81
-73
-65
-49
-28
-9
1
1
10
14
19
28
39
47
55
62
74
74
79
79
74
73
69
72
74
80
78
76
72
64
56
48
48
40
40
35
31
39
40
36
30
30
35
36
40
42
45
48
50
48
45
41
34
32
29
38
34
38
41
35
40
40
37
34
35
37
30
22
21
16
15
13
5
-6
-5
-9
-23
-29
-42
-49
-51
-53
-61
-63
-61
-69
-72
-76
-81
-88
-88
-92
-98
-95
-94
-93
-97
-92
-85
-81
-76
-70
-64
-62
-47
-43
-38
-30
-19
-17
-6
7
14
25
33
36
43
46
52
48
53
62
62
68
67
67
63
59
50
40
42
39
31
21
15
7
0
0
-12
-11
-9
-6
-6
-8
-6
-7
-7
-8
-11
-9
-8
-11
-5
-3
-3
2
-1
-4
0
6
6
11
15
21
20
22
24
27
23
19
20
18
21
17
22
21
12
5
2
-2
-13
-17
-26
-26
-30
-36
-43
-52
-58
-59
-62
-65
-66
-62
-51
-42
-33
-30
-36
-35
-40
-44
-35
-30
-26
-13
-8
0
6
13
10
20
24
27
35
39
54
61
67
64
60
64
76
75
81
76
78
81
87
80
80
69
61
56
46
43
38
37
32
35
30
29
25
15
11
12
2
3
2
-5
0
1
9
-1
-6
-7
-6
-3
-6
-5
-12
-15
-22
-31
-32
-35
-34
-34
-35
-41
-34
-35
-38
-45
-53
-57
-71
-83
-90
-95
-95
-96
-94
-89
-82
-78
-78
-77
-81
-79
-77
-70
-65
-57
-57
-53
-53
-55
-54
-52
-49
-37
-27
-19
-9
-2
8
9
8
8
6
12
15
23
25
27
25
26
22
30
33
37
42
50
56
64
73
74
81
78
81
86
90
93
91
92
98
93
90
87
85
81
80
77
76
76
77
69
69
64
65
59
56
51
43
30
25
22
17
21
16
12
5
4
-1
1
-10
-16
-24
-33
-37
-45
-54
-57
-56
-57
-59
-62
-61
-68
-72
-78
-81
-85
-91
-92
-95
-96
-102
-104
-97
-100
-96
-93
-95
-87
-82
-78
-71
-62
-57
-49
-49
-48
-41
-40
-30
-30
-24
-20
-16
-17
-16
-1
6
15
28
32
38
45
49
58
64
69
69
70
69
77
81
81
91
98
100
104
107
104
113
118
110
101
101
98
96
89
89
92
88
80
76
68
64
66
49
48
42
35
32
32
19
10
4
-8
-20
-27
-34
-39
-37
-46
-55
-63
-72
-79
-87
-105
-116
-123
-131
-134
-144
-148
-144
-145
-142
-139
-138
-135
-137
-143
-137
-133
-125
-112
-115
-102
-96
-91
-83
-73
-66
-66
-49
-43
-31
-20
-8
6
14
17
27
27
31
34
40
45
54
61
61
66
68
75
79
88
95
104
111
116
117
115
112
111
104
97
90
90
92
88
94
88
87
84
79
80
87
87
89
84
78
77
70
68
65
67
63
59
52
46
38
36
38
41
38
42
41
36
37
35
25
15
5
1
3
-1
-4
-12
-17
-28
-43
-53
-68
-79
-88
-93
-102
-112
-116
-119
-119
-121
-124
-127
-125
-131
-135
-137
-144
-142
-147
-147
-148
-141
-136
-138
-134
-127
-117
-110
-96
-84
-68
-56
-48
-36
-31
-19
-11
-11
-4
0
10
19
22
23
25
26
28
33
38
49
59
64
67
67
75
83
89
90
94
102
101
100
100
104
100
103
102
91
93
90
96
101
96
89
83
77
68
60
61
60
56
62
62
58
58
65
60
59
58
50
50
55
52
48
44
39
27
21
12
6
-5
-10
-9
-16
-28
-37
-47
-62
-67
-78
-83
-87
-92
-89
-104
-113
-118
-122
-126
-130
-137
-129
-124
-124
-117
-117
-117
-116
-113
-111
-108
-100
-89
-81
-77
-73
-68
-60
-55
-57
-52
-44
-32
-23
-17
-3
10
18
27
39
43
50
59
75
80
86
94
103
108
111
111
104
110
106
105
103
101
100
92
85
81
77
73
69
67
65
65
71
64
58
61
59
54
48
37
31
30
28
31
33
29
29
24
20
15
7
3
3
-1
-1
-9
-14
-17
-27
-29
-29
-35
-39
-38
-41
-39
-43
-41
-48
-57
-58
-67
-61
-64
-70
-69
-73
-79
-77
-72
-72
-75
-77
-85
-83
-89
-95
-98
-98
-91
-84
-80
-80
-83
-81
-68
-63
-47
-41
-41
-24
-18
-14
-6
3
12
9
18
20
28
34
36
41
48
53
63
68
77
76
75
83
80
80
72
71
66
60
57
55
54
51
46
45
47
47
41
42
36
30
32
27
32
37
32
29
25
21
20
20
22
22
22
14
15
12
9
8
4
3
-1
1
-1
-6
-6
-5
-4
-5
-7
-9
-10
-10
-6
-6
-9
-11
-16
-25
-30
-28
-31
-36
-36
-35
-36
-32
-30
-34
-30
-29
-23
-22
-25
-23
-19
-17
-18
-17
-11
-8
-7
-6
-10
-9
-12
-16
-12
-22
-22
-20
-18
-16
-15
-12
-9
-8
-10
-9
-13
-8
-6
-9
-9
-13
-11
-10
-5
-8
-6
-8
-11
-5
-3
-5
-3
1
-3
-4
0
3
1
2
14
15
19
22
22
32
26
27
28
26
30
32
34
36
41
37
39
32
29
31
27
23
16
15
15
16
8
3
2
-5
-6
-5
-11
-15
-21
-25
-28
-31
-32
-30
-26
-19
-18
-12
-14
-10
-6
-8
-8
-1
-3
-4
-1
-3
-1
-8
-3
-3
-3
-10
-13
-17
-12
-6
-3
2
7
11
16
10
9
8
2
6
5
10
12
13
13
12
8
9
1
2
5
0
3
0
-3
-4
-10
-16
-26
-22
-23
-24
-22
-21
-18
-15
-8
-7
-4
-3
4
8
13
17
23
25
35
37
44
48
48
55
50
45
38
44
45
42
47
45
43
42
35
32
26
17
16
0
-7
-15
-29
-36
-40
-39
-38
-39
-42
-54
-60
-62
-68
-71
-74
-76
-70
-70
-65
-63
-57
-53
-53
-54
-53
-49
-48
-47
-41
-39
-29
-22
-20
-6
7
20
24
32
38
37
45
54
54
57
51
52
55
54
55
51
49
41
41
40
32
24
23
21
21
15
18
20
12
14
8
14
4
-1
-10
-16
-12
-14
-8
-5
-1
3
6
12
16
12
16
15
14
12
12
12
11
9
4
4
13
11
9
10
5
14
15
9
6
0
0
0
2
2
-3
-6
-4
-6
-10
-11
-16
-22
-22
-21
-30
-33
-40
-42
-36
-38
-40
-39
-37
-40
-40
-46
-50
-50
-47
-46
-40
-36
-35
-34
-28
-22
-21
-19
-18
-18
-17
-12
-7
3
14
20
27
22
23
30
35
40
38
47
49
53
47
43
43
38
38
39
36
34
32
29
24
19
12
8
5
-2
-9
-8
-4
-8
-11
-15
-20
-24
-21
-24
-26
-19
-23
-22
-21
-20
-20
-16
-14
-12
-15
-11
-3
-10
-4
6
9
19
21
22
31
39
46
48
51
45
42
38
34
33
35
32
25
21
18
11
8
5
0
-4
-11
-18
-23
-27
-28
-31
-36
-44
-49
-53
-54
-50
-46
-46
-39
-44
-43
-39
-38
-33
-20
-17
-17
-7
-4
-3
0
-3
1
6
4
8
10
19
20
27
30
33
36
37
35
42
41
48
52
49
48
47
40
41
38
40
46
34
36
32
26
27
23
19
10
10
10
6
0
2
-1
-5
-12
-16
-16
-23
-26
-31
-33
-34
-34
-33
-38
-39
-33
-34
-40
-41
-38
-36
-35
-30
-32
-26
-29
-31
-31
-39
-42
-47
-45
-42
-41
-47
-46
-47
-40
-41
-39
-36
-27
-21
-21
-11
-10
-5
-5
-1
2
4
6
7
5
10
7
13
14
13
22
23
29
25
34
36
34
37
42
42
51
53
54
58
54
54
55
60
59
54
54
53
47
49
50
42
40
33
31
25
22
20
19
19
11
6
7
5
2
1
0
6
10
18
20
16
11
6
2
-4
-8
-14
-16
-15
-12
-9
-8
-10
-13
-19
-26
-33
-35
-40
-39
-46
-53
-57
-58
-63
-66
-64
-69
-67
-72
-69
-69
-71
-62
-63
-54
-52
-53
-43
-42
-36
-33
-26
-26
-23
-15
-11
-4
-3
3
3
5
10
16
21
21
25
31
36
39
44
44
45
44
43
44
37
32
26
26
28
32
34
35
33
33
28
26
23
16
22
16
17
16
18
18
10
4
-1
3
-5
-6
0
-1
6
8
17
19
19
16
24
30
35
43
42
47
48
41
30
30
20
16
13
10
12
9
9
5
-3
-13
-19
-25
-22
-26
-31
-30
-30
-38
-41
-43
-47
-44
-50
-55
-59
-61
-62
-68
-73
-77
-71
-64
-57
-49
-44
-42
-36
-32
-34
-31
-29
-23
-18
-13
-8
-3
2
4
7
9
12
18
25
29
27
35
45
48
48
47
49
51
45
44
37
39
44
42
43
46
45
45
49
39
29
31
37
45
42
41
40
39
39
30
31
39
37
37
39
34
33
25
21
23
16
12
10
15
13
7
8
6
4
1
-10
-10
-10
-8
-4
-10
-15
-17
-24
-26
-29
-33
-32
-35
-35
-33
-36
-40
-46
-53
-63
-63
-70
-74
-75
-79
-82
-85
-89
-89
-85
-81
-77
-77
-71
-74
-73
-71
-63
-51
-48
-44
-43
-43
-44
-38
-32
-28
-19
-11
-6
-4
-2
1
4
10
18
23
29
39
38
43
50
46
41
44
45
50
54
59
65
70
78
78
77
74
68
69
68
69
78
77
84
84
78
79
73
70
61
59
58
51
47
50
47
44
40
35
35
33
30
29
28
29
21
18
17
11
6
-3
-4
-11
-14
-16
-23
-26
-29
-30
-36
-43
-47
-51
-59
-58
-57
-54
-59
-62
-62
-69
-74
-74
-78
-77
-78
-70
-68
-73
-64
-61
-56
-53
-55
-52
-46
-45
-44
-42
-36
-32
-28
-22
-18
-8
-7
2
3
6
5
11
15
14
16
17
20
18
24
27
26
27
29
34
35
31
31
37
39
44
44
37
35
33
37
40
37
33
29
33
34
32
33
28
30
26
22
15
4
7
6
3
-6
-11
-17
-20
-24
-31
-25
-22
-24
-25
-27
-22
-20
-13
-13
-11
-8
-8
-5
-9
-15
-13
-12
-20
-18
-16
-21
-16
-21
-15
-18
-22
-24
-23
-19
-15
-9
-8
-2
-4
-1
3
3
6
7
6
4
7
6
3
4
4
6
8
7
5
8
8
6
5
4
6
6
10
12
17
25
28
27
29
32
29
27
25
21
24
28
27
34
33
33
37
41
40
37
40
41
39
37
34
31
26
27
23
25
19
21
24
15
9
5
6
9
4
0
-2
-7
-8
-16
-20
-32
-35
-47
-49
-52
-57
-54
-55
-55
-60
-63
-63
-63
-62
-59
-56
-51
-52
-46
-47
-43
-36
-35
-34
-33
-32
-33
-34
-30
-27
-23
-24
-19
-15
-11
-9
-11
-4
1
10
13
14
20
23
31
30
27
34
37
35
37
33
31
34
32
31
32
31
30
28
26
20
15
18
14
13
12
13
17
18
16
20
17
23
25
28
33
37
37
36
31
27
29
21
13
6
2
1
-4
-9
-15
-20
-19
-26
-33
-37
-41
-39
-34
-36
-33
-29
-32
-29
-30
-27
-28
-27
-27
-24
-20
-19
-13
-3
-2
3
5
-1
-2
-6
-9
-4
-7
-10
-7
-11
-12
-18
-22
-24
-23
-21
-19
-13
-9
-3
4
6
11
14
18
23
23
18
20
14
19
16
13
14
17
20
21
28
30
34
35
43
47
54
55
53
59
61
56
60
51
43
46
40
39
34
29
28
22
17
13
5
3
0
-2
-3
-6
1
1
-4
-14
-23
-25
-32
-38
-38
-46
-42
-42
-46
-49
-50
-51
-57
-58
-62
-63
-62
-67
-67
-67
-60
-62
-63
-60
-58
-51
-49
-47
-45
-39
-29
-23
-19
-18
-10
-7
-2
1
5
12
14
12
17
13
10
10
8
4
3
5
8
13
14
19
25
24
25
27
29
32
30
29
30
28
29
31
29
32
34
34
40
40
44
50
53
53
49
50
48
40
34
31
27
24
23
25
21
24
21
17
14
13
13
17
20
20
21
20
19
14
14
17
16
11
7
0
-3
-11
-15
-21
-23
-19
-22
-20
-23
-27
-24
-23
-27
-24
-26
-21
-22
-25
-29
-39
-40
-43
-50
-53
-57
-57
-55
-54
-58
-57
-56
-53
-52
-45
-41
-43
-39
-31
-27
-25
-21
-16
-14
-16
-10
-9
-7
-6
-3
-1
-2
-2
1
4
5
6
15
18
22
27
21
21
25
27
28
33
34
38
33
33
36
32
35
37
42
47
47
45
50
52
50
46
46
46
37
38
35
33
35
31
29
30
30
29
27
22
17
15
14
13
9
6
1
-2
-8
-13
-14
-17
-20
-21
-26
-27
-29
-31
-33
-35
-33
-34
-34
-36
-40
-45
-47
-48
-45
-48
-51
-51
-51
-52
-54
-45
-42
-39
-37
-40
-37
-36
-36
-34
-31
-25
-21
-19
-17
-17
-17
-15
-12
-8
-7
-8
-1
7
12
16
17
21
24
24
30
28
28
26
23
24
26
30
32
34
34
33
33
32
36
38
37
41
42
41
39
39
40
39
43
41
36
33
30
30
27
23
20
21
24
27
29
26
24
19
22
24
20
20
17
12
8
1
-4
-11
-18
-20
-24
-31
-35
-36
-36
-36
-37
-36
-36
-39
-36
-37
-35
-36
-35
-39
-45
-47
-48
-47
-45
-42
-39
-37
-36
-34
-31
-29
-28
-28
-27
-24
-21
-20
-18
-15
-12
-5
-3
-8
-10
-5
-1
2
6
9
14
20
25
24
24
19
19
17
18
17
19
20
18
19
18
22
20
18
15
18
22
27
24
25
21
22
29
28
30
30
34
32
31
28
27
26
27
25
22
26
27
27
24
24
17
16
13
7
0
-3
-3
-11
-17
-22
-25
-27
-24
-26
-27
-28
-26
-28
-25
-18
-17
-19
-24
-23
-25
-28
-30
-35
-39
-41
-42
-39
-41
-43
-38
-33
-29
-33
-30
-26
-22
-22
-20
-16
-16
-13
-16
-15
-10
-10
-9
-8
-6
-2
-1
5
11
9
12
17
19
24
28
31
36
39
39
40
39
36
34
31
27
31
32
34
37
32
33
31
35
37
36
37
34
35
39
36
31
32
26
21
19
15
16
16
14
14
10
7
7
6
5
5
5
-1
-4
-9
-11
-18
-21
-23
-33
-35
-38
-41
-41
-38
-39
-34
-34
-31
-31
-32
-30
-31
-32
-33
-32
-31
-30
-30
-33
-33
-29
-28
-29
-27
-19
-17
-10
-7
-7
-5
-4
-2
-3
-2
4
4
8
8
6
8
9
10
11
12
10
5
8
13
16
17
15
13
13
13
14
17
14
15
16
14
15
16
18
12
9
8
7
9
11
9
7
10
7
7
5
2
4
0
0
-1
-1
0
-3
2
-2
-7
-10
-8
-9
-9
-1
-2
2
1
0
-1
-3
-3
-2
-5
-6
-8
-4
-2
-6
-7
-5
-5
-4
-3
-2
-3
-4
-5
-4
-1
-3
0
-2
-1
2
2
3
0
2
1
1
1
2
4
4
6
7
8
4
3
1
1
-2
1
4
-2
-3
-1
-3
-2
-5
-6
-4
-5
-3
-2
-5
-5
-4
-5
-8
-4
-4
-9
-6
-2
-1
0
3
6
7
7
7
10
12
11
10
10
9
9
7
6
2
1
-1
-1
-2
-1
2
3
6
9
10
13
13
12
10
8
5
5
5
2
4
0
1
-2
-3
-1
-4
-4
-4
-3
-4
-4
-1
0
-3
2
2
-1
-2
-3
-2
-3
-4
-6
-7
-5
-4
-7
-8
-8
-7
-6
-3
-3
-5
-1
1
4
2
1
3
4
3
2
1
-1
-3
-5
-7
-7
-9
-11
-9
-11
-12
-7
-4
1
2
1
2
4
2
2
7
7
4
4
4
4
2
4
6
8
7
6
5
3
3
1
2
0
0
-1
-6
-9
-9
-10
-12
-13
-12
-9
-7
-8
-6
-7
-6
-5
-5
-3
-4
-5
-6
-3
-1
2
5
4
2
1
4
3
8
10
9
8
6
5
3
2
0
1
2
0
-2
-1
-1
-4
1
-4
-8
-10
-10
-13
-12
-6
-7
-5
-2
-1
0
2
4
3
6
8
11
14
16
14
12
10
11
10
8
9
11
11
11
14
11
12
11
10
8
8
8
8
7
4
4
4
2
3
6
7
8
7
7
7
6
4
4
5
4
1
0
1
1
-2
-3
-5
-6
-6
-8
-9
-10
-13
-14
-11
-13
-13
-13
-12
-11
-12
-10
-11
-11
-7
-7
-8
-10
-12
-11
-11
-13
-15
-15
-13
-11
-9
-9
-7
-3
-5
-5
-5
-7
-5
-4
-6
-5
-4
-5
-4
-4
-7
-9
-8
-6
-6
-6
-3
-1
2
2
2
2
4
5
8
7
9
9
9
10
12
11
11
11
9
9
9
7
9
9
8
9
10
8
4
3
0
0
-4
-4
-4
-4
-4
-4
-3
-2
-1
1
2
1
6
6
9
9
11
10
10
11
12
15
14
14
15
14
13
14
12
12
10
10
11
9
8
6
5
10
7
5
4
4
1
0
-3
-3
-4
-6
-5
-8
-9
-9
-10
-11
-13
-13
-12
-12
-11
-12
-11
-12
-9
-10
-13
-12
-13
-11
-11
-9
-10
-10
-11
-12
-14
-13
-12
-15
-13
-14
-12
-5
-6
-6
-1
1
1
2
5
8
11
15
15
14
13
11
14
10
11
10
9
11
9
7
7
6
6
3
3
4
5
5
6
5
7
8
7
7
5
3
2
1
-1
-2
-3
-3
-2
-1
-4
-4
-7
-8
-6
-6
-6
-5
-4
-3
-2
-5
-5
-10
-8
-8
-10
-9
-10
-11
-10
-8
-8
-8
-5
-3
-5
-4
-4
-4
-5
-5
-6
-10
-9
-11
-10
-10
-10
-9
-10
-10
-9
-6
-5
-6
-3
0
-2
0
1
-1
0
-2
0
1
2
4
5
7
7
9
9
10
11
13
15
15
17
17
16
15
14
15
12
11
13
12
13
10
10
10
10
12
13
14
15
16
13
10
6
3
1
0
2
0
1
-2
-2
1
1
2
4
2
5
3
2
3
2
-1
-1
-1
-1
1
-1
0
-1
-4
-6
-7
-8
-11
-11
-11
-12
-12
-10
-10
-11
-10
-10
-8
-10
-10
-9
-9
-9
-9
-10
-11
-7
-7
-6
-6
-5
-6
-5
-1
-1
2
-1
1
-1
-3
-1
-3
-1
-4
0
-2
-2
-5
-5
-3
-5
-3
-4
-3
-2
-4
-1
1
1
4
5
5
6
7
6
6
6
6
7
7
9
8
8
8
7
3
2
1
0
1
2
0
-2
-1
-2
-6
-6
-6
-7
-7
-8
-5
-5
-3
0
1
2
4
6
8
8
9
8
7
7
6
5
4
2
2
2
0
-3
-1
-2
-1
0
-2
-3
-3
-3
-5
-4
-4
-4
-4
-1
1
1
2
4
2
4
3
6
7
8
9
8
9
8
6
6
7
5
5
4
5
5
3
3
5
7
7
7
6
6
5
3
1
0
0
-2
-1
1
-1
-2
-2
-2
-3
-4
-6
-7
-5
-7
-8
-6
-5
-6
-3
-4
-4
-5
-2
-3
-5
-5
-4
-2
-4
-4
-5
-3
-5
-4
-5
-6
-4
-2
1
2
-1
0
0
-2
-3
-3
-4
-4
-5
-6
-6
-8
-8
-8
-9
-9
-10
-9
-9
-8
-7
-7
