0
0
-1
0
-1
-2
-1
-1
0
0
2
5
2
4
3
2
2
0
1
-2
-3
-3
-4
-1
0
0
-2
0
-1
-1
-2
-4
-2
-6
-3
-2
-1
-1
-1
0
0
-1
0
-1
-2
-3
-6
-6
-6
-2
1
3
4
2
-2
-3
-3
-1
-1
-1
2
4
4
3
1
1
-1
-3
-3
-1
2
3
4
4
4
4
4
0
0
-1
1
0
1
3
5
7
5
5
3
4
2
1
-3
0
0
3
3
6
4
0
3
-2
1
2
1
5
3
3
7
2
4
7
2
0
-4
-3
3
2
6
7
4
3
1
-2
0
-4
2
1
-2
-3
-5
-5
-4
-4
-4
-4
-7
-6
-8
-8
-5
3
-1
2
2
1
1
-2
-1
0
0
1
1
4
2
1
2
-2
-3
-7
-5
-3
-1
0
2
-2
2
-1
1
0
-2
1
1
-1
3
2
5
2
-1
-3
-4
-4
-4
-3
-4
-4
-7
-7
-7
-5
-5
-4
-6
-4
-6
-7
-8
-5
-3
-3
0
-1
-2
-3
-3
-1
-6
-3
-1
0
0
-1
0
2
0
3
5
2
3
2
5
3
4
7
3
3
0
-1
3
10
10
7
7
4
2
4
7
5
5
7
5
5
7
4
2
2
3
4
2
2
3
1
2
4
5
5
1
-1
0
0
3
0
0
1
0
1
1
0
1
-3
-6
-3
-2
-2
-3
0
1
-2
-1
-7
-6
-1
0
3
2
0
-1
-2
-3
-2
-1
2
0
0
1
1
1
0
2
-2
-4
-2
0
1
0
3
2
-3
-1
-4
-5
-2
0
3
1
0
0
-4
-2
2
-4
-3
-2
-2
-1
2
3
3
3
-2
-4
-5
-3
-2
-2
-1
0
2
2
2
3
2
0
-1
-1
-3
1
4
6
7
4
2
-3
-4
0
1
-2
-1
0
-3
-4
1
4
1
0
-4
-8
-6
-6
-6
-4
0
3
2
-3
-3
-5
-5
-4
-3
0
0
1
3
2
4
1
-1
0
0
-1
2
3
4
1
-1
-3
-3
-3
-4
-3
0
0
-4
-2
-2
0
-1
0
1
3
1
1
3
3
1
1
1
1
1
0
2
4
3
1
0
-1
2
2
2
-1
-2
0
2
-1
1
0
3
3
2
1
-1
1
0
0
-2
-5
-2
2
6
11
8
6
4
2
3
0
3
6
7
5
3
1
2
3
1
0
0
3
2
3
2
2
2
4
3
2
0
0
2
1
4
7
8
2
2
-1
-2
-2
-2
-5
-6
-4
-1
-5
-7
-5
-3
0
-1
0
-4
-2
-5
-6
-1
0
-1
-3
-3
-3
-3
-5
-5
-4
-1
1
0
1
-1
-2
-4
-5
-7
-3
-1
-5
-7
-6
-2
-3
-2
-1
-1
-4
-4
-6
-5
-3
0
3
0
0
-4
-4
-4
-1
0
-1
0
-1
-3
0
2
0
-4
-4
-3
-2
1
2
4
5
5
4
1
-1
-1
1
2
1
2
2
3
4
4
5
6
1
-1
-1
1
5
6
3
2
0
-2
-3
2
4
3
0
-1
0
-1
0
2
3
5
3
0
0
0
0
2
5
6
7
10
9
7
6
3
5
4
6
7
4
4
0
-3
-2
1
0
0
-1
1
-1
-2
-1
-4
0
0
-1
-1
-6
-6
-4
-3
-1
1
3
3
-1
-4
-5
-7
-1
-1
0
-2
-2
-2
-3
-3
-5
-4
-2
-3
-4
-4
-5
-6
-2
-1
0
-2
-3
-4
-5
-3
-3
1
4
2
1
-1
-5
-5
-6
-3
-1
2
1
-1
-2
-3
-4
-4
-6
-6
-4
-2
1
1
3
0
0
1
-2
-2
-2
1
3
4
2
5
3
3
2
1
1
3
3
-1
-3
0
3
4
8
6
1
-1
-1
0
4
5
7
7
4
5
5
4
7
7
5
5
7
5
4
3
4
6
2
2
0
-1
0
1
0
-1
-2
-3
-4
-4
-2
-1
-3
-5
-6
-7
-5
-1
0
-2
-1
-4
-5
-5
-5
-4
-3
-2
-1
0
2
1
1
0
-5
-3
0
-2
0
-1
-1
-2
-4
-4
-2
1
0
2
2
0
-2
0
2
1
4
5
4
3
3
2
3
2
2
-1
0
1
-2
-1
-1
-3
-3
-3
-2
-2
0
1
3
3
0
-3
-4
-3
2
0
3
5
6
4
0
-4
-6
-5
-5
-5
-2
-2
-1
-1
-3
-1
-3
-4
-2
-4
-5
-7
-7
-5
-3
-2
-4
-3
-4
1
1
2
4
4
1
0
2
3
3
4
3
1
-1
-3
0
-1
-2
3
2
4
2
2
2
1
4
3
8
8
5
6
3
5
3
3
6
5
4
5
6
4
6
4
2
3
2
5
5
3
4
1
2
0
-1
1
4
3
0
-1
-2
-4
-5
-5
-5
-6
-5
-5
-2
-1
-2
-4
-6
-5
-5
-3
-2
-2
-4
-7
-7
-4
-2
-1
2
0
-1
-6
-6
-5
-2
-1
-2
-2
-1
2
3
-2
-4
-5
-3
-1
-2
-1
-1
-1
0
-3
-4
-4
0
0
-1
2
0
-1
2
2
3
1
1
2
4
2
0
-1
-1
-2
-2
1
2
2
1
4
1
1
2
2
3
4
3
2
0
2
2
1
2
1
5
5
5
3
2
1
2
6
5
8
5
5
5
3
3
4
5
5
1
2
2
1
0
0
0
-2
-1
0
-2
-1
-2
-1
0
-1
1
-1
-2
-3
-2
-1
1
0
-1
-2
-3
-5
-5
-3
-1
-1
-1
-4
-5
-8
-7
-6
-5
-4
-4
-5
-7
-9
-7
-6
-4
-1
0
-1
1
1
2
4
3
2
0
-2
0
-1
-1
0
0
1
0
-1
-2
0
0
-1
-2
-1
-2
-1
2
3
3
3
2
3
0
2
2
2
2
2
2
3
5
6
4
4
2
2
0
-1
1
0
0
0
-2
-2
-3
-4
-5
-5
-3
-2
0
3
4
3
4
2
1
0
2
1
0
1
3
4
3
2
0
-1
-2
-5
-4
-3
-2
-1
0
0
-2
-4
-4
-5
-3
-4
-3
-1
1
1
-1
0
-2
-1
-4
-4
-2
0
1
4
3
3
5
4
6
5
6
6
8
7
7
8
6
4
4
2
0
0
0
2
2
2
4
5
1
1
0
1
2
2
1
1
3
7
8
6
2
0
-2
-2
-3
-2
-2
-2
-5
-7
-6
-7
-5
-6
-6
-8
-9
-9
-9
-11
-9
-9
-8
-7
-7
-7
-8
-9
-7
-2
-1
1
0
0
-1
-2
1
1
1
0
-1
0
-1
-2
-3
-3
-1
-1
0
0
-1
2
2
1
2
2
3
6
7
7
7
4
3
2
3
2
5
6
5
2
2
2
0
2
-1
0
0
1
1
1
0
-1
0
3
3
2
1
0
0
0
2
4
6
3
1
0
-1
0
3
6
4
5
3
0
-2
-2
-2
-1
-2
-2
-2
-1
-1
-1
-2
-3
-2
-1
-1
2
3
0
0
0
1
1
1
2
3
2
1
1
1
-1
-1
0
0
1
1
-1
-1
1
1
2
1
-1
0
0
-1
-2
-3
-2
1
0
0
0
0
0
-1
0
0
-1
2
3
2
1
0
0
0
0
-1
-1
-3
-3
-3
-4
-4
-4
-4
-2
-2
1
2
2
3
1
1
1
1
1
1
4
4
3
0
1
0
-1
0
-2
0
1
2
2
3
2
2
-2
0
0
0
1
0
-2
-3
-3
-3
0
-3
-2
0
0
-1
-2
1
0
0
1
-1
-2
-2
-3
-4
-3
-4
-3
-3
-5
-5
-7
-7
-8
-7
-6
-5
-5
-3
-2
-2
-1
-1
0
0
3
3
3
4
4
5
3
4
3
1
2
1
-1
0
-1
0
2
0
2
0
1
0
0
1
1
0
1
-1
1
-1
-1
1
2
3
3
3
3
5
5
8
8
5
3
1
-1
-6
-4
-3
-3
-4
-6
-4
-2
-3
-3
-3
-3
-2
-2
1
3
3
5
7
5
7
8
9
11
10
11
13
9
9
6
7
4
4
4
2
2
1
0
1
0
0
0
-1
-2
-3
-5
-2
-3
-5
-5
-5
-2
-1
-1
0
0
1
2
2
2
3
1
-1
-3
-2
-2
-3
-4
-5
-5
-6
-7
-7
-6
-5
-6
-7
-10
-9
-6
-6
-3
-3
-1
-2
0
2
4
5
3
0
-2
-3
-4
-5
-6
-6
-6
-9
-11
-10
-10
-12
-13
-12
-11
-10
-10
-10
-9
-9
-9
-8
-9
-8
-9
-7
-2
1
4
7
7
9
8
10
8
9
10
10
8
8
9
10
9
8
8
5
6
6
5
5
8
7
5
3
2
3
4
9
10
14
17
19
20
22
23
25
23
23
23
23
21
20
18
16
13
6
3
-1
-3
-4
-7
-7
-8
-9
-10
-13
-13
-13
-16
-17
-16
-17
-17
-17
-17
-18
-16
-17
-18
-21
-24
-26
-28
-25
-24
-23
-20
-20
-19
-15
-11
-8
-2
-1
3
10
13
20
23
26
29
29
27
28
27
24
23
20
16
13
8
7
3
2
-2
-5
-8
-11
-11
-9
-10
-10
-8
-7
-3
-2
4
9
11
11
11
13
11
11
13
13
11
12
10
10
8
5
2
2
0
-3
-3
-6
-9
-16
-22
-29
-33
-35
-40
-42
-55
-65
-77
-90
-99
-104
-108
-108
-111
-110
-105
-94
-80
-57
-30
-1
29
60
91
122
149
173
194
211
222
226
222
209
189
165
136
103
63
24
-15
-52
-86
-117
-143
-159
-166
-168
-162
-151
-132
-112
-82
-50
-12
28
64
103
135
164
189
203
210
211
207
199
181
163
139
111
82
49
15
-28
-72
-113
-155
-190
-217
-244
-259
-263
-263
-247
-234
-213
-200
-194
-188
-198
-201
-209
-211
-214
-225
-227
-232
-225
-208
-183
-146
-98
-42
28
103
184
266
342
418
468
517
541
558
558
529
482
413
336
247
150
48
-53
-147
-235
-309
-365
-403
-420
-431
-415
-397
-355
-321
-260
-199
-121
-34
34
133
201
279
354
429
513
572
633
682
711
732
746
730
700
633
552
448
299
171
-4
-158
-339
-500
-656
-800
-904
-981
-1022
-1025
-972
-893
-790
-654
-509
-347
-184
-24
118
229
330
404
445
464
471
453
429
370
321
249
181
127
32
-45
-208
-353
-518
-677
-831
-982
-1089
-1199
-1268
-1328
-1339
-1281
-1175
-1035
-850
-661
-406
-134
153
450
712
980
1206
1380
1535
1626
1693
1682
1624
1528
1372
1190
978
746
486
224
-29
-286
-499
-689
-842
-941
-1029
-1048
-1052
-1002
-946
-882
-747
-614
-439
-300
-75
125
308
480
649
835
983
1115
1249
1335
1374
1416
1378
1333
1221
1082
906
655
449
187
-77
-338
-589
-778
-996
-1133
-1208
-1253
-1268
-1232
-1147
-1037
-884
-691
-492
-287
-69
135
315
446
566
653
694
708
695
664
589
499
353
153
-84
-310
-531
-790
-1009
-1199
-1344
-1504
-1630
-1656
-1654
-1590
-1482
-1333
-1119
-884
-581
-276
30
378
705
982
1225
1452
1642
1725
1731
1705
1631
1511
1333
1119
849
557
262
-20
-298
-537
-743
-893
-1009
-1091
-1105
-1071
-997
-911
-785
-631
-464
-308
-144
-24
146
277
444
572
704
889
976
1091
1159
1237
1317
1306
1295
1262
1136
1006
808
594
362
69
-159
-446
-715
-886
-1090
-1182
-1323
-1334
-1298
-1272
-1141
-996
-821
-596
-385
-130
99
287
502
649
766
851
891
893
832
766
684
543
404
257
130
-42
-202
-333
-454
-559
-627
-693
-760
-848
-952
-1027
-1107
-1101
-1158
-1158
-1151
-1108
-1021
-975
-841
-651
-453
-244
-57
212
473
699
962
1162
1347
1513
1572
1637
1621
1554
1455
1248
1053
813
580
351
80
-162
-391
-602
-760
-900
-989
-1021
-1007
-996
-942
-885
-747
-598
-452
-278
-163
44
189
311
410
552
704
802
894
964
1050
1114
1164
1153
1134
1075
981
840
656
527
303
82
-172
-395
-615
-850
-1027
-1173
-1231
-1268
-1223
-1131
-992
-816
-647
-445
-251
-38
135
286
409
521
592
588
589
539
492
415
347
301
173
17
-202
-426
-637
-813
-983
-1169
-1325
-1479
-1582
-1679
-1676
-1598
-1466
-1301
-1085
-808
-485
-115
280
654
988
1292
1562
1781
1937
2021
2062
1986
1856
1677
1463
1238
941
625
308
-7
-268
-487
-689
-859
-970
-1036
-1087
-1064
-986
-892
-805
-697
-555
-404
-267
-173
-29
137
316
442
585
788
939
1043
1116
1219
1306
1278
1238
1179
991
830
612
369
128
-181
-422
-731
-990
-1155
-1277
-1413
-1490
-1455
-1385
-1301
-1170
-944
-747
-550
-315
-65
143
337
499
653
726
800
874
859
837
831
750
656
524
400
257
41
-129
-287
-429
-587
-701
-778
-856
-1045
-1116
-1197
-1215
-1158
-1226
-1116
-1083
-955
-845
-774
-587
-358
-157
54
220
511
780
949
1177
1348
1549
1691
1724
1807
1769
1690
1540
1325
1113
823
558
253
-50
-336
-588
-813
-999
-1090
-1169
-1200
-1159
-1053
-908
-788
-586
-425
-220
-189
-46
67
173
223
209
352
387
432
491
603
679
760
793
862
853
863
888
749
626
477
301
77
-240
-410
-684
-940
-1158
-1238
-1285
-1321
-1269
-1151
-980
-815
-580
-354
-117
112
304
471
622
756
820
824
804
776
721
600
544
454
407
214
60
-154
-358
-566
-734
-897
-1092
-1240
-1393
-1449
-1558
-1538
-1456
-1332
-1139
-926
-660
-347
5
404
735
1041
1338
1606
1774
1883
1932
1946
1845
1680
1486
1243
986
690
377
86
-202
-450
-659
-864
-1013
-1092
-1139
-1142
-1097
-1033
-903
-831
-676
-576
-436
-314
-164
31
146
336
436
660
758
863
996
1067
1134
1158
1141
1117
1029
905
749
518
327
107
-155
-380
-656
-810
-1021
-1203
-1291
-1360
-1318
-1355
-1249
-1122
-975
-800
-606
-346
-107
116
356
540
730
903
983
1038
1060
1040
994
857
726
588
383
197
-31
-187
-395
-562
-692
-802
-853
-941
-967
-1052
-1054
-1123
-1081
-1018
-1044
-928
-933
-830
-742
-662
-461
-297
-89
162
336
589
826
1065
1340
1472
1658
1803
1826
1849
1733
1635
1426
1150
870
531
239
-76
-363
-641
-853
-1028
-1143
-1201
-1218
-1147
-1052
-951
-744
-521
-401
-221
-90
79
189
218
389
391
448
470
482
563
547
625
663
625
685
696
623
580
471
420
235
27
-86
-304
-476
-681
-816
-887
-1028
-1048
-1034
-961
-855
-726
-535
-384
-173
30
194
352
474
601
664
671
703
675
614
553
494
465
349
256
209
43
-115
-418
-595
-772
-985
-1160
-1357
-1458
-1530
-1574
-1573
-1465
-1316
-1084
-874
-625
-283
60
412
694
957
1257
1447
1608
1723
1777
1781
1736
1626
1499
1309
1120
914
677
414
160
-71
-320
-526
-714
-874
-983
-1069
-1056
-1048
-1005
-893
-800
-659
-582
-392
-264
-113
33
138
308
353
453
514
582
644
665
708
701
701
697
650
590
527
423
315
166
-7
-130
-350
-524
-678
-815
-906
-1035
-1051
-1040
-1005
-916
-801
-624
-450
-256
-9
213
417
612
757
855
937
973
944
870
764
650
496
299
121
-23
-221
-402
-523
-604
-651
-693
-662
-646
-614
-597
-583
-570
-579
-512
-540
-518
-538
-531
-494
-520
-449
-338
-257
-106
49
258
500
688
927
1116
1253
1394
1433
1459
1390
1267
1160
911
665
419
165
-80
-350
-556
-736
-884
-944
-957
-945
-935
-858
-751
-677
-532
-427
-287
-222
-148
-96
-86
-14
10
57
79
132
212
304
381
510
605
662
714
735
772
719
680
592
440
310
111
-45
-241
-417
-558
-693
-795
-857
-840
-801
-712
-611
-472
-309
-158
-14
124
263
368
472
534
574
571
555
534
462
427
370
308
237
91
-20
-231
-359
-519
-680
-787
-927
-1018
-1073
-1146
-1140
-1098
-1014
-869
-730
-507
-304
-65
221
454
713
952
1163
1374
1488
1618
1672
1681
1623
1499
1338
1142
920
674
372
91
-151
-413
-633
-841
-991
-1098
-1154
-1158
-1106
-1017
-942
-821
-730
-631
-505
-416
-305
-222
-140
-36
-17
47
116
195
279
333
479
584
647
709
731
753
732
675
608
440
253
34
-220
-441
-649
-815
-972
-1108
-1156
-1124
-1084
-957
-821
-639
-404
-215
54
281
484
678
772
890
924
947
921
855
772
688
576
453
311
180
65
-92
-158
-248
-291
-324
-334
-315
-316
-303
-335
-360
-419
-510
-493
-590
-638
-675
-693
-655
-649
-548
-410
-283
-106
86
290
536
744
993
1156
1241
1377
1377
1337
1237
1082
951
690
451
220
-17
-253
-478
-666
-804
-899
-949
-971
-973
-919
-825
-722
-628
-517
-441
-340
-320
-269
-235
-200
-151
-137
-70
-20
48
164
266
374
509
594
728
791
851
914
850
800
685
557
420
191
27
-176
-352
-499
-632
-702
-744
-745
-703
-630
-552
-404
-249
-111
12
173
292
390
467
511
542
518
493
457
381
320
263
227
194
102
25
-112
-247
-359
-483
-578
-691
-773
-839
-939
-982
-975
-959
-887
-824
-667
-490
-314
-52
186
457
704
935
1145
1296
1435
1533
1527
1450
1335
1191
955
703
436
158
-107
-375
-601
-760
-897
-986
-1014
-1024
-980
-909
-824
-738
-648
-536
-477
-405
-361
-301
-279
-268
-244
-190
-128
-52
79
207
364
511
668
828
953
1032
1099
1088
1034
921
765
568
329
80
-193
-461
-677
-827
-960
-1029
-1042
-970
-874
-754
-570
-365
-140
66
262
432
555
665
735
753
743
703
635
537
420
314
219
91
2
-84
-137
-171
-209
-195
-175
-161
-148
-165
-174
-235
-341
-416
-530
-574
-664
-723
-762
-797
-754
-710
-623
-443
-298
-104
79
272
543
723
924
1073
1143
1206
1182
1176
1083
929
800
557
353
115
-115
-312
-510
-672
-798
-901
-950
-961
-930
-883
-831
-740
-659
-541
-462
-409
-361
-323
-265
-214
-208
-147
-101
-43
68
145
311
458
579
732
830
955
1037
1056
1083
1016
940
839
692
541
372
195
4
-182
-328
-425
-539
-573
-585
-584
-524
-455
-354
-253
-136
-21
82
156
229
294
320
355
357
363
325
277
286
268
280
262
256
237
165
95
-4
-86
-227
-371
-516
-668
-854
-1018
-1159
-1260
-1286
-1312
-1283
-1178
-987
-786
-572
-323
-24
266
521
749
936
1120
1193
1226
1236
1169
1077
903
710
497
275
90
-105
-292
-419
-532
-625
-678
-712
-701
-715
-710
-672
-629
-596
-575
-543
-524
-512
-487
-422
-339
-240
-122
32
210
371
571
773
937
1097
1202
1280
1301
1281
1239
1091
925
751
561
349
135
-40
-204
-360
-486
-554
-598
-601
-591
-514
-453
-364
-252
-171
-51
12
116
181
226
298
338
362
362
372
385
338
318
315
274
231
174
141
112
39
-31
-124
-204
-288
-379
-433
-540
-589
-657
-697
-729
-780
-757
-765
-688
-645
-621
-554
-499
-384
-305
-243
-132
-30
66
146
189
287
363
405
437
448
474
474
438
387
317
278
205
115
36
-35
-86
-167
-241
-295
-342
-377
-415
-440
-442
-452
-443
-426
-410
-373
-327
-269
-209
-136
-53
30
126
228
349
458
574
694
803
888
969
1051
1069
1077
1063
1025
951
847
717
565
420
223
49
-126
-283
-423
-554
-634
-707
-729
-729
-688
-631
-531
-418
-329
-188
-53
81
182
293
400
452
487
512
531
520
490
451
410
341
227
92
-64
-247
-452
-616
-798
-941
-1101
-1253
-1378
-1443
-1446
-1462
-1406
-1285
-1129
-945
-757
-496
-206
90
354
591
872
1075
1259
1381
1473
1505
1489
1396
1261
1109
909
713
450
214
-24
-253
-454
-642
-784
-894
-986
-1035
-1052
-1023
-977
-918
-824
-719
-620
-502
-372
-197
-45
94
268
423
585
709
828
939
1035
1072
1084
1107
1105
1078
989
890
765
645
506
336
186
24
-113
-261
-398
-492
-561
-600
-627
-639
-621
-572
-515
-458
-388
-306
-210
-109
2
98
223
301
381
464
508
566
541
521
479
396
306
176
62
-83
-209
-361
-481
-612
-697
-753
-797
-802
-825
-779
-745
-705
-642
-585
-506
-449
-394
-325
-270
-216
-170
-115
-62
-11
32
96
124
189
216
229
281
280
302
309
284
284
258
227
172
115
85
19
-28
-84
-142
-154
-171
-163
-166
-156
-126
-106
-76
-52
-8
33
72
121
168
204
266
313
376
462
488
548
582
611
644
655
678
673
658
640
581
507
412
305
217
120
40
-40
-120
-185
-231
-250
-251
-255
-237
-236
-210
-173
-122
-82
-69
-27
6
32
44
60
78
95
105
119
139
113
25
-98
-202
-289
-417
-559
-692
-791
-883
-1002
-1095
-1135
-1104
-1084
-1035
-952
-808
-586
-377
-172
41
292
530
722
862
1001
1106
1155
1154
1098
1056
950
817
611
417
233
31
-141
-337
-480
-597
-685
-736
-789
-780
-747
-689
-642
-591
-484
-396
-281
-191
-125
-14
100
204
286
398
531
637
730
814
873
928
952
943
905
826
752
626
460
299
122
-59
-262
-417
-546
-640
-730
-793
-787
-771
-724
-660
-563
-454
-339
-225
-108
16
127
221
322
386
435
452
495
496
480
468
400
345
243
147
43
-69
-169
-254
-351
-437
-501
-553
-573
-607
-608
-598
-582
-538
-504
-464
-426
-389
-334
-283
-216
-176
-127
-80
-42
37
96
152
212
259
331
382
410
446
474
462
452
419
400
371
296
243
160
112
58
11
-31
-67
-82
-90
-73
-57
-41
-10
26
57
84
108
121
135
132
127
137
154
180
182
206
213
232
258
279
318
332
366
380
386
389
391
372
316
282
222
167
77
-15
-84
-187
-269
-345
-409
-457
-465
-476
-468
-411
-373
-291
-228
-148
-62
13
72
114
141
165
160
143
66
-29
-142
-270
-361
-510
-609
-713
-791
-847
-940
-968
-945
-907
-809
-756
-644
-483
-331
-164
-16
145
316
452
582
677
766
852
891
889
838
805
751
668
535
403
271
140
9
-104
-208
-273
-326
-386
-398
-396
-366
-328
-297
-269
-216
-175
-129
-59
-27
31
102
170
259
332
425
521
590
643
687
723
735
709
659
587
487
385
251
108
-35
-179
-305
-417
-506
-562
-612
-624
-637
-604
-528
-478
-392
-321
-211
-123
-21
74
128
207
240
292
321
315
343
328
321
296
269
223
160
92
28
-49
-144
-219
-317
-389
-491
-533
-591
-593
-635
-640
-575
-543
-448
-387
-299
-192
-124
-14
63
132
221
245
273
302
312
346
347
324
318
282
274
248
220
196
167
132
85
45
8
-31
-72
-150
-204
-251
-294
-319
-344
-315
-294
-254
-193
-145
-87
-11
43
131
206
289
373
428
485
534
555
563
551
534
497
437
394
324
258
197
143
72
12
-32
-59
-85
-113
-121
-116
-104
-104
-112
-124
-143
-161
-174
-213
-259
-286
-303
-301
-308
-283
-250
-209
-150
-83
-33
10
80
127
183
213
247
267
265
240
173
81
-32
-145
-272
-381
-483
-579
-656
-718
-754
-775
-763
-711
-661
-567
-475
-365
-222
-73
78
207
323
453
559
639
698
733
763
759
748
710
666
599
529
428
326
251
150
54
-44
-134
-200
-258
-302
-338
-372
-379
-387
-364
-335
-303
-248
-189
-133
-74
4
65
138
192
231
300
323
352
363
350
326
267
212
147
73
-1
-99
-187
-244
-323
-368
-388
-381
-382
-381
-350
-312
-264
-211
-166
-99
-52
-5
60
105
164
207
242
253
283
315
320
327
317
306
287
243
168
116
49
-15
-81
-147
-196
-255
-299
-338
-360
-366
-387
-377
-358
-341
-314
-290
-245
-205
-151
-110
-64
-8
56
129
182
239
288
334
354
377
383
390
402
386
369
346
325
277
226
169
103
55
-6
-56
-104
-146
-192
-237
-273
-320
-361
-394
-414
-428
-426
-405
-379
-341
-264
-186
-95
14
121
221
302
408
483
545
590
595
586
565
525
463
395
312
245
181
102
49
-5
-59
-99
-149
-187
-201
-230
-273
-310
-350
-377
-402
-410
-406
-393
-370
-347
-321
-274
-213
-127
-37
54
146
213
251
262
282
264
241
177
97
20
-94
-203
-308
-398
-449
-498
-542
-540
-519
-464
-376
-296
-183
-79
33
134
218
299
354
407
435
452
451
438
401
365
309
261
213
157
125
90
59
49
48
68
77
90
105
95
99
82
81
65
40
-7
-55
-89
-117
-133
-135
-121
-100
-72
-44
-2
52
102
149
179
184
183
147
110
60
-2
-59
-129
-182
-221
-261
-288
-289
-292
-271
-259
-213
-174
-116
-53
-17
37
47
71
90
85
88
81
70
57
35
38
28
5
-6
-32
-38
-68
-79
-76
-77
-76
-72
-58
-58
-57
-42
-50
-66
-88
-118
-126
-133
-144
-140
-128
-103
-86
-56
-25
17
87
143
208
263
310
352
372
387
367
344
311
274
224
167
119
68
27
-19
-45
-58
-73
-85
-106
-122
-130
-130
-142
-138
-143
-145
-142
-169
-173
-187
-203
-210
-223
-196
-181
-146
-95
-62
-2
51
98
152
210
252
280
307
332
331
310
297
259
216
184
133
104
88
59
33
28
20
6
-3
-12
-42
-70
-106
-143
-175
-195
-240
-271
-292
-304
-318
-338
-321
-306
-277
-244
-187
-129
-65
-14
25
64
94
122
143
139
123
94
65
33
1
-31
-57
-82
-115
-116
-99
-80
-42
5
39
81
123
159
174
175
181
170
155
138
98
49
-1
-43
-75
-109
-127
-134
-117
-96
-47
10
78
152
205
249
280
301
301
301
287
248
205
150
98
32
-25
-75
-104
-118
-130
-150
-170
-155
-153
-147
-137
-135
-123
-119
-129
-157
-164
-171
-179
-172
-160
-133
-101
-67
-29
4
39
81
117
153
187
203
217
231
229
203
175
131
81
24
-23
-73
-118
-164
-215
-261
-311
-351
-377
-380
-382
-376
-360
-330
-293
-249
-192
-152
-109
-65
-9
37
75
136
200
249
317
365
432
492
542
590
610
621
589
531
458
386
291
182
84
-20
-122
-211
-278
-326
-356
-373
-364
-337
-313
-272
-234
-182
-137
-105
-57
-18
17
41
63
80
85
101
107
110
106
93
83
63
42
21
5
-15
-36
-51
-72
-87
-118
-144
-166
-180
-190
-189
-189
-179
-157
-122
-76
-28
37
110
180
242
281
314
323
332
325
286
236
169
104
12
-82
-182
-268
-353
-432
-480
-505
-511
-515
-493
-450
-398
-329
-249
-161
-72
29
121
217
304
365
404
434
458
456
448
436
424
418
397
368
365
338
309
281
228
173
118
54
-17
-91
-165
-237
-303
-345
-380
-419
-425
-409
-386
-341
-266
-179
-84
17
119
208
280
347
385
399
392
370
328
258
173
76
-14
-102
-206
-300
-371
-427
-463
-490
-496
-491
-474
-445
-423
-396
-348
-314
-261
-225
-205
-170
-148
-101
-55
16
77
139
207
258
312
357
390
435
440
440
428
393
396
354
313
256
170
123
45
-20
-74
-132
-170
-207
-221
-215
-203
-160
-112
-55
25
69
107
137
170
180
180
185
169
157
126
100
63
37
25
2
-6
-3
1
11
7
15
21
34
62
58
45
36
15
-11
-38
-63
-77
-106
-139
-159
-165
-172
-177
-167
-159
-144
-123
-99
-67
-45
-28
-24
-39
-66
-78
-95
-123
-164
-194
-219
-254
-287
-296
-297
-288
-266
-230
-187
-158
-112
-66
-14
43
89
140
164
189
205
211
218
214
213
207
199
196
213
228
228
236
236
240
244
244
222
212
182
135
96
41
-17
-85
-138
-177
-211
-242
-272
-275
-261
-228
-187
-132
-61
10
82
148
216
256
286
322
342
349
346
339
326
316
285
252
225
199
182
148
123
101
72
48
9
-27
-77
-130
-182
-235
-285
-342
-371
-402
-407
-413
-407
-384
-350
-288
-229
-162
-96
-20
41
85
130
158
175
177
155
122
83
30
-21
-71
-114
-170
-211
-251
-275
-310
-319
-311
-306
-301
-300
-284
-277
-246
-240
-214
-153
-113
-76
-46
-37
-12
8
49
106
141
197
237
249
263
242
260
253
228
236
207
185
166
135
113
86
62
44
11
3
-8
-2
23
45
70
95
120
149
188
209
244
276
290
302
317
315
285
262
228
192
139
90
48
-2
-34
-66
-93
-126
-142
-146
-148
-144
-124
-112
-102
-75
-59
-37
-37
-35
-32
-26
-17
-18
-15
-14
-17
-24
-36
-45
-53
-64
-83
-107
-126
-164
-191
-211
-239
-267
-293
-318
-344
-357
-372
-369
-358
-355
-330
-301
-274
-231
-170
-114
-55
17
89
161
216
265
303
331
357
379
383
381
373
370
350
328
316
288
270
251
230
207
176
139
103
72
45
13
-24
-51
-83
-111
-129
-146
-137
-114
-93
-55
-27
8
53
98
137
153
177
192
186
175
156
130
97
59
20
-21
-67
-99
-125
-145
-170
-191
-199
-214
-230
-246
-255
-265
-280
-301
-306
-333
-344
-348
-357
-356
-347
-335
-305
-262
-222
-179
-127
-73
-20
27
61
94
110
106
96
88
81
72
58
49
48
55
33
30
30
25
29
52
71
88
102
110
129
125
128
127
134
143
151
171
176
169
173
187
211
219
235
250
269
283
280
287
286
285
275
252
241
223
201
185
167
146
130
103
76
52
37
27
12
17
3
-2
-13
-30
-47
-53
-49
-52
-60
-70
-73
-85
-90
-102
-114
-132
-151
-169
-193
-207
-235
-252
-266
-288
-302
-313
-335
-345
-343
-343
-327
-308
-286
-258
-231
-212
-187
-164
-151
-132
-120
-118
-105
-89
-85
-81
-64
-40
-19
-5
-3
3
13
25
42
36
25
15
0
-2
-29
-51
-68
-95
-115
-116
-107
-92
-59
-23
19
68
125
170
232
281
320
371
399
426
442
448
450
440
431
415
382
353
322
297
274
245
212
174
155
128
105
80
45
4
-43
-65
-93
-97
-114
-123
-119
-126
-119
-116
-90
-65
-37
-2
27
59
81
92
107
101
94
87
68
48
21
-7
-47
-89
-130
-176
-205
-237
-274
-280
-290
-300
-307
-311
-306
-309
-311
-312
-300
-287
-279
-277
-269
-249
-230
-210
-189
-167
-134
-106
-82
-53
-32
-15
0
9
15
36
57
64
74
83
82
84
92
99
118
130
136
145
145
140
119
109
96
85
88
96
112
122
117
122
127
130
132
139
157
163
168
183
193
200
216
221
228
233
223
213
201
188
184
166
161
140
123
119
94
89
74
52
37
39
27
18
7
-12
-32
-47
-69
-81
-91
-110
-119
-140
-150
-154
-178
-188
-194
-204
-208
-229
-241
-242
-255
-263
-279
-291
-286
-298
-288
-283
-285
-286
-282
-271
-259
-253
-247
-230
-209
-185
-167
-136
-109
-86
-62
-38
-2
22
53
84
113
132
142
150
155
142
116
101
85
56
38
41
23
17
15
-3
-19
-18
-1
17
45
78
106
129
165
186
219
249
276
310
333
358
378
402
417
427
431
420
406
386
370
347
329
304
254
220
185
137
81
31
-12
-121
-210
-274
-265
-214
-135
-61
-34
-67
-151
-253
-310
-278
-164
-11
114
159
119
32
-56
-106
-127
-95
-69
-53
-72
-143
-216
-276
-274
-246
-233
-232
-270
-340
-396
-412
-385
-316
-230
-175
-154
-181
-233
-274
-288
-271
-234
-168
-121
-84
-58
-38
-2
36
77
106
130
135
115
124
133
146
180
182
170
141
91
49
22
22
43
66
84
82
78
90
95
120
122
131
140
141
126
117
112
133
150
168
188
177
171
135
108
70
64
80
99
117
121
119
116
104
77
62
44
39
43
44
38
32
36
39
28
25
12
4
-8
-11
-3
-1
21
34
34
29
34
10
-11
-33
-79
-133
-193
-241
-274
-276
-249
-251
-280
-292
-302
-282
-266
-241
-217
-207
-192
-204
-193
-172
-109
-14
65
85
54
-2
-43
-88
-57
36
138
228
242
203
131
95
109
130
150
151
128
86
15
-15
-34
-48
-35
-57
-95
-159
-189
-182
-146
-90
-38
-2
16
38
64
102
171
232
274
276
246
227
211
224
273
309
312
295
253
202
160
135
116
103
102
97
71
36
14
-16
-51
-81
-103
-108
-126
-136
-128
-127
-106
-113
-121
-125
-147
-153
-149
-132
-113
-82
-80
-96
-91
-79
-79
-81
-93
-136
-176
-212
-230
-228
-213
-205
-211
-241
-261
-270
-269
-231
-191
-160
-124
-104
-78
-45
-21
11
25
50
57
68
97
123
157
164
170
168
154
158
167
181
208
228
223
203
169
144
132
122
114
107
93
79
69
79
95
98
113
126
133
138
146
154
160
164
166
174
176
171
151
128
95
62
21
-7
-10
-32
-49
-52
-58
-64
-87
-113
-139
-151
-159
-159
-151
-148
-130
-112
-96
-92
-91
-86
-80
-71
-75
-59
-50
-32
-7
8
19
14
1
-21
-37
-70
-90
-116
-141
-162
-186
-211
-240
-248
-263
-279
-290
-296
-298
-280
-257
-211
-153
-105
-79
-63
-45
-37
-14
41
99
149
210
247
266
258
242
239
244
259
278
288
278
247
225
213
192
172
143
112
90
56
17
-12
-29
-53
-73
-75
-87
-83
-72
-56
-42
-40
-47
-43
-22
15
62
101
131
152
170
173
181
188
175
163
156
133
115
97
80
62
47
28
6
-23
-48
-76
-101
-102
-104
-111
-121
-137
-150
-153
-172
-181
-192
-200
-189
-171
-157
-150
-131
-104
-85
-63
-35
-22
-7
9
16
18
13
-2
-15
-32
-44
-44
-43
-40
-61
-91
-113
-116
-113
-100
-71
-56
-39
-22
-1
14
27
40
55
52
52
57
67
67
74
76
70
61
63
86
96
106
109
107
105
95
92
104
109
105
83
60
39
12
1
-5
-2
5
11
21
13
11
18
20
24
56
68
67
68
57
43
34
22
15
0
-12
-12
-29
-31
-41
-47
-54
-46
-37
-33
-19
-7
1
-6
-21
-37
-42
-48
-45
-43
-44
-57
-70
-82
-101
-113
-99
-83
-65
-53
-55
-50
-44
-36
-38
-35
-39
-45
-57
-85
-103
-114
-111
-105
-108
-121
-129
-136
-136
-123
-96
-65
-37
-4
5
23
41
63
85
102
122
138
152
149
154
155
161
167
169
173
172
171
183
188
191
192
178
168
145
131
114
106
95
75
57
32
11
-14
-24
-31
-30
-33
-48
-49
-67
-69
-68
-71
-64
-64
-69
-72
-66
-52
-29
-9
7
8
-3
-14
-25
-38
-31
-34
-32
-40
-50
-68
-87
-93
-92
-89
-100
-107
-118
-126
-136
-128
-127
-126
-124
-128
-131
-139
-152
-148
-143
-133
-111
-104
-95
-70
-52
-37
-17
1
21
29
31
34
48
60
74
97
105
111
114
113
109
96
104
110
115
122
133
143
148
153
132
131
121
113
109
112
120
123
135
136
130
121
102
81
64
50
40
50
54
67
69
51
24
-6
-34
-51
-58
-57
-53
-67
-77
-96
-104
-107
-101
-97
-95
-91
-98
-100
-90
-83
-62
-53
-52
-57
-60
-69
-70
-66
-67
-62
-63
-57
-63
-63
-66
-59
-43
-52
-52
-46
-54
-47
-40
-45
-48
-52
-66
-72
-78
-84
-74
-60
-43
-27
-2
9
14
36
49
66
84
95
90
93
93
93
106
105
99
90
86
76
68
73
79
78
73
75
58
47
45
40
36
35
47
51
54
49
61
58
52
46
44
42
47
52
49
58
51
59
61
63
55
43
35
22
-5
-12
-27
-27
-41
-51
-60
-83
-94
-113
-134
-145
-146
-143
-147
-154
-151
-150
-144
-134
-129
-114
-99
-85
-83
-70
-55
-47
-30
-16
-14
-6
7
17
19
12
5
1
-10
-19
-14
-18
-21
-22
-36
-51
-56
-65
-71
-80
-71
-60
-45
-43
-35
-34
-31
-18
-2
15
32
43
54
66
87
105
102
112
116
119
124
120
128
129
139
140
140
145
131
123
118
129
125
125
126
117
104
96
91
79
73
67
73
67
52
52
45
43
44
47
48
36
24
20
10
7
11
2
-7
-21
-38
-56
-70
-72
-68
-68
-74
-78
-79
-97
-111
-104
-106
-110
-120
-124
-127
-130
-136
-131
-128
-132
-139
-143
-141
-138
-121
-106
-93
-88
-71
-66
-66
-64
-62
-60
-47
-46
-43
-38
-31
-24
-33
-21
-4
3
10
28
48
55
52
52
53
51
58
57
53
51
47
47
57
67
70
72
67
67
76
78
83
88
88
90
90
83
71
65
60
58
46
42
41
35
27
21
28
25
18
4
0
-4
0
3
-3
-3
-6
-10
-12
-14
-8
-4
-14
-19
-24
-33
-30
-21
-13
-7
-5
-10
-25
-46
-62
-54
-51
-48
-37
-39
-41
-55
-64
-66
-73
-73
-60
-52
-47
-47
-40
-31
-26
-31
-22
-20
-20
-10
-1
1
9
26
29
35
47
52
54
49
38
36
33
45
43
45
45
42
42
43
31
32
33
31
29
43
51
52
63
63
63
56
42
38
39
36
43
51
51
41
41
32
24
34
43
47
46
41
35
36
33
26
34
43
44
41
40
22
12
7
-2
-8
-22
-40
-58
-68
-73
-75
-72
-79
-85
-100
-131
-154
-162
-170
-173
-162
-160
-158
-154
-144
-142
-141
-136
-118
-102
-70
-58
-38
-27
-25
-18
-11
-1
5
16
21
23
19
19
10
17
18
19
15
13
19
5
-2
1
9
13
12
17
17
30
29
30
40
45
64
75
92
98
97
108
113
123
132
133
137
128
121
113
98
96
98
98
101
88
67
57
48
39
35
27
19
14
10
8
-1
-11
-16
-16
-12
-17
-24
-20
-26
-34
-31
-26
-21
-15
-22
-40
-57
-75
-76
-75
-71
-70
-68
-61
-61
-66
-77
-70
-69
-62
-47
-36
-30
-35
-29
-26
-24
-29
-22
-20
-20
-22
-30
-34
-42
-45
-43
-50
-57
-57
-56
-57
-53
-39
-37
-36
-44
-46
-40
-29
-15
5
24
38
42
45
50
59
65
80
97
104
100
107
109
97
97
95
99
89
80
69
52
44
29
20
19
15
14
6
5
3
0
6
15
20
20
33
40
39
45
45
38
42
38
45
41
38
39
29
23
17
9
5
8
1
2
-15
-27
-28
-43
-53
-62
-67
-66
-70
-88
-101
-114
-126
-126
-115
-110
-104
-92
-93
-97
-107
-108
-100
-98
-94
-91
-92
-96
-95
-89
-81
-73
-67
-67
-62
-61
-56
-48
-41
-37
-26
-17
-7
3
14
27
33
44
55
67
68
70
73
72
66
70
74
76
73
77
75
71
72
72
81
81
79
87
96
102
109
109
117
119
117
112
106
110
118
117
118
110
91
77
61
51
53
53
58
59
46
43
29
24
25
20
23
15
4
-8
-14
-20
-27
-35
-43
-55
-52
-59
-78
-93
-106
-107
-107
-113
-112
-101
-103
-100
-107
-97
-93
-93
-83
-74
-71
-60
-50
-49
-48
-47
-48
-50
-42
-43
-39
-35
-31
-23
-28
-29
-35
-46
-37
-30
-32
-31
-28
-37
-40
-41
-40
-35
-32
-28
-21
-18
-9
3
10
21
36
43
47
64
80
87
92
81
82
77
73
78
78
81
76
73
60
58
48
38
36
40
41
38
33
22
16
11
10
15
21
20
24
24
21
4
5
12
5
4
-2
-10
-17
-19
-24
-19
-23
-24
-11
-16
-24
-32
-36
-44
-42
-43
-47
-51
-55
-44
-46
-55
-53
-50
-47
-51
-47
-45
-45
-34
-20
-12
-9
-10
-8
-7
-8
-1
-2
2
9
7
9
18
10
18
14
13
11
0
-6
-9
-5
1
3
0
0
-2
12
9
6
24
34
39
45
56
63
68
77
78
69
67
79
85
84
76
70
64
52
46
32
19
10
7
-1
-5
-12
-14
-14
-17
-14
-21
-30
-35
-36
-34
-31
-26
-30
-31
-32
-24
-17
-3
11
12
9
17
14
16
13
5
7
1
-5
-9
-16
-28
-34
-40
-46
-48
-57
-68
-62
-64
-67
-56
-59
-70
-70
-67
-65
-63
-51
-36
-21
-10
-7
2
7
4
-1
0
2
4
2
3
9
7
8
12
7
-1
-10
-16
-21
-13
-9
-13
-6
-1
3
6
4
0
-3
-16
-13
-14
-11
-1
18
27
35
43
45
45
39
43
45
58
75
88
96
98
97
98
99
93
85
72
62
58
45
36
32
27
24
26
20
15
9
-3
-8
-9
-12
-13
-17
-22
-25
-33
-35
-30
-43
-39
-36
-39
-43
-48
-41
-38
-30
-26
-24
-27
-40
-39
-42
-41
-35
-20
-17
-24
-27
-36
-40
-49
-56
-58
-50
-50
-47
-36
-42
-44
-41
-39
-33
-30
-22
-15
-19
-13
-8
-8
-7
-2
-2
-4
1
0
-2
1
6
14
27
28
30
37
43
48
49
53
58
56
60
60
63
61
66
70
66
65
60
55
47
52
50
51
51
44
39
34
36
25
24
25
17
5
-6
-10
-6
-4
-10
-8
-9
-8
-5
-4
0
6
6
16
23
23
20
10
4
0
-4
-9
-19
-20
-28
-35
-56
-68
-69
-79
-84
-85
-83
-86
-88
-92
-96
-100
-96
-99
-97
-91
-85
-76
-70
-67
-62
-57
-46
-33
-26
-16
-10
-18
-12
2
2
4
7
10
11
11
22
20
21
10
9
8
6
14
16
32
32
43
41
32
28
29
36
40
42
43
44
44
40
48
49
48
49
56
51
52
55
58
56
59
65
68
67
52
57
48
46
41
35
39
32
34
31
30
23
21
11
2
-3
-4
0
0
1
0
-5
-12
-22
-13
-9
-9
-11
-11
-18
-20
-16
-17
-19
-24
-26
-33
-40
-37
-26
-26
-22
-24
-23
-23
-22
-22
-23
-27
-31
-29
-27
-20
-21
-14
-13
-9
-1
2
-1
-3
1
-6
-9
-12
-16
-14
-13
-10
-11
-13
-18
-25
-29
-31
-24
-22
-23
-8
-10
-4
0
-7
-6
-3
1
4
20
19
13
15
15
17
23
41
48
42
35
29
21
10
5
-4
-1
-9
-17
-24
-26
-23
-29
-20
-17
-18
-8
-8
-6
-4
-7
4
8
8
9
13
15
11
12
15
13
23
24
26
20
19
21
10
8
-1
-5
-8
-19
-30
-38
-37
-44
-44
-44
-42
-48
-43
-44
-37
-28
-22
-20
-15
-10
-8
-11
0
10
10
21
26
30
30
27
30
25
28
28
18
22
16
11
12
13
13
14
19
14
8
1
-3
2
5
3
-1
2
3
5
10
14
23
28
31
31
37
47
49
44
44
42
39
37
32
34
34
19
9
9
15
3
0
-2
-5
2
3
3
0
0
2
-1
-4
1
8
4
1
-1
-8
-13
-10
-15
-22
-25
-32
-33
-37
-40
-45
-45
-52
-55
-55
-65
-72
-76
-84
-91
-84
-80
-65
-57
-47
-40
-37
-24
-23
-13
-8
-10
-2
-1
-2
-1
0
3
3
4
1
8
17
22
21
23
25
17
22
26
38
30
26
31
29
24
17
27
33
35
36
37
37
42
38
38
39
37
38
34
37
36
43
48
48
44
37
32
25
26
19
13
20
13
4
-2
-10
-10
-17
-18
-16
-18
-14
-24
-25
-27
-29
-29
-32
-34
-28
-28
-33
-19
-14
-11
-15
-14
-12
-13
-12
-8
-4
-3
2
2
-4
-14
-17
-17
-14
-17
-14
-11
-13
-15
-23
-24
-24
-30
-27
-24
-30
-30
-25
-22
-14
-15
-16
-8
-1
12
18
19
24
31
29
25
28
39
40
41
45
37
38
33
39
44
37
48
45
50
47
35
31
35
32
30
18
3
-5
-7
-7
-16
-15
-13
-12
-19
-14
-21
-23
-24
-26
-23
-16
-9
-17
-25
-31
-30
-31
-26
-23
-25
-28
-27
-25
-25
-30
-31
-25
-15
-16
-15
-6
-1
0
3
4
9
10
12
13
9
6
6
9
-3
-5
-3
1
-1
1
7
2
0
-8
-7
-9
-15
-16
-19
-24
-24
-26
-26
-25
-34
-31
-26
-26
-28
-19
-15
-11
-6
6
6
2
13
16
16
19
25
27
27
21
26
26
22
17
16
21
22
25
24
27
26
30
23
22
27
34
32
32
29
27
33
29
26
33
32
31
39
30
33
30
23
20
22
23
12
15
13
5
3
-2
-9
-10
-14
-30
-37
-49
-52
-52
-52
-45
-44
-40
-43
-46
-46
-44
-34
-28
-27
-16
-10
-8
-9
-11
-12
-16
-15
-9
-9
-11
-6
-6
-1
-5
-11
-14
-16
-19
-14
-10
-21
-20
-29
-36
-38
-39
-36
-26
-16
-16
-15
-23
-23
-22
-19
-17
-3
4
15
24
20
20
22
25
19
19
24
27
33
36
43
40
43
43
40
47
55
60
64
75
80
78
71
66
55
53
45
44
39
31
22
18
13
8
1
1
1
-1
0
-7
-7
-14
-14
-15
-18
-15
-12
-15
-17
-29
-37
-41
-47
-50
-50
-49
-44
-39
-43
-42
-43
-40
-35
-32
-30
-26
-26
-25
-22
-24
-23
-26
-30
-28
-25
-27
-22
-22
-24
-19
-22
-22
-17
-12
-5
-1
-3
-1
8
13
18
11
9
14
16
17
25
22
18
18
12
16
11
9
13
14
15
20
18
14
12
10
5
3
15
10
11
14
9
8
8
15
14
10
14
17
18
23
22
17
20
18
17
20
20
18
13
19
22
21
21
20
6
4
3
-10
-11
-16
-16
-17
-25
-23
-28
-28
-33
-31
-31
-31
-28
-35
-38
-44
-40
-45
-40
-35
-30
-20
-19
-18
-22
-17
-12
-13
-10
-5
1
0
-2
-2
3
5
9
12
15
16
19
19
19
18
18
16
19
29
33
26
23
29
27
23
24
21
20
23
19
20
28
29
31
39
43
41
47
49
55
55
53
56
49
48
41
38
37
29
30
28
25
28
19
14
9
6
4
-3
3
-3
-9
-10
-12
-19
-25
-27
-30
-24
-24
-30
-34
-33
-37
-49
-41
-41
-42
-45
-52
-49
-52
-48
-47
-48
-55
-55
-62
-62
-66
-76
-76
-77
-81
-81
-77
-72
-72
-73
-70
-67
-65
-60
-55
-48
-46
-32
-24
-24
-17
-18
-25
-21
-11
-8
-9
-9
-6
-6
0
6
11
15
18
20
23
26
29
32
36
44
43
45
49
54
55
57
56
58
60
67
73
72
74
75
69
69
77
74
74
73
71
66
62
66
66
65
62
58
48
45
52
56
55
58
56
53
51
46
43
43
40
33
32
26
25
20
21
20
17
12
7
4
-7
-9
-9
-17
-24
-32
-38
-41
-45
-42
-43
-45
-49
-54
-51
-49
-50
-54
-48
-54
-60
-58
-62
-64
-69
-63
-57
-57
-55
-60
-57
-54
-53
-53
-49
-45
-47
-51
-53
-59
-61
-61
-58
-52
-45
-38
-32
-31
-38
-32
-31
-29
-21
-24
-13
-12
-7
2
2
4
12
17
15
15
11
17
24
26
30
33
39
34
37
35
36
36
32
39
34
35
36
35
33
37
32
27
20
16
18
18
26
24
22
21
18
14
15
15
16
13
7
3
6
5
6
6
5
7
6
1
0
6
3
2
7
8
8
0
-4
0
-4
3
10
9
8
2
-3
-6
-5
-3
-4
-3
-1
-3
-11
-9
-7
-3
6
1
5
3
-4
-2
-2
0
-2
1
12
9
16
18
22
20
21
20
16
18
10
16
12
17
24
29
28
20
18
15
14
9
1
-1
-2
3
6
2
8
16
18
18
13
11
9
11
11
11
5
-1
2
3
3
-3
-10
-11
-16
-25
-26
-23
-20
-31
-25
-25
-33
-39
-41
-45
-44
-41
-42
-41
-49
-47
-46
-50
-47
-50
-46
-45
-50
-52
-53
-49
-42
-36
-33
-33
-27
-23
-24
-25
-19
-21
-16
-12
-14
-18
-16
-14
-18
-14
-12
-8
-1
-2
-2
-2
0
-2
6
13
13
15
17
17
18
20
26
26
28
27
31
35
34
46
51
55
58
57
62
59
62
63
72
74
71
75
74
71
66
64
55
52
45
36
37
37
32
30
29
28
29
19
9
9
8
8
6
10
9
4
3
3
-1
-3
-8
-4
-2
-6
-8
-12
-21
-25
-29
-29
-29
-28
-28
-33
-43
-46
-49
-51
-50
-55
-54
-56
-50
-51
-59
-55
-55
-60
-55
-53
-49
-43
-43
-41
-43
-45
-40
-35
-34
-33
-34
-30
-25
-25
-18
-15
-9
-7
-6
0
3
6
10
13
10
13
12
13
9
6
7
11
5
5
11
10
19
16
21
26
30
33
40
41
44
48
51
52
45
47
40
40
36
30
33
31
28
25
25
22
17
15
13
9
7
9
7
7
10
4
0
-2
-4
-8
-11
-10
-6
-9
-8
-12
-13
-10
-15
-13
-15
-16
-14
-16
-14
-12
-19
-21
-28
-29
-32
-31
-30
-37
-35
-36
-28
-21
-19
-15
-14
-15
-13
-11
-14
-11
-7
-3
4
2
1
0
-1
4
7
5
4
4
6
13
10
12
18
18
19
16
19
13
6
10
12
17
22
23
24
23
19
17
13
16
15
16
18
18
25
31
32
31
34
26
28
27
26
24
22
25
23
19
19
15
13
13
4
3
2
1
3
4
4
1
1
2
-4
-6
-4
-2
-9
-20
-17
-18
-23
-23
-23
-20
-21
-21
-24
-28
-29
-34
-35
-31
-32
-34
-31
-30
-31
-28
-26
-26
-28
-30
-29
-31
-30
-30
-27
-30
-37
-37
-39
-39
-36
-35
-37
-32
-33
-36
-35
-31
-34
-24
-20
-13
-2
1
7
7
5
15
13
18
20
24
32
30
31
31
36
36
40
46
48
47
50
54
51
49
49
51
46
42
43
42
40
41
36
31
33
26
23
17
15
17
19
28
23
17
17
13
12
2
-4
-2
-5
-8
-8
-14
-13
-19
-24
-26
-35
-32
-35
-38
-41
-37
-36
-34
-34
-34
-37
-36
-27
-26
-25
-24
-18
-18
-11
-11
-10
-8
-8
-6
-7
-6
-5
-3
1
1
0
2
5
2
-1
0
-8
-10
-5
-4
-3
1
-1
-2
-4
-4
0
0
-2
0
4
10
11
14
16
18
18
23
25
24
25
29
27
24
22
20
20
21
19
22
16
14
16
12
8
4
8
9
7
9
9
9
10
5
3
-1
-1
-2
-4
-5
-7
-7
-6
-6
-11
-11
-10
-13
-9
-13
-11
-7
-10
-13
-14
-16
-14
-12
-14
-15
-18
-15
-17
-16
-11
-15
-11
-8
-10
-11
-11
-9
-11
-11
-9
-9
-11
-11
-12
-10
-6
-2
-4
-4
-2
-6
-4
-1
-3
-2
0
3
1
3
1
3
1
2
1
2
5
4
3
7
6
7
7
11
12
11
12
13
13
14
16
18
21
19
19
17
21
24
23
22
19
15
13
13
15
14
15
10
6
2
-1
-1
-4
-5
-8
-9
-7
-8
-12
-17
-18
-15
-16
-12
-11
-12
-8
-8
-8
-10
-9
-12
-13
-11
-13
-19
-16
-15
-16
-16
-18
-19
-16
-18
-20
-21
-19
-14
-17
-12
-10
-11
-7
-6
-3
-2
-6
-7
-6
-5
-5
-2
-1
0
1
5
10
13
16
16
17
19
15
16
17
17
23
21
21
20
18
22
23
25
22
26
27
27
28
26
27
25
24
22
25
26
24
23
25
23
19
17
13
10
7
5
4
2
3
-4
-5
-3
-2
-2
0
-5
-6
-8
-13
-16
-17
-16
-20
-20
-21
-21
-25
-26
-29
-30
-28
-28
-27
-24
-21
-21
-23
-26
-26
-28
-29
-27
-24
-25
-22
-24
-22
-23
-25
-20
-20
-20
-21
-18
-18
-15
-14
-11
-11
-8
-6
-5
3
4
6
10
11
13
17
18
14
12
11
7
5
8
11
9
9
5
6
4
4
7
5
9
10
12
11
11
14
13
11
13
15
16
14
14
12
12
14
11
13
10
15
17
16
17
18
19
20
20
15
14
11
11
9
5
5
4
3
6
5
7
9
4
3
-1
-3
-5
-6
-3
-1
1
-3
-4
-4
-5
-8
-7
-4
-2
0
0
3
3
4
6
4
3
3
2
-2
-4
-5
-6
-8
-11
-9
-8
-9
-11
-12
-9
-12
-14
-13
-12
-10
-12
-10
-9
-9
-9
-11
-8
-7
-5
0
0
0
0
2
4
5
8
7
6
7
6
5
5
3
2
2
0
3
-1
-2
-4
-6
-4
-7
-2
-2
-4
-3
-2
-3
-5
-5
-4
-3
-3
-2
1
4
4
3
0
-1
-1
0
0
2
2
1
0
2
1
-4
-3
-4
-6
-4
-7
-7
-7
-11
-10
-12
-11
-9
-9
-9
-10
-15
-17
-17
-17
-18
-16
-11
-10
-11
-8
-5
-6
-5
-2
-1
0
2
8
10
11
9
13
14
13
15
17
17
16
20
22
27
26
26
30
30
30
30
30
29
26
25
20
16
17
13
12
12
11
12
9
6
6
1
3
6
4
5
4
-1
-2
-6
-6
-6
-7
-8
-11
-10
-14
-15
-18
-20
-17
-19
-19
-19
-20
-21
-21
-18
-18
-18
-19
-22
-24
-25
-22
-24
-24
-21
-21
-20
-21
-21
-19
-21
-17
-14
-15
-13
-7
-6
-2
-1
-3
-2
2
3
0
3
6
7
8
8
6
7
7
6
8
8
13
12
12
13
13
15
16
17
18
20
20
20
16
16
19
20
21
22
21
22
19
17
16
17
18
14
15
8
10
10
3
6
5
3
7
4
-1
1
-2
-8
-7
-4
-4
-6
-8
-9
-10
-11
-10
-10
-10
-11
-13
-13
-14
-14
-13
-11
-14
-15
-13
-12
-13
-12
-8
-8
-9
-9
-8
-8
-9
-7
-5
-5
-5
-4
-2
0
0
-2
0
0
-1
-1
-5
-2
-2
0
4
2
2
1
-3
-4
-3
-3
-6
-3
-1
-3
-2
-1
2
1
-2
1
4
5
7
8
9
9
8
11
10
10
9
9
9
11
7
6
7
9
10
10
10
10
10
5
4
4
5
5
6
5
8
6
7
6
8
8
7
6
3
4
2
1
0
0
1
2
2
-1
0
1
-2
-3
-6
-6
-7
-10
-9
-9
-11
-9
-8
-9
-7
-5
-5
-5
-4
-6
-6
-6
-7
-8
-9
-11
-14
-14
-15
-15
-13
-13
-11
-12
-12
-8
-10
-10
-10
-12
-12
-12
-13
-11
-10
-8
-9
-8
-4
-4
-1
-1
3
3
2
6
6
6
8
8
8
7
5
8
9
9
11
11
12
11
9
10
8
8
7
5
6
5
6
8
7
7
8
9
11
12
14
15
16
17
12
12
11
13
12
10
10
11
10
9
7
4
3
0
-2
-3
-5
-3
-2
-2
-3
-6
-6
-6
-10
-13
-13
-15
-15
-14
-15
-13
-12
-12
-13
-10
-12
-12
-10
-10
-9
-11
-12
-10
-9
-10
-11
-6
-5
-6
-3
-2
-3
-1
-3
-3
1
0
2
2
1
3
4
8
9
9
8
9
10
8
10
8
13
13
15
16
12
10
11
12
11
12
15
16
14
11
9
9
10
9
7
7
9
7
7
5
5
3
3
2
5
3
2
3
2
4
3
2
0
-1
-2
-5
-7
-6
-9
-11
-11
-13
-15
-17
-18
-20
-19
-18
-17
-15
-16
-14
-15
-15
-13
-14
-11
-9
-12
-11
-9
-9
-9
-7
-7
-6
-8
-7
-6
-5
-3
-4
-3
3
1
5
3
6
7
6
5
5
2
1
1
-2
0
-1
2
2
2
5
6
6
3
4
2
-2
-1
-1
-2
-2
-5
-2
-3
-3
-2
-3
-3
-4
-2
1
2
2
2
1
1
2
5
1
3
4
2
2
3
4
6
7
8
9
10
12
10
10
9
9
8
7
9
5
7
8
9
8
9
9
10
8
8
7
6
5
3
5
3
4
0
0
0
2
0
3
2
2
1
-1
2
0
1
-1
-3
-3
-6
-6
-8
-9
-9
-10
-8
-10
-9
-8
-7
-5
-5
-7
-8
-8
-8
-7
-8
-6
-7
-6
-5
-3
-2
-1
0
0
0
-1
0
2
3
3
2
7
5
6
7
9
9
10
10
9
8
6
6
7
8
9
8
7
6
4
4
3
2
3
0
1
1
-1
-2
-3
-2
-4
-6
-6
-8
-7
-4
-5
-7
-4
-5
-5
-7
-6
-7
-8
-8
-9
-8
-9
-8
-7
-10
-10
-12
-11
-12
-15
-13
-15
-13
-13
-11
-8
-7
-6
-6
-4
-6
-4
-4
-3
-3
-3
-3
0
0
1
3
3
3
3
4
4
5
5
4
5
4
6
8
8
9
9
9
9
6
7
7
7
8
8
8
8
8
8
9
8
11
11
12
11
11
9
10
10
9
8
6
7
6
6
6
8
6
6
6
4
1
0
1
0
-3
-6
-3
-4
-3
-2
-3
-2
-3
-3
-1
-1
-2
-4
-1
-2
-2
-2
-1
-2
-4
-6
-8
-8
-7
-7
-8
-8
-10
-10
-11
-12
-9
-8
-9
-10
-8
-9
-7
-7
-7
-6
-4
-3
-3
-3
-4
-2
-2
-3
-1
-1
3
5
5
5
4
4
6
7
6
8
7
8
5
4
5
4
2
2
3
2
1
1
3
0
-2
-2
0
-1
-1
-2
-1
-3
-1
-1
0
2
0
3
3
3
3
3
1
0
2
0
1
1
0
-3
-4
-2
-3
-3
-5
-4
-2
-1
0
0
1
1
0
-1
1
-1
1
1
1
1
0
2
2
0
-1
-1
1
-1
-1
-3
0
-2
-4
-4
-3
-5
-6
-5
-5
-4
-3
-1
-3
-2
-4
-2
-1
-1
-2
-2
-2
-2
-1
0
2
1
0
0
-1
0
-1
1
2
1
1
2
3
2
3
3
2
4
6
6
6
7
7
7
7
6
5
5
7
7
9
8
9
8
7
9
8
9
10
9
8
6
7
6
4
7
7
6
6
3
3
3
1
2
0
0
-2
-2
-5
-5
-4
-6
-7
-6
-7
-7
-7
-7
-8
-8
-10
-11
-9
-11
-11
-12
-11
-12
-11
-10
-10
-9
-10
-11
-10
-10
-10
-10
-11
-10
-9
-9
-7
-6
-7
-7
-5
-4
-3
-2
-3
-4
-4
-3
-2
-3
-2
-1
-1
0
0
0
2
3
3
2
3
4
5
5
5
6
6
5
5
6
7
7
6
6
5
6
4
4
3
6
6
9
7
7
7
7
9
8
10
9
9
8
9
7
6
7
8
9
7
8
8
9
6
5
4
3
3
2
2
2
0
1
0
-1
-1
-3
-3
-2
-4
-3
-3
-3
-4
-4
-2
-4
-3
-3
-3
-3
-4
-4
-3
-2
-3
-2
-3
-6
-5
-4
-5
-4
-4
-4
-3
-2
-3
-5
-4
-4
-3
-1
0
0
-1
0
2
1
1
2
3
3
5
5
5
6
4
5
5
4
2
3
3
4
4
4
5
3
2
1
1
-2
-1
-2
-4
-3
-4
-4
-3
-3
-3
-4
-5
-5
-6
-7
-5
-8
-7
-7
-6
-7
-7
-7
-8
-9
-9
-11
-11
-12
-12
-14
-13
-14
-14
-12
-11
-10
-9
-6
-6
-5
-5
-3
-3
-2
-2
-2
-1
2
4
5
8
6
6
7
7
8
10
9
10
10
10
13
10
9
11
9
9
7
7
6
7
9
10
11
11
9
9
7
7
7
8
7
6
5
5
5
5
4
4
5
4
5
6
6
6
6
6
8
7
7
6
3
5
1
0
0
1
1
1
1
0
0
1
-1
0
2
0
-1
-1
-1
-3
-3
-4
-6
-4
-5
-6
-6
-7
-8
-7
-7
-8
-7
-8
-9
-9
-7
-7
-7
-8
-8
-8
-8
-8
-7
-7
-4
-5
-6
-6
-7
-6
-6
-8
-9
-8
-8
-9
-10
-11
-10
-8
-7
-5
-5
-4
-4
-4
-4
-2
-1
-2
-1
-1
0
-1
0
2
1
1
2
2
4
6
7
7
6
6
7
7
7
5
5
6
8
7
8
7
6
6
3
4
5
5
7
6
7
7
5
5
6
4
3
2
2
3
3
3
3
3
1
0
0
-2
-1
-2
-1
0
1
1
3
1
-1
1
0
-2
-1
-3
-3
-1
0
1
1
1
0
0
-1
-3
-2
-3
-3
-4
-3
-3
-1
-1
-3
-2
-2
-3
-1
1
2
2
1
1
0
-2
-3
-3
-2
-2
0
-1
0
2
1
2
1
1
2
2
0
1
1
1
0
1
0
-1
2
3
3
3
3
4
4
3
3
2
1
2
2
2
2
2
2
0
-1
-1
0
-1
-1
0
1
0
-2
-1
-2
-1
-1
-2
-3
-4
-1
-2
-1
-2
-3
-2
-2
-1
-2
-3
-2
-2
-3
-4
-5
-5
-5
-5
-6
-6
-6
-5
-6
-6
-5
-5
-4
-3
-4
-4
-2
-1
-1
1
2
3
3
4
3
3
1
1
2
3
4
3
4
4
4
5
3
5
4
4
4
4
6
5
6
4
5
4
6
4
3
3
3
3
1
2
3
3
3
3
1
2
1
1
2
1
0
0
1
0
-1
-4
-4
-3
-4
-4
-2
-1
-2
-2
-2
-2
-3
-4
-5
-4
-4
-6
-5
-5
-5
-6
-5
-6
-5
-4
-2
-2
-3
-4
-4
-5
-3
-4
-2
-3
-2
-2
-2
-2
-3
-3
-2
-2
-2
-1
-2
-2
1
1
-1
0
1
2
3
3
3
4
4
4
4
5
4
5
6
3
5
5
4
4
5
5
6
5
5
6
3
4
3
2
2
1
2
0
2
1
2
0
0
-1
0
2
0
0
1
1
1
0
-1
0
1
0
-2
-1
-1
-2
-3
-2
-2
-2
-2
-1
-3
-3
-4
-2
-2
0
0
0
2
2
0
1
1
