1
1
1
0
0
0
0
0
0
1
0
0
0
0
3
2
2
1
2
2
2
3
2
3
2
2
2
1
1
2
2
0
1
2
0
1
1
0
-1
0
0
-1
-2
-3
-1
-1
-3
-2
-3
-1
-1
-1
-2
-1
-1
-1
-1
0
-1
0
0
-1
-1
-1
-1
-1
0
-2
-1
-1
-2
-1
-1
-2
-1
-1
-1
-1
-2
-1
-1
-2
-3
-3
-2
-1
-3
-2
-2
-1
-2
-1
-1
0
0
1
0
-1
1
0
1
1
1
1
0
1
2
1
1
1
2
1
0
2
0
1
1
1
0
0
1
0
-1
-1
0
0
0
0
0
1
0
1
0
-1
0
0
1
0
1
0
1
1
0
0
0
0
1
0
-1
0
-1
1
1
0
0
2
2
2
2
2
1
1
1
1
2
2
2
1
1
2
2
3
1
1
1
2
2
1
1
1
0
1
1
0
1
1
1
0
1
0
1
0
0
0
-1
0
1
-1
1
1
1
1
1
1
-2
-1
0
-1
-1
-1
-2
-2
-1
-1
-2
-1
-2
-3
-3
-2
-3
-3
-2
-2
-2
-2
-2
-2
-2
-2
-2
-1
-1
-2
-2
-2
-1
-1
-1
-1
0
0
0
-1
-1
0
-1
0
0
-2
-1
-1
0
-1
1
0
0
1
0
-1
1
1
0
1
1
1
2
1
0
0
0
0
-1
0
0
-1
0
0
0
0
0
1
0
-1
1
1
1
3
1
1
1
1
2
1
1
2
2
2
2
2
1
2
1
0
1
2
0
1
0
1
0
1
2
0
0
0
1
0
-1
0
0
1
0
1
1
1
1
1
-1
0
0
0
-1
-1
-1
-2
-1
-1
-1
-1
-1
0
-1
0
0
-1
1
0
0
-1
1
1
1
1
1
0
1
0
0
-1
0
-1
0
0
0
-1
-1
1
0
1
1
-1
0
0
0
-1
0
2
-1
0
1
-1
1
0
1
0
0
-1
-1
-1
-1
-2
0
-1
0
-1
0
-1
-1
0
-2
-1
-2
-1
0
-1
0
0
0
0
-1
1
0
0
0
0
0
0
1
1
0
1
1
0
1
0
1
1
1
1
0
1
1
0
0
-1
0
-1
1
0
0
0
-1
-1
-1
0
-1
-2
-1
-1
-2
-1
-1
-2
-1
-1
-1
-2
-2
-2
-2
-3
-1
-1
-1
0
-1
-1
0
-1
-1
-1
-1
-1
0
1
1
1
0
1
0
-1
1
1
0
2
1
1
1
1
2
1
1
0
1
1
1
0
2
2
2
2
1
2
2
3
3
2
3
3
3
3
3
4
4
3
3
2
3
3
3
4
3
3
3
3
2
2
2
2
2
1
2
2
1
1
0
0
0
-1
-1
-1
-2
-2
-4
-2
-3
-2
-2
-2
-2
-2
-2
-2
-2
-2
-2
-4
-4
-3
-2
-3
-2
-2
-3
-2
-2
-2
-1
-1
-2
-1
-1
-1
-1
0
-1
-1
-2
-1
-2
-2
-1
-2
0
-1
-1
-2
-2
-1
-1
-2
0
-2
-1
-1
-2
-2
-2
-3
-3
-3
-3
-2
-2
-2
-2
-1
-2
-2
-1
-2
-2
-2
-3
-1
0
-1
-1
0
0
0
0
0
-1
1
1
0
1
1
1
2
3
2
2
2
3
3
2
3
1
1
3
2
2
3
2
3
2
2
3
3
3
3
4
3
3
2
2
2
2
1
2
3
2
2
1
2
2
2
1
3
1
1
1
1
2
1
2
1
2
1
1
1
2
2
0
1
2
2
1
2
1
1
1
2
2
2
1
0
1
1
1
-1
0
1
0
0
1
0
-1
-2
-1
-1
-3
-1
-2
-2
-3
-2
-2
-2
-3
-2
-2
-2
-1
-1
-2
-2
-2
-3
-3
-2
-2
-3
-2
-1
-3
-3
-3
-2
-3
-2
-2
-2
-2
-1
-2
-1
-3
-3
-2
-4
-2
-2
-1
-1
-1
-1
-1
-1
-1
-1
-2
-1
-1
-1
-1
-1
-2
-1
-2
-2
-2
-1
-3
-3
-2
-1
-1
-1
0
-1
0
-1
0
0
2
2
2
3
1
2
3
2
3
2
3
3
2
4
4
2
3
4
3
3
2
2
3
2
3
3
2
3
3
2
2
2
3
3
2
3
3
3
2
4
2
3
1
2
2
2
2
2
2
1
1
1
2
0
0
0
0
1
-1
-1
-1
-1
-1
-2
-2
-1
-2
-1
-2
-2
-2
-3
-2
-3
-3
-3
-3
-2
-3
-4
-3
-4
-2
-3
-2
-2
-2
-1
-2
-3
-1
-1
-2
-1
-1
-1
0
0
1
0
1
0
1
1
1
1
0
2
1
1
1
1
2
1
1
0
0
1
1
1
1
1
2
1
1
0
1
1
0
0
0
-1
0
-1
-1
-3
-2
-1
-2
-1
-2
-1
-2
-1
-1
-1
-1
0
0
-1
0
-2
0
0
-1
0
0
-1
-1
0
-2
-1
-2
-2
-2
-2
-2
-3
-2
-1
-3
-3
-3
-3
-3
-3
-1
0
0
0
1
1
1
1
3
3
2
2
3
2
0
2
2
2
2
1
3
2
3
3
4
3
4
3
4
4
4
4
4
4
4
3
3
2
1
2
2
2
1
0
1
1
1
1
0
0
-1
0
1
0
0
-1
-1
-1
-2
-2
-2
-3
-1
-3
-2
-2
-2
-1
-1
-3
-4
-2
-2
-2
-2
-3
-1
-1
-2
-1
-2
0
-1
0
-1
-1
0
0
0
-1
0
-1
-1
-1
0
0
0
0
0
-1
0
1
0
0
-1
-1
0
0
1
0
3
1
1
2
1
2
2
3
3
1
3
2
3
2
2
2
1
0
1
0
1
0
2
1
0
0
-1
0
-1
-1
-1
-2
0
0
-1
-1
0
1
0
0
-1
-1
-1
-1
-1
-2
-2
-2
-2
-3
-3
-3
-3
-2
-4
-4
-5
-3
-3
-4
-4
-3
-4
-3
-3
-3
-1
-2
-2
-1
-2
-3
-2
-2
-3
-2
-1
0
0
0
1
0
1
2
2
3
2
2
3
2
2
3
4
4
4
3
3
3
3
2
2
1
2
2
3
2
2
2
3
2
2
1
2
2
3
4
4
4
4
3
4
5
4
5
3
3
4
5
4
3
3
1
1
1
1
0
0
1
0
-1
-1
-2
-2
-3
-2
-2
-3
-2
-4
-5
-5
-5
-4
-5
-5
-6
-6
-6
-5
-7
-5
-7
-6
-6
-6
-6
-6
-6
-6
-5
-5
-4
-5
-5
-5
-3
-3
-2
-1
0
0
0
2
1
2
3
4
3
5
6
7
7
5
6
6
7
6
7
7
8
8
8
8
8
8
7
7
7
7
6
6
6
5
3
3
2
1
1
1
0
0
0
-1
-1
0
-2
-1
-1
-2
-2
-3
-4
-4
-4
-5
-5
-5
-4
-5
-5
-5
-4
-4
-4
-3
-4
-5
-6
-4
-6
-6
-6
-8
-8
-9
-8
-9
-9
-10
-9
-10
-10
-11
-9
-11
-11
-12
-11
-10
-10
-8
-7
-5
-3
-2
-2
0
-1
0
1
3
3
4
6
5
8
9
11
12
12
14
15
17
17
17
17
18
17
16
17
16
16
16
16
16
16
14
15
13
13
12
12
11
12
12
12
12
11
11
10
9
8
8
7
6
4
1
2
0
-1
-2
-4
-5
-7
-9
-12
-14
-14
-15
-16
-19
-19
-20
-21
-20
-23
-22
-22
-22
-22
-23
-22
-21
-21
-21
-21
-20
-21
-20
-21
-20
-19
-19
-18
-17
-17
-16
-17
-15
-15
-15
-15
-15
-13
-13
-12
-10
-9
-7
-4
-3
1
5
8
11
15
18
22
24
29
31
32
36
38
39
39
39
39
38
38
36
34
33
30
28
24
22
20
18
17
14
12
12
12
12
11
9
9
8
7
6
6
5
6
4
2
1
0
-1
-3
-6
-8
-8
-10
-12
-13
-16
-17
-18
-19
-21
-23
-23
-22
-22
-25
-24
-24
-24
-26
-27
-27
-27
-27
-28
-27
-28
-28
-27
-28
-26
-27
-27
-27
-27
-30
-31
-33
-36
-38
-39
-39
-40
-38
-38
-38
-34
-30
-24
-19
-13
-4
5
15
27
40
51
61
74
83
92
99
102
107
108
108
105
100
94
85
75
66
55
46
34
23
15
8
3
-1
-6
-9
-12
-10
-10
-10
-8
-6
-3
-1
2
6
7
10
11
11
12
12
9
9
6
2
-1
-5
-9
-14
-22
-28
-32
-38
-44
-49
-55
-59
-63
-67
-69
-69
-69
-67
-66
-63
-61
-57
-54
-52
-48
-44
-40
-37
-34
-31
-30
-33
-35
-43
-51
-59
-69
-74
-82
-84
-84
-84
-83
-82
-82
-80
-74
-67
-57
-42
-22
2
28
56
81
109
134
157
175
188
200
207
211
208
202
191
171
151
127
106
87
66
47
29
13
2
-7
-11
-14
-15
-12
-4
4
12
19
29
38
47
55
61
64
69
71
72
73
69
66
58
45
35
22
10
-5
-21
-38
-53
-68
-80
-90
-103
-112
-117
-121
-123
-122
-121
-118
-113
-107
-100
-91
-84
-76
-70
-60
-49
-41
-37
-34
-34
-32
-32
-32
-33
-37
-41
-45
-48
-50
-52
-54
-59
-63
-67
-71
-72
-74
-78
-81
-92
-109
-117
-122
-117
-109
-106
-99
-93
-84
-71
-57
-43
-29
-12
16
49
89
125
162
195
228
261
281
293
292
293
291
290
285
269
238
205
171
138
108
76
48
21
-8
-24
-32
-33
-36
-37
-33
-30
-13
-1
8
16
24
34
46
54
63
72
79
86
92
93
94
86
75
66
55
47
38
21
6
-18
-41
-56
-71
-86
-103
-115
-126
-128
-136
-142
-149
-151
-149
-144
-138
-130
-122
-118
-109
-103
-93
-81
-75
-68
-63
-56
-53
-50
-53
-58
-65
-75
-76
-87
-91
-102
-110
-121
-132
-137
-142
-143
-140
-142
-133
-136
-140
-142
-160
-159
-154
-142
-125
-114
-105
-94
-75
-58
-39
-19
-2
17
44
86
133
173
217
258
293
318
340
353
355
356
357
357
348
323
287
248
200
161
118
84
44
13
-5
-15
-19
-22
-20
-20
-17
-10
6
23
37
56
76
93
118
142
157
161
178
184
191
195
193
182
163
140
122
106
79
48
14
-17
-43
-63
-80
-97
-121
-143
-162
-172
-178
-184
-189
-196
-201
-202
-195
-192
-181
-173
-164
-151
-143
-127
-125
-116
-105
-98
-90
-88
-92
-95
-102
-107
-107
-109
-118
-127
-133
-139
-135
-137
-139
-156
-184
-222
-274
-316
-346
-350
-337
-335
-351
-354
-340
-312
-278
-254
-228
-199
-150
-79
6
96
181
277
368
454
536
587
624
645
650
661
657
634
581
523
449
380
316
242
168
85
19
-35
-73
-98
-114
-121
-119
-108
-81
-59
-30
-8
13
44
78
112
149
184
215
244
270
296
312
313
289
275
260
243
221
184
150
96
47
10
-39
-80
-124
-175
-205
-225
-246
-254
-260
-267
-271
-277
-268
-256
-241
-218
-197
-163
-146
-130
-106
-100
-85
-73
-76
-89
-118
-131
-138
-140
-134
-140
-154
-160
-183
-190
-193
-198
-199
-208
-216
-219
-229
-252
-297
-361
-424
-467
-441
-401
-381
-394
-383
-353
-305
-264
-245
-218
-179
-111
-17
83
192
298
391
484
572
637
681
705
708
720
732
737
706
635
536
444
352
270
184
92
-3
-98
-158
-197
-200
-185
-192
-185
-160
-121
-68
-28
-7
16
47
91
158
218
269
306
332
366
401
428
426
405
378
356
342
310
274
227
170
110
65
15
-32
-81
-151
-204
-239
-263
-285
-313
-343
-363
-369
-353
-344
-325
-312
-305
-285
-267
-254
-256
-252
-247
-236
-233
-224
-221
-237
-237
-234
-235
-217
-216
-230
-253
-267
-256
-246
-230
-221
-227
-221
-216
-203
-187
-192
-217
-259
-320
-378
-397
-377
-343
-320
-329
-337
-318
-282
-243
-216
-206
-172
-117
-26
85
197
303
412
519
610
683
749
800
825
844
862
861
834
774
699
612
522
432
347
241
160
89
26
-16
-44
-57
-65
-46
-30
-2
28
56
80
88
93
107
145
210
263
302
326
343
375
401
402
392
370
345
333
315
287
242
204
160
106
74
21
-47
-122
-198
-251
-305
-350
-399
-451
-495
-533
-554
-567
-569
-577
-563
-540
-510
-465
-437
-413
-396
-364
-324
-282
-246
-252
-261
-257
-266
-260
-263
-267
-267
-281
-294
-297
-283
-279
-300
-316
-325
-314
-294
-270
-260
-263
-258
-235
-201
-166
-152
-190
-249
-295
-298
-247
-189
-166
-159
-142
-97
-46
7
42
53
92
148
210
298
384
467
538
621
689
725
747
754
746
746
760
756
726
668
605
539
479
420
359
303
230
155
112
85
86
93
84
88
118
164
208
244
251
268
288
315
352
381
391
402
413
432
454
456
435
374
316
267
228
175
100
10
-75
-152
-219
-277
-335
-407
-490
-548
-595
-618
-642
-668
-686
-698
-692
-679
-667
-643
-607
-577
-540
-505
-469
-446
-418
-381
-342
-313
-296
-288
-274
-270
-256
-237
-230
-223
-227
-239
-236
-237
-236
-228
-236
-242
-235
-216
-190
-166
-170
-159
-169
-192
-212
-225
-244
-265
-250
-203
-150
-106
-91
-72
-28
27
91
144
204
279
359
446
538
621
694
748
807
852
881
903
911
898
872
855
818
765
677
573
465
361
275
201
131
56
8
-11
-15
-21
-21
-29
-19
-10
12
49
76
83
71
62
65
97
142
176
174
157
153
149
140
131
104
50
4
-26
-54
-93
-142
-184
-215
-248
-282
-326
-393
-450
-497
-526
-520
-518
-535
-553
-591
-599
-571
-533
-498
-475
-448
-409
-341
-273
-214
-157
-126
-111
-92
-67
-32
-11
-9
-21
-38
-50
-58
-59
-69
-84
-90
-98
-93
-97
-109
-116
-112
-105
-97
-101
-99
-77
-46
0
49
92
106
89
52
18
-7
6
32
44
41
27
18
18
38
45
46
51
64
94
151
207
274
343
402
464
513
564
609
636
644
638
631
607
572
517
441
356
284
202
119
48
-13
-71
-135
-175
-192
-201
-185
-184
-175
-146
-121
-97
-70
-39
-18
36
73
94
118
126
150
182
205
219
222
212
188
167
137
94
57
20
-14
-53
-94
-131
-178
-221
-272
-317
-334
-353
-370
-382
-387
-393
-375
-362
-356
-343
-322
-287
-250
-213
-176
-155
-154
-141
-118
-99
-96
-89
-94
-104
-110
-133
-146
-162
-189
-214
-233
-235
-234
-242
-241
-237
-206
-178
-147
-126
-110
-103
-88
-57
-34
7
22
20
4
-14
-40
-65
-77
-75
-62
-40
-37
-54
-56
-64
-57
-51
-59
-41
-12
32
105
185
269
347
419
501
579
631
677
700
698
679
657
640
623
593
542
470
381
305
247
189
124
66
15
-19
-37
-21
-4
-2
1
6
21
37
61
95
106
94
88
90
114
143
171
175
158
165
163
156
150
133
102
72
45
7
-24
-62
-108
-148
-184
-226
-280
-332
-382
-421
-445
-458
-461
-479
-490
-498
-498
-493
-474
-460
-449
-440
-429
-400
-360
-324
-288
-257
-245
-227
-211
-189
-177
-172
-174
-182
-207
-214
-225
-238
-226
-215
-217
-210
-199
-195
-178
-168
-154
-134
-117
-106
-90
-46
13
67
92
79
57
35
26
52
82
117
129
123
125
128
150
191
210
237
259
287
337
388
460
517
574
633
681
733
765
765
749
749
735
712
683
622
567
498
416
333
244
160
66
-7
-79
-128
-152
-170
-165
-155
-146
-124
-108
-99
-74
-53
-22
-5
2
19
40
73
95
106
97
93
84
80
62
57
14
-30
-83
-139
-168
-211
-250
-298
-339
-392
-439
-474
-503
-526
-545
-559
-557
-532
-510
-487
-458
-452
-433
-409
-392
-350
-305
-283
-244
-218
-216
-205
-232
-245
-242
-243
-228
-214
-215
-226
-229
-224
-210
-197
-207
-196
-169
-137
-89
-54
-31
-8
11
39
79
118
160
206
242
278
321
366
381
362
327
296
270
271
283
288
290
274
247
211
201
211
218
231
262
299
322
342
366
411
464
509
594
644
659
650
615
586
548
510
426
319
225
140
72
12
-61
-145
-240
-309
-351
-368
-347
-321
-288
-268
-221
-156
-103
-62
-40
-29
-23
-14
6
27
33
48
49
55
57
44
48
37
30
13
-18
-42
-81
-142
-192
-240
-285
-317
-355
-372
-371
-359
-360
-370
-369
-375
-366
-355
-339
-327
-317
-292
-264
-225
-200
-186
-181
-191
-202
-204
-186
-195
-206
-225
-249
-229
-202
-179
-173
-176
-182
-145
-117
-99
-73
-71
-50
-30
14
49
86
142
175
208
225
231
226
256
296
296
243
136
14
-61
-61
-3
118
233
270
237
137
59
70
110
194
302
419
531
610
615
549
460
400
409
447
493
514
495
435
360
260
109
-58
-217
-325
-354
-329
-279
-241
-248
-265
-301
-322
-313
-254
-179
-61
82
242
345
354
311
256
256
305
349
373
394
413
439
435
374
244
109
26
-3
-1
-5
-65
-171
-284
-390
-474
-554
-631
-655
-610
-536
-438
-369
-327
-324
-338
-311
-243
-152
-28
88
168
222
219
183
109
3
-88
-167
-230
-282
-345
-420
-539
-646
-730
-784
-781
-744
-657
-537
-439
-365
-279
-198
-145
-107
-46
65
185
293
381
416
427
437
447
459
465
480
472
395
192
-93
-436
-615
-530
-287
42
239
246
106
-64
-174
-233
-261
-121
213
616
906
987
874
673
534
437
415
395
452
595
671
628
418
163
-116
-362
-517
-535
-440
-297
-118
-18
5
-33
-94
-130
-123
-6
222
447
619
641
517
345
332
336
292
233
266
324
347
373
302
143
29
47
19
-34
-56
-3
-14
-127
-254
-370
-540
-651
-669
-638
-589
-516
-424
-375
-359
-357
-286
-199
-130
12
148
234
283
269
204
65
-57
-184
-300
-401
-469
-523
-609
-688
-794
-855
-880
-847
-752
-615
-448
-275
-110
3
67
78
66
99
126
171
219
266
312
288
251
196
154
140
151
191
289
375
409
335
99
-276
-604
-793
-754
-461
-35
344
447
349
132
-119
-315
-352
-202
139
591
1015
1240
1218
1101
897
667
504
450
471
549
601
568
434
218
-22
-333
-599
-762
-751
-585
-357
-141
17
119
131
113
144
218
328
440
520
552
576
582
400
94
-185
-171
-173
-169
-39
60
110
102
81
-122
-270
-223
-82
-74
-109
-59
-31
-146
-328
-441
-555
-612
-596
-550
-488
-307
-114
-8
-27
-67
-38
-9
47
106
164
259
320
305
160
-28
-229
-430
-607
-760
-783
-786
-755
-703
-655
-625
-597
-521
-469
-343
-173
27
195
258
310
298
228
169
116
93
57
45
45
34
55
73
75
74
130
182
243
185
-17
-417
-790
-991
-792
-339
145
492
558
492
311
78
-157
-231
-50
381
868
1252
1417
1423
1267
980
693
440
322
324
383
397
376
341
187
-63
-387
-672
-834
-865
-746
-518
-231
4
192
299
318
350
381
417
420
472
464
440
366
364
345
178
28
-79
-99
-155
-120
-104
-134
-86
89
172
113
31
-55
-205
-377
-486
-541
-527
-477
-386
-374
-441
-451
-447
-449
-413
-274
-66
81
203
307
356
359
299
174
18
-122
-196
-246
-369
-497
-629
-784
-917
-1016
-1009
-944
-793
-609
-444
-292
-143
5
93
171
215
247
274
267
326
312
240
129
-18
-70
-115
-102
-75
-2
103
234
357
424
447
300
-7
-498
-911
-1119
-925
-404
141
498
616
616
479
202
-121
-265
-120
354
853
1227
1428
1527
1453
1209
849
497
278
102
6
-51
-31
29
-13
-162
-425
-703
-891
-958
-927
-757
-460
-127
183
397
564
662
657
583
468
415
388
435
442
369
306
360
354
179
14
-93
-100
-68
41
94
181
351
504
448
213
-4
-202
-429
-584
-572
-491
-397
-384
-433
-503
-521
-386
-288
-245
-190
-24
150
247
279
284
274
124
-32
-196
-319
-430
-552
-687
-836
-932
-961
-949
-979
-915
-758
-625
-487
-331
-186
-45
96
193
206
179
148
135
64
-27
-76
-103
-140
-181
-196
-186
-125
-51
49
150
311
488
587
469
110
-410
-881
-1086
-812
-278
291
635
797
804
667
381
-5
-188
-79
358
815
1178
1365
1512
1499
1264
889
444
145
-48
-186
-241
-187
-80
-7
-102
-353
-559
-703
-797
-770
-642
-352
-8
327
588
766
881
905
787
553
356
249
246
266
354
373
347
244
-71
-403
-573
-423
-330
-109
118
387
580
658
489
69
-274
-510
-556
-641
-538
-277
-96
-137
-244
-369
-499
-562
-539
-465
-319
-69
193
328
329
267
190
-24
-274
-456
-500
-513
-559
-588
-685
-732
-767
-799
-854
-819
-631
-445
-293
-139
24
158
238
250
199
185
160
135
115
24
-11
-52
-92
-131
-128
-63
6
39
125
216
347
399
295
-19
-559
-943
-1055
-666
-187
330
587
746
772
603
265
-139
-269
-59
396
793
1056
1188
1300
1248
1018
637
282
32
-123
-201
-185
-110
-46
-53
-188
-351
-472
-573
-621
-608
-445
-202
46
257
418
647
796
898
861
714
533
338
210
163
254
350
437
406
284
144
46
-61
-214
-313
-235
-45
154
360
432
368
150
-158
-496
-768
-879
-761
-585
-447
-309
-203
-162
-135
-112
-119
-121
-82
-47
35
128
234
279
245
113
-88
-264
-510
-725
-893
-1005
-1022
-984
-903
-809
-651
-470
-320
-216
-157
-73
-7
71
142
196
207
197
158
91
19
-62
-166
-254
-307
-273
-164
-29
107
205
306
347
418
412
295
-65
-681
-1195
-1337
-842
-241
302
533
647
661
544
193
-289
-425
-126
462
952
1261
1444
1597
1519
1213
767
402
151
-33
-193
-287
-177
11
110
-59
-332
-577
-728
-785
-751
-554
-257
96
420
655
838
961
987
824
583
397
257
200
251
395
478
516
438
275
67
-99
-187
-271
-222
-73
173
373
471
465
308
12
-349
-662
-835
-810
-632
-429
-293
-245
-224
-244
-303
-367
-384
-329
-231
-67
142
291
347
277
106
-106
-347
-516
-669
-783
-860
-896
-902
-894
-862
-836
-774
-672
-499
-347
-213
-64
17
45
76
80
43
0
4
2
-34
-101
-165
-203
-231
-203
-123
42
214
341
450
392
95
-503
-1067
-1293
-922
-312
177
444
615
783
726
434
-63
-339
-102
489
1033
1369
1545
1652
1579
1267
773
320
57
-28
5
52
246
396
332
31
-367
-642
-806
-865
-853
-651
-212
251
601
720
676
597
590
579
517
509
502
488
395
349
423
527
495
377
252
160
158
170
162
123
138
201
229
192
157
135
-48
-355
-633
-805
-850
-759
-603
-491
-381
-257
-202
-220
-226
-167
-49
89
161
176
167
155
63
-92
-292
-495
-627
-802
-934
-997
-999
-1018
-1101
-1162
-1168
-1039
-843
-566
-282
-52
148
227
203
126
92
46
-52
-151
-201
-133
-30
-1
-73
-193
-250
-242
-137
-42
152
343
400
80
-591
-1134
-1229
-737
-202
190
330
461
551
487
156
-195
-201
218
794
1173
1435
1625
1782
1621
1184
676
363
299
328
392
429
498
429
100
-401
-848
-978
-918
-795
-612
-324
105
513
720
653
497
413
448
544
628
754
852
875
797
680
534
369
272
170
161
220
307
357
337
287
219
124
-22
-190
-348
-424
-416
-393
-407
-480
-609
-769
-890
-892
-727
-457
-224
-112
-10
88
185
245
175
41
-71
-140
-140
-144
-163
-219
-341
-553
-767
-946
-1115
-1248
-1330
-1274
-1114
-847
-603
-454
-314
-184
-45
29
27
29
57
111
136
122
22
-92
-182
-237
-272
-294
-241
-160
-76
51
171
176
-182
-691
-1075
-978
-444
121
490
495
462
320
104
-248
-436
-172
462
1108
1427
1544
1604
1569
1384
1039
705
570
612
716
737
681
631
471
82
-493
-978
-1112
-910
-537
-180
139
357
488
403
235
118
170
400
657
890
1027
1109
1096
899
563
205
-2
-69
-42
32
136
279
411
479
372
99
-187
-365
-472
-480
-387
-295
-292
-338
-421
-566
-810
-1028
-1105
-990
-668
-301
-15
125
182
230
238
185
116
44
-21
-56
-52
-18
-63
-196
-448
-744
-984
-1159
-1220
-1263
-1272
-1164
-979
-763
-582
-450
-371
-274
-154
-43
54
125
277
306
285
216
97
-40
-170
-214
-210
-141
-31
39
-47
-429
-1024
-1459
-1329
-556
315
845
826
588
315
50
-287
-548
-385
219
1015
1482
1551
1437
1239
948
647
462
576
944
1334
1492
1332
1018
615
77
-521
-985
-1086
-824
-390
21
295
388
313
104
-189
-313
-188
168
620
1042
1310
1281
1033
625
263
7
-75
47
259
549
761
774
540
126
-209
-372
-372
-254
-101
28
43
-49
-303
-593
-843
-990
-1007
-935
-712
-486
-280
-132
-127
-178
-226
-187
-104
31
153
301
433
468
357
98
-154
-399
-577
-684
-738
-779
-837
-946
-1102
-1209
-1226
-1157
-1038
-866
-670
-430
-195
-60
-16
-24
-8
65
152
235
284
299
263
150
71
-27
-32
-153
-454
-965
-1399
-1495
-1029
-300
317
550
413
184
-104
-231
-239
112
695
1285
1560
1368
957
605
415
371
489
748
1139
1415
1464
1247
886
564
251
-12
-260
-373
-320
-195
-78
-102
-137
-242
-337
-434
-407
-125
243
646
732
618
429
369
445
505
562
614
726
738
648
450
257
180
159
197
194
232
271
181
-1
-184
-297
-405
-531
-645
-772
-789
-708
-628
-573
-558
-471
-355
-221
-49
122
255
276
200
109
67
133
263
338
298
166
-5
-178
-361
-583
-799
-976
-1034
-1076
-1144
-1134
-1114
-986
-799
-605
-488
-449
-370
-256
-89
16
72
69
39
71
138
242
320
245
94
-129
-363
-742
-1132
-1293
-1018
-398
50
96
-258
-578
-736
-638
-379
56
726
1340
1607
1368
837
475
373
474
647
825
1088
1274
1249
912
480
242
236
338
356
308
209
59
-106
-260
-238
-132
12
148
169
194
200
223
153
66
132
275
530
680
714
615
479
357
316
413
555
710
700
524
297
92
-83
-205
-209
-116
2
16
-149
-473
-803
-996
-1055
-949
-770
-576
-401
-303
-301
-339
-231
7
247
381
400
355
309
244
110
-14
-66
-40
6
-4
-72
-166
-318
-556
-827
-1061
-1150
-1063
-880
-731
-631
-578
-579
-560
-596
-567
-440
-191
27
140
174
194
221
229
120
-171
-568
-859
-881
-591
-107
202
191
-210
-603
-842
-858
-662
-263
244
656
845
764
571
461
618
881
1134
1253
1244
1107
897
688
507
492
473
428
334
161
-27
-256
-469
-585
-516
-238
41
256
302
269
245
266
327
332
417
525
596
540
397
282
193
206
249
326
421
513
580
511
438
380
331
270
188
92
-39
-135
-269
-419
-561
-648
-691
-740
-743
-685
-536
-418
-343
-363
-407
-428
-386
-198
52
353
611
712
635
440
293
185
136
79
-18
-57
-78
-99
-238
-457
-661
-805
-854
-836
-767
-699
-661
-659
-679
-649
-554
-398
-318
-286
-239
-188
-135
-96
-54
-12
40
47
-164
-525
-814
-741
-340
-78
-129
-388
-496
-413
-205
-88
-90
26
216
311
184
46
242
668
998
1062
934
793
692
589
511
522
699
926
920
644
238
-41
-149
-185
-188
-154
-109
-119
-216
-319
-235
49
352
556
604
578
542
414
269
178
245
449
619
640
523
435
417
403
392
434
532
607
557
342
105
-34
-73
-144
-250
-371
-502
-628
-765
-822
-802
-665
-495
-408
-413
-441
-401
-314
-204
-72
46
170
305
364
376
339
285
192
119
35
36
83
43
-79
-347
-568
-693
-708
-710
-670
-636
-645
-645
-691
-689
-695
-642
-524
-376
-237
-158
-214
-380
-504
-516
-419
-355
-250
-220
-267
-437
-563
-448
-165
131
263
202
34
29
186
360
534
763
1000
1091
1024
835
658
524
502
537
571
525
380
204
29
-62
-122
-156
-201
-254
-244
-184
-78
12
51
69
43
49
91
256
467
556
606
585
600
571
545
512
437
445
485
489
443
391
379
392
407
447
423
296
101
-72
-202
-243
-232
-297
-456
-652
-799
-812
-727
-592
-486
-504
-568
-608
-556
-413
-142
116
246
260
225
263
340
418
431
328
175
-5
-141
-194
-203
-153
-99
-99
-247
-422
-541
-604
-615
-638
-632
-598
-567
-512
-498
-452
-378
-312
-306
-358
-366
-289
-132
-136
-254
-234
-53
88
-42
-309
-368
-200
-29
-11
-66
-9
206
397
321
82
9
245
551
694
699
663
645
639
653
654
604
485
302
59
-52
-20
39
9
-93
-137
-129
-170
-272
-372
-319
-125
102
242
278
315
326
364
362
377
408
410
379
294
289
379
418
387
313
269
296
351
389
364
335
283
169
7
-87
-70
-5
-33
-191
-369
-503
-572
-611
-589
-560
-529
-511
-489
-439
-362
-187
-17
90
91
51
47
81
185
328
443
445
336
165
5
-93
-137
-198
-262
-266
-267
-234
-250
-273
-336
-415
-536
-651
-692
-593
-415
-446
-502
-489
-340
-333
-567
-846
-798
-468
-65
-37
-132
-115
173
416
294
143
110
448
725
792
642
573
673
801
825
741
629
457
269
131
87
146
146
47
-125
-311
-423
-538
-642
-658
-513
-381
-317
-365
-395
-294
-161
4
127
256
418
504
501
509
608
758
796
749
705
695
680
585
429
290
220
173
76
-61
-106
-73
-76
-170
-345
-442
-406
-279
-172
-159
-208
-281
-346
-380
-304
-144
0
104
75
23
-70
-179
-198
-132
20
142
212
199
166
136
108
72
50
3
-42
-59
-22
25
5
-70
-170
-243
-293
-306
-323
-360
-357
-376
-413
-512
-572
-606
-556
-399
-351
-416
-478
-329
-137
-105
-228
-305
-225
1
159
133
108
211
417
534
512
485
554
684
737
691
573
507
538
568
519
340
108
-159
-331
-360
-336
-267
-320
-333
-361
-403
-444
-435
-313
-124
18
-18
-95
-79
47
204
281
286
264
264
310
398
446
503
549
521
476
455
480
500
443
333
203
102
36
-46
-188
-338
-459
-534
-551
-508
-431
-380
-332
-315
-304
-307
-242
-153
-66
12
116
204
227
199
107
64
72
87
120
103
51
-34
-129
-170
-199
-223
-246
-242
-202
-125
-80
-114
-194
-312
-328
-250
-151
-47
68
110
48
-73
-254
-438
-482
-405
-352
-474
-635
-602
-296
6
40
-129
-254
-132
49
119
75
150
445
721
738
515
388
462
667
739
658
560
509
523
490
466
412
385
307
170
46
-87
-192
-238
-229
-196
-146
-150
-186
-250
-262
-217
-171
-110
-38
44
119
173
176
182
177
174
220
285
366
406
373
349
313
279
253
233
195
111
19
-63
-161
-254
-359
-467
-545
-578
-539
-480
-474
-484
-565
-653
-662
-556
-377
-206
-69
33
78
58
-15
-51
-32
50
112
154
154
158
179
164
61
-76
-141
-126
-68
-104
-145
-193
-274
-327
-411
-444
-359
-252
-144
-127
-136
-149
-198
-329
-485
-478
-297
-136
-154
-259
-226
-159
-151
-229
-237
-64
189
389
432
474
635
821
855
803
822
935
1042
1015
926
821
776
742
629
473
283
156
57
-27
-124
-242
-318
-375
-333
-286
-244
-230
-237
-183
-132
-77
-35
37
174
210
133
44
35
108
161
173
142
146
256
378
394
307
182
37
-48
-92
-96
-86
-96
-132
-207
-302
-371
-450
-554
-650
-691
-655
-552
-425
-349
-325
-358
-441
-489
-444
-327
-160
-32
17
8
-15
-47
-41
-2
51
66
61
68
55
54
26
41
116
168
142
56
7
-17
-98
-204
-272
-294
-259
-227
-236
-229
-155
-104
-68
-129
-215
-222
-131
-59
-159
-315
-315
-174
-69
-120
-184
-133
21
170
175
157
231
455
617
586
568
710
945
1069
1000
844
704
646
597
524
445
405
381
242
69
-96
-247
-326
-355
-321
-286
-242
-207
-164
-120
-116
-136
-140
-46
99
188
189
162
156
205
235
198
124
93
134
165
167
206
266
262
161
-1
-108
-127
-146
-208
-364
-524
-611
-586
-573
-601
-626
-620
-576
-546
-532
-500
-482
-424
-311
-176
-41
75
134
142
101
38
13
3
18
53
71
71
34
-12
-3
22
28
-22
-77
-95
-81
-60
-66
-102
-109
-61
-32
-75
-168
-254
-309
-345
-294
-173
-124
-213
-328
-278
-70
48
8
-138
-175
-64
31
80
113
275
475
544
476
461
570
770
902
896
860
851
854
778
694
629
580
526
418
284
136
-10
-122
-212
-271
-351
-430
-499
-492
-405
-265
-145
-92
-50
-23
2
14
67
142
258
366
384
341
297
261
234
178
112
64
23
49
95
76
-55
-239
-345
-341
-311
-267
-253
-290
-393
-545
-682
-730
-692
-611
-568
-583
-550
-497
-439
-366
-284
-186
-99
-36
-1
15
55
69
56
76
114
152
150
90
-22
-143
-202
-191
-131
-32
2
-23
-76
-145
-206
-258
-290
-284
-241
-198
-179
-163
-139
-111
-89
-98
-139
-169
-179
-125
-51
-43
-60
-42
40
119
167
174
193
277
380
470
513
576
695
833
898
878
825
799
820
859
833
724
589
457
357
263
174
103
44
-28
-97
-136
-153
-164
-175
-205
-224
-226
-186
-150
-118
-35
56
130
158
162
185
260
319
313
319
263
210
158
64
-7
-51
-9
-14
-114
-264
-407
-480
-455
-408
-396
-372
-353
-339
-379
-478
-545
-578
-540
-474
-417
-369
-377
-369
-351
-328
-328
-350
-313
-235
-149
-92
-38
-13
4
-23
-112
-198
-216
-141
-82
-54
-68
-72
-59
-79
-105
-149
-178
-191
-172
-178
-168
-142
-135
-130
-141
-147
-142
-122
-103
-87
-80
-90
-79
-23
44
52
0
-62
-40
57
124
136
136
197
294
355
390
429
526
659
787
869
903
921
898
851
803
745
676
600
510
427
350
282
186
77
-9
-59
-45
-51
-54
-13
28
65
63
37
26
36
58
37
52
99
200
291
305
246
168
144
101
86
77
61
36
-23
-151
-283
-363
-419
-440
-475
-499
-486
-465
-450
-481
-479
-454
-439
-449
-457
-411
-339
-285
-277
-310
-331
-363
-403
-433
-444
-445
-391
-300
-245
-221
-231
-224
-210
-174
-146
-136
-125
-110
-118
-148
-213
-200
-128
-94
-103
-146
-127
-117
-93
-53
-19
39
87
106
75
38
57
92
108
98
75
17
-5
-13
9
16
5
34
40
57
77
87
126
203
291
366
450
519
562
635
692
774
822
824
790
749
714
665
615
560
527
489
436
370
274
195
128
36
-3
-17
-21
0
13
18
11
-45
-102
-159
-196
-183
-190
-154
-114
-93
-65
-39
-39
-30
-25
-7
18
-5
8
6
2
-54
-129
-193
-264
-304
-320
-319
-297
-270
-284
-266
-277
-279
-300
-351
-353
-338
-304
-282
-292
-339
-386
-419
-432
-465
-489
-462
-370
-257
-187
-164
-169
-176
-182
-211
-229
-191
-140
-91
-90
-142
-134
-63
-50
-74
-147
-186
-173
-117
-59
-48
-42
-25
-39
-63
-134
-152
-147
-162
-177
-181
-128
-57
23
32
33
22
32
65
120
203
329
488
627
689
662
636
680
725
777
857
891
894
885
826
738
656
600
533
470
401
322
244
164
83
-18
-20
19
42
19
-39
-51
-33
15
21
20
10
-32
-62
-96
-77
-91
-86
-82
-88
-95
-107
-81
-77
-75
-69
-75
-75
-75
-85
-105
-139
-138
-156
-203
-266
-290
-275
-259
-257
-289
-314
-332
-321
-336
-354
-344
-360
-385
-437
-471
-462
-418
-421
-436
-443
-431
-397
-359
-346
-310
-262
-230
-185
-142
-126
-147
-168
-186
-157
-73
-13
26
-4
-44
-64
-94
-118
-117
-63
-2
40
35
7
3
13
-12
-28
-39
-27
-19
-8
33
76
115
162
196
219
240
254
266
328
393
425
441
441
452
499
571
671
750
746
718
677
661
638
620
578
504
448
376
300
219
149
94
46
-12
-91
-133
-153
-146
-107
-84
-102
-118
-127
-136
-127
-113
-94
-72
-28
11
46
51
15
-2
-6
-15
-2
32
72
95
100
81
76
55
31
-4
-76
-136
-181
-195
-200
-219
-268
-320
-383
-438
-457
-497
-494
-458
-430
-418
-438
-486
-531
-544
-517
-482
-426
-390
-329
-272
-267
-269
-253
-223
-166
-111
-73
-49
-39
-34
-40
-61
-88
-111
-133
-128
-152
-128
-99
-81
-77
-109
-101
-78
-60
-60
-61
-19
43
86
105
135
183
207
201
202
218
264
291
273
260
261
316
364
404
437
447
485
517
552
599
663
701
683
642
589
547
525
458
385
318
245
199
121
61
-4
-40
-47
-74
-100
-116
-132
-130
-127
-107
-84
-56
-21
-20
-10
-22
-17
-8
-18
10
22
27
28
17
-1
4
19
5
-17
-8
5
-4
-11
-13
-24
-45
-78
-154
-193
-228
-288
-359
-422
-445
-434
-419
-418
-430
-442
-440
-428
-435
-454
-442
-389
-361
-326
-294
-224
-173
-171
-196
-215
-177
-100
-67
-87
-112
-133
-106
-109
-115
-144
-166
-139
-130
-129
-123
-113
-85
-86
-98
-81
-44
19
89
143
202
251
293
277
241
247
268
293
322
326
304
267
225
175
143
144
149
132
98
68
53
123
184
219
216
243
304
351
392
415
426
427
400
380
362
333
332
304
281
274
253
188
110
32
-42
-54
-59
-67
-50
-23
-14
-10
-11
-3
18
-6
-27
-23
2
56
70
75
96
115
134
123
90
66
63
80
80
62
28
-12
-23
-79
-132
-164
-238
-309
-350
-401
-423
-465
-522
-549
-561
-545
-519
-490
-452
-408
-373
-359
-322
-275
-264
-254
-244
-234
-213
-196
-175
-143
-143
-135
-144
-154
-165
-199
-204
-188
-154
-121
-89
-96
-102
-128
-132
-82
-29
26
60
88
101
120
132
163
155
159
163
161
170
175
175
158
159
167
176
187
193
173
159
148
157
178
210
247
292
347
422
471
467
449
411
411
394
380
380
381
396
391
354
288
211
123
60
25
0
-11
6
16
3
-19
-38
-52
-32
-19
-4
-2
2
27
22
18
9
2
8
17
10
27
65
83
86
55
12
-40
-65
-84
-81
-71
-78
-107
-126
-184
-249
-278
-291
-308
-331
-341
-336
-314
-294
-275
-279
-255
-242
-229
-240
-237
-201
-184
-216
-254
-261
-246
-238
-234
-226
-211
-180
-177
-177
-191
-177
-165
-148
-140
-158
-142
-101
-75
-48
-25
-10
2
5
22
24
52
78
108
127
121
115
101
103
118
138
139
142
141
122
120
116
110
107
92
88
64
43
27
33
71
106
131
131
140
148
186
249
294
335
376
386
386
395
377
342
302
267
238
231
219
185
138
76
19
-9
-29
-16
0
21
33
65
74
59
23
-8
-26
-8
29
62
62
57
46
13
-3
-10
-9
-2
19
13
8
-33
-80
-135
-182
-205
-193
-153
-141
-133
-150
-187
-225
-233
-220
-236
-240
-236
-219
-211
-213
-212
-208
-219
-252
-259
-255
-220
-166
-134
-116
-111
-123
-127
-131
-155
-157
-137
-106
-76
-71
-68
-70
-74
-83
-87
-79
-59
-28
-3
8
25
51
76
85
72
46
45
66
100
155
188
217
225
214
210
187
155
96
21
-31
-42
-32
-27
-47
-72
-106
-111
-103
-110
-109
-114
-75
-6
70
116
136
139
134
154
204
274
331
367
403
403
399
373
342
333
303
282
261
243
194
136
94
36
22
10
-17
-31
-36
-18
-16
-42
-97
-117
-77
-55
-11
22
20
12
0
-4
-7
-7
20
52
71
98
114
111
77
27
12
-11
-52
-74
-106
-141
-175
-188
-188
-200
-235
-271
-293
-311
-314
-314
-315
-311
-313
-303
-284
-281
-264
-261
-270
-259
-221
-186
-165
-145
-156
-148
-131
-101
-86
-89
-96
-81
-61
-67
-60
-53
-45
-24
-11
34
67
58
56
67
83
97
97
107
105
59
25
4
-8
-4
-2
-21
-46
-56
-35
-23
-12
-4
6
34
72
112
146
164
198
253
318
382
430
472
485
493
489
465
463
443
426
402
373
363
321
248
152
68
-5
-37
-24
-55
-67
-76
-82
-85
-108
-111
-123
-143
-142
-125
-105
-106
-97
-70
-46
-21
10
26
28
24
4
13
35
62
81
72
58
27
-1
-26
-48
-58
-75
-96
-131
-149
-169
-193
-192
-188
-184
-192
-193
-197
-203
-203
-210
-210
-202
-199
-179
-194
-210
-199
-189
-181
-207
-219
-215
-197
-164
-151
-152
-140
-115
-104
-102
-93
-69
-53
-58
-47
-49
-36
-9
-11
-18
-20
3
5
-4
18
24
34
16
3
-37
-81
-125
-146
-121
-98
-78
-71
-65
-54
-42
-27
-1
21
80
126
175
216
262
316
353
394
428
482
523
537
516
494
476
453
419
379
349
313
279
235
162
100
52
11
-30
-70
-99
-106
-110
-114
-116
-106
-90
-91
-84
-63
-31
-11
-16
-6
8
22
59
101
128
148
149
137
118
103
109
119
101
76
68
55
18
-2
-31
-57
-52
-55
-51
-59
-86
-133
-167
-181
-197
-221
-237
-250
-243
-232
-247
-281
-309
-307
-302
-304
-304
-303
-283
-266
-244
-241
-246
-233
-229
-226
-213
-201
-187
-151
-138
-140
-125
-121
-117
-121
-126
-110
-77
-43
-37
-46
-65
-64
-54
-56
-47
-32
-11
10
16
-6
-29
-45
-42
-27
-16
7
31
51
58
72
93
110
136
161
191
239
270
292
321
350
372
406
405
369
357
355
376
388
376
348
318
286
264
237
195
154
116
85
40
37
64
62
49
18
7
11
3
9
21
39
67
85
91
95
87
92
115
132
151
173
177
158
122
75
24
12
18
8
0
-5
-26
-38
-63
-95
-116
-143
-156
-148
-148
-162
-190
-203
-215
-252
-284
-295
-295
-301
-284
-294
-301
-321
-351
-363
-367
-341
-322
-307
-292
-290
-285
-286
-293
-301
-313
-294
-262
-240
-226
-202
-174
-172
-156
-138
-110
-98
-71
-30
-5
14
27
61
86
98
101
95
95
109
136
150
127
120
119
114
121
129
147
145
145
148
145
138
137
144
141
150
178
189
207
223
247
281
305
318
322
325
332
340
325
312
284
254
240
211
176
141
93
66
58
41
37
29
29
38
40
29
27
57
74
93
98
110
119
110
116
120
109
114
133
139
142
141
122
106
76
56
64
53
27
5
-30
-50
-58
-77
-90
-124
-149
-183
-205
-207
-223
-213
-228
-245
-284
-329
-366
-394
-403
-405
-403
-395
-379
-373
-370
-370
-365
-348
-349
-343
-331
-313
-295
-290
-270
-274
-257
-217
-203
-203
-179
-152
-126
-78
-49
-43
-38
-19
-4
0
20
41
66
80
87
95
99
100
120
134
142
153
152
139
123
117
124
141
143
132
129
128
116
120
123
140
171
192
218
249
278
294
309
328
344
352
341
326
332
341
328
309
275
241
231
177
134
113
86
82
76
84
105
129
134
142
147
149
154
155
156
175
198
199
187
183
172
163
148
124
126
124
106
86
54
32
13
-1
-23
-52
-81
-106
-120
-147
-185
-205
-232
-257
-279
-307
-316
-346
-361
-388
-422
-445
-476
-482
-490
-488
-481
-471
-446
-427
-426
-423
-410
-399
-370
-346
-318
-292
-257
-227
-220
-215
-203
-197
-188
-176
-148
-129
-97
-64
-48
-42
-32
-18
-5
14
27
56
86
114
107
110
123
128
132
141
143
131
135
142
149
160
175
199
214
208
202
189
193
210
222
232
244
235
230
241
253
273
287
318
328
323
323
331
345
350
354
345
327
321
309
297
295
286
260
227
214
201
210
198
178
178
168
168
148
131
128
112
116
115
88
66
66
58
33
16
8
3
-21
-56
-85
-115
-149
-169
-182
-193
-205
-224
-246
-256
-284
-301
-306
-338
-369
-391
-397
-418
-436
-428
-460
-467
-469
-458
-461
-468
-463
-449
-402
-369
-337
-332
-326
-292
-254
-231
-219
-204
-185
-168
-153
-135
-117
-101
-79
-58
-26
-4
14
25
39
67
82
112
142
153
152
143
122
119
137
142
150
166
171
181
188
189
183
182
163
176
167
164
184
169
158
133
107
89
89
96
95
115
144
159
186
216
234
253
278
323
344
358
353
356
345
342
351
333
302
258
239
217
199
184
151
131
124
111
99
71
63
51
28
19
25
29
31
26
12
7
6
-4
-32
-32
-22
-32
-41
-47
-60
-83
-92
-98
-122
-147
-168
-180
-207
-233
-251
-265
-283
-302
-315
-328
-332
-330
-324
-322
-330
-332
-331
-337
-331
-328
-314
-285
-267
-260
-269
-277
-281
-294
-274
-255
-258
-243
-238
-225
-204
-174
-150
-126
-119
-102
-78
-48
-17
-11
-7
-6
-6
5
34
39
60
90
103
123
125
129
125
120
116
116
138
160
190
200
205
215
225
223
209
209
217
251
283
312
340
352
370
386
421
450
448
443
431
418
395
396
380
335
294
246
198
167
138
109
97
74
65
52
40
26
15
10
13
20
28
22
10
-2
-21
-12
-13
-13
-7
-17
-21
-23
-34
-45
-56
-69
-80
-95
-106
-122
-140
-169
-205
-229
-230
-251
-270
-290
-314
-326
-345
-361
-355
-356
-355
-352
-357
-353
-345
-327
-318
-316
-299
-284
-273
-269
-264
-255
-250
-226
-211
-199
-174
-170
-159
-159
-161
-141
-134
-124
-106
-87
-76
-55
-34
-31
-30
-30
-17
-14
-8
3
10
31
45
68
95
111
124
138
142
154
176
207
223
234
251
270
298
317
323
323
323
324
318
317
319
316
332
347
367
384
391
389
373
359
345
355
362
353
339
319
305
285
270
243
208
189
167
144
124
102
82
74
65
60
40
16
-22
-38
-41
-52
-54
-75
-77
-109
-130
-146
-169
-175
-182
-199
-213
-219
-235
-253
-272
-278
-294
-298
-296
-315
-313
-309
-325
-331
-340
-352
-348
-345
-343
-343
-341
-320
-320
-315
-309
-300
-293
-283
-268
-254
-238
-214
-187
-161
-138
-126
-118
-104
-79
-67
-49
-47
-41
-35
-53
-68
-82
-86
-68
-65
-64
-56
-48
-39
-31
-22
3
26
56
77
95
127
155
174
195
221
257
295
325
349
373
409
428
443
459
463
469
474
484
473
450
430
394
362
343
320
315
291
258
244
201
166
124
92
75
42
29
27
6
-7
-23
-47
-69
-75
-64
-39
-23
-11
-12
-23
-14
-13
1
-4
-35
-48
-61
-81
-83
-98
-102
-109
-118
-130
-148
-146
-167
-177
-192
-224
-235
-240
-243
-247
-250
-246
-250
-245
-243
-243
-251
-236
-221
-222
-199
-184
-177
-173
-170
-162
-149
-148
-128
-137
-136
-132
-126
-116
-116
-105
-106
-113
-120
-122
-127
-134
-126
-133
-135
-142
-145
-153
-165
-169
-164
-150
-140
-119
-100
-76
-61
-34
-7
21
55
91
122
150
194
249
303
351
384
413
428
446
461
466
481
483
491
495
488
465
453
421
390
370
338
319
289
267
241
207
170
138
110
94
67
45
12
-12
-28
-37
-39
-49
-61
-78
-79
-80
-86
-101
-90
-85
-99
-100
-99
-105
-103
-105
-121
-114
-119
-133
-132
-150
-156
-159
-168
-176
-180
-173
-172
-173
-175
-190
-191
-196
-205
-199
-197
-186
-179
-178
-187
-194
-179
-166
-153
-141
-136
-127
-113
-98
-88
-75
-70
-74
-81
-93
-89
-85
-96
-94
-99
-98
-97
-96
-92
-110
-113
-118
-129
-139
-144
-134
-140
-150
-144
-142
-129
-105
-79
-55
-36
-14
11
35
58
85
118
157
187
218
260
284
303
313
327
343
355
374
384
378
374
376
366
366
358
344
328
315
300
276
243
222
206
196
199
187
176
156
137
132
123
104
96
85
72
43
39
26
1
-4
-25
-49
-63
-92
-116
-149
-173
-171
-180
-182
-176
-187
-193
-198
-202
-205
-211
-215
-215
-206
-194
-180
-178
-171
-171
-164
-158
-141
-129
-129
-121
-124
-124
-125
-114
-113
-117
-106
-110
-107
-110
-108
-112
-116
-117
-118
-113
-115
-110
-105
-102
-107
-107
-111
-128
-132
-131
-126
-125
-112
-106
-102
-95
-91
-83
-72
-64
-49
-33
-13
-1
11
39
53
65
96
127
146
168
183
213
211
220
236
237
243
235
240
241
239
232
227
221
202
181
184
176
169
169
163
152
147
150
154
156
153
144
134
131
118
111
101
94
90
89
75
55
44
32
13
-5
-18
-40
-43
-51
-74
-84
-100
-113
-138
-160
-172
-189
-194
-211
-217
-217
-214
-217
-212
-211
-202
-186
-184
-159
-139
-123
-102
-94
-85
-78
-59
-32
-11
3
18
27
36
41
39
33
31
43
48
44
41
43
30
18
13
4
-1
-3
3
-1
-1
-10
-29
-37
-51
-52
-65
-67
-61
-60
-57
-66
-52
-42
-39
-16
-13
-2
24
37
45
60
77
100
106
111
117
116
114
113
109
102
83
74
65
52
45
34
33
28
11
-1
-3
-6
6
1
2
3
-1
15
16
20
26
36
42
47
52
58
67
62
59
63
58
56
50
52
50
37
38
29
15
3
-2
-17
-21
-38
-61
-86
-101
-111
-127
-124
-119
-132
-147
-159
-161
-157
-156
-153
-139
-132
-133
-116
-99
-91
-77
-63
-58
-49
-32
-21
-10
-1
8
39
49
56
56
64
61
55
62
64
63
66
68
76
77
77
73
66
56
40
50
51
48
48
47
44
27
21
31
41
37
42
45
56
64
63
62
50
54
68
79
82
84
88
81
75
74
67
64
54
48
32
23
11
1
-14
-38
-55
-63
-71
-80
-98
-99
-110
-108
-107
-104
-93
-91
-81
-80
-61
-46
-32
-16
-7
2
8
1
1
-6
-9
-14
-23
-9
-6
-6
-2
7
7
1
4
0
-4
-19
-19
-12
-14
-29
-37
-42
-52
-62
-71
-71
-72
-81
-77
-78
-84
-87
-88
-85
-80
-83
-72
-65
-61
-46
-37
-16
-12
1
15
26
47
63
78
88
105
113
120
131
125
133
135
135
141
141
144
143
135
130
126
106
98
87
69
56
48
38
32
16
3
-2
-4
1
-7
-10
-13
-22
-14
1
6
23
26
20
18
16
10
10
8
6
13
12
9
-7
-15
-29
-45
-41
-55
-67
-73
-80
-103
-109
-106
-120
-118
-110
-116
-119
-124
-115
-110
-114
-108
-105
-94
-100
-92
-82
-76
-61
-56
-49
-47
-54
-40
-33
-21
-15
-7
7
5
10
15
17
27
22
27
31
30
30
20
23
25
21
20
24
38
31
28
34
25
16
26
22
11
24
26
28
29
22
24
25
31
30
27
39
46
39
48
58
68
77
85
110
114
112
116
125
127
139
149
154
153
150
146
135
135
131
128
118
110
97
88
92
82
71
62
50
31
25
12
6
-1
-9
-21
-27
-43
-51
-54
-63
-75
-86
-106
-108
-110
-112
-113
-119
-118
-125
-138
-151
-158
-169
-179
-177
-176
-175
-174
-175
-182
-190
-201
-197
-189
-197
-185
-188
-195
-190
-179
-166
-153
-148
-134
-137
-132
-122
-114
-103
-94
-74
-52
-34
-14
9
21
42
60
78
91
105
127
149
160
172
181
198
200
198
200
197
201
206
195
189
188
180
177
167
149
139
133
129
122
117
104
93
91
82
71
75
76
63
57
54
50
50
44
43
48
45
60
56
68
87
81
77
74
74
79
72
63
62
63
53
46
35
32
29
14
21
5
-8
-17
-18
-31
-46
-45
-65
-66
-72
-86
-90
-99
-110
-109
-120
-122
-125
-125
-121
-131
-134
-136
-144
-157
-165
-164
-168
-161
-161
-171
-176
-172
-172
-168
-160
-163
-154
-163
-168
-165
-153
-148
-147
-134
-124
-115
-114
-105
-104
-92
-88
-81
-64
-52
-44
-34
-28
-13
3
23
38
42
63
71
86
106
122
144
161
163
170
174
179
184
198
209
200
205
199
181
177
169
160
154
139
141
134
129
109
103
91
75
69
44
38
29
29
29
26
21
19
19
17
22
23
25
30
37
33
39
44
47
62
56
48
57
68
74
76
74
72
75
67
58
45
35
34
35
25
10
6
-3
-10
-14
-22
-29
-33
-47
-51
-57
-69
-79
-91
-94
-124
-134
-137
-148
-151
-150
-154
-165
-173
-179
-180
-184
-170
-163
-156
-153
-151
-154
-162
-162
-166
-155
-157
-152
-136
-133
-131
-128
-115
-112
-106
-76
-72
-61
-46
-33
-19
-11
3
22
42
54
70
81
95
93
101
106
113
126
127
143
154
153
156
169
155
164
179
169
164
175
170
163
147
132
125
109
96
88
82
64
52
39
29
12
-1
3
-5
-12
-7
-11
-12
-19
-23
-12
-12
-2
0
11
24
29
40
50
47
51
60
59
66
68
66
63
62
61
61
43
34
22
24
12
5
2
-13
-21
-35
-43
-50
-64
-79
-85
-96
-106
-108
-105
-111
-112
-109
-110
-117
-124
-135
-139
-153
-150
-150
-144
-142
-141
-131
-136
-131
-137
-125
-123
-123
-107
-111
-108
-101
-96
-88
-77
-63
-56
-48
-39
-25
-14
-6
12
22
40
49
62
69
73
80
88
93
95
98
109
122
117
125
122
117
113
104
100
114
123
124
124
122
123
119
108
114
111
96
91
79
72
68
59
43
36
26
12
2
-3
-14
-16
-12
-9
-3
-11
0
9
5
13
19
14
14
20
34
37
53
63
55
50
45
50
48
44
47
47
38
40
30
28
25
12
21
18
8
-3
-3
-7
-5
-23
-32
-26
-42
-50
-60
-72
-89
-105
-111
-120
-137
-142
-148
-160
-166
-174
-173
-173
-165
-160
-161
-158
-155
-147
-135
-127
-123
-115
-102
-99
-96
-91
-74
-71
-58
-44
-40
-22
-15
-2
9
16
25
25
27
32
30
32
36
50
54
50
52
61
62
63
66
63
61
64
70
70
71
80
81
91
91
91
102
99
112
117
117
124
118
122
125
125
125
122
117
116
120
117
104
99
90
78
58
53
52
47
48
40
34
30
18
5
0
0
-13
-17
-19
-21
-23
-24
-25
-30
-34
-37
-30
-31
-23
-24
-27
-30
-33
-27
-35
-29
-26
-29
-29
-35
-37
-53
-57
-66
-71
-70
-73
-75
-84
-91
-91
-105
-114
-113
-119
-127
-126
-123
-128
-113
-114
-100
-99
-97
-90
-94
-88
-84
-79
-70
-56
-44
-33
-13
-15
-14
-13
-7
0
-1
11
15
19
23
34
32
42
52
45
42
36
38
44
35
42
43
45
41
38
39
45
50
50
59
57
60
61
65
65
63
65
77
81
79
73
79
81
78
80
81
83
79
90
86
84
86
86
89
79
75
68
70
69
68
66
63
60
53
45
38
27
25
20
5
0
-9
-16
-28
-32
-31
-37
-35
-27
-34
-41
-48
-59
-65
-60
-67
-71
-74
-82
-76
-76
-72
-73
-79
-78
-79
-71
-77
-76
-80
-77
-66
-76
-71
-70
-76
-74
-76
-76
-59
-61
-57
-55
-60
-52
-56
-46
-42
-49
-45
-34
-38
-36
-32
-22
-16
-16
-3
2
-5
3
5
7
2
5
9
-5
0
-4
-7
-8
-9
-10
-1
-1
4
4
8
15
10
23
19
18
26
15
20
22
33
50
47
47
46
54
56
58
63
74
67
80
81
78
85
79
94
102
100
114
129
127
133
129
122
120
110
108
110
95
89
87
86
80
77
68
53
48
35
22
12
9
-7
-14
-26
-37
-41
-50
-59
-68
-67
-73
-83
-78
-74
-86
-88
-85
-88
-92
-83
-72
-75
-73
-69
-62
-61
-70
-67
-69
-67
-61
-65
-64
-67
-71
-70
-61
-53
-60
-63
-59
-65
-65
-65
-67
-64
-61
-61
-55
-54
-52
-50
-42
-43
-49
-41
-35
-38
-31
-35
-37
-35
-35
-30
-32
-26
-22
-20
-21
-20
-11
-13
-8
1
8
23
24
38
39
42
46
51
62
62
71
74
77
77
74
74
76
74
75
77
77
79
81
81
79
71
72
75
84
88
90
93
94
103
108
104
98
92
93
93
93
94
89
78
72
60
57
54
40
33
15
6
-6
-13
-13
-28
-40
-38
-44
-45
-54
-49
-55
-58
-60
-64
-68
-78
-74
-68
-63
-75
-74
-72
-75
-72
-72
-68
-69
-76
-75
-65
-57
-50
-40
-31
-40
-45
-43
-40
-44
-35
-33
-36
-42
-36
-25
-35
-28
-26
-27
-26
-36
-27
-25
-23
-19
-21
-19
-17
-11
-5
-7
-7
-7
-9
-9
-15
-16
-20
-17
-11
-4
-6
-7
3
-4
12
6
9
15
10
19
21
27
26
32
37
36
32
30
34
27
27
29
29
20
22
20
13
11
10
9
14
10
13
14
14
21
23
37
45
48
55
59
62
63
66
70
69
69
68
67
62
58
51
48
43
44
41
33
28
28
17
16
9
-5
-7
-15
-15
-17
-20
-22
-30
-31
-28
-28
-31
-30
-29
-29
-33
-25
-24
-23
-26
-32
-28
-41
-37
-37
-36
-27
-30
-33
-37
-37
-47
-49
-53
-54
-46
-50
-53
-48
-53
-53
-46
-44
-43
-40
-32
-35
-31
-22
-20
-23
-23
-19
-23
-21
-14
-8
-7
-7
-2
-2
-8
0
4
7
9
19
31
33
40
45
47
53
56
52
49
52
56
55
50
57
55
48
45
44
48
41
36
35
28
22
21
19
20
12
13
14
7
8
5
8
8
1
2
7
11
12
12
16
19
21
23
26
29
33
26
23
24
16
12
6
8
2
1
7
5
1
-8
-7
-12
-17
-24
-37
-40
-47
-56
-57
-65
-66
-72
-76
-73
-77
-68
-67
-69
-70
-71
-61
-61
-58
-54
-52
-46
-45
-39
-33
-37
-36
-33
-30
-22
-16
-10
-3
-9
-1
3
0
-5
2
2
-2
4
7
18
18
17
18
25
24
30
25
22
29
31
34
39
39
31
39
39
34
36
35
40
45
48
46
46
48
42
44
48
46
48
47
49
47
37
39
36
35
27
31
31
16
18
18
9
6
6
4
9
3
1
0
-2
-13
-3
-10
-15
-12
-14
-17
-19
-21
-16
-16
-14
-14
-12
-7
-2
9
10
19
21
20
23
23
24
21
26
22
17
16
5
-2
-4
-9
-15
-15
-22
-22
-34
-41
-45
-53
-52
-53
-55
-43
-40
-48
-43
-45
-39
-42
-45
-47
-48
-38
-41
-37
-32
-32
-28
-24
-27
-29
-23
-28
-21
-19
-15
-16
-13
-10
-6
-7
-7
1
-1
2
3
7
9
13
6
7
7
4
7
11
16
21
24
36
32
26
36
36
34
41
49
44
33
33
32
23
16
13
10
11
9
9
15
5
6
8
5
5
0
4
8
-4
-8
-2
-15
-15
-10
-18
-16
-15
-6
-10
-7
-5
-2
1
-8
0
11
15
17
15
16
13
9
15
23
27
32
26
26
25
18
17
19
12
12
12
13
14
18
23
23
22
18
13
13
6
0
3
-2
2
7
3
-7
-8
-11
-20
-21
-23
-28
-31
-25
-31
-26
-27
-23
-26
-29
-24
-24
-20
-15
-17
-6
-8
-7
-6
-7
-10
-9
-5
-13
-6
-10
-15
-16
-15
-22
-27
-28
-26
-26
-20
-15
-27
-24
-19
-18
-15
-13
-6
-5
2
-1
11
13
10
8
4
7
6
17
26
22
25
28
29
25
26
28
29
34
32
35
37
38
34
28
22
24
28
12
16
11
2
-5
-8
-10
-9
-3
-10
-8
-18
-10
-16
-22
-19
-19
-21
-17
-14
-6
-3
4
8
9
10
4
14
16
14
9
13
5
5
10
1
-6
-9
-6
-9
-14
-19
-25
-31
-23
-24
-32
-38
-32
-35
-38
-29
-31
-31
-29
-26
-19
-20
-13
-12
-17
-16
-16
-17
0
6
5
18
21
20
27
26
26
32
29
33
31
33
35
35
37
34
30
30
24
27
26
26
30
25
26
26
31
27
24
36
29
24
27
20
14
15
14
8
9
-2
-8
-14
-18
-21
-30
-27
-36
-36
-35
-41
-42
-46
-47
-48
-48
-47
-51
-52
-53
-52
-52
-46
-44
-47
-35
-38
-35
-27
-25
-21
-16
-9
1
7
8
11
11
11
16
23
28
39
45
47
53
51
64
61
66
73
74
74
65
64
66
63
56
51
45
45
37
35
30
20
11
2
-11
-13
-18
-19
-17
-29
-33
-38
-44
-52
-52
-57
-52
-53
-43
-52
-46
-48
-54
-48
-61
-53
-47
-39
-35
-31
-27
-22
-22
-21
-17
-19
-17
-8
-10
-5
7
3
7
12
12
17
19
23
21
26
22
20
25
21
28
28
33
36
26
30
28
25
18
13
19
13
7
6
0
-7
-9
-10
-6
-13
-18
-9
-13
-8
-8
-3
-1
-1
3
-2
-1
-5
-15
-11
-14
-17
-13
-12
-13
-4
-11
-13
-14
-18
-16
-16
-13
-10
-8
-6
-2
-2
6
4
8
9
12
17
26
21
28
28
24
29
21
21
22
29
28
32
30
33
28
30
32
30
30
30
29
30
30
23
20
21
13
9
19
13
11
10
14
11
3
11
6
12
8
9
12
8
1
0
-1
-5
-2
-6
-4
-12
-14
-10
-14
-20
-21
-21
-25
-26
-23
-18
-30
-30
-29
-38
-36
-39
-38
-41
-45
-45
-48
-50
-44
-42
-46
-45
-55
-55
-53
-57
-58
-56
-54
-56
-56
-61
-52
-51
-44
-45
-37
-35
-35
-31
-37
-30
-36
-34
-26
-28
-24
-19
-19
-14
-8
0
3
3
10
5
5
12
23
27
35
42
53
57
56
61
57
65
62
69
79
81
85
92
93
92
104
103
101
101
95
93
90
88
93
83
83
86
78
77
68
65
59
50
54
46
44
38
33
23
20
16
10
11
3
-6
-13
-15
-18
-25
-30
-37
-44
-46
-51
-51
-60
-59
-60
-71
-70
-75
-73
-75
-78
-74
-75
-74
-67
-67
-68
-64
-66
-69
-65
-62
-66
-66
-54
-48
-49
-46
-42
-44
-46
-41
-37
-40
-36
-28
-29
-29
-28
-25
-23
-26
-33
-29
-24
-27
-25
-22
-21
-17
-13
-9
-9
-14
-8
1
4
3
7
9
7
8
11
15
20
26
31
33
33
41
41
41
45
49
45
54
50
57
63
53
53
57
62
61
65
67
66
64
61
62
64
61
56
56
51
47
49
56
50
45
43
37
31
33
30
27
33
25
25
22
14
19
17
14
14
5
2
-4
-10
-10
-17
-25
-26
-29
-33
-34
-41
-44
-49
-53
-55
-65
-60
-58
-60
-53
-54
-54
-52
-55
-59
-55
-60
-53
-52
-53
-50
-47
-47
-42
-44
-39
-34
-30
-27
-28
-28
-27
-23
-29
-23
-21
-23
-17
-15
-10
-6
-10
-5
-3
2
8
4
-2
4
6
2
8
11
6
10
5
9
9
10
14
13
16
8
12
15
24
22
27
38
37
38
43
44
39
40
44
40
43
47
42
45
40
40
30
31
29
27
29
26
24
22
19
15
18
18
19
19
24
25
25
19
27
27
26
33
26
21
21
27
22
17
21
20
18
16
18
12
4
1
-4
-7
-10
-18
-20
-23
-29
-29
-31
-34
-33
-41
-52
-55
-60
-60
-60
-65
-60
-52
-53
-56
-57
-58
-56
-55
-54
-51
-51
-47
-46
-40
-38
-36
-36
-32
-30
-25
-23
-31
-23
-19
-24
-20
-14
-14
-8
-9
-15
-16
-11
-12
-5
-4
-4
-4
-5
-5
-4
2
7
7
10
18
23
22
24
28
26
35
38
43
49
53
58
56
60
58
66
68
65
60
63
66
60
60
61
64
58
56
52
49
41
35
37
31
25
23
22
21
15
15
14
11
10
13
14
10
6
9
8
0
-2
-3
0
2
2
1
2
-2
-7
-9
-16
-16
-12
-18
-18
-18
-24
-25
-27
-37
-37
-43
-49
-48
-46
-48
-58
-54
-51
-58
-58
-58
-57
-62
-60
-62
-61
-63
-65
-60
-53
-52
-51
-44
-33
-29
-27
-19
-20
-16
-18
-6
1
4
11
8
7
6
11
11
14
15
16
19
27
24
25
33
26
28
30
34
32
29
32
33
33
35
34
33
33
35
32
35
38
37
39
36
40
38
39
34
31
29
30
27
24
24
26
19
14
17
15
18
15
19
20
15
10
12
12
12
6
5
2
0
-2
-4
-6
-5
-5
-12
-5
-6
-7
-10
-12
-17
-19
-23
-22
-25
-26
-24
-28
-26
-30
-26
-27
-30
-30
-30
-36
-42
-38
-42
-44
-42
-39
-39
-45
-43
-36
-38
-36
-34
-32
-37
-32
-32
-28
-26
-24
-24
-24
-16
-15
-12
-14
-12
-7
-2
-2
2
-2
5
8
9
12
14
16
15
18
12
14
15
12
17
18
20
26
27
31
33
34
37
39
37
41
39
35
37
35
29
29
26
26
29
28
29
23
23
22
20
17
18
17
16
17
13
12
11
9
10
13
9
11
10
15
11
12
15
18
17
15
18
14
14
15
17
12
8
8
5
2
0
2
7
3
3
3
2
-1
-7
-2
-2
1
-3
-1
-8
-8
-4
-12
-12
-21
-24
-24
-30
-35
-34
-40
-42
-42
-44
-47
-51
-51
-57
-55
-59
-58
-57
-57
-61
-62
-51
-56
-51
-50
-47
-42
-40
-39
-32
-32
-30
-23
-23
-14
-11
-4
-1
3
7
8
14
13
18
28
33
37
37
35
33
34
39
38
39
42
37
37
38
36
41
39
40
43
40
40
41
36
34
33
31
34
28
31
30
26
27
23
22
19
17
15
13
11
7
14
12
4
8
8
2
6
5
1
2
-4
-7
-7
-8
-6
-4
-2
-6
-4
-6
-7
-6
-3
-1
1
3
-1
2
1
-1
-3
-6
-4
-4
-7
-2
-2
-5
-3
-2
-2
-3
-4
-4
-7
-12
-14
-16
-15
-20
-22
-24
-25
-26
-30
-31
-27
-29
-31
-30
-27
-30
-26
-26
-24
-21
-26
-24
-21
-20
-19
-15
-14
-17
-15
-13
-13
-7
-6
-7
-2
-6
3
3
-2
4
4
4
6
9
8
9
13
10
12
12
12
9
8
15
12
11
12
9
10
12
8
9
12
9
10
8
4
6
2
-2
-3
-5
-6
-5
1
1
2
4
5
8
5
2
5
8
11
12
13
18
19
21
21
19
17
15
14
13
12
15
15
19
21
15
8
6
7
7
4
8
10
4
3
5
3
-1
2
6
5
7
9
9
9
5
5
2
1
-1
0
-3
-4
-5
-2
1
-5
-8
-7
-9
-11
-6
-10
-11
-15
-12
-14
-18
-16
-16
-19
-21
-21
-18
-19
-20
-20
-22
-18
-17
-15
-12
-13
-14
-17
-13
-13
-11
-6
-2
2
-1
0
3
1
8
12
14
14
10
11
7
10
5
5
2
3
6
6
5
10
7
3
5
2
2
2
2
1
2
4
7
5
5
2
6
7
6
9
7
5
1
1
1
2
-3
-6
-4
-6
-1
-3
-3
1
0
-4
-2
-1
-3
-3
-2
-1
-3
1
-2
-3
-2
0
5
7
3
3
5
3
1
1
1
2
1
1
2
1
1
1
-4
-5
-7
-11
-9
-11
-10
-8
-8
-8
-9
-10
-11
-11
-13
-11
-11
-11
-11
-13
-11
-12
-12
-10
-8
-5
-6
-2
-1
-1
-3
0
2
0
2
4
5
8
10
11
11
11
9
7
7
9
9
6
6
9
9
9
10
10
7
7
7
9
10
7
12
12
11
10
8
7
9
11
12
11
10
10
8
6
8
8
11
9
9
10
9
11
7
5
5
6
3
-2
-4
-4
-4
-4
-4
-5
-7
-10
-8
-5
-9
-8
-8
-5
-3
-6
-6
-8
-8
-8
-8
-4
-7
-3
-3
-5
-5
-5
-5
-6
-4
-6
-4
-3
0
1
3
-1
0
5
5
3
5
7
8
9
8
6
8
4
1
1
-1
-1
0
-4
-8
-8
-8
-11
-9
-8
-10
-14
-12
-10
-10
-12
-14
-11
-10
-11
-9
-8
-8
-7
-7
-5
-8
-8
-3
-5
-5
-4
-4
-6
-5
-3
-3
-4
-4
-3
-5
-3
-1
-2
0
0
0
-4
-2
-3
-1
-1
-1
-1
1
2
-3
1
-4
-4
-1
1
0
0
2
0
1
2
3
5
6
8
8
13
11
11
13
10
9
9
9
10
10
11
9
7
9
8
9
8
8
7
5
4
4
2
3
2
5
6
5
7
6
8
9
10
10
8
11
12
12
13
14
16
17
15
16
14
11
10
9
4
5
2
-2
-1
-3
-8
-6
-9
-7
-4
-6
-8
-6
-7
-10
-10
-12
-16
-15
-15
-15
-13
-14
-10
-13
-13
-12
-11
-9
-9
-5
-5
-4
-4
-4
-6
-7
-6
-5
-4
-3
-5
-3
-5
-3
-7
-6
-4
-10
-8
-5
-9
-7
-4
-6
-7
-7
-6
-5
-4
-2
-7
-8
-7
-7
-1
0
-4
-2
-4
-5
-2
-2
-2
2
6
6
4
4
3
2
3
2
3
5
5
4
3
2
2
4
5
1
3
2
2
4
6
2
2
2
3
5
2
2
2
2
2
3
4
6
5
6
8
8
10
8
12
11
13
11
9
13
11
11
10
14
14
12
11
9
8
8
3
5
6
5
6
8
6
5
4
2
4
1
-2
-1
-5
-5
-5
-6
-7
-11
-9
-11
-11
-11
-10
-10
-9
-11
-11
-8
-10
-8
-10
-9
-7
-8
-8
-8
-8
-9
-9
-7
-7
-8
-5
-6
-6
-6
-6
-4
-5
-2
-3
-1
1
-1
2
3
6
4
5
8
7
7
6
5
4
7
7
7
11
9
7
7
3
5
4
2
2
1
-2
-2
-2
-2
-3
-3
-3
-2
-3
-5
-5
-6
-7
-7
-7
-7
-6
-7
-8
-7
-7
-7
-6
-7
-8
-8
-9
-6
-6
-6
-3
-5
-2
-1
0
2
-1
0
0
2
3
0
1
3
0
3
5
2
3
3
6
8
9
7
8
5
4
4
1
3
4
4
6
4
7
3
2
2
2
0
1
3
2
0
1
-1
1
1
0
4
4
6
5
5
5
9
8
6
8
5
4
4
4
4
5
4
5
5
3
3
4
1
2
0
0
-1
-1
-1
1
0
-1
-2
1
3
0
0
-1
-2
-4
-4
-4
-3
-4
-4
-5
-4
-3
-1
-2
-4
-3
-6
-4
-4
0
-1
-1
-1
2
3
1
1
-1
-1
1
0
0
4
2
1
2
1
0
-1
1
0
0
1
0
2
1
-1
0
0
0
-2
-2
-4
-3
-3
-2
-1
-2
-3
-3
-5
-4
-6
-6
-7
-5
-4
-6
-4
-6
-7
-8
-8
-8
-7
-10
-8
-8
-7
-7
-8
-5
-5
-8
-6
-7
-5
-4
-5
-5
-4
-3
-4
-3
-3
-4
-3
0
-1
3
0
2
5
4
4
6
5
6
7
7
7
7
8
9
7
5
4
8
11
10
9
9
9
8
6
8
10
9
9
11
9
8
8
9
8
8
9
8
9
9
8
7
4
3
5
6
3
3
2
1
3
2
3
1
0
-3
-2
-4
-2
-1
-1
-2
-3
-3
-4
0
-4
-2
-3
-3
-3
-4
-3
-6
-6
-2
-4
-6
-4
-7
-7
-7
-9
-9
-9
-8
-10
-8
-9
-11
-10
-8
-8
-9
-6
-5
-7
-7
-5
-5
-6
-4
-2
-2
-2
-1
-1
0
0
-1
-2
-1
-3
-2
1
0
3
3
3
5
2
4
4
2
2
2
2
3
2
4
4
3
1
2
3
2
0
1
2
2
1
2
1
1
3
2
3
2
2
3
2
4
4
3
7
7
6
3
7
5
4
4
3
3
3
4
4
3
3
6
6
3
2
3
3
3
2
1
3
1
-2
0
-3
-2
-3
-3
-2
-6
-5
-6
-5
-3
-3
-5
-5
-6
-5
-5
-6
-6
-5
-5
-6
-7
-7
-5
-4
-6
-7
-5
-5
-6
-3
-3
-3
-1
-1
0
2
1
3
5
5
5
5
3
1
4
3
6
5
7
6
5
4
6
5
6
7
3
5
3
4
3
2
2
0
-1
2
-1
-2
-2
-2
-1
-2
-1
-1
-1
-2
0
-2
-2
-1
-1
-1
-1
-4
-6
-4
-4
-3
-3
-2
-4
-2
-2
-3
-1
-2
-3
-2
-3
-4
-4
-3
-4
-3
-2
-3
-1
2
-1
-2
0
0
0
0
0
0
-2
0
1
-1
1
3
2
2
2
1
0
1
2
2
2
4
5
2
4
4
3
5
5
6
8
8
9
11
9
8
10
10
9
7
8
6
6
5
6
5
2
3
3
2
2
1
-1
-3
-3
-3
-6
-7
-7
-7
-9
-9
-9
-9
-8
-9
-9
-9
-11
-9
-9
-9
-8
-9
-9
-7
-8
-6
-8
-7
-8
-8
-6
-7
-7
-6
-5
-5
-2
-3
-3
-5
-4
-4
-4
-4
-2
-2
-3
0
-1
1
2
3
4
6
7
7
7
7
5
7
6
6
7
6
4
5
5
5
6
3
4
4
4
5
4
4
5
5
5
6
6
6
4
3
5
5
6
2
3
6
4
4
4
4
5
4
5
6
4
4
5
4
3
3
3
3
2
0
-1
-2
-2
-4
-1
-3
-3
-3
-4
-2
-2
-5
-4
-3
-4
-3
-3
-1
0
-1
-1
-2
-3
-3
-3
-3
-3
-3
-2
0
-4
-1
-2
-5
-2
0
1
0
0
-2
-3
-1
-1
-2
-1
-2
-2
-1
-2
0
0
-1
-1
-1
-3
-1
-1
-1
0
-1
-4
-4
-4
-6
-5
-5
-4
-4
-3
-4
-5
-6
-5
-5
-5
-4
-4
-2
-2
-2
-1
-2
-2
-3
-4
-2
-3
-4
-4
-3
-3
-3
-3
-1
-1
-1
1
1
2
3
3
4
4
6
6
4
7
8
8
9
9
8
8
7
6
7
10
7
5
6
8
5
5
7
7
6
7
9
6
7
6
7
4
3
3
3
2
4
2
3
4
1
1
2
2
2
3
1
2
-2
0
0
-3
-2
-3
-3
-3
-3
-5
-4
-4
-5
-5
-3
-5
-5
-4
-3
-3
-3
-3
-3
-3
-4
-3
-4
-4
-4
-5
-5
-4
-3
-4
-4
-4
-6
-4
-3
-4
-3
-4
-3
-4
-5
-4
-6
-4
-3
-3
-3
-3
-5
-5
-3
-2
-3
-3
-2
-2
0
-1
-1
-1
-1
0
0
1
1
2
1
1
2
3
2
1
0
0
-2
1
2
3
2
1
1
0
0
0
1
2
2
4
4
5
5
6
6
6
4
5
6
4
5
6
3
5
5
2
3
4
2
0
-1
0
-1
-4
-1
-3
-3
-2
-1
-2
-2
-2
-1
-1
-1
0
0
2
1
2
3
3
3
2
1
0
1
0
1
1
1
0
1
0
1
1
0
0
-1
0
-2
-1
-2
-1
-1
-1
-3
-2
-3
-4
-4
-5
-4
-5
-5
-5
-5
-2
-3
-2
-2
-3
-2
-3
-2
-2
-2
-1
0
1
1
2
2
2
2
3
4
4
4
4
4
4
6
5
5
5
5
4
4
4
3
4
2
3
4
4
3
3
2
2
1
2
2
0
-1
0
0
-1
1
-2
-3
-4
-2
-4
-4
-3
-5
-4
-4
-4
-5
-5
-4
-4
-2
1
-2
-1
-1
-2
-4
-2
-2
-3
-1
-2
-3
-3
-3
-2
-1
-1
-1
0
-1
1
-1
0
-1
-1
-1
-1
-1
-2
-2
-1
-2
-1
-2
-2
-3
-3
-1
-1
-1
-2
-1
1
-1
0
-1
-1
1
1
1
3
3
1
1
1
0
2
2
2
2
1
2
2
0
2
0
1
2
2
2
1
1
0
1
1
0
1
1
1
2
1
1
2
1
2
2
0
0
-1
0
0
0
0
-1
-1
0
-1
0
0
1
1
2
1
2
