-1
-2
-2
-1
-2
-2
-2
-2
-3
-2
-3
-2
-2
-2
-2
-2
-2
-2
-1
-2
-2
-2
-3
-3
-2
-2
-2
-3
-2
-2
-2
-1
-2
-1
-2
-1
-1
-1
-1
-2
-1
-1
0
-1
1
0
0
0
1
1
1
2
2
2
2
1
1
2
2
2
3
2
2
4
3
3
3
3
4
4
4
4
4
4
4
3
3
3
2
3
4
4
3
2
2
2
1
0
1
0
0
0
0
0
-1
-1
-2
-1
-2
-2
-1
-2
0
-1
-1
0
0
-1
-1
-1
-1
-2
-2
-2
0
0
-1
-1
-2
-2
-3
-2
-3
-2
-2
-2
-2
-1
0
-1
0
0
0
0
0
-1
0
-2
-2
-2
-2
-2
-1
-1
0
0
1
1
1
1
1
1
2
2
3
3
2
1
1
3
2
2
2
2
2
2
3
2
3
3
2
1
2
1
1
1
1
1
1
-1
0
-1
0
-1
-1
-1
0
-1
0
0
0
1
0
1
0
0
-1
0
-2
-2
-1
-2
-1
-2
-2
-2
-2
-2
-2
-2
-2
-2
-1
-1
-1
-2
-2
-1
-3
-1
-2
-2
-2
-3
-2
-1
-1
-1
-1
-1
-1
-1
-1
0
-1
-1
-1
-1
0
0
-1
-1
-1
0
-1
-1
1
0
0
1
-1
-1
-1
0
0
1
0
0
1
1
0
1
1
2
2
2
2
2
2
1
2
1
1
2
1
1
1
1
1
1
1
2
2
0
1
1
2
2
3
2
2
2
1
0
1
1
1
1
1
1
1
2
1
1
0
2
2
0
0
0
1
1
2
2
1
1
1
0
0
0
0
0
-1
0
-1
-1
-1
-1
-1
0
-2
-1
-1
-1
-1
0
-1
-1
-2
-1
-1
-2
-2
-3
-1
-2
-2
-1
-2
-2
-2
-1
-2
-1
-1
-2
-2
-2
-2
-1
-1
0
-1
-1
-1
-1
1
0
1
0
0
-1
0
0
1
1
2
1
2
3
2
2
2
4
3
3
3
2
3
3
2
2
2
1
2
0
0
0
0
-1
0
-1
-1
-2
-2
-2
-2
-2
-2
-2
-2
-2
-1
-2
-2
-3
-2
-1
-1
-2
-1
-1
-2
-2
-1
-2
-1
0
-1
-1
-1
0
0
0
1
1
0
0
0
1
1
0
1
-1
1
1
2
2
2
2
1
2
2
2
2
2
2
0
1
1
0
0
1
1
1
0
1
1
1
0
0
-1
-1
-1
-1
0
0
0
-1
-1
-1
-1
0
1
1
-1
0
-1
-1
-1
0
-1
-1
-1
-1
-2
-1
-2
-2
-2
-3
-3
-2
-2
-2
-3
-2
-2
-2
-2
-1
-2
-2
-1
0
-1
0
-1
0
0
-1
0
1
1
1
2
2
2
2
2
2
3
2
2
3
4
3
3
3
3
2
3
2
2
3
3
3
3
2
2
3
3
2
1
2
1
2
1
0
1
0
0
0
0
-1
0
-1
-1
-2
-2
-2
-3
-3
-4
-3
-4
-3
-3
-3
-4
-4
-4
-4
-3
-2
-3
-4
-2
-2
-3
-2
-3
-3
-2
-3
-2
-2
-3
-4
-3
-2
-2
-2
-2
-1
-2
-2
-3
-2
-1
-1
0
1
0
1
1
2
3
2
1
2
2
2
3
3
3
2
2
2
3
2
2
3
4
3
4
4
3
3
2
2
2
1
2
2
2
1
2
1
1
1
2
1
-1
0
0
-1
-1
0
1
1
1
1
1
1
0
-1
1
-1
-1
0
-1
0
0
1
1
0
1
1
1
0
1
0
2
1
0
0
0
0
0
0
0
0
0
1
1
1
0
1
0
0
0
0
-1
-1
-1
-1
0
-1
-1
-1
-2
-2
-2
-1
-1
-1
-1
-2
-2
-3
-2
-3
-2
-3
-3
-3
-4
-5
-4
-4
-3
-3
-3
-4
-4
-4
-4
-3
-3
-3
-3
-3
-3
-2
-2
-1
-2
-2
-2
-1
-1
0
0
0
1
0
1
0
1
1
1
1
1
2
0
1
2
1
1
2
2
2
1
1
2
2
2
2
2
1
3
2
3
2
3
4
3
4
4
5
6
6
6
6
5
4
4
3
3
3
2
2
1
1
2
3
2
2
3
2
2
3
2
1
1
1
0
0
0
0
0
-1
-1
0
0
0
1
1
0
0
-2
-1
-1
-1
-2
-1
-2
-1
-2
-3
-3
-2
-3
-2
-2
-3
-2
-2
-3
-3
-3
-3
-3
-3
-3
-3
-2
-3
-3
-1
-2
-2
-3
-1
-2
-1
-2
-1
0
-1
0
0
0
-1
-1
0
-1
-1
-1
0
-1
0
-1
-2
-1
-1
-1
-1
-1
-2
-1
-2
-3
-1
-1
-1
1
1
-1
0
1
-1
1
1
0
1
0
-1
1
-1
-1
0
1
0
0
0
0
1
1
1
0
1
1
0
1
0
-1
2
1
1
3
2
1
1
0
2
2
2
1
1
2
2
3
0
1
2
1
1
2
1
2
3
3
3
3
3
2
3
3
1
4
3
1
1
1
0
1
2
2
0
2
1
-1
0
-1
-2
0
0
-1
-2
-2
-2
-3
-1
0
0
-1
-2
-3
-2
-3
-4
-2
-2
-2
-2
0
-2
-1
1
-1
-2
-1
-2
-3
-1
-1
-1
0
0
-1
-1
2
-1
0
1
0
-1
0
0
-1
1
2
0
1
3
0
0
3
2
0
2
3
0
2
2
0
2
3
-2
1
3
-2
-1
4
-1
1
3
-1
-2
2
-1
-1
4
-3
-2
3
-4
-2
3
-4
-5
2
-3
-6
1
-2
-8
-1
-3
-6
-1
-2
-5
-2
-1
-7
-2
0
-7
-4
1
-5
-4
1
-1
-4
1
-1
-2
1
1
-2
0
1
-1
1
0
-1
1
1
-2
1
0
-2
-2
0
1
-2
1
4
0
-1
3
0
-1
3
1
-1
5
2
0
5
1
3
3
2
3
3
3
4
2
3
2
0
5
0
-2
4
0
-2
4
0
-3
2
1
-5
3
2
-5
2
2
-6
2
1
-4
4
2
-5
2
2
-3
1
3
0
1
3
1
3
2
-1
3
5
2
4
5
1
3
2
2
3
3
1
2
1
1
-1
2
3
0
1
2
-2
2
0
-1
0
-1
0
-3
0
-1
-1
0
-3
-2
1
-3
0
-1
-3
0
-4
-3
-1
-5
0
-3
-5
0
-5
-4
-3
-4
-1
-2
-5
-3
-2
-5
-4
-3
-4
-2
-3
-5
-3
-4
-4
-3
-5
-3
0
-1
-3
1
-2
-2
1
0
0
-2
1
1
-5
4
3
-4
0
4
-2
0
4
-3
2
6
-3
0
10
-6
-2
11
-3
1
10
0
2
9
1
2
11
1
-1
12
0
-3
11
1
-3
9
2
-2
10
2
-3
7
5
-2
3
6
-5
1
6
-8
1
4
-8
1
3
-7
-2
0
-6
-2
1
-2
-6
-2
1
-7
5
1
-9
2
3
-6
1
7
-8
-2
8
-4
-3
7
-7
-1
7
-6
1
9
-7
-2
10
-3
-1
6
-3
-5
8
2
-5
3
3
-3
-2
7
-7
-4
4
-5
-3
6
-4
-6
4
-2
-11
5
0
-12
5
1
-11
2
2
-6
1
3
-6
-3
8
-10
-4
13
-13
-7
12
-10
-3
11
-10
-7
14
-3
-13
17
-1
-19
22
3
-20
20
6
-20
16
7
-20
15
11
-19
17
10
-18
14
11
-14
7
18
-16
2
16
-12
4
9
-9
7
5
3
-3
0
6
0
-1
3
5
-4
5
2
-8
11
-3
-6
2
7
-8
-6
9
-13
1
9
-14
-2
6
-6
-2
3
-4
-8
10
-8
-3
1
-4
1
-3
2
-4
-2
6
-6
2
0
-2
-1
2
5
-10
1
10
-6
3
3
-7
3
5
-8
2
5
-11
-1
15
-3
-8
9
6
-12
12
3
-13
12
2
-5
3
-3
-3
5
-4
-6
4
0
-10
7
0
-11
3
3
-2
-6
4
-2
-4
8
0
-5
4
3
-5
-1
9
-6
-1
8
-3
-1
6
-2
-1
6
-6
-2
9
-8
-3
9
-2
-7
1
5
-8
-3
5
-7
4
2
-9
-2
8
-5
-6
12
-5
-7
11
4
-4
8
-6
0
17
-13
-3
18
-5
-3
9
3
-1
3
7
2
10
-8
10
15
-18
10
11
-8
7
4
-6
14
-1
-12
8
11
-19
7
10
-19
14
-2
-13
13
-4
-13
8
3
-15
-3
6
-10
3
-3
-18
14
-12
-12
15
-9
-17
14
-7
-14
8
0
-15
12
4
-25
18
5
-20
16
8
-30
22
9
-30
15
7
-22
12
8
-19
10
8
-19
8
10
-26
17
4
-24
16
9
-19
6
10
-4
2
2
-9
12
7
-15
13
6
-8
-1
17
-5
-14
22
7
-16
10
8
-7
13
0
-11
19
-2
-17
27
0
-25
22
11
-29
13
22
-26
8
17
-16
9
5
-9
17
-7
-8
21
-1
-18
14
4
-16
-3
3
7
-16
-9
15
-9
-16
0
13
-11
-21
21
-7
-11
7
-10
7
-1
-12
6
12
-20
0
26
-25
-12
30
-9
-22
22
11
-23
9
27
-23
6
19
-19
20
1
-17
22
2
-19
19
13
-22
7
28
-28
-2
33
-22
-3
29
-20
0
34
-29
0
26
-22
-1
26
-19
-10
32
-14
-15
25
-11
-26
31
-20
-16
31
-17
-19
25
-4
-33
24
9
-45
27
12
-46
31
4
-38
22
9
-39
16
10
-40
15
18
-42
3
37
-47
-9
51
-41
-15
53
-40
-14
49
-33
-11
37
-26
-15
47
-29
-25
60
-34
-28
73
-33
-33
74
-31
-38
72
-19
-53
75
-19
-41
69
-25
-37
76
-33
-46
66
-11
-49
54
-12
-35
49
-24
-28
40
-9
-27
40
-4
-33
33
-10
-30
41
-30
-8
25
-21
1
14
-15
9
-10
-8
12
-13
3
10
-15
-2
19
-13
-7
14
0
-8
19
-12
7
8
-14
11
18
-19
10
13
-19
14
2
-17
25
-1
-21
36
-15
-4
24
-25
16
9
-17
14
17
-26
17
17
-24
10
7
-7
19
-20
8
21
-28
5
26
-16
-7
41
-38
6
41
-41
11
14
-17
5
-4
-8
0
-1
-17
13
-6
-31
47
-40
-16
50
-49
-2
31
-40
-3
33
-49
-1
33
-36
-21
40
-23
-17
25
-7
-15
2
4
-1
-24
22
10
-53
45
10
-44
23
13
-37
22
18
-32
0
23
-23
-2
24
-10
-14
14
16
-35
26
8
-27
9
25
-34
-4
41
-41
-3
43
-33
4
26
-21
1
16
3
-16
21
-3
6
14
-2
11
-10
26
10
-28
35
11
-27
11
24
-22
-4
26
-30
13
30
-38
-9
41
-21
-9
20
-5
-16
30
-11
-32
50
-14
-42
57
0
-45
37
14
-39
7
36
-45
23
34
-72
49
15
-64
41
3
-40
37
-7
-28
15
23
-54
24
35
-65
32
29
-47
16
25
-25
-4
29
-35
1
55
-59
9
39
-31
-21
33
-4
-31
36
-5
-28
30
-11
-27
20
2
-39
9
35
-44
-10
26
-19
-35
31
5
-57
48
1
-51
30
5
-46
15
31
-32
-13
55
-28
-34
53
-26
-12
15
6
-19
18
5
-25
18
33
-57
24
54
-70
29
55
-75
22
75
-95
54
57
-96
50
60
-95
30
73
-80
15
72
-78
29
68
-99
33
69
-92
11
81
-84
2
69
-69
-13
73
-67
-42
90
-39
-64
79
-27
-58
79
-33
-43
62
-7
-81
104
-15
-86
83
-6
-49
27
21
-43
6
51
-70
5
72
-95
20
41
-50
5
21
-5
-46
53
0
-76
77
2
-90
92
8
-92
85
4
-77
64
22
-90
71
40
-105
66
50
-107
76
39
-106
80
37
-84
54
34
-78
71
18
-95
100
14
-107
83
54
-130
51
112
-149
63
104
-182
87
105
-203
105
108
-203
92
105
-192
86
107
-191
73
122
-181
56
105
-159
58
84
-136
44
87
-133
42
108
-157
45
110
-154
49
92
-116
13
88
-117
55
48
-113
61
17
-92
91
-22
-90
102
-1
-91
54
53
-156
108
39
-132
124
-35
-121
185
-97
-51
117
-88
17
56
-69
14
69
-122
57
63
-122
49
69
-118
44
48
-106
53
8
-74
43
22
-110
68
-28
-55
69
-70
-13
62
-65
16
1
-56
64
-45
-26
73
-34
-70
114
-47
-85
145
-95
-34
159
-137
22
107
-130
52
41
-73
33
69
-59
-19
130
-120
47
68
-147
146
-5
-105
139
-42
-28
105
-74
35
46
-50
52
48
-68
79
36
-81
103
32
-118
112
67
-169
150
38
-153
155
-24
-81
102
-20
-58
77
1
-70
51
34
-94
63
3
-51
25
16
-8
-23
15
17
-61
27
63
-166
115
57
-212
134
39
-196
129
-29
-113
86
1
-126
72
47
-216
141
57
-216
144
24
-130
82
-28
-8
-37
33
5
-65
85
-40
-53
81
-51
-28
17
49
-103
46
72
-152
103
15
-128
144
-28
-71
77
6
-52
11
63
-36
-47
100
-55
-19
47
6
-25
9
85
-107
49
20
-93
87
37
-132
95
22
-92
53
30
-114
52
75
-94
16
55
-92
82
-7
-98
135
-68
-22
67
-74
38
-13
-19
41
-36
1
36
8
-69
63
1
-71
96
-17
-71
133
-70
-60
181
-188
68
148
-214
132
68
-220
203
19
-182
153
41
-127
77
84
-143
94
58
-142
137
8
-110
149
-53
-51
109
-66
5
65
-85
84
12
-67
104
-121
53
38
-101
62
-7
-46
84
-70
-16
65
-88
-17
54
-19
-23
73
-99
7
68
-122
78
8
-131
155
-34
-85
101
-105
3
93
-134
18
84
-60
-81
132
-76
-94
137
-50
-89
170
-95
-41
114
-110
-2
91
-53
-61
79
32
-109
74
82
-217
163
97
-235
141
67
-138
110
19
-94
31
98
-139
101
7
-95
136
-89
18
1
-20
33
-9
-30
16
7
-13
-24
71
-100
16
94
-126
56
40
-120
106
-33
-74
91
-70
96
-125
49
90
-209
164
-37
-133
134
-21
-96
40
57
-139
88
66
-228
138
8
-141
129
-72
-29
83
-49
-17
14
-10
-21
62
-3
-25
16
57
-21
-25
56
-4
-9
71
-65
78
3
-62
84
-63
28
11
-13
33
-52
67
-39
51
-14
-59
121
-81
-14
143
-160
78
86
-104
69
-4
-69
154
-49
-135
223
-64
-113
164
-71
-22
51
-55
20
1
-16
13
-4
-71
59
-21
13
-25
-15
68
-22
-48
38
44
-15
-12
47
11
-49
124
-141
64
48
-27
9
78
-81
-2
132
-195
141
-12
-97
113
-37
26
-30
-75
138
-103
-30
70
-23
-8
-6
-45
72
-28
-173
222
-149
-68
225
-215
29
87
-112
35
-21
-5
-20
14
68
-197
149
-20
-185
194
-159
4
65
-32
-60
42
-27
-17
13
-31
35
1
0
41
-76
118
-90
-26
178
-236
127
104
-170
60
83
-172
156
-43
-72
133
-68
-20
77
-63
43
-77
123
-74
-77
223
-209
111
-5
-119
149
-66
-46
130
-123
72
8
-40
46
-43
61
-45
-2
83
-75
-21
127
-97
38
-1
8
-21
38
3
-84
135
-12
-115
84
66
-99
21
76
-57
-21
38
-50
22
-48
-3
90
-119
-15
125
-113
-56
85
-69
-21
74
-80
10
91
-129
81
4
-37
-18
2
131
-175
16
181
-250
126
24
-124
146
-58
-5
-38
94
-16
-80
117
-51
-1
5
82
-45
-105
267
-152
-12
120
-14
-55
72
28
-11
-38
131
-115
13
106
-118
97
-65
71
-29
-33
107
-113
-17
211
-267
120
133
-206
114
70
-185
89
13
-91
119
-74
35
1
-46
58
-146
45
96
-125
46
32
-113
50
23
-102
-5
116
-178
133
0
-226
247
-146
-74
109
-93
65
-95
-9
126
-211
199
-122
-24
117
-137
98
-19
-55
0
108
-84
-7
30
2
17
-3
-11
131
-198
197
30
-214
274
-133
-54
234
-150
-51
272
-258
-1
211
-262
63
223
-243
50
159
-220
47
73
-114
41
119
-146
59
116
-225
126
-70
20
16
-54
188
-248
119
85
-268
233
-76
-51
179
-160
8
105
-90
-105
170
-95
33
40
-66
97
-41
3
-66
97
-14
-48
115
-25
-92
140
-150
70
49
-81
97
-1
28
-79
68
-35
-62
165
-110
-11
270
-373
259
24
-287
265
-13
-200
257
-38
-225
212
20
-218
108
127
-242
196
48
-266
151
121
-241
109
70
-120
-11
189
-181
-33
134
-139
56
19
-67
16
65
-77
-56
201
-166
33
70
-90
51
26
-94
-39
101
-6
-157
97
28
-263
285
-126
-193
231
-99
-136
174
-49
-167
211
-66
-172
250
-127
-17
109
-36
-121
125
23
-108
54
75
-91
121
-15
-155
263
-127
-122
330
-204
-55
249
-229
104
56
-121
101
-9
-58
1
134
-174
74
21
-52
16
118
-187
16
135
-54
-105
89
31
-186
227
-144
-77
186
-63
-173
264
-126
-124
319
-299
61
151
-167
94
12
-117
177
-98
-20
42
9
-11
49
-75
76
-24
-94
159
-131
30
152
-90
-39
112
-116
87
-4
-111
206
-27
-110
178
-77
-84
64
120
-197
107
152
-233
224
-128
6
175
-305
285
-37
-123
227
-259
142
-80
26
36
-116
216
-176
1
276
-484
286
65
-327
323
-146
-27
40
-13
-68
-70
184
-195
0
154
-192
23
42
-51
-25
-10
115
-167
-17
223
-232
-35
216
-179
-26
226
-193
45
142
-138
14
44
9
-41
51
33
-48
-67
195
-144
8
63
-29
25
-14
53
-94
73
11
29
-55
36
17
-26
-15
128
-204
201
58
-205
142
-44
-2
14
14
-65
38
111
-176
4
133
-166
4
64
-89
90
-112
30
-47
-28
101
-70
7
27
-46
64
-29
-95
165
-177
197
-44
-157
197
-74
-49
18
53
-2
-70
45
-20
-113
183
-166
22
152
-147
37
107
-163
81
1
-14
107
-213
213
-44
-84
89
-36
17
15
53
-51
43
47
-157
148
-65
-11
104
-29
16
5
29
-155
192
-98
-55
138
-82
8
-4
-100
190
-223
69
80
-192
238
-152
-54
139
-102
-42
130
-141
47
13
-21
-72
49
-42
-50
79
-65
39
-18
24
-106
58
-3
-1
-19
47
-78
86
39
-150
69
68
-16
-30
28
69
-72
36
4
-29
86
-24
1
60
-102
73
30
-71
1
112
-82
21
95
-167
96
70
-101
82
58
-112
78
8
-47
47
-10
-19
54
-1
-98
23
93
-96
40
46
-63
4
90
-71
-67
88
62
-115
75
7
-43
-38
28
2
-61
147
-46
16
50
-171
185
-62
-55
91
-10
45
3
-91
84
-69
-23
122
-58
-73
108
-61
-136
127
-59
-154
172
29
-222
120
-35
-212
134
130
-394
348
9
-417
460
-265
-211
348
-153
17
36
-40
32
-166
196
-145
-32
196
-167
210
-63
-109
139
-99
68
-3
105
64
-295
308
12
-258
184
5
-58
133
-89
-41
81
-124
56
54
-111
170
-92
-85
161
-151
84
2
-25
-5
68
2
-93
53
-25
45
-38
-19
-17
101
-65
4
-27
1
38
-133
127
81
-191
156
16
-167
179
-128
31
49
80
-76
28
-17
-15
28
-79
64
0
37
-44
33
40
-34
-50
127
-143
231
-143
2
139
-164
103
10
-64
35
53
-13
123
-177
132
-136
133
-20
-75
153
-20
-54
126
-22
-143
157
-17
-77
131
-51
-16
12
-70
82
-156
82
-71
11
185
-365
150
35
-228
171
-99
67
15
-188
196
-85
-145
127
-63
46
48
-178
214
-120
-57
47
-6
-40
31
-10
19
80
-38
-140
142
-11
-101
111
27
-10
-32
-45
-40
97
-62
46
-31
37
-2
-92
72
-155
82
47
-68
76
6
-68
-2
-88
66
37
-61
-21
71
25
-193
78
70
-180
74
48
-75
164
-92
-99
41
-8
113
-133
59
7
-74
157
-99
-113
127
-20
-69
147
-107
40
142
-150
-8
72
15
-11
79
-24
25
82
-94
35
22
-54
80
77
-46
99
-41
-45
9
61
-57
55
-46
142
8
-113
123
-90
-73
156
3
-127
186
-132
45
-20
-49
19
12
-3
37
-8
115
-112
-122
130
-27
-23
48
70
-55
54
-3
-69
-8
2
1
122
-3
-54
19
-50
-81
51
81
-103
70
-41
-71
87
-175
1
55
-149
196
46
-168
45
-53
-69
100
-17
-39
111
87
-279
208
-22
-300
276
-99
-63
190
-16
-86
-7
-102
-16
155
11
-112
169
14
-232
104
-2
-86
19
62
72
-68
173
-141
-214
203
-93
-20
272
-140
39
30
-203
24
33
-21
-68
183
-46
-43
82
-207
-48
116
37
66
15
7
-89
-54
28
60
-6
29
128
-122
67
127
-266
66
17
-181
299
68
-263
145
-172
-230
207
-34
-34
154
-137
-105
194
-157
-11
-38
-10
102
75
19
2
-105
-66
144
-25
113
101
-95
62
0
-79
41
39
-144
83
66
6
77
-137
-101
-26
122
59
77
79
-33
-56
35
-2
-18
101
-40
-18
229
-77
-55
28
-56
-57
145
83
-18
35
-59
-111
-27
80
30
-15
111
-47
-61
145
-217
-64
71
-23
62
69
7
-106
-96
-142
-74
120
83
20
-37
-65
-151
-104
55
-15
-30
114
-6
-16
30
-113
-175
7
-12
207
49
-5
-66
-96
-38
-24
106
215
21
-16
135
-103
-42
17
-72
54
219
18
109
-26
-260
-52
149
-68
132
159
-153
43
-11
-140
79
-29
-17
82
-59
-67
16
-159
-60
14
-64
78
115
-79
-13
-180
-78
26
-35
160
37
-34
40
-230
58
51
-191
120
-103
115
90
-91
-50
-110
-19
84
-6
73
80
-106
25
88
-20
100
24
-56
102
83
11
12
-113
85
-30
-1
78
-23
-64
-40
-86
88
56
18
-9
-84
76
-88
-66
76
-23
-83
140
-77
79
103
-124
-36
116
132
132
154
-36
1
77
-19
176
180
-28
24
32
-103
-1
-97
-125
38
-28
9
-105
-155
-154
-161
-48
-37
111
25
-96
7
-31
-21
119
88
65
151
76
-6
72
-5
-123
81
29
-20
151
-117
-119
-62
-150
120
77
-126
-7
-129
-158
-10
-76
-54
-14
-79
57
32
-83
-14
-104
-19
145
27
74
104
-61
148
50
9
206
8
-24
96
48
94
25
-38
-35
-22
98
41
51
9
-67
4
23
97
73
36
-1
-48
97
75
38
-36
14
-58
2
49
-61
-55
-78
-18
-21
-20
37
-124
-170
-114
-264
-282
-181
-277
-262
-77
-332
-284
-354
-520
-418
-401
-246
-182
-90
-148
-223
-187
2
109
323
484
394
440
551
489
584
830
713
751
735
606
537
361
281
346
256
206
133
-165
-258
-314
-388
-293
-292
-384
-386
-446
-456
-367
-301
-133
-114
-135
81
78
171
307
285
381
544
439
292
30
-356
-464
-7
626
818
51
-1227
-1666
-1389
-797
-429
-531
-441
-358
-830
-1473
-1704
-1007
401
1212
910
80
-251
14
507
1028
1266
1479
1626
1327
615
132
175
635
1006
828
449
97
-251
-580
-980
-1105
-416
143
148
-560
-1459
-1558
-1211
-732
-70
283
61
-363
-846
-740
-96
511
707
748
701
655
511
287
520
878
1316
1351
1072
711
380
203
358
674
818
673
158
-292
-563
-526
-257
-150
-239
-337
-820
-1043
-797
-650
-527
-369
-410
-353
-274
-374
-314
-206
-34
181
302
135
-181
-735
-819
-192
481
653
-148
-1069
-1376
-1080
-683
-571
-432
-219
-178
-683
-1330
-1416
-664
491
1031
754
141
-139
125
708
1036
1263
1611
1562
1183
622
254
556
1133
1324
995
496
117
-102
-256
-458
-383
-94
179
-65
-754
-1213
-1237
-878
-372
-23
-20
-167
-696
-864
-460
130
719
629
314
323
332
436
773
822
972
964
678
492
497
550
626
552
319
189
-74
-161
-217
-220
-77
-171
-356
-541
-753
-670
-393
-170
-19
-67
-315
-315
-326
-300
-492
-771
-354
364
768
353
-901
-1756
-1428
-606
-23
-92
-344
-393
-803
-1531
-1871
-1135
342
1268
740
-675
-1391
-836
430
1360
1417
1043
696
440
289
320
596
1215
1557
1184
423
-251
-214
102
352
315
267
335
51
-545
-1115
-970
-243
355
318
-204
-712
-913
-709
-276
221
612
439
-58
-254
-80
400
758
759
718
645
458
298
357
722
966
869
443
31
-108
51
267
340
208
-209
-565
-734
-564
-278
-161
-286
-548
-725
-803
-690
-386
-56
76
-53
-197
-269
-228
-185
-115
-4
56
235
219
55
-243
-726
-752
-290
53
-5
-457
-808
-702
-629
-719
-696
-265
311
402
-225
-873
-600
298
1078
1164
717
250
106
348
737
875
966
877
552
274
0
73
387
523
453
102
-300
-259
-154
-100
-144
-196
-75
-141
-440
-550
-320
-24
122
-63
-128
-163
-290
-199
68
386
672
392
-193
-144
141
508
755
568
441
295
27
62
348
541
521
227
-154
-272
-212
-120
-35
-99
-176
-388
-633
-570
-427
-317
-237
-381
-363
-308
-369
-268
-201
-79
81
13
4
-4
-67
-102
-71
164
369
306
16
-303
-427
-161
-108
-176
-187
-257
-294
-371
-680
-652
-366
-78
116
-165
-497
-423
-159
252
533
326
128
115
118
240
411
449
450
339
175
146
189
311
337
160
88
97
190
283
141
-28
15
137
246
231
117
105
58
24
62
127
253
218
144
160
149
131
87
24
28
112
273
268
74
-72
-203
-204
-3
246
244
-19
-307
-399
-246
-23
97
-24
-129
-255
-332
-244
-151
22
39
-150
-182
-225
-173
-181
-173
-26
41
21
-128
-227
-276
-160
-62
-22
-16
-93
-182
-231
-169
-105
-126
-117
-126
-230
-220
-297
-308
-156
-148
-151
-163
-184
-174
-136
-145
-23
193
258
216
39
11
99
225
336
374
365
269
260
227
267
333
288
373
369
277
294
142
59
156
188
268
340
142
-89
-225
-87
195
294
99
-109
-142
-25
75
64
-7
-20
64
54
36
-76
-95
-30
17
125
-20
-130
-146
-215
-84
-35
-8
17
-100
-243
-254
-221
-50
87
-9
-155
-264
-202
22
113
-19
-56
-46
18
68
-43
-179
-174
-117
-43
-35
-180
-279
-311
-333
-242
-225
-192
-140
-255
-277
-327
-289
-110
-59
-91
-96
-155
-149
-42
29
133
107
66
92
76
91
235
302
290
285
191
172
252
307
381
373
324
276
195
283
299
333
328
210
151
170
232
185
194
234
138
83
-9
-82
32
72
35
8
-53
-130
-121
-120
-55
-36
-176
-168
-135
-89
-87
-199
-287
-230
-162
-133
-175
-240
-165
-217
-223
-169
-193
-106
-138
-143
5
-53
-69
-113
-171
-27
73
131
148
6
-164
-160
-44
127
190
43
-66
-105
-79
-7
-39
-25
9
-28
-51
-40
-83
-26
-17
-31
85
63
49
51
-26
38
128
119
88
-30
74
217
148
113
28
-83
11
126
132
123
100
-42
-51
50
11
36
-1
-19
-40
-43
53
78
52
-8
-49
-53
103
122
23
-16
5
82
167
198
80
48
74
151
199
141
90
12
35
84
63
56
-36
-42
5
-74
-75
-63
-85
-38
-64
-55
-5
-59
-46
-56
-122
38
74
-53
-54
-175
-147
-9
-91
-186
-299
-375
-207
-125
-247
-290
-386
-318
-87
-87
-133
-191
-223
-83
43
90
54
6
-7
139
228
263
239
134
139
180
198
255
242
147
177
151
143
182
86
18
-2
-34
38
76
3
-32
-79
-151
-110
-69
-26
-21
-84
-110
-68
-26
34
47
-23
-8
-5
-13
-25
39
116
116
96
47
5
-4
29
120
211
181
42
-20
-6
84
171
117
100
134
16
-31
24
61
170
150
31
-34
-122
-114
-37
32
72
15
-89
-158
-201
-216
-146
-54
-39
-141
-324
-380
-292
-189
-189
-254
-281
-220
-163
-226
-255
-197
-88
20
71
32
19
25
72
206
238
274
247
207
306
324
263
269
247
287
271
188
100
9
32
37
64
96
-33
-129
-229
-293
-178
-122
-81
-103
-190
-261
-282
-197
-108
-71
-62
-35
-19
-14
-31
-10
51
187
271
233
173
93
95
140
185
317
326
263
147
27
89
177
225
168
129
24
-79
-61
-39
48
112
17
-63
-117
-165
-113
-125
-117
-23
-86
-181
-224
-331
-276
-210
-184
-157
-196
-262
-333
-395
-360
-197
-182
-160
-148
-261
-249
-218
-162
-3
91
74
102
50
72
190
178
236
290
263
285
249
223
250
202
197
245
236
197
85
45
-6
-26
11
-73
-64
-39
-133
-200
-215
-169
-134
-54
-60
-124
-116
-200
-154
-38
71
141
126
-5
-62
23
119
237
292
278
199
110
99
144
194
269
279
217
182
96
95
149
211
280
251
94
28
-36
-60
71
117
128
54
-74
-167
-143
-43
18
31
-57
-121
-170
-163
-154
-186
-217
-209
-203
-161
-200
-337
-371
-371
-245
-140
-128
-181
-267
-300
-245
-137
-45
71
49
-23
-52
-100
34
167
128
114
78
18
3
6
9
64
110
26
-14
-9
4
-72
-136
-138
-116
-15
-15
-101
-132
-133
-145
-70
-24
10
53
15
-28
-12
31
92
208
241
192
132
126
185
260
280
254
237
246
245
251
253
219
266
242
198
202
146
148
149
127
104
119
81
13
-2
48
93
120
38
-67
-45
-13
-9
-9
-34
-89
-32
-17
-87
-173
-276
-308
-248
-216
-217
-307
-420
-450
-485
-412
-304
-217
-196
-283
-366
-346
-237
-108
-36
-67
-76
-54
-13
27
44
71
106
100
96
89
68
85
94
71
94
109
121
103
24
-26
-25
52
126
95
28
-51
-54
-6
-11
-3
35
38
23
24
11
25
66
131
166
153
140
144
151
153
183
226
244
247
239
173
210
262
290
275
184
136
113
150
201
186
140
79
27
2
-2
35
89
72
18
-33
-20
16
22
-16
-70
-90
-70
-31
-84
-160
-226
-246
-221
-172
-172
-204
-264
-339
-373
-386
-298
-233
-242
-273
-315
-318
-266
-257
-236
-201
-196
-166
-167
-179
-175
-146
-138
-78
-13
-26
-51
-61
-70
-61
-4
54
106
92
43
21
38
82
141
173
191
179
126
114
96
122
187
179
173
203
202
201
193
169
166
191
209
269
263
224
242
194
182
194
162
214
258
250
163
64
84
124
160
135
45
-12
26
50
62
36
-63
-125
-118
-97
-53
-52
-124
-145
-187
-186
-138
-119
-97
-153
-274
-236
-188
-155
-123
-184
-180
-142
-141
-154
-178
-215
-185
-133
-98
-78
-94
-95
-100
-138
-100
-37
-54
-25
-66
-99
-27
-42
-30
34
9
45
61
9
25
26
20
75
113
131
103
62
51
43
83
128
135
131
95
48
72
73
58
64
50
65
66
42
13
40
40
50
26
21
71
55
35
26
3
41
86
65
93
53
38
87
71
66
68
12
12
90
122
150
152
51
9
33
42
137
201
127
47
-47
-72
17
101
117
78
4
-60
-58
-49
-25
12
-15
-33
-69
-154
-148
-171
-179
-171
-182
-171
-207
-245
-271
-268
-251
-236
-223
-237
-244
-258
-256
-220
-181
-156
-153
-149
-143
-142
-123
-122
-104
-91
-74
-27
-24
-54
-53
6
34
87
104
82
99
97
119
144
148
183
163
130
166
190
203
237
212
178
193
167
176
195
194
224
215
199
167
144
154
155
158
167
183
136
113
79
36
82
114
105
120
63
-16
-18
-5
76
120
77
32
-20
-45
-8
29
49
76
15
-31
-44
-60
-36
-42
-76
-94
-117
-95
-116
-191
-201
-201
-188
-157
-198
-251
-239
-238
-227
-215
-248
-242
-223
-195
-170
-195
-228
-234
-210
-155
-123
-150
-138
-127
-123
-65
-23
-8
2
-28
-19
32
85
118
99
68
63
69
79
123
142
161
152
132
133
148
184
204
201
200
189
182
177
143
158
208
225
225
170
99
81
91
101
118
103
70
63
79
51
-13
-45
-16
29
52
34
-24
-67
-55
-10
21
75
69
-2
-69
-96
-35
30
33
-6
-70
-85
-75
-33
-34
-62
-85
-97
-89
-79
-79
-110
-135
-119
-116
-151
-171
-172
-140
-157
-201
-204
-177
-173
-155
-176
-187
-145
-144
-168
-163
-166
-126
-85
-102
-82
-72
-53
-29
-48
-29
-22
10
93
122
121
102
59
49
82
140
196
206
155
86
85
125
183
206
204
187
193
208
215
184
171
188
185
213
199
152
126
135
114
136
168
149
140
60
5
28
35
73
56
2
10
-26
-24
-19
-34
1
-7
-41
-54
-84
-86
-70
-52
-57
-76
-97
-140
-130
-91
-85
-78
-103
-136
-123
-111
-102
-86
-92
-83
-116
-142
-116
-119
-102
-99
-137
-133
-96
-94
-94
-126
-155
-132
-68
-52
-99
-133
-163
-111
-55
-69
-77
-102
-66
-40
-57
-65
-37
19
37
25
6
32
38
63
63
66
87
74
75
67
76
114
149
121
106
111
85
104
123
108
110
70
68
96
90
84
67
40
23
37
57
82
109
112
78
64
68
93
115
124
133
118
110
111
117
137
129
108
74
64
82
76
64
27
-17
-8
4
2
-33
-66
-106
-93
-75
-84
-96
-166
-176
-189
-165
-118
-110
-101
-124
-187
-208
-141
-122
-112
-106
-148
-135
-130
-153
-134
-88
-65
-50
-85
-102
-106
-70
-32
-13
10
-45
-84
-90
-60
2
50
68
38
16
-8
9
87
132
128
104
73
70
103
126
141
125
115
116
100
82
56
54
96
94
104
91
39
56
34
22
16
27
62
75
54
11
-8
28
87
80
54
33
9
7
15
10
34
65
53
0
-24
-23
-4
23
18
15
2
15
-1
-32
-27
-24
0
9
-31
-76
-84
-72
-55
-71
-85
-79
-81
-98
-103
-110
-94
-54
-45
-30
-63
-106
-94
-88
-67
-38
-27
-60
-108
-137
-112
-46
-25
-3
-65
-115
-98
-96
-65
-36
-78
-101
-74
-78
-24
-9
-21
1
8
21
57
87
105
109
69
84
119
144
171
155
119
119
124
134
136
121
155
175
138
89
61
40
78
89
89
112
74
51
57
71
102
99
69
37
27
46
79
65
33
2
-26
-8
21
12
-32
-55
-48
-27
-36
-43
-90
-136
-132
-130
-116
-101
-121
-151
-160
-181
-168
-131
-138
-123
-135
-189
-175
-165
-115
-40
-35
-41
-56
-68
-36
-13
-9
29
39
47
18
-15
2
10
21
42
27
-1
18
-22
-56
-36
-45
-11
41
30
36
8
-11
23
30
74
121
106
90
88
87
108
154
174
182
142
80
62
51
100
154
129
111
34
-21
-10
-13
18
32
2
-3
-8
-45
-50
-23
-23
0
-12
-27
-27
-26
23
24
21
42
44
24
-6
-38
-21
24
35
64
21
-21
-33
-74
-44
-31
-22
15
-24
-86
-113
-102
-45
0
-2
-28
-65
-80
-75
-57
-14
10
13
-5
-80
-100
-56
-18
-15
-27
-38
-24
-39
-45
-66
-88
-95
-88
-85
-109
-131
-148
-145
-117
-103
-68
-39
-37
-49
-97
-85
-23
55
97
87
78
80
87
119
157
173
183
170
148
101
100
139
150
172
183
156
122
72
35
59
100
99
104
69
3
-17
-8
37
73
80
61
37
39
36
13
8
18
9
16
12
-22
-26
-34
-50
-94
-168
-198
-232
-193
-80
33
142
190
86
-62
-163
-235
-166
-39
16
68
125
89
87
41
-72
-173
-221
-227
-201
-136
-106
-95
-90
-106
-166
-198
-218
-227
-194
-146
-53
28
66
108
102
70
48
41
-50
-61
-19
-25
51
139
177
266
273
191
94
1
-24
2
135
173
204
212
131
36
8
-68
-57
-7
7
40
53
9
-26
-43
-110
-82
-34
-35
-43
-28
-16
28
88
85
41
56
24
16
87
100
104
153
179
102
99
20
-40
11
41
70
140
156
81
93
-2
-130
42
-11
-78
15
-47
-54
-56
-87
-235
-248
-234
-283
-100
-66
-147
29
-109
-213
-3
-193
-178
-52
-62
-69
-14
-99
-246
-84
-172
-313
0
-89
-151
91
-103
-100
52
-48
31
53
28
76
58
60
104
226
226
135
220
96
100
220
178
214
182
165
156
167
96
132
25
149
173
78
139
-41
-40
-43
-44
86
30
31
16
-173
-30
-175
-75
-12
-66
5
-78
-16
-78
-19
-38
-68
-7
21
62
31
16
39
20
100
101
62
98
8
99
30
59
7
45
-40
-88
16
-113
-67
-71
-165
-102
-151
-229
-97
-240
-123
-200
-210
-304
-246
-155
-269
47
-143
-224
5
-183
-244
6
-105
-18
161
-50
12
58
-45
110
196
84
190
74
139
167
188
275
203
234
188
140
127
162
79
187
61
183
172
161
78
69
81
-61
47
22
-33
55
60
-112
26
-34
-86
-28
42
-110
10
-49
-158
-65
-72
-110
-117
118
-124
-28
44
-113
47
-36
-72
16
-86
20
48
-47
99
-1
-67
-25
86
-72
35
-4
-31
-86
-87
-19
-72
-57
33
-34
-47
-102
-153
-97
-177
-159
35
-81
-82
22
-167
-81
-6
-97
-139
-76
-43
-44
-14
78
19
19
166
111
-40
109
-9
2
133
113
191
260
223
-32
93
112
-33
260
269
107
182
262
-15
105
129
72
157
190
-81
4
73
-170
-48
103
-63
-68
0
-154
-218
-169
-80
-117
-55
-96
-138
-64
-165
-95
-155
-126
9
-141
13
113
-160
55
97
-163
13
127
-147
31
169
15
30
55
27
-108
33
-17
-101
116
53
-176
264
-43
-215
265
-205
-72
165
-325
106
-30
-307
136
-158
-79
31
37
-84
-45
-11
-227
-45
118
-190
176
110
-326
263
85
-277
212
241
-327
316
233
-366
260
299
-262
349
224
-278
408
115
-196
318
69
-116
292
-16
-10
63
121
-64
16
212
-222
-11
120
-193
85
71
-133
68
-91
-71
-106
-66
12
-43
47
-48
-51
-76
-85
17
7
-12
138
10
-63
-12
-20
-114
98
109
-76
55
66
-100
14
77
-98
52
158
-119
100
42
-200
15
-8
-159
87
36
-126
27
-95
-223
-93
-97
-275
-76
-8
-163
-39
-103
-158
-61
-240
-1
-79
-169
161
-119
-150
97
-48
-125
251
2
-1
274
56
-71
314
7
-109
496
-5
46
490
-149
33
397
-169
94
356
-54
57
355
-61
-11
413
-80
-97
280
-124
54
192
-141
82
2
-123
98
-75
-11
17
-55
-64
-148
2
-83
-70
80
-143
36
-35
-85
47
-98
-28
-70
14
-19
-44
-29
-57
-143
6
-136
-22
30
-86
-53
-4
-42
-172
65
9
-246
149
112
-255
127
28
-278
46
59
-230
122
70
-164
-19
17
-131
71
45
-58
82
9
-53
63
-47
-61
78
22
59
125
1
-112
146
8
-36
208
-78
13
216
-126
147
144
-128
137
122
-170
217
123
-259
102
77
-158
61
153
-193
-86
249
-286
-85
321
-288
67
111
-144
-26
136
-42
-4
99
-61
-57
111
-158
-29
-8
-91
85
-186
29
-4
-129
101
-94
-113
86
-69
-60
55
82
-200
179
122
-239
160
160
-299
84
121
-208
129
115
-198
200
-13
-64
154
-82
-100
88
-51
-53
42
18
7
-41
69
70
-108
166
10
-56
165
-39
94
27
138
-60
153
142
-116
151
134
-181
153
145
-170
244
48
-171
161
-70
-93
40
-6
55
-41
55
-51
-195
-38
1
-155
56
90
-139
87
-44
-144
62
3
-107
-6
67
-195
-41
-74
-96
0
-28
-82
20
-53
-149
77
-123
-144
-10
4
-103
-75
99
-237
12
73
-305
191
-25
-162
262
-50
-135
339
-130
-48
267
-135
35
243
-126
90
157
4
88
40
77
-40
62
123
-83
91
93
-11
131
9
89
55
147
-20
54
160
-153
164
6
-57
140
-85
6
85
-115
14
45
-135
1
-41
-147
-24
-48
-68
-6
-141
-40
-110
-150
22
-30
-233
47
-160
-189
71
-317
-49
141
-150
4
123
-106
0
-31
-25
95
-35
64
207
-47
-36
274
-77
59
135
-68
37
112
6
1
-36
26
66
-175
104
88
-153
145
57
-194
256
-3
-124
147
0
61
60
85
-22
176
-106
83
100
-14
161
91
49
16
180
-9
76
138
13
109
58
24
170
-130
87
76
-108
28
39
-108
-45
68
-104
-46
-52
-78
-89
-51
-68
27
-157
-35
81
-344
-20
37
-311
72
24
-191
12
-96
-147
84
-228
-43
124
-358
98
56
-303
81
51
-262
66
38
-149
92
-102
-33
135
-162
103
71
-153
189
-9
-30
173
-67
68
-15
-142
279
-97
-12
311
-258
37
178
-236
19
142
-162
43
90
-158
-31
30
-137
49
-11
-72
192
-66
-56
66
44
10
-26
122
114
-37
135
223
-138
39
289
-197
28
215
-20
78
70
69
-41
138
11
67
155
-98
147
20
-156
110
-62
34
-82
51
15
-89
61
-27
-126
-41
-24
-23
-101
38
148
-254
53
117
-242
39
26
-39
-41
-96
161
-142
-17
42
-117
153
-80
36
136
-137
-45
202
-104
-117
287
-102
-88
171
-66
-64
50
-100
36
65
-130
144
155
-301
124
90
-332
110
49
-186
73
-40
-31
-15
-218
124
-18
-228
194
71
-132
87
39
15
48
-47
71
105
-141
31
216
-259
77
159
-106
-24
202
-41
-7
54
22
40
-102
186
-60
-11
12
72
-81
-57
160
-75
-33
73
34
-58
62
-63
-18
42
-72
-8
142
-232
171
59
-129
89
-80
2
128
-171
31
202
-183
-34
97
-44
-167
43
80
-102
-180
114
-6
-304
68
96
-294
17
110
-214
54
-80
-118
69
-131
-43
174
-275
90
7
-206
20
-150
-20
-53
-82
49
-30
8
4
-9
6
-152
245
-33
-107
338
-125
-36
332
-177
69
255
-94
120
268
-102
141
302
-182
127
389
-340
208
395
-334
242
317
-329
295
121
-222
361
-137
-50
306
-231
84
309
-294
136
191
-280
117
120
-311
212
4
-380
296
-63
-383
381
-78
-455
355
-204
-275
146
-80
-145
74
-140
-54
-42
-187
-66
93
-272
-41
154
-334
68
-69
-106
43
-131
31
102
-124
20
159
-139
-61
190
-9
-125
225
-87
19
145
-188
225
62
-259
410
-70
-170
340
-123
-81
278
-125
-115
432
-287
-81
461
-435
-45
477
-550
44
416
-486
117
379
-483
73
347
-462
29
281
-330
-28
205
-291
18
51
-293
69
33
-270
110
23
-180
33
37
-16
-138
120
-2
-101
124
43
-41
121
-57
61
106
-116
150
147
-190
207
154
-175
260
33
-99
217
-14
-47
276
-146
75
256
-168
43
305
-260
112
224
-403
351
-13
-384
520
-234
-339
408
-180
-413
416
-104
-476
430
-93
-437
483
-257
-247
456
-338
-195
418
-327
-155
409
-427
-45
301
-333
-69
304
-332
20
333
-328
157
240
-346
216
171
-402
320
148
-411
318
189
-393
327
102
-366
320
-3
-180
299
-65
-131
368
-97
-182
297
-111
-202
257
-57
-66
128
-54
-2
9
73
-3
66
78
-100
135
27
-196
196
-27
-83
102
33
-49
-98
51
-52
-178
148
-68
-42
84
-164
-50
55
-177
-84
81
-166
-94
103
-174
-14
21
-91
-54
-36
-16
44
-50
0
54
-39
-66
90
25
-104
151
67
-141
120
-51
-91
66
-45
-22
32
-41
-64
160
-165
-51
232
-133
-92
207
-154
-15
143
-175
71
58
-213
228
44
-302
354
-44
-323
363
-23
-251
307
58
-254
264
48
-183
163
86
-204
171
39
-128
79
109
-22
65
163
-77
143
95
-48
168
137
-46
109
206
-106
84
199
-96
102
100
-54
143
13
-141
103
-8
-133
6
67
-196
-24
82
-158
-78
103
-231
-76
-44
-227
-71
110
-300
-12
192
-481
64
160
-456
54
204
-470
90
212
-415
169
222
-499
319
73
-437
355
-73
-339
336
59
-317
301
171
-378
306
51
-173
243
-24
-43
123
32
-69
222
-61
-86
359
-150
-48
327
-228
16
232
-137
-9
140
-68
-96
133
-98
-84
204
-211
-49
260
-390
175
215
-337
221
217
-227
124
151
-232
230
70
-150
250
-76
-5
215
-66
-18
187
-40
-128
212
-84
-168
224
-148
-91
178
-222
23
101
-235
-4
100
-159
-108
66
-26
-189
123
-94
-79
68
-136
-3
-16
-143
2
45
-153
22
105
-68
-78
148
-159
26
20
-133
60
51
-133
105
40
-181
85
129
-187
17
207
-258
31
129
-183
61
129
-187
169
59
-140
130
6
-145
115
88
-146
171
199
-315
320
138
-355
390
86
-257
299
16
-243
299
-49
-232
361
-65
-248
387
-25
-434
437
35
-456
443
57
-457
416
16
-429
360
-68
-351
290
34
-393
379
-77
-290
338
-134
-274
454
-225
-113
427
-334
-11
365
-314
-49
315
-302
49
246
-256
4
244
-192
7
262
-235
-17
275
-275
10
212
-222
92
131
-216
81
100
-312
75
131
-245
-33
241
-346
-50
273
-385
14
221
-375
101
190
-343
118
158
-271
8
236
-351
26
245
-347
-24
343
-275
-18
283
-172
-97
310
-131
-120
342
-183
3
305
-117
-59
285
-97
-136
319
-92
-135
403
-108
-128
308
-58
-189
263
48
-270
333
65
-267
349
-12
-247
281
-37
-250
296
-119
-154
299
-118
-162
204
-88
-167
96
2
-257
107
57
-283
153
63
-262
74
165
-318
40
287
-378
-1
359
-448
33
296
-397
20
213
-229
-143
210
-225
-148
228
-169
-193
215
-139
-186
185
-116
-174
105
-30
-180
79
18
-29
-20
80
-60
-45
89
-17
-7
81
75
18
75
67
-95
87
133
-92
179
158
-47
148
150
-58
115
206
-124
179
158
-121
221
139
-82
150
121
-86
111
114
-75
35
130
-10
-76
137
-43
-102
157
-105
-94
134
-226
-37
34
-233
55
-37
-141
18
-83
-119
-66
-103
-96
-7
-99
-62
12
-133
14
-27
-142
39
-3
-194
49
71
-199
60
55
-143
13
74
-114
-1
75
-75
-41
109
-75
-41
12
6
-34
59
20
31
21
33
-15
13
129
-131
74
163
-106
78
195
-145
108
147
-106
26
153
-46
22
102
-2
-40
84
-13
-73
100
-64
8
133
-41
-42
129
-1
-82
58
81
-153
135
56
-190
116
20
-142
109
-17
-8
14
25
-25
-61
84
-73
-129
109
-42
-122
95
-8
-113
63
33
-225
192
48
-237
234
85
-298
236
36
-315
217
23
-249
194
34
-230
101
58
-260
60
120
-175
-39
212
-210
-47
226
-258
-40
242
-258
-90
271
-216
-164
298
-159
-248
345
-84
-277
316
20
-283
254
89
-308
248
159
-364
280
186
-340
207
247
-333
122
304
-349
41
334
-294
-24
352
-233
-96
360
-171
-188
358
-101
-228
269
-16
-274
262
55
-177
163
100
-158
79
33
-88
-48
116
-44
-53
201
-69
-164
208
-74
-174
216
-47
-86
135
32
-98
80
82
-174
71
66
-133
43
96
-47
-32
144
-41
-80
80
-7
-121
95
-4
-80
105
1
-83
57
77
-122
28
109
-106
-6
58
-48
-71
96
-80
-115
79
-47
-144
65
-45
-110
11
-17
-120
-44
-31
-67
-51
-64
19
-91
-96
105
-100
-99
165
-172
-122
186
-131
-100
198
-18
-128
143
156
-91
56
220
-34
6
187
63
-70
154
133
-126
165
134
-161
118
187
-162
47
254
-92
-104
294
-86
-164
277
-34
-183
203
1
-189
63
47
-182
5
163
-207
-4
129
-110
-109
78
-4
-118
-2
33
-77
-77
30
-23
-131
36
4
-179
-14
58
-147
-77
163
-167
-108
172
-83
-172
176
39
-175
86
133
-155
-29
140
-82
-80
71
20
-95
-4
67
-17
-92
72
71
-193
86
85
-153
69
116
-140
32
136
-89
42
114
-46
37
93
-33
-5
129
41
-2
156
66
-84
161
53
-127
146
79
-75
125
100
-71
111
20
-76
100
7
-83
114
76
-114
80
106
-101
10
76
-71
-29
17
-20
-4
-38
-26
15
-26
-85
15
60
-175
37
43
-166
-1
18
-87
-36
20
-70
27
-54
-98
51
10
-146
75
36
-192
80
62
-205
76
63
-156
12
27
-121
-64
72
-117
7
49
-157
61
-19
-183
111
37
-178
110
-3
-141
-8
-13
-49
-76
33
46
-101
-38
94
-57
-106
160
-1
-56
126
53
-15
55
102
-30
44
98
32
31
76
87
31
74
67
78
64
-15
129
69
-74
122
138
-80
58
148
-70
-45
201
-14
-118
163
7
-89
81
20
-102
68
-8
-98
48
8
-93
12
-17
-89
37
-47
-55
60
-94
-49
66
-116
-21
22
-68
-10
-23
-26
-30
-71
-24
0
-78
-10
45
-110
-6
97
-122
-30
121
-128
-46
109
-92
-25
68
-58
19
46
-67
28
37
-122
68
67
-129
75
88
-169
61
110
-177
82
113
-168
44
78
-113
-1
75
-45
-8
70
-37
-38
99
18
-10
126
8
-9
72
-50
32
90
45
61
108
-14
-16
105
-33
6
93
34
0
70
-12
-40
66
-11
-20
12
-1
6
-34
-10
18
-55
-42
41
-54
5
82
-16
-20
1
-31
-66
-22
-35
-7
-71
10
-45
-92
-12
-113
-61
-1
-68
-12
8
-62
-57
-26
-82
-82
-29
-47
-67
-55
-44
-62
-36
-39
-38
-21
1
-31
12
4
-13
-3
-22
-24
13
-27
-14
42
-55
-26
47
-67
-19
30
-28
55
67
11
91
69
-21
83
88
57
76
94
89
63
92
78
68
35
100
130
56
105
103
54
104
65
0
103
82
-22
110
78
-52
77
56
-63
-14
45
-57
-28
41
-31
10
18
-14
-9
-39
-29
22
-59
-30
33
-42
-37
9
-55
-93
18
-21
-100
-15
-34
-101
-75
-63
-87
-91
-34
-68
-84
-28
-45
-91
-58
-57
-79
-53
-43
-37
-46
-37
-9
-57
-39
9
-48
-42
12
-4
-50
-18
10
-30
-34
1
10
3
21
30
6
12
19
26
40
12
71
75
12
63
38
16
52
-1
60
109
-1
77
85
-9
41
90
4
-2
104
-1
7
111
-6
1
77
-28
-26
78
-10
-24
69
-8
-37
18
-22
-43
-14
-28
-8
-1
-25
8
-28
-33
-3
-45
-52
-13
-15
-56
-13
-23
-56
-19
-50
-36
-33
-42
-31
-36
-7
-40
-11
27
-23
-45
9
-6
-58
5
15
-82
-30
59
-74
-33
49
-1
-23
15
39
-15
11
50
9
12
68
4
-6
51
3
0
75
-10
14
86
-22
30
95
10
44
80
20
78
44
40
100
20
64
112
50
57
68
24
49
62
13
58
33
-5
16
23
-15
8
22
-6
-36
10
-11
-62
5
-30
-65
-24
-44
-61
-24
-50
-48
-13
-44
-42
-19
-72
-67
-36
-67
-48
-4
-35
-64
-16
-38
-72
-22
-51
-60
-25
-64
-40
-26
-81
-23
-22
-71
-6
-25
-59
2
-12
-58
4
1
-29
25
-2
-50
21
4
-23
36
23
-16
-5
42
-9
-17
32
-12
-1
40
-1
-5
30
21
-10
19
19
6
38
28
-9
69
25
2
62
6
25
49
1
41
46
-11
54
68
4
40
97
-3
68
80
13
82
58
41
62
28
43
53
14
3
31
13
-23
42
4
-47
37
5
-40
43
-5
-53
24
2
-56
-13
-1
-50
-13
-18
-36
-40
-24
-33
-41
-10
-22
-45
-35
-41
-58
-62
-49
-43
-38
-78
-37
-28
-102
-20
-32
-104
-23
-15
-91
3
6
-57
19
-18
-48
7
-18
-39
31
18
-17
34
41
-18
16
39
27
38
53
36
34
53
65
68
54
84
82
31
73
82
18
24
83
27
27
91
7
32
65
20
26
41
11
41
28
12
50
41
14
37
14
-29
46
3
-24
28
-12
-37
-7
-14
-63
-27
-7
-84
-36
3
-79
-39
10
-87
-77
-12
-96
-77
-27
-75
-58
-51
-75
-53
-33
-65
-66
-49
-57
-61
-64
-50
-35
-66
-43
-27
-65
-56
-16
-54
-55
32
-31
-49
37
2
-33
32
24
-16
38
-8
6
41
-12
44
36
-5
67
49
6
89
74
3
94
89
36
59
106
44
53
77
22
49
52
14
82
71
3
84
65
-3
70
91
10
62
72
-2
33
42
6
34
37
18
14
3
2
-8
-16
0
-20
-9
1
3
-25
-21
-11
-34
-41
-18
-32
-70
-24
-42
-66
-42
-23
-57
-60
-15
-68
-70
-26
-61
-31
-33
-44
-42
-47
-49
-30
-33
-49
-13
-38
-28
-11
-34
-17
3
-3
5
-1
-21
22
12
-5
34
16
-9
28
24
5
27
32
22
12
33
37
7
31
53
13
19
34
3
-1
36
2
6
37
9
-16
8
3
-17
13
9
-4
-4
14
-1
2
13
-2
13
17
2
17
-4
-3
12
-17
2
19
6
-12
10
19
-20
2
8
-42
7
-3
-27
4
-14
-13
0
-6
-21
-6
-11
-51
-28
-5
-20
-34
6
-1
-37
1
13
-1
-22
0
-7
-23
12
-9
-3
14
-7
15
17
-25
41
33
-15
37
38
-1
-7
36
2
5
38
0
-12
18
7
-7
12
20
3
-2
10
-9
3
2
1
-12
11
-4
-5
4
12
-17
-13
25
-33
-5
11
-27
-6
13
-6
4
22
-12
15
5
-25
36
-7
-21
48
36
-16
43
38
-22
31
44
-16
21
35
-14
4
24
-4
20
13
18
16
-6
-13
-5
4
-20
-10
0
-7
-16
-13
-16
-30
-15
-24
-41
-33
-28
-46
-39
-13
-36
-24
8
-35
-24
6
-44
-8
8
-31
-15
5
-14
-21
9
3
-11
5
-2
-7
14
-2
8
13
2
8
6
-2
-9
18
26
-23
21
34
-22
10
29
-28
-13
44
-25
-4
38
-8
0
39
-3
-6
35
-11
-6
29
5
1
13
22
-15
11
32
-4
18
44
11
0
26
1
-2
23
7
0
27
10
-2
14
-1
14
4
-4
12
6
3
-11
-15
-20
-23
-37
-23
-14
-21
-36
0
3
-24
-17
2
-17
-36
6
-19
-22
8
-18
-15
-6
-21
-2
-15
-28
4
-16
-7
19
9
29
25
6
30
11
-11
19
2
4
31
6
-2
15
-13
-3
14
-16
8
12
-6
1
6
-8
1
-9
-9
1
-12
6
-8
-18
0
-11
-25
19
13
-14
41
8
-21
52
6
4
48
14
17
27
21
7
0
19
15
-4
17
17
-18
4
15
-16
-6
12
-13
14
19
-13
21
3
-26
-7
-14
-40
-9
-8
-22
-8
-14
-30
-19
-1
-32
-20
6
-36
-6
-10
-28
-5
-19
-22
-8
-21
-5
6
-22
-10
3
-17
-1
6
-2
18
13
-4
15
14
-11
14
24
-8
8
5
-5
-1
-6
-14
6
4
-10
26
3
-6
36
8
-9
24
13
12
26
22
41
16
17
41
26
-4
40
36
0
27
29
-8
20
10
-21
-1
-1
-18
-21
-18
-19
-17
-14
-4
-21
-20
0
-18
-27
28
-5
-12
38
-7
-31
18
-17
-37
6
-18
-30
-8
-30
-42
-21
-24
-34
-18
-14
-6
11
-5
20
15
-11
5
3
-9
3
16
1
11
14
11
8
-1
15
17
3
23
38
-4
30
32
-23
16
11
-28
3
12
-6
11
2
2
8
-2
-1
5
6
-8
-2
9
-6
-12
13
-12
-13
8
-1
-11
14
5
-20
16
-4
-24
20
2
-15
13
-6
-27
-10
0
-30
-16
13
-23
-7
24
-20
-1
11
1
1
12
16
2
35
19
8
36
8
8
21
8
2
17
11
-4
11
21
-5
6
10
-22
-3
4
-21
-21
1
-23
-7
-8
-26
-5
-18
-15
6
-22
-11
10
-19
-13
5
-22
-9
-3
-8
-13
-12
-18
-11
-11
-8
-8
-9
-1
-17
-15
-3
-10
-24
1
4
-14
9
13
-13
3
4
3
2
8
13
-2
14
19
-1
7
30
-12
6
37
-26
-2
29
-24
-13
21
-21
-15
26
-12
-11
26
16
-2
21
25
0
19
34
6
26
14
6
33
4
14
43
3
2
41
-3
6
41
1
6
35
-3
-1
11
-15
-9
5
-23
-18
-9
-27
-10
-16
-15
-5
-9
-14
-4
1
-17
-10
-1
-6
-4
-1
-8
-9
-12
-9
-10
-11
-14
-4
-6
-9
-8
-17
-4
-10
-14
-9
-7
-11
-12
-9
-10
-6
-6
0
-3
6
6
-9
8
15
-8
-1
14
10
-3
5
17
1
5
11
-5
-3
5
-6
7
0
-10
15
-1
-1
21
10
-10
11
11
-14
8
12
-3
14
27
3
13
13
4
5
15
10
17
19
2
25
16
5
21
12
1
10
1
4
-8
-2
-8
-15
-10
-15
-10
-15
-12
-16
-14
-9
-15
3
-16
-18
-7
-30
-16
-8
-20
-13
-6
-10
-13
-16
-2
-20
-16
-1
-13
-7
8
-6
-21
2
-13
-17
-5
-8
2
4
7
2
-5
3
12
-15
9
16
-13
9
11
-12
9
7
-14
2
6
-11
7
8
-7
6
7
0
8
11
1
11
1
-7
7
5
0
18
6
14
34
8
4
29
5
-12
22
3
-20
20
4
-14
28
15
-7
30
18
1
32
23
21
40
21
24
29
17
20
8
2
7
-3
-8
6
-12
-7
5
-6
-1
7
-6
-2
3
-8
-5
-1
-9
-8
0
-14
-15
-14
-27
-25
-20
-28
-17
-15
-21
-12
-11
-15
-9
-13
-24
-12
-13
-11
-2
0
3
3
3
9
-3
-5
1
-10
-10
2
-8
-8
5
-13
-1
0
-15
-1
0
-16
-9
-5
-17
-10
-3
-7
-1
-5
-13
-3
-11
-9
4
-4
-3
7
4
3
7
24
11
3
25
8
-1
12
5
-4
14
12
10
6
12
18
-2
11
16
-4
4
7
3
7
5
10
0
2
9
-2
4
16
8
3
14
2
-3
9
2
0
1
0
-4
-9
-7
-9
-12
-12
-11
-11
-9
-11
-10
-12
-15
-7
-7
-13
-5
-8
-8
9
0
-9
9
-2
-2
7
6
4
-1
10
6
-3
-2
5
-1
-6
6
10
0
11
16
3
8
15
1
-2
6
1
-4
6
6
6
8
6
7
6
14
13
16
9
15
16
10
15
10
13
17
12
6
19
5
-1
6
2
-1
2
2
-1
-2
-1
0
-5
-2
-9
-16
-4
-9
-12
-8
-6
-12
-10
-10
-11
-10
-14
-17
-12
-19
-23
-11
-12
-20
-14
-17
-29
-11
-19
-23
-7
-17
-13
-2
-8
-11
3
-2
2
5
5
5
9
4
7
9
1
9
5
2
11
10
-3
15
15
-1
8
9
-1
5
4
-1
-2
-2
-1
-1
-10
-8
-2
-7
-4
6
1
-3
11
9
4
17
8
5
14
8
0
5
0
-3
4
-7
-6
0
-12
-3
-4
-10
-5
-7
-5
-2
-1
-3
0
2
0
4
-1
0
4
4
-1
8
4
-3
7
7
6
5
4
5
-1
2
-4
0
1
0
0
-5
1
2
5
5
6
8
6
8
7
5
11
2
3
5
9
7
7
13
6
8
17
14
7
13
8
3
13
9
3
5
0
-8
-4
-9
-6
-1
-5
-3
-1
-3
-1
0
-3
-8
-5
-4
-9
-4
-8
-6
-5
-6
-3
-1
-1
-6
-6
-6
-3
-8
-9
-4
-11
-10
-4
-13
-7
-5
-9
-6
2
-6
1
8
-4
3
11
3
0
12
0
2
13
-1
-3
5
-1
-8
5
-3
-12
4
-13
-14
-3
-14
-8
-3
-9
-7
-4
-10
-12
-5
-13
-11
-11
-12
-7
-2
-6
-2
3
-9
3
-1
-5
-1
0
2
-4
2
3
-5
-4
4
6
-5
0
-1
-12
-1
-1
-6
5
3
-3
6
3
-1
7
6
4
8
2
5
5
0
4
3
4
9
13
15
13
16
18
14
19
14
10
7
16
15
4
17
8
8
13
3
6
2
6
6
5
8
8
3
6
6
-3
0
7
8
7
10
12
5
2
2
-3
0
-1
0
1
5
2
-2
-2
0
-1
-12
-7
-3
-14
-15
-6
-14
-13
-1
-10
-11
-4
-8
-9
-7
-11
-5
-8
-10
-7
-13
-17
-15
-17
-15
-10
-8
-18
-8
-8
-11
-6
-3
-7
-9
3
-3
-6
2
0
-4
3
0
-1
4
3
3
5
-2
2
2
-1
-1
3
1
0
6
5
7
10
4
5
3
1
5
4
3
5
2
-1
4
1
5
9
2
1
6
-4
0
5
-8
-1
4
-8
-4
4
-6
1
4
-1
2
4
6
5
6
7
2
2
2
-1
-1
0
2
3
2
5
5
3
6
3
2
7
5
0
4
6
3
3
-1
2
-4
0
3
0
4
3
1
-3
-2
1
1
-5
-5
1
-7
-4
1
-5
-4
-2
-7
-5
-3
-4
0
0
1
2
-4
1
6
-2
5
5
0
4
4
2
1
4
1
-1
1
0
-2
1
0
-3
0
-3
-8
-8
0
-3
-8
-3
-3
-7
-3
-2
-6
-1
-1
-2
1
1
4
1
4
5
5
1
1
2
-1
-6
-2
1
-5
1
0
-4
1
-2
-9
-5
-5
-12
-2
-3
-4
-2
-5
-7
-5
-4
-6
-3
1
-5
-2
2
-2
0
2
2
0
6
8
4
3
5
4
4
2
2
3
4
4
5
5
1
5
0
-2
3
