0
-1
0
-2
-1
-1
0
-1
-1
-1
0
-1
-1
0
0
0
0
2
2
1
2
2
3
3
3
4
5
4
4
4
5
6
6
6
6
5
4
4
4
2
3
2
2
2
1
1
0
0
1
1
0
0
-1
-2
-1
-2
-1
-2
-2
-1
-3
-4
-5
-4
-4
-5
-4
-4
-5
-4
-3
-4
-3
-3
-4
-3
-3
-3
-3
-2
-3
-2
-3
-3
-3
-3
-2
-2
-1
0
0
-1
-1
0
-1
1
3
2
3
3
4
3
3
4
3
4
2
3
2
2
1
2
2
1
1
0
3
1
1
1
2
2
1
1
0
1
0
0
1
0
0
-1
0
-1
0
0
-1
1
0
-1
-1
1
0
-1
0
0
-2
-1
-1
-2
-1
-2
-2
-1
-1
0
-1
0
-2
0
0
-1
-2
-2
-2
0
0
0
-1
-2
-1
-2
-1
-1
0
0
1
-1
0
1
1
1
0
1
0
1
1
2
1
1
1
2
2
2
2
2
2
2
2
3
3
2
4
3
3
3
4
3
1
3
2
1
1
2
1
0
0
-1
-1
0
-1
-1
-2
-1
-1
-2
-1
-2
-1
-1
-2
-1
0
0
0
0
1
1
1
0
1
1
0
0
0
1
1
0
0
0
-1
0
-1
-2
-2
-2
-1
0
0
-2
-1
-2
-1
-2
-1
0
-1
-1
-1
0
-1
-1
-1
-1
0
-1
-1
-2
-2
-1
-1
-1
-1
-1
-1
-1
-1
0
-1
-1
-1
-1
0
1
0
0
1
-1
-2
-2
-2
-2
-3
-3
-2
-1
-1
-2
-2
-2
-2
-1
-1
-1
0
-1
-1
0
-1
-1
0
0
1
2
-1
3
1
-1
2
0
-1
0
-2
0
-1
0
0
0
0
1
3
4
2
2
4
3
3
4
3
4
4
4
4
3
2
5
4
3
3
3
3
3
3
3
3
2
2
2
0
1
1
0
0
1
2
0
-1
1
1
0
1
1
1
-2
-1
-1
-1
-2
-1
0
-2
-2
-1
-1
-1
-2
0
-1
-2
-2
-2
-2
-3
-3
-4
-4
-5
-6
-6
-4
-4
-5
-4
-3
-2
-1
-2
-3
-1
-1
-2
-2
-1
-1
-1
0
0
-1
0
-1
-1
0
0
1
0
1
1
1
1
0
1
1
0
0
1
2
0
2
1
0
1
0
0
0
1
-1
-1
0
0
-1
-1
-1
-1
-2
-1
-2
0
-2
0
0
-1
-2
-1
-1
-1
0
-1
1
0
-1
-1
0
1
1
2
1
1
1
0
2
1
1
3
2
2
2
3
4
4
3
3
3
3
3
3
3
3
3
3
3
3
2
4
3
2
2
3
2
3
1
2
1
1
1
0
1
0
0
0
-1
0
0
0
-1
0
0
1
0
1
1
0
-1
1
1
0
1
0
0
-1
-1
-1
-2
-1
-2
-1
-2
-1
-1
-2
-2
-3
-3
-3
-3
-3
-1
-1
-1
-2
-3
-3
-4
-3
-4
-2
-2
-1
-2
-2
-1
-1
-1
-2
-1
-1
-1
-1
-1
-1
0
-1
-1
-1
-2
-2
-1
-1
-2
-2
-2
-1
-1
1
-1
0
0
1
0
0
1
1
1
1
2
1
0
0
0
1
-1
-1
-1
-1
-1
-1
-1
-1
-1
-2
-1
-3
-2
-2
-2
-1
0
0
0
-1
1
0
0
0
2
2
3
2
3
3
4
5
6
6
5
6
6
6
6
5
4
5
2
4
3
3
3
4
2
1
2
2
2
1
1
0
0
-1
-2
-1
-2
-2
-3
-4
-4
-5
-6
-6
-7
-6
-6
-6
-5
-5
-5
-4
-3
-3
-1
-1
0
0
0
2
4
3
6
6
6
6
7
6
7
6
7
6
5
6
5
4
2
3
0
0
-3
-3
-3
-4
-3
-3
-3
-4
-7
-8
-10
-10
-10
-8
-7
-9
-10
-11
-10
-11
-9
-6
-4
-2
0
1
3
4
5
7
11
12
11
10
10
11
9
10
10
8
6
4
1
0
-3
-5
-4
-7
-7
-8
-9
-9
-9
-10
-9
-8
-6
-6
-4
-4
-3
-2
-1
-2
0
1
1
2
1
2
2
2
3
3
3
4
4
4
4
3
3
4
3
3
5
4
4
3
5
5
6
6
5
6
5
5
5
4
4
4
3
4
4
3
1
0
0
-1
-2
-3
-3
-3
-4
-6
-6
-7
-7
-8
-8
-7
-7
-7
-6
-6
-6
-3
-1
-1
0
1
3
3
3
4
4
4
4
3
4
4
4
4
4
3
2
1
2
0
0
0
0
-1
-1
-4
-3
-4
-4
-4
-6
-5
-3
-4
-4
-4
-5
-5
-5
-4
-4
-1
0
2
3
4
5
5
6
7
8
8
9
9
9
8
7
7
6
6
5
4
2
2
0
-1
-1
-2
-2
-3
-4
-4
-6
-5
-5
-4
-5
-5
-4
-5
-6
-7
-6
-5
-6
-5
-6
-5
-4
-5
-3
-3
-3
-1
-1
1
1
2
2
3
4
5
5
6
8
7
8
8
6
6
4
4
2
2
1
0
0
-2
-3
-3
-4
-4
-4
-5
-5
-6
-6
-5
-4
-3
-3
-1
-1
-3
-3
-2
-3
-2
-2
-2
-3
-3
-3
-3
-3
-3
-1
-1
1
0
1
1
2
3
4
5
6
5
6
8
7
6
6
5
5
5
4
4
3
1
1
-1
1
-1
-2
-2
-2
-3
-2
-1
-1
0
2
2
2
2
1
1
0
0
-1
-2
-4
-5
-8
-8
-8
-9
-9
-9
-11
-10
-9
-8
-5
-3
-3
0
1
4
7
8
11
12
14
15
18
19
21
22
21
21
19
16
14
12
11
8
5
1
-2
-4
-5
-7
-9
-9
-11
-12
-13
-12
-12
-12
-13
-14
-15
-16
-17
-17
-16
-15
-16
-17
-16
-16
-18
-18
-18
-17
-17
-15
-12
-9
-8
-7
-6
-3
2
7
12
17
21
23
25
25
26
28
29
29
27
25
21
20
18
13
10
9
6
2
1
-2
-4
-6
-9
-8
-9
-8
-7
-5
-3
0
2
2
3
3
3
4
4
6
6
3
0
-1
-4
-7
-7
-8
-10
-15
-24
-33
-38
-36
-34
-30
-27
-27
-29
-34
-36
-31
-18
-4
8
16
22
25
27
30
39
45
49
50
47
45
39
31
23
16
10
5
-2
-6
-10
-16
-22
-27
-30
-30
-25
-21
-14
-10
-8
-5
1
6
14
25
31
36
41
43
46
49
49
46
43
38
34
28
21
17
11
-1
-14
-25
-34
-44
-51
-55
-60
-66
-71
-73
-73
-71
-68
-64
-58
-54
-50
-42
-35
-26
-15
-6
2
7
10
14
17
21
26
28
29
27
26
24
22
19
17
16
13
8
3
0
-3
-3
-2
-1
3
6
6
8
11
13
17
23
28
34
41
43
46
46
48
47
46
45
44
44
39
33
28
21
15
7
3
0
-6
-14
-22
-31
-42
-47
-52
-56
-58
-60
-62
-64
-68
-72
-67
-63
-57
-49
-44
-35
-31
-25
-19
-8
5
17
27
36
42
48
48
48
50
52
54
50
42
34
23
9
-4
-9
-12
-18
-26
-35
-41
-41
-44
-41
-34
-26
-22
-18
-11
-4
4
17
29
41
54
67
75
80
83
85
87
90
92
93
88
81
69
55
41
27
22
16
6
-10
-26
-42
-55
-69
-77
-77
-76
-77
-89
-106
-122
-145
-166
-173
-141
-92
-80
-114
-149
-165
-170
-175
-143
-69
5
18
-19
-42
-30
8
53
107
172
215
209
173
147
153
175
181
176
157
129
95
48
6
-23
-35
-55
-86
-101
-106
-108
-117
-130
-127
-114
-96
-73
-34
8
32
40
48
64
85
115
146
184
202
205
197
183
181
178
185
185
170
148
119
87
57
26
-3
-33
-64
-83
-108
-126
-148
-170
-179
-182
-179
-165
-152
-135
-119
-113
-104
-91
-60
-40
-13
12
17
22
23
22
21
14
7
1
-13
-35
-65
-86
-108
-136
-159
-172
-167
-169
-179
-185
-190
-181
-170
-147
-105
-65
-38
-16
11
45
79
114
156
187
203
207
201
206
198
190
177
164
150
129
108
88
68
48
28
13
5
3
3
0
7
9
19
30
42
60
75
77
81
73
72
97
124
143
150
143
127
96
82
76
69
69
52
27
-11
-57
-88
-117
-138
-164
-198
-219
-232
-238
-250
-279
-294
-311
-318
-323
-307
-265
-240
-210
-183
-157
-129
-103
-60
-10
41
91
128
156
180
190
215
230
236
241
230
213
182
143
104
69
41
16
-1
-16
-43
-71
-98
-111
-103
-82
-55
-21
5
20
38
55
79
114
163
217
249
264
281
295
292
297
322
342
342
330
307
257
202
134
86
57
24
-3
-39
-76
-140
-206
-278
-330
-342
-330
-309
-306
-312
-322
-364
-437
-490
-500
-496
-525
-548
-466
-303
-256
-397
-586
-657
-605
-560
-500
-298
-87
-6
-141
-295
-246
-36
241
447
596
709
708
604
519
536
690
815
822
736
580
460
322
174
94
69
70
17
-83
-154
-198
-254
-297
-312
-236
-138
-84
-45
-22
11
57
112
210
306
405
483
473
467
447
480
538
561
574
580
536
450
344
268
255
219
151
55
-27
-110
-219
-316
-391
-441
-476
-498
-518
-507
-504
-506
-529
-522
-481
-422
-350
-284
-233
-203
-225
-225
-200
-178
-129
-171
-283
-418
-488
-427
-347
-328
-380
-495
-622
-745
-792
-677
-458
-276
-216
-258
-290
-255
-100
116
350
572
668
668
633
649
764
881
935
909
834
755
661
588
524
443
341
216
107
48
44
55
13
-79
-141
-203
-221
-167
-80
3
20
12
3
64
168
255
329
388
402
363
327
340
406
433
392
309
242
171
63
4
-40
-104
-159
-249
-310
-347
-405
-439
-488
-500
-527
-647
-752
-871
-942
-916
-757
-382
-154
-307
-710
-1076
-1030
-823
-563
-195
122
304
45
-383
-515
-266
297
749
923
922
760
612
486
480
693
947
1064
887
507
215
66
24
1
-78
-152
-196
-264
-375
-512
-572
-522
-490
-435
-328
-194
-60
-31
-63
-70
5
151
292
445
567
619
585
503
461
516
591
651
706
672
581
422
257
211
212
226
191
61
-81
-233
-352
-401
-411
-384
-356
-414
-514
-587
-584
-519
-437
-361
-297
-246
-219
-233
-226
-146
-42
30
65
91
121
79
-3
-67
-204
-381
-517
-349
37
146
-165
-593
-801
-833
-909
-868
-532
-89
90
-207
-620
-684
-389
59
429
654
809
827
701
516
498
763
1113
1234
1083
813
598
478
362
285
245
231
144
-43
-238
-380
-469
-528
-561
-542
-437
-358
-357
-386
-414
-379
-288
-123
85
228
358
393
386
429
506
611
691
736
781
783
689
574
511
533
508
383
236
105
-11
-141
-246
-273
-291
-361
-461
-572
-611
-608
-596
-525
-452
-383
-358
-341
-251
-176
-142
-177
-265
-366
-516
-627
-528
-120
200
-31
-687
-1225
-1245
-954
-730
-544
-352
-206
-414
-906
-1126
-772
37
642
724
536
351
356
390
457
728
1119
1427
1326
873
446
318
423
532
507
406
374
264
-6
-352
-544
-407
-169
-38
-98
-191
-194
-271
-402
-401
-139
226
434
398
342
348
369
402
444
593
749
808
732
622
569
523
431
364
358
403
344
120
-86
-137
-118
-208
-313
-357
-355
-433
-547
-550
-421
-292
-297
-410
-457
-396
-327
-296
-234
-127
-47
-82
-182
-195
-138
-65
-57
-49
-29
-40
-124
-257
-460
-804
-969
-762
-147
228
-169
-907
-1422
-1359
-1086
-870
-431
23
200
-205
-937
-1062
-493
453
1047
1022
849
608
523
485
607
1040
1445
1565
1166
641
295
255
453
504
422
224
79
-55
-270
-467
-576
-393
-254
-276
-309
-312
-278
-373
-470
-353
-44
275
431
407
332
277
314
402
568
777
907
841
610
453
440
466
433
410
444
374
181
-43
-134
-76
-101
-235
-354
-363
-354
-400
-502
-517
-462
-418
-415
-449
-389
-287
-201
-191
-201
-136
-64
-6
9
8
30
-88
-297
-545
-689
-619
-399
17
124
-419
-1241
-1752
-1497
-891
-535
-430
-434
-494
-784
-1196
-1085
-326
691
1209
946
508
306
510
779
1037
1378
1679
1720
1229
616
267
379
688
791
715
438
164
-53
-275
-431
-425
-203
60
66
-203
-434
-494
-431
-328
-141
110
329
303
74
-131
-135
88
374
589
669
648
526
316
198
229
361
496
479
384
209
-33
-233
-342
-293
-174
-158
-252
-415
-550
-619
-650
-622
-508
-309
-169
-181
-276
-316
-238
-139
-78
11
158
245
153
-41
-181
-155
-12
103
145
101
-5
-107
-218
-274
-255
-177
-269
-624
-1030
-1051
-559
-70
-135
-769
-1331
-1396
-1123
-815
-522
-228
79
-13
-418
-709
-412
465
1177
1374
1097
858
898
1005
1097
1188
1439
1626
1496
1026
511
317
357
423
320
164
73
-74
-388
-736
-809
-561
-334
-340
-466
-554
-516
-539
-476
-254
77
305
244
100
25
158
364
537
652
739
760
585
417
384
518
599
533
438
379
284
55
-197
-258
-118
4
-59
-259
-443
-531
-537
-538
-439
-299
-221
-275
-463
-526
-406
-178
-11
59
-25
-77
-97
-38
-146
-369
-656
-875
-712
-424
109
17
-856
-1813
-2019
-1335
-528
-424
-592
-823
-836
-908
-1104
-674
196
1158
1346
848
457
649
1154
1451
1621
1894
2138
2035
1311
651
513
831
1172
934
492
15
-276
-503
-812
-915
-816
-618
-512
-737
-1103
-1356
-1256
-920
-579
-376
-246
-107
-188
-277
-209
188
727
1004
1032
867
779
944
1040
1149
1142
1122
1146
952
668
395
255
205
161
75
-30
-242
-597
-930
-1105
-992
-718
-600
-710
-1032
-1288
-1220
-930
-495
-193
-165
-289
-425
-404
-277
-87
226
564
684
514
255
212
306
378
363
451
277
-367
-1163
-1122
18
723
49
-1545
-2240
-1609
-749
-792
-1141
-1103
-418
-247
-848
-1237
-671
652
1340
1142
801
1041
1436
1397
1089
1306
2155
2692
2163
1019
283
475
953
960
514
33
-86
-277
-738
-1173
-1198
-827
-611
-767
-943
-1005
-1002
-1141
-1187
-774
-76
361
279
-74
-181
105
563
998
1201
1210
1151
1052
997
1047
1106
1064
922
833
846
707
361
-46
-322
-337
-272
-312
-559
-921
-1173
-1166
-991
-841
-856
-1015
-1084
-973
-689
-387
-221
-166
-134
-111
8
209
460
635
584
232
-131
-333
-436
-460
-423
-40
183
-349
-1499
-2275
-1938
-996
-615
-880
-1283
-1229
-977
-1004
-971
-524
428
1086
1006
613
667
1183
1586
1662
1705
2023
2257
1917
1201
651
686
1024
1071
746
241
-114
-359
-599
-823
-882
-787
-654
-639
-745
-858
-923
-905
-764
-417
47
377
285
47
-88
171
641
1114
1362
1350
1083
843
846
1081
1277
1242
1068
818
637
439
270
46
-114
-213
-308
-441
-659
-846
-1047
-1157
-1111
-959
-867
-1004
-1185
-1170
-892
-579
-393
-376
-381
-337
-205
-54
98
248
328
325
246
258
352
421
389
231
188
-203
-889
-1425
-1099
229
751
-292
-2110
-2845
-1906
-685
-689
-1097
-1272
-551
-357
-1044
-1447
-713
973
1780
1373
760
970
1582
1712
1436
1679
2579
3167
2476
1175
460
904
1569
1476
866
216
46
-160
-616
-1054
-1084
-718
-510
-711
-1022
-1219
-1344
-1479
-1353
-637
124
354
-90
-568
-607
-172
477
962
1162
1001
706
486
574
922
1127
1016
730
596
630
533
161
-212
-286
-156
-155
-383
-711
-925
-1002
-1025
-995
-866
-732
-781
-947
-1008
-777
-431
-237
-317
-423
-235
185
493
428
228
153
280
356
284
146
1
-328
-676
-713
-175
236
-258
-1425
-2173
-1710
-743
-439
-953
-1471
-1335
-793
-607
-601
-351
390
1003
1072
867
940
1363
1689
1767
1834
2167
2401
2114
1446
943
996
1371
1455
1042
406
29
-72
-240
-590
-858
-741
-330
-269
-758
-1297
-1390
-948
-543
-404
-290
-73
-48
-297
-578
-229
562
1080
946
416
176
354
660
772
730
682
651
418
88
-124
-113
-90
-183
-295
-283
-345
-667
-1071
-1206
-950
-654
-622
-779
-905
-915
-856
-699
-438
-212
-152
-242
-246
-144
-22
87
217
340
363
263
200
275
436
452
328
170
102
-69
-723
-1145
-991
218
822
-107
-1783
-2542
-1647
-279
-161
-868
-1210
-737
5
-402
-837
-596
690
1653
1511
968
1052
1638
1852
1533
1494
2268
2979
2580
1278
344
506
1361
1475
909
161
-99
-154
-545
-1015
-1142
-710
-329
-503
-1004
-1305
-1305
-1201
-1111
-727
-198
72
-270
-848
-1025
-558
290
810
737
304
-41
-33
262
642
859
737
429
168
155
162
44
-44
-13
63
-88
-378
-683
-744
-594
-458
-410
-503
-662
-842
-919
-743
-408
-116
-29
-164
-353
-456
-344
1
376
544
481
236
47
-6
114
240
327
106
-231
-612
-590
-78
111
-269
-1104
-1443
-1120
-715
-734
-917
-888
-401
-171
-334
-484
-172
660
1177
1204
1051
1213
1557
1764
1712
1739
1934
2077
1892
1506
1220
1158
1047
757
439
243
216
-21
-393
-729
-796
-581
-501
-717
-985
-1048
-819
-734
-786
-815
-738
-597
-580
-518
-294
-142
-184
-375
-384
-4
353
397
120
-46
79
236
195
45
79
205
177
-95
-314
-228
-88
-215
-588
-764
-535
-249
-283
-599
-703
-486
-236
-228
-387
-333
-75
112
70
-46
-6
146
225
167
161
280
425
386
258
137
180
238
308
287
218
-60
-658
-941
-657
372
697
-178
-1450
-1687
-727
148
-220
-936
-943
-116
452
-84
-571
-301
794
1389
1126
786
1030
1477
1431
1104
1232
1853
2145
1536
670
453
902
1288
821
49
-397
-204
109
-149
-689
-1056
-945
-643
-560
-718
-947
-1075
-1059
-944
-653
-368
-306
-504
-739
-657
-278
171
243
-76
-410
-339
93
444
395
74
-194
-132
114
263
174
8
26
125
71
-192
-357
-252
-1
111
45
-34
-72
-164
-353
-384
-65
393
452
6
-509
-566
-172
235
367
275
120
-30
-169
-161
80
263
288
66
-150
-345
-534
-608
-306
73
50
-492
-1097
-1181
-831
-452
-332
-260
-224
-83
-261
-437
-253
466
1260
1433
1109
803
932
1347
1614
1677
1726
1763
1615
1159
708
521
704
850
703
276
-189
-521
-702
-713
-687
-654
-703
-864
-1003
-1098
-1147
-1092
-1010
-819
-680
-750
-850
-887
-720
-507
-327
-179
-171
-205
-212
-188
-82
64
253
381
331
173
94
121
173
276
403
514
399
121
-79
-22
253
393
322
210
166
99
-52
-60
163
432
399
38
-324
-328
-84
120
149
118
72
-15
-172
-247
-87
119
172
115
46
19
-3
-69
-126
-320
-472
-301
232
488
-35
-986
-1333
-700
98
138
-483
-794
-436
88
32
-255
-107
630
1142
939
437
352
842
1306
1316
1155
1153
1217
992
424
79
292
752
724
50
-576
-674
-462
-453
-722
-863
-661
-587
-911
-1293
-1256
-852
-610
-644
-757
-724
-692
-747
-715
-405
-1
142
-130
-506
-493
-85
384
566
443
215
98
89
247
429
559
580
509
421
330
309
357
469
549
507
309
151
120
194
256
295
343
342
173
-136
-295
-128
242
410
178
-146
-222
0
186
128
34
-26
-53
-167
-317
-493
-523
-398
-86
51
-261
-824
-1225
-1042
-501
-153
-276
-529
-606
-427
-364
-349
-101
366
863
953
772
580
593
838
1174
1456
1516
1313
966
613
408
403
535
626
487
123
-384
-712
-753
-635
-515
-486
-605
-815
-1007
-1157
-1204
-1096
-873
-559
-416
-591
-983
-1188
-847
-270
124
51
-215
-241
-48
106
108
122
363
600
504
278
234
464
650
550
377
409
580
569
346
171
293
485
446
201
35
87
182
170
166
214
233
90
-124
-110
67
207
126
-88
-202
-181
-92
-67
-46
25
74
72
17
-72
-94
-26
31
30
-201
-375
-370
-151
98
-130
-570
-865
-667
-239
-119
-456
-608
-502
-109
16
-207
-192
110
628
777
548
301
395
703
955
959
835
710
528
334
282
317
320
147
-260
-484
-467
-307
-365
-659
-872
-861
-700
-618
-682
-763
-776
-703
-620
-522
-404
-349
-350
-438
-317
-57
136
132
-7
-12
140
263
286
260
336
447
532
559
549
502
441
464
597
738
689
429
285
338
492
527
385
295
263
236
173
162
227
276
175
46
35
119
168
59
-47
-59
-23
-8
-62
-117
-126
-105
-104
-107
-281
-531
-603
-336
27
-27
-538
-940
-852
-506
-310
-532
-737
-648
-415
-345
-536
-608
-339
114
338
209
12
57
302
494
552
532
586
635
465
211
157
351
525
379
-53
-322
-248
-45
-109
-388
-447
-241
-106
-290
-610
-674
-376
-121
-122
-353
-473
-397
-302
-253
-214
-79
49
1
-127
-161
-14
183
208
106
92
245
373
344
262
268
388
493
493
447
382
365
375
356
400
535
662
598
376
246
359
573
604
366
143
122
239
282
133
-44
-78
-62
-70
-102
-142
-116
-126
-143
-151
-114
-98
-118
-201
-291
-311
-235
-112
-174
-398
-540
-366
-21
-67
-509
-828
-668
-280
-251
-671
-841
-609
-169
-173
-603
-751
-507
5
171
3
-66
76
290
326
267
321
394
414
344
318
321
285
209
110
110
66
-75
-230
-215
-55
-32
-250
-446
-437
-245
-152
-218
-298
-306
-180
-204
-251
-261
-145
21
24
2
-15
31
143
239
350
430
472
535
573
639
656
686
759
844
883
787
657
617
746
870
812
571
367
298
332
315
201
88
29
-40
-185
-325
-343
-256
-218
-252
-300
-271
-256
-339
-420
-368
-176
-65
-129
-290
-431
-535
-523
-368
-49
20
-424
-1017
-1225
-818
-328
-318
-784
-1141
-1076
-806
-844
-1046
-961
-491
-53
-81
-447
-654
-359
111
434
460
369
396
446
428
346
333
494
696
755
544
222
35
133
378
502
474
307
180
118
82
84
154
209
226
127
12
-26
-20
19
22
3
13
-32
-103
-99
-34
140
218
163
46
-1
117
336
528
552
468
445
523
576
567
573
615
658
621
506
451
486
493
430
337
277
218
90
-51
-93
-64
15
-9
-149
-366
-549
-573
-393
-184
-187
-409
-656
-647
-459
-326
-364
-439
-360
-237
-241
-455
-623
-614
-497
-390
-363
-352
-509
-850
-1076
-981
-667
-461
-653
-914
-987
-846
-677
-721
-727
-582
-275
-53
-91
-148
-36
262
547
692
708
647
650
748
863
953
892
813
735
672
652
585
548
522
448
357
233
119
75
25
24
20
-20
-110
-228
-243
-160
-52
2
3
-2
-28
-44
20
218
439
496
391
277
310
469
608
682
669
639
544
381
293
333
413
406
332
245
118
-35
-149
-118
43
112
37
-139
-252
-176
-63
-67
-166
-241
-227
-201
-260
-416
-516
-504
-427
-367
-378
-414
-482
-517
-577
-598
-696
-825
-727
-513
-315
-542
-1118
-1358
-1011
-485
-426
-977
-1342
-996
-405
-301
-807
-1032
-462
349
494
-60
-360
116
918
1187
798
468
714
1217
1350
1032
772
849
1092
1089
781
534
494
632
686
543
335
204
194
196
173
114
41
74
77
1
-123
-179
-47
93
80
-102
-229
-198
-146
-149
-140
-24
107
46
-168
-251
-87
197
277
165
65
85
152
137
54
44
179
336
353
161
-47
-84
76
283
311
193
45
-15
1
8
-2
-20
-30
-46
-121
-230
-327
-366
-342
-312
-333
-410
-469
-497
-514
-556
-565
-484
-401
-394
-485
-605
-585
-429
-285
-308
-431
-451
-380
-401
-506
-520
-366
-224
-322
-531
-603
-414
-171
-147
-232
-249
-77
80
78
99
217
446
545
495
463
555
707
730
670
637
656
662
613
544
525
538
514
451
382
343
325
308
238
204
205
254
252
146
71
71
175
258
203
111
59
74
88
27
-32
56
184
198
38
-110
-77
80
170
123
40
31
84
87
27
-23
66
217
273
146
-26
-92
-31
79
128
117
60
0
-60
-125
-109
-16
52
7
-132
-222
-215
-186
-208
-292
-361
-416
-505
-590
-603
-520
-472
-548
-676
-737
-670
-596
-594
-644
-671
-600
-486
-432
-493
-602
-563
-394
-290
-337
-478
-481
-253
-76
-130
-318
-340
-22
289
343
134
21
246
550
653
524
490
643
806
770
628
623
748
822
735
591
530
544
516
411
315
290
297
260
177
89
30
-13
-33
-24
-33
-89
-178
-221
-159
-41
-31
-98
-160
-159
-73
7
79
128
112
80
105
164
190
170
222
363
467
455
289
175
203
377
511
459
280
131
117
212
270
197
96
10
18
44
9
-65
-129
-149
-156
-234
-323
-358
-388
-413
-477
-508
-501
-515
-602
-727
-769
-695
-605
-611
-684
-739
-692
-545
-447
-461
-535
-570
-427
-201
-116
-284
-480
-431
-160
40
-73
-334
-382
-154
46
-5
-188
-190
74
319
291
135
123
371
600
586
468
447
615
765
734
577
506
571
622
542
395
290
299
347
296
207
110
94
115
116
94
72
89
95
64
-5
-57
-53
32
142
173
92
-29
-36
73
184
210
183
166
187
228
236
224
266
346
382
348
258
205
211
215
179
164
184
160
76
-5
-15
-24
-82
-164
-206
-210
-220
-300
-402
-434
-424
-393
-450
-538
-582
-581
-581
-654
-700
-630
-530
-571
-682
-710
-591
-454
-419
-397
-333
-266
-244
-233
-203
-139
-48
47
40
-44
-43
73
143
105
74
106
183
149
69
42
120
209
230
177
106
94
158
229
230
197
180
196
214
216
232
248
220
212
244
301
286
235
229
248
258
274
291
285
242
172
146
158
187
164
73
-11
4
93
148
129
38
-31
27
138
168
135
115
194
248
191
118
152
284
350
282
164
139
194
238
191
127
116
113
62
23
17
-9
6
-50
-171
-275
-279
-206
-218
-303
-454
-504
-477
-474
-488
-483
-427
-396
-403
-452
-497
-461
-307
-153
-116
-220
-251
-188
-106
-85
-118
-120
-80
-88
-155
-184
-140
-78
-67
-73
-112
-174
-225
-183
-91
1
8
-54
-83
-95
-55
-6
40
114
181
185
147
101
145
232
297
322
281
234
190
180
216
262
263
207
139
132
114
95
59
41
42
1
-42
-73
-108
-141
-130
-101
-46
-26
-56
-67
-24
46
110
117
138
247
368
455
402
327
337
466
582
574
459
345
317
358
386
320
241
180
111
31
-53
-103
-152
-187
-229
-290
-363
-413
-425
-409
-399
-416
-420
-370
-276
-231
-253
-303
-239
-80
30
48
-20
-32
20
94
118
115
135
124
71
1
-18
17
43
25
-41
-111
-174
-207
-190
-128
-126
-186
-261
-285
-246
-234
-236
-192
-123
-93
-120
-170
-171
-122
-37
31
42
12
-32
-27
28
27
-19
-64
-24
63
80
-1
-123
-170
-152
-81
4
19
-36
-143
-183
-126
-6
84
92
68
82
121
148
187
251
326
367
356
351
350
348
369
372
375
357
299
222
198
199
199
177
138
102
57
0
-9
4
-11
-43
-94
-107
-67
-8
40
31
9
0
48
104
127
153
174
193
157
72
39
76
110
70
-58
-95
-46
-31
-128
-271
-320
-264
-241
-337
-445
-424
-333
-348
-447
-479
-381
-254
-281
-370
-349
-200
-66
-78
-144
-115
19
158
185
159
163
190
248
266
294
300
274
247
221
181
119
70
75
91
43
-82
-193
-229
-220
-266
-351
-370
-302
-221
-271
-364
-383
-297
-146
-105
-136
-136
-40
76
98
87
159
296
376
340
242
235
326
375
331
241
234
280
250
142
36
21
74
75
9
-58
-61
-18
-17
-44
-42
21
93
92
41
32
80
133
191
240
244
201
176
174
200
218
176
126
104
81
32
-52
-100
-81
-97
-166
-227
-261
-273
-319
-355
-329
-254
-240
-309
-409
-407
-264
-110
-51
-130
-206
-168
-39
76
81
34
49
145
192
164
136
184
247
265
201
136
133
135
115
77
82
99
85
-16
-144
-180
-127
-62
-68
-148
-222
-231
-195
-158
-140
-128
-134
-117
-80
-52
-43
-41
-20
43
84
65
9
-39
-9
60
106
102
47
-6
-39
-45
-29
-23
2
32
24
5
-20
-33
3
48
81
91
89
91
115
148
144
152
163
187
199
187
157
127
122
135
141
94
9
-38
-28
-7
-38
-151
-243
-242
-166
-165
-224
-276
-253
-159
-113
-157
-228
-190
-44
78
92
33
6
76
165
200
182
207
288
333
295
205
205
274
332
290
211
196
235
221
108
-2
-4
64
40
-78
-214
-274
-280
-283
-296
-308
-322
-371
-412
-427
-388
-309
-244
-202
-220
-222
-210
-153
-78
-27
-1
13
38
16
-13
-12
57
131
137
50
4
49
107
100
12
-24
37
117
122
68
41
63
100
107
98
93
114
148
136
126
125
136
144
130
99
82
98
116
104
75
55
57
60
14
-26
-23
4
0
-48
-102
-107
-68
-42
-50
-43
-25
-40
-103
-127
-50
42
98
71
3
-1
43
88
114
92
92
112
130
105
75
86
106
117
111
77
39
5
-43
-36
-6
13
-23
-100
-178
-195
-144
-101
-99
-135
-169
-188
-197
-183
-160
-125
-101
-126
-151
-160
-151
-166
-182
-116
-19
31
-18
-94
-119
-57
20
38
28
26
38
43
29
3
37
102
130
96
64
74
120
142
128
133
160
170
129
78
95
137
143
77
22
31
79
100
32
-44
-59
-20
-22
-107
-170
-130
-70
-73
-158
-207
-185
-151
-148
-173
-187
-181
-162
-158
-151
-130
-103
-71
-50
0
50
68
65
87
134
187
207
209
225
257
269
247
246
280
312
298
247
187
166
175
184
145
84
33
9
-7
-30
-41
-72
-113
-141
-130
-125
-157
-210
-230
-204
-163
-160
-193
-200
-200
-159
-133
-114
-127
-157
-168
-137
-82
-57
-59
-101
-110
-71
-34
-8
-2
32
76
103
107
106
111
138
197
235
234
202
171
206
256
255
211
188
206
207
157
108
109
136
135
58
-40
-82
-72
-56
-73
-137
-183
-188
-176
-189
-244
-275
-253
-212
-193
-212
-260
-271
-223
-149
-110
-102
-118
-153
-139
-101
-63
-33
5
34
33
-9
-44
-13
49
99
142
147
126
104
97
137
186
228
221
181
163
157
190
203
204
190
151
113
75
50
36
32
47
53
20
-32
-57
-43
-30
-17
-30
-41
-79
-89
-88
-70
-80
-112
-115
-120
-124
-145
-162
-150
-100
-44
-45
-83
-97
-75
-37
-8
32
53
52
37
41
53
50
32
41
97
122
74
-18
-54
-7
60
76
46
0
-19
-36
-38
-19
14
29
-12
-62
-77
-59
-58
-89
-120
-104
-65
-73
-128
-169
-146
-88
-58
-57
-68
-62
-54
-50
-41
18
60
52
27
23
74
112
81
42
47
105
182
175
131
101
128
175
206
207
192
196
191
186
179
179
186
166
143
121
110
114
92
57
21
4
-9
-14
-27
-66
-88
-92
-99
-114
-134
-139
-141
-128
-152
-185
-190
-161
-129
-137
-164
-175
-144
-110
-102
-115
-88
-36
-10
-35
-67
-45
-7
1
-16
-45
-24
2
-8
-52
-86
-83
-56
-31
-37
-60
-75
-66
-55
-40
-20
2
-6
-33
-46
-22
-8
-13
1
19
53
47
23
14
40
62
84
76
53
36
22
4
-13
-9
-8
-21
-66
-84
-69
-37
-34
-74
-87
-60
9
13
-28
-45
0
56
69
35
8
43
83
114
140
175
208
229
208
186
201
242
281
291
264
253
235
223
207
189
189
175
159
103
51
25
25
33
24
13
-11
-53
-97
-106
-98
-85
-94
-120
-150
-167
-157
-154
-166
-171
-162
-146
-141
-167
-196
-202
-163
-143
-130
-113
-113
-126
-141
-127
-94
-85
-91
-104
-98
-72
-53
-58
-57
-30
-21
-33
-38
-24
4
7
-29
-46
-29
4
-13
-49
-77
-69
-51
-57
-59
-60
-65
-72
-65
-42
-1
-6
-20
-48
-52
-22
23
55
60
60
73
96
112
119
121
149
195
225
202
163
150
194
234
250
231
207
203
180
161
178
203
207
177
138
123
133
135
108
85
55
37
34
30
19
3
-28
-34
-46
-41
-64
-101
-85
-62
-32
-64
-101
-113
-93
-90
-104
-121
-125
-129
-143
-147
-175
-166
-159
-164
-179
-193
-216
-224
-223
-220
-215
-210
-209
-220
-222
-228
-227
-207
-181
-154
-134
-124
-110
-89
-59
-22
8
17
27
34
35
57
95
122
135
130
108
91
100
130
153
141
107
78
78
102
112
120
112
131
151
145
146
162
186
210
222
220
210
212
207
202
202
216
240
217
178
139
129
153
156
137
101
75
66
62
37
14
-11
-18
-16
-27
-62
-83
-74
-49
-17
-22
-46
-82
-78
-53
-47
-49
-59
-60
-80
-118
-135
-128
-102
-105
-149
-193
-218
-206
-182
-170
-183
-187
-177
-181
-194
-198
-184
-152
-132
-146
-167
-155
-132
-126
-130
-131
-95
-49
-42
-88
-111
-80
-15
38
26
-17
-36
-29
-3
-5
-17
-17
-9
-24
-61
-96
-89
-26
-8
-23
-79
-106
-68
-18
21
21
21
44
58
79
89
106
138
170
183
210
230
250
266
266
287
301
302
281
278
294
292
264
242
240
246
225
179
140
110
108
111
90
44
-7
-29
-30
-27
-30
-52
-79
-85
-79
-71
-70
-71
-69
-62
-49
-54
-57
-63
-57
-49
-34
-27
-40
-60
-84
-100
-92
-67
-65
-87
-116
-130
-128
-118
-131
-139
-148
-129
-112
-117
-117
-111
-103
-121
-122
-98
-74
-71
-93
-109
-87
-49
-46
-70
-86
-85
-74
-71
-87
-75
-51
-39
-58
-91
-86
-55
-31
-34
-30
-9
-4
-25
-38
-7
46
90
101
75
72
105
143
175
189
205
218
216
204
175
185
209
215
208
176
146
142
143
122
117
132
148
120
62
20
12
34
39
32
8
-26
-48
-49
-30
-25
-27
-60
-70
-65
-64
-82
-112
-104
-64
-48
-71
-123
-144
-133
-108
-84
-88
-109
-131
-159
-171
-159
-138
-122
-136
-158
-184
-174
-158
-136
-118
-103
-92
-76
-73
-77
-38
10
62
79
68
61
69
96
100
96
110
117
101
89
63
63
67
66
52
22
7
-4
1
-6
-7
-19
-34
-35
-22
-24
-25
-12
-1
36
53
53
55
86
133
170
178
174
186
193
221
230
230
232
220
203
187
183
190
187
175
154
120
99
79
57
48
36
24
2
-29
-66
-86
-94
-88
-89
-107
-127
-150
-157
-166
-172
-181
-187
-199
-208
-199
-197
-203
-201
-214
-205
-178
-181
-196
-197
-201
-183
-176
-186
-190
-170
-136
-122
-140
-138
-120
-102
-81
-61
-25
-9
-4
-5
-4
7
25
62
96
96
77
67
64
83
85
82
85
97
98
68
46
38
53
60
49
46
49
53
51
55
70
86
88
84
89
99
113
123
132
144
146
151
159
173
173
160
159
170
179
167
139
112
128
139
126
96
74
78
79
67
51
50
52
48
26
-4
-17
7
18
9
-1
-12
-16
-21
-16
-5
-8
-23
-45
-65
-78
-86
-92
-104
-127
-150
-173
-200
-213
-234
-239
-237
-238
-248
-256
-262
-267
-265
-261
-255
-249
-230
-218
-206
-201
-181
-160
-136
-99
-61
-39
-25
-6
29
65
103
127
138
164
164
151
140
140
150
156
147
139
124
120
104
87
72
63
76
79
81
74
66
65
76
68
68
76
93
105
110
112
120
140
155
150
133
145
156
148
130
119
138
142
117
97
88
91
98
81
56
51
51
42
21
-8
-41
-40
-49
-50
-45
-58
-71
-76
-87
-98
-96
-93
-96
-124
-132
-135
-145
-164
-174
-187
-189
-195
-210
-217
-235
-240
-238
-226
-227
-230
-228
-229
-204
-189
-175
-161
-148
-109
-72
-57
-34
-19
0
36
68
92
113
124
144
163
190
213
214
208
204
219
221
202
183
176
181
162
122
102
76
65
62
42
21
30
33
17
-4
-13
-9
0
-2
-4
10
17
19
13
1
1
14
16
12
-3
-13
-16
-13
-22
-20
-8
-11
-17
-37
-40
-24
-1
9
-10
-13
-16
-21
-24
-11
19
42
38
46
51
59
80
84
93
80
66
55
52
65
59
44
25
-9
-29
-32
-49
-75
-84
-82
-95
-137
-159
-168
-162
-149
-154
-164
-173
-157
-160
-155
-146
-117
-84
-77
-77
-72
-34
1
15
13
39
76
100
102
78
93
132
159
150
136
130
127
109
96
108
111
96
66
33
33
27
30
18
-4
-30
-26
-9
-15
-39
-65
-73
-65
-59
-70
-78
-97
-86
-89
-90
-92
-90
-77
-79
-80
-71
-65
-54
-45
-39
-28
0
9
13
15
23
49
53
59
66
66
71
58
68
82
100
114
113
108
99
90
82
77
77
109
118
92
48
17
16
32
33
18
10
6
-19
-57
-67
-49
-33
-32
-60
-86
-80
-73
-60
-45
-35
-16
-18
-44
-43
-13
31
47
27
14
24
50
59
60
77
92
100
86
69
76
92
103
82
63
50
37
26
15
-6
4
19
11
-6
-33
-48
-62
-64
-54
-56
-79
-95
-113
-124
-123
-132
-143
-155
-159
-148
-147
-160
-173
-175
-157
-160
-161
-168
-152
-121
-94
-107
-119
-115
-94
-82
-83
-61
-50
-23
-29
-32
-18
1
33
65
62
62
68
71
83
102
100
107
117
118
114
106
117
124
126
122
126
128
118
117
132
152
149
141
130
132
138
148
144
128
126
121
112
96
84
97
122
114
92
71
46
-61
-152
-69
49
86
28
2
42
81
78
29
49
125
170
183
117
45
54
133
181
95
23
16
5
-102
-291
-334
-193
-120
-244
-394
-358
-261
-323
-421
-389
-255
-163
-131
-130
-128
-160
-104
13
31
40
58
70
20
-106
-156
-102
-91
-123
-170
-140
-106
-172
-256
-272
-202
-150
-91
-70
-94
-116
-134
-102
-38
27
78
112
100
74
60
115
159
164
224
241
243
248
230
176
150
206
268
261
216
196
132
101
76
93
148
152
124
106
98
48
27
77
164
170
143
146
146
111
38
72
142
157
111
70
69
42
-5
-32
9
44
5
-41
-70
-109
-139
-119
-84
-83
-113
-110
-81
-120
-193
-192
-114
-75
-119
-142
-126
-125
-176
-192
-125
-72
-78
-121
-124
-126
-124
-117
-93
-68
-49
-53
-53
-65
-97
-79
-62
-58
-71
-57
-13
-36
-92
-88
-22
4
-9
-7
21
30
-7
-17
35
79
54
38
64
83
75
60
71
80
77
88
123
125
95
69
67
71
76
122
143
114
88
102
144
122
69
79
144
182
165
129
115
120
103
97
109
117
112
70
18
-9
6
41
29
5
-13
-13
-33
-89
-108
-77
-51
-67
-69
-58
-73
-105
-133
-126
-91
-69
-77
-109
-131
-127
-130
-139
-148
-120
-90
-103
-129
-139
-117
-136
-157
-150
-123
-81
-55
-93
-139
-150
-126
-103
-80
-47
-20
-29
-61
-86
-67
-42
-31
-11
3
26
21
-1
-25
-14
17
51
72
61
44
24
27
45
70
99
122
129
126
117
103
115
116
117
136
150
145
131
92
58
81
133
169
171
152
110
82
72
97
112
124
140
134
112
81
78
81
78
85
92
94
63
37
28
9
12
17
9
1
-7
-22
-26
-46
-57
-50
-53
-46
-51
-54
-72
-92
-97
-99
-120
-123
-117
-118
-120
-165
-198
-190
-166
-143
-125
-110
-105
-112
-123
-118
-99
-80
-50
-32
-33
-64
-72
-64
-59
-57
-40
-16
-24
-55
-84
-71
-61
-55
-43
-26
3
-8
-28
-27
-9
1
7
16
34
33
27
25
30
52
75
81
80
95
115
128
119
117
125
131
130
117
116
115
122
107
87
89
111
119
109
97
84
86
69
67
65
60
44
25
17
20
11
12
2
-16
-37
-65
-77
-88
-86
-92
-93
-104
-107
-118
-113
-104
-98
-92
-96
-82
-87
-97
-89
-86
-64
-43
-32
-24
-19
-17
-14
-8
20
40
48
45
41
38
27
25
29
33
48
54
57
56
29
23
5
6
10
18
13
-17
-39
-45
-36
-32
-41
-51
-42
-37
-40
-48
-44
-18
-2
1
16
17
11
-3
-11
15
36
50
45
33
25
23
29
42
61
62
75
71
69
68
72
76
77
92
98
89
72
62
61
63
64
57
51
45
36
22
21
17
-2
-23
-27
-22
-21
-18
-31
-42
-72
-71
-74
-75
-76
-107
-118
-119
-112
-111
-112
-97
-97
-100
-96
-95
-92
-107
-101
-79
-70
-63
-49
-51
-44
-29
-33
-30
-32
-19
-7
7
7
-1
4
19
31
25
26
37
42
29
13
9
23
40
34
7
-6
11
16
20
7
-8
-3
12
8
-18
-26
-1
30
26
4
2
31
50
40
25
40
66
84
86
83
96
99
85
57
47
66
73
65
53
50
53
39
30
28
30
46
54
48
32
11
5
6
13
16
32
44
44
16
4
2
11
4
-14
-17
-19
-21
-40
-59
-55
-46
-36
-37
-39
-63
-86
-89
-80
-51
-53
-51
-53
-61
-62
-56
-41
-24
-25
-22
-17
-1
14
18
13
10
22
24
28
16
3
9
14
14
22
21
4
-3
-5
-6
-1
-10
-16
-34
-31
-21
-22
-20
-18
-23
-26
-23
-13
-9
-16
-6
-3
7
14
25
23
16
18
27
33
30
18
4
-4
1
1
11
-2
-19
-25
-29
-12
-17
-22
-20
-15
-5
-14
-27
-14
-5
0
3
9
21
29
38
33
30
25
22
16
14
17
18
27
21
15
7
4
2
-6
-13
-16
-16
-14
-11
-18
-29
-27
-29
-28
-30
-36
-48
-42
-46
-47
-36
-21
-18
-23
-15
-17
-24
-26
-20
-11
-3
-4
3
-3
5
10
22
32
30
24
31
40
32
18
22
26
35
36
32
40
41
47
48
58
66
79
82
68
64
66
72
76
72
67
60
47
40
21
19
26
23
15
13
11
6
-2
-9
3
7
0
4
2
7
-1
3
-1
-10
-9
-15
-20
-20
-28
-29
-35
-49
-35
-33
-36
-42
-58
-58
-71
-79
-82
-93
-89
-85
-75
-75
-83
-79
-72
-61
-59
-57
-50
-44
-50
-52
-48
-45
-40
-39
-37
-29
-39
-37
-33
-33
-36
-38
-31
-12
-13
-28
-11
1
6
1
15
24
28
28
26
23
31
34
29
47
49
42
43
40
46
52
62
69
75
72
82
85
78
70
81
87
76
86
97
84
70
52
50
61
52
50
51
59
49
37
34
21
14
14
20
22
11
-7
-12
-11
-20
-30
-26
-26
-15
-29
-48
-49
-42
-46
-49
-54
-58
-55
-63
-67
-61
-45
-47
-57
-62
-55
-41
-45
-52
-61
-61
-52
-47
-41
-31
-32
-30
-19
-20
-34
-38
-24
-12
-9
-13
-19
-29
-34
-53
-55
-39
-36
-46
-47
-45
-43
-46
-44
-31
-29
-28
-17
3
10
15
21
33
41
47
45
49
65
65
72
91
95
97
83
72
69
67
62
69
83
92
93
87
82
83
85
83
89
86
82
80
73
59
47
47
51
46
26
7
1
3
14
10
5
11
14
8
-7
-12
-21
-29
-33
-41
-44
-48
-51
-50
-62
-73
-76
-68
-66
-67
-77
-74
-73
-83
-85
-79
-55
-52
-66
-63
-64
-67
-70
-73
-64
-59
-58
-54
-46
-50
-56
-48
-35
-21
-20
-18
-13
-17
-21
-21
-8
-2
5
0
-5
-11
3
8
8
9
13
18
21
19
16
17
24
30
32
35
44
45
45
57
49
51
55
58
56
61
55
59
59
50
59
67
75
62
60
48
50
53
42
41
35
40
28
17
5
-1
-4
-14
-27
-41
-40
-45
-49
-50
-49
-38
-34
-40
-45
-46
-50
-37
-33
-38
-40
-35
-20
-20
-18
-19
-13
-1
7
14
13
5
8
14
20
22
22
20
20
26
25
28
23
18
18
13
7
4
3
-2
3
-3
0
-6
-5
-3
-11
-5
4
11
9
5
-1
-11
-20
-18
-28
-33
-31
-26
-34
-45
-37
-34
-32
-30
-24
-16
-15
-10
-15
-14
-12
-4
3
5
13
12
17
9
6
4
2
11
4
-5
5
-2
-5
-6
-6
9
4
-6
-11
-17
-21
-26
-24
-22
-20
-13
-11
-17
-22
-22
-13
-10
-6
-5
-8
-6
-6
-4
1
5
11
24
32
30
32
24
31
43
35
41
40
55
62
56
61
65
80
75
72
64
57
62
50
38
38
36
31
30
30
43
52
38
26
27
23
16
9
2
6
2
-2
0
-9
-19
-24
-23
-26
-31
-39
-42
-42
-50
-52
-61
-62
-72
-73
-68
-70
-75
-80
-69
-68
-72
-72
-78
-78
-78
-79
-59
-48
-50
-53
-58
-57
-47
-47
-43
-40
-29
-18
-14
-14
-8
4
11
8
15
24
23
24
23
24
38
44
43
33
24
30
24
31
26
34
39
47
52
44
41
35
34
31
29
37
30
23
24
14
8
10
14
19
20
16
20
29
30
22
18
18
25
25
13
8
19
27
35
38
28
40
37
33
40
44
52
55
41
36
37
38
30
29
37
43
42
34
14
7
13
0
-6
-11
-4
0
-2
-10
-24
-14
-16
-20
-32
-36
-32
-43
-54
-61
-66
-61
-67
-71
-68
-81
-84
-79
-76
-69
-61
-60
-62
-67
-72
-70
-70
-61
-51
-50
-42
-43
-26
-26
-15
-10
-12
-11
-2
1
13
8
2
8
-4
0
4
27
27
18
25
30
19
25
24
23
32
21
24
9
6
1
-7
0
2
2
-2
-11
-8
5
5
16
11
9
8
19
25
28
36
33
42
42
41
38
44
54
51
58
63
63
67
69
68
67
73
71
69
61
57
57
63
54
43
45
43
33
27
21
8
0
-5
-9
-15
-16
-29
-34
-32
-29
-25
-33
-43
-46
-56
-58
-55
-57
-52
-58
-69
-69
-67
-64
-72
-77
-71
-68
-70
-71
-83
-79
-63
-63
-55
-47
-40
-26
-30
-25
-26
-23
-12
-19
-12
-4
-4
-4
1
-2
0
-1
8
13
20
22
22
20
25
23
28
28
30
32
27
32
32
42
34
33
39
30
23
25
23
13
12
25
31
30
35
37
47
49
52
56
55
53
58
61
63
56
44
45
41
41
31
23
17
15
21
10
3
-3
-12
-7
-21
-31
-25
-30
-34
-31
-33
-34
-41
-50
-56
-55
-47
-52
-46
-49
-41
-30
-40
-41
-35
-35
-27
-27
-24
-25
-26
-19
-14
-16
-16
-17
-24
-23
-16
-17
-21
-27
-26
-31
-31
-22
-18
-9
-5
-3
-5
-6
-9
-1
2
7
13
10
18
7
3
15
24
23
16
14
14
13
14
14
12
19
23
29
26
23
32
34
35
30
28
30
30
28
31
28
41
44
40
47
54
55
58
60
59
60
50
52
45
36
31
28
26
16
12
5
10
9
-5
-9
-11
-17
-23
-31
-33
-35
-49
-54
-59
-63
-65
-66
-67
-61
-66
-71
-65
-65
-60
-51
-50
-40
-43
-34
-30
-30
-21
-21
-21
-20
-19
-17
-14
-6
-4
-5
2
5
13
10
20
20
18
17
20
26
25
31
25
22
19
26
14
10
20
14
3
-1
1
3
5
-5
-1
4
7
2
0
1
-4
-1
-2
-1
11
20
20
29
26
30
36
39
40
43
43
50
45
41
45
43
42
36
35
30
22
14
10
5
1
-8
-8
-9
-17
-9
-13
-25
-34
-47
-50
-60
-62
-60
-63
-63
-74
-82
-77
-74
-80
-72
-70
-72
-69
-61
-54
-62
-54
-42
-39
-33
-29
-29
-22
-14
-3
8
10
7
8
17
19
25
30
31
44
47
51
55
53
47
50
44
45
46
36
35
30
31
28
25
21
30
24
18
17
21
23
23
29
35
36
33
37
37
38
35
30
35
30
29
34
34
35
28
33
36
40
51
57
61
58
60
59
66
65
54
53
51
43
32
27
21
12
-1
-10
-20
-31
-44
-44
-46
-46
-42
-51
-54
-57
-60
-63
-71
-67
-62
-68
-73
-79
-78
-77
-83
-91
-78
-81
-78
-69
-71
-62
-58
-54
-56
-56
-49
-45
-35
-41
-41
-36
-36
-26
-21
-17
-7
-4
-3
-4
4
10
18
23
25
23
17
23
22
28
24
20
18
19
26
16
11
9
8
7
9
5
10
9
7
7
10
12
14
9
6
11
9
17
29
31
36
35
32
35
35
39
33
37
32
31
29
27
32
31
37
37
40
38
28
24
26
22
30
31
29
28
31
32
32
38
31
42
47
42
35
36
32
25
18
11
13
18
14
7
-7
-8
-14
-19
-21
-16
-21
-29
-33
-43
-46
-46
-47
-43
-41
-53
-54
-61
-58
-65
-61
-57
-56
-56
-61
-52
-58
-56
-50
-45
-49
-48
-50
-55
-44
-45
-39
-31
-21
-17
-15
-12
-8
1
-1
11
13
16
25
33
35
35
41
38
36
40
46
46
53
49
57
59
47
49
48
39
27
28
30
25
32
36
29
20
19
15
11
7
7
5
12
19
13
16
2
-3
-2
3
5
-5
0
-3
-5
-3
-3
9
4
-4
-14
-27
-36
-35
-39
-37
-27
-23
-26
-29
-32
-38
-30
-28
-33
-34
-32
-30
-28
-24
-23
-22
-22
-19
-19
-16
-16
-19
-14
-15
-13
-10
-13
-15
-8
-11
-7
-11
-7
-3
-3
1
-12
-8
-2
-4
6
12
23
26
20
16
16
24
27
24
21
26
31
37
39
32
36
32
35
33
27
31
28
27
30
23
30
29
19
16
16
22
24
28
23
20
17
18
16
23
15
20
20
18
14
3
2
2
-2
-8
-7
-12
-14
-10
-6
-5
-4
-9
-19
-16
-11
-9
-9
-8
-11
-11
-12
-9
3
-6
-5
-8
-9
-5
1
2
-3
-1
-5
-4
-10
-14
-13
-15
-13
-16
-21
-27
-30
-30
-34
-34
-32
-33
-33
-37
-36
-31
-34
-30
-35
-35
-24
-22
-30
-33
-28
-30
-34
-23
-19
-16
-13
-10
-5
-16
-10
-13
-15
-8
-6
-3
-3
2
1
10
18
18
26
27
35
39
40
40
43
49
47
47
50
47
48
45
37
38
36
35
29
17
17
6
-1
1
-5
-3
-5
-4
-4
-2
-9
-14
-14
-15
-19
-24
-18
-15
-19
-18
-14
-10
-9
-6
-4
-1
2
-3
0
5
7
10
13
6
5
9
6
2
1
1
-3
-6
-3
4
7
7
4
7
11
11
13
14
20
16
10
4
6
3
3
2
-3
0
-3
-9
-14
-10
-5
-10
-9
-9
-9
-7
-6
-3
-7
-1
3
1
2
8
6
9
12
16
21
20
25
23
20
21
20
20
19
17
17
14
13
4
1
0
1
-2
1
7
0
-3
-5
-7
-4
-3
-7
-7
-11
-13
-12
-8
-8
-7
-6
-14
-18
-18
-26
-28
-28
-30
-27
-33
-34
-31
-35
-35
-37
-37
-40
-35
-31
-31
-25
-29
-34
-31
-30
-29
-31
-27
-28
-26
-30
-32
-26
-31
-24
-19
-16
-6
-8
-4
-3
0
6
6
14
20
29
28
28
33
32
33
38
39
40
43
35
31
31
31
35
37
35
40
44
43
40
42
48
52
49
47
44
41
34
26
25
28
27
20
16
16
17
21
17
14
6
4
-2
-5
-3
-4
1
-7
-10
-8
-8
-10
-8
-7
-6
-4
-3
-5
-2
-6
-13
-19
-25
-18
-24
-30
-27
-30
-34
-34
-33
-33
-32
-27
-26
-25
-28
-25
-27
-29
-25
-21
-20
-17
-22
-20
-17
-10
-12
-11
-6
-5
1
0
3
6
9
7
3
2
11
13
9
2
4
7
7
8
9
12
13
12
13
12
9
13
14
14
13
13
10
11
10
6
7
1
-2
2
3
3
4
3
1
-2
-6
-7
-11
-11
-14
-13
-17
-17
-21
-15
-10
-12
-10
-14
-14
-13
-12
-9
-6
-10
-6
-8
-6
-9
-4
2
0
1
1
-1
0
4
2
5
3
4
3
4
8
11
10
13
9
6
3
4
4
1
1
4
5
6
6
6
7
4
1
3
8
3
6
3
2
3
-3
0
2
4
4
12
12
10
15
17
13
11
13
13
16
15
14
18
18
17
19
18
18
11
13
16
15
16
15
15
9
12
5
3
5
-2
-7
-6
-8
-10
-7
-4
-6
-11
-8
-12
-15
-18
-24
-24
-27
-31
-30
-31
-28
-26
-28
-27
-26
-24
-19
-21
-22
-14
-13
-12
-7
-9
-7
-4
-4
-6
-4
-3
0
1
-2
0
4
7
11
9
7
7
10
11
10
12
11
9
5
3
4
1
-1
2
0
0
-2
1
-2
-2
-2
0
0
-4
-3
-5
-2
5
6
7
11
6
4
7
6
10
9
8
9
9
7
4
9
12
15
17
15
13
9
8
9
14
17
14
12
10
10
6
9
5
5
2
-3
-4
-3
-3
-4
-6
-10
-13
-12
-13
-17
-16
-17
-15
-10
-11
-14
-16
-18
-15
-16
-14
-13
-12
-10
-9
-12
-14
-14
-17
-14
-14
-15
-14
-10
-12
-12
-8
-5
-5
-2
2
2
1
1
2
4
9
10
13
15
17
17
17
21
22
23
23
22
20
16
14
13
15
14
14
14
11
13
8
7
13
14
12
10
11
13
9
7
5
6
5
7
7
3
0
-4
-4
-5
-6
-4
-4
-4
-5
-5
-7
-6
-4
-7
-6
-3
-4
-5
-3
-6
-5
-6
-3
-5
-4
-5
-10
-11
-12
-15
-18
-16
-20
-23
-24
-27
-25
-30
-27
-24
-24
-21
-18
-17
-14
-12
-14
-13
-13
-11
-9
-6
-5
-5
-7
-4
-3
1
0
3
5
5
10
6
13
14
13
14
12
15
12
11
13
10
10
16
15
15
16
19
17
17
20
17
16
18
20
22
19
18
12
15
13
10
9
8
7
4
5
4
2
1
-2
0
-1
-2
-3
2
1
1
4
2
1
4
4
3
1
0
0
1
2
1
1
1
2
3
4
4
5
0
-1
-5
-4
-4
-5
-4
-5
-4
-5
-5
-7
-10
-10
-13
-12
-11
-14
-14
-16
-18
-16
-14
-11
-14
-15
-16
-20
-20
-22
-20
-17
-13
-12
-11
-6
-5
-3
0
4
10
12
13
12
13
11
12
10
9
11
8
6
7
6
4
2
3
1
2
4
3
4
3
2
2
-2
0
1
2
2
2
1
0
3
-3
-3
-1
-2
-4
-7
-8
-12
-7
-6
-5
-4
-5
-4
-3
-5
-4
-2
0
-3
-3
-5
-4
-2
0
4
2
3
8
7
6
7
10
8
5
6
6
5
4
0
6
5
3
1
1
3
2
2
1
3
3
0
1
-1
-1
0
-2
-2
-2
-1
-3
-4
-4
-3
-4
-5
-5
0
0
2
0
1
0
0
-1
-1
1
0
3
6
8
6
7
8
9
12
12
11
11
13
14
14
17
16
15
13
14
11
9
8
5
3
4
3
1
-1
2
-1
-2
-2
-3
-4
-6
-7
-9
-7
-8
-8
-9
-12
-14
-12
-12
-13
-8
-9
-12
-12
-14
-16
-17
-17
-17
-18
-18
-17
-18
-17
-15
-15
-14
-16
-15
-14
-15
-13
-13
-12
-10
-7
-3
-1
0
1
4
5
8
9
13
14
14
15
13
16
13
16
18
17
20
17
16
14
14
12
11
13
13
12
11
11
13
13
14
15
16
18
16
13
12
11
11
11
10
7
8
6
6
7
4
3
2
2
0
-1
-3
-3
-4
-5
-8
-10
-11
-11
-15
-16
-15
-14
-14
-13
-15
-16
-18
-19
-21
-18
-18
-17
-12
-15
-14
-13
-14
-14
-12
-10
-13
-12
-12
-11
-9
-6
-7
-7
-8
-10
-9
-6
-4
-3
-2
0
1
1
1
-1
2
1
1
4
5
6
5
6
6
6
7
11
11
13
13
11
13
12
11
12
10
13
13
12
11
8
7
5
4
4
7
5
5
4
2
0
2
0
3
2
4
6
4
5
3
3
5
6
4
7
8
6
5
8
8
7
6
3
4
4
3
4
2
2
1
3
3
-1
1
0
-2
-3
-3
-3
-3
-6
-7
-8
-11
-11
-11
-11
-9
-12
-11
-10
-11
-8
-9
-10
-10
-11
-10
-11
-12
-9
-6
-4
-2
-1
-2
-1
0
-1
0
2
2
3
3
2
2
4
5
3
5
5
4
5
5
5
7
3
4
3
1
0
1
-1
-1
-1
-3
-3
-3
-2
-1
-1
-2
-4
-6
-5
-5
-6
-8
-7
-4
-4
-1
2
3
3
4
6
7
8
7
5
5
5
3
2
4
6
6
5
6
5
5
6
8
7
5
5
6
6
7
7
5
6
7
6
3
3
2
1
-1
-2
-3
-6
-7
-7
-9
-8
-8
-9
-9
-9
-8
-10
-11
-11
-13
-14
-13
-12
-11
-9
-10
-11
-10
-10
-7
-8
-6
-6
-6
-6
-8
-9
-8
-9
-9
-8
-8
-5
-5
-3
3
5
6
5
9
7
5
5
7
9
10
8
10
12
13
12
17
18
18
24
25
28
26
24
25
23
24
21
18
20
16
14
14
9
9
9
6
4
3
1
1
-1
0
-2
-2
-1
-3
-4
-7
-8
-11
-12
-13
-16
-15
-15
-15
-14
-16
-16
-17
-16
-14
-15
-15
-15
-15
-14
-14
-14
-10
-9
-9
-11
-9
-11
-13
-14
-15
-15
-14
-12
-12
-7
-9
-6
-3
-3
-3
-5
-1
-3
-1
-1
1
0
0
1
1
1
6
5
4
5
7
9
11
11
11
10
11
13
13
13
14
12
10
9
5
7
7
5
8
10
11
9
10
10
7
7
7
5
5
6
5
4
2
-1
-3
-5
-5
-4
-6
-4
-4
-5
-5
-4
-4
-5
-5
-3
-4
-4
-6
-6
-3
-2
-1
1
1
-2
-3
-4
-6
-3
-2
-3
-4
-4
-6
-6
-7
-8
-8
-4
-4
-2
-2
-4
-4
-2
-1
1
2
1
3
3
4
6
6
4
5
4
3
3
4
4
4
2
5
4
4
8
10
11
9
9
9
8
7
8
7
6
3
2
2
1
0
3
1
-1
0
2
4
3
4
3
2
3
5
2
-1
-2
-2
-1
-3
-5
-4
-8
-6
-5
-6
-5
-6
-5
-4
-4
-2
-6
-3
-4
-5
-3
-3
-2
-2
-4
-4
-4
-4
-5
-4
-6
-5
-4
-5
-3
-2
-1
-1
-3
-3
-4
-7
-6
-5
-4
-5
-3
-2
-2
-2
-3
-3
-4
-4
-4
-4
-1
0
1
3
3
2
1
1
2
1
-2
-3
-1
-2
-1
0
0
-2
-1
1
0
1
3
4
3
4
2
2
2
3
2
1
2
5
5
3
4
2
1
2
2
2
3
1
4
5
5
5
7
7
8
9
9
10
10
8
10
8
7
7
7
5
5
4
3
3
2
2
0
3
5
4
4
2
2
3
2
3
2
3
2
1
0
-2
-4
-6
-7
-8
-8
-8
-9
-7
-7
-8
-7
-8
-5
-7
-7
-6
-5
-6
-7
-7
-8
-6
-8
-10
-11
-9
-9
-10
-9
-7
-6
-6
-4
-4
-3
-1
0
1
1
2
3
4
3
4
5
4
5
3
3
3
5
6
2
4
4
4
5
6
6
5
7
8
7
8
7
8
7
4
4
5
4
3
2
2
1
1
0
-1
-1
-1
-1
0
0
-1
-3
-3
-5
-6
-7
-7
-8
-10
-10
-11
-13
-13
-12
-11
-10
-11
-10
-11
-8
-7
-8
-6
-4
-3
0
0
0
-1
1
1
2
3
3
3
3
6
6
7
8
9
10
10
8
7
8
7
9
8
10
10
8
7
5
4
5
4
4
4
4
3
5
5
3
1
3
2
3
6
7
8
9
9
9
9
7
6
6
5
4
3
3
3
0
0
0
0
0
1
0
1
0
0
-3
-5
-6
-8
-10
-8
-10
-8
-7
-9
-9
-10
-9
-10
-10
-8
-7
-7
-7
-7
-7
-7
-6
-7
-8
-8
-6
-5
-7
-5
-4
-4
-2
-3
-2
-2
-4
-4
-5
-6
-4
-2
0
1
2
2
5
6
5
7
5
6
7
4
5
2
4
2
0
0
-1
0
0
-1
0
-1
1
2
1
1
1
0
-1
-1
0
0
-1
0
3
1
1
1
1
1
3
2
2
0
1
0
1
1
1
0
-1
0
1
2
1
1
1
-1
-2
0
-2
-1
0
1
1
1
2
-1
-2
1
0
0
1
0
1
2
2
1
3
1
1
0
-1
-1
-1
0
0
2
0
1
4
3
3
3
4
3
4
4
4
5
5
3
2
2
3
2
2
2
3
3
3
2
3
2
4
2
3
4
3
3
3
3
3
4
4
3
4
3
1
1
-2
-2
-1
-1
-1
-2
-1
-1
-3
-3
-4
-5
-3
-4
-2
-3
-2
-4
-5
-5
-8
-7
-7
-4
-7
-4
-6
-5
-5
-4
-6
-8
-7
-9
-6
-6
-6
-5
-6
-4
-5
-5
-4
-5
-4
-6
-8
-8
-6
-9
-5
-4
-4
-2
-2
-1
0
1
0
2
2
2
1
0
-1
-1
-2
-1
-1
-2
0
1
0
0
0
0
-1
1
0
-1
0
2
4
4
5
4
5
6
5
6
5
5
4
4
5
4
5
6
7
6
5
5
4
7
5
5
6
5
5
