1
0
1
2
1
0
-1
0
-1
-1
-3
-4
-4
-4
-4
-3
-4
-4
-2
-5
-7
-6
-5
-6
-5
-6
-6
-3
-3
-3
-3
-1
-2
-3
-2
0
-1
-2
-1
0
1
-1
-1
-1
-2
-1
-1
0
0
0
1
2
1
2
3
3
3
4
3
4
3
2
2
4
2
3
3
1
1
1
1
0
0
-1
-1
-1
-2
-1
-3
-1
0
0
0
1
1
2
3
4
3
3
3
2
3
4
3
2
4
4
3
1
2
0
1
0
0
-1
-2
-1
1
0
-1
0
-1
1
0
0
0
-1
-2
-2
-3
-4
-3
-4
-3
-3
-2
-1
-2
0
0
-1
-2
-2
-2
0
1
2
3
0
2
2
2
2
3
4
3
3
4
3
2
2
1
2
1
1
0
1
1
2
1
-1
0
0
-2
0
-2
-1
-2
-2
-2
-4
-5
-5
-3
-4
-4
-4
-3
-3
-2
-2
-2
-1
-1
2
0
-1
-2
0
0
1
1
1
0
2
2
3
3
2
2
1
0
1
1
-2
0
-2
0
-2
-1
1
-1
0
0
1
1
1
2
2
3
4
3
1
1
2
0
2
2
-1
-1
-1
0
-1
-1
-1
2
2
1
0
0
-1
-1
0
-3
0
0
-2
-2
-3
-1
-1
-2
-2
-3
-3
-3
-3
-4
-2
-4
-4
-4
-2
-1
0
-3
-2
0
-2
-1
-1
-1
0
-1
-1
-1
0
1
1
0
0
1
1
1
2
1
2
2
1
0
1
2
1
2
2
-1
0
1
0
2
0
1
3
2
2
3
3
3
3
3
3
2
2
3
3
3
1
2
2
0
-1
1
1
1
2
0
1
2
0
-1
1
1
-1
1
-1
0
-1
-1
-1
0
-2
-2
-1
-1
0
-1
2
0
0
-1
-2
-1
0
0
-1
-1
-2
-2
-2
-3
-2
-1
-1
-1
1
-1
-1
0
0
1
2
2
1
2
1
-1
-1
0
0
-1
0
0
-1
-1
1
3
3
0
1
1
-1
-1
-3
-1
1
0
-1
2
1
0
-2
-2
0
-1
1
0
0
0
0
1
-1
-3
-2
0
-2
-1
-1
-1
0
0
0
-2
-1
-1
-2
-4
-3
-3
-3
0
1
-1
0
0
-2
0
-1
-1
1
-1
0
0
-1
0
0
-1
-1
1
0
1
0
3
1
0
0
0
0
2
1
2
3
1
1
-1
0
0
1
-1
0
-1
1
-1
-1
-2
0
-2
-1
-2
-2
-2
-2
-1
0
0
0
0
-1
1
2
2
1
2
1
1
3
2
2
2
3
2
2
3
2
4
3
3
1
3
2
2
2
3
2
2
2
0
2
1
1
0
1
1
1
-1
-1
-1
-2
-1
0
1
1
1
0
-1
-1
-1
-2
-2
0
0
0
-1
-1
0
-1
-1
-1
-1
-3
-1
-1
0
0
0
0
-1
1
0
-2
-2
-1
-2
-3
-4
-2
-3
-5
-3
-1
-2
-1
0
-1
2
1
0
0
1
1
0
0
0
-2
-2
-2
-3
-2
-2
-1
1
1
1
3
2
2
3
3
1
1
1
2
2
1
1
1
-1
1
-1
-2
-1
-1
-3
-1
-3
-3
-2
-1
-1
-2
-2
-3
-2
-4
-3
-3
-2
-2
-1
1
1
1
0
2
0
1
2
2
3
3
3
1
-2
0
-1
-2
0
-1
-2
0
-2
0
0
0
1
2
2
3
3
3
3
2
2
3
3
4
4
4
5
4
5
4
5
2
2
1
1
4
2
2
3
3
3
2
2
0
1
1
1
2
0
2
3
2
0
1
1
0
0
-1
-2
-2
-3
-3
-4
-2
-2
-4
-2
-4
-3
-2
-1
-3
-2
-3
-3
-3
-3
-2
-1
-2
-2
-2
-2
-2
-2
-3
-1
-2
-3
-3
-3
-3
-3
-3
-1
-1
-2
0
0
-2
-3
-3
-2
-3
-3
-1
-1
-1
-1
0
-2
-1
-1
2
1
1
0
0
1
-1
-2
-1
0
-1
1
1
0
0
0
1
1
0
1
2
2
2
2
2
2
2
3
2
3
4
3
2
3
3
4
2
3
1
1
2
2
2
1
1
2
1
1
1
1
-1
0
-1
-1
-1
-1
-1
-3
-2
-2
-3
-3
-4
-5
-5
-4
-4
-3
-2
-2
-1
-2
-2
-1
-3
-1
-2
-1
0
2
3
4
3
4
3
3
3
3
3
2
5
3
4
3
3
3
1
3
3
3
3
3
1
3
5
3
3
3
1
0
1
0
-1
-1
-1
-2
-1
0
-1
-1
0
-1
-2
-3
-3
-1
-2
-3
-2
-3
-2
-3
-4
-3
-2
0
0
0
-1
-1
-1
-2
0
0
1
1
-2
-1
-1
-2
-1
-3
-1
-1
-1
-3
-1
-1
-1
-1
-2
0
0
0
2
0
1
0
-1
0
1
1
-1
-1
0
-1
0
0
1
0
3
1
2
3
1
1
-1
0
1
-1
0
0
-2
-2
0
-1
0
1
0
0
-3
-1
-1
-1
0
0
-2
-2
0
-2
-3
-2
-3
-2
-2
-4
-3
-2
-4
-4
-3
-4
-4
-4
-5
-3
-3
-2
0
-1
0
-1
1
-1
1
3
0
3
5
4
3
5
3
4
3
4
6
5
2
3
1
1
1
1
3
2
3
1
3
3
3
5
3
1
3
4
2
4
3
2
3
2
3
1
3
2
1
0
0
0
-1
-1
0
0
0
0
0
0
2
3
2
1
0
-1
0
1
0
1
-1
0
0
0
0
-1
1
1
1
1
2
1
0
1
1
-2
-1
-1
-1
-1
-1
-1
-2
-1
-1
-1
-3
-1
-1
0
-1
-1
-2
-3
-1
-4
-4
-4
-4
-5
-5
-5
-3
-3
-3
-4
-3
-1
-3
-1
-3
-1
-1
0
0
0
1
1
-1
-2
-1
-2
-2
-2
1
1
-1
0
1
1
0
-1
1
0
0
-1
-1
0
1
2
0
0
0
1
0
2
2
1
3
0
3
1
1
2
1
0
-1
-1
0
-1
-1
-2
1
-1
-1
0
0
0
2
1
1
3
1
1
1
2
1
1
1
1
0
-1
-1
-1
-1
-2
-1
0
0
-1
1
3
2
2
3
2
2
1
0
1
0
1
2
0
1
3
3
3
2
3
2
2
2
1
2
2
2
1
0
0
1
-2
-1
-1
-2
-1
-1
-1
-1
-2
-1
0
0
1
1
1
2
1
2
1
-1
-1
-3
-2
-2
-2
-1
1
1
1
2
3
2
1
4
3
1
1
1
2
1
2
1
-1
0
1
0
0
-2
-1
-1
-3
-1
-2
-3
-1
-2
0
-1
-1
-1
0
0
-2
-2
0
0
-2
-1
0
1
-1
0
0
0
-2
-3
-1
-3
-3
-3
-5
-4
-3
-6
-2
-2
-3
-2
-3
-4
-2
-2
-2
-1
-3
0
-1
-2
-2
-2
-2
-2
-3
-3
-3
-4
-2
-4
-3
-2
-1
-2
-1
-2
-3
0
0
0
2
2
4
2
1
1
4
3
2
4
4
4
4
5
3
2
4
4
3
4
3
3
5
4
6
3
5
6
5
6
6
6
6
3
4
4
3
4
5
5
3
5
4
2
0
1
-1
-1
-1
0
1
0
0
1
1
1
1
0
1
1
1
1
-1
1
0
1
1
0
0
0
-1
-1
-2
-4
-4
-4
-4
-3
-3
-4
-3
-4
-4
-4
-4
-4
-5
-4
-3
-2
-4
-3
-2
-1
-1
-1
0
-1
1
0
1
0
0
1
-1
1
-1
-1
-2
1
0
-2
-1
-2
-3
-2
-2
-1
-2
-1
-2
-2
-2
-2
-3
-2
-3
-3
-2
-3
-3
-4
-3
-1
-1
-3
-3
-2
-3
-1
0
-1
-2
-1
-1
-1
-1
0
-1
0
1
0
2
2
2
3
1
3
2
1
2
1
1
1
1
3
2
2
2
3
4
3
3
4
6
3
5
4
4
2
3
3
3
3
2
3
3
3
1
2
2
3
3
3
2
1
2
3
1
2
2
1
2
1
2
2
0
0
1
0
0
0
-1
0
0
0
1
1
1
0
0
1
-1
0
-1
-1
-1
-2
-1
-3
-4
-4
-3
-2
-2
0
-1
-1
-1
-3
-3
-3
-1
-1
1
-1
-1
-1
-2
-1
0
-2
0
0
-1
-2
-2
-2
-4
-3
-4
-1
-2
-1
0
-1
-2
-3
-2
-2
-4
-4
-4
-4
-2
-2
-3
-2
-1
-1
0
0
3
1
1
1
0
1
1
1
0
2
1
2
0
0
0
1
-1
0
-1
-1
0
0
1
0
0
1
1
2
1
2
4
4
4
5
5
4
5
4
2
2
1
3
2
2
0
0
0
-1
-2
-1
0
-2
-2
-2
-1
-2
-2
-2
0
-1
0
-1
-1
1
0
0
0
1
0
-1
0
0
0
-1
0
0
0
0
0
-1
-1
0
-2
-1
-1
-2
0
0
0
0
0
-1
-1
0
-2
-2
-1
-3
-2
-2
-2
0
0
-2
0
1
1
1
1
1
0
1
1
2
2
1
2
0
2
3
3
3
6
4
4
3
3
2
2
1
1
2
0
0
0
0
0
0
1
2
2
1
2
1
1
0
1
1
0
0
-1
-2
-1
-2
0
-1
-1
-4
-1
-3
-2
-2
-3
0
-2
0
-1
0
1
1
1
1
0
-2
-2
-1
-2
-2
-2
-3
-4
-4
-5
-5
-4
-4
-4
-4
-2
-1
-1
-1
-1
0
-2
-2
-1
-1
1
0
0
1
4
1
2
2
2
1
1
1
-1
0
-1
-2
0
-1
-2
0
0
-2
1
2
2
2
5
4
4
3
4
3
2
2
1
2
2
2
1
-1
0
0
0
0
1
1
-2
-3
-2
-2
-3
-3
-4
-2
-3
-1
0
-1
0
-1
0
0
1
-1
0
0
-1
-2
0
1
-1
0
-1
0
0
0
0
1
1
2
3
1
2
2
1
1
3
3
3
5
5
6
5
5
4
2
3
1
2
3
3
3
3
3
3
1
2
1
0
1
0
1
-1
-1
-1
0
-2
-3
-3
-4
-4
-5
-4
-3
-4
-3
-2
-2
-3
-2
-2
0
-2
-1
-2
-4
-5
-4
-4
-4
-5
-4
-5
-4
-3
-3
-3
-4
-4
-5
-4
-4
-3
-3
-2
-1
-2
-1
0
0
1
1
2
2
2
3
3
3
3
2
4
4
6
6
6
6
6
5
5
4
4
3
4
3
3
4
4
5
3
2
2
2
0
3
0
0
-2
-1
-2
-4
-2
-3
-3
-2
-2
-2
-4
-2
-2
-5
-3
-2
-1
-1
-2
-2
-2
-3
-1
-4
-3
-3
-3
-3
-3
-3
-4
-3
-3
-4
-5
-5
-5
-4
-2
-2
-2
-2
-2
-1
-2
-1
0
-1
2
1
1
0
1
3
3
5
4
3
4
4
3
3
5
4
5
5
4
4
2
5
5
4
5
4
4
4
6
5
4
6
6
4
4
5
4
5
6
6
5
4
6
5
4
4
2
3
2
2
3
3
2
1
1
2
1
0
0
-1
-2
-2
-5
-4
-6
-9
-7
-9
-10
-12
-12
-13
-14
-13
-12
-13
-12
-12
-13
-13
-13
-13
-13
-11
-12
-12
-10
-9
-7
-5
-6
-8
-5
-4
-4
-3
0
0
1
1
2
2
3
4
5
4
5
8
10
10
9
10
11
12
12
12
13
14
15
16
15
15
15
15
15
14
14
14
15
12
11
10
10
9
9
8
7
8
7
5
4
3
3
0
-2
-2
-3
-3
-6
-5
-7
-9
-10
-8
-9
-11
-11
-12
-13
-15
-15
-17
-17
-19
-20
-21
-20
-22
-22
-21
-21
-22
-21
-20
-19
-20
-19
-17
-15
-14
-13
-12
-11
-9
-7
-5
-2
0
2
3
4
7
7
8
10
13
14
14
16
18
19
22
22
24
23
24
26
28
29
29
31
31
32
32
32
31
31
30
31
31
29
28
29
26
24
20
19
17
13
12
10
7
5
4
1
-3
-4
-8
-10
-16
-18
-20
-22
-24
-26
-28
-31
-34
-36
-39
-42
-42
-44
-43
-44
-45
-46
-45
-44
-45
-44
-41
-41
-41
-41
-39
-37
-37
-38
-35
-32
-29
-27
-24
-21
-21
-19
-15
-13
-12
-11
-5
-4
-2
-1
2
8
12
16
18
23
25
31
36
40
46
51
54
58
62
70
70
72
75
77
77
79
79
77
79
77
76
74
74
74
68
66
61
57
53
48
45
38
34
29
21
14
7
0
-8
-17
-27
-35
-43
-48
-54
-61
-66
-72
-77
-81
-84
-89
-93
-96
-99
-105
-106
-108
-107
-105
-100
-98
-95
-90
-89
-86
-84
-79
-76
-73
-69
-64
-64
-62
-59
-52
-48
-44
-40
-39
-33
-29
-27
-22
-19
-12
-5
2
9
17
25
29
41
51
58
71
81
87
98
113
125
134
145
155
163
175
185
191
195
200
204
206
205
206
200
198
195
187
184
172
162
149
141
128
112
100
85
67
52
31
16
-4
-26
-43
-63
-84
-104
-126
-147
-168
-189
-206
-225
-241
-249
-261
-274
-279
-287
-295
-298
-300
-298
-297
-301
-296
-291
-284
-271
-262
-240
-227
-207
-188
-169
-147
-130
-110
-93
-81
-68
-62
-56
-53
-45
-35
-26
-14
-3
3
13
26
47
64
82
93
102
118
132
156
181
199
214
242
269
288
315
343
363
376
390
400
402
402
405
411
410
406
402
397
386
380
370
356
338
312
297
277
251
233
204
172
145
111
84
48
21
-18
-58
-98
-138
-181
-226
-264
-306
-356
-391
-424
-462
-488
-505
-531
-546
-559
-577
-581
-587
-583
-588
-585
-581
-570
-556
-534
-505
-485
-451
-427
-397
-362
-326
-296
-267
-226
-188
-163
-130
-96
-70
-54
-37
-19
-2
13
29
50
63
85
96
118
143
163
194
207
234
259
281
309
329
365
391
428
461
485
521
555
571
606
631
657
687
699
713
715
716
706
697
696
678
669
652
635
606
588
552
516
476
422
384
337
291
249
201
157
97
43
-9
-82
-133
-207
-274
-333
-412
-478
-535
-602
-651
-696
-743
-776
-816
-833
-847
-872
-881
-892
-895
-895
-885
-871
-856
-835
-813
-792
-762
-728
-695
-645
-605
-553
-492
-430
-367
-316
-255
-204
-156
-101
-49
5
46
79
119
154
176
196
206
224
237
262
279
291
309
322
332
346
363
381
392
410
425
444
479
513
552
596
630
676
714
740
763
776
799
800
790
781
784
771
766
750
736
721
699
677
649
614
564
511
453
404
351
295
236
174
117
55
-15
-70
-147
-219
-290
-370
-448
-522
-601
-660
-724
-787
-823
-873
-909
-950
-981
-1002
-1012
-1021
-1040
-1039
-1042
-1026
-1004
-966
-929
-891
-837
-811
-764
-711
-651
-592
-526
-453
-387
-321
-264
-188
-118
-52
30
104
172
234
284
340
363
391
415
419
446
444
436
426
421
427
427
423
429
416
411
408
414
429
445
445
443
469
486
526
559
589
613
650
680
698
722
726
723
721
711
698
675
643
622
595
578
565
526
483
447
399
343
291
234
177
133
76
31
-21
-72
-136
-192
-265
-329
-391
-464
-528
-599
-656
-721
-764
-818
-867
-891
-924
-951
-970
-1000
-997
-1007
-995
-990
-981
-967
-949
-915
-878
-833
-785
-742
-689
-619
-562
-481
-415
-350
-277
-210
-128
-56
17
85
150
215
284
337
388
436
469
491
508
528
541
549
537
533
512
490
487
470
477
464
455
437
426
414
410
413
416
415
411
414
422
448
473
492
501
523
527
539
566
569
563
549
535
521
498
474
453
440
414
378
345
304
263
234
200
163
122
73
34
-2
-47
-88
-130
-165
-205
-249
-285
-351
-414
-479
-552
-603
-650
-685
-718
-752
-770
-796
-832
-850
-870
-887
-887
-892
-886
-872
-851
-825
-797
-755
-708
-667
-610
-553
-500
-445
-390
-330
-269
-199
-135
-54
10
74
142
205
273
326
383
432
463
496
516
523
525
516
517
515
512
492
470
430
411
396
374
360
328
303
281
275
269
274
271
260
263
261
272
286
306
325
357
365
389
398
411
417
417
425
406
396
397
385
374
379
370
369
347
322
312
282
268
234
191
148
104
68
27
-7
-63
-109
-156
-205
-250
-300
-371
-428
-474
-536
-599
-653
-689
-736
-767
-784
-809
-841
-856
-864
-880
-869
-864
-858
-830
-803
-767
-722
-686
-633
-578
-512
-439
-385
-324
-272
-209
-134
-62
4
82
136
190
262
322
384
415
455
475
499
516
509
498
514
505
488
474
444
420
389
365
343
337
319
292
262
244
226
219
216
189
198
202
233
255
274
298
313
349
370
396
421
433
446
454
457
461
470
468
463
468
465
470
455
432
429
394
354
330
306
261
212
175
120
73
23
-33
-83
-146
-213
-278
-357
-433
-504
-567
-629
-693
-745
-794
-835
-859
-900
-934
-955
-970
-975
-971
-951
-946
-927
-900
-861
-811
-754
-708
-648
-589
-536
-467
-405
-338
-267
-202
-127
-45
14
78
133
199
274
329
372
406
447
465
472
487
483
490
478
476
466
435
414
389
362
341
321
302
293
267
239
225
229
223
227
218
227
253
258
293
320
354
369
400
428
459
481
503
537
537
544
549
560
561
583
598
604
611
597
587
557
536
499
453
408
336
287
230
173
102
39
-32
-105
-176
-249
-330
-421
-494
-580
-652
-712
-775
-834
-877
-908
-933
-957
-972
-986
-993
-1003
-1013
-999
-985
-960
-925
-873
-824
-777
-726
-674
-609
-548
-500
-443
-388
-329
-264
-194
-127
-68
-20
36
89
141
210
252
299
341
368
391
412
412
422
428
438
450
445
428
416
401
385
382
377
378
359
364
375
377
386
384
381
399
404
433
461
481
508
536
563
574
606
633
643
651
674
671
667
664
649
642
630
622
597
575
544
513
468
414
358
290
229
147
83
20
-61
-128
-206
-280
-363
-438
-523
-595
-667
-750
-828
-899
-950
-1000
-1049
-1076
-1087
-1120
-1128
-1126
-1131
-1125
-1120
-1112
-1102
-1074
-1029
-983
-934
-860
-793
-711
-638
-578
-503
-439
-384
-312
-247
-157
-70
2
74
147
206
270
348
408
460
501
545
570
596
616
619
638
651
648
648
650
643
631
617
625
625
620
608
592
606
597
601
583
563
547
549
564
587
604
626
643
637
648
649
657
654
662
656
631
615
595
562
536
521
500
476
441
394
348
293
225
148
59
-33
-99
-174
-230
-299
-369
-445
-538
-610
-685
-765
-847
-916
-989
-1053
-1112
-1161
-1203
-1239
-1272
-1278
-1288
-1288
-1271
-1249
-1211
-1176
-1144
-1104
-1056
-991
-918
-834
-760
-684
-605
-532
-448
-379
-317
-241
-174
-91
10
107
195
277
347
419
493
565
635
695
739
783
811
807
824
837
852
853
845
835
816
789
774
766
752
727
697
672
645
629
632
627
601
576
551
548
557
569
572
586
584
576
579
587
582
569
580
559
527
487
462
415
364
322
296
244
173
118
48
-19
-98
-190
-264
-349
-416
-484
-549
-601
-676
-743
-811
-867
-929
-988
-1046
-1103
-1139
-1171
-1193
-1210
-1222
-1234
-1235
-1217
-1189
-1159
-1119
-1064
-1022
-962
-910
-865
-800
-740
-663
-565
-470
-380
-305
-223
-147
-54
29
113
195
256
341
433
508
590
652
716
773
834
900
945
987
988
984
946
907
880
867
867
848
824
775
731
711
690
669
636
575
540
494
478
472
463
421
369
331
307
289
300
318
342
356
341
351
330
310
300
274
255
242
211
183
154
130
104
68
23
-26
-75
-115
-151
-206
-271
-342
-420
-482
-537
-587
-632
-678
-708
-753
-807
-855
-928
-983
-1014
-1040
-1061
-1081
-1089
-1076
-1060
-1045
-1017
-989
-961
-925
-891
-852
-797
-747
-688
-625
-544
-470
-391
-306
-220
-140
-45
40
114
204
281
353
419
486
548
611
671
719
796
844
878
928
948
974
952
902
819
768
771
784
771
725
673
608
576
551
542
491
426
362
326
349
370
367
341
296
268
242
229
226
244
285
320
354
331
305
283
272
270
242
208
151
102
98
108
117
78
16
-40
-84
-123
-163
-217
-278
-319
-369
-384
-436
-505
-561
-622
-672
-742
-783
-838
-883
-918
-908
-892
-921
-939
-980
-982
-970
-945
-921
-897
-840
-773
-686
-663
-613
-587
-532
-464
-378
-286
-211
-110
-54
34
62
69
96
158
248
308
375
454
496
533
575
607
625
645
671
728
806
891
818
607
250
-8
-103
-18
36
74
154
332
597
720
678
503
361
422
632
877
978
982
1029
1066
1039
857
559
361
321
455
597
602
467
271
172
105
27
-57
-121
-36
130
301
373
312
175
38
-52
-134
-217
-307
-366
-423
-500
-614
-764
-945
-1094
-1163
-1147
-1122
-1041
-1034
-1060
-1068
-1070
-994
-974
-935
-857
-744
-661
-573
-538
-558
-598
-634
-629
-580
-491
-404
-333
-306
-290
-255
-226
-223
-132
-53
50
209
341
390
351
360
403
496
528
565
587
602
612
595
597
491
554
582
690
733
714
576
287
-147
-432
-418
-201
83
289
554
739
900
901
782
576
396
505
764
1010
1092
1033
908
775
598
353
113
-6
84
260
402
418
358
177
34
-21
-3
58
116
232
295
338
330
215
78
-113
-231
-304
-377
-468
-570
-667
-755
-830
-904
-1002
-1076
-1092
-1030
-928
-851
-800
-799
-815
-813
-811
-806
-803
-790
-742
-681
-635
-643
-671
-699
-706
-677
-604
-500
-409
-361
-291
-229
-155
-110
-71
-24
62
159
283
402
491
536
520
535
524
525
506
481
476
466
525
571
606
637
656
689
586
351
-10
-392
-435
-226
120
361
533
810
977
1071
977
808
638
562
718
899
1042
1073
1037
929
752
518
180
-9
-5
114
271
379
439
349
166
61
-4
8
10
45
149
218
282
254
103
-103
-312
-466
-620
-704
-755
-811
-798
-795
-832
-949
-1058
-1110
-1107
-1058
-966
-865
-794
-747
-754
-775
-820
-861
-896
-916
-856
-784
-699
-653
-647
-650
-680
-661
-567
-465
-376
-260
-135
-20
61
141
208
263
349
456
549
566
548
517
478
499
522
534
502
525
574
644
703
700
557
191
-207
-466
-396
-185
143
392
740
1096
1357
1396
1170
911
665
632
731
870
938
914
977
973
842
531
202
65
45
165
348
509
587
506
429
383
316
227
83
39
80
159
234
179
110
-78
-271
-416
-605
-765
-932
-970
-892
-819
-783
-837
-919
-967
-1001
-999
-969
-950
-922
-894
-864
-812
-837
-884
-968
-991
-967
-947
-879
-873
-844
-824
-769
-708
-662
-665
-652
-567
-437
-271
-130
29
170
241
325
401
452
434
399
448
550
653
657
649
577
545
578
640
707
720
717
479
102
-269
-327
-131
212
550
927
1350
1627
1723
1528
1223
862
577
497
535
676
746
910
1019
916
651
281
73
-54
-42
108
359
542
548
496
413
291
126
-23
-136
-125
-58
57
173
219
146
-60
-242
-472
-722
-909
-964
-916
-857
-783
-753
-809
-896
-988
-1063
-1097
-1110
-1130
-1091
-1005
-882
-821
-812
-814
-864
-887
-890
-855
-829
-790
-727
-677
-625
-630
-631
-601
-550
-452
-375
-252
-108
47
222
368
467
545
582
578
572
566
588
594
665
728
773
791
762
742
678
633
410
24
-403
-562
-367
6
463
856
1287
1563
1709
1612
1293
887
497
363
415
600
735
857
972
948
730
375
105
-84
-114
48
327
570
645
599
498
386
196
38
-93
-134
-82
61
197
241
196
22
-162
-382
-620
-821
-954
-959
-891
-805
-754
-749
-840
-933
-993
-1030
-1068
-1120
-1094
-1052
-977
-922
-889
-900
-924
-934
-901
-874
-869
-844
-827
-791
-740
-693
-648
-562
-469
-380
-266
-187
-92
40
182
295
387
444
458
509
565
592
612
590
618
631
677
710
701
697
707
582
144
-396
-659
-484
-136
292
703
1146
1542
1765
1736
1446
1023
584
358
320
455
624
798
976
1012
852
540
240
-22
-91
78
350
583
700
743
702
557
367
156
-2
-67
-35
66
213
296
249
133
-2
-185
-476
-732
-876
-904
-843
-769
-696
-680
-714
-762
-819
-872
-965
-1022
-1057
-1067
-1035
-1001
-959
-935
-950
-975
-941
-922
-931
-911
-841
-803
-780
-693
-638
-612
-564
-472
-355
-206
-128
-80
-12
90
173
259
339
408
479
515
556
528
527
502
558
598
611
739
794
841
580
93
-496
-773
-610
-235
296
815
1403
1797
2003
1863
1427
887
455
270
230
425
672
904
1060
1080
897
488
106
-162
-203
-45
251
462
625
668
629
465
238
106
-92
-128
-92
31
157
195
187
75
-66
-273
-549
-797
-919
-926
-860
-726
-601
-559
-552
-565
-622
-706
-786
-884
-966
-1003
-939
-881
-842
-832
-847
-804
-783
-788
-806
-835
-843
-839
-828
-744
-636
-570
-506
-426
-329
-261
-188
-175
-119
-51
70
206
239
355
406
501
466
482
438
384
437
537
693
776
640
159
-453
-792
-829
-692
-336
228
936
1481
1890
1988
1751
1345
920
621
436
508
672
840
1048
1158
1086
786
447
174
-29
5
182
361
557
715
771
640
501
368
161
44
44
147
224
293
334
246
151
-35
-300
-562
-734
-802
-838
-800
-713
-654
-568
-478
-435
-449
-494
-561
-659
-736
-783
-832
-869
-884
-890
-858
-841
-851
-894
-947
-945
-940
-936
-897
-820
-719
-627
-562
-514
-476
-429
-387
-345
-219
-130
-30
-3
44
64
89
150
205
254
225
249
286
381
504
607
691
738
530
71
-462
-663
-599
-381
-61
360
928
1394
1671
1631
1407
1161
892
658
576
672
840
1056
1213
1222
1034
726
433
184
62
101
216
348
502
578
554
456
361
261
167
164
200
281
356
427
383
290
171
-49
-330
-587
-709
-758
-747
-679
-629
-580
-496
-436
-436
-460
-500
-572
-663
-723
-757
-787
-817
-866
-889
-922
-977
-1011
-1067
-1075
-1032
-985
-944
-929
-828
-712
-588
-481
-441
-424
-397
-333
-274
-190
-111
-57
-13
61
139
167
148
144
169
223
292
367
436
534
630
600
465
254
55
-89
-184
-159
-153
-6
278
689
1039
1246
1369
1304
1241
1097
953
818
795
906
990
1084
1082
964
798
630
455
298
214
252
327
429
513
531
491
401
331
269
270
305
362
395
377
367
269
112
-108
-331
-525
-651
-707
-750
-744
-705
-626
-579
-576
-634
-716
-794
-835
-821
-822
-839
-844
-885
-919
-938
-967
-992
-1029
-1057
-1051
-1022
-984
-953
-913
-812
-690
-588
-548
-513
-510
-476
-405
-284
-168
-55
16
70
117
125
118
55
10
-47
-22
79
202
293
383
469
565
630
635
712
787
736
411
18
-161
-118
33
214
463
814
1135
1337
1330
1216
1086
960
890
934
1085
1183
1169
1124
1041
869
606
381
272
229
284
307
319
347
320
264
174
154
194
215
270
309
362
359
264
107
-97
-209
-306
-409
-494
-529
-553
-602
-656
-732
-802
-851
-899
-910
-878
-859
-862
-910
-936
-929
-953
-966
-985
-968
-917
-889
-871
-888
-878
-874
-852
-809
-765
-682
-603
-506
-442
-392
-333
-285
-224
-146
-77
-7
63
151
171
203
147
166
214
298
406
434
527
543
631
607
542
422
273
221
254
410
432
367
219
230
400
591
745
833
987
1119
1248
1273
1228
1112
970
856
801
827
810
796
729
654
537
394
235
96
63
68
154
200
238
269
270
261
292
298
266
213
132
77
31
-15
-98
-194
-323
-450
-583
-712
-831
-915
-994
-1038
-1039
-1040
-1041
-1051
-1050
-1041
-962
-941
-931
-914
-885
-864
-870
-849
-849
-859
-892
-919
-927
-874
-807
-764
-701
-598
-464
-362
-258
-154
-46
-16
-29
18
61
165
227
300
326
345
372
388
364
307
294
330
406
513
695
832
1012
1142
1136
949
657
393
266
192
160
170
295
505
725
905
951
904
811
768
770
861
1006
1109
1173
1160
1083
892
688
475
266
135
91
111
97
75
38
-21
-45
-56
-77
-75
-23
56
168
296
351
327
219
93
-71
-256
-435
-623
-809
-991
-1123
-1218
-1263
-1268
-1267
-1239
-1171
-1084
-1004
-959
-912
-855
-782
-714
-679
-663
-693
-717
-771
-817
-864
-892
-864
-791
-677
-592
-525
-444
-374
-340
-262
-169
-75
-21
24
143
304
402
388
337
306
303
294
287
321
386
490
618
816
902
915
917
874
830
763
648
547
537
504
405
240
154
237
398
591
699
772
855
947
1063
1103
1080
989
888
864
856
834
748
580
383
235
141
81
31
-13
-54
-77
-87
-111
-146
-163
-138
-2
176
280
314
218
67
-85
-219
-359
-550
-716
-855
-971
-1049
-1127
-1186
-1236
-1265
-1244
-1184
-1108
-1035
-971
-878
-763
-700
-660
-668
-669
-666
-662
-654
-661
-638
-620
-626
-630
-609
-550
-513
-480
-391
-255
-96
35
150
232
304
309
299
288
306
333
358
449
535
606
589
590
618
661
666
657
673
758
899
939
908
763
687
598
600
578
425
249
56
77
150
316
492
576
579
539
601
609
649
642
636
671
746
816
752
625
470
262
71
-31
-88
-125
-193
-210
-228
-238
-226
-232
-180
-86
42
135
148
113
-13
-145
-249
-328
-439
-561
-676
-819
-948
-1046
-1077
-1126
-1156
-1119
-1053
-948
-867
-832
-803
-751
-663
-601
-578
-516
-456
-434
-447
-477
-534
-598
-637
-648
-613
-517
-386
-279
-184
-104
-7
65
107
147
167
188
225
305
415
519
590
622
632
620
612
588
632
699
735
783
821
878
879
833
745
612
496
409
374
380
382
290
154
51
16
88
190
304
366
383
432
513
585
633
618
579
520
504
500
399
329
215
119
55
22
-13
-86
-146
-209
-256
-258
-216
-147
-72
4
64
50
-62
-192
-317
-410
-421
-433
-434
-446
-500
-607
-714
-789
-845
-888
-914
-923
-891
-815
-752
-707
-650
-588
-534
-512
-557
-592
-614
-586
-522
-473
-426
-381
-349
-303
-296
-277
-267
-226
-153
-72
22
67
119
162
201
250
309
359
375
413
466
599
651
633
606
606
692
713
744
699
661
731
800
793
750
676
527
393
286
227
118
6
-116
-184
-194
-94
100
235
316
327
362
423
530
597
571
574
572
588
539
445
308
121
3
-64
-95
-102
-104
-110
-112
-111
-105
-112
-129
-159
-150
-160
-172
-171
-187
-226
-214
-188
-189
-244
-382
-559
-724
-793
-803
-766
-758
-730
-716
-716
-744
-794
-856
-896
-865
-811
-729
-673
-616
-563
-494
-388
-330
-285
-264
-255
-251
-202
-114
-56
-40
-131
32
149
261
308
372
359
262
237
176
255
370
543
722
973
972
813
691
555
534
560
651
811
960
985
885
760
462
108
-68
-68
-75
-21
18
-12
-7
-67
-110
-79
105
143
200
322
411
433
491
536
455
450
428
400
330
233
156
81
81
116
115
45
-50
-140
-275
-321
-271
-246
-218
-184
-127
-132
-114
-93
-169
-257
-330
-369
-433
-413
-424
-454
-473
-477
-549
-679
-789
-936
-997
-939
-864
-808
-699
-660
-628
-598
-628
-733
-660
-498
-259
-4
224
131
-23
-162
-361
-315
-139
50
223
452
552
445
234
40
-111
-46
26
225
433
571
696
777
764
681
713
670
646
660
794
760
622
630
497
386
351
305
136
54
4
-187
-291
-342
-334
-280
-8
138
86
20
24
126
259
399
485
417
371
408
429
493
522
461
324
242
192
48
-44
-56
-101
-131
-89
-76
-57
-134
-169
-224
-315
-348
-345
-325
-244
-34
38
44
40
-143
-302
-425
-554
-651
-723
-738
-698
-652
-663
-658
-708
-770
-811
-816
-788
-732
-619
-504
-391
-323
-253
-207
-148
-57
16
56
71
65
20
-6
79
165
193
219
201
183
187
200
221
260
340
424
506
560
608
513
461
502
620
693
632
572
425
407
521
631
631
498
346
172
63
-48
-204
-313
-348
-272
-177
-117
-179
-278
-277
-134
117
264
345
384
393
475
526
575
545
413
297
274
307
305
250
169
96
58
8
-84
-169
-251
-303
-267
-226
-205
-160
-124
-74
-68
-69
-137
-278
-405
-471
-477
-423
-408
-466
-548
-606
-601
-591
-581
-648
-707
-751
-792
-777
-712
-652
-574
-492
-385
-308
-292
-265
-215
-124
-6
117
180
214
225
224
223
194
182
159
199
288
391
447
457
436
455
476
474
426
323
323
346
464
543
535
515
458
467
455
440
342
269
163
36
-62
-157
-146
-223
-297
-282
-303
-293
-317
-270
-120
26
138
107
104
158
233
294
302
313
269
261
353
502
567
559
465
328
239
147
135
106
72
47
2
-59
-83
-124
-164
-149
-142
-183
-257
-302
-306
-239
-173
-150
-234
-337
-400
-425
-407
-409
-431
-517
-627
-707
-700
-673
-653
-605
-571
-567
-553
-516
-476
-427
-362
-266
-164
-109
-78
-55
-44
13
115
202
243
297
369
384
445
475
371
301
269
305
294
237
189
250
422
496
511
402
331
317
324
345
291
204
137
122
137
32
-81
-245
-282
-175
-50
-3
-115
-225
-220
-29
121
78
-15
-49
30
96
214
287
269
248
282
461
610
671
593
488
477
458
374
397
446
391
348
212
106
-9
-115
-131
-154
-158
-235
-349
-360
-334
-249
-286
-353
-425
-539
-502
-418
-299
-332
-452
-628
-783
-703
-631
-565
-574
-559
-452
-505
-568
-531
-430
-420
-374
-336
-416
-343
-199
-51
66
123
72
-81
-8
230
382
389
331
245
103
181
316
393
415
406
410
337
404
537
492
449
380
302
190
153
128
62
49
-14
-138
-259
-232
-158
-149
-24
30
-48
-172
-139
79
161
171
14
-84
-47
90
235
285
297
245
194
274
460
589
594
571
555
541
533
522
504
480
453
329
214
164
189
220
183
106
-11
-150
-216
-223
-190
-202
-271
-381
-486
-492
-440
-425
-494
-539
-627
-665
-639
-605
-562
-526
-525
-567
-580
-562
-512
-481
-432
-425
-447
-427
-417
-356
-248
-128
-88
-128
-166
-167
-107
-21
63
119
146
109
148
250
307
329
285
298
382
456
465
491
542
522
400
266
172
137
83
39
-15
-118
-211
-311
-249
-157
-46
-38
-149
-200
-111
93
166
141
62
-9
78
251
369
386
377
327
285
403
546
606
596
605
604
555
517
501
489
457
428
377
362
395
446
449
431
385
281
111
-16
-70
-86
-118
-203
-359
-491
-487
-482
-523
-591
-640
-663
-684
-677
-639
-634
-674
-692
-700
-715
-676
-633
-593
-563
-532
-473
-410
-334
-303
-297
-293
-259
-210
-182
-113
-110
-83
-53
-3
6
-34
-4
16
66
118
210
255
254
250
287
400
482
485
391
297
316
334
314
210
81
6
-80
-133
-276
-339
-332
-195
-66
-124
-206
-236
7
279
295
99
-113
-28
261
506
509
375
275
305
521
772
890
788
611
537
540
604
677
729
778
721
582
450
441
545
641
652
503
265
110
79
119
72
-91
-315
-513
-587
-518
-386
-363
-464
-616
-720
-709
-667
-646
-669
-742
-826
-916
-953
-855
-720
-637
-631
-681
-684
-581
-460
-394
-377
-402
-401
-367
-247
-133
-117
-131
-169
-179
-153
-100
-64
-45
-5
50
69
89
174
236
273
302
349
370
379
384
389
428
437
332
198
164
203
185
104
-19
-151
-161
-104
-1
-25
-151
-257
-174
108
312
218
-53
-153
55
310
438
336
199
186
268
437
579
643
643
650
660
695
700
677
753
874
876
768
577
460
536
669
651
443
222
130
127
100
19
-107
-271
-439
-511
-450
-326
-295
-409
-589
-663
-623
-595
-595
-597
-637
-750
-826
-841
-772
-658
-613
-627
-654
-623
-571
-522
-443
-395
-407
-441
-466
-407
-342
-281
-220
-243
-249
-217
-142
-82
-39
14
15
16
74
191
285
304
306
290
318
369
381
350
354
346
306
250
246
257
293
256
178
63
-64
-61
32
158
117
-74
-209
-68
190
298
91
-203
-227
-43
158
185
38
-34
-8
104
237
392
576
655
675
635
622
694
796
914
932
793
600
509
598
733
714
525
305
155
94
65
1
-87
-176
-322
-502
-639
-567
-346
-208
-306
-502
-650
-665
-570
-511
-510
-619
-802
-919
-845
-642
-498
-508
-571
-621
-607
-560
-494
-412
-384
-422
-509
-549
-484
-354
-260
-223
-233
-203
-170
-112
-27
15
51
52
42
84
198
354
388
322
290
335
365
407
433
454
396
330
313
341
431
450
413
320
275
182
87
43
161
212
30
-157
-139
123
276
38
-338
-501
-310
-47
-2
-134
-225
-199
-102
48
226
362
461
512
562
629
726
875
994
1054
927
680
504
533
711
758
585
368
215
175
180
146
80
10
-140
-427
-562
-429
-247
-216
-350
-456
-408
-323
-371
-458
-525
-564
-590
-690
-727
-721
-689
-671
-672
-610
-587
-570
-525
-479
-440
-466
-491
-506
-493
-467
-493
-547
-475
-329
-234
-174
-137
-100
-35
27
75
114
164
179
121
102
202
300
361
388
372
401
423
441
455
442
437
416
422
462
484
441
257
135
106
167
82
-145
-307
-245
17
116
-89
-431
-542
-345
-150
-149
-341
-422
-311
-105
92
237
410
538
601
614
626
703
832
973
1028
876
639
491
543
723
784
646
429
281
207
193
120
102
146
62
-183
-451
-405
-89
112
-2
-259
-399
-350
-221
-218
-301
-439
-603
-762
-792
-646
-483
-456
-523
-588
-616
-637
-588
-522
-516
-601
-816
-928
-838
-631
-501
-496
-509
-489
-384
-302
-242
-126
-48
-23
-87
-96
67
252
309
239
199
251
356
442
475
504
518
522
515
511
536
529
488
476
473
436
314
224
251
344
280
-24
-248
-188
73
128
-187
-573
-644
-371
-124
-95
-234
-291
-222
-102
71
273
448
538
507
471
517
652
779
856
831
655
424
326
450
645
698
606
422
309
264
211
176
184
179
51
-268
-541
-383
-85
-2
-296
-557
-472
-257
-237
-371
-444
-451
-426
-512
-648
-643
-646
-709
-767
-694
-641
-681
-672
-662
-629
-662
-725
-653
-568
-524
-548
-621
-542
-296
-118
-101
-92
-58
-25
30
60
117
259
325
250
210
306
474
563
514
474
477
481
524
548
623
634
582
510
480
505
449
336
206
197
211
99
-126
-222
-66
86
-28
-338
-601
-545
-298
-156
-214
-381
-454
-371
-207
-11
197
357
405
415
396
455
646
811
895
877
721
559
519
608
697
651
485
293
162
147
223
279
237
116
-43
-147
-149
-68
-18
-57
-156
-220
-237
-219
-227
-286
-373
-423
-487
-611
-680
-652
-624
-663
-781
-852
-858
-794
-760
-827
-872
-868
-806
-736
-720
-712
-673
-612
-481
-341
-219
-162
-123
-60
19
112
195
213
207
225
242
282
358
474
534
532
505
484
529
611
687
661
596
575
590
662
699
627
478
382
297
221
122
-68
-162
-151
-91
-124
-318
-469
-448
-264
-163
-238
-370
-394
-230
-57
60
157
293
447
510
522
565
686
816
804
737
630
533
459
464
538
548
461
289
159
134
160
167
149
63
-74
-226
-298
-257
-265
-374
-403
-462
-481
-550
-527
-356
-316
-449
-695
-817
-818
-751
-726
-811
-866
-912
-913
-836
-627
-503
-529
-530
-539
-507
-455
-386
-224
-122
-103
-132
-178
-77
120
210
175
175
210
239
314
339
360
425
442
384
374
494
597
646
643
668
732
749
702
649
687
714
591
412
257
167
132
65
-34
-216
-344
-411
-368
-322
-391
-540
-670
-586
-406
-292
-334
-400
-303
-161
-33
32
125
304
426
437
407
464
597
676
720
666
559
464
422
482
541
593
532
399
278
220
211
192
135
34
-110
-193
-222
-161
-108
-110
-172
-254
-258
-270
-310
-378
-463
-507
-579
-690
-767
-764
-698
-679
-716
-748
-696
-604
-600
-635
-636
-577
-520
-521
-523
-508
-399
-302
-232
-162
-86
-19
-7
46
116
188
219
206
204
263
381
453
481
506
541
576
576
610
655
699
669
578
529
519
535
507
401
318
178
59
23
-3
-67
-256
-389
-377
-226
-154
-286
-433
-445
-284
-165
-213
-305
-310
-215
-106
5
113
227
327
364
376
411
488
562
627
635
565
475
433
478
557
544
453
315
259
187
130
104
53
13
-108
-237
-320
-304
-222
-187
-203
-302
-316
-303
-298
-295
-362
-408
-460
-516
-606
-642
-572
-555
-567
-608
-607
-513
-479
-469
-469
-461
-421
-450
-439
-399
-318
-249
-220
-149
-63
17
41
84
157
245
269
233
246
301
402
454
476
510
531
533
507
543
598
587
512
419
390
373
352
315
253
173
16
-91
-97
-55
-124
-309
-401
-325
-181
-231
-440
-575
-519
-335
-303
-371
-380
-305
-224
-168
-78
78
270
364
424
476
521
627
727
820
809
642
479
423
501
600
569
474
371
302
209
150
131
90
104
21
-155
-339
-302
-87
24
-89
-327
-406
-378
-325
-334
-411
-511
-690
-868
-904
-758
-599
-574
-598
-635
-619
-603
-537
-406
-342
-424
-563
-625
-529
-360
-242
-185
-132
-50
-10
25
97
231
340
316
233
191
289
414
480
471
451
485
509
550
581
625
622
566
484
457
456
446
393
350
260
167
45
-33
-15
4
-33
-288
-488
-500
-289
-119
-267
-521
-663
-542
-332
-285
-370
-391
-300
-185
-94
46
174
307
397
439
460
481
567
693
815
759
559
434
443
592
619
513
436
387
414
351
308
286
283
217
20
-148
-203
-159
-140
-219
-363
-430
-457
-504
-559
-530
-466
-461
-628
-768
-784
-757
-701
-682
-684
-705
-709
-691
-587
-458
-401
-439
-437
-407
-364
-311
-217
-73
31
9
-12
33
127
241
287
261
239
268
304
341
411
482
536
538
515
510
570
619
615
575
534
493
465
441
398
369
352
297
189
69
-20
-123
-189
-241
-303
-394
-534
-573
-516
-376
-424
-611
-742
-657
-455
-345
-341
-337
-301
-224
-101
29
201
303
359
373
392
437
511
605
685
680
551
455
446
581
689
677
604
468
376
329
314
312
271
196
41
-60
-136
-201
-175
-94
-123
-275
-396
-386
-372
-417
-480
-535
-596
-719
-788
-750
-623
-612
-658
-647
-560
-505
-499
-435
-334
-274
-354
-393
-320
-150
-46
-11
-5
-4
18
70
165
295
375
300
263
284
356
468
503
482
406
379
443
526
599
632
593
520
466
456
458
429
384
309
241
182
111
81
76
-3
-158
-308
-422
-503
-544
-529
-499
-519
-595
-672
-690
-650
-584
-542
-552
-533
-481
-415
-332
-238
-181
-108
-30
9
87
142
223
339
466
537
541
504
476
505
548
590
571
550
526
524
548
580
599
589
510
405
317
268
260
219
182
110
50
-22
-82
-125
-181
-254
-326
-370
-376
-424
-488
-532
-549
-514
-505
-525
-557
-562
-564
-544
-511
-429
-384
-395
-373
-350
-263
-182
-107
-61
-6
37
35
45
89
174
221
239
246
220
217
234
262
317
365
353
292
248
226
284
327
286
219
144
93
65
54
43
39
23
-50
-174
-278
-284
-251
-253
-303
-364
-406
-406
-391
-369
-372
-371
-398
-429
-389
-295
-226
-168
-124
-60
25
92
151
188
223
262
356
450
515
514
489
499
562
620
653
667
640
637
635
608
575
551
539
487
400
312
227
174
117
81
29
-34
-60
-108
-147
-171
-175
-214
-311
-462
-555
-570
-568
-551
-615
-634
-593
-559
-530
-489
-448
-445
-484
-477
-403
-320
-259
-227
-229
-194
-124
-74
1
49
90
103
148
181
180
178
171
196
217
224
189
170
188
214
222
186
186
209
187
172
159
168
158
97
39
8
46
32
-37
-123
-168
-172
-188
-231
-279
-300
-313
-356
-386
-429
-438
-455
-455
-431
-401
-358
-329
-237
-154
-40
51
102
169
247
310
379
439
520
580
576
542
555
616
714
766
744
711
662
632
630
642
633
611
563
504
425
353
292
241
193
142
98
2
-132
-226
-287
-329
-419
-529
-634
-722
-735
-734
-725
-700
-697
-709
-711
-695
-670
-646
-609
-570
-530
-498
-472
-432
-342
-230
-154
-118
-89
-35
9
21
21
32
52
87
101
121
143
164
191
207
272
329
342
337
351
400
465
473
446
426
408
405
389
377
360
302
206
109
38
-13
-51
-110
-162
-216
-284
-346
-382
-417
-447
-461
-455
-440
-419
-396
-383
-326
-248
-168
-77
-29
35
95
114
153
193
285
364
393
407
409
487
566
611
622
647
664
652
619
585
587
594
574
484
376
265
164
100
51
6
-11
-31
-93
-191
-258
-314
-361
-381
-446
-515
-598
-599
-576
-586
-580
-564
-506
-487
-483
-522
-526
-450
-400
-383
-380
-387
-379
-323
-300
-279
-266
-228
-178
-121
-87
-101
-91
-66
-11
66
93
104
114
153
252
339
400
382
380
414
469
519
517
504
485
463
435
399
369
347
304
238
139
79
30
-42
-91
-127
-164
-217
-277
-308
-313
-356
-385
-412
-432
-444
-442
-415
-380
-362
-352
-316
-252
-175
-100
-25
71
174
262
321
365
431
494
515
520
525
525
541
549
574
558
551
542
525
476
410
355
308
293
226
165
113
82
85
84
45
-44
-152
-226
-267
-278
-322
-407
-458
-493
-504
-500
-455
-426
-423
-439
-482
-473
-445
-454
-489
-507
-486
-451
-428
-421
-381
-332
-312
-306
-299
-271
-220
-172
-128
-95
-43
14
96
161
259
335
374
401
409
455
539
587
573
530
469
467
466
466
419
398
401
397
344
263
194
129
49
-26
-94
-129
-159
-238
-319
-408
-460
-476
-497
-524
-542
-551
-496
-458
-431
-390
-333
-260
-173
-114
-45
27
96
164
214
242
270
308
336
371
384
397
415
438
468
476
491
497
510
489
429
362
306
291
266
250
225
198
173
154
87
28
-29
-61
-113
-187
-224
-252
-255
-270
-299
-339
-371
-385
-404
-423
-447
-479
-526
-573
-599
-617
-600
-581
-567
-541
-480
-433
-393
-352
-271
-192
-141
-81
-26
47
110
145
177
215
278
346
410
453
490
514
540
568
578
555
541
552
565
559
524
483
459
447
424
364
260
147
28
-77
-163
-222
-269
-322
-388
-454
-500
-506
-522
-561
-614
-631
-621
-605
-577
-532
-468
-398
-326
-264
-205
-143
-72
15
81
134
180
237
313
353
357
360
415
497
560
574
554
554
582
594
557
526
489
436
403
360
322
305
295
277
218
171
125
106
56
-23
-122
-213
-262
-304
-341
-403
-451
-506
-547
-561
-571
-603
-649
-683
-680
-653
-627
-607
-566
-532
-486
-438
-385
-308
-239
-163
-110
-51
-18
11
61
112
185
241
285
343
392
437
465
486
514
537
540
532
521
509
521
507
473
443
423
404
353
274
197
131
66
-15
-125
-197
-256
-316
-381
-443
-496
-523
-540
-561
-610
-635
-641
-638
-604
-598
-558
-517
-459
-395
-307
-230
-125
-14
62
102
135
225
300
344
340
358
433
541
596
611
621
647
682
689
686
675
665
650
588
488
445
432
438
418
380
314
237
154
82
35
-30
-115
-244
-343
-409
-448
-474
-528
-574
-612
-622
-617
-610
-594
-608
-615
-620
-588
-532
-508
-480
-440
-389
-336
-272
-213
-132
-67
-41
14
84
145
212
258
321
382
431
468
475
490
533
553
526
474
434
426
448
445
400
357
327
288
232
165
118
55
-13
-107
-196
-279
-365
-418
-477
-517
-562
-595
-621
-668
-707
-733
-737
-736
-756
-758
-738
-681
-589
-527
-464
-389
-268
-137
-52
6
79
179
266
346
413
467
515
593
662
739
786
833
861
869
900
927
922
905
847
778
724
681
637
573
507
427
352
275
212
138
79
-7
-121
-207
-278
-343
-407
-459
-514
-566
-584
-610
-642
-644
-630
-623
-640
-638
-635
-605
-565
-501
-470
-446
-385
-320
-256
-195
-142
-91
-23
27
60
104
148
184
208
213
228
253
254
248
246
244
270
285
304
306
294
289
276
264
232
202
172
136
108
77
28
-27
-81
-131
-201
-296
-386
-425
-455
-467
-501
-543
-548
-554
-551
-579
-590
-584
-553
-515
-505
-450
-381
-255
-151
-70
9
95
178
272
378
448
522
594
648
691
748
798
847
877
886
868
868
874
863
844
803
744
684
638
599
559
495
402
288
212
148
88
34
-60
-165
-256
-358
-444
-494
-550
-611
-660
-709
-745
-754
-737
-718
-712
-713
-712
-683
-642
-611
-585
-535
-468
-407
-372
-365
-329
-257
-185
-130
-92
-85
-46
-9
33
76
110
145
180
199
212
242
265
292
326
305
296
294
302
311
291
295
268
246
221
199
163
132
103
64
6
-60
-116
-182
-263
-358
-418
-434
-442
-455
-501
-526
-525
-494
-449
-412
-411
-381
-335
-291
-204
-105
-19
59
149
244
332
415
501
552
594
644
710
758
805
830
831
840
843
858
866
867
841
799
740
692
644
579
504
401
301
215
123
33
-32
-83
-152
-246
-351
-450
-499
-513
-548
-624
-715
-774
-798
-802
-791
-792
-796
-774
-743
-734
-701
-676
-643
-596
-561
-529
-475
-414
-370
-332
-266
-210
-143
-75
-46
21
73
135
187
239
277
323
370
411
449
466
465
480
495
483
456
431
395
381
370
325
287
245
210
173
138
92
51
-13
-86
-156
-217
-269
-318
-356
-419
-459
-464
-467
-441
-457
-471
-484
-475
-421
-385
-361
-317
-258
-181
-80
-2
78
159
228
311
388
483
551
588
615
628
636
649
651
660
685
697
693
649
623
602
584
524
467
424
372
312
247
155
83
30
-47
-126
-220
-288
-336
-388
-422
-474
-524
-573
-633
-663
-684
-676
-678
-683
-688
-689
-679
-641
-589
-549
-525
-500
-452
-400
-336
-279
-220
-142
-56
27
116
190
251
305
358
379
412
432
438
459
477
474
432
394
358
351
350
335
300
268
237
219
191
172
139
100
84
48
21
-23
-70
-121
-170
-198
-215
-246
-310
-392
-438
-458
-449
-436
-441
-443
-446
-442
-420
-354
-301
-262
-224
-184
-109
-41
11
84
167
245
305
336
376
423
487
531
553
559
568
577
592
601
607
602
590
563
531
498
488
452
399
332
271
214
141
89
16
-38
-84
-151
-217
-272
-329
-380
-433
-475
-536
-598
-636
-639
-632
-640
-625
-619
-597
-574
-544
-510
-481
-434
-386
-334
-291
-243
-171
-102
-64
-26
16
77
134
170
195
195
185
199
217
226
246
244
247
250
216
211
210
178
154
136
135
152
155
146
143
127
100
76
49
18
2
-26
-48
-75
-109
-127
-152
-180
-191
-191
-201
-206
-186
-195
-188
-180
-160
-140
-118
-74
-55
-20
30
78
146
220
258
297
307
339
362
366
382
397
420
431
432
439
451
471
476
448
411
394
381
368
332
271
214
151
106
70
10
-48
-102
-154
-215
-282
-333
-369
-408
-444
-478
-516
-529
-551
-556
-563
-559
-535
-521
-503
-492
-456
-418
-397
-381
-359
-325
-277
-226
-201
-158
-128
-101
-73
-40
13
36
73
106
112
147
169
181
194
208
239
244
248
250
257
262
255
235
234
234
227
222
207
189
160
129
113
120
118
83
40
3
-19
-37
-65
-96
-119
-139
-152
-137
-130
-104
-93
-88
-74
-50
-17
19
47
79
124
142
169
183
210
231
265
304
310
313
339
359
363
364
357
361
344
325
330
317
284
260
231
200
179
148
108
32
-39
-91
-165
-222
-280
-326
-363
-407
-422
-453
-499
-532
-550
-559
-566
-553
-563
-559
-537
-515
-491
-474
-459
-449
-414
-379
-342
-290
-267
-238
-204
-165
-121
-84
-41
-9
14
43
76
119
149
190
225
256
285
297
316
322
339
354
367
378
378
395
395
380
333
298
268
263
250
234
222
183
155
136
108
85
56
19
-9
-13
-7
-25
-35
-51
-48
-13
10
20
26
42
53
62
65
83
99
106
116
106
114
131
137
118
125
140
149
156
160
172
172
153
145
146
127
100
70
49
12
-36
-76
-106
-125
-154
-194
-250
-291
-301
-317
-324
-335
-360
-373
-395
-406
-412
-420
-406
-394
-386
-369
-356
-341
-327
-316
-280
-256
-245
-225
-207
-191
-179
-153
-134
-103
-73
-52
-9
29
52
80
113
137
185
214
225
241
264
300
325
346
353
346
338
350
343
333
314
292
249
218
178
161
138
109
102
88
87
83
59
32
23
4
-5
10
25
43
40
47
41
43
54
75
72
57
45
26
29
16
33
56
69
61
49
43
51
60
66
61
45
19
17
16
28
31
24
13
-5
-21
-50
-61
-68
-84
-132
-154
-178
-186
-180
-184
-196
-222
-247
-248
-251
-238
-236
-235
-243
-261
-237
-231
-208
-207
-209
-205
-202
-196
-193
-177
-156
-145
-151
-134
-124
-111
-82
-44
-27
-8
22
37
64
87
117
139
145
172
196
221
243
243
255
253
246
244
239
232
222
203
178
171
160
141
132
123
121
105
87
80
73
68
48
52
55
57
58
63
71
65
75
95
106
120
130
145
146
142
133
134
151
145
143
125
107
92
77
80
62
43
33
16
10
1
-13
-36
-64
-74
-81
-92
-103
-116
-132
-162
-200
-214
-233
-247
-276
-302
-316
-324
-334
-324
-321
-326
-319
-327
-325
-305
-284
-276
-264
-247
-216
-211
-206
-195
-181
-164
-153
-144
-127
-94
-73
-58
-64
-47
-30
-9
10
45
66
92
122
129
145
159
170
178
203
223
238
241
239
251
241
236
229
219
217
207
200
191
184
162
141
124
117
114
106
102
86
71
67
75
91
98
101
110
110
113
132
155
156
167
188
191
205
211
219
222
212
199
183
188
180
164
149
120
96
68
54
32
1
-14
-25
-55
-67
-90
-107
-136
-161
-166
-200
-222
-242
-251
-270
-291
-322
-338
-353
-356
-364
-359
-370
-377
-373
-363
-351
-332
-328
-309
-283
-275
-259
-227
-204
-187
-170
-163
-136
-111
-79
-67
-45
-36
-17
8
21
47
79
102
117
141
148
165
154
177
205
211
219
216
229
213
208
210
200
170
165
146
136
129
109
93
85
72
73
66
51
49
33
34
36
53
69
69
67
76
88
103
116
129
143
147
161
167
173
187
201
211
199
201
190
194
191
191
179
168
156
136
132
116
117
112
73
43
15
-13
-40
-62
-97
-142
-174
-211
-239
-257
-270
-296
-329
-343
-369
-388
-385
-383
-379
-375
-391
-390
-381
-377
-367
-358
-340
-335
-320
-306
-292
-257
-238
-202
-178
-135
-100
-77
-54
-20
17
48
81
113
158
177
200
217
245
268
284
283
281
293
291
303
298
312
305
322
316
291
279
251
234
205
210
190
177
160
140
133
133
126
85
56
39
21
13
13
16
11
-4
-22
-26
-29
-30
-30
-18
-14
-6
21
26
33
25
35
55
56
52
57
60
72
80
77
68
60
53
41
41
15
-7
-8
-29
-34
-59
-73
-81
-106
-102
-120
-131
-155
-169
-192
-227
-259
-275
-280
-305
-314
-312
-317
-319
-320
-320
-310
-312
-310
-316
-300
-274
-251
-221
-209
-196
-164
-126
-92
-55
-26
-12
-7
0
21
50
79
102
144
154
174
198
211
236
242
254
259
257
266
270
255
244
235
241
242
221
209
205
193
167
135
106
98
102
72
56
44
43
44
27
21
16
20
20
8
17
13
8
20
13
29
39
52
57
53
57
66
73
77
70
63
73
69
73
70
72
82
77
76
73
64
55
52
32
18
3
-17
-39
-49
-79
-97
-94
-117
-129
-146
-153
-164
-181
-188
-196
-204
-206
-231
-241
-245
-251
-250
-259
-264
-258
-233
-217
-197
-176
-169
-165
-156
-133
-134
-116
-88
-75
-55
-37
-11
1
19
48
73
94
108
110
126
145
157
162
169
169
180
187
194
197
182
185
164
147
123
105
106
83
64
47
42
26
25
24
17
18
10
-4
-22
-20
-26
-13
-11
-18
-18
-10
-5
2
24
29
35
29
32
29
36
36
40
48
50
59
67
87
85
88
99
111
106
102
98
90
94
78
76
79
64
61
46
25
25
20
-2
-8
-17
-29
-50
-63
-76
-93
-98
-112
-130
-139
-148
-152
-156
-170
-166
-178
-186
-181
-177
-173
-167
-169
-183
-185
-173
-154
-155
-148
-140
-124
-108
-92
-73
-59
-35
-25
-17
-13
4
23
42
42
52
56
66
77
97
106
105
105
94
98
94
105
97
99
80
63
59
40
37
40
55
53
43
47
51
54
54
58
58
55
58
60
63
66
72
74
79
96
93
91
94
99
95
92
91
94
96
99
103
100
98
105
116
120
110
96
88
83
85
83
80
73
64
46
35
35
13
-7
-22
-31
-49
-83
-91
-109
-134
-150
-157
-166
-179
-184
-196
-206
-221
-225
-239
-248
-247
-236
-238
-241
-238
-231
-219
-221
-207
-185
-175
-176
-156
-137
-111
-98
-90
-66
-53
-34
-8
11
29
39
64
74
78
101
112
114
110
128
128
116
119
124
123
97
92
88
95
98
102
92
78
71
75
74
61
69
73
90
91
91
94
90
90
89
98
95
99
98
95
90
103
97
90
93
78
81
72
76
77
90
99
87
81
80
77
71
72
67
59
57
33
24
22
22
19
18
7
-12
-22
-24
-25
-34
-35
-54
-73
-90
-110
-108
-125
-139
-152
-153
-165
-173
-171
-170
-175
-172
-181
-166
-146
-139
-130
-142
-138
-135
-128
-131
-118
-101
-92
-78
-61
-38
-25
-19
-2
4
-10
-1
0
14
21
14
21
31
32
21
37
34
31
29
18
13
16
28
42
49
52
47
65
75
90
91
102
111
101
108
117
113
117
127
114
123
125
134
126
123
125
112
103
95
103
89
80
71
54
41
42
26
20
19
15
16
1
3
-21
-21
-29
-49
-66
-68
-70
-73
-78
-78
-82
-87
-92
-89
-86
-102
-91
-96
-86
-98
-96
-99
-111
-102
-111
-116
-118
-107
-120
-109
-112
-115
-101
-94
-86
-77
-56
-67
-50
-40
-24
-9
-10
1
5
-1
1
19
17
30
27
32
37
45
52
64
64
58
61
55
46
45
45
33
33
25
14
26
28
23
27
22
22
34
43
41
45
66
88
96
105
116
117
136
134
144
156
147
139
147
148
143
135
110
96
83
73
61
53
42
26
11
8
-11
-15
-22
-47
-61
-70
-77
-82
-83
-100
-106
-110
-111
-113
-121
-116
-121
-122
-116
-113
-113
-125
-125
-127
-121
-116
-109
-94
-86
-74
-64
-58
-44
-39
-28
-21
-25
-16
6
13
17
32
32
46
38
48
35
31
44
48
54
52
57
49
61
58
63
52
39
37
21
17
16
7
-5
-17
-31
-35
-43
-46
-49
-62
-56
-65
-70
-69
-59
-63
-75
-62
-58
-45
-31
-21
-13
7
14
26
40
64
87
97
115
131
137
151
156
157
157
153
151
146
145
139
127
120
97
94
83
77
63
36
13
-9
-22
-35
-50
-72
-81
-94
-112
-123
-123
-128
-144
-157
-163
-163
-161
-153
-151
-148
-147
-146
-135
-135
-125
-108
-78
-73
-60
-50
-36
-12
4
24
43
57
65
81
102
119
124
123
123
136
141
147
135
136
122
99
100
86
93
92
81
69
53
33
16
0
-17
-34
-56
-72
-90
-90
-95
-97
-104
-110
-114
-131
-129
-135
-133
-126
-125
-115
-105
-88
-71
-68
-51
-38
-26
-2
16
35
60
69
83
107
124
134
148
157
155
173
188
183
175
182
171
162
154
144
130
119
104
74
67
53
24
1
-3
-18
-27
-47
-57
-77
-113
-129
-155
-168
-177
-182
-188
-201
-198
-197
-200
-196
-180
-180
-177
-174
-152
-134
-124
-113
-93
-81
-65
-48
-37
-11
-4
17
29
49
65
89
106
118
126
125
133
128
128
114
110
112
103
96
96
92
91
71
59
53
32
23
16
12
18
10
-2
8
3
-8
-9
-10
-22
-41
-38
-40
-45
-32
-35
-30
-23
-23
-24
-17
1
12
25
38
52
64
70
83
87
94
100
112
122
118
112
114
118
114
100
106
105
95
94
75
59
41
26
21
1
-20
-27
-43
-64
-72
-93
-108
-124
-147
-162
-177
-184
-198
-207
-212
-213
-213
-221
-211
-216
-211
-206
-199
-194
-181
-169
-157
-129
-106
-82
-63
-51
-23
-3
14
31
50
76
101
119
138
156
179
172
183
187
181
191
186
192
185
188
171
162
149
132
128
127
117
106
96
76
69
41
24
3
-15
-23
-29
-32
-38
-50
-66
-77
-79
-81
-88
-73
-84
-74
-57
-49
-33
-26
-27
-11
3
12
25
28
34
35
53
49
54
60
46
41
22
32
24
28
33
27
32
36
36
39
46
28
19
12
-15
-10
-16
-33
-43
-59
-70
-98
-112
-117
-124
-141
-157
-163
-175
-178
-182
-190
-185
-184
-184
-179
-168
-161
-160
-151
-140
-126
-100
-81
-69
-53
-34
-5
14
36
58
73
104
120
140
151
173
182
186
202
204
203
195
191
186
195
195
186
186
180
157
150
140
137
121
120
103
84
77
53
37
19
4
1
-19
-33
-45
-54
-43
-49
-50
-62
-77
-86
-92
-97
-92
-84
-69
-62
-69
-67
-70
-83
-77
-73
-63
-47
-41
-30
-22
-24
-25
-24
-6
2
15
26
31
41
32
23
23
18
6
12
2
-11
-15
-18
-14
-37
-41
-46
-48
-56
-62
-61
-70
-77
-76
-79
-84
-84
-86
-78
-65
-57
-56
-56
-58
-62
-53
-57
-46
-30
-28
-17
-14
-3
17
30
48
63
79
100
107
115
126
120
114
121
124
125
129
126
122
116
102
90
83
74
54
49
36
30
16
12
12
-6
-13
-20
-25
-32
-46
-56
-49
-69
-75
-79
-79
-93
-93
-79
-82
-90
-89
-95
-94
-76
-79
-74
-60
-46
-30
-21
-15
-5
-4
-8
-5
-10
-9
-2
12
30
23
22
27
27
30
39
36
36
31
34
49
50
47
40
34
34
41
33
25
37
39
23
25
19
15
20
12
1
-1
-11
-18
-24
-39
-38
-37
-43
-48
-41
-29
-29
-11
-2
-7
-6
-1
6
22
22
26
36
41
44
40
45
53
51
55
50
52
61
66
71
73
70
57
37
34
45
34
27
24
14
10
-7
-15
-15
-15
-12
-22
-26
-38
-44
-50
-55
-53
-50
-53
-50
-38
-47
-40
-43
-42
-45
-54
-54
-54
-39
-39
-39
-53
-54
-40
-48
-55
-44
-35
-26
-26
-37
-30
-27
-18
-15
-11
-11
4
5
10
6
3
1
-3
5
11
15
5
8
14
22
8
0
-2
1
1
0
2
3
-5
-9
-13
-13
-18
-15
-9
2
9
8
17
16
2
7
16
20
25
21
31
41
48
47
39
44
34
44
41
50
55
44
55
38
34
39
34
36
37
47
43
27
24
21
14
19
18
12
4
-5
3
-6
-10
-3
-8
-11
-8
-11
-21
-12
-20
-29
-22
-33
-43
-40
-41
-52
-71
-65
-65
-56
-58
-50
-43
-37
-26
-42
-41
-35
-30
-22
-21
-24
-20
-21
-16
-14
-15
-4
7
-4
-2
10
8
7
16
30
35
40
40
41
51
47
60
56
69
76
66
56
51
49
47
50
44
37
35
33
25
30
37
34
26
23
26
17
17
19
17
9
-6
-5
-4
-17
-22
-18
-18
-23
-32
-36
-38
-39
-34
-31
-34
-38
-35
-34
-32
-24
-31
-28
-26
-33
-28
-24
-22
-15
-19
-16
-14
-24
-25
-18
-17
-12
-15
-26
-27
-29
-40
-41
-36
-41
-34
-32
-23
-33
-28
-27
-34
-33
-37
-36
-29
-19
-22
-21
-18
-20
-20
-26
-27
-27
-19
-12
-13
-19
-18
-23
-12
-11
1
12
9
14
9
24
25
19
35
34
38
27
26
35
38
50
39
39
51
44
47
54
57
59
67
71
69
67
64
65
68
84
79
76
79
74
70
72
55
57
57
62
59
52
43
35
23
10
4
1
4
4
3
-4
-4
-8
-16
-12
-12
-10
-13
-26
-18
-29
-27
-24
-26
-33
-29
-37
-35
-39
-34
-35
-42
-52
-60
-59
-61
-56
-66
-54
-53
-43
-53
-69
-68
-79
-85
-73
-80
-76
-73
-69
-56
-56
-50
-52
-50
-59
-55
-59
-63
-65
-62
-62
-69
-61
-58
-46
-46
-43
-31
-21
-18
-7
0
0
20
17
33
37
42
57
62
74
75
81
91
104
115
130
121
127
121
124
125
123
134
146
155
146
150
143
138
132
124
120
118
105
92
79
65
48
27
15
4
-22
-36
-51
-69
-79
-96
-100
-112
-124
-139
-142
-158
-158
-158
-153
-159
-154
-152
-152
-139
-133
-116
-109
-109
-94
-84
-87
-82
-68
-54
-51
-43
-34
-28
-15
-4
13
15
28
39
34
43
53
53
55
54
48
47
49
46
43
46
40
42
43
46
30
35
34
32
31
27
27
28
41
34
35
32
26
23
16
5
5
8
13
13
13
6
6
9
21
22
34
45
52
53
56
68
82
83
89
105
111
107
103
112
105
111
103
101
103
108
99
85
73
57
56
38
29
25
14
-2
-9
-25
-46
-63
-87
-99
-110
-107
-113
-124
-134
-139
-150
-150
-153
-164
-155
-160
-155
-154
-155
-147
-142
-139
-121
-111
-106
-111
-99
-91
-89
-80
-80
-61
-59
-45
-26
-24
-13
10
14
7
25
24
42
45
46
57
56
55
49
44
38
44
34
41
37
36
33
38
46
45
54
45
48
45
47
44
34
21
25
20
17
20
17
27
29
26
23
29
35
37
37
45
61
61
77
85
90
90
97
107
106
105
107
118
112
114
111
110
107
103
94
83
84
64
50
45
43
27
14
2
-12
-26
-41
-49
-64
-65
-78
-103
-108
-125
-136
-148
-153
-149
-167
-168
-174
-175
-174
-171
-177
-167
-156
-153
-129
-116
-105
-93
-77
-71
-53
-32
-15
-5
17
33
34
55
56
73
65
87
92
93
108
103
108
112
113
112
108
102
96
91
92
88
90
73
75
59
51
49
29
25
17
2
-16
-25
-40
-51
-47
-67
-73
-86
-88
-89
-88
-75
-61
-52
-48
-37
-27
-13
-13
0
1
10
14
12
19
31
37
36
47
44
50
55
64
70
70
67
69
69
51
58
61
58
41
28
28
25
16
5
-7
-19
-30
-37
-46
-53
-66
-78
-92
-97
-108
-112
-117
-126
-125
-128
-120
-118
-115
-109
-107
-102
-95
-74
-57
-41
-25
-20
-10
2
9
4
13
22
21
35
39
54
65
66
69
78
87
101
115
113
116
110
105
95
87
93
92
87
87
74
63
52
44
36
24
17
-1
-2
-3
-8
-21
-22
-32
-43
-48
-49
-49
-43
-43
-48
-40
-41
-46
-50
-40
-49
-43
-33
-32
-22
-21
-18
-13
0
11
19
21
33
44
51
65
77
85
86
95
99
107
103
101
101
97
85
78
76
59
54
45
28
10
-15
-34
-46
-54
-64
-72
-77
-72
-76
-91
-89
-90
-99
-109
-118
-118
-118
-120
-119
-113
-115
-122
-120
-114
-110
-97
-101
-76
-74
-61
-51
-46
-37
-22
-5
10
22
25
52
50
50
58
62
69
67
60
66
64
67
67
56
59
46
43
31
29
28
39
35
33
32
25
13
19
17
13
13
6
-1
-17
-19
-27
-34
-37
-27
-20
-17
-14
-15
-6
-12
0
1
7
11
18
17
18
32
30
36
37
35
38
52
54
57
54
49
49
50
53
62
70
64
74
74
70
72
66
62
56
49
46
34
21
8
-3
-6
-16
-36
-46
-53
-62
-80
-82
-85
-98
-96
-102
-102
-106
-96
-92
-96
-90
-81
-79
-79
-70
-66
-60
-54
-46
-32
-31
-25
-16
-23
-24
-15
-3
4
16
23
30
34
36
39
40
49
47
51
50
52
41
35
36
32
30
20
13
26
14
15
16
2
5
-5
-5
-5
-13
-1
-3
-9
-5
-15
-16
-12
-15
-12
-2
-12
-7
10
9
14
12
13
-1
9
11
15
32
30
40
38
42
40
47
45
49
43
33
33
32
41
46
37
38
37
35
31
21
16
12
7
0
-6
-16
-15
-19
-15
-21
-26
-26
-33
-26
-36
-38
-43
-43
-54
-53
-55
-59
-53
-53
-45
-53
-51
-46
-39
-33
-23
-14
-4
4
6
0
-4
-3
-6
-4
-4
-8
-11
-11
-14
-12
-22
-9
-18
-17
-12
-22
-18
-22
-21
-20
-24
-30
-32
-28
-27
-35
-31
-30
-31
-20
-24
-17
-10
-4
1
4
10
7
4
6
10
3
17
20
29
35
44
60
62
75
74
79
84
87
84
90
84
86
84
84
85
75
79
81
82
69
70
58
57
41
40
37
23
23
20
13
9
10
-7
-9
-18
-11
-25
-37
-30
-44
-41
-50
-54
-55
-52
-49
-46
-45
-39
-41
-41
-40
-34
-43
-52
-49
-49
-41
-40
-32
-35
-34
-29
-34
-35
-33
-30
-33
-42
-40
-45
-50
-49
-42
-45
-38
-30
-32
-34
-41
-44
-43
-42
-38
-36
-27
-19
-22
-15
-18
-9
-6
-10
-2
0
0
6
6
2
8
12
11
17
21
22
31
32
33
40
39
34
41
37
27
35
32
32
22
29
37
37
49
46
55
49
53
58
56
64
65
65
64
64
67
60
64
67
55
50
49
44
49
43
33
20
25
17
0
0
-2
-9
-13
-23
-32
-38
-37
-43
-47
-44
-50
-47
-51
-46
-49
-48
-49
-50
-53
-52
-49
-54
-47
-48
-47
-41
-40
-56
-56
-53
-63
-61
-58
-55
-55
-63
-59
-54
-63
-62
-51
-55
-43
-32
-36
-28
-29
-20
-21
-24
-31
-21
-28
-26
-18
-17
5
5
21
43
45
56
63
69
75
73
76
75
85
96
96
103
98
99
89
93
84
83
90
95
100
86
87
85
78
80
77
75
70
65
61
55
50
49
40
30
29
20
21
15
6
-3
-12
-17
-33
-44
-52
-69
-70
-72
-75
-71
-78
-76
-82
-87
-96
-92
-89
-97
-89
-88
-80
-78
-80
-79
-72
-71
-77
-71
-67
-62
-56
-55
-51
-51
-45
-47
-46
-44
-39
-48
-50
-44
-44
-39
-35
-33
-29
-27
-30
-21
-16
-11
-12
-8
1
10
15
13
29
27
27
33
46
58
60
70
76
81
82
95
94
91
89
88
87
91
96
107
102
94
95
89
90
82
77
70
67
59
56
46
36
37
28
18
16
6
10
4
-4
0
-1
-2
-19
-28
-30
-32
-29
-34
-38
-39
-49
-60
-59
-67
-69
-74
-72
-69
-73
-69
-64
-59
-62
-56
-53
-53
-48
-43
-44
-42
-34
-38
-42
-39
-30
-15
-19
-6
1
9
19
26
36
32
39
28
28
31
31
21
21
13
9
12
2
8
5
4
1
-7
-14
-10
-8
-9
-14
-10
-11
-19
-17
-16
-20
-16
-7
-9
5
4
13
22
25
31
34
37
39
37
37
28
27
32
27
22
29
25
29
34
34
36
27
33
27
24
7
4
12
4
-6
-4
-7
-5
-15
-12
-7
-11
-14
-19
-19
-27
-23
-31
-24
-24
-34
-31
-30
-32
-37
-41
-45
-48
-41
-46
-48
-35
-37
-32
-26
-28
-31
-31
-28
-22
-18
-11
3
11
12
16
9
13
14
18
23
20
23
24
30
34
29
25
23
18
21
26
28
31
29
32
16
8
9
-2
-2
-6
-9
-20
-18
-8
-12
-23
-24
-20
-17
-20
-15
-6
3
3
8
20
11
14
21
26
36
34
41
41
47
50
44
53
61
58
56
52
51
48
52
52
45
30
36
29
18
17
5
4
-7
-5
-3
0
-1
-7
-13
-14
-21
-35
-30
-33
-34
-46
-47
-50
-58
-67
-64
-54
-66
-52
-48
-44
-50
-40
-45
-48
-34
-42
-38
-30
-24
-27
-25
-27
-26
-31
-32
-35
-35
-28
-24
-14
-1
-2
6
11
9
17
13
25
20
29
31
29
32
32
27
19
15
12
10
11
16
2
13
9
18
6
8
5
4
5
-2
7
-8
-5
-8
-9
-10
-13
-1
-4
-4
-8
-8
-7
-9
-1
-5
5
6
11
19
22
20
19
20
22
20
27
28
25
30
21
25
30
32
33
34
36
34
31
29
31
21
21
18
5
-8
-16
-14
-18
-14
-12
-13
-16
-22
-28
-27
-28
-27
-29
-35
-30
-34
-27
-23
-24
-17
-25
-23
-15
-23
-21
-11
-9
-1
6
18
22
19
37
37
39
49
46
44
53
47
48
47
42
47
26
25
27
19
16
21
6
-12
-3
-12
-19
-23
-28
-28
-32
-30
-42
-39
-44
-45
-48
-52
-51
-53
-58
-60
-49
-54
-42
-37
-34
-36
-38
-37
-30
-14
-6
-4
6
11
14
23
21
32
41
47
45
44
43
43
38
34
28
24
20
17
29
16
10
17
7
11
8
6
5
2
0
2
-5
-9
-11
-21
-18
-30
-32
-26
-30
-24
-41
-44
-49
-42
-36
-38
-21
-13
-1
-1
5
4
8
2
9
19
23
28
36
37
42
47
46
45
50
56
49
39
40
34
23
19
17
15
12
5
8
-1
-4
-3
-8
-20
-20
-25
-31
-30
-29
-29
-33
-28
-30
-20
-33
-44
-52
-58
-58
-65
-58
-60
-54
-47
-46
-41
-28
-24
-22
-10
-5
-2
6
6
9
13
7
18
28
37
44
46
46
44
43
44
50
52
61
64
64
74
80
70
69
69
73
68
51
47
40
30
22
16
12
10
0
-1
-6
-11
-14
-14
-16
-23
-19
-19
-23
-22
-14
-9
-15
-15
-21
-31
-28
-30
-36
-24
-19
-22
-20
-28
-28
-23
-29
-24
-26
-15
-16
-9
-5
-9
5
-1
-2
-6
5
4
5
9
9
-1
-4
-3
-15
-21
-25
-22
-18
-25
-22
-20
-41
-38
-35
-42
-35
-26
-28
-26
-28
-31
-37
-38
-40
-40
-36
-29
-17
-10
-11
-7
-10
-7
-11
-15
-8
2
2
6
18
15
28
34
46
40
41
36
35
43
35
40
34
34
33
35
33
30
40
38
43
36
34
35
22
18
19
9
9
6
8
8
-4
4
3
10
13
10
6
14
5
0
0
-8
-3
-7
-7
-8
-13
-16
-17
-15
-11
-20
-13
-7
-8
-3
2
-5
-1
1
2
-4
4
8
3
11
2
-7
-2
-10
-20
-9
-22
-14
-10
-7
-4
-3
-4
-7
-2
-1
2
-3
-12
-12
-20
-23
-27
-25
-18
-15
-15
-19
-18
-12
-17
-18
-10
-7
-5
5
8
12
20
19
25
19
19
14
19
16
18
24
27
29
26
33
26
32
34
33
30
27
33
27
19
25
14
13
5
0
7
7
6
10
10
3
9
3
-7
-3
-12
-12
-18
-26
-21
-21
-23
-21
-24
-22
-24
-24
-25
-26
-21
-25
-23
-17
-17
-20
-22
-20
-21
-23
-20
-24
-19
-23
-23
-21
-24
-23
-26
-18
-14
-10
-9
2
2
4
6
0
1
-5
0
5
3
2
-6
-3
-10
-15
-13
-18
-20
-30
-36
-31
-31
-22
-23
-32
-30
-34
-32
-25
-16
-9
-2
-5
8
8
8
20
18
31
35
40
45
45
47
48
38
33
40
40
45
51
50
51
58
51
46
47
57
52
55
54
49
47
38
26
15
14
17
13
17
21
14
11
6
7
5
6
7
12
14
14
9
5
0
1
-1
2
8
2
2
-5
-6
-11
-21
-17
-18
-18
-22
-19
-22
-24
-28
-32
-32
-35
-36
-35
-30
-32
-30
-34
-29
-30
-34
-35
-30
-26
-41
-39
-38
-41
-33
-31
-31
-34
-36
-34
-30
-36
-36
-30
-31
-30
-34
-31
-26
-25
-21
-19
-13
-1
-6
-5
-6
-4
1
-7
7
16
15
13
11
15
13
18
29
37
35
37
36
31
31
31
31
31
33
27
26
30
29
19
23
18
16
15
14
12
9
18
15
10
6
2
6
3
5
6
5
-1
-2
0
-4
2
3
0
7
4
-1
-3
-2
-3
-9
-3
1
-1
4
10
8
14
20
19
15
9
6
5
10
0
3
-6
-8
-10
-10
-10
-13
-18
-21
-20
-23
-29
-32
-26
-28
-25
-22
-21
-25
-15
-17
-16
-12
-13
-11
-16
-13
-12
-8
-8
-5
0
-3
5
4
14
13
15
23
24
25
19
20
17
17
20
22
29
33
34
32
32
33
31
33
31
40
40
32
36
33
30
34
30
33
32
28
22
11
7
5
4
-3
-3
-9
-11
-17
-21
-19
-24
-27
-28
-20
-24
-19
-24
-16
-17
-25
-22
-28
-22
-25
-26
-33
-30
-33
-28
-24
-31
-23
-21
-22
-16
-17
-13
-16
-23
-21
-14
-19
-20
-13
-23
-10
-11
-15
-18
-21
-15
-20
-20
-17
-27
-19
-19
-29
-26
-29
-24
-22
-20
-17
-16
-11
-15
-18
-17
-7
-10
-2
5
4
7
10
15
20
17
18
23
23
24
24
29
32
35
35
36
40
42
47
50
45
50
54
51
48
50
46
44
40
34
28
23
21
13
17
8
3
2
5
1
-7
-7
-15
-14
-12
-14
-17
-13
-13
-10
-13
-19
-22
-25
-19
-22
-24
-20
-18
-19
-14
-12
-11
-7
-6
-2
3
-3
0
1
7
8
5
14
12
16
15
14
13
12
5
6
7
5
4
3
-1
1
0
1
1
1
0
-8
-5
-3
-5
-4
-11
-12
-6
-9
-5
-7
-3
-13
-12
-15
-15
-9
-14
-14
-10
-11
-15
-11
-16
-8
-8
-8
-1
-1
2
3
4
2
-2
-2
-4
-5
-7
-4
-5
-1
-5
-4
-8
-8
-8
-7
-6
-10
-4
-7
-2
-5
-5
-6
-12
-15
-14
-8
-9
-12
-11
-10
-17
-15
-10
-8
-7
4
4
4
10
6
10
11
15
15
15
18
18
19
23
23
19
19
18
22
21
21
20
20
13
9
10
2
5
4
-1
-1
-4
-5
1
-3
-1
1
2
3
-3
-4
-5
-8
-8
-5
-10
-7
-7
-7
-5
-9
-1
-8
-10
-12
-14
-9
-5
-8
-5
0
4
9
1
6
1
5
10
7
10
12
9
10
9
9
16
14
15
18
25
23
22
18
15
11
11
7
8
8
9
8
5
7
3
0
1
3
0
-1
2
1
-4
-3
-4
-8
-14
-10
-6
-9
-7
-8
-13
-11
-8
-14
-15
-15
-13
-10
-9
-10
-13
-10
-1
0
-4
-6
-3
-3
-6
-7
-6
-8
-13
-17
-16
-20
-18
-19
-23
-17
-17
-17
-17
-13
-17
-16
-13
-12
-8
-5
-3
-6
-8
-10
-8
-5
-6
-6
-3
-5
-2
-2
-2
1
4
9
7
12
15
17
14
14
13
13
16
17
18
15
16
12
18
17
17
14
16
17
12
12
8
10
6
10
7
10
14
15
9
12
8
6
6
7
4
-1
-2
-4
-5
-7
-7
-8
-6
0
-5
-6
-4
-8
-4
-7
-5
-9
-3
2
-1
2
4
2
1
4
-1
0
1
-1
0
1
3
6
1
6
4
4
6
5
6
3
8
3
4
-1
-2
-2
-3
0
0
-2
-1
-2
-4
-5
-5
-6
-9
-8
-6
-5
-8
-4
-9
-9
-5
-3
0
0
0
-2
-1
-5
-6
-7
-5
-4
-3
-4
-1
-3
-2
-4
-6
-2
-5
-2
-1
3
1
-1
3
5
3
1
1
5
-5
-2
4
4
5
2
4
2
1
4
3
-1
2
-2
-5
-5
-6
-6
-9
-14
-15
-14
-14
-14
-16
-14
-11
-9
-12
-16
-14
-17
-11
-9
-13
-8
-9
-6
-4
1
5
4
4
8
10
12
14
17
17
19
18
17
21
23
20
20
22
16
17
19
18
20
22
21
21
19
20
20
22
20
18
20
17
14
6
7
5
4
5
4
4
0
-6
-8
-8
-13
-17
-18
-15
-17
-18
-19
-23
-22
-20
-20
-22
-23
-18
-24
-20
-19
-21
-15
-13
-8
-6
-4
-8
-7
-3
-5
-3
-3
-1
-3
-1
0
-3
-2
-3
-7
-5
-5
-6
-5
-2
-3
-3
0
-1
4
3
5
5
6
11
9
9
7
6
6
11
8
10
11
11
14
11
11
14
13
14
15
11
15
11
16
18
13
11
9
5
5
6
3
5
3
3
0
-5
-2
-1
-1
-2
-4
-3
-5
-3
-2
-7
-6
-12
-13
-13
-9
-11
-11
-12
-13
-14
-15
-11
-10
-8
-9
-9
-9
-8
-7
-8
-9
-8
-5
-9
-4
-10
-7
-6
-5
-6
-3
-1
-3
1
-3
-3
-3
-1
2
1
1
2
1
4
6
3
0
1
3
0
0
2
3
1
5
4
5
7
5
6
4
5
4
4
5
2
2
0
0
0
-3
0
1
0
-2
-3
-4
-3
-1
-1
-2
2
1
4
4
3
4
8
6
5
9
8
11
8
7
9
8
8
6
3
4
7
6
7
4
4
1
0
0
-4
-4
-3
-3
-4
-7
-6
-8
-4
-7
-7
-5
-2
0
-1
-1
-4
-3
-3
-4
-1
0
1
3
1
5
1
2
0
-1
1
3
1
2
1
4
4
3
5
1
7
5
2
4
4
3
6
2
2
6
7
6
6
5
2
4
0
0
1
0
4
2
2
-1
-2
-1
-6
-4
-6
-5
-3
-1
-2
-4
-3
0
1
3
-2
-2
-3
-3
0
2
0
-2
-2
-2
-1
-6
-3
-5
-2
-1
-2
-3
-7
-6
-5
-9
-7
-7
-6
-5
-8
-9
-10
-8
-9
-10
-6
-7
-7
-5
-7
-9
-6
-8
-8
-6
-5
-9
-8
-8
-8
-9
-11
-12
-13
-9
-9
-9
-8
-6
-5
-4
-1
-4
0
0
0
3
3
6
5
7
7
6
9
9
7
7
9
11
11
13
13
14
15
14
18
20
19
19
17
15
18
14
16
16
14
14
11
10
8
6
5
7
3
2
2
4
6
7
10
8
7
6
5
4
4
3
3
5
2
2
-1
0
2
1
-3
-4
-5
-6
-7
-7
-12
-11
-10
-11
-7
-9
-8
-8
-7
-6
-8
-9
-9
-8
-7
-11
-10
-9
-11
-9
-8
-9
-11
-9
-11
-8
-7
-8
-5
-6
-6
-8
-4
-5
-6
-7
-6
-5
-6
-1
-1
-1
-1
-2
-2
-3
0
-4
0
-2
-2
-1
-3
-4
0
0
-5
0
0
2
6
4
7
8
9
6
6
8
5
6
8
5
3
4
5
3
0
1
-1
0
3
2
6
4
3
2
1
1
3
6
7
9
10
10
11
8
6
3
1
2
1
0
1
-1
-2
0
1
-1
1
-1
-1
-2
-4
-4
-7
-4
-3
-2
-3
0
0
0
0
-2
-4
-3
-3
-1
0
0
1
-2
1
-1
-3
-5
-6
-3
-4
-6
-6
-6
-6
-7
-6
-7
-6
-5
-7
-7
-6
-8
-8
-7
-5
-4
-4
-1
-1
2
0
-1
3
3
8
4
7
7
8
13
12
13
12
14
12
12
11
12
12
9
11
9
8
5
6
6
8
6
11
10
7
7
6
6
1
4
2
-1
-1
0
-3
-4
-7
-8
-10
-8
-8
-9
-7
-8
-8
-6
-7
-5
-6
-4
-3
-6
-2
-4
-5
-4
-3
-2
-2
-1
-3
0
1
-1
0
3
-1
-2
-2
-2
-4
-3
-1
-1
0
0
0
-3
-4
-4
-4
-5
-6
-7
-6
-4
-2
-3
-3
-4
-7
-6
-7
-8
-5
-5
-4
-4
-3
0
0
1
2
-1
-2
1
-1
0
0
1
0
0
0
-1
0
0
0
-3
-3
-4
-1
0
-1
6
4
5
6
8
5
6
6
5
7
4
5
