2
2
2
2
3
2
2
1
1
1
-1
0
0
1
0
0
1
2
0
0
1
1
1
2
1
1
0
0
0
1
1
0
0
0
0
0
0
-1
0
0
-1
-1
-2
-2
-2
-1
-1
-2
-2
-1
-1
-1
-1
-1
-1
0
-1
-2
0
-1
0
0
0
0
1
-1
0
0
0
0
1
2
1
1
1
2
2
2
2
2
2
3
2
2
1
0
1
0
1
0
0
-1
-1
0
0
0
1
2
0
1
1
-1
-1
-1
-1
-1
-1
-2
-2
-2
-3
-3
-3
-2
-1
-2
-1
-2
-1
-1
-1
-1
-1
0
0
0
0
-1
0
-1
0
0
-1
0
1
1
0
0
0
0
1
0
0
1
1
1
0
1
2
3
2
2
4
3
4
3
3
2
2
2
3
3
2
3
2
3
1
2
1
1
0
0
-1
-1
-2
-1
-1
-1
-2
-2
-1
-2
-2
-2
-2
-2
-1
-2
-2
-2
-2
-2
-1
-1
-2
-1
-1
0
-1
0
-1
-2
-1
-2
-2
-3
-1
-2
-1
-2
-2
-2
-3
-2
-2
-2
-2
-1
-1
0
0
0
1
0
0
0
0
1
1
2
2
2
2
2
2
1
1
2
1
2
3
3
2
2
3
2
1
1
1
2
2
2
2
2
2
2
1
2
2
1
1
2
1
1
1
2
1
1
1
1
0
-1
0
-1
0
-1
0
-1
0
-1
-1
-1
-2
-3
-3
-3
-2
-4
-2
-2
-2
-2
-2
-1
-2
-3
-2
-1
-2
-1
-1
0
0
0
0
0
1
1
0
-1
-1
-1
0
-1
-1
-1
0
1
1
1
2
2
1
1
1
2
2
2
2
2
2
1
1
2
2
1
2
2
1
1
0
1
0
0
-1
-1
-1
0
0
0
-1
-1
-1
-2
-1
-2
-1
-1
-1
-1
-2
-2
-1
-1
-1
-2
-1
-2
-1
0
0
0
-1
0
1
0
0
1
0
1
1
1
0
1
2
1
1
1
0
0
1
0
0
0
0
1
1
1
2
1
1
3
1
2
2
1
1
1
0
1
0
0
0
0
1
0
1
1
1
1
0
1
1
0
0
-1
-1
-1
-1
-1
-1
-2
-1
-2
-2
-2
-2
-2
-2
-2
-1
-2
-1
-2
-2
0
-1
0
1
0
1
1
1
1
1
1
1
1
1
0
1
0
1
2
1
1
3
2
2
2
1
1
1
1
1
1
1
0
0
0
0
0
0
-1
-1
-2
-1
0
0
0
0
0
0
-1
-2
-2
0
0
-1
-1
-1
-1
-2
-1
0
-1
0
0
1
0
0
1
1
1
1
0
0
0
-1
0
0
-1
-2
-2
-2
-3
-1
-1
-1
-1
-1
-1
0
-1
-1
-1
-1
-1
-1
0
-1
-1
0
0
1
1
2
1
1
1
1
1
1
1
1
0
0
-1
0
0
0
0
1
0
0
1
1
1
2
2
2
1
0
0
1
1
1
1
0
1
0
0
0
1
0
-2
-2
-1
-2
1
0
-1
-1
-1
0
-1
-2
-1
0
-2
-1
-1
0
0
0
1
0
1
0
1
0
0
0
1
1
0
1
1
1
1
0
0
0
0
0
0
1
1
1
1
0
0
-1
-1
-1
0
1
1
1
0
0
1
1
1
1
2
1
2
2
0
1
2
1
0
1
1
1
0
0
0
0
-1
0
-1
0
0
0
0
0
-1
0
0
0
-2
-1
-1
-2
-1
-2
-2
-2
-2
-3
-3
-3
-4
-3
-2
-2
-3
-3
-3
-2
-2
-2
0
0
0
-1
0
0
0
1
0
1
1
1
1
2
1
1
0
0
1
0
0
0
0
0
0
0
1
1
1
1
2
1
2
3
2
1
0
1
0
1
1
1
1
-1
-1
0
0
1
0
1
0
0
0
0
0
0
1
0
0
-1
0
1
-1
-1
0
-1
0
0
1
0
-1
0
-1
-1
0
0
1
2
2
2
1
1
0
1
1
0
0
0
0
0
0
0
0
0
0
0
1
1
0
-1
-1
0
0
-1
1
1
1
0
0
-1
-1
-1
-2
-2
-2
-3
-2
-3
-1
-1
-1
1
0
1
-2
-1
0
0
0
1
0
1
2
1
3
2
1
1
0
2
2
1
1
1
1
1
1
0
-1
-1
0
0
0
1
0
1
1
1
-1
-2
0
-3
-1
-2
-1
0
-3
-1
-1
-2
-1
-1
0
0
1
0
0
-1
0
2
2
1
0
-1
-1
-1
-1
0
-1
-2
-2
-1
-1
-1
1
0
0
0
0
2
0
1
1
-1
0
-1
0
2
-2
-2
-3
-3
-2
-4
-4
-2
-3
-4
-2
-2
-4
-2
1
-2
0
2
3
5
4
3
1
2
2
1
1
2
3
1
0
0
-1
-1
-1
2
1
2
0
1
-1
-1
-1
0
2
0
1
0
2
3
0
2
1
1
-1
1
1
-1
1
-1
0
0
1
1
2
4
2
0
2
-1
-3
-1
1
1
1
2
2
2
2
3
1
1
2
1
3
6
7
5
3
4
0
-1
1
-3
-2
-3
-2
-3
-1
-2
-2
-2
-4
-2
0
0
0
-3
-1
0
-1
-1
-6
-4
-1
0
-1
-2
-3
0
1
1
-2
-3
-2
-2
-1
-5
-6
-5
-5
-1
-2
-3
-1
-4
-1
-3
-4
-3
-4
-3
-2
-1
-1
0
2
1
1
2
3
1
0
1
0
3
3
2
2
1
1
1
2
3
1
3
6
2
0
0
3
2
1
-2
1
3
3
4
1
4
3
3
2
1
2
0
-1
-3
-2
-1
0
-2
-5
-3
-2
-2
-1
4
3
3
6
7
2
4
7
4
4
1
2
1
3
2
-1
2
1
0
-2
1
-3
-1
-5
4
-20
-57
2
33
33
15
21
7
4
-3
-18
-17
-11
24
33
29
-3
-13
-16
0
8
1
1
-12
-20
-25
-16
-9
-8
-7
-7
-9
-17
-19
-11
-15
-49
-21
20
43
42
30
3
-2
0
-14
-7
-12
18
36
38
13
-51
-65
-25
18
48
47
20
-17
-18
-57
-28
23
20
28
43
5
-25
-16
-33
-5
24
38
46
42
-30
-61
-60
-33
-30
-19
77
-18
-28
-19
-57
-21
-25
28
26
30
32
22
9
1
10
23
57
57
46
12
-29
-40
-24
-36
0
14
17
0
-24
-29
-63
-53
4
-4
24
21
-26
-17
-24
-19
-6
32
46
22
19
19
-34
-2
2
2
18
30
3
-2
-3
-49
-9
-10
20
32
-6
25
-25
-22
18
-20
18
38
-2
56
52
-36
-17
58
-1
-1
28
-25
-5
-52
3
5
-30
37
-4
-2
9
-3
8
7
22
26
45
56
11
4
5
-8
65
20
2
15
-49
-45
-39
-9
-58
-87
7
-27
-54
-28
-79
-62
-24
1
61
60
27
-4
2
44
17
26
83
54
25
19
-29
-42
-14
-49
-30
52
-27
-35
-25
-43
-36
-43
11
1
-33
-58
11
-60
4
-1
-44
52
-9
12
-4
33
31
11
37
39
49
-38
31
13
65
36
35
10
-13
-6
-80
30
-24
0
-33
-49
-7
-81
-48
-13
3
-38
-26
52
-5
-24
-4
2
64
79
40
34
42
32
21
5
57
-7
-14
47
-2
-15
-4
-23
-28
-22
-5
-1
29
-1
-20
-19
-10
-27
-35
34
0
23
-9
-26
-12
-13
24
-26
39
49
-5
5
4
-2
12
1
41
45
0
19
-45
31
-13
-30
37
1
-15
-41
4
-9
-3
-23
-35
-6
15
22
-22
27
-5
-36
13
13
18
8
-8
35
13
-22
24
-19
6
-36
-49
36
-20
1
-46
-68
2
-12
16
3
-3
1
-32
7
-27
-54
-1
14
28
46
20
4
34
-15
-34
13
44
54
9
-15
-5
15
-9
-5
-11
-19
32
2
19
-19
-57
-57
10
-8
35
59
-20
19
-30
-11
48
1
7
24
-6
20
14
-72
-19
-14
12
42
28
-31
-49
-39
-22
17
7
6
10
5
-14
-37
-12
25
19
24
44
-24
-37
11
-16
-7
16
3
21
9
-4
-34
-48
11
-3
29
42
-5
-6
-31
-26
-1
37
88
63
5
-17
-32
-46
5
38
9
11
15
-32
-41
-30
-9
1
20
30
29
4
7
-8
-16
40
46
32
56
-11
-44
-33
11
25
53
9
-60
-26
-52
-7
-16
-5
3
3
35
5
-29
-56
-40
-2
61
49
3
-9
-4
-32
-44
24
-6
-15
54
14
-14
-19
-25
-29
-32
21
55
1
36
13
-71
-20
-1
-10
-25
51
-3
-57
-19
-33
-20
1
58
31
-66
-22
17
-72
5
67
-12
-10
47
-15
-24
62
67
-40
21
62
-80
-13
30
-30
0
75
62
-3
-6
-4
-43
-49
48
12
-3
14
-17
-21
16
35
-14
-1
19
29
40
-11
-30
-41
-55
45
36
-64
-3
-4
-40
27
32
-38
-17
-6
35
11
-20
6
-16
17
34
-29
-45
-9
-40
-3
42
4
-46
-11
17
-13
25
-30
-63
13
9
5
41
7
-57
-27
31
23
-9
18
44
7
23
43
-4
-16
-18
-33
8
52
18
-19
-5
-10
10
39
31
3
-22
-27
46
22
-13
-4
23
-8
-17
22
-29
-4
11
-12
36
43
-12
-26
-16
17
-21
-5
84
22
-39
7
-18
-20
13
15
-9
14
5
-18
8
18
-14
-55
13
57
25
-1
-8
-63
-76
3
31
15
-12
-70
-62
-45
-21
-76
-49
28
35
27
26
5
-31
5
46
43
65
95
23
-42
-24
-41
-46
53
35
-25
-30
-21
-17
-15
4
2
-3
39
70
-33
-66
12
-46
-41
57
73
-40
-43
23
-6
-2
55
34
-39
35
43
-17
-20
22
17
-57
26
45
-73
-27
16
-16
-10
38
24
-16
-52
-47
-13
-13
21
24
-5
15
5
-16
-14
20
58
59
27
8
23
-8
-11
7
37
25
7
6
-9
-24
-38
1
-16
-10
45
22
-20
-41
-50
-29
24
49
39
-19
-71
-8
18
-34
24
36
23
-4
8
49
-53
-81
56
55
-38
28
38
-81
-84
20
-2
-41
-6
-3
-41
-62
-36
-13
-19
-51
3
-9
-29
56
22
-33
-4
-17
3
14
1
88
103
27
14
34
3
-16
-20
12
118
-20
-37
47
-21
-89
-73
41
31
15
17
22
-47
-69
35
35
-34
60
76
-19
0
31
5
-36
-31
6
40
54
16
3
-3
-41
-14
15
67
35
-79
-57
44
50
-2
-63
-53
-35
-4
9
48
10
-18
69
21
-17
6
20
0
11
39
36
7
-74
-45
-28
12
0
4
75
-5
-120
-87
27
-32
-74
16
56
-8
-18
-43
-115
21
74
22
32
-7
-18
-58
-47
44
70
43
-16
48
1
-69
-9
52
68
42
-37
-31
3
20
-16
-82
54
91
-87
-74
12
-20
-18
19
33
-30
-33
30
26
-70
56
109
-38
-34
57
64
-43
-34
72
45
-55
9
26
-12
-68
-5
25
-38
46
-2
-116
-36
25
-22
64
70
-51
-40
-24
-65
50
73
6
-20
21
46
-57
-29
31
13
-25
-8
21
16
-12
-44
-67
26
50
-1
-26
3
-4
-70
-56
80
96
-53
-68
45
46
4
-4
-9
-1
100
55
-51
6
52
23
-95
24
164
28
-79
-7
-3
-30
-17
62
111
-35
-43
-50
-63
7
42
13
-66
64
91
-82
-67
-1
-27
9
61
80
-2
-69
-45
-58
-55
-18
44
29
28
-21
-78
-20
9
-23
-27
-33
67
96
-29
-75
-28
1
-37
-33
34
70
9
-50
-43
21
2
-25
-8
13
62
23
-47
-62
18
20
10
47
23
7
8
-14
-43
15
66
56
10
-40
7
39
-7
-39
-39
93
94
-34
-60
6
24
-45
-47
35
48
-16
-71
-86
-6
38
-16
-29
44
59
27
-10
-31
-15
59
18
17
38
48
15
-71
-5
19
-12
-3
-18
34
-19
-19
30
-26
-65
-30
21
56
7
-29
-15
-53
-2
29
26
17
15
23
3
-22
-9
23
-8
-58
-12
50
34
-38
-68
-22
-7
-7
39
64
4
-54
-22
30
42
33
-33
-32
-14
-21
-11
-3
35
39
-15
-39
2
-38
-55
-2
13
20
36
5
-44
-75
-23
2
3
68
59
-4
-52
-17
-2
5
-32
-24
15
4
11
-3
-21
-17
-1
-4
22
56
59
1
-36
15
9
-10
31
34
15
49
14
-38
-17
-2
-33
-15
55
6
-27
22
1
-27
23
69
36
13
15
-3
-40
3
28
1
9
27
23
-9
-1
7
-36
-39
9
10
16
12
-4
-47
-31
41
17
-23
-2
-11
-17
-9
2
11
22
-8
-20
17
32
-3
-37
-11
13
14
-25
-41
-25
-19
6
-2
-20
-10
-17
-58
-39
1
27
11
-37
8
29
-24
-96
-55
22
5
23
40
12
-4
-57
-71
13
50
65
36
20
33
-3
-20
18
32
31
23
-10
24
8
-76
-46
25
34
8
-1
-14
-17
-13
4
15
21
25
11
-11
-12
40
26
-12
1
52
68
31
13
26
11
-9
-28
6
57
-10
-68
-55
10
0
-44
-31
-6
4
-53
-80
-21
18
-12
-19
38
18
-45
-65
-44
29
59
34
5
-20
-14
4
-26
-14
57
35
-20
15
80
48
-44
-83
11
72
54
25
-17
4
5
-44
-5
57
13
-29
-40
-35
4
20
9
-27
4
26
-13
1
-8
-37
-14
41
82
60
-35
-58
-10
8
5
35
56
24
-44
-47
-25
-22
-5
-16
-17
12
35
12
-35
-29
-14
-3
33
32
-8
-30
-43
-47
-1
19
12
-16
-48
-10
-9
-44
-28
9
11
1
-8
21
-13
-28
-28
2
61
62
-3
-46
15
22
6
30
44
30
25
37
28
34
22
1
12
38
50
16
-4
-6
-34
-31
12
30
16
5
-30
-73
-38
6
-15
-42
-13
9
-31
-41
0
-3
-49
-18
46
17
5
-27
-37
-1
15
-2
18
24
-14
-13
3
35
36
-9
-40
-24
-4
0
3
15
-5
-33
-23
-9
-9
-15
-28
-29
-22
5
20
-3
-31
-21
13
35
34
28
24
-8
0
35
62
28
20
47
56
49
29
28
-15
14
54
46
28
17
-8
-38
-8
26
41
20
-11
6
21
35
40
9
-34
-33
13
17
14
25
-28
-66
-29
0
-10
-32
-30
-24
-29
-23
-58
-74
-79
-65
-30
-16
-27
-49
-63
-68
-56
-34
-30
-49
-68
-55
-54
-40
-26
-65
-88
-38
11
-22
-37
-26
-32
-56
-21
46
51
13
-15
-5
23
44
67
86
113
122
96
114
129
129
121
136
164
156
126
84
54
85
100
96
97
79
38
12
-2
20
29
3
15
13
23
14
-27
-39
-21
-7
-7
-2
23
-1
-25
-44
-8
19
-31
-31
-51
-72
-55
-85
-93
-78
-78
-79
-114
-109
-90
-117
-135
-140
-118
-75
-95
-129
-145
-116
-97
-150
-176
-162
-171
-224
-235
-223
-221
-235
-260
-268
-295
-317
-297
-269
-238
-203
-173
-99
-39
-10
21
157
280
372
514
614
682
751
759
816
919
948
936
870
811
808
711
581
505
422
317
152
24
-36
-126
-217
-315
-380
-392
-487
-563
-584
-526
-472
-477
-440
-428
-350
-324
-291
-178
-56
10
6
68
137
212
266
316
360
365
336
311
341
299
211
134
82
23
-88
-205
-278
-358
-387
-413
-529
-658
-933
-1262
-1280
-792
-313
-469
-1047
-1434
-1311
-1007
-875
-979
-898
-603
-313
-258
-499
-671
-541
-46
570
1045
1097
702
327
421
1003
1674
1920
1665
1226
881
803
986
1203
1251
1011
590
343
204
115
4
-144
-76
34
17
-189
-553
-748
-657
-277
95
149
-122
-500
-649
-374
66
325
344
158
-35
-89
57
310
392
358
319
344
371
295
243
231
295
429
371
232
54
-127
-166
-30
84
26
-271
-573
-619
-499
-370
-354
-447
-539
-609
-641
-567
-441
-396
-489
-666
-924
-1036
-773
-235
-121
-565
-1054
-1150
-909
-757
-871
-963
-690
-279
-157
-476
-889
-866
-316
385
939
979
655
298
274
812
1571
1946
1859
1471
1106
1051
1170
1363
1329
1104
905
697
487
257
15
-178
-211
-66
-38
-267
-667
-970
-879
-486
-184
-200
-479
-749
-714
-413
-18
228
169
22
-6
160
344
503
592
617
647
632
565
539
515
496
573
646
525
274
39
-139
-101
39
103
-100
-448
-647
-703
-637
-497
-451
-559
-754
-828
-766
-660
-539
-505
-509
-602
-930
-1131
-1030
-608
-179
-221
-751
-1208
-1187
-913
-788
-859
-807
-544
-270
-423
-752
-925
-580
101
674
904
711
326
224
616
1272
1817
1878
1555
1154
1011
1208
1462
1431
1236
964
731
557
370
191
66
63
124
51
-212
-584
-833
-820
-490
-176
-156
-413
-803
-847
-416
27
210
142
-26
-24
134
343
536
627
672
774
819
763
618
534
595
719
761
665
380
55
-108
-69
65
54
-173
-487
-726
-761
-689
-650
-662
-763
-878
-971
-910
-785
-671
-599
-561
-522
-504
-570
-654
-810
-831
-592
-205
20
-321
-874
-1139
-846
-366
-274
-665
-998
-795
-319
-239
-462
-668
-514
-97
329
625
616
434
399
659
1128
1557
1603
1423
1255
1243
1348
1422
1346
1156
874
812
831
716
458
64
-154
-22
115
-23
-373
-687
-659
-388
-159
-155
-354
-562
-535
-324
10
186
77
-94
-49
119
313
446
470
431
324
317
413
447
413
385
380
351
285
84
-77
-114
-69
2
-48
-232
-447
-596
-623
-539
-509
-561
-671
-678
-636
-614
-633
-595
-523
-408
-404
-463
-510
-450
-503
-659
-723
-526
-168
-186
-572
-949
-885
-605
-567
-839
-1049
-826
-353
-269
-566
-889
-749
-265
260
548
519
322
224
524
1024
1414
1436
1310
1175
1192
1351
1492
1430
1272
1019
894
858
781
691
560
373
282
262
162
-36
-220
-227
-24
98
24
-127
-321
-332
-193
56
133
3
-150
-150
-58
39
110
121
129
118
77
59
70
132
210
205
153
38
-52
-42
48
87
65
-84
-224
-305
-376
-349
-323
-339
-335
-438
-589
-624
-596
-601
-585
-494
-433
-541
-738
-735
-563
-389
-415
-698
-898
-863
-587
-256
-320
-707
-928
-834
-589
-571
-753
-748
-472
-230
-308
-562
-698
-404
106
459
528
383
285
371
614
1012
1345
1451
1370
1212
1163
1199
1229
1258
1290
1245
1094
872
671
513
475
528
615
498
162
-85
-86
60
152
121
5
-199
-286
-149
-13
21
-88
-189
-182
-115
-78
-63
-81
-12
52
-16
-150
-218
-131
9
85
46
-84
-205
-280
-200
-58
-16
-74
-240
-324
-353
-386
-391
-389
-390
-412
-502
-569
-562
-550
-534
-476
-437
-459
-477
-466
-391
-356
-345
-411
-533
-598
-500
-247
-158
-363
-692
-752
-584
-450
-580
-783
-705
-414
-230
-415
-742
-716
-261
206
380
269
131
204
500
845
1102
1211
1128
1065
1120
1227
1328
1268
1192
1224
1175
1005
869
731
766
829
754
624
426
261
200
204
226
248
210
81
-22
-111
-107
-21
-3
-30
-162
-279
-307
-225
-124
-123
-280
-393
-336
-289
-269
-282
-300
-297
-307
-267
-273
-303
-320
-289
-195
-136
-193
-306
-360
-300
-193
-150
-216
-300
-312
-301
-302
-248
-203
-232
-350
-415
-308
-156
-99
-219
-398
-618
-697
-628
-396
-149
-223
-605
-981
-1003
-758
-600
-713
-859
-727
-531
-557
-762
-890
-591
-122
207
234
78
-6
198
631
1024
1164
1076
1044
1122
1248
1346
1378
1364
1294
1147
1067
1013
959
931
933
807
635
514
466
435
384
321
251
199
164
150
66
-54
-87
-5
32
-95
-291
-358
-271
-114
-45
-178
-367
-480
-456
-261
-138
-152
-279
-371
-381
-337
-255
-208
-190
-186
-151
-178
-254
-325
-323
-158
-42
-115
-243
-279
-265
-217
-230
-238
-199
-186
-253
-361
-382
-315
-280
-421
-549
-563
-646
-662
-672
-553
-437
-613
-914
-1004
-785
-572
-620
-868
-986
-743
-427
-374
-512
-571
-271
75
228
174
138
347
719
981
1081
1016
939
1072
1278
1353
1352
1263
1147
1115
1107
1083
1030
912
751
699
699
648
462
363
367
369
308
228
149
67
49
28
-16
-42
-90
-168
-213
-214
-186
-197
-223
-271
-332
-301
-250
-224
-149
-156
-233
-270
-224
-126
-48
-65
-107
-106
-83
-68
-97
-88
-57
-105
-193
-248
-236
-170
-185
-285
-395
-477
-488
-462
-468
-549
-588
-605
-638
-624
-651
-701
-674
-718
-782
-764
-650
-503
-538
-699
-754
-628
-453
-484
-674
-665
-356
-50
-135
-422
-499
-137
319
500
414
297
336
544
814
1015
1014
926
964
1079
1159
1104
956
885
981
1088
1009
758
620
647
692
621
513
469
432
319
235
271
370
426
346
144
-5
-1
145
286
256
64
-114
-111
11
68
17
-97
-157
-144
-154
-196
-209
-151
-144
-137
-188
-261
-300
-265
-235
-196
-200
-307
-398
-467
-391
-313
-339
-348
-416
-493
-599
-610
-522
-441
-462
-565
-650
-702
-673
-606
-577
-557
-532
-553
-604
-734
-787
-675
-421
-219
-244
-494
-686
-601
-336
-217
-290
-329
-186
-56
-90
-229
-306
-47
341
549
434
273
316
572
783
843
823
831
960
1050
1015
988
974
1019
1061
1014
878
697
665
736
790
707
540
447
441
383
312
345
432
485
385
157
11
72
280
389
240
31
-94
-42
104
109
5
-84
-99
-91
-152
-273
-322
-235
-108
-99
-250
-427
-513
-516
-428
-327
-293
-372
-554
-700
-692
-598
-554
-560
-598
-683
-804
-882
-824
-714
-678
-689
-708
-714
-685
-668
-643
-568
-489
-444
-454
-492
-482
-422
-337
-141
-25
-109
-266
-310
-105
40
-54
-220
-151
89
137
-17
-145
25
358
436
342
268
384
589
711
759
821
928
974
983
1006
1026
1049
1046
1067
1064
964
811
763
838
878
761
581
528
505
498
445
338
297
315
323
297
249
186
128
134
129
126
84
3
-73
-70
-64
-109
-198
-241
-219
-236
-282
-361
-461
-538
-585
-574
-555
-601
-716
-810
-842
-846
-855
-871
-875
-902
-946
-983
-968
-887
-796
-739
-747
-758
-713
-634
-541
-424
-294
-232
-236
-245
-179
-53
24
92
116
52
25
29
121
197
134
41
7
44
48
-79
-172
-126
32
67
-64
-189
-111
152
322
369
301
275
413
674
851
890
847
834
926
1081
1139
1088
1015
1031
1045
996
887
756
749
822
859
715
472
347
422
488
438
304
213
192
240
181
77
17
-2
37
12
-79
-179
-223
-208
-171
-229
-360
-469
-518
-491
-514
-621
-697
-714
-748
-825
-850
-863
-898
-918
-942
-937
-917
-901
-893
-892
-811
-749
-716
-678
-643
-536
-441
-431
-435
-360
-194
-100
-108
-140
-73
38
85
56
11
93
204
189
56
21
122
237
238
97
-43
-35
58
93
20
-108
-113
17
146
127
14
-57
71
309
491
526
472
496
646
805
888
915
978
1084
1093
982
920
959
1049
1082
949
789
712
654
612
523
474
449
364
260
114
37
36
83
118
70
-3
-87
-143
-150
-134
-68
-68
-145
-227
-276
-334
-370
-401
-410
-429
-503
-627
-747
-789
-754
-764
-846
-889
-888
-855
-884
-946
-924
-823
-723
-707
-735
-687
-605
-510
-497
-491
-400
-298
-251
-234
-195
-110
-64
-94
-82
-24
54
114
119
114
142
131
151
149
125
132
150
212
229
142
33
-23
10
59
36
-9
1
66
119
127
85
161
341
480
517
501
520
647
817
888
931
969
1015
1043
990
940
951
982
952
852
727
647
592
538
516
431
337
271
212
178
128
40
-37
-47
-24
-17
-73
-187
-271
-294
-296
-303
-402
-495
-533
-571
-616
-692
-788
-857
-838
-839
-883
-944
-1004
-1000
-965
-946
-922
-892
-864
-833
-825
-768
-695
-621
-550
-489
-425
-367
-321
-259
-132
-16
49
43
32
85
215
311
323
325
330
377
396
401
424
432
439
416
349
294
285
344
443
461
336
187
122
166
281
272
171
150
189
189
125
104
188
385
468
422
387
397
502
600
710
792
773
712
666
669
723
754
690
562
453
369
336
333
287
230
112
8
-56
-97
-143
-170
-187
-198
-234
-299
-355
-417
-471
-465
-425
-431
-518
-668
-754
-726
-672
-672
-731
-796
-831
-847
-858
-847
-789
-741
-728
-745
-736
-690
-628
-555
-487
-412
-324
-299
-294
-246
-166
-75
-3
46
76
113
148
182
217
315
363
359
342
326
386
436
447
448
441
462
462
407
403
388
383
416
425
415
375
274
233
239
282
306
220
132
106
159
182
123
67
91
178
235
229
208
219
307
398
419
424
418
416
433
417
410
424
423
381
246
154
124
146
169
123
27
-74
-135
-140
-110
-115
-148
-199
-217
-248
-322
-404
-462
-451
-407
-431
-532
-619
-626
-628
-632
-630
-676
-707
-690
-684
-688
-685
-685
-649
-625
-635
-646
-623
-531
-429
-406
-417
-347
-224
-134
-88
-48
65
197
241
257
300
366
448
518
579
608
586
564
577
590
613
632
628
600
561
547
521
477
460
453
409
365
327
283
226
149
111
117
87
-2
-108
-193
-156
-97
-82
-99
-148
-178
-156
-107
-47
70
133
153
148
159
246
342
397
458
431
369
316
274
286
329
297
171
63
-13
-53
-97
-152
-174
-186
-265
-394
-495
-505
-458
-437
-480
-559
-633
-652
-641
-633
-648
-652
-641
-624
-626
-676
-687
-623
-534
-506
-565
-598
-540
-468
-400
-361
-301
-211
-151
-119
-85
13
147
259
299
322
391
442
488
528
604
706
732
667
609
636
717
724
706
676
649
620
590
552
523
507
489
447
376
302
223
165
147
170
160
110
-5
-97
-119
-112
-148
-202
-248
-254
-259
-257
-273
-290
-263
-179
-113
-92
-83
-65
-8
63
137
195
228
231
206
173
164
179
178
166
108
-17
-82
-117
-146
-178
-240
-342
-380
-394
-431
-507
-602
-591
-512
-518
-602
-700
-727
-629
-539
-528
-547
-564
-538
-465
-405
-380
-353
-327
-295
-244
-194
-108
-42
-15
27
70
96
131
187
277
360
405
417
471
545
589
600
616
675
719
728
692
625
616
675
704
646
580
508
469
465
415
360
318
273
256
225
161
104
43
21
7
-33
-68
-76
-95
-119
-178
-246
-265
-280
-306
-338
-378
-359
-311
-324
-369
-403
-374
-271
-171
-153
-185
-184
-111
-20
3
10
24
70
96
52
3
-19
10
-27
-60
-140
-224
-242
-246
-263
-336
-426
-449
-424
-431
-468
-520
-499
-428
-398
-454
-475
-447
-353
-263
-229
-229
-211
-148
-101
-45
-10
0
28
70
128
167
203
258
284
288
315
338
395
442
465
486
488
504
500
522
549
603
645
638
581
513
522
571
583
547
494
439
409
386
357
314
274
269
258
211
147
95
78
90
90
35
-37
-88
-139
-183
-197
-181
-192
-262
-350
-419
-435
-440
-482
-536
-552
-549
-537
-562
-588
-555
-499
-451
-434
-445
-421
-337
-275
-256
-232
-207
-142
-82
-58
-86
-116
-83
-69
-91
-171
-237
-219
-162
-161
-245
-305
-283
-223
-199
-238
-265
-236
-168
-123
-127
-136
-119
-67
-3
65
116
111
89
119
188
252
271
270
291
312
328
300
290
339
427
477
449
413
439
483
503
518
536
575
579
555
548
548
573
602
609
603
561
506
463
442
437
433
374
284
212
157
115
66
21
-25
-73
-128
-215
-279
-306
-310
-328
-366
-418
-477
-511
-534
-552
-583
-648
-695
-696
-676
-679
-727
-736
-682
-640
-652
-667
-633
-528
-426
-389
-407
-392
-306
-194
-133
-128
-104
-48
-5
1
-34
-12
27
40
0
-55
-84
-87
-80
-82
-71
-62
-107
-156
-121
-62
-4
5
10
65
155
201
233
284
368
448
457
459
496
544
613
650
659
666
682
690
674
666
675
686
669
629
574
547
544
541
509
446
416
374
326
283
236
208
180
127
91
59
18
-19
-70
-123
-168
-206
-243
-276
-283
-297
-333
-376
-420
-421
-408
-397
-412
-446
-447
-452
-467
-461
-437
-419
-439
-476
-481
-472
-487
-532
-553
-564
-578
-617
-631
-587
-548
-557
-598
-640
-595
-489
-404
-382
-388
-366
-314
-244
-211
-153
-72
-7
9
-7
-3
62
154
216
235
223
221
274
321
354
396
447
501
511
523
533
552
589
646
685
690
671
639
623
657
698
698
657
599
552
520
506
475
432
389
334
295
277
252
220
173
151
154
140
112
71
42
36
30
32
1
-27
-65
-93
-98
-111
-133
-159
-174
-194
-203
-208
-225
-230
-218
-240
-267
-306
-302
-265
-264
-285
-319
-338
-338
-327
-347
-381
-409
-427
-430
-457
-506
-536
-541
-545
-592
-672
-729
-740
-702
-693
-706
-729
-717
-678
-659
-632
-592
-506
-410
-328
-265
-197
-120
-1
122
211
270
317
401
506
598
669
698
706
727
750
779
790
794
797
764
727
703
697
684
672
624
574
567
540
479
407
366
350
346
306
264
216
162
131
123
118
102
60
14
-10
-16
-10
-14
-21
-44
-68
-77
-72
-81
-117
-120
-105
-94
-97
-120
-141
-153
-124
-93
-109
-144
-171
-172
-156
-169
-193
-204
-227
-246
-268
-296
-290
-298
-307
-331
-366
-378
-379
-396
-410
-438
-474
-473
-483
-512
-531
-561
-567
-562
-560
-551
-545
-541
-518
-495
-475
-451
-423
-377
-315
-222
-150
-88
-29
19
103
213
332
416
454
486
531
618
722
782
780
763
757
765
776
768
763
723
664
607
556
528
483
417
365
351
337
293
215
159
156
179
169
114
51
5
-4
-4
-6
2
-27
-68
-86
-87
-90
-93
-109
-113
-85
-90
-96
-104
-88
-57
-28
-27
-51
-54
-46
-23
-37
-46
-64
-87
-96
-102
-113
-133
-142
-143
-150
-191
-229
-258
-284
-304
-317
-338
-370
-384
-388
-398
-415
-441
-451
-458
-448
-444
-444
-407
-392
-396
-396
-365
-329
-279
-266
-254
-204
-146
-116
-129
-133
-95
-3
48
52
37
57
115
161
196
194
209
238
278
309
327
343
359
362
386
405
428
448
421
409
432
441
449
440
413
407
407
388
368
355
340
325
290
266
256
231
207
183
155
139
110
80
59
29
3
-15
-38
-50
-53
-65
-80
-119
-151
-166
-168
-148
-154
-167
-178
-178
-187
-199
-199
-197
-183
-190
-202
-208
-225
-205
-190
-190
-198
-211
-195
-173
-166
-162
-178
-176
-163
-166
-160
-168
-137
-120
-114
-109
-121
-117
-103
-104
-94
-85
-96
-90
-92
-100
-85
-72
-76
-88
-123
-139
-129
-113
-108
-104
-114
-138
-160
-171
-152
-138
-141
-145
-136
-118
-80
-56
-45
8
56
97
131
149
209
280
362
431
449
458
458
486
515
542
558
549
552
530
507
456
432
431
415
366
294
244
221
200
159
113
49
-10
-57
-101
-145
-182
-209
-229
-240
-282
-342
-356
-334
-298
-298
-314
-321
-306
-258
-228
-216
-187
-163
-150
-137
-120
-69
-23
-6
-21
-46
-46
-11
23
46
48
38
28
14
-8
-24
-9
10
3
-38
-82
-116
-108
-78
-71
-98
-136
-141
-152
-182
-202
-215
-201
-199
-210
-235
-250
-234
-209
-203
-204
-203
-181
-164
-153
-128
-99
-69
-55
-35
-17
11
38
64
92
115
164
209
230
252
283
326
351
364
392
440
472
469
449
444
440
441
432
395
376
341
310
250
204
182
156
114
59
14
-14
-42
-95
-139
-157
-163
-180
-200
-225
-216
-227
-238
-248
-257
-239
-233
-205
-186
-172
-154
-134
-115
-94
-65
-43
-41
-41
-11
22
40
41
24
37
61
57
31
16
26
35
28
14
3
-7
-8
-34
-62
-64
-64
-72
-99
-119
-123
-141
-146
-175
-203
-214
-226
-226
-217
-218
-205
-204
-213
-199
-179
-153
-141
-131
-118
-93
-78
-59
-44
-16
12
22
52
73
102
116
140
158
171
211
234
240
233
260
289
304
310
308
314
306
307
312
316
303
278
263
247
232
208
148
107
99
78
56
14
-12
-29
-38
-71
-110
-129
-137
-159
-185
-180
-164
-164
-194
-186
-167
-157
-164
-186
-197
-151
-129
-144
-152
-142
-108
-94
-97
-96
-75
-62
-40
-30
-13
-2
2
18
36
35
25
28
35
62
62
42
16
22
26
24
21
-3
-5
0
-5
-38
-45
-36
-26
-35
-49
-70
-67
-39
-29
-39
-54
-56
-47
-37
-30
-33
-33
-18
-12
-17
-19
-26
-12
15
21
16
-12
-11
15
47
67
84
108
100
88
87
96
112
129
143
135
107
106
112
119
128
128
111
96
71
64
48
36
38
30
19
-8
-49
-70
-67
-61
-64
-93
-124
-134
-133
-134
-127
-122
-118
-118
-116
-100
-74
-42
-41
-37
-22
-18
6
23
37
53
67
79
64
59
75
86
82
78
79
68
60
49
40
47
65
57
27
-2
-6
-13
-12
3
-1
-13
-23
-22
-14
-5
-10
-6
8
29
26
3
-9
0
5
5
9
2
-18
-25
-22
-16
-23
-36
-44
-50
-41
-39
-40
-43
-47
-45
-44
-53
-63
-63
-58
-37
-19
-39
-61
-65
-57
-37
-34
-48
-53
-36
-28
-23
-25
-25
-21
-10
-18
-33
-42
-49
-47
-35
-38
-38
-46
-48
-38
-42
-44
-56
-76
-85
-35
1
7
20
45
39
51
93
89
74
72
104
115
127
142
132
107
119
137
118
101
74
70
52
31
39
16
-2
9
-11
-34
-35
-42
-25
-10
12
13
15
39
66
84
109
130
149
170
178
178
169
169
164
163
146
144
124
88
72
49
31
12
-6
-31
-57
-78
-96
-119
-149
-165
-180
-208
-213
-212
-196
-198
-195
-177
-155
-149
-158
-163
-145
-126
-127
-118
-114
-105
-99
-99
-117
-121
-103
-93
-95
-86
-86
-89
-66
-56
-43
-29
-21
-6
7
18
38
50
53
54
65
75
88
95
91
89
99
112
100
88
82
80
80
82
68
46
33
34
25
18
22
13
5
-1
-5
6
10
17
24
28
34
54
66
56
57
69
94
108
114
124
130
133
137
138
153
153
138
141
129
121
125
103
93
92
76
58
36
10
-13
-25
-30
-47
-70
-79
-78
-88
-101
-121
-137
-152
-170
-183
-191
-183
-182
-199
-214
-211
-194
-200
-190
-186
-178
-166
-157
-143
-138
-121
-96
-80
-75
-60
-43
-33
-10
12
25
43
54
53
49
52
65
90
108
107
87
94
103
104
103
93
85
70
73
71
65
56
49
46
49
38
28
28
39
35
26
25
24
34
40
41
45
42
34
38
49
59
58
50
51
47
54
58
57
60
63
71
74
74
80
87
89
94
87
83
77
72
72
70
74
64
53
45
34
29
24
17
-10
-25
-45
-63
-78
-95
-113
-142
-154
-168
-180
-185
-190
-198
-215
-221
-218
-216
-207
-197
-182
-167
-152
-139
-129
-101
-78
-46
-31
-25
-15
1
19
40
53
46
47
56
62
61
69
80
68
63
60
47
45
37
30
25
22
21
16
12
1
-4
2
3
-12
-14
-12
2
-2
-10
-9
-7
1
-4
0
-3
6
5
5
28
45
45
41
56
69
84
87
90
117
125
128
135
135
137
129
128
140
141
135
132
128
112
101
101
97
79
67
58
38
27
24
30
13
-22
-32
-35
-30
-41
-51
-65
-71
-68
-76
-91
-106
-109
-113
-124
-137
-136
-139
-151
-144
-144
-150
-147
-148
-137
-131
-118
-114
-110
-110
-94
-78
-73
-62
-59
-60
-75
-58
-42
-10
4
7
34
43
41
57
56
28
27
45
69
76
67
80
69
63
81
75
79
68
42
30
28
34
26
15
13
17
13
10
13
19
34
49
44
46
54
63
59
53
72
73
70
67
59
57
54
42
54
62
59
48
46
46
40
46
36
29
16
18
16
-8
-17
-18
-6
-23
-45
-57
-74
-65
-65
-82
-87
-92
-90
-104
-121
-129
-133
-141
-148
-163
-155
-140
-133
-137
-148
-135
-127
-115
-114
-110
-90
-58
-32
-21
-10
4
12
35
58
72
77
83
103
125
134
131
132
142
155
162
159
155
150
161
162
152
143
137
150
138
120
113
99
86
85
79
67
55
39
31
23
12
-1
-24
-38
-49
-63
-76
-91
-91
-88
-93
-101
-96
-86
-71
-67
-53
-43
-39
-32
-27
-17
-3
3
16
9
-3
0
8
18
13
9
4
-13
-34
-41
-38
-39
-44
-62
-82
-88
-100
-96
-99
-106
-104
-120
-132
-142
-147
-147
-147
-143
-132
-135
-129
-124
-122
-112
-99
-89
-75
-53
-34
-11
7
12
18
29
42
68
86
98
113
141
152
164
177
182
195
199
203
194
190
190
187
181
179
180
176
157
139
130
113
113
111
98
76
60
45
41
44
35
15
1
-13
-31
-31
-39
-45
-48
-56
-60
-88
-101
-96
-86
-85
-86
-83
-89
-86
-71
-61
-52
-52
-54
-50
-38
-30
-32
-29
-24
-22
-26
-28
-39
-52
-54
-56
-60
-66
-79
-82
-81
-88
-96
-105
-117
-128
-128
-134
-137
-138
-140
-138
-144
-142
-127
-111
-100
-90
-79
-74
-63
-45
-36
-23
-5
13
26
32
46
57
74
86
87
83
85
93
98
109
121
132
138
146
151
165
178
186
191
191
189
188
195
198
202
193
192
187
181
173
174
177
165
153
133
120
104
90
72
62
58
45
21
0
-20
-19
-22
-31
-38
-61
-55
-60
-72
-77
-73
-80
-80
-85
-93
-121
-125
-129
-143
-150
-178
-203
-200
-202
-207
-214
-222
-214
-220
-221
-230
-229
-211
-196
-200
-198
-194
-178
-165
-154
-143
-147
-138
-127
-116
-97
-82
-63
-49
-44
-50
-45
-30
-16
-10
-5
-5
0
11
17
31
46
56
74
89
102
112
127
160
181
189
189
201
223
234
231
239
249
258
248
246
250
262
260
252
248
236
227
204
194
182
177
167
166
156
147
137
134
127
123
115
96
79
70
65
47
25
8
-9
-9
-17
-36
-59
-83
-98
-114
-138
-158
-174
-186
-198
-223
-249
-263
-271
-284
-309
-320
-316
-322
-316
-310
-302
-291
-276
-265
-245
-231
-220
-208
-191
-175
-166
-152
-133
-117
-108
-99
-86
-78
-64
-50
-37
-25
-15
-2
2
7
22
36
53
68
75
93
108
122
132
146
156
170
179
189
195
210
218
220
217
224
234
232
230
227
227
212
207
189
187
191
186
195
202
197
196
186
185
184
174
168
159
164
158
144
130
118
105
86
65
46
31
25
5
-8
-25
-43
-55
-66
-86
-114
-134
-147
-165
-171
-188
-203
-206
-221
-238
-251
-254
-268
-268
-266
-267
-277
-285
-287
-290
-277
-277
-270
-266
-257
-244
-237
-224
-213
-200
-195
-177
-164
-144
-125
-117
-96
-78
-61
-53
-30
-9
0
15
20
38
50
62
80
89
98
120
129
134
135
143
153
161
173
179
187
197
206
206
219
222
223
227
229
240
251
255
252
254
250
248
243
235
238
229
217
206
185
167
155
144
132
124
117
113
105
99
84
84
76
66
47
39
24
8
1
-18
-35
-50
-72
-92
-98
-114
-127
-147
-158
-172
-192
-206
-219
-237
-242
-248
-254
-262
-265
-281
-288
-287
-299
-296
-304
-303
-295
-292
-281
-279
-263
-258
-244
-233
-219
-205
-192
-168
-161
-145
-130
-109
-97
-80
-65
-45
-25
-5
13
28
41
61
90
107
133
155
168
184
196
205
224
230
241
244
250
252
257
268
273
278
281
287
281
282
274
270
275
261
252
245
227
220
210
200
194
183
180
173
162
144
129
122
114
96
79
58
34
16
-5
-19
-40
-61
-79
-96
-104
-115
-130
-140
-149
-157
-168
-182
-191
-198
-201
-208
-218
-224
-222
-226
-232
-239
-246
-245
-255
-255
-257
-251
-247
-243
-245
-234
-221
-200
-194
-186
-175
-168
-152
-137
-118
-108
-91
-85
-74
-62
-49
-36
-19
-12
0
18
17
25
37
45
54
64
72
79
88
100
99
108
115
135
155
163
178
185
197
202
213
230
251
266
261
259
267
272
276
272
270
269
261
251
237
232
216
200
185
171
160
142
125
113
104
80
63
47
39
30
6
-8
-23
-43
-64
-77
-95
-104
-106
-120
-131
-145
-155
-159
-168
-173
-180
-190
-205
-215
-223
-232
-237
-244
-254
-254
-256
-251
-253
-258
-262
-259
-249
-239
-226
-219
-215
-199
-181
-167
-156
-145
-135
-120
-102
-94
-90
-72
-59
-47
-26
-20
-8
9
25
39
59
73
86
102
117
136
150
157
165
181
186
190
202
212
228
235
237
231
227
231
224
222
219
222
210
207
196
193
188
180
176
169
171
164
159
150
149
138
138
134
123
105
92
89
85
75
52
37
15
-1
-18
-27
-35
-47
-54
-72
-79
-91
-103
-114
-125
-143
-154
-167
-181
-197
-209
-222
-227
-239
-246
-247
-246
-240
-244
-243
-251
-252
-254
-246
-239
-240
-224
-214
-210
-203
-194
-186
-185
-170
-149
-129
-114
-102
-82
-63
-53
-42
-32
-16
-4
18
33
48
64
73
93
107
126
145
165
182
201
215
229
242
255
265
270
273
269
275
275
267
263
255
236
225
219
212
201
195
191
187
186
176
174
158
145
148
129
108
94
75
68
52
27
6
-7
-20
-38
-55
-74
-84
-96
-103
-120
-132
-139
-149
-151
-160
-169
-174
-179
-188
-185
-189
-183
-185
-187
-183
-191
-196
-190
-193
-192
-185
-180
-178
-173
-167
-164
-165
-162
-160
-154
-150
-143
-133
-123
-109
-112
-104
-92
-79
-61
-46
-39
-20
-15
-5
6
18
27
34
49
55
64
78
87
102
111
125
146
162
177
185
207
222
236
250
248
248
246
249
252
244
240
229
222
215
202
191
186
171
155
148
132
118
106
84
71
55
33
17
-4
-21
-36
-53
-67
-78
-87
-96
-112
-130
-130
-128
-128
-131
-134
-140
-142
-143
-146
-146
-139
-145
-139
-130
-132
-126
-125
-122
-114
-113
-114
-110
-108
-103
-97
-96
-104
-111
-110
-112
-102
-96
-98
-95
-84
-75
-79
-77
-72
-63
-59
-58
-54
-52
-44
-36
-29
-23
-19
-7
0
18
29
38
56
71
93
100
109
119
136
150
158
170
180
189
193
196
201
199
202
200
198
200
203
208
210
207
203
195
183
174
165
154
140
127
107
87
59
40
25
12
0
-23
-47
-67
-84
-101
-112
-130
-145
-152
-175
-181
-184
-193
-189
-199
-201
-207
-205
-199
-198
-197
-194
-191
-179
-173
-165
-143
-137
-123
-114
-102
-95
-87
-76
-66
-63
-55
-51
-51
-44
-35
-34
-28
-17
-13
-4
-8
-5
-4
8
10
16
19
24
30
24
31
39
40
51
50
57
63
69
73
74
80
87
110
117
128
144
160
171
174
177
172
175
185
189
198
198
202
199
196
188
173
164
157
145
132
115
94
76
68
48
31
23
7
-8
-22
-36
-49
-60
-64
-85
-96
-106
-117
-130
-137
-143
-147
-159
-168
-174
-183
-187
-196
-199
-195
-193
-195
-193
-185
-174
-174
-172
-160
-150
-140
-123
-112
-102
-88
-81
-71
-60
-44
-37
-25
-14
0
16
27
36
46
46
51
60
67
73
75
79
82
87
89
96
90
88
98
104
109
111
108
101
108
101
97
96
92
90
90
96
99
103
104
107
112
108
117
116
119
124
126
119
116
116
114
109
88
84
76
65
52
42
20
11
1
-12
-27
-36
-49
-70
-77
-96
-116
-130
-142
-149
-164
-180
-195
-202
-215
-215
-228
-235
-228
-227
-218
-217
-211
-209
-203
-200
-199
-193
-180
-164
-147
-139
-129
-113
-102
-82
-67
-48
-30
-9
5
19
36
46
64
78
77
84
91
104
110
113
119
127
130
135
140
145
154
164
166
179
192
194
191
197
199
200
205
204
204
208
206
199
201
186
180
176
169
163
160
153
149
139
138
136
126
115
96
83
68
45
28
3
-16
-31
-41
-58
-68
-79
-88
-95
-110
-115
-124
-134
-150
-166
-169
-175
-184
-197
-207
-218
-224
-235
-246
-245
-254
-253
-249
-252
-248
-238
-237
-236
-229
-222
-218
-210
-199
-191
-180
-167
-158
-143
-130
-119
-106
-87
-63
-53
-43
-25
-6
10
30
40
44
60
71
82
99
106
108
118
126
137
147
155
172
183
193
201
208
216
218
217
222
226
220
215
217
217
226
224
215
216
219
222
223
221
224
220
214
208
196
185
170
154
135
116
99
84
64
41
17
-5
-24
-42
-64
-73
-81
-100
-115
-134
-150
-166
-172
-180
-186
-192
-211
-220
-237
-241
-238
-243
-244
-254
-254
-256
-256
-241
-231
-222
-219
-213
-209
-207
-203
-197
-179
-170
-161
-155
-145
-129
-114
-95
-85
-70
-58
-45
-33
-21
-5
20
33
52
60
66
75
83
91
100
107
116
123
126
132
143
158
170
174
175
182
188
191
199
199
195
201
203
202
205
201
189
195
193
193
192
191
193
182
188
185
177
179
170
161
151
143
123
112
100
79
58
38
19
4
-14
-34
-49
-64
-78
-96
-110
-123
-139
-154
-166
-178
-193
-208
-215
-221
-232
-239
-247
-249
-259
-255
-258
-258
-259
-258
-247
-236
-229
-220
-215
-207
-197
-194
-179
-170
-158
-142
-125
-104
-92
-79
-53
-45
-31
-19
-7
7
23
29
39
54
57
66
73
83
86
94
99
93
97
109
115
124
126
128
135
145
153
152
152
156
161
163
162
167
168
171
176
177
170
169
173
170
176
170
178
181
176
172
170
160
148
145
133
127
118
112
100
90
74
52
40
26
16
3
-18
-31
-50
-64
-76
-86
-99
-111
-122
-140
-153
-164
-176
-190
-194
-202
-211
-218
-225
-223
-224
-220
-219
-214
-214
-204
-197
-183
-178
-174
-165
-166
-157
-147
-133
-118
-103
-95
-87
-80
-64
-50
-35
-18
-4
8
17
29
37
54
65
74
81
91
93
104
111
114
120
121
120
120
122
117
122
124
120
118
116
111
109
100
102
102
102
101
99
100
107
107
111
119
110
114
117
117
117
122
129
117
110
111
96
87
73
67
59
43
32
18
8
-2
-6
-13
-22
-34
-50
-55
-72
-88
-99
-116
-124
-146
-157
-158
-171
-173
-179
-184
-185
-190
-192
-191
-194
-184
-185
-181
-178
-169
-161
-161
-146
-141
-137
-133
-119
-107
-97
-85
-66
-54
-39
-22
-9
4
18
38
46
53
63
77
85
91
94
105
113
120
117
116
116
119
124
130
136
141
136
132
129
124
129
128
126
119
114
110
105
103
101
100
103
99
99
94
95
101
104
110
109
104
100
90
91
87
79
74
58
46
34
22
12
0
-18
-20
-30
-42
-46
-54
-53
-68
-76
-93
-98
-115
-126
-127
-140
-137
-144
-148
-165
-169
-167
-167
-167
-171
-175
-175
-168
-160
-153
-145
-137
-132
-127
-124
-115
-104
-91
-76
-67
-66
-56
-58
-51
-35
-28
-23
-17
-9
1
8
16
22
37
48
55
60
65
73
76
78
80
86
88
92
94
102
97
95
99
102
108
105
104
104
107
110
111
107
108
110
109
108
105
100
104
108
106
102
98
92
87
86
77
68
63
62
56
52
45
48
39
34
26
8
-2
-13
-14
-19
-32
-42
-52
-59
-69
-79
-91
-98
-105
-116
-118
-122
-119
-121
-127
-122
-121
-119
-122
-124
-123
-122
-116
-112
-111
-103
-103
-104
-102
-98
-89
-81
-75
-78
-74
-75
-72
-62
-65
-57
-45
-38
-29
-22
-13
-5
3
10
14
26
38
42
55
60
61
62
70
76
85
88
94
92
99
105
100
93
99
97
95
101
101
102
105
111
108
114
115
111
119
116
112
117
117
105
99
91
85
78
65
61
56
48
38
33
26
18
7
3
-1
-10
-11
-15
-19
-25
-41
-50
-54
-63
-78
-86
-94
-105
-112
-113
-123
-136
-141
-148
-148
-153
-152
-148
-145
-140
-137
-133
-129
-122
-119
-111
-109
-108
-105
-98
-88
-80
-79
-75
-67
-57
-53
-57
-45
-32
-22
-13
-4
-4
-2
11
18
23
31
41
47
53
63
71
75
90
99
100
106
112
114
118
126
130
130
132
140
132
135
137
134
131
132
133
133
129
125
120
116
115
111
110
104
96
85
84
74
63
52
40
29
19
9
2
-3
-10
-12
-27
-34
-46
-50
-56
-72
-82
-88
-98
-109
-109
-117
-123
-131
-130
-133
-134
-138
-139
-129
-126
-122
-119
-121
-120
-115
-115
-117
-116
-110
-102
-97
-88
-81
-76
-73
-68
-61
-55
-51
-45
-33
-25
-16
-11
-2
4
8
20
23
36
36
35
40
45
45
47
54
65
73
73
75
77
73
77
80
80
84
84
88
85
85
86
90
93
93
84
84
91
90
87
90
98
97
95
93
95
86
81
84
86
81
74
68
58
54
44
37
30
26
19
8
-2
-8
-19
-28
-44
-59
-70
-80
-90
-94
-108
-117
-125
-128
-126
-134
-131
-133
-129
-123
-125
-123
-116
-112
-108
-106
-106
-96
-93
-93
-80
-76
-75
-63
-58
-51
-48
-35
-29
-21
-15
-13
-7
-1
-2
2
4
11
14
20
31
37
40
36
35
40
42
42
52
57
57
64
65
62
64
66
66
62
66
69
68
67
73
68
72
73
76
77
69
76
73
74
75
74
72
71
73
70
66
65
60
51
48
45
40
31
34
28
24
18
16
14
7
1
-10
-12
-21
-30
-38
-49
-56
-66
-72
-75
-84
-88
-93
-92
-92
-93
-97
-99
-105
-108
-105
-102
-100
-100
-89
-84
-79
-77
-77
-72
-65
-64
-58
-43
-33
-25
-14
-11
-5
1
8
14
15
16
15
22
23
26
32
37
36
39
39
41
36
41
49
42
41
41
42
46
48
44
43
49
48
44
46
48
49
47
46
43
43
44
45
43
45
51
50
56
57
54
55
58
58
53
46
40
37
36
35
37
35
38
27
25
19
10
0
-10
-16
-29
-39
-45
-52
-60
-64
-73
-81
-92
-94
-100
-101
-106
-107
-108
-106
-104
-104
-97
-99
-96
-92
-86
-82
-79
-70
-69
-60
-50
-44
-32
-26
-19
-17
-13
-3
3
12
24
29
34
42
46
47
56
58
65
68
70
73
75
71
76
77
68
63
58
58
52
53
45
38
37
34
32
32
35
35
37
40
39
35
36
44
40
37
37
36
35
35
36
37
36
38
34
27
26
19
20
16
9
8
10
9
5
0
-9
-14
-25
-25
-33
-40
-43
-54
-57
-67
-74
-76
-84
-83
-84
-86
-84
-85
-83
-80
-82
-75
-70
-69
-63
-59
-57
-53
-49
-51
-47
-35
-33
-28
-26
-16
-12
-10
1
5
11
14
19
22
23
28
34
38
46
49
53
53
51
45
41
38
38
35
37
39
42
41
38
36
31
29
27
24
23
17
23
20
16
22
27
32
29
28
25
27
22
25
20
19
14
16
17
14
12
10
11
15
17
18
19
14
13
8
12
10
4
2
3
3
-7
-12
-11
-16
-25
-33
-32
-39
-40
-41
-45
-42
-42
-44
-46
-45
-47
-50
-51
-56
-57
-56
-58
-56
-49
-50
-44
-45
-44
-37
-37
-30
-28
-21
-14
-14
-9
-6
-3
-1
-4
1
6
10
12
19
18
23
28
26
31
31
36
34
37
37
34
31
32
33
29
34
38
41
41
38
39
38
38
38
44
50
48
53
49
50
52
52
56
54
51
49
44
48
45
41
39
32
34
33
27
18
16
4
-2
-5
-13
-16
-20
-22
-23
-28
-33
-35
-38
-42
-47
-49
-53
-53
-54
-66
-66
-75
-76
-79
-79
-76
-80
-76
-78
-79
-81
-80
-80
-77
-72
-65
-58
-53
-46
-50
-41
-36
-34
-33
-26
-19
-16
-10
-9
-5
2
11
16
25
34
38
40
51
60
57
62
60
57
62
60
58
54
50
45
47
39
40
41
41
42
42
45
50
50
53
56
60
66
64
65
60
62
55
49
44
39
35
32
25
29
30
28
33
30
27
23
23
21
17
12
10
2
-5
-17
-26
-33
-35
-40
-43
-49
-50
-53
-61
-67
-70
-72
-74
-77
-79
-78
-81
-81
-87
-85
-87
-86
-89
-91
-89
-87
-80
-77
-74
-69
-62
-62
-52
-40
-32
-25
-22
-20
-10
-2
0
7
13
13
15
12
23
32
35
47
48
59
63
68
73
69
72
77
72
74
69
61
61
61
63
56
59
60
63
59
59
56
51
48
49
46
39
43
39
43
39
41
39
36
32
34
33
34
35
29
30
28
28
26
23
15
18
18
13
5
-6
-9
-13
-18
-17
-22
-27
-31
-39
-48
-56
-64
-71
-79
-85
-89
-98
-104
-108
-112
-111
-117
-116
-111
-110
-106
-104
-99
-92
-83
-77
-69
-65
-54
-50
-46
-40
-38
-30
-29
-21
-14
-7
-2
7
14
13
13
18
23
27
27
29
34
43
48
54
61
63
67
70
71
69
75
67
69
65
63
64
64
62
57
63
58
56
54
53
50
44
46
42
34
37
30
33
37
29
30
35
37
43
43
41
45
43
44
50
51
49
49
46
38
29
28
24
16
13
-1
-2
-10
-14
-13
-23
-29
-35
-42
-44
-55
-62
-63
-73
-73
-77
-81
-77
-75
-83
-79
-76
-77
-72
-74
-74
-71
-67
-72
-74
-68
-67
-62
-57
-53
-50
-45
-35
-32
-30
-25
-20
-23
-16
-7
-3
-2
6
12
14
20
21
25
22
27
24
31
37
33
32
36
40
39
41
40
45
49
46
46
44
39
38
39
32
35
33
35
34
34
43
41
45
38
39
42
39
43
42
40
32
42
40
33
30
22
18
15
13
4
3
3
-1
0
0
-1
-4
-8
-8
-13
-20
-24
-32
-38
-45
-52
-54
-61
-63
-70
-75
-79
-83
-86
-85
-88
-85
-84
-81
-73
-70
-70
-65
-62
-63
-59
-57
-52
-49
-44
-36
-28
-25
-19
-9
1
8
18
24
33
39
40
41
42
46
46
48
47
47
56
56
55
58
60
58
60
58
58
59
60
62
66
69
68
63
61
56
58
61
55
51
49
48
49
49
49
45
45
47
46
41
41
42
36
38
36
31
26
22
18
13
9
4
3
-2
-2
-10
-8
-17
-20
-23
-30
-29
-36
-38
-45
-53
-55
-57
-58
-54
-64
-68
-73
-83
-86
-86
-93
-99
-96
-98
-90
-94
-91
-92
-90
-88
-85
-83
-77
-72
-68
-57
-59
-52
-46
-47
-46
-43
-39
-31
-28
-19
-15
-10
5
14
19
29
36
43
46
48
49
52
53
59
62
68
70
73
71
69
73
69
67
64
62
59
61
61
65
65
67
70
66
69
66
62
60
60
57
54
48
46
42
40
35
30
28
28
21
17
16
9
9
2
-8
-6
-7
-10
-13
-12
-18
-28
-35
-40
-44
-50
-48
-48
-50
-47
-44
-48
-50
-49
-52
-53
-52
-55
-52
-56
-64
-66
-66
-60
-54
-49
-40
-34
-34
-32
-34
-31
-29
-30
-27
-20
-14
-11
-12
-13
-11
-10
-8
-2
3
7
10
14
11
13
16
15
13
14
21
19
25
20
20
16
20
22
20
21
20
20
28
29
34
31
36
43
39
44
48
52
53
54
54
57
55
55
63
67
63
61
61
63
63
63
57
48
45
36
37
37
28
25
18
9
2
-8
-18
-19
-22
-30
-43
-46
-54
-58
-59
-66
-69
-65
-74
-70
-71
-76
-82
-81
-86
-92
-92
-94
-85
-84
-79
-79
-74
-69
-61
-58
-56
-53
-46
-41
-34
-32
-29
-25
-24
-22
-18
-13
-9
-4
-3
1
6
10
13
16
16
15
18
22
26
26
31
35
37
39
41
47
54
52
58
52
55
62
57
60
59
60
57
53
56
59
56
61
58
52
52
50
47
44
42
41
41
46
47
44
42
41
36
32
30
26
25
15
10
2
-2
-5
-5
-19
-19
-24
-30
-31
-34
-29
-33
-36
-38
-39
-43
-38
-39
-41
-48
-52
-56
-55
-55
-53
-50
-52
-49
-45
-40
-44
-40
-37
-30
-30
-31
-26
-23
-14
-19
-10
-11
-7
-2
-1
9
15
20
15
19
18
15
10
16
12
7
5
5
5
7
11
10
4
2
-5
-7
-3
-5
-5
-3
-4
-4
-7
-5
-8
-11
-6
-5
-3
2
10
13
22
18
15
22
27
33
34
35
35
33
34
33
35
35
33
33
29
23
23
19
11
13
12
10
6
7
1
-6
-3
-12
-10
-10
-11
-12
-12
-12
-15
-18
-24
-26
-23
-20
-23
-23
-18
-24
-22
-25
-30
-24
-25
-28
-31
-36
-32
-33
-33
-30
-27
-23
-23
-21
-18
-17
-12
-4
0
0
4
2
1
7
13
15
21
27
25
28
25
26
24
21
20
17
16
16
14
14
18
16
19
26
27
29
26
27
28
28
28
27
29
30
32
33
34
31
29
27
28
30
25
25
23
17
14
14
10
6
3
-4
-6
-16
-19
-18
-21
-22
-24
-28
-22
-21
-22
-20
-21
-21
-25
-26
-32
-34
-35
-41
-40
-36
-39
-41
-44
-50
-58
-62
-59
-59
-57
-51
-50
-52
-51
-53
-50
-50
-45
-36
-38
-31
-25
-20
-13
-13
-11
-14
-10
-8
-5
-1
4
6
5
6
2
10
16
16
25
29
32
37
42
49
50
56
57
57
65
63
65
72
72
76
78
76
73
69
68
64
65
59
55
54
43
42
41
39
35
32
30
27
27
24
25
18
22
23
20
18
13
12
2
1
-3
-3
-10
-12
-13
-21
-23
-25
-28
-35
-41
-43
-52
-57
-56
-65
-70
-71
-74
-77
-77
-80
-81
-79
-78
-77
-75
-74
-72
-71
-71
-63
-58
-55
-50
-43
-43
-37
-26
-21
-19
-9
-2
3
7
15
17
18
19
14
20
20
20
24
25
30
28
32
36
40
40
43
44
41
42
45
52
54
55
53
56
52
51
51
46
47
47
40
36
38
32
31
35
38
39
37
34
34
31
30
29
24
25
19
10
12
6
2
-5
-14
-12
-10
-11
-16
-15
-21
-27
-27
-34
-35
-37
-44
-42
-44
-50
-52
-58
-58
-59
-59
-57
-59
-59
-55
-58
-53
-48
-46
-40
-39
-36
-32
-30
-26
-24
-24
-23
-22
-17
-15
-13
-8
-2
5
10
15
17
17
22
28
33
39
34
32
34
36
33
28
31
31
34
36
38
40
35
34
31
29
26
30
28
30
27
25
28
24
23
19
16
13
16
10
13
13
16
12
9
11
10
11
7
8
10
4
-3
-5
-8
-14
-19
-20
-18
-22
-18
-19
-22
-16
-19
-20
-19
-15
-19
-16
-17
-20
-15
-22
-24
-30
-35
-40
-36
-36
-40
-40
-40
-35
-33
-33
-29
-23
-22
-21
-17
-15
-9
-6
-3
-2
-3
0
1
4
8
12
12
14
20
24
25
24
26
24
26
26
24
24
19
22
22
22
27
27
31
30
28
29
22
20
20
22
22
22
25
23
25
22
16
11
9
6
8
7
9
9
8
11
9
10
5
7
10
7
8
8
6
3
8
4
1
-4
-1
-3
-11
-13
-14
-17
-15
-13
-18
-16
-21
-22
-24
-29
-28
-34
-33
-32
-34
-36
-38
-41
-39
-38
-37
-34
-34
-30
-28
-28
-27
-24
-22
-24
-23
-24
-21
-17
-19
-20
-16
-16
-12
-7
-4
2
-4
1
2
0
4
9
5
8
14
17
18
19
22
22
26
25
26
33
39
36
35
35
37
41
39
40
41
45
45
47
46
40
37
34
29
27
23
17
19
20
20
19
16
14
12
10
10
9
10
8
7
6
3
0
-1
-3
-4
-7
-15
-15
-17
-19
-24
-25
-26
-27
-29
-29
-33
-35
-32
-35
-37
-37
-39
-39
-40
-34
-36
-35
-33
-32
-36
-37
-32
-33
-32
-28
-29
-29
-29
-29
-26
-28
-24
-24
-19
-17
-15
-10
-7
-9
-10
-8
-5
-5
-2
6
7
14
14
17
23
26
28
30
33
34
35
39
42
41
44
45
42
46
45
50
49
48
49
47
48
45
42
36
40
35
31
32
28
28
23
22
20
18
15
12
4
5
-2
-8
-13
-17
-17
-17
-20
-23
-19
-24
-22
-23
-23
-27
-30
-30
-35
-32
-32
-28
-30
-34
-33
-32
-35
-31
-33
-34
-36
-36
-30
-31
-29
-28
-25
-23
-23
-23
-23
-16
-14
-18
-21
-17
-18
-19
-14
-15
-11
-9
-7
-1
3
4
9
14
13
16
16
18
18
23
23
24
24
26
23
22
20
19
21
25
27
28
27
25
27
24
25
22
23
23
27
26
25
24
23
19
16
13
10
14
15
11
11
7
3
5
2
-3
-1
-2
-5
-5
-7
-5
-5
-3
-2
-5
-4
-5
-6
-4
-3
-9
-9
-13
-15
-18
-20
-25
-26
-26
-26
-29
-27
-27
-25
-20
-24
-21
-20
-19
-15
-14
-11
-6
-4
-8
-13
-14
-14
-15
-13
-14
-15
-12
-11
-5
-1
4
4
4
4
5
6
6
5
7
9
13
12
12
12
13
16
16
12
13
17
15
16
13
12
17
14
15
16
13
13
18
18
16
17
16
19
17
17
13
15
16
14
16
14
13
12
11
5
7
9
6
3
2
1
3
5
3
3
3
0
0
-6
-9
-11
-8
-14
-15
-17
-20
-20
-26
-29
-28
-27
-30
-31
-29
-29
-25
-23
-26
-24
-24
-20
-22
-22
-20
-22
-23
-20
-20
-16
-17
-16
-13
-14
-14
-12
-12
-11
-8
-10
-6
-2
-2
1
1
3
2
8
12
12
17
18
20
21
17
20
21
20
20
21
22
22
23
24
23
25
24
27
30
30
28
30
31
30
28
28
30
32
32
30
27
29
26
24
24
20
22
21
21
17
12
10
8
6
1
1
-1
-3
-7
-10
-12
-14
-18
-15
-18
-20
-21
-27
-25
-27
-30
-32
-36
-37
-38
-39
-37
-32
-30
-30
-30
-30
-31
-32
-31
-30
-28
-26
-24
-24
-22
-17
-16
-18
-17
-12
-11
-11
-9
-10
-8
-6
-6
-6
-2
-5
-4
0
-3
-1
1
2
3
4
5
10
12
15
17
19
22
29
32
32
32
30
31
29
27
26
22
21
19
17
16
15
14
14
11
10
11
12
11
10
10
6
6
2
2
2
-1
-3
-3
-1
0
0
0
3
0
-2
-2
-5
-4
-4
-4
-7
-7
-9
-10
-10
-10
-12
-15
-15
-10
-12
-9
-8
-5
-6
-6
-4
-5
-3
-6
-7
-7
-6
-3
-2
-1
-1
-2
-5
-2
0
2
4
3
1
3
1
-2
-3
-2
-4
-4
-3
-3
-1
0
-3
0
0
0
2
1
3
2
3
6
6
9
8
12
17
17
17
17
18
16
17
17
15
13
10
8
4
7
8
8
10
7
9
7
6
7
2
1
0
-1
-2
-3
-3
-2
-2
-4
-5
-7
-4
-6
-7
-4
-5
-5
-4
-3
-4
-6
-8
-10
-9
-8
-10
-9
-10
-12
-13
-13
-15
-17
-19
-16
-18
-19
-20
-20
-21
-22
-19
-20
-21
-20
-17
-15
-15
-13
-16
-13
-12
-14
-15
-13
-11
-11
-9
-10
-7
-9
-5
-2
-3
-4
2
2
5
11
13
13
16
19
18
20
19
19
19
18
19
20
22
22
22
25
26
26
26
25
25
23
20
21
20
20
19
19
19
16
15
15
13
14
11
13
13
11
10
8
12
13
13
12
11
9
8
6
5
4
4
2
-2
-1
-5
-5
-7
-7
-7
-9
-7
-8
-9
-11
-10
-9
-12
-13
-16
-18
-18
-19
-18
-22
-24
-23
-25
-25
-29
-29
-28
-31
-30
-28
-26
-29
-27
-23
-24
-22
-22
-21
-18
-19
-16
-13
-11
-8
-5
-1
1
3
4
9
11
9
11
11
12
14
12
13
14
13
12
10
12
10
10
11
13
11
10
8
10
9
11
13
13
16
16
15
16
15
15
11
9
9
7
8
7
8
11
10
8
8
6
3
1
0
1
4
0
0
0
0
1
1
0
-3
-3
-5
-4
-7
-7
-5
-5
-8
-7
-9
-10
-12
-12
-11
-12
-14
-14
-13
-15
-15
-14
-13
-12
-14
-16
-13
-11
-7
-4
-2
-1
0
0
0
1
-1
3
4
6
9
7
10
12
11
13
14
11
9
11
7
6
8
8
6
7
5
4
6
5
5
5
6
4
6
5
5
4
3
2
3
2
6
4
2
5
6
6
4
6
5
5
2
2
0
2
1
0
2
1
2
0
0
1
-2
0
1
0
2
-1
-3
1
-2
-5
-5
-6
-6
-7
-6
-3
-5
-3
-6
-4
-5
-5
-5
-6
-6
-7
-6
-8
-6
-9
-8
-9
-9
-10
-11
-9
-8
-7
-8
-5
-6
-6
-5
-3
-1
-2
-5
-3
-2
-3
-1
-3
-3
-2
-4
-3
-5
-3
-2
0
0
0
1
2
6
5
5
5
4
5
5
5
7
8
9
10
10
9
8
9
9
10
8
7
8
9
7
6
7
7
8
7
7
5
4
5
4
5
4
4
4
7
2
3
3
3
3
2
1
0
1
-2
-1
-3
-2
-2
-3
-3
-4
-3
-5
-4
-4
-5
-4
-5
-4
-8
-5
-7
-5
-5
-6
-6
-7
-8
-9
-9
-10
-9
-10
-8
-8
-9
-9
-10
-11
-10
-12
-12
-10
-7
-5
-2
-2
-2
-2
-2
-1
1
0
0
2
2
3
3
2
4
5
7
8
11
12
11
12
13
13
14
12
12
13
12
12
12
9
7
7
4
6
6
7
8
8
7
5
4
4
3
4
4
5
2
2
2
0
2
0
1
-2
-5
-6
-5
-5
-5
-6
-5
-6
-5
-5
-3
-5
-4
-4
-4
-4
-4
-4
-6
-4
-5
-5
-3
-4
-6
-7
-8
-9
-8
-10
-11
-12
-12
-11
-11
-12
-11
-12
-11
-11
-10
-11
-10
-8
-6
-3
-2
-1
0
2
1
0
1
4
5
5
5
6
6
7
7
7
6
7
7
6
5
4
7
7
5
3
3
4
6
7
6
6
7
6
5
7
6
7
9
10
9
9
8
7
6
5
6
8
6
4
4
1
2
2
1
2
0
0
0
0
4
3
3
2
-1
2
2
-1
0
-1
-1
0
-3
-3
-2
-4
-1
-3
-5
-4
-5
-5
-5
-5
-6
-3
-3
-3
-5
-5
-4
-3
-4
-5
-3
-1
-1
-2
-3
-2
1
1
-1
0
1
3
5
6
6
4
3
5
3
2
2
2
2
1
1
-2
-2
-3
-3
-4
-3
-4
-5
-5
-6
-7
-9
-9
-10
-10
-10
-12
-13
-10
-7
-4
-2
-2
-1
-3
0
2
1
0
1
0
-1
-1
1
1
3
3
4
3
2
3
2
3
1
1
0
-1
0
-2
-4
-2
0
0
1
0
2
0
0
0
-1
1
-1
0
0
3
1
1
1
-1
0
-1
1
1
1
2
4
4
3
4
4
6
5
5
6
5
5
5
6
6
7
5
5
5
4
3
5
6
4
5
6
5
5
4
1
1
-1
-1
-1
-1
-2
-2
-3
-3
-3
-5
-5
-5
-5
-5
-2
-3
-2
-2
-2
-2
-2
-1
1
-1
0
0
-2
-1
-2
0
0
2
2
2
1
1
3
4
4
4
2
3
3
1
2
0
-1
-1
-3
-3
-3
-6
-8
-6
-7
-7
-7
-8
-7
-8
-9
-8
-7
-8
-6
-6
-6
-7
-8
-5
-5
-3
-2
-1
1
0
0
1
2
0
1
4
4
3
4
4
5
8
6
7
7
7
9
9
10
9
8
7
6
7
8
8
8
9
7
7
7
8
8
9
5
3
3
3
2
2
1
0
1
2
2
1
3
3
2
-1
-1
0
-1
0
-1
-3
-3
-4
-4
-6
-6
-5
-5
-6
-6
-7
-8
-7
-8
-9
-9
-7
-7
-7
-6
-8
-8
-9
-8
-10
-8
-10
-9
-8
-8
-7
-7
-8
-7
-6
-7
-6
-7
-7
-7
-6
-7
-4
-2
1
2
2
3
5
5
4
4
4
4
6
8
8
9
10
11
12
9
11
11
12
11
10
11
9
9
10
9
10
10
8
8
6
5
4
5
5
4
5
4
5
4
4
4
6
3
2
3
1
1
1
0
-1
0
-1
-3
-2
-3
-4
-4
-4
-5
-5
-6
-6
-7
-8
-7
-7
-7
-5
-5
-5
-5
-3
-4
-5
-7
-8
-7
-6
-5
-4
-3
-4
-5
-3
-5
-5
-3
-4
-3
-4
-4
-5
-6
-4
-5
-3
-4
-3
-3
-3
-2
0
-1
-1
-1
0
0
3
4
3
5
4
3
3
4
2
2
4
3
4
3
4
4
4
5
4
5
5
5
5
5
6
5
7
6
5
5
7
5
6
6
4
2
1
1
0
0
0
-1
0
0
-1
1
0
1
-1
-2
-1
-2
-2
-3
-3
-2
-4
-3
-4
-5
-5
-5
-3
-4
-5
-5
-4
-6
-6
-5
-4
-5
-5
-3
-4
-4
-7
-5
-5
-5
-5
-4
-2
-3
-2
-1
-1
0
-1
1
1
1
3
3
3
4
3
4
4
5
4
5
4
3
4
4
5
3
5
4
5
6
5
6
6
6
7
5
6
6
4
5
5
6
5
3
4
3
3
2
5
6
6
4
2
1
1
1
1
0
0
1
1
0
-1
1
-2
-2
-3
-2
-4
-4
-4
-6
-6
-5
-5
-5
-5
-5
-4
-5
-3
-4
-6
-6
-7
-7
-7
-9
-7
-7
-7
-8
-7
-8
-7
-8
-6
-7
-6
-3
-4
-2
-3
-4
-2
-4
-3
-2
-2
1
1
2
3
2
1
1
1
2
1
1
0
1
2
2
3
4
5
5
5
4
3
3
2
2
4
5
4
6
4
5
4
5
4
3
4
5
5
5
5
6
7
6
6
6
4
6
4
3
4
5
5
3
5
3
4
4
1
0
0
1
3
3
2
1
2
1
2
1
-1
-1
-2
-3
-5
-5
-7
-6
-8
-9
-9
-10
-9
-9
-9
-8
-8
-10
-10
-9
-10
-8
-7
-6
-5
-5
-3
-4
-3
-3
-3
-3
-3
-2
-2
-1
0
-1
1
2
2
2
3
4
6
6
6
8
6
8
6
6
6
8
8
6
6
5
4
4
5
2
1
2
3
2
2
3
3
3
3
3
1
2
2
2
2
5
3
1
2
2
1
1
0
-1
-1
-1
-3
-1
-1
-2
-3
-3
-3
-4
-4
-3
-7
-5
-6
-6
-5
-6
-5
-4
-6
-4
-4
-6
-3
-3
-3
-3
-2
-2
-2
-1
0
0
0
0
-1
-2
-2
-2
-3
-3
-3
-3
-4
-4
-3
-4
-4
-2
-3
-4
-2
-2
-3
-2
-1
1
2
1
1
1
3
1
1
1
1
1
4
3
3
4
5
7
5
5
6
5
6
4
5
5
4
5
5
3
3
5
4
4
4
4
5
5
6
6
5
6
3
5
4
4
2
1
2
2
2
2
1
1
0
1
0
0
1
0
0
2
0
1
2
0
0
0
-1
1
1
0
-1
0
-1
-1
-2
-1
-2
-1
-2
-3
-3
-3
-2
-4
-5
-4
-6
-6
-6
-6
-4
-4
-5
-4
-5
-5
-6
-5
-4
-5
-3
-4
-4
-3
-4
-2
-2
-3
-4
-3
-3
-4
-3
-2
-4
-3
-5
-2
-2
-2
0
-1
0
-2
1
2
2
4
4
3
4
5
4
6
5
5
4
3
5
7
5
7
6
6
5
3
3
3
1
2
3
3
1
1
1
1
2
0
0
0
0
2
1
-1
1
0
-1
-1
-1
0
-2
-3
-2
-3
-5
-5
-6
-4
-5
-6
-5
-6
-4
-4
-4
-3
-3
-2
-3
-3
-3
-3
-2
-3
-4
-3
-5
-4
-3
-2
-1
0
0
1
0
0
1
1
2
3
3
5
6
4
4
4
2
3
2
4
4
3
4
6
6
5
6
5
7
8
7
5
6
6
5
6
5
5
5
6
3
2
3
2
2
1
1
0
0
-1
0
0
0
0
3
2
2
2
1
0
0
1
-1
1
-1
-2
-2
-3
-3
-4
-6
-4
-5
-3
-4
-3
-2
-3
-2
-3
-4
-4
-4
-3
-4
-4
-5
-5
-6
-6
-7
-6
-5
-6
-6
-6
-6
-5
-5
-6
-6
-6
-6
-5
-4
-4
-5
-4
-4
-5
-5
-4
-2
-2
-1
0
0
0
1
-1
1
1
1
2
4
2
3
1
1
2
1
1
3
3
4
6
5
5
5
5
5
6
7
7
7
6
6
6
5
6
5
4
6
5
5
6
4
6
6
6
4
3
5
5
3
2
1
2
0
1
0
1
1
0
1
0
0
-1
-2
-1
-1
-2
-3
-2
-2
-2
-1
-1
-1
-3
-3
-3
-2
-2
-1
-2
-4
-3
-4
-4
-3
-4
-2
-2
-3
-3
-4
-3
-4
-3
-3
-3
-3
-3
-3
-3
0
0
-1
-2
-1
-3
0
-1
0
1
1
1
1
0
0
0
0
0
-1
-2
-1
0
-1
1
1
2
2
2
3
2
3
2
3
3
3
2
2
3
4
2
4
4
3
3
3
2
2
1
0
1
0
0
-1
0
-1
-2
-1
0
-1
0
-1
-1
-1
-1
-2
-3
-3
-3
-3
-3
-4
-6
-6
-6
-6
-6
-5
-6
-5
-5
-6
-5
-5
-3
-2
-3
-2
-2
-3
-2
-1
-1
-2
-3
-2
-2
-1
-1
-2
0
0
0
0
1
2
1
3
2
3
2
2
3
2
3
3
3
2
1
2
3
3
4
5
6
6
6
7
9
9
7
8
9
9
10
8
9
8
9
9
8
8
8
9
7
6
5
5
4
3
2
2
2
1
1
0
0
-1
-2
-3
-5
-4
-5
-4
-4
-5
-6
-7
-8
-7
-6
-6
-7
-8
-7
-8
-8
-9
-10
-9
-9
-8
-8
-9
-8
-8
-8
-8
-9
-8
-7
-7
-6
-5
-4
-2
-2
-1
-1
-1
-1
-1
0
1
0
1
2
3
3
3
2
3
3
3
2
3
2
2
3
2
2
3
4
5
5
3
2
3
2
3
2
2
3
3
1
-1
0
0
1
1
2
1
1
2
1
1
1
1
1
2
1
1
2
2
3
1
1
1
0
1
-1
0
0
-1
1
-1
-1
0
0
2
1
1
2
2
3
2
0
1
1
1
3
0
1
0
2
1
-1
0
0
-1
-1
-2
-3
-2
-3
-2
-1
-3
-1
0
-1
-2
-2
-2
-1
-1
-1
0
-1
0
-1
-1
-1
-2
-1
0
0
0
-1
-1
0
0
2
2
1
1
2
1
2
2
2
3
2
3
2
3
3
3
4
1
1
2
4
3
4
3
3
2
2
0
1
0
-1
-1
0
-2
-2
-2
-1
-2
-2
-2
-3
-1
-2
-3
-3
-3
-3
-3
-2
-3
-3
-4
-4
-4
-3
-4
-4
-4
-4
-5
-4
-4
-4
-4
-5
-5
-5
-4
-3
-3
-3
-2
-3
-2
-3
-4
-4
-3
-2
-3
-4
-3
-2
-2
-1
1
1
1
2
2
1
2
2
2
2
3
5
3
3
4
5
6
6
8
9
8
7
8
7
6
5
4
4
4
5
5
5
5
6
4
5
6
4
3
4
3
3
2
1
2
1
1
0
-1
-1
0
1
1
0
1
0
0
1
1
0
0
1
0
-1
-1
0
-2
-3
-3
-4
-3
-2
-3
-4
-5
-5
-5
-6
-6
-7
-8
