3
3
2
3
2
3
2
1
2
2
1
0
1
0
0
-1
-1
-2
-2
-2
-3
-2
-3
-3
-2
-4
-3
-4
-4
-5
-5
-4
-4
-4
-4
-4
-5
-4
-5
-4
-4
-4
-2
-3
-2
-3
-2
-1
-3
-2
-1
-2
-3
-2
-1
-1
-1
-2
-2
-1
-1
-1
-1
-1
-2
-1
-1
0
0
0
-1
1
0
-1
-1
0
-1
0
0
0
-1
-1
-2
-3
-2
-1
0
0
1
1
1
1
0
0
-1
-1
1
1
2
2
3
3
3
3
4
3
4
3
3
3
3
5
5
4
3
3
2
2
2
3
2
3
2
1
1
2
1
1
0
0
0
1
1
0
0
-1
-1
0
0
1
0
1
0
0
0
1
1
2
1
1
0
1
-1
-2
-1
-2
-1
-1
-1
-1
-2
-1
-1
-1
-2
-1
-1
-3
-3
-3
-2
-1
-2
-2
-1
-2
-1
-1
-1
0
0
0
0
1
0
0
-1
0
0
-1
1
-1
-1
0
-1
0
0
0
0
1
1
1
1
1
1
1
0
0
0
0
0
2
1
1
1
0
0
0
0
0
-1
0
0
-1
-2
0
0
1
0
0
1
0
1
2
1
1
2
1
2
1
2
1
0
0
-1
0
0
-1
0
-1
-1
-1
-1
-1
0
-1
0
1
1
0
0
0
-1
0
0
0
0
1
0
1
-1
1
0
1
1
1
0
-1
-1
0
-1
-1
-1
-2
-2
-2
-2
-1
-1
-1
-2
-1
-1
-1
-1
0
0
0
0
0
-1
-1
-1
-1
-1
-1
0
0
1
0
0
-1
1
0
0
0
0
0
0
-1
-1
-2
-1
-2
-1
-1
-1
-1
-1
1
-1
0
0
1
1
0
0
1
0
1
0
1
0
0
0
1
1
0
-1
0
0
0
1
1
0
2
1
1
2
2
2
2
3
3
3
3
2
2
1
1
1
2
1
2
2
2
1
2
3
1
1
1
1
2
3
2
2
3
2
1
1
1
1
1
0
-1
1
1
0
0
-1
0
-1
0
0
-1
-1
-1
-1
-2
-2
-4
-4
-3
-4
-4
-3
-3
-3
-3
-3
-3
-2
-3
-2
-3
-3
-3
-3
-2
-3
-2
-2
-2
0
0
0
0
0
0
0
0
-1
0
0
-1
1
0
0
-1
-1
-1
0
0
0
0
-1
0
1
0
0
1
0
-1
-1
0
-1
0
1
1
1
1
1
2
1
1
1
2
1
1
0
1
2
1
1
0
0
0
1
1
0
0
1
1
0
0
0
1
1
1
1
2
1
1
0
1
0
1
1
1
2
0
1
1
1
1
0
0
1
2
2
2
2
2
1
1
0
1
2
2
2
2
2
2
2
2
1
1
2
2
1
2
1
0
1
0
0
0
0
-1
0
-1
-1
-1
-1
-1
-3
-2
-3
-2
-2
-2
-2
-2
0
-2
-1
-1
-2
-2
-3
-2
-2
-3
-3
-2
-3
-3
-2
-2
-2
-2
-3
-2
-2
-1
-2
-1
-1
-2
-2
-2
-1
-2
-1
0
-1
-1
0
0
-1
1
2
2
2
2
3
2
3
3
2
2
3
3
3
3
3
1
2
2
2
2
2
1
1
0
0
0
-1
0
1
0
1
-1
0
-1
-1
-2
-2
-1
-2
-2
-2
-2
-2
-2
-1
-1
-1
-2
-2
-1
0
-1
-1
0
-2
-1
-1
0
-1
0
0
1
1
0
-1
0
-1
-1
1
0
0
0
0
1
2
1
2
1
2
2
2
2
3
1
1
2
2
2
2
3
3
2
3
3
2
2
1
2
1
1
1
0
0
0
1
0
-1
0
0
-1
0
-1
1
1
1
1
1
0
1
1
1
-1
0
-1
0
0
0
0
-2
-2
-2
-3
-3
-1
-2
-2
-2
-1
-2
-2
-1
-2
-2
-1
-1
-1
0
-1
-2
0
-1
0
0
0
0
-1
0
0
0
0
0
0
1
1
1
1
0
0
0
0
1
1
2
2
2
2
2
2
2
3
2
2
2
2
2
2
1
1
1
1
0
0
0
0
-1
-2
0
0
1
0
0
1
0
0
0
0
0
0
-1
0
-1
0
0
-1
0
-1
0
-1
-1
0
0
-2
0
-1
-1
-2
-4
-3
-3
-3
-3
-3
-3
-3
-3
-3
-3
-2
-2
-3
-1
-2
-1
0
0
0
0
0
1
0
0
0
2
2
2
2
1
1
2
2
3
3
3
3
2
2
1
3
2
2
3
2
2
2
2
2
3
2
1
1
1
0
2
1
1
1
1
-1
0
0
-1
0
-2
-2
-3
-2
-3
-3
-2
-3
-3
-3
-2
-3
-3
-3
-2
-2
-2
-2
-2
-2
-2
-3
-1
-1
-2
-2
-2
-1
-1
-1
1
1
1
3
3
4
3
3
3
3
3
4
3
4
4
4
5
4
5
5
4
3
1
4
4
2
2
1
1
1
1
0
1
0
0
0
0
0
-1
-1
-1
-1
-2
-1
-2
-2
-3
-2
-2
-2
-2
-3
-3
-4
-4
-5
-4
-4
-4
-3
-3
-3
-3
-3
-4
-4
-5
-5
-5
-4
-3
-4
-3
-4
-3
-2
-2
-2
-2
-1
-3
-1
0
-2
-1
-1
-1
-1
0
1
1
0
2
2
2
2
3
2
4
3
3
2
3
3
4
4
5
4
4
3
2
3
3
4
3
4
3
3
3
1
2
3
2
1
1
1
3
2
1
1
2
1
1
2
2
1
1
1
1
1
0
-1
0
0
0
0
0
0
-2
-1
-1
-1
-2
-2
-2
-1
-1
-1
-3
-3
-4
-4
-2
-3
-2
-1
-1
-2
-3
-2
-1
-1
-2
-2
-1
0
1
1
2
0
-1
0
0
0
0
1
1
0
-1
1
1
1
1
1
0
0
-1
0
0
-1
0
0
-1
-1
-1
-1
-1
-1
-1
-2
0
-1
-1
-2
-1
-3
-3
-2
-2
-2
-2
-2
-2
-3
-2
-1
-2
-1
-2
-1
1
1
1
2
1
2
2
2
3
4
2
4
4
3
3
3
2
3
3
3
2
2
3
2
1
2
2
1
2
1
1
2
2
2
1
0
0
1
1
0
0
0
0
-1
-1
0
-1
-1
-2
-2
-1
-1
-1
-3
-3
-1
-2
-3
-3
-2
-3
-3
-2
-1
-3
-3
-1
-1
-3
-1
-1
-1
-2
-1
-1
-2
0
0
-1
0
-1
-1
-1
0
0
0
1
0
0
0
1
0
1
1
1
1
2
3
2
2
1
2
2
4
4
2
4
3
3
3
3
3
2
2
2
1
1
1
2
-1
-2
-2
-4
-3
-3
-3
-2
-2
-2
-3
-2
-2
-2
-3
-1
-1
-3
-3
-2
-1
-1
-1
-1
0
1
-1
0
0
0
1
1
0
0
1
-1
-1
0
-1
1
2
2
1
1
0
-1
1
0
1
2
2
1
1
2
1
1
1
0
1
0
1
-1
0
2
3
2
1
1
1
1
2
0
1
1
1
0
0
1
1
1
2
2
1
1
1
-1
0
0
-1
0
0
-3
-1
-1
-1
-2
-2
-2
-2
-2
-3
-4
-3
-3
-5
-6
-6
-6
-7
-7
-7
-5
-4
-4
-4
-4
-4
-5
-3
-3
-2
-1
-2
-2
0
-1
1
1
0
0
0
3
2
4
5
7
9
7
10
9
8
6
3
4
3
7
7
4
4
3
3
4
3
1
2
4
5
5
3
3
-8
-16
-14
12
29
13
-12
-22
-4
9
8
-1
4
15
12
3
-5
-4
3
9
14
17
15
-5
-17
-11
9
19
5
-12
-21
-16
-12
-14
-14
-11
-9
-17
-25
-28
-28
-21
-17
-11
-6
-3
-6
-16
-14
-7
7
16
22
25
18
14
13
22
35
40
39
31
21
12
12
15
17
13
3
-10
-20
-28
-26
-26
-29
-31
-35
-36
-36
-34
-33
-26
-18
-9
-5
-1
-2
0
7
15
24
27
29
20
16
16
18
20
19
11
5
-2
-4
-6
-12
-12
-13
-20
-24
-27
-28
-26
-25
-25
-24
-18
-15
-12
-12
-8
-1
7
12
12
13
14
19
24
30
35
39
36
31
25
26
27
24
21
17
12
8
7
7
4
4
3
-2
-3
-4
-3
-3
-5
-7
-7
-5
-1
1
6
7
6
4
6
11
14
14
8
4
5
6
6
8
15
13
10
4
1
3
0
1
1
-1
2
1
-5
-12
-12
-12
-9
-6
-7
-10
-20
-24
-21
-14
-10
-15
-24
-26
-24
-22
-12
-4
-1
-5
-7
-3
3
6
1
1
4
-17
-51
-84
-62
-18
-4
-31
-78
-96
-95
-88
-91
-74
-47
-25
-20
-26
-21
-7
17
56
96
125
122
107
101
127
162
170
156
125
108
90
66
39
15
3
-27
-71
-104
-117
-122
-132
-136
-132
-121
-115
-108
-92
-58
-28
-1
27
66
106
128
136
149
180
203
215
211
199
184
161
139
119
105
80
38
-11
-44
-63
-92
-126
-162
-181
-188
-210
-222
-218
-182
-152
-135
-112
-87
-188
-371
-462
-179
241
358
47
-374
-400
-148
45
-41
-152
-31
196
211
-37
-279
-237
63
367
472
397
194
59
46
204
422
521
473
306
154
30
-38
-17
34
35
-121
-302
-361
-308
-318
-446
-513
-401
-187
-102
-155
-261
-271
-152
88
357
493
423
283
259
417
625
710
656
582
554
509
398
288
275
306
251
88
-72
-177
-253
-362
-474
-502
-432
-398
-484
-626
-710
-648
-506
-350
-237
-210
-228
-210
-78
91
227
311
345
367
379
394
401
431
424
338
74
-259
-439
-331
-7
29
-330
-905
-1203
-1088
-887
-844
-950
-897
-680
-543
-588
-699
-587
-255
218
588
801
796
654
651
883
1330
1607
1548
1245
943
823
771
662
511
338
151
-127
-389
-620
-716
-763
-817
-840
-865
-781
-799
-839
-795
-619
-321
-37
204
302
345
394
520
783
1033
1177
1126
1066
1079
1118
1075
917
788
698
616
430
163
-56
-187
-278
-466
-697
-833
-847
-859
-957
-1024
-981
-806
-694
-683
-708
-569
-296
13
186
319
202
-204
-561
-444
472
1095
968
64
-667
-714
-471
-374
-513
-476
-177
27
-224
-759
-1042
-840
-160
440
674
533
138
-24
44
520
973
1212
1134
772
450
244
268
412
473
375
76
-193
-373
-500
-661
-762
-662
-456
-264
-301
-470
-689
-659
-333
217
578
580
327
146
260
557
849
1007
1062
1045
955
785
661
625
628
614
552
444
283
-16
-298
-601
-635
-518
-452
-526
-779
-1033
-1206
-1230
-1093
-883
-710
-584
-568
-448
-294
-142
-23
44
184
349
502
608
698
703
679
578
566
440
-39
-596
-780
-189
283
126
-745
-1445
-1501
-1282
-1220
-1337
-1169
-709
-378
-547
-966
-1045
-603
159
807
1170
1229
972
791
891
1425
1998
2241
2044
1546
1118
878
836
892
838
604
130
-328
-654
-831
-974
-1134
-1152
-1031
-902
-976
-1191
-1306
-1195
-765
-229
172
304
156
126
235
574
947
1244
1406
1391
1263
1045
903
904
983
984
810
547
263
51
-175
-416
-567
-637
-631
-774
-1024
-1248
-1329
-1236
-1041
-889
-843
-878
-873
-699
-412
-148
16
118
267
413
475
529
619
770
842
756
597
460
366
107
-308
-610
-528
-162
-112
-548
-1173
-1529
-1502
-1355
-1264
-1180
-1020
-848
-786
-816
-804
-601
-226
239
682
937
962
867
954
1292
1688
1896
1801
1589
1374
1182
1010
860
760
634
364
-26
-426
-665
-742
-765
-797
-886
-946
-973
-1039
-1033
-897
-580
-214
10
36
-23
34
228
528
821
1075
1173
1145
975
808
779
862
1015
1073
917
614
264
32
-46
-23
-43
-149
-350
-599
-804
-945
-944
-881
-765
-730
-797
-865
-811
-677
-550
-433
-301
-114
31
52
27
101
317
556
612
473
270
201
301
460
469
107
-505
-931
-784
-241
29
-213
-887
-1396
-1529
-1472
-1376
-1218
-858
-549
-543
-795
-973
-774
-229
423
930
1187
1156
945
831
1012
1509
1969
2102
1824
1365
1008
885
931
940
755
429
65
-249
-530
-716
-818
-861
-882
-901
-899
-953
-990
-1017
-916
-662
-231
145
260
108
-26
134
587
1074
1263
1147
957
879
838
826
858
941
919
684
314
30
-82
-122
-214
-376
-520
-634
-781
-1015
-1209
-1207
-993
-719
-609
-681
-791
-833
-702
-414
-79
205
321
308
251
207
313
522
699
732
582
432
338
321
171
-274
-789
-975
-481
26
-72
-906
-1769
-1841
-1341
-919
-1035
-1261
-1107
-632
-315
-433
-629
-482
180
926
1353
1307
968
856
1126
1710
2166
2229
1913
1449
1147
1011
1003
1026
926
579
0
-493
-723
-713
-768
-917
-1022
-1030
-1057
-1193
-1310
-1261
-995
-634
-244
24
83
-62
-161
13
538
1122
1375
1197
857
695
776
967
1084
1110
970
695
350
40
-97
-90
-144
-301
-548
-769
-895
-955
-991
-1036
-1016
-943
-843
-777
-761
-737
-581
-333
-87
48
115
135
196
287
437
595
686
708
554
387
325
383
463
152
-478
-1025
-826
-48
308
-204
-1319
-1843
-1536
-1002
-943
-1265
-1293
-862
-386
-373
-675
-764
-358
443
1083
1361
1179
881
878
1261
1878
2154
2039
1663
1334
1168
1039
931
828
671
386
-34
-406
-598
-726
-992
-1367
-1361
-968
-504
-664
-1260
-1580
-1311
-556
-32
220
145
22
-64
97
585
1128
1376
1265
1096
1050
1043
995
931
1010
1163
1125
768
195
-138
-208
-165
-188
-311
-511
-834
-1230
-1476
-1423
-1143
-958
-996
-1104
-1134
-1090
-975
-787
-519
-168
26
82
70
157
350
545
726
842
863
785
708
687
724
609
78
-550
-813
-249
449
379
-604
-1710
-1874
-1333
-895
-1078
-1437
-1304
-754
-451
-721
-1111
-955
-139
820
1281
1162
705
531
826
1525
2208
2382
2070
1510
1115
1075
1212
1286
1102
624
131
-226
-377
-520
-806
-1131
-1251
-1192
-1040
-951
-999
-1140
-1418
-1304
-704
60
369
-19
-456
-275
474
1183
1380
1078
841
840
1055
1226
1242
1164
1003
762
646
579
490
209
-205
-418
-417
-351
-431
-778
-1175
-1418
-1364
-1074
-810
-789
-1072
-1358
-1253
-749
-236
-43
-202
-278
-139
189
504
651
679
639
636
666
724
832
836
723
500
255
-204
-757
-994
-579
128
188
-605
-1731
-2167
-1806
-1270
-1134
-1231
-1039
-585
-453
-812
-1138
-816
131
1128
1571
1421
999
787
1066
1717
2399
2629
2310
1711
1226
1085
1121
1190
1106
784
236
-355
-727
-863
-917
-1018
-1116
-1117
-1090
-1206
-1540
-1666
-1282
-583
-149
-196
-388
-450
-253
80
516
936
1163
1043
842
732
845
945
1069
1224
1265
992
413
-68
-86
258
430
159
-378
-769
-914
-1063
-1191
-1107
-897
-764
-1023
-1352
-1401
-1071
-655
-417
-273
-129
-43
-82
-196
-59
350
741
862
740
585
522
480
462
519
594
610
412
49
-256
-581
-948
-1153
-800
-25
207
-626
-1877
-2245
-1385
-386
-278
-809
-1035
-522
71
78
-332
-379
253
1207
1785
1742
1276
794
831
1445
2229
2513
2007
1185
644
627
875
970
787
359
-200
-673
-855
-766
-731
-959
-1294
-1346
-982
-606
-556
-1010
-1303
-1062
-397
140
170
-1
-89
105
373
633
699
574
431
490
770
954
823
446
94
99
278
435
366
164
-91
-371
-503
-535
-451
-449
-544
-644
-682
-630
-657
-783
-823
-644
-279
-42
-82
-307
-399
-263
16
313
455
519
436
330
286
359
418
341
49
-262
-477
-389
-53
206
121
-465
-1110
-1348
-1071
-686
-609
-764
-728
-436
-203
-356
-638
-542
156
952
1366
1158
715
558
941
1710
2274
2210
1622
995
797
980
1133
1035
723
378
-5
-418
-698
-727
-688
-807
-1039
-1027
-780
-695
-1024
-1406
-1304
-578
-48
-44
-361
-485
-357
-345
-182
225
704
746
268
-173
-152
215
622
711
577
300
126
28
82
163
177
75
-68
-72
-119
-233
-477
-606
-461
-253
-163
-339
-593
-672
-590
-334
-43
196
165
-164
-455
-373
80
533
570
297
-9
-75
68
274
445
486
384
202
88
98
258
394
347
-31
-589
-863
-474
354
792
293
-764
-1355
-1024
-368
-201
-523
-646
-229
207
77
-501
-762
-190
809
1414
1282
734
375
422
879
1536
1887
1712
1065
506
403
665
896
740
318
-101
-386
-516
-523
-548
-721
-984
-1087
-902
-725
-919
-1363
-1598
-1215
-486
-23
-187
-777
-1183
-1016
-393
257
509
311
-20
-118
-6
241
451
605
757
802
680
368
153
204
496
734
772
596
344
100
-89
-121
-10
159
222
36
-307
-563
-531
-327
-172
-204
-333
-402
-400
-325
-267
-201
-93
28
91
76
96
144
224
345
503
591
490
261
37
-29
-56
-18
112
356
393
-38
-828
-1281
-1076
-503
-284
-562
-839
-714
-445
-489
-741
-678
-33
705
947
631
282
360
778
1238
1538
1561
1374
995
684
658
876
1010
783
260
-182
-314
-264
-280
-556
-873
-1039
-1006
-908
-973
-1108
-1177
-1168
-1213
-1133
-862
-422
-317
-634
-832
-602
-60
249
170
8
83
358
582
563
547
626
801
874
878
871
804
701
590
654
755
696
318
-45
-25
183
267
44
-290
-445
-431
-375
-367
-288
-185
-183
-354
-507
-428
-219
-43
28
68
111
120
115
193
340
458
438
415
486
630
645
461
259
171
15
-232
-399
-36
476
449
-378
-1271
-1302
-620
-113
-434
-1047
-1121
-621
-266
-457
-788
-735
-298
198
405
362
123
-55
81
618
1239
1361
846
226
162
582
897
732
274
-44
-203
-290
-313
-310
-395
-661
-977
-1021
-806
-654
-851
-1166
-1138
-750
-433
-436
-651
-788
-638
-334
41
300
301
110
-9
218
734
1103
1111
939
913
1074
1195
1140
1070
1088
1131
1053
824
629
469
374
295
216
158
36
-228
-529
-661
-556
-404
-393
-538
-678
-685
-582
-418
-256
-135
-106
-101
-53
148
338
492
409
283
136
94
158
106
85
80
203
188
-132
-697
-1083
-1023
-630
-374
-514
-892
-1123
-1069
-780
-598
-506
-371
-127
116
144
72
145
484
981
1264
1181
933
723
727
825
887
835
655
388
81
-237
-445
-484
-392
-375
-526
-818
-1054
-1162
-1119
-913
-653
-580
-644
-687
-577
-411
-437
-396
-111
347
565
364
39
-9
315
764
1054
997
792
620
628
800
935
948
891
823
803
740
542
334
230
336
506
460
192
-146
-354
-342
-225
-72
-27
-159
-440
-720
-708
-375
-34
11
-233
-461
-423
-251
-71
51
95
113
74
67
114
146
161
198
271
319
346
123
-348
-752
-777
-132
439
344
-572
-1531
-1678
-1105
-537
-550
-912
-1071
-848
-680
-856
-1077
-889
-186
479
560
150
-318
-307
239
981
1451
1327
781
288
243
641
1023
1060
769
433
171
63
14
-30
-41
-133
-206
-307
-460
-597
-743
-738
-557
-301
-184
-324
-598
-698
-452
-31
314
401
334
212
129
228
550
919
1144
1057
883
790
825
933
968
971
977
943
797
610
482
434
401
306
255
226
105
-169
-468
-503
-258
-23
-113
-458
-693
-629
-455
-361
-358
-371
-356
-372
-416
-406
-303
-151
-89
-184
-217
-182
-133
-172
-366
-438
-455
-347
-318
-364
-442
-524
-747
-1082
-1233
-1048
-688
-572
-794
-1044
-1021
-722
-434
-374
-352
-194
117
338
369
378
469
679
892
1043
1136
1111
974
778
722
810
917
832
570
302
83
-56
-169
-223
-207
-207
-302
-436
-518
-549
-642
-695
-547
-146
146
-24
-397
-543
-249
190
356
250
169
300
568
689
620
474
498
680
862
895
776
656
636
732
738
626
493
493
620
646
453
119
-110
-46
128
184
42
-225
-420
-525
-534
-442
-307
-239
-336
-559
-662
-588
-443
-394
-474
-506
-421
-320
-358
-540
-619
-499
-276
-150
-184
-304
-444
-656
-821
-786
-404
169
308
-221
-1103
-1428
-849
-10
257
-151
-643
-651
-359
-220
-354
-359
-2
506
688
382
-63
-176
252
935
1447
1436
937
369
294
741
1227
1191
724
268
203
366
369
137
-157
-264
-211
-111
-166
-389
-605
-611
-395
-181
-119
-217
-341
-356
-255
-21
181
260
185
60
95
305
560
666
579
469
463
560
657
675
678
678
642
542
423
349
377
470
449
305
94
-38
-45
4
-37
-205
-357
-332
-232
-255
-452
-625
-633
-482
-387
-478
-599
-636
-580
-617
-699
-647
-471
-327
-372
-585
-793
-879
-800
-586
-314
-147
-275
-645
-955
-888
-532
-306
-407
-562
-437
-167
-127
-411
-579
-251
388
745
541
108
-2
366
917
1283
1273
1029
728
615
768
1056
1190
1034
726
485
424
363
225
103
102
186
173
-34
-329
-459
-375
-230
-174
-183
-161
-175
-319
-474
-367
-42
191
73
-219
-316
-107
201
258
174
110
151
231
264
336
417
524
558
534
526
477
425
434
502
594
504
305
139
129
210
181
25
-115
-150
-154
-266
-431
-480
-399
-340
-452
-666
-764
-705
-633
-631
-705
-711
-673
-654
-695
-744
-645
-475
-325
-293
-347
-402
-432
-440
-372
-199
-44
26
-7
-77
-165
-262
-280
-173
-40
-14
-103
-148
-82
-79
-197
-283
-81
311
525
363
59
9
322
773
1028
980
800
655
657
763
952
1072
949
664
382
292
343
387
335
191
24
-128
-254
-303
-319
-282
-229
-238
-296
-423
-536
-515
-313
-123
-96
-213
-342
-299
-139
44
150
135
125
144
260
377
449
439
429
554
686
691
540
430
473
588
617
461
288
231
200
116
-11
-112
-183
-307
-478
-591
-553
-490
-556
-725
-858
-837
-772
-803
-849
-768
-614
-561
-655
-747
-662
-418
-198
-147
-150
-91
-12
20
-23
17
146
274
255
144
96
159
234
151
-65
-213
-181
-123
-170
-302
-350
-299
-247
-292
-343
-240
-3
195
188
102
177
444
734
861
828
809
823
859
843
821
787
734
619
472
380
290
149
-76
-221
-202
-151
-169
-331
-514
-595
-515
-359
-312
-386
-468
-446
-361
-294
-264
-244
-170
-79
39
103
115
148
175
331
427
462
415
401
539
656
629
428
284
324
464
455
296
125
12
-4
-8
12
32
4
-118
-296
-385
-302
-142
-66
-141
-313
-447
-492
-426
-327
-239
-228
-299
-409
-474
-421
-346
-276
-246
-263
-233
-191
-172
-185
-216
-245
-133
-4
45
-26
-125
-137
-111
-135
-257
-354
-327
-201
-169
-269
-349
-296
-152
-96
-135
-60
140
356
430
325
317
511
779
920
839
691
632
676
729
743
658
492
298
151
84
46
-78
-247
-367
-363
-409
-573
-719
-714
-521
-419
-482
-595
-591
-503
-371
-248
-139
-36
-7
2
23
70
174
328
433
505
483
413
361
441
631
745
687
506
405
440
475
415
306
214
215
195
116
-43
-139
-122
-88
-109
-213
-307
-294
-228
-244
-354
-400
-317
-201
-184
-285
-323
-250
-148
-165
-226
-222
-150
-111
-173
-199
-122
-4
11
-126
-247
-190
-15
41
-89
-217
-214
-126
-106
-225
-352
-361
-272
-201
-225
-272
-280
-228
-131
-92
-101
-82
-8
150
332
400
357
307
379
526
611
557
443
398
401
392
294
199
164
106
-3
-138
-190
-205
-305
-422
-462
-316
-141
-114
-226
-320
-297
-190
-95
-17
54
103
152
181
218
307
331
386
443
473
485
478
491
493
480
407
360
350
337
269
138
27
42
75
50
-80
-213
-250
-229
-201
-192
-205
-208
-249
-328
-334
-229
-78
-61
-169
-293
-258
-103
-24
-87
-206
-270
-255
-175
-142
-164
-244
-311
-295
-228
-196
-271
-384
-436
-383
-283
-228
-241
-268
-273
-286
-342
-391
-313
-200
-115
-116
-180
-166
-88
53
167
222
208
207
268
410
525
536
492
492
584
643
573
356
253
311
408
377
163
-14
-111
-123
-108
-105
-142
-221
-278
-257
-182
-146
-137
-116
-40
62
93
82
127
239
320
300
233
249
373
478
456
348
274
259
266
250
271
255
218
144
29
-10
-61
-66
-57
-42
-42
-106
-160
-175
-104
-24
-8
-51
-87
-15
57
25
-53
-68
20
102
59
-82
-184
-183
-150
-187
-239
-251
-233
-312
-442
-524
-490
-421
-394
-393
-430
-446
-491
-541
-524
-365
-213
-205
-335
-421
-305
-126
-37
-93
-153
-102
12
81
39
-22
17
142
275
319
267
245
263
298
299
291
331
402
411
327
189
143
207
298
299
164
31
-26
-26
-28
-33
-28
11
17
-25
-93
-113
-23
93
169
157
91
82
119
162
174
134
175
265
298
237
124
95
167
222
196
88
28
63
73
52
42
103
152
119
44
15
66
121
142
189
274
289
184
42
23
148
288
263
88
-69
-113
-106
-129
-172
-192
-203
-288
-456
-584
-557
-447
-370
-428
-527
-551
-540
-509
-495
-488
-475
-420
-331
-244
-228
-258
-245
-144
-19
-13
-61
-55
74
172
145
43
30
133
248
216
104
75
119
158
140
114
148
201
170
56
-11
37
143
183
119
50
1
27
52
69
67
56
12
-6
91
225
252
110
-16
67
245
317
226
102
101
191
222
176
106
81
73
32
-9
-25
44
60
26
-43
-74
-49
-27
0
51
132
171
157
112
113
168
244
293
306
275
229
172
145
177
210
216
139
10
-55
-46
9
26
-40
-162
-277
-292
-239
-220
-274
-350
-382
-389
-406
-412
-399
-365
-345
-373
-379
-364
-320
-287
-244
-165
-121
-103
-129
-102
-40
-4
-46
-113
-91
8
70
6
-54
-48
-8
-10
-45
-43
1
40
23
14
47
112
121
69
55
95
170
199
173
133
134
128
140
153
163
145
98
89
104
97
52
-1
8
113
197
164
63
5
9
69
123
149
164
184
135
58
0
23
130
167
137
87
90
108
92
62
73
157
244
233
129
45
28
104
174
216
153
59
-12
-16
51
73
39
-32
-107
-127
-109
-90
-84
-132
-197
-226
-199
-187
-194
-254
-262
-222
-150
-148
-232
-274
-207
-126
-136
-199
-231
-173
-105
-109
-132
-122
-70
-65
-132
-156
-111
-35
-61
-148
-194
-154
-102
-101
-110
-79
-47
-34
-33
-19
22
75
115
142
176
165
105
82
143
234
240
170
106
84
120
79
-5
-34
0
66
32
-46
-80
-30
25
19
12
85
165
134
75
58
143
228
224
152
159
216
232
190
164
208
258
242
155
110
102
84
57
39
76
111
78
-6
-44
-9
51
42
-29
-85
-87
-61
-49
-21
-39
-102
-149
-113
-60
-34
-109
-188
-175
-111
-59
-100
-167
-205
-181
-152
-129
-110
-109
-168
-224
-242
-178
-82
-77
-136
-197
-198
-168
-125
-72
-46
-39
-84
-150
-159
-129
-88
-89
-111
-122
-108
-111
-154
-166
-101
2
54
27
-29
-22
52
145
199
204
216
230
229
200
190
216
236
219
172
136
131
117
55
29
46
85
104
84
60
67
103
136
140
128
150
189
221
212
174
146
161
197
189
151
114
76
66
60
61
52
19
-38
-65
-55
-61
-107
-145
-120
-63
-66
-177
-256
-217
-122
-83
-123
-171
-129
-40
-3
-41
-75
-8
76
69
-4
-8
65
127
92
-14
-63
-5
64
55
-34
-87
-96
-109
-113
-111
-106
-135
-150
-152
-125
-95
-135
-147
-120
-67
-11
-24
-75
-132
-120
-88
-68
-45
-34
-82
-157
-185
-158
-104
-76
-116
-162
-162
-116
-92
-132
-115
-31
63
75
5
-53
-15
54
78
83
110
162
193
136
44
30
106
199
228
194
142
111
105
115
143
184
230
216
151
97
57
82
119
143
124
73
18
-39
-34
25
72
86
39
-32
-33
5
49
52
20
17
58
66
19
-20
-25
31
64
43
28
34
64
49
10
17
54
110
105
48
0
5
14
17
37
44
52
34
-22
-97
-136
-98
-26
2
-25
-80
-125
-145
-130
-103
-60
-16
-4
-48
-117
-162
-146
-88
-38
-42
-83
-126
-177
-225
-217
-173
-138
-111
-141
-201
-227
-203
-159
-123
-80
-32
-7
-29
-67
-54
18
95
139
122
74
52
59
84
145
195
198
143
60
17
78
141
144
124
90
73
25
-10
-3
59
94
78
31
0
-13
-21
-37
-20
42
60
29
-50
-113
-87
-19
26
38
-3
-28
-56
-91
-87
-37
30
26
-35
-91
-85
-15
41
32
18
7
6
30
35
47
74
95
91
59
26
33
59
87
92
76
53
35
59
88
95
88
53
35
33
51
83
80
73
86
90
80
51
15
-12
-1
-1
-14
-27
-49
-50
-70
-101
-124
-110
-72
-78
-112
-133
-128
-111
-119
-123
-91
-53
-68
-147
-191
-150
-91
-79
-102
-124
-109
-98
-128
-142
-94
-11
10
-42
-84
-64
-1
33
29
33
56
78
62
44
56
90
105
104
74
65
77
89
84
84
106
106
78
35
18
36
76
91
77
37
11
5
-1
2
-11
-17
-1
15
31
10
8
-7
24
62
97
114
81
65
55
69
93
120
115
93
64
67
77
61
26
12
35
60
74
25
-28
-43
-46
-58
-22
24
33
-17
-83
-118
-90
-23
-2
-31
-82
-102
-78
-46
-24
-4
-38
-69
-44
10
36
1
-54
-75
-15
26
4
-59
-106
-114
-123
-118
-92
-99
-125
-199
-237
-202
-133
-116
-151
-191
-177
-126
-116
-113
-118
-65
8
20
-31
-70
-41
28
96
124
133
111
72
31
32
88
140
143
70
7
-5
20
32
22
13
-8
-17
-5
21
42
48
50
67
91
117
134
122
129
165
192
190
193
197
196
204
222
237
211
180
150
116
113
93
55
29
31
39
7
-25
-36
-28
-26
-49
-74
-65
-47
-38
-38
-19
-2
3
-8
-35
-11
31
41
10
-26
-25
8
13
-28
-60
-69
-55
-60
-104
-117
-125
-134
-174
-216
-216
-185
-189
-224
-247
-238
-229
-229
-225
-205
-195
-198
-193
-191
-171
-133
-110
-96
-60
-45
-42
-53
-40
3
65
80
42
25
36
80
122
96
51
20
42
67
56
25
3
13
27
51
70
83
58
18
-4
38
93
136
121
81
84
130
175
171
145
142
166
161
158
149
142
140
114
92
111
132
128
84
49
86
137
146
105
73
106
144
142
120
94
89
101
108
107
81
49
12
11
28
32
21
-9
-52
-71
-48
-44
-72
-113
-159
-178
-158
-134
-128
-153
-187
-202
-200
-190
-172
-173
-173
-158
-145
-130
-137
-155
-163
-152
-133
-135
-138
-139
-136
-118
-105
-108
-117
-128
-140
-111
-84
-70
-87
-100
-94
-83
-57
-61
-58
-33
-6
-7
-21
-12
44
109
120
100
97
103
103
116
150
194
206
187
150
141
155
182
207
233
252
236
194
154
182
243
259
207
136
125
140
130
108
89
96
93
69
17
-17
0
29
33
8
-19
-64
-70
-51
-35
-20
-62
-97
-108
-88
-80
-87
-98
-101
-79
-73
-90
-99
-93
-98
-96
-92
-77
-57
-55
-64
-78
-84
-64
-32
-31
-23
-30
-45
-44
-32
-22
-21
-5
-22
-49
-74
-88
-87
-81
-91
-97
-105
-121
-137
-155
-159
-142
-126
-134
-169
-184
-156
-124
-121
-130
-121
-86
-48
-40
-42
-36
15
89
102
91
103
142
181
198
191
190
221
236
239
223
213
202
211
238
272
283
228
156
120
131
176
181
131
67
36
47
54
33
18
5
13
8
-14
-16
-2
17
-3
-29
-26
4
16
-4
-31
-44
-48
-47
-55
-75
-102
-117
-139
-138
-135
-121
-134
-172
-190
-173
-154
-152
-158
-167
-154
-139
-109
-105
-98
-81
-64
-38
-13
-4
12
42
63
79
73
55
34
32
50
65
74
46
-22
-62
-52
-28
-17
-52
-84
-95
-87
-80
-99
-129
-126
-83
-62
-75
-101
-113
-95
-67
-4
35
24
4
-5
34
75
112
133
126
137
136
139
145
166
186
203
240
231
198
153
130
157
214
239
215
150
99
81
91
121
139
138
117
86
36
7
12
41
82
72
30
-19
-56
-55
-30
-16
-30
-63
-90
-116
-126
-140
-135
-141
-147
-164
-219
-256
-266
-245
-211
-207
-223
-224
-231
-241
-237
-203
-141
-95
-96
-126
-126
-97
-29
41
91
118
107
85
67
109
191
244
227
158
96
99
124
115
91
76
52
12
-16
-38
-52
-64
-92
-109
-116
-117
-132
-135
-130
-100
-65
-71
-88
-112
-92
-26
29
48
34
19
10
46
86
127
146
137
123
126
145
164
178
161
152
135
139
139
123
100
84
89
93
75
53
32
26
55
67
72
52
17
-5
10
33
57
54
33
-6
-28
-24
-11
-13
-13
-12
-22
-56
-102
-112
-105
-95
-104
-129
-150
-162
-177
-198
-215
-184
-151
-150
-172
-182
-167
-140
-99
-75
-44
-13
-7
-5
21
64
103
126
146
168
185
174
149
144
173
205
190
137
71
55
46
45
28
19
2
-38
-78
-99
-92
-74
-75
-101
-131
-127
-93
-91
-98
-117
-106
-64
-51
-66
-76
-56
-28
-4
6
-5
1
11
22
25
29
40
27
25
31
37
34
31
32
21
23
23
41
45
59
62
64
78
100
109
108
103
113
110
98
94
82
88
77
67
47
34
14
-7
-32
-34
-34
-43
-72
-98
-100
-117
-110
-123
-132
-128
-124
-133
-150
-151
-127
-109
-115
-122
-122
-96
-58
-33
-22
-16
-5
18
39
65
103
122
125
122
130
153
167
177
188
179
165
135
116
120
124
115
75
42
15
-5
-11
-29
-47
-53
-71
-96
-119
-106
-96
-94
-107
-133
-137
-125
-106
-100
-89
-68
-54
-56
-71
-81
-73
-51
-26
-4
3
-16
-39
-32
-9
12
22
26
17
11
-2
-8
5
36
74
78
71
47
36
43
71
108
123
115
88
62
57
67
90
94
90
84
68
47
21
17
28
19
4
-18
-43
-45
-62
-67
-68
-73
-79
-86
-106
-118
-110
-92
-78
-79
-74
-78
-80
-65
-35
-11
8
15
12
30
44
42
51
65
100
128
133
133
112
116
133
145
135
105
62
48
55
61
48
16
-7
-34
-33
-43
-65
-78
-83
-99
-104
-126
-125
-122
-124
-124
-141
-160
-158
-138
-122
-113
-103
-117
-117
-96
-77
-71
-74
-53
-32
-16
-6
-2
16
44
61
60
56
68
84
90
79
65
63
76
85
69
54
38
30
33
43
57
58
50
41
31
35
47
59
64
62
65
70
78
88
88
73
64
71
71
69
60
48
32
33
53
41
22
-9
-26
-14
-1
3
-10
-29
-45
-43
-23
-19
-16
-20
-6
17
30
37
42
47
72
83
86
90
85
79
63
81
98
92
61
29
14
0
-1
-24
-41
-62
-88
-120
-147
-161
-175
-186
-203
-213
-219
-214
-211
-212
-210
-216
-219
-206
-170
-140
-130
-138
-128
-110
-86
-77
-72
-50
-21
2
-3
-10
-19
9
48
66
59
39
26
21
38
52
51
41
28
20
23
35
48
61
55
63
69
84
110
117
139
147
172
195
189
190
186
185
189
203
199
192
170
143
131
120
114
104
94
67
37
10
-2
-5
-9
-35
-45
-50
-63
-79
-94
-84
-65
-48
-49
-63
-62
-50
-39
-29
-22
3
16
13
4
-9
4
17
17
16
-11
-46
-88
-112
-104
-101
-103
-104
-130
-154
-174
-190
-166
-141
-141
-150
-163
-168
-164
-152
-129
-111
-101
-100
-110
-106
-82
-51
-43
-44
-27
-25
-30
-36
-19
1
26
45
38
29
32
27
40
54
56
61
74
72
64
92
109
142
160
160
163
179
193
191
212
229
252
249
234
228
227
242
245
236
231
217
178
161
157
134
115
76
38
29
18
-7
-27
-48
-60
-79
-94
-118
-158
-161
-137
-123
-110
-137
-160
-146
-124
-98
-106
-132
-137
-132
-115
-95
-92
-88
-99
-103
-108
-117
-110
-106
-93
-90
-102
-107
-105
-110
-107
-85
-85
-94
-101
-118
-112
-104
-100
-104
-98
-73
-67
-76
-79
-61
-50
-36
-20
-3
-10
-22
-26
-22
-14
1
5
4
3
-2
-1
10
7
19
49
58
56
51
46
49
64
88
111
118
114
92
94
122
151
160
164
167
163
179
204
208
224
233
210
186
179
184
196
203
183
142
116
119
110
84
73
69
69
50
30
-6
-28
-27
-30
-17
-20
-49
-72
-83
-76
-76
-70
-62
-70
-85
-105
-99
-98
-100
-118
-125
-121
-137
-138
-141
-151
-144
-138
-135
-145
-157
-155
-135
-121
-126
-127
-128
-125
-107
-102
-103
-87
-85
-85
-90
-96
-93
-84
-75
-77
-75
-79
-72
-63
-63
-45
-57
-53
-39
-26
-15
-7
2
11
11
10
26
38
42
73
96
97
110
127
144
169
189
183
189
206
220
213
192
183
186
209
192
167
145
131
132
124
117
103
106
102
77
56
54
61
56
49
39
37
39
27
0
4
17
24
13
-11
-38
-66
-68
-66
-68
-78
-82
-119
-137
-153
-163
-152
-153
-158
-160
-163
-168
-168
-187
-190
-167
-151
-144
-139
-145
-151
-150
-120
-87
-58
-55
-66
-75
-52
3
-83
-240
-238
15
108
-36
-112
43
203
155
-8
-64
80
163
166
191
189
59
66
218
265
124
13
11
-87
-92
42
79
-72
-170
-75
58
47
-177
-204
46
176
119
180
191
74
183
408
421
349
347
282
223
253
227
167
132
18
-13
46
-14
-218
-243
-105
-102
-100
-110
-158
-183
-145
-120
-66
39
46
-13
-68
-48
30
52
-38
-96
26
116
18
-118
-82
-35
-49
-28
-24
-42
-8
-75
-179
-128
5
-48
-113
-133
-163
-106
-100
-208
-242
-98
-54
-128
-119
-93
-111
-87
-86
-61
60
93
-4
-56
1
20
46
36
-23
-10
91
69
-82
-104
3
73
12
26
66
-1
-59
-26
87
149
109
29
26
91
145
112
21
31
120
176
137
63
50
51
19
35
172
211
88
-105
-51
75
122
97
9
-43
13
73
17
12
4
25
3
-16
86
149
21
-138
-81
87
130
-5
-73
-64
-42
-9
-10
-5
-23
-46
-59
-2
9
-17
-34
-103
-96
-13
62
-2
-65
-71
-66
-6
-27
-14
-46
-52
-58
-58
-58
-59
-38
-46
-46
0
60
12
-77
-94
-37
28
12
-22
-52
-65
-39
-64
-41
-32
-32
-42
-56
-32
-51
-62
-77
-44
25
93
48
-32
-32
-2
61
43
56
45
38
44
53
75
48
32
33
78
78
76
45
11
-4
48
139
75
-41
-33
9
14
-17
-53
-38
-31
-49
-7
0
-25
-67
-69
-21
29
70
26
-55
-45
52
78
46
-11
-11
12
-2
-24
-14
7
-24
-29
0
35
-17
-94
-123
-44
42
32
-27
-92
-52
4
-7
-20
60
101
34
-28
9
60
42
-10
-7
112
134
31
-17
5
32
44
42
28
5
10
0
-34
-19
39
54
11
-14
16
34
-30
-50
4
37
21
-27
-24
5
4
-3
-3
20
43
32
-13
-33
23
63
35
-1
35
51
6
-15
2
27
0
-16
1
6
-13
-61
-74
-41
6
50
33
-17
-46
-17
43
37
-13
-40
-35
-27
-27
-7
-25
-78
-90
-21
0
-56
-96
-88
-83
-63
-5
-14
-74
-90
-47
-39
-45
-37
-35
-48
-45
-18
15
5
-31
-38
6
25
18
4
36
64
68
68
61
53
66
79
75
74
69
62
48
43
68
101
79
20
20
58
54
17
6
37
47
43
34
23
-8
-27
-2
31
14
-8
5
-14
-10
20
38
9
-16
-16
-12
-22
-30
-9
-2
-36
-36
1
-4
-53
-73
-47
-10
4
-12
-23
-37
-51
-39
-27
-24
-46
-40
-37
-35
-37
-70
-75
-73
-43
-26
-32
-56
-88
-74
-37
-7
-10
-20
-15
-32
-24
-5
22
16
-9
0
15
22
10
6
-5
4
2
20
4
-11
-16
-18
-11
6
26
20
17
28
25
9
30
40
35
23
43
50
41
46
60
60
62
73
79
77
55
55
84
101
92
98
97
81
65
75
77
61
29
16
17
16
20
-12
-45
-52
-35
-35
-49
-29
-8
-37
-68
-57
-19
0
-33
-54
-50
-37
-49
-66
-45
-38
-31
-45
-47
-36
-35
-33
-68
-92
-68
-19
-11
-54
-93
-87
-57
-49
-41
-40
-41
-56
-89
-100
-76
-53
-58
-54
-43
-28
-18
-38
-42
-43
-16
-1
28
28
3
2
8
38
58
75
71
47
25
38
77
48
-5
4
45
58
44
39
40
22
20
62
86
74
52
45
68
92
108
106
73
49
76
99
78
59
73
76
63
63
87
69
35
21
20
37
29
30
9
8
9
10
5
2
14
-4
-18
-48
-31
-19
-41
-61
-45
-36
-36
-39
-60
-66
-65
-52
-55
-56
-72
-91
-103
-105
-102
-93
-91
-103
-99
-100
-109
-105
-79
-55
-55
-61
-47
-44
-35
-16
-23
-5
22
36
26
14
15
39
44
46
41
24
21
11
17
7
3
7
-1
-11
-17
-4
-19
-29
-14
8
9
-23
-28
2
20
38
23
18
54
76
62
47
53
58
60
60
68
92
106
52
37
75
91
64
44
67
92
85
56
39
34
40
38
26
15
22
8
5
-3
13
31
28
24
26
18
14
25
10
20
30
34
-4
-32
-31
-20
-22
-43
-44
-54
-62
-83
-93
-98
-109
-100
-100
-98
-100
-100
-105
-129
-113
-81
-47
-50
-60
-51
-37
-29
-38
-8
14
4
12
26
41
42
33
20
15
44
55
33
10
1
3
1
-9
-6
5
-2
-30
-26
1
-2
-31
-44
-10
22
12
-7
-15
-7
5
3
18
19
22
27
13
20
27
38
40
34
32
52
44
12
-13
4
46
14
20
7
-7
-6
-6
-20
-8
31
26
13
-6
20
12
-2
5
11
61
46
-1
-1
35
52
50
30
33
44
25
11
5
8
-5
-16
-23
-24
-12
-34
-62
-77
-60
-44
-59
-83
-84
-65
-71
-88
-67
-26
-24
-26
-13
18
36
29
27
42
60
65
61
41
38
35
23
18
13
8
-5
-11
-15
-24
-11
-21
-48
-15
5
-5
-23
-6
17
21
32
28
43
72
94
76
70
85
97
106
104
75
59
50
37
16
4
7
-4
-42
-73
-60
-41
-63
-97
-91
-62
-53
-68
-85
-74
-38
-34
-50
-54
-36
-23
-24
-20
18
37
21
15
10
7
12
-4
-11
-2
7
-2
-27
-36
-37
-26
-49
-67
-51
-22
-29
-49
-76
-53
-17
-28
-37
-34
4
17
10
18
33
47
50
50
46
51
55
50
40
38
59
60
31
21
14
9
9
-7
2
10
10
4
-1
-15
-1
24
25
11
11
21
23
28
47
55
53
46
49
67
72
55
40
37
45
50
42
22
12
32
25
13
-4
10
8
-9
-6
-11
-11
-30
-41
-39
-45
-41
-50
-65
-59
-58
-64
-65
-62
-64
-64
-76
-67
-56
-52
-68
-81
-66
-45
-26
-27
-16
-11
-23
-37
-29
-30
-42
-38
-20
-13
-15
-5
-2
-7
-14
-17
-13
-5
-6
10
19
14
15
30
49
33
30
41
38
46
54
46
31
24
30
43
39
45
45
48
26
26
47
46
33
21
28
24
6
-6
-3
13
17
26
34
19
30
41
45
35
38
51
46
46
62
47
41
37
32
37
28
14
3
1
-8
-12
-3
-12
-33
-33
-23
-14
-17
-30
-42
-50
-61
-69
-61
-52
-55
-79
-96
-98
-85
-86
-87
-79
-63
-54
-63
-73
-77
-59
-51
-45
-34
-34
-32
-38
-27
-1
11
4
1
3
-2
0
-11
-7
-11
-5
7
8
0
-7
13
31
32
32
42
40
40
39
37
45
59
66
52
66
73
56
51
54
49
55
56
30
27
25
21
22
33
30
27
16
11
15
22
25
20
11
7
14
13
3
10
23
29
39
36
45
42
24
26
33
35
34
35
15
9
0
-15
-23
-21
-10
-23
-31
-47
-39
-33
-28
-8
-30
-31
-36
-44
-42
-59
-77
-74
-65
-70
-73
-71
-80
-78
-63
-47
-55
-62
-62
-56
-40
-37
-22
-27
-29
-27
-26
-23
-15
-9
11
22
22
30
24
14
2
25
29
26
13
18
31
26
20
25
42
43
34
31
44
43
50
57
52
53
45
35
33
20
20
23
20
19
25
32
27
15
21
40
40
38
48
36
22
34
45
36
32
33
24
23
11
28
25
14
12
11
11
8
12
7
-10
-9
-10
-20
-33
-47
-41
-45
-50
-59
-47
-37
-51
-62
-58
-53
-66
-74
-73
-60
-55
-61
-50
-42
-47
-34
-43
-41
-31
-36
-34
-44
-45
-30
-14
-16
-32
-34
-29
-26
-15
5
14
14
9
13
31
33
31
17
19
32
43
33
10
8
8
24
26
5
5
2
4
13
28
31
21
25
19
19
28
27
11
-1
9
8
0
12
18
25
24
26
35
38
43
55
60
71
68
62
52
38
45
49
59
57
65
55
40
25
28
40
32
25
6
8
2
-3
-6
-12
-26
-20
-19
-26
-22
-22
-28
-41
-55
-51
-48
-49
-45
-56
-62
-62
-67
-60
-59
-53
-54
-65
-61
-57
-47
-46
-55
-63
-55
-52
-38
-35
-39
-45
-45
-36
-35
-35
-38
-35
-28
-18
-18
-20
-8
-1
6
13
23
25
20
27
37
56
63
56
53
56
51
56
45
33
32
21
14
0
0
8
11
-6
-6
5
12
10
7
10
5
10
15
12
7
14
31
15
12
8
7
10
9
32
33
16
10
5
2
6
16
5
5
12
11
1
-4
6
9
13
11
13
10
10
-1
10
17
28
24
10
18
25
31
29
27
21
15
15
30
26
22
11
-7
-6
-12
-19
-17
-23
-22
-26
-29
-34
-35
-38
-43
-52
-49
-48
-49
-47
-66
-58
-56
-43
-40
-43
-34
-26
-25
-27
-21
-14
-11
-8
4
11
19
29
15
32
43
46
44
33
38
35
25
22
20
11
20
16
15
15
16
15
6
18
37
45
29
30
28
25
28
30
31
21
19
8
0
11
11
-1
-4
-6
-5
1
-6
-8
1
4
-1
1
2
-10
-8
1
7
6
0
6
4
-4
-5
9
1
-2
5
18
17
6
-1
-7
0
-3
-14
-20
-30
-19
-19
-18
-10
-16
-22
-38
-57
-47
-33
-30
-36
-42
-43
-48
-53
-57
-49
-46
-46
-47
-54
-48
-49
-46
-42
-43
-43
-44
-52
-46
-35
-25
-30
-48
-38
-36
-31
-26
-3
5
3
1
6
19
17
26
39
47
51
57
63
64
63
72
70
68
63
69
68
56
60
59
61
60
51
60
59
52
57
54
46
46
54
46
36
38
43
33
26
25
20
10
-2
4
19
18
-3
-8
-9
-7
-9
-23
-17
-16
-22
-28
-27
-28
-27
-29
-34
-33
-22
-16
-27
-33
-27
-11
-13
-20
-16
-14
-17
-26
-26
-21
-22
-25
-18
-16
-20
-24
-22
-22
-33
-33
-40
-49
-52
-45
-37
-46
-55
-53
-51
-52
-47
-35
-26
-25
-26
-25
-15
-11
-6
-2
8
7
4
12
15
29
41
54
47
49
46
35
27
43
62
55
39
27
21
27
15
14
26
19
20
13
7
7
11
13
0
-4
6
6
-7
-5
-4
1
-4
-23
-24
-16
-11
-9
-23
-28
-28
-23
-14
-21
-13
-14
-25
-22
-19
-11
1
1
3
1
1
2
-11
-6
6
12
15
14
19
26
32
45
58
59
58
54
46
47
60
63
49
38
30
36
28
20
21
17
13
11
3
-5
-10
-15
-17
-26
-34
-26
-37
-42
-41
-33
-22
-33
-30
-15
-3
-10
-14
-15
1
2
-6
-5
0
0
-5
-14
-17
-12
-10
-18
-21
-10
-4
-5
-9
-20
-16
-14
-19
-26
-18
-18
-10
0
0
5
9
11
11
15
23
28
20
14
10
13
22
24
24
18
6
-1
2
7
6
4
6
-4
-12
-4
-7
-9
-7
-4
-11
-3
-6
-14
-12
-13
-11
-8
-2
-8
-5
-3
-2
-3
-11
-10
-6
8
12
5
8
6
4
-3
-7
-13
-8
-6
-3
3
0
-2
-16
-19
-16
-26
-26
-15
-7
-11
-20
-30
-28
-25
-22
-24
-26
-22
-24
-22
-27
-22
-19
-13
-5
-9
0
6
13
13
9
9
19
23
26
26
18
20
19
23
29
36
34
31
27
28
29
32
24
22
27
17
22
21
17
14
16
1
-5
-6
-3
3
-4
-4
1
1
-11
-11
-10
-7
-5
-12
-10
-9
-16
-19
-23
-27
-23
-22
-18
-13
-12
-8
-10
-6
0
0
-3
-8
-8
-2
-1
2
10
17
12
8
8
0
8
19
19
21
28
30
32
28
31
28
25
19
20
24
21
15
12
12
13
3
-5
-1
-6
-10
-11
-19
-22
-19
-21
-17
-19
-15
-18
-29
-17
-15
-19
-21
-20
-14
-17
-8
-14
-21
-15
-22
-29
-31
-30
-32
-36
-39
-37
-30
-28
-27
-30
-30
-23
-21
-13
-7
1
7
6
3
7
9
13
21
27
32
28
26
27
25
28
29
35
39
38
38
36
37
36
32
35
31
25
16
20
17
20
18
18
23
22
21
18
22
19
25
17
13
19
16
13
5
7
15
14
13
7
9
20
16
13
7
9
11
4
5
5
-2
-10
-10
-14
-16
-19
-15
-16
-17
-23
-28
-24
-32
-30
-34
-37
-29
-38
-36
-41
-40
-39
-46
-46
-52
-47
-45
-46
-49
-47
-39
-37
-41
-40
-42
-36
-34
-27
-16
-15
-9
-3
1
5
12
15
15
16
21
26
30
26
22
25
23
23
22
21
25
25
17
20
18
18
17
16
21
19
22
19
23
25
27
25
23
19
10
6
12
13
14
13
10
3
5
2
2
3
-2
-3
-5
0
-1
6
5
1
7
15
10
9
12
17
15
16
21
22
21
21
18
17
21
17
15
11
14
5
-8
-12
-19
-25
-29
-29
-39
-34
-33
-31
-35
-43
-38
-41
-42
-43
-36
-31
-32
-31
-32
-30
-24
-19
-15
-11
-5
-7
-7
-6
-3
0
-5
1
-4
-2
0
-3
-3
1
6
9
6
9
5
0
0
-6
2
0
2
4
3
4
1
4
7
4
4
0
4
5
10
6
5
8
4
8
3
6
9
3
-1
-1
-4
-3
-3
5
8
17
20
19
19
19
21
21
27
24
25
27
25
24
26
30
30
30
28
28
22
17
16
14
13
7
8
5
1
3
6
9
1
-1
-5
-4
-3
-5
-9
-10
-12
-12
-12
-16
-19
-22
-19
-24
-22
-24
-22
-23
-26
-26
-29
-22
-23
-22
-22
-20
-14
-14
-16
-23
-14
-7
-3
1
5
5
4
4
3
9
13
17
17
20
21
21
15
13
17
16
21
19
23
19
23
27
24
26
27
24
18
17
16
12
11
4
-3
-1
-1
-1
-3
-5
-10
-14
-11
-15
-19
-22
-21
-18
-21
-21
-22
-22
-19
-19
-15
-15
-12
-7
-13
-10
-9
-10
-10
-10
-7
-5
1
1
-2
-6
-3
-8
-6
2
6
6
11
5
3
4
-1
-2
-3
2
-1
-1
-5
-5
-6
-12
-12
-16
-15
-13
-10
-7
-12
-13
-10
-11
-8
-6
-5
-3
-4
-3
-2
2
7
-1
0
1
-6
-4
-1
1
5
3
2
7
8
12
12
15
12
11
12
13
14
15
10
9
13
11
10
14
11
9
11
8
10
12
13
8
0
1
2
2
4
5
6
0
-5
-5
-8
-6
-5
0
0
0
1
0
1
5
8
5
7
5
2
3
-1
2
1
2
1
-3
-1
-6
-1
-1
-4
-6
-9
-10
-2
-4
1
3
0
1
1
2
0
2
3
2
1
-3
-2
-1
-1
-2
-4
-2
-3
0
-2
-9
-8
-9
-11
-16
-15
-12
-13
-14
-14
-13
-12
-11
-11
-9
-8
-9
-11
-11
-10
-12
-10
-10
-5
-6
-4
3
0
-1
4
11
9
10
10
11
9
8
12
10
11
15
11
8
8
12
15
9
9
8
7
7
8
4
5
2
0
3
2
5
-1
-1
5
5
2
4
3
0
3
5
2
-2
-1
-3
-3
-3
-5
-6
-3
-2
-5
-6
-2
2
3
2
1
1
1
0
-2
0
1
1
6
6
6
7
9
7
3
5
5
1
5
2
0
4
-1
