1
1
2
1
1
2
1
3
2
1
0
1
-1
-1
-1
-2
-2
-2
-3
-3
-3
-2
-3
-3
-3
-2
-3
-3
-3
-3
-3
-4
-3
-4
-4
-4
-3
-3
-4
-3
-2
-1
-1
-2
-1
-1
-1
-2
-1
0
1
1
2
2
1
2
2
2
3
1
2
2
2
2
3
3
3
3
3
2
1
1
0
1
0
1
1
1
1
1
0
-1
-1
-1
-1
-1
0
-1
-1
-2
-3
-2
-1
-2
-1
-2
-2
-1
-2
-2
-2
-1
-1
-1
0
1
1
1
2
3
2
2
2
2
2
2
3
2
1
2
2
2
2
2
2
2
3
4
3
3
1
1
-1
0
-1
0
0
-1
0
0
1
0
0
-1
0
0
-1
0
1
1
1
1
1
0
1
0
0
0
-1
-1
0
-1
-1
-1
-1
-1
-1
0
0
-1
1
-1
-1
-1
-1
-1
-1
-2
-1
-1
-1
-1
-2
0
0
-1
0
1
0
0
0
-1
-1
0
0
-1
-1
-1
0
0
0
-1
-1
-1
0
1
1
2
1
1
1
1
-1
1
1
1
0
-1
1
-1
-1
-1
0
-1
-1
0
0
0
1
1
1
0
0
1
0
0
0
-1
-1
-1
-1
-1
-2
-2
-2
-2
-2
-2
-1
-1
-2
-1
-2
-2
-1
0
0
0
0
1
-1
-1
-2
-2
-3
-2
-1
-2
-2
-2
-1
-1
-1
0
0
0
0
0
1
1
1
1
-1
-1
0
-1
0
0
0
0
0
0
0
0
0
1
0
0
1
0
0
1
1
0
0
1
2
2
1
2
2
2
1
2
3
2
2
0
0
2
2
2
3
3
2
3
3
2
2
3
2
1
2
3
2
3
2
2
2
1
1
1
1
1
1
1
0
1
0
1
0
-1
0
-1
-2
-1
-1
0
0
-1
-1
-1
0
-1
-1
-1
-1
-1
-1
-3
-1
-2
-2
-1
-1
-1
-1
0
0
-1
-1
-1
0
0
0
0
1
0
0
0
-1
-2
-1
-1
-2
0
-1
-1
-1
-2
-1
-1
-1
-1
0
-1
-1
-2
-3
-2
-2
-2
-2
-1
-2
-2
-2
-2
-1
-1
-2
-2
-2
-1
-2
-4
-2
-2
-2
-2
-3
-1
-2
-2
-1
-1
-1
-1
-1
0
-1
-1
0
0
0
0
0
0
1
1
0
2
1
2
3
3
4
3
3
4
3
2
3
3
3
4
3
3
4
2
2
2
1
2
2
2
2
2
1
1
2
1
1
2
2
3
3
3
3
4
4
4
2
3
2
1
2
2
2
1
2
2
1
1
0
1
2
0
0
-1
-2
-2
-3
-2
-3
-3
-4
-4
-3
-4
-3
-4
-2
-3
-2
-3
-3
-2
-2
-3
-3
-4
-3
-2
-3
-2
-2
-1
-2
-1
-1
0
-1
-2
-2
-2
-1
-1
-1
0
-2
-2
-2
-2
-2
-1
-2
-2
-2
-1
0
-2
-1
0
0
0
0
-1
0
-1
0
0
0
-1
-1
0
0
0
2
2
2
2
1
0
0
2
1
1
1
2
1
3
2
1
1
0
0
0
0
1
0
0
0
0
-2
-1
0
0
-1
1
0
0
0
0
1
1
1
1
1
0
2
1
1
1
1
1
1
2
2
3
4
3
3
3
2
2
2
1
0
0
0
0
0
0
2
1
1
0
0
1
-1
0
1
-1
-1
-1
-1
-1
0
0
0
-1
0
0
0
1
2
2
1
1
0
0
0
0
-1
-1
-3
-1
-2
-2
-2
-2
-3
-2
-3
-3
-2
-2
-1
-1
-1
-1
-1
-1
0
0
0
-1
-1
1
0
0
0
2
0
1
0
-1
1
1
2
1
0
1
1
1
0
0
-1
1
-1
1
1
0
0
1
1
0
2
0
0
0
-1
0
0
0
0
0
0
-1
0
-1
0
-1
-1
-1
-1
0
0
-2
-1
-1
-1
-1
-1
-1
0
0
-1
-1
-2
-2
-1
-1
-2
-1
-2
-1
-2
-1
-1
-1
-1
-2
-2
1
0
0
1
1
2
1
3
1
2
3
3
3
4
4
4
3
3
2
2
3
3
2
1
0
1
0
0
0
-1
-1
0
0
0
-1
0
0
-1
-1
0
-1
-1
0
-1
-3
-1
-1
-2
-1
-1
-1
-2
-1
-1
-2
-1
-1
0
-2
1
1
1
1
1
1
0
1
1
2
2
2
2
1
2
0
-1
0
1
-1
-1
-1
-2
-1
-2
-2
-2
-2
-2
-1
0
0
1
0
1
1
1
1
2
1
1
1
1
1
0
0
-1
0
1
0
1
0
1
-1
-1
-1
-1
0
-1
-1
-1
-1
-1
-2
0
-1
-1
-2
-2
-1
-1
-1
-2
-1
-1
-1
0
0
0
-1
-1
0
-1
-1
-1
-1
-1
-1
0
0
-1
1
1
-1
0
1
-1
0
1
-1
-1
0
0
0
0
0
0
0
-1
0
-1
0
2
1
1
1
1
1
1
1
1
2
2
1
1
2
2
1
1
0
1
2
1
2
0
1
1
0
-1
-1
-1
0
-1
0
1
1
0
0
1
1
0
-2
0
0
0
0
0
0
0
-1
-2
-1
-2
-3
-4
-3
-2
-2
-1
-1
-1
0
-1
0
-1
-1
0
-1
0
1
-1
0
0
0
0
2
1
2
2
2
1
0
2
2
2
3
2
2
1
2
2
0
1
1
1
1
1
2
2
2
1
2
2
1
2
1
1
1
1
1
2
1
1
2
0
1
1
0
1
0
0
0
0
-1
-1
-1
-3
-3
-2
-3
-3
-4
-4
-3
-4
-5
-4
-2
-3
-1
-2
-2
-1
-2
-4
-3
-3
-4
-3
-2
-2
-3
-2
-1
-2
-2
-1
-2
-2
-3
0
1
-1
0
0
1
1
0
2
2
3
3
3
3
3
5
5
4
3
4
3
2
2
3
3
2
3
3
1
2
1
1
2
1
0
2
2
0
2
1
1
1
2
2
1
1
2
0
-1
0
0
-2
-1
1
0
0
1
0
-1
-1
-1
-1
-2
-3
-3
-2
-4
-2
-2
-3
-4
-3
-3
-4
-2
-2
-2
-1
0
-2
-2
-1
-2
-1
-1
0
-1
-1
1
1
0
-1
-1
-2
-2
-2
-1
-1
0
0
0
-1
1
1
1
1
0
2
0
2
2
3
2
1
2
2
1
3
3
2
2
3
1
1
1
1
0
1
1
2
0
0
1
1
1
0
1
0
0
0
0
-1
-2
-1
-2
-2
-2
-2
-2
-2
-2
-3
-2
-1
-3
-1
-1
-1
-2
0
-1
0
1
-1
1
3
2
0
3
3
1
3
3
3
3
3
1
2
1
1
1
0
1
1
1
3
1
0
1
1
0
0
0
1
0
-1
0
1
-1
-2
-1
-1
-1
-1
-2
-1
0
-2
-3
-1
0
-3
-3
-2
-1
-4
-4
-2
-1
-4
-3
-3
-3
-5
-3
-3
-2
-3
-2
-4
-3
-2
-5
-4
-2
-3
-3
0
0
-2
0
1
0
-1
2
2
3
3
0
2
5
3
3
5
4
4
6
6
6
6
4
5
7
3
3
5
3
3
4
1
3
4
0
2
4
1
-1
3
2
-2
0
3
-2
-3
2
-3
-1
0
-2
-2
0
-1
-2
1
1
-4
-2
3
-1
-1
3
0
-1
0
-1
-2
0
-2
0
1
-1
-1
-1
-1
0
-3
-2
2
0
-3
-1
2
-1
-3
5
2
-3
3
2
-1
-1
1
1
-3
2
1
-4
3
0
-4
1
1
-4
-1
4
-4
-3
4
-2
-5
0
-3
-2
0
-1
-2
-1
-3
-3
-1
-3
-5
-2
0
-4
-4
0
-3
-4
0
-3
-1
-1
-2
-1
0
0
-1
2
2
0
0
4
1
3
4
2
3
1
2
1
1
1
3
3
-1
0
2
0
-1
3
2
0
3
1
2
0
1
2
2
0
1
2
2
1
2
4
-2
0
8
1
-1
7
5
-1
4
6
-1
1
6
-1
2
4
-4
-1
5
-4
-2
4
-2
-2
2
0
-2
2
-2
-4
2
-1
-6
2
1
-5
-1
0
-4
-3
1
-5
-2
1
-4
-3
4
-3
-3
4
-5
-3
6
-4
-6
8
0
-9
3
3
-11
-1
5
-7
-3
3
-6
-2
3
-6
-4
3
-1
-7
3
5
-7
-1
3
-3
-1
1
-2
-2
3
-2
-3
2
-2
-4
2
0
-1
1
3
1
1
5
-1
2
8
1
-1
8
1
-5
8
6
-7
5
8
-5
-1
7
-4
0
7
-3
0
7
-2
-5
6
1
-10
8
4
-10
6
7
-9
0
9
-8
-2
9
-4
-4
9
-1
-6
6
-1
-7
9
-2
-8
8
0
-12
5
6
-15
1
10
-13
-6
10
-9
-6
9
-4
-7
10
1
-11
9
4
-14
3
10
-14
1
17
-14
-7
16
-7
-14
15
2
-20
13
6
-20
7
9
-25
4
29
-17
-10
30
-15
-28
28
-3
-36
27
18
-36
17
24
-45
4
39
-40
-5
43
-33
-13
47
-20
-23
44
-5
-36
32
16
-39
20
32
-37
6
43
-29
-7
48
-15
-24
48
1
-38
44
15
-44
33
20
-43
28
23
-42
23
26
-44
17
27
-40
6
31
-37
-4
33
-34
-8
35
-31
-14
35
-24
-17
34
-20
-19
33
-18
-19
26
-16
-18
24
-7
-19
21
-6
-18
19
-8
-23
23
-11
-23
27
-7
-22
25
-1
-27
21
2
-28
15
6
-28
13
11
-24
9
4
-18
7
1
-10
10
-2
-13
16
-4
-21
22
1
-30
20
8
-31
14
11
-21
3
12
-13
-4
10
-1
-12
4
10
-12
0
11
0
-8
1
12
-12
-10
26
-14
-19
26
-5
-29
18
15
-32
6
31
-27
-9
39
-19
-25
36
0
-37
29
19
-47
23
36
-40
7
48
-28
-14
49
-10
-22
37
11
-30
22
25
-28
8
31
-22
2
32
-15
-5
25
0
-15
19
11
-18
13
19
-15
2
17
-12
-2
13
-8
-8
12
-2
-5
9
-2
-2
1
-1
5
-6
2
15
-14
-4
17
-9
-18
17
4
-26
9
14
-28
-4
30
-30
-12
39
-24
-37
44
-8
-56
36
17
-71
15
48
-70
-17
65
-49
-55
81
-23
-81
83
4
-97
70
39
-109
51
73
-107
18
97
-97
-17
108
-73
-42
98
-41
-61
78
-3
-72
56
34
-78
36
56
-71
18
63
-57
-7
64
-35
-30
58
-9
-47
42
20
-57
33
35
-52
15
36
-35
-5
33
-11
-23
28
13
-44
26
27
-48
10
42
-43
-10
47
-17
-28
42
13
-47
29
33
-59
19
43
-58
9
53
-61
-17
78
-63
-37
88
-42
-60
84
-14
-76
74
12
-85
47
41
-91
25
72
-91
1
97
-74
-26
101
-52
-44
96
-30
-51
82
-2
-56
66
25
-64
49
34
-60
26
44
-44
-3
49
-29
-36
65
-17
-57
64
-4
-68
64
7
-77
55
13
-82
51
21
-85
54
25
-82
31
42
-79
6
66
-82
-15
84
-75
-43
104
-72
-47
108
-70
-42
102
-69
-41
106
-62
-45
110
-51
-70
113
-27
-91
104
9
-109
92
42
-131
80
73
-137
61
103
-127
38
126
-134
21
133
-125
13
128
-107
-12
131
-73
-36
130
-50
-81
144
-52
-94
147
-44
-92
122
-22
-104
93
-6
-74
63
-3
-51
47
-12
-39
38
-17
-49
46
-21
-59
61
-24
-54
54
-25
-54
63
-48
-27
44
-48
-26
43
-33
-47
54
-33
-57
68
-42
-47
67
-49
-23
57
-51
-20
55
-68
9
54
-72
19
62
-98
48
58
-114
70
53
-104
59
59
-98
59
64
-90
62
47
-82
71
29
-67
67
25
-59
61
19
-51
66
-2
-22
53
-21
-3
49
-25
6
41
-27
12
45
-31
5
56
-50
30
27
-29
20
30
-35
28
17
-49
51
-5
-35
43
-12
-8
2
16
2
-8
12
8
-24
-8
22
-48
11
13
-35
8
9
-42
-1
11
-36
-2
24
-42
-3
24
-54
10
7
-25
-21
21
-16
-25
14
19
-37
7
49
-61
29
34
-54
28
25
-42
24
13
-14
0
17
9
-32
38
-9
-31
58
-37
5
30
-40
21
-4
-41
34
-29
-39
66
-59
-32
67
-51
-40
59
-50
-24
28
-28
-30
15
7
-47
7
21
-57
13
5
-41
30
-15
-29
39
-24
-28
53
-54
16
21
-15
11
9
-12
11
14
-20
31
1
0
16
17
-6
4
31
-17
19
13
7
0
39
-20
13
60
-48
37
38
-25
24
35
-15
21
16
5
8
17
36
-47
81
0
-27
47
3
-3
1
27
15
-18
-5
78
-86
36
35
-44
9
32
-21
-12
48
-35
-5
3
32
-78
50
4
-78
68
-36
-44
35
-20
-31
14
-19
1
-38
7
0
-61
42
-24
-37
13
19
-86
46
19
-98
57
-5
-58
36
2
-39
30
-21
3
-19
1
5
-38
46
-33
-14
43
-43
0
10
-28
17
-33
1
11
-46
41
-36
15
-1
-34
41
-48
8
16
-51
44
-18
-30
42
-43
36
-15
-21
48
-32
-20
46
-25
-9
28
-12
4
14
-9
-12
35
-12
-5
31
-7
-6
20
15
-19
41
14
-38
66
16
-60
83
16
-41
71
12
-13
22
52
-23
12
85
-48
13
76
-27
-22
77
-55
45
-13
-1
45
-51
45
-5
-21
38
-20
-48
67
-44
-21
25
23
-77
51
4
-50
17
25
-38
-27
61
-54
-40
46
-14
-104
93
-54
-72
61
-3
-124
72
1
-123
38
48
-143
28
64
-120
6
64
-82
-43
99
-68
-49
97
-59
-39
87
-65
-2
49
-22
-24
49
1
-22
37
17
-28
19
14
11
-48
61
-13
-46
78
-17
-45
82
-16
-62
102
-20
-53
84
-8
-56
63
6
-62
53
0
-18
23
19
-3
0
25
17
-15
44
16
-22
29
62
-65
29
92
-81
8
98
-50
-42
127
-16
-76
120
36
-122
103
77
-139
70
98
-117
21
120
-106
-36
151
-90
-55
132
-49
-89
83
39
-135
51
81
-145
4
91
-107
-55
114
-73
-126
151
-65
-148
132
-22
-182
112
18
-188
83
47
-158
5
122
-155
-36
136
-138
-81
165
-114
-116
164
-8
-205
157
58
-256
119
134
-273
66
205
-286
9
250
-240
-74
289
-245
-47
233
-148
-116
212
-62
-176
209
-17
-180
159
96
-267
177
131
-278
158
173
-261
86
242
-272
32
278
-248
-13
260
-140
-79
223
-28
-167
218
38
-215
227
69
-213
212
75
-212
128
176
-227
71
285
-263
43
297
-213
-34
249
-114
-95
217
-18
-144
191
65
-223
194
86
-253
177
146
-321
168
221
-361
139
270
-314
23
279
-192
-139
330
-137
-234
343
-99
-275
342
-78
-301
315
-35
-322
235
125
-425
216
216
-456
143
268
-440
51
360
-490
51
367
-474
-9
393
-409
-163
514
-419
-264
602
-399
-321
640
-368
-355
637
-335
-393
558
-165
-544
612
-84
-653
635
-14
-717
587
47
-705
514
175
-668
326
377
-789
342
401
-760
307
438
-717
224
500
-703
194
490
-588
67
558
-492
-115
703
-503
-148
694
-438
-105
562
-296
-208
533
-176
-347
597
-141
-391
640
-130
-416
629
-75
-465
567
39
-549
564
115
-568
512
202
-576
396
376
-656
388
383
-656
349
397
-610
245
473
-641
248
491
-600
172
495
-543
118
459
-482
25
520
-512
-41
596
-559
-50
691
-653
-69
709
-640
-106
662
-626
-86
615
-600
-119
570
-505
-180
572
-482
-303
666
-499
-361
750
-620
-255
678
-605
-226
659
-574
-254
645
-442
-358
658
-368
-448
706
-386
-485
820
-452
-365
683
-239
-499
635
-104
-641
754
-150
-563
725
-189
-544
786
-282
-383
555
-46
-462
494
49
-459
405
93
-377
357
146
-475
457
94
-515
486
76
-539
557
19
-403
471
-36
-351
427
-15
-344
434
34
-354
317
164
-417
327
127
-305
235
179
-314
302
24
-195
271
-52
-78
189
-33
-97
225
-29
-119
226
83
-309
354
21
-304
363
21
-417
487
-107
-376
541
-262
-236
456
-240
-189
332
-181
-227
364
-192
-237
421
-286
-182
412
-283
-262
542
-420
-189
492
-359
-165
373
-258
-210
328
-165
-324
374
-86
-393
466
-128
-438
473
-90
-509
531
-132
-474
496
-86
-530
455
-25
-506
407
-3
-471
336
40
-418
206
185
-494
152
306
-542
188
255
-516
244
160
-378
120
154
-200
-98
354
-274
-41
345
-361
48
354
-385
85
344
-317
45
226
-81
-69
163
114
-195
225
114
-192
179
109
-181
103
250
-92
-104
371
-61
-220
341
-65
-38
93
129
-56
52
174
-98
-22
270
-56
-148
316
-15
-132
201
83
-136
72
219
-197
76
264
-233
118
170
-243
120
118
-135
-33
232
-174
-66
237
-223
-94
342
-267
-170
458
-287
-261
517
-299
-308
557
-268
-371
459
-106
-411
243
112
-581
355
99
-607
331
69
-521
165
174
-453
19
211
-391
-31
156
-338
14
202
-327
-145
273
-329
-113
174
-168
-107
147
-76
-228
206
-60
-302
310
-55
-275
197
111
-302
102
222
-313
51
249
-215
6
280
-130
-71
356
-139
-102
443
-168
-98
420
-103
-187
465
-109
-225
509
-66
-291
513
-45
-305
409
96
-338
356
236
-451
409
256
-538
408
307
-541
350
396
-566
294
356
-470
146
322
-342
11
364
-232
-57
425
-335
-133
496
-326
-110
393
-158
-158
178
1
-223
143
-58
-140
162
-80
-181
126
-31
-261
96
34
-148
-53
205
-227
-58
168
-286
69
33
-239
193
-79
-143
102
-264
51
-49
-83
24
-101
34
-22
-137
-1
-63
-30
-56
-28
107
-142
-70
103
-156
-62
4
25
-179
138
-19
-232
226
-108
-157
146
5
-140
147
64
-139
-89
284
-129
-221
334
-46
-340
487
-156
-362
408
-4
-346
249
250
-355
113
240
-151
-147
413
-126
-220
502
-94
-309
482
-14
-379
422
146
-272
153
349
-291
-4
475
-332
-49
497
-195
-172
527
-125
-258
461
-20
-298
377
108
-333
309
183
-328
150
207
-179
2
245
-87
-79
118
50
-149
38
111
-167
62
84
-129
-94
108
-3
-243
40
208
-304
-13
212
-225
-142
259
-210
-226
271
-144
-243
282
-144
-254
173
-136
-170
43
-14
-192
37
5
-235
56
-26
-190
30
1
-101
-62
9
-129
-10
-49
-45
-27
-3
-89
33
-47
-143
94
-99
30
11
-20
80
-37
55
-16
7
53
36
8
58
65
41
-22
34
110
-30
39
163
-7
7
164
28
-98
187
51
-73
203
43
4
123
12
1
63
13
22
47
17
72
-57
82
47
-88
114
73
-49
65
150
-87
14
122
-88
30
98
29
-67
121
112
-202
70
177
-212
-13
298
-127
-135
282
-80
-215
244
26
-249
194
111
-278
94
102
-202
-67
147
-72
-208
184
-30
-264
165
4
-251
91
39
-179
-66
41
-55
-229
33
19
-256
-6
89
-282
5
110
-216
-102
131
-125
-196
101
19
-212
17
113
-213
-81
157
-163
-162
166
-101
-223
146
7
-193
77
48
-167
-31
91
-131
-6
109
-1
-58
0
81
-55
-18
127
-46
64
104
-24
34
50
16
98
18
34
155
-12
107
22
74
117
-8
176
18
49
155
-21
53
101
21
74
58
41
94
-12
143
26
-25
174
2
23
134
19
27
144
-16
-12
136
-36
-25
148
29
-38
117
-15
-44
141
-32
-40
137
-38
-91
113
-61
-109
86
-25
-139
93
64
-186
-12
62
-200
-5
34
-151
3
-22
-148
-64
-21
-151
-130
-32
-91
-117
-51
-79
-98
-85
-44
-97
-44
-29
-139
12
-39
-113
-13
-64
-149
-19
-51
-112
24
-20
-128
-43
-3
-113
-25
37
-42
-43
33
-42
-101
50
28
-47
28
68
-16
20
-2
69
15
31
105
80
38
26
75
-34
32
140
42
64
162
24
54
136
-53
39
159
-9
43
180
31
-7
165
36
-2
203
95
17
163
89
0
91
89
-6
66
96
9
30
29
-91
-26
41
-43
34
21
-56
-16
-37
-64
-3
27
-41
1
18
-89
-36
22
-69
-60
76
77
-49
28
90
-105
-47
57
-94
2
75
-143
-55
31
-153
-62
53
-83
-73
15
-83
-114
10
-69
-102
40
-28
-120
-52
-62
-155
-46
3
-53
-53
-32
-73
-97
-57
-57
9
-19
-32
-17
-113
-53
-52
-112
-2
-13
-45
-41
-8
-61
-87
-4
-8
-32
22
70
-6
41
83
-40
-18
77
-2
16
146
7
36
131
1
87
121
79
115
107
101
40
96
125
56
134
147
64
103
71
35
70
99
35
85
128
-23
45
58
-37
31
62
7
46
59
-19
-12
-2
-51
14
7
-70
3
-42
-127
4
-69
-82
27
-39
-93
-40
-73
-132
-66
-60
-94
-75
-28
-95
-178
-89
-64
-140
-52
-13
-77
-3
-42
-68
28
-19
-7
52
27
6
110
-15
0
135
-3
13
143
88
-29
82
62
-41
43
72
7
11
123
9
-23
134
-32
-17
137
27
-8
73
12
-57
23
13
39
51
36
65
6
-1
4
-9
54
110
48
50
62
-55
-44
39
13
71
64
-71
-188
-173
-202
-371
-369
-418
-471
-217
-140
-491
-683
-671
-659
-464
-324
-376
-290
-75
-152
-226
-23
80
258
609
786
758
758
722
683
861
994
1014
1027
806
603
459
360
310
215
115
0
-110
-246
-427
-551
-582
-527
-506
-395
-347
-421
-450
-411
-302
-133
56
202
193
211
330
342
479
591
554
615
693
582
492
412
318
250
226
262
159
-5
-242
-559
-1014
-1319
-1287
-829
-347
-519
-1219
-1872
-1907
-1555
-1294
-1121
-873
-474
-214
-455
-914
-976
-432
516
1201
1236
1025
925
925
880
861
1078
1509
1752
1503
943
433
338
249
79
101
48
180
62
-585
-1098
-1334
-1103
-532
-328
-475
-678
-916
-856
-570
-525
-279
227
290
269
418
406
477
629
731
987
1398
1378
1127
1041
962
847
1114
1337
1150
957
730
343
183
182
-20
-66
-148
-471
-605
-760
-1005
-1017
-941
-941
-829
-722
-868
-961
-767
-630
-469
-96
-14
-12
116
65
-98
-90
-135
-288
-290
-16
466
498
-177
-1068
-1390
-851
-372
-518
-771
-719
-528
-515
-822
-1212
-858
30
634
721
372
165
390
709
847
993
1333
1643
1526
921
476
475
702
867
641
225
225
242
-199
-775
-1013
-841
-385
-138
-527
-934
-1001
-1081
-1111
-724
-261
-36
-6
-203
-282
-104
175
305
494
855
1017
990
868
589
490
800
1125
1274
1092
675
361
253
330
428
277
80
-103
-361
-517
-506
-514
-519
-557
-614
-596
-552
-527
-548
-390
-175
32
180
163
-25
-73
64
238
42
-566
-697
47
731
469
-672
-1554
-1248
-492
-434
-913
-1166
-682
-157
-542
-1403
-1608
-648
610
1002
430
-147
54
678
936
863
1050
1462
1762
1433
652
366
737
1036
822
435
261
436
350
-363
-1095
-1082
-420
145
-167
-890
-1235
-1074
-836
-777
-623
-336
-69
-143
-328
-136
201
184
238
532
815
1000
1013
733
639
752
886
1054
1118
836
500
369
302
239
291
141
-247
-435
-552
-814
-753
-739
-767
-743
-883
-1040
-954
-803
-677
-442
-214
-133
-38
-11
60
325
436
383
415
614
196
-365
-423
155
861
681
-508
-1321
-926
-472
-632
-1009
-1068
-603
-157
-532
-1364
-1477
-735
214
646
497
101
182
603
799
870
1038
1396
1723
1519
860
610
836
1002
909
602
516
710
502
-261
-803
-749
-166
240
-106
-701
-902
-827
-768
-760
-685
-416
-166
-150
-250
-232
-127
-139
19
370
640
861
797
372
227
460
691
921
932
631
453
367
290
204
34
-65
9
6
-305
-588
-758
-872
-737
-609
-683
-673
-623
-762
-752
-528
-320
-79
136
96
69
265
450
431
259
2
-137
-105
2
216
569
343
-691
-1504
-1368
-678
-270
-633
-1236
-1206
-820
-846
-1278
-1508
-923
165
754
332
-315
-373
231
1022
1342
1326
1259
1360
1248
823
614
864
1344
1471
949
320
133
213
172
-144
-324
90
441
112
-558
-1028
-890
-291
65
-41
-140
-98
-109
-305
-353
-120
53
398
727
813
515
188
30
288
661
856
907
734
482
225
168
286
394
440
502
297
-204
-430
-527
-424
-132
64
-213
-609
-853
-944
-748
-479
-328
-291
-396
-529
-622
-513
-301
-124
60
84
86
61
-7
-46
-22
92
167
188
-110
-535
-848
-549
-9
28
-535
-1093
-1239
-1011
-726
-919
-1043
-796
-492
-615
-945
-964
-576
126
541
456
320
406
515
685
954
1151
1397
1477
1157
832
768
880
1127
998
661
448
342
184
4
-244
-403
-260
-90
-125
-386
-668
-755
-645
-486
-292
-78
-85
-306
-441
-215
202
494
354
132
348
592
643
677
708
743
918
827
560
600
639
534
561
553
327
119
-71
-291
-163
4
-141
-309
-513
-721
-741
-598
-569
-497
-459
-628
-581
-365
-302
-249
-182
-116
124
341
221
-84
-275
-508
-557
-344
8
474
318
-635
-1519
-1513
-885
-306
-343
-802
-961
-750
-718
-1103
-1238
-721
264
989
705
-223
-505
229
1096
1626
1645
1397
1299
1145
853
761
1086
1490
1515
1031
350
-110
-36
115
-38
-254
-326
-195
-230
-728
-1328
-1389
-844
-330
-180
-378
-741
-844
-713
-469
-134
95
83
77
176
160
180
360
456
449
563
581
465
374
291
252
384
518
423
280
166
81
114
153
174
189
137
-65
-271
-251
-71
116
-6
-344
-459
-372
-165
-24
-152
-318
-281
-199
-276
-202
-141
-36
175
124
-98
-169
16
141
258
161
-54
-159
-320
-520
-478
-64
130
-162
-652
-982
-937
-614
-433
-433
-360
-326
-401
-456
-491
-268
200
473
513
374
196
394
766
958
986
831
695
724
657
481
477
552
518
355
159
-89
-302
-314
-237
-139
-74
-145
-410
-631
-612
-488
-266
-130
-127
-192
-247
-262
-240
27
291
273
151
131
168
311
520
539
525
573
529
414
406
432
413
420
370
180
126
133
53
-129
-312
-343
-213
-144
-307
-568
-743
-663
-415
-225
-187
-342
-579
-564
-291
-12
98
113
6
22
114
140
168
166
32
-213
-309
-232
110
338
61
-661
-1131
-1057
-642
-212
-273
-636
-726
-636
-715
-843
-744
-303
429
702
257
-131
-43
456
1001
1162
1045
977
987
836
667
693
873
1073
1008
558
50
-53
88
231
217
-36
-230
-214
-209
-346
-418
-385
-224
58
79
-212
-354
-302
-163
32
208
239
139
-26
-138
34
314
272
1
-141
-130
-45
37
18
-86
-119
-184
-386
-465
-290
-73
-56
-191
-403
-545
-445
-220
-42
96
152
41
-131
-246
-93
246
418
383
294
107
-4
-2
-3
138
317
249
10
-194
-339
-342
-198
-116
-148
-198
-298
-469
-601
-512
-315
-141
-90
-254
-350
-366
-304
-158
-11
150
240
131
-51
-137
44
437
574
431
290
201
281
443
435
408
433
469
394
269
205
241
328
385
325
171
86
61
115
154
119
119
199
120
-32
-147
-157
43
166
98
-2
-66
-169
-259
-277
-184
-15
-12
-157
-284
-405
-486
-466
-274
-84
-134
-265
-365
-362
-255
-198
-114
71
173
126
48
48
118
168
235
299
367
400
283
97
78
180
183
174
112
-43
-97
-168
-217
-202
-176
-203
-261
-319
-395
-468
-440
-422
-430
-373
-346
-361
-285
-221
-282
-302
-236
-54
105
129
54
-35
-13
135
313
361
302
268
245
290
358
376
400
362
258
266
313
344
305
233
186
210
300
268
271
290
243
214
204
202
257
300
208
166
271
326
255
166
-20
-83
31
58
48
33
-126
-338
-404
-407
-393
-360
-377
-412
-452
-550
-694
-688
-553
-431
-326
-335
-397
-450
-490
-407
-230
-53
79
91
-50
-132
-39
127
233
270
197
64
119
204
177
135
121
91
154
65
-136
-130
-28
29
-39
-156
-196
-203
-219
-187
-118
-23
48
32
-98
-202
-87
154
367
385
246
166
196
304
416
468
529
595
497
359
306
302
406
565
544
387
259
99
88
256
313
233
182
86
30
52
-16
-90
-4
64
7
-64
-158
-200
-182
-209
-285
-222
-150
-273
-417
-474
-487
-372
-358
-461
-425
-350
-392
-440
-448
-401
-344
-374
-289
-176
-172
-221
-282
-264
-185
-75
11
23
80
91
21
3
-23
-3
112
173
159
123
9
3
70
91
153
141
79
18
-10
-46
24
127
95
19
-23
-28
25
126
177
199
221
132
37
116
259
388
420
293
196
243
270
322
407
358
305
268
195
157
151
173
197
246
213
97
2
-129
-168
-28
156
179
109
-70
-221
-144
-61
7
123
178
55
-86
-197
-231
-66
71
19
-59
-184
-364
-416
-380
-316
-251
-243
-320
-434
-434
-448
-498
-435
-330
-240
-213
-314
-404
-374
-273
-181
-167
-140
-74
-100
-110
-63
-95
-62
38
73
62
86
32
-20
68
160
127
141
129
13
5
56
117
235
257
78
0
72
153
242
318
262
209
240
232
288
398
353
330
462
454
335
346
336
379
473
362
206
222
202
135
154
148
108
132
52
-104
-112
-98
-88
-15
-28
-80
-39
14
-44
-104
-85
-34
60
80
-2
-38
-45
-60
-65
-119
-153
-75
-54
-174
-298
-352
-288
-140
-159
-312
-337
-307
-368
-360
-359
-381
-316
-258
-257
-264
-311
-414
-348
-184
-138
-131
-117
-130
-123
-124
-173
-134
-22
19
14
-8
-26
-50
-95
-85
-12
33
-16
-74
-83
-73
-58
-52
-60
-58
-97
-152
-78
8
45
66
30
5
75
138
170
234
308
300
300
358
361
359
386
460
510
539
469
356
382
467
480
487
498
417
305
235
221
279
382
419
354
239
139
86
101
174
227
194
130
70
-35
-139
-155
-118
-83
-66
-122
-202
-270
-372
-434
-371
-219
-124
-142
-284
-465
-503
-396
-312
-234
-220
-328
-393
-399
-428
-443
-398
-337
-266
-250
-356
-454
-426
-378
-295
-213
-213
-196
-142
-192
-178
-37
7
27
43
-11
-45
6
54
78
142
146
51
70
142
123
118
111
47
78
177
152
135
171
154
126
169
190
171
217
225
219
240
219
150
168
224
219
241
264
293
296
227
156
186
244
236
241
213
188
206
195
147
140
156
143
182
186
80
61
97
70
51
38
-49
-56
-5
-87
-164
-149
-186
-194
-147
-177
-210
-200
-234
-311
-316
-269
-221
-231
-277
-318
-327
-277
-268
-353
-330
-254
-268
-305
-336
-347
-302
-226
-180
-199
-162
-109
-125
-99
-57
-39
15
45
7
45
127
160
164
142
122
183
239
228
210
160
155
232
249
200
200
191
136
154
181
152
206
227
135
89
102
61
51
102
39
-26
11
-7
4
87
57
0
14
-12
8
104
171
233
230
170
166
230
236
229
248
244
299
300
212
162
231
214
195
194
114
60
37
-57
-125
-115
-157
-183
-196
-256
-323
-363
-453
-501
-440
-384
-379
-413
-502
-531
-459
-373
-352
-451
-494
-396
-283
-219
-244
-313
-293
-198
-123
-108
-76
8
66
94
99
19
79
224
237
237
240
163
130
182
169
201
240
220
203
173
102
65
140
167
145
150
55
22
39
-2
32
98
88
43
59
30
44
142
123
102
133
123
108
142
117
101
149
160
152
166
167
145
137
114
74
126
195
181
158
138
99
135
153
84
47
78
99
107
32
-91
-115
-37
6
-4
-62
-143
-166
-205
-258
-236
-173
-153
-188
-274
-337
-305
-228
-206
-209
-260
-289
-255
-256
-306
-292
-239
-240
-236
-235
-237
-145
-100
-164
-171
-116
-68
-40
-33
-16
34
100
90
37
13
-11
49
138
147
127
109
78
84
104
109
131
211
223
173
136
94
141
208
235
228
193
172
172
169
174
213
223
222
204
184
176
209
196
158
166
171
152
109
58
14
18
59
34
23
0
-67
-57
-13
-5
9
5
-39
-11
19
-6
-51
-78
-19
53
99
83
-1
-85
-117
-82
-55
-46
-67
-124
-156
-170
-212
-259
-262
-262
-291
-288
-321
-371
-389
-412
-417
-339
-284
-302
-312
-329
-311
-252
-206
-168
-122
-112
-82
-5
47
34
25
60
130
188
172
147
146
159
189
234
209
145
134
148
130
128
132
94
97
83
27
43
110
132
129
94
44
83
168
184
181
181
185
203
238
217
209
254
289
304
281
195
139
184
189
174
166
106
68
89
63
15
61
79
50
1
-75
-96
-39
-25
-50
-58
-44
-20
-33
-84
-149
-110
-48
-61
-67
-118
-170
-151
-127
-163
-198
-218
-203
-149
-179
-246
-273
-257
-244
-239
-260
-266
-230
-230
-227
-215
-196
-208
-206
-203
-216
-194
-125
-73
-82
-97
-137
-101
29
61
14
-8
18
66
84
67
69
115
155
134
89
42
31
63
81
80
61
40
53
73
73
86
107
125
161
210
182
205
272
288
282
304
324
326
347
341
288
273
272
245
261
235
184
143
111
95
65
29
-12
-15
-51
-125
-168
-162
-128
-124
-160
-202
-204
-188
-166
-171
-212
-186
-124
-107
-82
-99
-143
-113
-71
-53
-49
-63
-72
-64
-66
-104
-92
-60
-84
-109
-128
-152
-145
-132
-155
-143
-135
-160
-148
-134
-159
-165
-125
-130
-117
-86
-113
-83
-48
-48
-5
57
74
67
67
62
111
165
138
89
90
95
111
142
140
102
84
53
55
100
96
72
75
86
110
156
141
103
118
159
194
211
169
133
136
150
146
150
136
111
96
61
45
65
85
64
27
-6
-22
-12
-19
-57
-46
4
38
23
-61
-122
-96
-5
26
-12
-71
-70
-48
-58
-91
-95
-62
-38
-60
-132
-229
-214
-151
-131
-142
-206
-258
-248
-229
-242
-244
-209
-194
-183
-210
-258
-243
-198
-163
-151
-126
-94
-47
2
-26
-34
26
91
156
172
147
126
162
206
237
277
270
233
224
219
202
215
206
186
175
134
92
61
42
25
12
1
20
40
12
-32
-57
-31
26
59
31
-10
-3
17
62
112
122
103
85
82
113
123
107
104
111
110
128
120
84
66
49
30
34
56
48
16
-34
-67
-35
-9
-23
-58
-111
-129
-96
-77
-104
-159
-178
-165
-168
-236
-288
-292
-267
-260
-278
-302
-307
-286
-291
-305
-312
-297
-250
-184
-166
-181
-168
-137
-91
-26
1
20
57
41
7
33
95
162
200
181
120
126
196
213
210
177
128
124
164
156
120
135
124
119
120
66
28
43
88
132
150
143
130
146
173
200
215
232
235
240
252
227
221
248
264
254
208
179
132
81
75
70
43
16
-23
-73
-121
-156
-180
-164
-121
-128
-184
-230
-241
-210
-194
-178
-144
-130
-115
-137
-145
-124
-80
-36
-52
-86
-121
-113
-65
-43
-73
-116
-134
-127
-121
-145
-165
-168
-166
-152
-179
-179
-142
-114
-114
-116
-91
-60
-24
-11
-11
1
26
49
75
59
67
100
118
145
161
124
89
91
99
93
88
72
23
12
21
-13
-18
-11
-37
-29
-27
-57
-51
-5
14
26
42
29
45
82
100
93
100
154
186
159
117
126
175
203
197
137
110
134
140
140
132
112
74
25
-20
-44
-22
-24
-60
-85
-97
-97
-78
-101
-125
-125
-122
-97
-118
-147
-147
-112
-88
-103
-88
-54
-41
-49
-71
-84
-52
16
39
20
-5
-13
8
12
30
40
27
25
43
27
38
60
74
81
76
60
45
49
41
42
78
91
90
60
11
16
30
31
34
41
30
-1
-20
-31
-48
-42
-65
-107
-101
-109
-129
-137
-158
-183
-192
-170
-139
-137
-131
-133
-113
-88
-68
-65
-59
0
23
31
27
35
53
107
157
137
130
147
150
151
154
138
123
136
121
96
99
72
10
-22
-18
-23
-16
-66
-125
-111
-89
-111
-126
-136
-130
-118
-116
-96
-103
-112
-94
-97
-74
-31
4
47
71
42
17
38
90
137
147
141
122
123
136
112
82
105
125
127
110
76
60
49
60
69
86
96
70
24
-15
-8
-6
-10
-12
-57
-71
-55
-67
-86
-105
-112
-106
-112
-125
-155
-153
-120
-111
-105
-68
-52
-30
-37
-60
-20
33
39
52
53
73
141
179
151
149
126
93
136
162
163
191
215
203
102
6
-58
-95
-50
0
55
97
72
-14
-60
-133
-172
-189
-213
-251
-201
-115
-63
-94
-157
-214
-219
-218
-238
-234
-216
-175
-131
-95
-105
-102
-79
-70
-55
6
65
64
57
76
73
102
120
144
157
149
146
152
138
103
62
58
69
92
126
146
135
119
110
82
21
-3
20
36
53
49
73
77
16
-24
-41
-67
-77
-51
-8
-25
17
21
-36
-66
-60
-75
-36
37
12
82
108
86
71
102
102
95
135
74
65
143
95
159
174
49
114
33
-55
39
38
-29
38
-54
-114
-72
-91
-187
-124
-149
-250
-128
-147
-278
-209
-116
-298
-217
-139
-212
-131
-82
-225
-161
-72
-161
-40
64
-114
-93
156
2
-39
81
78
-42
88
204
33
68
207
106
-30
196
103
-120
234
115
-22
129
54
-30
-9
91
-5
-22
81
-44
-73
-7
-108
-71
8
22
10
-29
30
8
-121
-56
34
-37
45
178
-7
-92
87
-73
-46
97
-29
14
50
89
13
-5
29
-15
118
172
49
135
178
49
125
175
93
134
122
118
137
146
95
113
50
4
92
-11
29
-8
-40
-10
-8
-51
-104
-23
-35
-233
-45
-22
-259
-73
-87
-240
-161
-61
-122
-179
-7
-125
-146
4
-65
-92
-73
-30
14
-53
100
150
-100
117
138
-119
52
294
-93
22
157
-25
13
-24
44
-42
-87
63
-75
-151
-38
-87
-122
-109
-75
-85
-185
-125
-92
-218
-20
-59
-189
-30
21
-76
0
81
-82
-63
79
-24
14
15
14
72
59
-21
138
19
-27
158
9
12
158
14
-47
124
205
36
105
319
18
68
441
-22
-17
381
60
-10
295
151
-39
180
251
-113
18
314
-215
-80
238
-171
-114
218
-62
-218
127
-73
-257
23
45
-161
-38
48
-125
-128
-9
-36
-121
-63
39
-124
-113
18
-40
-213
18
24
-220
35
69
-213
-74
102
-130
-54
73
-40
-162
49
-85
-136
14
-88
-115
16
-50
-90
0
-32
-57
-3
54
-40
-47
62
59
-73
51
118
-23
49
39
65
9
66
-49
8
110
-19
52
108
-2
-53
45
-17
-104
40
83
-44
65
94
14
15
30
15
75
46
66
82
2
66
127
29
79
122
34
45
-15
65
-19
47
20
-66
35
12
-83
-44
-23
-124
-53
-120
-80
-103
-51
-143
-109
5
-108
-145
-14
-157
-219
-20
56
-116
-30
25
-14
37
51
63
142
81
44
212
163
146
113
237
129
148
263
139
15
196
117
0
228
79
28
13
74
-61
-51
131
-112
-139
65
-100
-120
4
-140
-91
-61
-68
-55
-156
0
-117
-194
57
-75
-215
25
-81
-167
-103
-4
-131
-160
54
-105
-195
51
-32
-156
108
-17
-57
28
25
-110
57
81
-76
67
50
-10
9
10
66
-73
13
130
-91
9
26
-83
-24
-68
-36
-36
-127
-82
-11
-67
-101
-94
28
-106
-177
23
-97
-185
43
-90
-103
67
-95
2
133
-41
-11
289
46
-70
285
260
-101
235
275
-74
168
241
-11
221
194
-60
220
169
-107
116
256
-139
79
277
-66
-23
252
-43
111
103
36
110
91
-30
123
205
-136
159
125
-44
15
185
16
-10
136
56
-56
106
11
-59
158
-70
-25
147
-59
-86
87
-77
-96
-67
34
-72
-138
33
-136
-172
-86
-78
-125
-98
-102
-116
-119
-178
-214
-129
-185
-170
-92
-190
-117
-232
-233
-47
-171
-243
-45
-142
-262
-72
-105
-259
-114
-9
-243
-93
-56
-175
-44
-121
-45
-123
44
-125
-23
35
-108
114
19
-109
74
79
25
182
31
57
23
-7
113
82
22
141
101
-27
134
131
-45
148
181
-33
234
229
97
105
296
119
94
383
198
156
167
283
222
125
274
233
130
249
128
191
155
54
206
85
82
88
82
33
22
18
3
-14
16
-3
-80
6
-109
32
20
-119
0
9
-105
39
-8
-69
20
-58
-60
12
-134
-26
-21
-161
-60
3
-74
-84
-156
-43
-132
-142
-197
-48
-191
-258
49
-161
-296
14
-110
-295
-13
-96
-194
-94
-143
-164
-43
-113
-221
2
-74
-282
42
30
-292
-41
79
-210
-33
-22
-31
-54
-124
-5
-62
-118
-45
30
-237
16
-17
-105
40
-62
-77
71
60
-90
170
24
-44
105
159
43
190
127
69
206
101
202
184
155
175
230
112
76
297
65
124
201
25
158
211
-12
124
223
-47
140
251
7
-16
259
-10
-85
182
65
-96
110
-31
-63
23
-98
-25
-45
-33
-95
21
-32
-117
-74
63
-41
-89
127
21
-107
97
38
-43
-50
77
88
-19
35
37
126
-83
-30
159
51
-133
92
81
-204
-21
76
-221
-129
55
-189
-101
-108
-141
-206
-164
-191
-196
-105
-246
-169
-212
-112
-276
-73
-25
-262
-112
-8
-201
-106
33
-95
-49
-33
7
-38
-4
49
30
33
13
109
48
-56
166
17
17
228
-90
32
232
-97
90
121
47
6
77
96
-14
110
175
66
170
47
82
275
78
57
406
76
65
352
141
115
193
192
134
120
132
110
128
9
125
48
50
15
-99
2
-73
-129
-27
-10
-214
-130
-35
-203
-234
46
-215
-162
100
-212
-154
67
-298
-98
164
-230
-85
100
-150
-107
79
-55
-123
45
6
-99
-8
-97
11
-21
-182
29
-76
-250
78
-97
-198
51
-70
-155
23
-98
-93
1
-19
-44
7
70
-94
63
125
15
53
24
91
22
-69
232
-52
-33
170
15
-107
56
127
-120
137
79
-86
117
29
-28
100
1
21
143
2
10
160
-72
80
122
-95
124
-2
-38
109
0
-49
138
-77
-51
93
-58
-70
-5
-7
-46
69
-65
-71
147
-59
-114
241
-88
-99
149
-21
-21
74
40
43
47
-42
112
165
-103
91
146
-80
110
189
-61
149
133
-122
118
4
-89
137
64
-196
135
54
-234
98
-37
-198
7
-30
-137
63
-145
-85
64
-152
4
21
-156
-80
143
-249
-97
235
-184
-170
173
-138
-158
168
-104
-94
133
-137
-10
139
-138
-8
151
-19
-114
150
36
-139
123
2
31
28
-9
97
-101
-45
172
-107
-66
108
-41
-112
19
7
-174
102
-79
-151
77
-168
-137
80
-117
-173
102
-88
-219
36
-63
-246
51
-26
-180
52
-35
-124
51
-80
-17
84
-89
66
152
-94
-26
289
-55
-39
273
50
24
118
143
41
122
96
80
110
55
-2
232
-59
58
206
-47
71
90
50
74
40
33
21
81
25
-51
187
-83
-102
213
-63
-61
171
-18
-50
106
41
-124
180
55
-188
262
76
-191
186
137
-145
77
245
-164
74
190
-190
90
104
-119
66
102
-231
84
135
-301
-48
222
-379
-88
227
-310
-128
130
-171
-220
55
-153
-174
19
-228
-72
-50
-221
-96
33
-244
-160
95
-226
-155
51
-179
-125
26
-146
-74
60
-178
-52
129
-172
10
185
-120
-86
200
-92
-75
245
-93
-57
183
-107
-23
177
-40
-30
157
20
-107
149
29
-120
108
4
-6
26
-29
69
14
-25
126
11
7
181
5
24
194
-37
97
241
-25
71
320
47
21
357
57
2
279
81
75
210
118
72
224
14
30
227
-102
89
155
-110
114
137
-148
120
70
-108
88
81
-191
33
145
-258
-37
116
-218
-92
127
-257
-81
34
-251
11
-99
-216
-42
-35
-304
-134
-17
-230
-185
-55
-177
-220
-77
-168
-192
-42
-135
-203
-22
-118
-203
-55
-54
-175
-70
33
-155
-99
72
-134
-46
65
-83
25
117
-111
24
106
-36
16
169
-39
41
238
-117
93
259
-100
61
360
-158
33
427
-147
20
400
-28
-40
340
48
-108
269
114
-90
184
109
-38
150
84
-3
130
34
15
124
13
-43
117
28
-21
93
-56
3
33
-60
34
96
-57
-6
138
-100
3
127
-111
-8
89
-118
-56
105
-72
-49
53
-13
-92
46
-70
-44
17
-104
20
26
-159
5
11
-171
-11
-34
-154
0
-78
-143
115
-145
-159
111
-73
-231
80
46
-275
65
73
-260
3
84
-182
6
43
-125
-9
27
-48
-91
98
-31
-55
79
-7
-11
66
31
3
66
3
32
54
55
-22
75
35
-99
141
2
-59
120
22
66
93
22
133
19
9
122
16
32
118
66
-24
61
92
-128
134
101
-188
122
128
-194
2
222
-226
-86
195
-106
-185
215
-24
-295
186
33
-303
79
158
-300
53
174
-275
-65
188
-184
-151
181
-94
-154
115
-21
-162
9
52
-144
-14
81
-114
-53
73
-9
-120
33
101
-122
-75
207
-70
-93
249
-41
-88
194
-20
-133
217
26
-94
192
83
-145
152
160
-203
155
201
-194
144
164
-111
39
218
-37
-57
198
30
-144
200
44
-171
166
111
-215
81
149
-220
-9
176
-143
-121
184
-103
-190
102
-3
-216
8
75
-169
-56
108
-183
-108
102
-195
-149
119
-94
-261
116
33
-273
36
157
-235
-81
221
-129
-100
155
14
-119
98
44
-84
89
42
-142
66
105
-119
1
143
-67
-155
231
-19
-232
154
49
-296
109
115
-305
81
191
-257
-11
165
-185
-107
175
-61
-100
184
37
-93
191
63
-113
200
95
-65
78
164
-11
36
165
67
-18
149
85
1
102
66
60
51
88
19
24
51
22
-7
74
29
-36
59
72
-40
20
99
-60
-2
99
-21
-82
104
25
-151
96
120
-193
77
86
-157
-5
72
-58
-65
23
-25
-115
14
-7
-164
9
-23
-90
-66
66
-30
-203
53
2
-183
-23
5
-169
-66
-20
-86
-131
-24
-32
-226
-32
-22
-207
-127
25
-130
-264
96
-48
-343
33
15
-349
-42
152
-268
-145
196
-112
-209
200
47
-185
120
179
-91
10
267
4
-5
237
162
-81
207
274
-87
131
365
6
-4
366
80
-41
292
217
-51
179
273
-29
76
255
73
-54
210
161
-77
109
203
-46
4
205
30
-129
143
104
-167
74
143
-162
-46
147
-133
-114
174
-50
-200
81
-4
-246
34
21
-220
-43
17
-152
-111
-19
-102
-119
-54
-67
-93
-63
-84
-84
-52
-65
-71
-18
-60
-106
-38
-47
-116
-74
-32
-156
-84
-43
-122
-158
-24
-111
-161
3
-97
-133
-40
-51
-143
-38
11
-78
-59
68
-51
-95
73
66
-105
59
158
-105
83
140
-50
103
153
-15
82
182
-16
49
191
14
23
161
32
35
103
47
87
70
40
60
90
-21
95
127
17
64
114
43
32
78
73
63
39
86
68
28
24
74
36
25
72
33
5
42
16
-6
43
26
-11
25
-11
-19
44
-43
-17
1
-48
-7
-28
-16
-37
-21
-50
-30
-30
-39
-32
-52
-56
-25
-74
-61
9
-139
-89
4
-125
-107
3
-104
-133
3
-80
-113
-24
-66
-122
-49
-65
-82
-12
-62
-43
-19
-13
-51
15
26
23
40
47
71
16
28
104
72
-5
132
110
-9
52
115
24
17
95
57
23
35
35
4
3
24
10
13
-18
31
22
-51
34
-11
-17
47
-14
-4
-1
-4
-25
-15
-2
-29
-10
-23
-47
-2
-26
-75
19
-7
-88
3
-17
-72
-16
-16
-52
-8
-7
-23
-5
-33
-10
-32
-26
17
-33
-18
23
-18
-38
17
-16
-53
33
7
-56
11
32
-69
17
20
-77
7
-3
-93
-5
16
-68
2
28
-66
-49
33
-6
-58
68
39
-59
46
68
-58
71
125
-8
50
177
36
9
197
76
17
174
106
-5
162
140
1
126
138
5
36
124
18
3
113
51
-27
66
32
-30
32
21
11
33
-5
-16
-16
-44
-22
-3
-39
-23
-68
-57
-5
-133
-85
-10
-119
-112
-20
-69
-135
-68
-36
-141
-78
-43
-118
-72
-57
-73
-102
-57
-16
-92
-115
-17
-33
-108
-31
20
-89
-42
54
-42
-54
16
3
-63
-21
-41
-65
-55
-31
-42
-48
-33
-19
-52
-10
7
-31
26
59
1
3
141
37
28
174
61
54
162
118
73
166
181
94
156
188
106
135
179
114
122
141
141
115
73
109
99
77
71
68
30
46
48
2
8
-18
22
-33
-43
-17
-37
-90
-68
-56
-106
-83
-106
-102
-89
-101
-112
-114
-89
-123
-139
-102
-113
-107
-116
-128
-101
-128
-127
-78
-115
-92
-39
-102
-67
11
-92
-73
43
-67
-87
57
-9
-104
19
43
-73
-26
97
-29
-72
49
33
-57
34
72
-18
-2
67
-31
-6
86
-34
-4
89
47
-9
80
110
17
52
112
68
75
102
88
87
82
112
80
89
160
82
130
142
102
108
114
104
72
112
111
86
56
84
50
13
23
16
26
7
-15
6
-11
-38
-13
-22
-40
-38
-30
-59
-50
-4
-57
-67
7
-64
-77
-45
-92
-74
-35
-83
-83
-29
-61
-98
-45
-50
-114
-68
-24
-63
-106
-33
-31
-88
-70
4
-81
-106
-3
-61
-106
-24
-44
-110
-47
-59
-99
-39
-24
-85
-54
-29
-77
-60
-18
-44
-88
-13
-28
-69
-53
2
-40
-60
43
-29
-36
14
0
-23
17
22
6
38
30
29
68
54
42
93
98
68
94
114
101
93
129
120
128
118
133
129
77
105
124
107
101
110
82
88
74
75
79
58
79
45
52
80
43
42
72
66
23
42
50
-2
6
30
22
-11
14
19
-64
-41
-7
-82
-67
-37
-97
-114
-48
-68
-125
-62
-85
-132
-84
-72
-129
-112
-58
-105
-102
-93
-58
-89
-91
-54
-91
-66
-51
-76
-78
-52
-46
-65
-49
-50
-52
-65
-50
-26
-31
-46
-30
6
-18
-37
29
17
-21
54
48
16
49
61
29
59
59
39
65
52
53
91
56
58
92
92
50
90
95
57
103
86
74
97
67
51
96
77
41
73
76
33
49
55
41
41
32
10
7
31
-1
-20
-3
3
-35
-33
-10
-72
-68
-29
-61
-78
-37
-69
-93
-54
-67
-103
-78
-44
-95
-91
-48
-87
-94
-40
-50
-104
-28
-38
-93
-32
-13
-51
-34
-23
-22
-34
-32
0
-22
-10
1
-16
-11
31
-2
-11
43
16
9
43
36
3
45
62
34
46
68
43
28
45
52
25
26
73
25
36
79
31
35
60
34
30
68
35
49
74
32
43
40
27
30
23
14
23
29
-4
15
24
-20
-19
3
-17
-23
-26
-9
-27
-41
-12
-15
-27
-30
-1
-3
-27
-13
-23
-34
-40
-4
-26
-28
-13
-23
-20
-23
-11
-24
-10
-18
6
-18
-4
3
-26
-8
10
-23
-16
14
-9
-14
-2
0
-21
-2
-9
-36
-25
-13
-6
-25
-8
-1
-12
-2
-6
4
-10
-29
-20
3
-17
-18
-4
-23
-16
-3
-17
-19
-10
-6
-25
-10
2
-13
-6
8
-7
12
16
10
34
44
34
51
89
62
46
91
65
28
78
74
38
50
57
20
3
30
22
-8
2
20
-17
-29
22
-10
-40
9
-13
-47
-4
-17
-47
-20
-29
-49
-22
-41
-63
-23
-40
-74
-28
-41
-68
-30
-54
-54
-42
-64
-51
-45
-50
-49
-33
-43
-42
-4
-22
-27
5
-6
-22
8
11
-3
13
24
5
25
32
13
12
17
30
-2
12
16
-2
0
18
18
-5
13
14
-2
15
22
16
15
35
36
7
39
43
14
28
61
31
5
59
41
16
54
60
29
54
76
47
51
72
68
54
71
69
51
49
68
26
48
70
20
22
44
18
1
27
6
-4
17
21
-14
12
-17
-32
-15
-21
-34
-39
-38
-66
-48
-68
-56
-57
-75
-48
-58
-60
-53
-60
-75
-53
-62
-75
-35
-45
-75
-28
-25
-67
-11
-4
-40
-12
9
-7
-13
2
-14
2
13
-2
25
0
-22
-13
6
-11
-23
10
4
-15
3
3
-21
2
-6
-28
-8
1
-30
8
8
-19
22
19
-10
4
22
-17
14
20
18
43
12
28
42
21
21
52
36
19
55
43
20
41
34
15
25
40
15
14
40
7
14
17
-1
10
-4
-7
7
-1
-18
-4
2
-29
-22
4
-20
-31
-6
-27
-36
-24
-29
-28
-13
-24
-16
-8
-35
-26
-13
-22
-18
3
-11
-16
-22
6
-15
-29
22
-19
-26
1
0
-25
0
3
-14
3
5
-6
-27
9
-1
-28
-2
6
-14
-8
12
-9
-6
0
-5
8
10
14
29
39
16
33
26
9
39
21
16
37
18
14
34
17
12
27
31
27
6
29
34
23
15
48
30
3
38
45
14
10
24
6
6
18
-7
-6
10
-18
-13
-1
-30
-33
-19
-24
-27
-24
-17
-46
-35
-24
-40
-38
-22
-22
-39
-16
-10
-26
-33
-18
-17
-37
-16
3
-21
-1
4
-27
-8
8
-20
-30
-5
-4
-36
-12
-3
-38
-12
-4
-22
-9
0
-21
-2
8
-11
13
7
16
20
13
18
14
27
14
2
15
17
4
10
15
23
13
20
36
28
19
28
35
35
44
44
39
35
35
37
30
47
35
20
29
24
14
32
26
16
35
36
18
3
17
16
4
1
3
3
6
-20
-9
-2
-26
-15
-22
-29
-19
-17
-10
-19
-19
-29
-29
-26
-28
-29
-38
-36
-28
-47
-47
-46
-47
-43
-40
-40
-46
-32
-39
-25
-47
-45
-17
-41
-37
-5
-35
-45
-16
-14
-40
-9
-8
-29
0
-12
-18
8
-5
-2
18
0
-7
22
-6
-4
23
16
4
24
19
14
36
25
35
44
22
39
52
23
43
56
39
53
70
43
38
59
45
31
53
49
36
60
56
35
49
42
32
37
28
25
47
44
36
40
42
14
-5
11
-9
-19
6
-3
-20
-8
-12
-36
-37
-23
-44
-60
-44
-57
-71
-61
-60
-67
-64
-70
-79
-79
-74
-72
-76
-72
-66
-55
-74
-69
-51
-72
-78
-48
-54
-53
-42
-45
-24
-13
-29
7
14
-11
17
25
3
25
40
27
27
43
39
16
39
29
18
26
28
20
30
25
30
42
30
35
36
20
27
44
37
35
41
44
31
43
60
31
23
57
34
29
51
48
43
54
47
47
58
46
52
37
41
38
29
33
31
29
26
38
24
21
17
-2
-13
0
-15
-31
-19
-31
-39
-30
-38
-44
-44
-44
-54
-54
-40
-52
-60
-48
-44
-61
-48
-48
-60
-55
-43
-45
-41
-23
-32
-43
-33
-35
-41
-42
-38
-30
-24
-26
-9
-16
-21
-2
-17
-5
-2
-9
-5
3
-9
-8
3
-3
-6
-6
12
7
-2
13
6
-1
15
18
13
16
28
13
20
35
20
32
38
30
25
31
39
38
35
35
43
35
31
45
34
34
49
39
26
34
34
18
35
36
10
35
42
6
24
24
10
18
23
5
4
12
-10
0
-6
-15
-25
-29
-31
-44
-41
-38
-47
-51
-49
-47
-49
-43
-30
-37
-33
-26
-25
-23
-15
-5
-18
-9
-6
-17
-16
-8
2
-15
-16
-7
-21
-23
-10
-31
-37
-21
-15
-21
-13
1
-10
-5
7
-4
2
20
18
10
9
14
6
4
5
8
5
3
-2
-4
-2
2
7
-2
21
15
4
14
20
9
23
35
22
31
32
19
29
43
22
16
30
12
17
22
19
26
27
29
23
23
24
32
21
14
26
15
4
2
10
-8
-15
1
-12
-13
-1
-3
-5
-10
-5
-2
-8
-3
-12
-16
-7
-7
-10
-7
-5
-5
9
7
6
7
9
12
5
6
-2
5
-2
-9
2
-9
-8
-7
-14
-24
-10
-18
-25
-9
-24
-30
-11
-26
-34
-21
-29
-41
-28
-31
-42
-33
-29
-31
-36
-26
-20
-29
-26
-18
-29
-34
-19
-19
-38
-25
-11
-22
-14
-7
-18
-13
5
-4
8
16
11
26
25
21
30
35
26
27
30
25
27
25
25
18
12
22
17
11
25
26
21
30
37
25
34
34
19
17
9
-4
-1
-2
-1
1
2
-4
-2
4
-1
-2
-2
-6
-5
-4
-4
-3
-8
-8
1
-3
-7
-4
-13
-2
-10
-11
-5
-15
-9
3
1
-2
11
0
2
4
-3
2
1
-7
-3
-2
-12
-1
-7
-14
1
-3
-15
2
5
-9
2
10
-5
6
11
10
12
17
14
22
31
25
23
25
17
19
17
9
12
8
10
17
16
15
20
11
11
13
11
12
14
10
7
3
-2
0
-1
-11
-3
-1
-13
-11
-10
-16
-16
-9
-14
-17
-16
-13
-26
-17
-7
-26
-21
-24
-33
-33
-23
-33
-35
-29
-32
-35
-24
-20
-24
-20
-9
-11
-18
-13
-6
-4
-4
9
-1
-4
9
-2
4
14
3
14
22
10
13
16
1
2
9
3
-4
-3
1
-6
-8
-3
5
4
-1
2
1
-7
-1
4
0
4
9
0
7
6
10
13
6
14
9
8
14
12
13
13
11
11
9
14
12
11
16
21
13
14
22
22
17
21
31
21
22
21
4
7
17
3
-1
3
-15
-16
-12
-22
-21
-15
-25
-26
-14
-26
-25
-17
-31
-32
-24
-26
-25
-17
-19
-12
-6
-11
-2
3
2
8
11
12
8
14
12
11
11
15
18
11
13
11
11
17
19
16
17
20
16
15
23
16
7
17
7
1
14
4
-5
5
-4
-17
-15
-7
-14
-14
0
-5
-10
4
1
-16
-10
-9
-15
-13
-6
-5
-7
6
6
0
3
2
1
4
1
3
3
1
-1
5
4
0
5
0
-1
-4
-3
-1
-4
0
3
0
-7
-1
2
-13
-3
-3
-11
0
-2
-12
-9
-13
-21
-18
-18
-23
-20
-22
-24
-14
-16
-20
-17
-11
-15
-3
-3
-10
-2
-10
-14
-5
2
-8
-6
0
-5
-13
-10
-10
-18
-9
-10
-12
-11
-7
-9
-8
-5
-2
0
-2
2
1
2
3
3
5
2
6
8
9
6
10
16
12
14
19
19
16
25
32
27
24
30
27
24
32
33
31
28
31
30
26
30
26
28
30
27
29
37
32
36
31
26
30
22
17
20
18
10
15
12
9
12
8
-2
-1
-7
-4
-10
-13
-10
-14
-18
-23
-20
-23
-28
-27
-26
-26
-26
-23
-28
-34
-36
-37
-36
-32
-32
-29
-35
-34
-32
-37
-32
-27
-24
-21
-24
-25
-24
-20
-19
-18
-15
-15
-17
-20
-13
-6
-9
-3
2
4
-2
5
11
1
11
11
8
12
11
9
5
2
0
5
1
-2
0
-1
-4
-6
-3
-4
1
6
5
3
7
9
10
19
17
18
26
19
18
24
22
23
27
20
23
23
25
23
19
20
16
13
11
17
22
8
13
12
-1
8
8
-2
3
6
-2
-1
2
-7
-6
-5
-10
-9
-7
-10
-13
-6
-9
-4
3
-2
-1
-6
-8
-7
-15
-12
-11
-13
-15
-16
-12
-16
-11
-8
-15
-12
-11
-11
-8
-4
-3
-2
-1
0
-1
-3
-3
-5
-4
0
-3
-8
-2
-2
-8
-6
-3
-6
-7
-5
-5
-2
-4
-6
0
3
4
2
6
9
8
17
17
17
20
20
20
18
18
18
15
13
16
15
13
16
15
12
7
5
4
2
0
4
5
-2
1
-4
-2
-2
1
-6
-5
-6
-12
-4
-9
-4
3
-4
-5
-4
-9
-17
-14
-15
-19
-8
-14
-17
-10
-13
-14
-7
-11
-18
-12
-14
-15
-11
-14
-14
-16
-15
-11
-11
-17
-13
-9
-13
-7
-3
-10
-11
-10
-9
-8
-1
6
0
3
6
5
0
2
4
3
8
10
10
11
12
11
20
19
18
22
18
14
17
19
18
19
16
16
15
15
15
15
13
9
15
15
11
14
15
12
12
11
9
9
12
13
10
5
7
3
-2
-8
-5
-8
-8
-4
-6
-9
-10
-9
-12
-8
-9
-12
-12
-14
-10
-8
-14
-12
-12
-14
-15
-16
-18
-18
-14
-18
-19
-12
-15
-18
-13
-12
-13
-11
-6
-11
-11
-5
-10
-7
-2
-4
-3
-3
-3
5
9
7
11
14
14
14
17
20
18
18
19
21
15
19
20
14
14
14
13
13
13
11
17
14
9
15
13
9
13
13
11
13
9
4
3
2
2
3
0
3
5
-3
-10
-6
-6
-13
-6
-8
-12
-11
-14
-17
-15
-15
-16
-19
-16
-18
-18
-19
-16
-16
-16
-14
-16
-15
-13
-14
-14
-9
-7
-6
-6
-5
-8
-5
-1
-1
1
1
4
-2
-1
1
-2
-2
-2
-2
-3
0
-3
-2
3
-2
-3
-1
1
1
4
4
2
0
1
-4
5
6
4
7
6
4
0
1
2
-2
0
-2
2
4
1
1
2
1
4
3
5
5
5
9
9
9
5
9
5
1
3
1
2
5
5
4
9
5
5
4
4
6
6
5
8
8
4
4
5
3
3
2
4
6
5
5
6
5
3
6
3
2
3
2
5
4
0
6
5
3
8
7
3
3
3
-1
-1
-3
-7
-5
-6
-3
-1
-2
-2
-5
-3
-2
-1
-1
1
-1
-2
1
-3
-3
-3
-6
-8
-10
-10
-11
-8
-5
-7
-9
-6
-7
-7
-8
-8
-8
-6
-6
-2
-3
-6
-5
-4
-7
-4
-4
-8
-1
