4
3
1
1
1
1
1
0
-1
-1
-2
-1
-3
-3
-1
-3
-3
-3
-2
-4
-4
-3
-5
-3
-5
-5
-3
-2
-4
-2
-1
-3
-1
0
-1
-1
0
-1
0
0
-2
-1
1
0
-1
1
-1
-2
-1
-2
-1
0
0
2
3
1
0
2
-1
1
3
2
2
3
2
2
3
2
2
3
1
0
0
-1
-1
0
0
-1
-1
-2
-1
-2
-3
-2
0
-3
-1
-2
-3
-1
-3
-3
-1
-3
-5
-3
-4
-5
-3
-5
-3
-2
-3
-4
-2
-3
-5
-1
-4
-3
0
-5
-4
-2
-6
-3
0
-4
0
1
-2
2
1
0
2
1
-1
4
3
1
6
2
3
6
0
4
4
-1
7
4
2
9
3
3
8
0
4
7
1
4
6
1
4
6
1
5
2
1
4
2
2
3
1
3
1
-1
4
1
0
2
2
1
4
-1
3
3
-4
4
1
-3
6
-3
-3
4
-5
-1
1
-5
-1
-3
-2
0
-3
2
-1
-5
5
-4
-4
4
-4
-3
4
-2
-5
0
-1
-6
-2
-2
-6
-4
1
-5
-8
5
-4
-4
6
-4
-5
6
-2
-4
5
-1
-4
4
1
-4
1
0
-5
-5
4
-4
-5
8
-5
-5
9
-4
-8
9
-3
-7
9
0
-8
8
3
-11
8
4
-13
7
6
-14
7
8
-14
7
12
-13
5
17
-12
3
19
-17
-1
20
-21
-4
22
-22
-5
23
-21
-4
23
-18
-11
24
-13
-16
28
-10
-21
31
-9
-21
33
-12
-20
28
-9
-19
26
-3
-19
25
1
-22
24
0
-21
25
4
-16
21
4
-14
16
2
-16
16
4
-17
16
5
-15
12
4
-16
12
2
-16
14
-2
-14
14
0
-13
12
0
-16
12
0
-16
17
-3
-12
17
-7
-10
12
-8
-11
12
-4
-15
19
-7
-13
25
-14
-3
23
-16
0
19
-17
0
21
-16
-4
24
-20
-3
24
-24
4
18
-24
10
13
-21
10
7
-15
6
8
-14
4
12
-20
10
7
-21
18
-6
-14
24
-14
-4
18
-16
1
12
-16
2
8
-15
9
4
-12
9
2
-13
8
2
-16
12
1
-17
22
-8
-10
23
-18
2
13
-19
7
6
-15
11
2
-11
11
-1
-13
10
-5
-11
11
-6
-6
8
-8
-4
7
-13
1
6
-15
7
3
-16
12
1
-12
16
-7
-6
15
-8
0
16
-11
7
9
-7
6
5
-5
5
2
-2
3
1
-3
5
0
-5
12
-8
2
8
-5
6
7
-5
11
-4
3
6
-6
7
-1
0
7
-2
-1
5
-3
0
2
-5
4
1
-7
7
-9
1
6
-14
6
0
-12
8
-2
-12
8
-1
-10
9
-5
-14
19
-9
-11
21
-13
-5
18
-10
3
7
-3
3
1
3
-2
3
1
-5
3
0
-4
5
-2
0
3
-3
-4
11
-9
-3
17
-15
8
13
-17
12
1
-16
14
-5
-13
20
-13
-11
27
-23
-2
24
-27
0
18
-23
4
7
-14
8
1
-4
-2
-4
4
-16
1
7
-21
10
1
-16
10
-3
-7
8
-10
5
1
-13
18
-8
-9
23
-16
7
11
-21
19
1
-19
28
-12
-4
23
-20
10
10
-16
17
1
-4
5
2
9
-17
25
0
-18
35
-16
-11
34
-27
10
22
-32
29
-1
-18
32
-22
5
21
-31
28
-3
-18
35
-24
5
14
-26
23
-13
-7
16
-27
19
-13
-20
30
-37
6
19
-48
30
-5
-34
36
-30
-2
19
-35
27
-20
-8
19
-33
12
5
-33
29
-21
-11
28
-36
19
-3
-18
22
-24
8
11
-34
34
-19
-7
29
-44
35
-7
-21
42
-36
18
14
-23
29
-20
14
5
-19
44
-33
14
29
-38
37
-1
-16
33
-18
9
12
-18
30
-22
17
18
-33
46
-19
-3
44
-42
32
2
-23
36
-24
18
-4
-2
25
-35
33
-10
-29
47
-32
-4
23
-29
14
-13
13
-10
-16
32
-41
1
31
-46
21
12
-38
29
-15
-2
-5
-1
6
-27
31
-15
-19
47
-40
7
29
-39
24
-6
-5
7
-5
14
-19
14
6
-30
44
-23
-11
38
-40
17
15
-26
25
-5
-5
11
-4
10
-19
27
-18
-8
33
-44
14
22
-45
31
-3
-29
27
-13
-15
14
-6
-15
1
5
-27
7
14
-38
26
-6
-23
23
-20
-9
17
-21
2
13
-23
12
4
-21
16
0
-14
12
-2
-13
20
-2
-17
19
-3
-23
25
0
-31
36
-9
-24
35
-16
-10
27
-13
-5
17
2
-13
21
-3
-11
30
-24
4
19
-21
10
11
-17
20
0
-18
28
-16
-10
34
-24
4
32
-37
22
16
-32
22
7
-23
14
5
-21
15
10
-23
19
9
-27
28
-7
-12
23
-8
-5
18
-5
-11
20
-6
-11
15
-11
-1
12
-14
12
1
-13
25
-16
-3
29
-27
7
27
-31
7
32
-44
24
23
-42
23
18
-28
10
25
-35
10
30
-41
12
40
-54
23
30
-56
38
1
-35
34
-5
-25
25
-12
-27
24
-22
-19
28
-31
-12
26
-39
0
15
-38
8
10
-40
13
6
-32
13
3
-26
20
-11
-18
21
-15
-13
23
-17
-1
20
-27
22
1
-17
24
-7
-4
14
-5
2
6
3
-2
5
17
-18
24
12
-29
41
-10
-18
37
-19
-3
21
-12
6
-1
1
6
-12
11
-5
3
7
-5
9
11
-15
8
11
-11
4
2
-6
-1
11
-8
1
17
-18
10
9
-24
22
-5
-14
25
-11
-7
20
-12
-8
15
-10
-19
20
-6
-22
30
-23
-2
22
-21
8
-4
0
2
-9
14
-6
-6
26
-23
-2
34
-45
19
25
-50
42
5
-38
44
-9
-18
30
-12
-17
21
-8
-12
28
-16
8
9
-8
8
-11
7
-2
-12
15
-21
15
-12
-8
19
-41
28
-14
-23
17
-19
-11
20
-10
-14
19
0
-24
14
8
-29
16
2
-18
13
0
-15
21
-11
-21
43
-38
-3
33
-44
20
7
-28
26
-17
2
16
-27
24
-9
-9
25
-14
-5
23
-10
-6
18
-6
-11
20
-8
0
17
-8
-1
13
-5
-3
5
5
-6
-7
25
-17
-2
39
-43
35
21
-55
70
-14
-34
78
-49
1
66
-71
34
38
-76
66
0
-54
68
-28
-22
52
-62
44
-2
-46
53
-51
13
13
-36
8
-8
0
-7
-22
24
-29
-5
22
-35
-3
29
-36
2
15
-28
0
9
-10
-16
13
-5
-16
11
-2
-11
0
16
-24
-7
28
-33
-5
34
-37
3
27
-28
12
12
-13
4
7
8
-14
24
10
-26
38
-7
-7
39
-18
9
45
-36
14
40
-44
36
12
-36
51
1
-34
62
-34
12
14
-18
23
-23
22
3
-30
53
-30
-16
49
-55
27
5
-37
36
-20
-18
33
-35
9
19
-48
42
-26
-14
36
-59
33
7
-52
65
-36
-33
71
-72
12
33
-59
33
-5
-18
20
-27
28
-24
-22
57
-62
6
61
-72
21
41
-57
17
23
-45
43
-28
-3
35
-55
49
-18
-30
56
-45
-11
48
-67
32
4
-36
34
-28
13
7
-31
36
-36
11
11
-45
45
-25
-6
13
-25
17
-13
-26
29
-31
-2
22
-36
22
-2
-22
35
-39
16
24
-72
93
-40
-39
103
-70
7
66
-78
53
0
-25
46
-49
62
-18
-26
81
-57
12
70
-86
69
-3
-41
89
-73
38
43
-78
90
-32
-32
74
-65
46
-23
-13
93
-112
97
10
-97
133
-73
-21
83
-66
32
18
-20
40
-51
75
-38
-34
103
-91
11
74
-91
37
39
-72
46
-12
-11
-3
10
-7
-27
38
-18
-31
60
-40
-20
61
-59
-2
33
-30
-26
34
-8
-53
33
18
-80
58
-7
-68
46
-6
-81
55
-18
-44
21
-20
1
-44
25
0
-79
64
-17
-77
98
-66
-36
85
-72
6
31
-45
31
-21
17
13
-58
126
-104
10
121
-152
87
55
-112
82
21
-60
61
3
-1
-22
74
-23
-67
124
-36
-79
153
-88
4
70
-69
53
-39
28
28
-85
110
-48
-53
123
-119
49
27
-80
78
-44
-13
53
-94
80
-42
-28
77
-86
51
-5
-65
92
-89
23
57
-88
66
-38
7
8
-58
52
-25
-38
89
-96
61
-18
-22
54
-86
81
-22
-48
96
-50
-35
115
-106
39
47
-45
-3
41
8
-67
90
-6
-80
146
-80
-19
125
-108
27
66
-72
33
52
-47
13
19
18
-40
11
57
-75
6
95
-119
28
77
-125
54
41
-73
16
46
-46
-10
38
-28
-38
54
-8
-82
87
-43
-36
51
-43
-3
11
-2
-5
-33
66
-49
-25
98
-97
34
48
-91
58
11
-68
62
-17
-21
37
-25
30
-31
17
17
-52
46
16
-51
51
-7
-8
-9
22
-6
-55
88
-40
-74
132
-88
-25
106
-123
52
18
-64
35
-36
41
-23
-53
135
-160
55
63
-170
145
-60
-78
97
-82
-5
6
-1
-33
-10
60
-97
19
62
-102
64
12
-39
28
55
-74
14
92
-79
17
65
-46
17
40
-37
40
-2
-3
23
39
-56
68
19
-71
82
-21
-7
38
-6
-18
54
-6
-65
78
-25
-67
83
-7
-73
64
22
-100
73
3
-69
64
-18
-47
37
-10
-19
19
-1
-21
11
29
-50
-1
74
-106
54
59
-95
63
22
-56
35
24
-52
39
9
-44
32
26
-48
6
67
-81
-13
97
-88
-14
113
-110
23
106
-110
41
49
-40
-24
93
-51
-38
103
-61
-22
98
-70
20
39
-63
39
9
-40
-9
68
-87
21
51
-71
24
14
-37
14
47
-87
67
16
-70
58
-17
-28
16
29
-77
61
28
-103
107
-53
-28
70
-93
73
-36
-14
43
-80
97
-108
18
90
-181
134
-23
-128
129
-60
-51
49
-23
-65
29
35
-91
24
55
-76
-41
96
-130
-14
125
-152
19
80
-82
-21
73
-47
-67
114
-66
-39
123
-121
49
1
-10
30
-56
90
-57
18
44
-61
84
-49
32
47
-65
109
-23
-42
97
-43
-32
115
-64
-19
97
-24
-79
93
9
-115
97
-15
-69
80
-4
-53
59
43
-108
78
50
-124
114
9
-69
95
-24
-50
85
-22
-40
75
7
-41
49
45
-72
50
53
-61
-16
131
-95
-8
123
-121
27
50
-58
-8
38
-7
-45
49
23
-137
162
-67
-56
136
-92
8
96
-111
24
89
-100
16
99
-77
-6
74
-64
-26
49
-18
-75
135
-83
-28
89
-63
-29
35
21
-65
15
122
-179
87
70
-147
86
-15
-9
-61
74
-8
-126
155
-63
-116
168
-116
-77
143
-91
-72
109
-68
-89
87
-60
-96
61
35
-216
138
64
-342
276
-39
-268
291
-110
-169
231
-133
-31
-1
88
-88
-95
232
-195
-11
197
-222
31
206
-227
40
194
-196
9
168
-94
-58
136
2
-158
224
-62
-135
241
-94
-86
192
-81
-25
117
-1
-68
98
86
-153
100
127
-204
162
65
-164
186
-27
-38
60
17
42
-89
112
20
-119
230
-154
67
72
-113
158
-118
48
91
-104
97
19
-97
130
-14
-129
150
-41
-17
-77
132
-45
-214
320
-211
-155
367
-326
-25
286
-319
76
66
-99
-75
107
5
-208
231
-19
-233
264
-81
-197
247
-108
-125
181
-59
-143
95
47
-192
43
158
-294
123
219
-449
303
46
-331
279
-58
-78
34
68
-22
-110
138
18
-270
301
-8
-325
397
-129
-223
360
-254
15
120
-86
34
-84
183
-171
-18
209
-249
36
247
-313
118
151
-203
72
86
-101
-28
143
-115
-41
187
-82
-88
197
-84
-70
169
-47
-131
247
-70
-140
198
-2
-189
166
58
-212
129
73
-236
138
50
-182
87
101
-172
6
153
-246
105
65
-164
57
67
-60
-39
41
80
-201
170
6
-158
197
-91
-63
117
-71
-32
82
-65
9
2
36
-12
-103
149
-5
-163
252
-119
-74
201
-156
23
56
-58
65
-51
83
-87
76
26
-130
128
-4
-99
184
-78
-84
178
-91
-86
165
10
-184
266
-78
-83
138
-27
-89
185
-111
-34
178
-78
-37
90
10
-91
143
-111
36
120
-161
96
35
-145
112
-15
-131
188
-105
-108
176
-88
-88
26
89
-135
-13
145
-165
-3
125
-222
76
43
-128
25
55
-14
-151
172
-63
-140
184
-125
-31
135
-128
-39
37
43
-144
-35
241
-315
62
177
-272
61
160
-233
30
227
-249
37
147
-164
63
40
-14
-2
13
61
-125
72
46
-114
141
-31
-8
97
-52
49
-18
-5
92
-25
-3
63
-26
45
34
-47
37
66
10
-37
44
120
-150
16
237
-258
28
312
-314
45
292
-317
35
209
-118
-151
259
-97
-144
219
-160
7
56
-52
-72
103
6
-150
80
8
-181
130
-40
-66
56
-4
-50
-23
52
-75
-10
36
12
-128
185
-191
51
52
-148
50
25
-8
-9
8
33
-71
2
63
-178
121
88
-174
164
-67
-31
178
-274
174
16
-134
183
-39
-148
210
-92
-92
49
59
-37
-44
200
-215
74
112
-189
54
117
-134
84
81
-69
-56
109
1
-143
182
-46
-79
147
-58
-79
94
-20
2
48
-110
223
-163
-42
215
-278
185
-63
-36
80
-96
18
9
-18
8
-83
96
49
-240
170
-5
-168
170
-87
-4
-17
38
15
-183
205
-58
-140
162
-36
-74
27
105
-121
-24
130
-23
-95
79
-3
-34
91
-85
111
-42
-42
155
-116
-4
91
-15
-37
17
108
-62
3
101
-75
47
113
-146
136
-29
90
30
-122
259
-205
73
116
-164
146
55
-176
234
-53
-79
118
-46
47
-58
65
-1
-49
22
-24
11
-24
-79
77
-102
-33
40
-68
-81
69
-97
-7
0
-169
98
5
-233
147
4
-268
207
-28
-312
238
-43
-249
219
-98
-173
199
-119
-142
242
-172
-168
332
-226
-92
240
-195
6
177
-162
-52
188
-146
-2
113
-42
-48
85
25
-60
68
-39
42
33
-62
160
-38
-60
194
-75
-22
188
-94
10
169
-80
-37
196
-107
9
206
-151
-11
285
-251
86
200
-271
303
-59
-106
208
-93
0
123
-118
61
41
-102
132
-22
-83
12
82
-108
-28
274
-265
22
189
-205
-9
128
-81
-56
165
-75
-13
-8
32
-17
-58
89
-45
-23
103
-111
-72
162
-193
-86
279
-212
-57
127
-121
-109
138
-53
-187
252
-29
-269
226
-48
-246
194
-18
-189
199
-43
-271
356
-153
-170
231
-80
-69
64
27
-84
67
-12
-64
44
-6
-11
-10
-63
114
-19
-166
164
6
-185
239
-211
-38
286
-282
14
224
-161
-89
227
-71
-159
227
-17
-213
193
-39
-122
155
-50
-68
165
-57
-19
-36
8
-22
-12
46
-24
110
-72
39
-14
-66
39
18
-48
172
-72
-107
222
-174
-44
114
-28
26
122
-144
28
123
-178
-2
149
-59
77
18
-68
104
-49
-41
133
-57
20
104
-58
18
8
-8
-21
96
-41
53
55
-72
-38
149
-116
-38
237
-190
79
40
-62
109
-55
-96
187
-65
-24
91
-88
40
-2
44
-26
-19
0
33
-10
-88
112
-108
-54
168
-174
-47
158
-116
-100
150
-129
-62
234
-231
-110
252
-54
-251
200
84
-324
259
23
-317
295
-52
-153
174
-7
-73
53
-11
5
-17
21
30
-97
161
-133
-145
253
-5
-225
214
27
-252
218
-93
-181
103
101
-216
23
192
-234
87
76
-177
59
97
-43
-62
81
-33
-103
118
41
-223
132
93
-216
2
80
-76
-30
73
-257
51
238
-168
-94
111
-180
-38
184
-161
-42
193
11
-122
156
-18
-174
235
40
-185
172
82
-125
41
-15
-26
56
135
-11
-122
157
-27
-146
85
10
20
-8
160
11
-10
72
-87
45
185
-97
94
213
-164
24
131
-34
-10
123
-59
46
171
-34
-69
-35
-87
43
61
60
-44
15
-42
-64
67
-63
-9
81
-61
1
-2
-131
23
-44
-74
138
-130
-11
98
-201
56
-2
-191
-16
48
-74
-8
-45
-66
-76
39
-40
-85
102
-85
-27
81
-81
-37
74
-41
-7
4
-96
25
-24
32
19
-9
-24
-45
-27
-41
24
-37
37
40
44
22
-55
-50
29
38
31
130
50
29
22
-27
49
39
145
164
15
-54
110
-47
-42
128
17
57
106
-28
-81
40
-66
-82
95
68
39
18
-90
-70
-69
30
-38
11
67
-60
19
-22
-152
-59
15
40
81
48
-37
-10
13
43
-64
9
123
-30
7
29
-52
-124
39
-39
-162
63
-84
-151
9
-78
-125
-35
-82
-46
-37
-66
36
-53
-7
29
-31
53
39
10
36
47
-5
80
15
52
31
50
7
40
179
25
106
56
-25
119
11
-54
121
69
55
85
39
33
22
9
165
-1
42
103
-105
-78
86
-28
-1
13
-65
-27
-60
39
-56
-8
54
-73
6
81
-28
-15
83
-58
-60
28
-206
-144
-71
-249
-310
-345
-410
-329
-232
-282
-494
-633
-619
-555
-382
-289
-270
-85
-52
-141
-20
73
167
527
750
721
785
738
642
829
893
941
921
748
632
503
405
290
199
98
71
-117
-257
-333
-520
-530
-466
-518
-376
-337
-548
-502
-524
-437
-170
-45
150
127
77
119
288
411
439
652
739
664
731
587
486
514
238
-233
-572
-649
-243
283
102
-757
-1549
-1904
-1632
-1338
-1398
-1110
-624
-516
-829
-1616
-2035
-1030
226
1047
1080
518
298
535
800
1026
1318
1705
1994
1806
1149
570
508
639
581
480
536
611
357
-502
-1343
-1499
-900
-229
-200
-676
-1140
-1394
-1458
-1191
-794
-319
-73
-389
-504
-209
30
195
344
573
986
1311
1189
1052
856
910
1186
1421
1699
1441
884
512
349
491
579
406
236
-153
-537
-670
-771
-752
-735
-853
-781
-648
-733
-793
-825
-670
-147
-122
-246
-333
-664
-580
-513
-344
335
537
63
-675
-1396
-1260
-707
-426
-332
-366
-391
-428
-883
-1321
-1109
-317
772
1141
739
175
-18
293
842
1294
1585
1757
1544
1166
590
287
627
926
1079
904
404
35
-338
-881
-881
-484
-73
60
-524
-1097
-1448
-1476
-1007
-411
45
35
-364
-813
-700
-154
439
911
957
819
746
558
548
841
1046
1266
1489
1200
719
313
42
151
510
596
260
-37
-497
-873
-849
-725
-550
-433
-547
-834
-781
-774
-609
-246
-148
-37
-21
-232
-358
-369
-400
41
402
593
355
-742
-1291
-1185
-727
-191
-328
-650
-687
-878
-1226
-1350
-1053
-221
467
528
54
-273
-171
185
795
1176
1364
1423
1190
793
495
441
736
1155
1238
832
244
-104
-366
-439
-321
-102
123
-88
-564
-1049
-1205
-881
-574
-197
96
-111
-540
-682
-579
49
688
875
822
659
553
527
770
1045
1334
1450
1162
791
678
588
613
673
515
412
114
-285
-487
-530
-510
-563
-615
-771
-896
-983
-1057
-729
-451
-329
-282
-441
-511
-465
-483
-506
-415
-44
555
655
-68
-946
-1373
-926
-222
-120
-396
-570
-451
-614
-1240
-1607
-1086
288
1291
858
-326
-950
-396
759
1461
1521
1345
1122
870
599
431
626
1097
1375
990
400
-16
-200
-240
-314
-270
-72
172
-109
-908
-1355
-1119
-468
24
29
-294
-569
-657
-579
-186
467
804
816
535
304
562
882
994
1189
1321
1156
1026
693
429
644
799
710
494
48
-330
-583
-596
-465
-412
-635
-987
-1158
-1166
-962
-716
-726
-640
-552
-629
-555
-458
-406
-431
-539
-562
-129
366
428
-58
-791
-1043
-714
-300
-253
-401
-449
-436
-440
-947
-1311
-851
123
955
815
-39
-565
-271
669
1541
1675
1319
984
822
748
830
1068
1276
1220
853
312
110
116
59
-53
-210
-197
-176
-426
-841
-1101
-1033
-609
-250
-252
-462
-854
-1024
-708
-121
397
597
383
69
125
525
937
1251
1233
1062
979
974
1122
1120
987
798
682
631
446
224
-70
-288
-331
-412
-547
-756
-988
-1032
-954
-878
-780
-872
-852
-727
-669
-463
-194
-108
-157
-327
-373
-165
-30
193
330
348
63
-546
-869
-750
-332
-97
-383
-692
-726
-745
-861
-1027
-957
-238
409
359
-163
-736
-483
410
1063
1363
1046
484
401
491
679
941
1071
1105
905
370
-77
-95
246
442
335
53
-228
-269
-356
-541
-423
-155
-66
-151
-525
-730
-484
-192
226
415
242
-21
-117
81
604
1046
975
717
454
396
616
848
940
925
623
207
-23
-24
194
177
4
-177
-442
-515
-603
-723
-650
-518
-366
-424
-673
-743
-747
-574
-101
6
36
-13
-262
-69
151
122
182
96
-114
-33
75
129
83
-348
-728
-647
-458
-295
-333
-644
-739
-753
-858
-719
-584
-373
-59
-108
-172
-197
-192
181
570
668
559
406
422
588
729
681
494
456
422
264
310
337
366
340
18
-253
-171
-47
-6
65
-39
-142
-168
-224
-115
74
210
224
219
288
395
364
289
394
532
735
848
692
405
194
171
427
630
520
257
-48
-190
-46
-4
-136
-83
-199
-379
-410
-447
-372
-416
-542
-448
-374
-290
-282
-368
-365
-276
-206
-200
-118
-50
-102
-189
-231
-153
-92
-114
-204
-221
-184
-237
-270
-308
-305
-292
-315
-337
-255
-355
-517
-418
-279
-136
-139
-318
-391
-337
-188
19
145
172
46
-106
-80
88
317
415
366
280
226
244
232
302
407
428
387
241
228
268
243
271
389
439
424
347
200
268
419
441
450
454
366
293
214
199
295
216
156
140
-14
13
-105
-144
-72
-152
-89
-117
-215
-165
-184
-289
-177
-185
-214
-141
-220
-184
-147
-186
-135
-114
-133
-121
-113
-106
-48
-31
-75
-137
-101
-55
-67
-84
-52
-28
-55
-11
-10
52
14
-103
-18
55
107
124
-14
-87
-73
-157
-125
-99
-184
-132
-212
-370
-346
-477
-515
-394
-292
-264
-310
-363
-396
-353
-257
-136
-4
29
-55
-87
50
250
398
392
264
250
385
554
645
626
534
435
458
532
605
588
423
305
248
244
189
77
37
-37
-57
-80
-189
-228
-243
-278
-246
-165
-147
-151
-201
-208
-175
-119
45
60
-28
-15
-45
3
57
9
-61
-13
59
1
27
-33
-120
-99
-144
-86
21
-24
-47
-88
-84
9
27
59
110
145
204
148
111
105
41
92
183
246
185
-23
-194
-203
-71
-20
-114
-233
-339
-320
-273
-207
-210
-381
-419
-345
-290
-153
-139
-211
-208
-124
-35
-80
-19
71
163
220
278
315
331
334
341
404
489
518
451
366
286
198
111
55
100
101
-54
-182
-253
-252
-219
-276
-357
-315
-270
-338
-332
-354
-264
-197
-238
-164
-162
-109
-42
-95
-24
78
105
159
190
146
123
76
119
213
224
236
185
152
123
121
161
218
182
141
149
161
140
125
102
145
189
63
-31
-13
1
-28
-92
-159
-125
-89
-166
-346
-397
-289
-158
-67
-140
-304
-417
-385
-271
-103
-22
-68
-102
-143
-117
-66
18
138
265
255
204
166
151
289
423
437
402
341
277
311
337
275
186
112
151
203
107
-20
-81
-167
-197
-192
-185
-159
-176
-268
-404
-417
-322
-230
-243
-262
-266
-222
-162
-172
-160
-100
32
103
119
103
34
55
120
160
207
265
252
246
169
88
134
209
224
214
159
57
62
68
53
76
141
86
-58
-100
-112
-132
-61
-94
-137
-176
-314
-357
-298
-196
-114
-186
-264
-264
-253
-238
-185
-153
-130
-46
-28
-75
-106
-100
-43
108
158
121
132
68
87
148
155
269
381
273
161
144
163
213
210
144
118
174
117
-19
-59
-49
-31
-53
-138
-133
-124
-230
-281
-308
-223
-126
-123
-141
-167
-160
-154
-119
-32
117
114
96
41
29
89
147
261
292
341
283
155
175
253
314
345
338
297
258
132
51
57
118
226
204
148
25
-125
-195
-93
18
69
48
-65
-206
-298
-298
-173
-6
-2
-97
-222
-237
-155
-144
-174
-161
-108
-67
-106
-233
-266
-247
-197
-95
-103
-123
-162
-228
-228
-156
-42
1
2
5
-94
-99
0
17
83
131
55
39
7
-59
-34
51
112
89
-17
-104
-75
-73
-66
-65
-68
40
23
-59
-68
-107
-70
60
41
70
144
81
101
87
71
154
223
276
273
155
61
70
170
279
299
310
260
204
154
142
186
229
318
294
195
100
29
18
92
152
117
71
28
-81
-96
-26
-22
15
7
-122
-156
-112
-125
-128
-164
-226
-170
-118
-199
-305
-415
-415
-264
-165
-161
-275
-358
-350
-364
-257
-104
-37
-39
-133
-215
-135
19
101
111
106
55
17
15
-36
-7
67
57
20
-70
-143
-145
-146
-138
-167
-173
-129
-160
-186
-188
-174
-76
-20
5
17
-9
38
110
187
244
234
241
281
286
323
374
374
412
396
336
365
382
364
362
313
234
243
299
293
257
238
196
186
193
196
190
155
160
121
73
44
38
51
63
27
-57
-52
-78
-114
-175
-250
-204
-160
-211
-343
-497
-533
-417
-342
-377
-454
-571
-614
-546
-481
-394
-308
-313
-350
-363
-301
-177
-35
40
3
22
24
36
97
169
178
164
145
88
79
69
68
90
75
13
-29
-83
-101
-61
-37
11
-25
-104
-83
-91
-10
54
35
42
59
69
109
140
162
233
281
270
250
248
223
219
250
241
241
267
235
221
188
165
196
249
177
70
19
47
149
206
140
72
20
14
76
94
108
55
-36
-40
12
15
17
11
-54
-65
-81
-105
-62
-70
-132
-133
-157
-188
-185
-283
-291
-213
-202
-198
-246
-302
-296
-252
-169
-136
-90
-63
-130
-124
-83
-58
27
68
45
-12
-55
-83
-84
-50
-10
21
-17
-70
-153
-171
-105
-59
-56
-63
-96
-127
-118
-145
-92
13
24
-4
-38
-90
-47
27
38
72
86
64
81
122
118
113
126
153
205
225
201
210
213
229
254
216
240
262
244
303
263
226
223
205
254
277
233
202
171
150
146
126
135
128
127
72
12
28
44
46
24
-22
-29
3
-69
-131
-178
-197
-160
-139
-167
-219
-241
-298
-282
-237
-241
-227
-239
-280
-291
-274
-269
-224
-199
-197
-209
-275
-301
-259
-224
-202
-206
-234
-237
-280
-238
-167
-141
-87
-78
-91
-86
-80
-59
19
77
98
42
19
21
44
106
121
121
95
117
144
120
102
152
207
204
194
206
222
249
305
268
261
287
259
263
233
232
276
325
314
247
184
153
175
183
173
136
105
91
91
89
85
66
55
28
27
9
59
91
25
-54
-125
-108
-5
42
-22
-120
-216
-262
-224
-165
-128
-111
-166
-238
-269
-243
-181
-154
-155
-165
-181
-178
-174
-213
-201
-142
-119
-77
-107
-208
-210
-172
-109
-67
-61
-87
-121
-89
-74
-74
-21
-38
-52
-18
-52
-36
0
-25
-42
-20
-27
2
35
4
-28
-5
41
56
77
60
50
85
94
127
131
120
141
146
160
191
224
230
201
175
185
227
229
175
163
155
204
251
185
123
87
65
115
161
101
85
64
44
70
55
32
27
23
22
-3
-39
-65
-70
-55
-36
-10
-18
-31
-93
-96
-83
-88
-48
-44
-94
-127
-129
-129
-108
-123
-147
-187
-194
-177
-191
-231
-268
-235
-196
-148
-155
-175
-179
-197
-194
-206
-186
-129
-103
-113
-125
-175
-153
-96
-93
-72
-91
-105
-53
-39
-54
-38
-9
61
91
61
49
85
170
219
176
139
138
154
203
227
206
231
208
175
186
194
204
238
243
233
230
197
173
170
201
178
150
145
125
98
39
3
30
50
46
18
-41
-74
-40
-7
-10
-13
-21
-37
-32
-6
25
77
91
70
42
44
70
81
80
62
10
-2
3
-25
-1
-43
-104
-150
-189
-191
-168
-151
-188
-206
-217
-251
-261
-275
-289
-248
-229
-268
-291
-270
-239
-239
-224
-232
-217
-160
-130
-124
-109
-72
-54
-21
-12
12
39
63
66
55
71
65
78
98
100
110
123
122
102
104
145
169
186
186
143
155
201
215
230
247
261
250
225
208
235
265
257
210
159
155
145
99
85
89
89
64
3
-37
-20
-21
-37
-41
-30
-13
-38
-91
-98
-69
-46
-50
-90
-88
-91
-80
-81
-88
-67
-65
-88
-135
-168
-166
-134
-112
-112
-145
-157
-150
-170
-206
-218
-195
-157
-151
-189
-201
-200
-179
-182
-207
-168
-122
-107
-99
-136
-128
-66
-12
12
15
34
53
57
61
59
103
172
171
144
110
90
136
177
178
184
142
93
99
100
119
152
171
195
164
114
87
85
129
168
182
158
122
94
88
79
89
108
149
149
82
28
24
63
125
130
62
51
58
40
41
35
42
48
20
-22
-36
-27
-34
-30
-40
-34
-24
-54
-94
-122
-138
-90
-66
-69
-70
-132
-145
-122
-116
-125
-137
-165
-143
-118
-121
-132
-139
-158
-169
-136
-142
-123
-142
-208
-192
-176
-168
-159
-151
-157
-178
-191
-182
-122
-79
-61
-56
-42
-42
-32
-20
5
81
120
135
119
86
81
109
148
179
200
167
136
112
84
102
142
144
129
86
51
44
11
-1
32
65
89
67
11
21
40
59
115
122
115
130
112
98
125
149
151
157
155
117
88
63
56
97
139
124
105
56
-2
0
24
46
58
45
11
-29
-59
-70
-34
-26
-26
-18
-26
-8
-22
-62
-68
-60
-34
-30
-77
-122
-137
-127
-134
-132
-139
-147
-153
-192
-235
-234
-188
-145
-130
-144
-178
-165
-138
-123
-89
-68
-46
-42
-53
-60
-10
39
31
41
29
12
20
3
4
35
42
57
72
23
-4
-38
-67
-35
-17
0
7
-33
-57
-59
-51
-3
33
43
42
48
42
55
97
139
197
248
227
183
184
189
220
276
298
281
248
188
147
166
194
212
182
106
50
33
51
46
28
11
-15
-52
-89
-111
-105
-92
-90
-103
-118
-122
-178
-206
-218
-228
-180
-167
-158
-159
-199
-210
-194
-193
-162
-121
-104
-118
-121
-141
-150
-112
-83
-45
-23
-43
-55
-56
-52
-33
-9
5
17
10
-37
-80
-97
-47
-15
10
18
3
-29
-79
-73
-58
14
61
59
70
44
14
30
86
141
177
179
149
164
203
207
255
297
289
290
256
204
235
273
277
278
249
200
153
104
84
87
80
59
25
-22
-63
-88
-102
-68
-77
-110
-142
-174
-197
-215
-172
-130
-103
-111
-146
-194
-227
-206
-161
-112
-85
-69
-88
-112
-105
-99
-62
1
15
10
-8
-44
-21
13
25
46
53
43
-2
-16
-39
-23
13
9
-5
-38
-70
-95
-110
-118
-108
-119
-117
-127
-153
-144
-131
-148
-150
-122
-102
-70
-56
-70
-48
-7
29
62
77
92
105
141
182
217
259
253
258
248
211
233
244
236
239
209
201
206
161
126
108
111
124
110
49
-1
-13
-6
15
1
-23
-21
-63
-115
-99
-93
-84
-77
-120
-122
-121
-148
-170
-176
-155
-109
-74
-78
-97
-105
-105
-79
-25
6
8
9
21
52
50
67
77
73
69
68
88
109
119
50
31
35
56
-16
-141
-140
-157
-137
-47
-3
-19
-53
-116
-258
-316
-350
-512
-418
-269
-251
-101
11
-22
-36
-69
-211
-273
-206
-145
-13
178
275
303
342
261
190
221
138
173
227
237
306
365
402
361
262
188
121
39
30
62
66
116
224
231
247
230
71
-56
-102
-159
-115
18
32
72
106
5
-74
-131
-197
-176
-106
-52
8
86
49
-36
-86
-143
-130
-84
-69
-69
-35
-31
-37
-24
-51
-106
-81
-70
-59
-25
-33
-5
-7
-50
-84
-80
-142
-124
-69
-139
-89
-13
-140
-195
-230
-298
-292
-261
-190
-209
-150
-163
-190
-158
-210
-223
-137
-120
-119
69
125
36
139
127
66
186
248
199
261
380
236
357
536
227
276
399
109
150
373
248
232
326
163
71
132
57
-7
30
35
2
14
93
-68
-26
36
-88
0
-20
-40
-99
17
-30
-140
161
-10
-271
78
-37
-186
99
72
-239
45
52
-379
-75
-25
-316
128
131
-240
97
-26
-309
-56
71
-174
-3
221
-91
-20
8
-237
-185
-100
-214
-47
29
-251
-178
-195
-356
-192
-186
-93
-34
-239
-157
-215
-289
-196
21
-40
-107
96
-49
-271
110
60
-18
394
246
63
137
254
33
202
345
236
336
366
193
219
340
101
223
137
93
257
180
223
153
42
166
-51
-52
-64
-95
9
-12
7
-96
2
-120
-161
-143
-116
-52
21
12
-123
-4
-111
-105
45
-121
-6
111
-89
48
-46
-156
-15
-41
-21
36
24
55
32
51
2
-82
-45
-73
-26
3
13
4
62
-194
-85
-79
-251
-78
39
-112
-95
138
-233
-269
82
-143
-167
187
42
-117
4
38
-326
-24
17
-134
270
104
45
38
160
-63
-136
326
79
-20
356
170
-22
150
216
-32
256
282
-89
222
324
-194
93
442
-305
224
384
-383
152
127
-284
-2
131
-271
-90
160
-359
-130
-9
-414
-190
-34
-406
-193
-28
-184
-63
-52
-198
-150
-72
-195
18
-70
-18
88
14
36
-16
170
4
95
171
-66
269
-4
33
240
-71
157
61
-41
38
-70
-45
-13
-119
-9
-28
-110
-49
-72
-154
-126
-49
-11
-176
73
-13
-195
102
-149
-44
-11
143
45
-33
179
7
4
243
125
97
217
208
-46
142
297
-57
119
335
160
88
302
91
69
137
140
44
129
170
-45
126
63
-92
102
-8
-75
-12
69
-139
-86
39
-293
-83
-110
-105
-97
-142
-16
-252
-87
7
-334
24
-10
-284
-20
124
-126
-167
126
-106
-117
77
72
-68
-69
65
-6
-90
75
-23
-135
50
58
-253
-13
191
-240
-66
192
-243
-166
278
-159
-308
205
-92
-297
118
-149
-300
117
-21
-283
107
19
-297
-35
111
-137
-63
321
-84
-164
259
1
-140
315
89
-60
315
188
-63
254
187
-138
312
227
-14
382
167
6
207
158
-76
120
270
-94
33
321
-80
-70
236
-133
-103
117
95
-18
-68
94
-54
-138
76
-31
-76
126
26
-165
47
39
-188
18
87
-137
3
19
-225
-51
-86
-124
-58
36
-201
-78
26
-213
-98
-85
-190
-1
-146
-30
-140
-164
73
-238
-64
-30
-104
77
-54
27
-21
-159
118
-150
-98
185
8
13
140
48
-141
-44
227
-167
102
288
76
-23
139
158
-185
136
302
-184
141
430
-247
147
322
-199
61
319
-109
-147
550
-2
-401
545
10
-359
417
177
-390
212
202
-333
105
128
-393
88
228
-413
-35
239
-240
-255
226
-254
-310
137
-96
-227
-38
33
-200
-215
120
-296
-35
177
-350
110
82
-295
42
92
-97
-28
153
74
-157
182
-6
-138
165
-108
-51
234
-87
-90
290
-187
-241
351
-76
-353
410
12
-256
289
-79
-119
136
13
-146
218
131
-209
338
8
-266
397
16
-40
352
73
30
321
-47
-11
231
104
52
142
203
-52
42
3
49
-112
-89
249
-218
-34
208
-294
-76
27
-247
-40
-25
-235
-46
-41
-164
-107
-1
-148
-339
164
-122
-323
174
-181
-93
-6
-173
104
-134
-81
116
-57
-153
106
77
-190
44
167
-75
157
40
-61
172
-5
-41
306
26
-56
301
-54
-131
181
-7
-173
136
14
-149
211
-81
-74
180
-122
-37
88
11
-76
150
57
-121
264
66
-124
281
84
-73
161
214
-128
191
230
-95
82
209
74
-62
194
12
-82
125
33
-81
109
-34
-105
73
-14
-279
25
72
-221
-75
95
-146
-152
143
-183
-233
101
-150
-209
75
-68
-244
-37
-6
-301
-8
66
-294
-16
33
-241
-88
83
-133
-206
134
-60
-224
-1
107
-253
41
147
-185
22
95
-83
-99
222
-38
-89
303
-119
-30
389
-196
-16
379
-178
62
319
-113
0
270
-24
-37
241
-77
-15
283
-87
-47
223
-9
-35
196
-69
33
238
-142
70
249
-228
99
104
-121
172
47
10
143
-38
-8
157
-106
-73
236
-99
-201
303
-134
-233
214
-130
-154
189
-212
-116
270
-416
-109
265
-483
-70
284
-475
-83
264
-391
-71
215
-385
-73
181
-278
-50
162
-276
65
211
-228
98
133
-156
153
137
-182
219
160
-256
274
137
-243
256
78
-252
213
125
-307
282
97
-298
251
109
-175
102
236
-297
75
221
-296
137
218
-266
164
185
-214
77
156
-189
54
270
-241
99
232
-326
111
284
-276
69
450
-352
38
421
-357
70
375
-354
22
454
-362
-106
475
-255
-282
410
-160
-352
370
-162
-279
244
-147
-177
100
-153
-189
142
-153
-187
123
-213
-145
51
-132
-76
-31
-66
23
-138
-45
108
-94
-72
173
-47
-89
173
22
-135
217
54
-165
173
19
-114
149
-70
-136
249
-181
-135
303
-229
-110
328
-223
-103
146
-81
-84
78
35
-157
143
-34
-189
232
-140
-49
248
-183
-129
324
-25
-220
294
16
-175
183
36
-64
157
60
-28
145
82
-79
180
98
-141
100
207
-97
50
195
-29
-14
52
70
-107
14
84
-31
-32
185
-211
109
28
-222
153
-119
1
49
-69
79
-141
-87
61
-131
-44
-24
-5
41
-143
-79
140
-159
-106
149
-25
-172
104
124
-302
173
145
-306
233
51
-175
141
148
-149
30
157
3
-154
276
127
-380
383
23
-301
187
101
-232
53
199
-234
-205
320
-245
-337
410
-216
-351
332
-78
-372
238
107
-420
116
322
-569
121
351
-509
58
422
-285
-142
411
-47
-272
350
171
-306
322
271
-342
159
371
-331
-15
555
-333
-115
625
-324
-194
496
-124
-382
450
37
-495
510
13
-590
433
44
-612
335
254
-677
197
334
-646
38
372
-431
-133
410
-287
-251
473
-324
-278
468
-226
-352
449
100
-466
353
223
-434
117
247
-348
98
277
-201
28
232
-174
-189
369
-169
-162
219
41
-196
-55
259
-279
-141
364
-251
-103
302
-167
-142
283
-52
-250
365
35
-395
339
180
-416
136
403
-450
57
451
-441
65
376
-258
-166
437
-193
-322
492
-71
-337
440
9
-340
272
99
-356
256
244
-384
206
356
-463
55
498
-540
-31
535
-445
-138
445
-316
-142
331
-168
-258
333
9
-562
464
107
-739
560
161
-778
462
239
-553
255
377
-459
54
476
-444
38
494
-405
-20
463
-303
-210
541
-200
-410
589
-63
-366
395
69
-482
306
87
-401
251
105
-297
39
262
-316
-84
363
-272
-172
437
-271
-62
233
-79
-232
297
-21
-338
372
-49
-315
238
109
-380
231
149
-387
100
177
-272
77
185
-306
-5
297
-396
-65
427
-271
-199
399
-139
-469
322
121
-654
349
308
-660
358
306
-653
189
357
-544
84
417
-349
-179
618
-253
-391
739
-215
-449
617
-7
-362
387
270
-377
137
470
-362
6
535
-197
-176
553
-48
-454
460
258
-539
184
497
-518
-14
452
-380
-217
435
-137
-384
426
50
-574
299
171
-548
207
241
-330
-36
340
-278
-255
370
-85
-467
374
65
-554
358
187
-450
29
363
-342
-220
445
-146
-402
440
2
-443
246
158
-377
41
267
-198
-124
443
-212
-335
467
-84
-392
360
204
-450
90
319
-354
-213
420
-108
-448
546
83
-634
493
142
-590
328
284
-347
37
486
-225
-215
618
-224
-284
629
62
-507
541
345
-566
317
428
-424
27
455
-310
-105
443
-171
-308
401
63
-578
196
438
-671
-84
623
-510
-411
580
-228
-593
591
-49
-704
473
152
-731
216
430
-646
-98
636
-515
-439
711
-252
-574
581
45
-529
200
311
-467
-53
504
-350
-120
374
-29
-324
264
350
-624
234
508
-626
31
575
-334
-297
687
-124
-508
562
66
-587
283
325
-531
130
385
-400
-123
366
-159
-352
349
82
-400
305
284
-398
-42
505
-123
-433
758
61
-509
584
289
-546
227
620
-536
49
739
-327
-219
735
-111
-542
658
76
-657
437
184
-480
-6
399
-342
-334
453
-81
-510
243
271
-606
-59
460
-493
-384
625
-217
-718
586
131
-883
370
443
-891
105
698
-653
-217
797
-405
-479
704
-133
-649
557
218
-655
269
478
-570
-92
567
-379
-348
673
-193
-468
487
144
-564
148
546
-599
-30
644
-350
-254
470
-43
-434
299
322
-484
125
458
-297
-104
457
-70
-266
298
174
-289
129
374
-205
-50
446
-61
-330
372
130
-376
285
348
-399
91
405
-291
-192
464
-131
-340
377
52
-428
211
173
-363
-63
247
-223
-144
165
-55
-166
-58
45
-99
-196
32
65
-219
-10
206
-259
-199
271
-236
-251
322
-22
-324
233
108
-267
-18
270
-233
-160
341
-67
-271
261
40
-275
54
84
-247
-113
263
-171
-207
251
-7
-373
120
115
-351
-96
334
-255
-154
329
-56
-193
81
170
-177
-111
349
-40
-248
348
98
-286
224
197
-166
41
281
-31
-69
339
-29
-78
279
-13
27
306
-25
47
243
-37
41
190
44
-1
188
173
-102
71
230
-180
-27
155
-17
-74
103
109
-224
74
119
-265
20
83
-121
-46
92
-72
-56
3
-70
-27
-33
-35
59
-11
-155
60
9
-197
11
12
-120
42
17
-127
-22
57
-192
-26
-46
-81
-34
-147
-100
-4
-133
-165
55
-155
-179
89
-102
-187
142
-141
-97
101
-152
-77
127
-122
58
80
-60
8
-2
-20
-21
42
-6
77
81
-11
65
81
-77
107
-10
18
166
20
83
113
96
-15
111
128
-81
118
207
-23
1
222
21
-98
122
42
-51
75
147
-74
69
127
-147
73
42
-123
109
-2
-134
93
-30
-155
3
94
-243
18
120
-225
-37
129
-133
-151
172
-90
-136
66
-40
-19
-103
-111
83
-15
-212
15
180
-266
7
192
-255
-11
94
-90
-42
31
0
58
-38
24
-3
3
-91
45
123
-162
148
41
-53
182
-138
27
175
-114
8
139
-15
-15
171
-100
-55
169
-84
-69
158
-39
-47
125
35
-31
100
18
-80
138
-31
-83
191
-14
-121
212
-112
-120
144
-13
-74
101
72
-145
121
-18
-87
88
61
-52
82
31
-88
74
-30
-92
42
31
-120
40
117
-155
24
83
-149
15
-1
-23
-33
10
-43
-71
-23
0
-139
12
-43
-135
119
-61
-122
20
-20
-58
-136
53
64
-168
60
100
-93
30
130
-160
-7
110
-23
-107
145
69
-172
182
31
-225
191
107
-232
128
226
-215
18
266
-281
-76
236
-100
-178
211
-17
-203
131
74
-257
69
106
-197
58
106
-223
129
97
-144
46
70
-6
-49
107
-6
-29
93
24
2
23
52
-63
44
72
-80
121
38
-8
54
6
43
32
26
30
19
53
4
4
27
61
-44
29
181
-115
62
134
-26
-91
151
-4
-159
171
57
-85
2
177
-168
-134
240
-175
-216
274
-114
-227
151
-52
-238
36
-5
-202
-58
79
-171
-120
55
-117
-164
-21
18
-238
-20
83
-149
-120
80
-52
-232
93
37
-223
91
120
-115
43
122
-98
11
51
1
38
58
126
10
26
105
108
-100
143
159
-109
190
122
-17
108
40
109
-48
79
107
14
71
91
82
13
25
51
10
1
54
76
-7
-21
169
-57
-35
103
-13
-72
32
64
-66
21
76
-54
-80
18
43
-107
-87
97
-33
-213
128
-20
-186
31
-68
-56
-48
1
36
-155
-34
1
-147
-71
-30
-20
-75
-57
-9
-39
-145
-28
-22
-61
-51
-57
-1
-50
4
-23
-100
69
-23
-118
-24
96
-46
-37
96
30
-102
76
82
-78
28
149
13
-49
154
26
-125
50
95
-35
11
168
53
-29
80
73
-39
-22
77
117
-87
141
148
-90
129
39
16
4
61
1
10
93
-7
150
-22
-27
135
-53
-24
78
81
-84
-3
53
30
-124
63
54
-176
36
5
-86
47
-75
-22
-94
-59
0
-99
-9
-85
64
-68
-114
31
-32
-131
16
19
-136
10
157
-259
-50
196
-186
-113
173
-88
-109
88
-10
-66
-16
-27
-34
31
-139
26
17
-73
-60
41
-32
-88
103
-24
-65
123
1
21
51
-19
55
42
8
74
121
-61
115
71
-16
112
43
-27
37
101
31
-35
156
80
-33
80
89
-11
26
47
132
-21
22
143
-67
45
36
27
-14
52
38
27
45
-76
65
32
-176
34
80
-163
-82
156
-186
-176
121
-58
-228
40
98
-223
-62
91
-143
-154
56
-20
-156
18
38
-122
-46
-87
32
-48
-112
28
15
-53
-116
17
82
-151
-51
198
-140
-142
132
-17
-181
-23
183
-134
-123
149
-40
-134
19
96
-111
-43
183
-28
-133
142
136
-156
53
206
-77
-20
207
27
-33
124
120
-31
79
113
-23
87
55
43
137
31
47
126
20
-36
123
87
-39
126
148
36
-18
143
20
-95
107
66
-73
35
164
-76
-73
166
-44
-87
26
63
-85
-22
112
-154
-55
71
-157
-93
-24
-93
-70
17
-54
-88
49
-124
-94
-20
-77
-82
66
-51
-97
22
-34
-148
-73
38
-90
-93
-25
-11
-152
-100
56
-111
-143
53
23
-196
-47
151
-215
-152
171
-107
-253
187
14
-159
121
16
-40
51
1
15
98
43
29
66
96
44
67
123
47
40
109
117
-24
85
188
69
11
158
121
-15
99
146
-4
44
171
35
33
149
16
-7
89
-9
18
78
-13
-22
80
-17
-143
55
60
-158
-48
97
-114
-113
26
-55
-106
-52
-24
-73
-86
-99
-71
-22
-101
-121
16
-43
-173
-63
33
-121
-145
35
-43
-81
-15
-2
-77
-27
-10
-87
-14
27
-99
-43
49
-64
-112
8
-6
-100
-40
112
-45
-53
116
-24
-31
71
56
-36
98
91
34
30
7
21
27
30
55
57
52
107
1
17
102
55
44
93
139
71
132
62
70
107
14
58
167
105
-15
125
92
-13
47
90
-2
-10
117
37
-55
58
84
-77
-33
17
-62
-22
24
-67
-15
68
-98
-87
62
-23
-135
47
33
-129
-70
42
-107
-146
44
-47
-111
-12
-14
-87
-96
-12
-91
-81
-45
-98
-62
-15
-137
-110
3
-141
-115
-1
-102
-129
16
-20
-111
-13
0
-72
-60
-13
-5
-23
-29
-21
36
-26
-101
0
37
-69
26
72
-3
-22
44
26
-31
29
72
49
42
135
96
23
75
104
21
40
172
87
58
173
59
-11
123
76
34
52
116
92
26
95
58
-24
7
26
-46
72
39
-38
49
35
-78
-62
26
-34
-51
37
45
-54
1
18
-76
-38
25
-41
15
29
2
4
-46
-62
-45
-58
-43
-53
-34
22
-73
-75
2
-99
-94
-27
-39
-65
-14
24
-80
-39
-1
-73
-93
40
-18
-50
5
5
-13
-62
-17
4
-33
-12
75
8
-43
53
47
-64
6
40
-6
44
37
38
59
27
1
44
35
29
36
65
85
33
42
84
28
26
105
75
-7
100
79
-14
29
51
24
-4
20
6
16
-25
21
18
-17
-14
-12
2
-30
-36
27
-1
-46
23
24
-69
-53
-13
-30
-58
-11
45
-38
-49
2
-24
-78
-34
9
-42
-53
50
-28
-112
-35
-20
-133
-61
26
-70
-71
-5
-53
-99
-60
-78
-27
-51
-47
3
-46
-31
-10
-31
-34
-25
-23
-13
-11
12
61
0
9
62
34
-22
74
98
18
68
96
48
49
64
48
78
76
34
65
69
41
83
51
29
45
61
35
35
23
50
5
18
31
-15
-20
-3
-10
-21
30
24
-14
-12
23
-23
-58
32
5
-35
31
10
-12
-12
-22
0
19
-61
3
15
-74
-15
1
-74
-52
18
-37
-43
-9
-16
-48
-54
-24
-41
-58
-46
-51
-51
-47
-39
-33
-55
-28
-30
-58
-28
-11
-28
7
-14
1
34
-40
-13
55
0
-22
73
46
-20
72
47
-24
62
90
2
15
88
29
12
51
43
30
12
45
52
-18
37
72
-58
12
80
-41
3
64
13
-13
30
18
-24
40
-11
-18
54
15
-7
8
33
-10
-10
18
5
8
25
31
-12
3
26
-4
-55
28
27
-44
-5
20
-37
-33
2
-35
-53
1
-45
-55
10
-50
-31
-17
-68
-33
-6
-95
-72
7
-73
-94
-6
-51
-111
-13
-38
-104
-21
-22
-59
-61
3
-55
-69
3
-34
-38
-20
11
-25
7
19
4
33
18
36
51
57
70
76
57
74
32
36
58
22
41
79
48
41
75
15
38
63
-5
11
83
27
4
69
28
13
24
31
18
18
35
30
18
19
49
-22
-4
48
-1
-31
32
48
-25
13
41
2
1
30
19
-9
34
48
-10
-14
43
2
-44
19
36
-23
-16
0
-2
-32
-68
-13
-25
-90
-38
-2
-73
-67
11
-79
-100
-28
-38
-98
-64
-10
-63
-61
-51
-60
-60
-69
-83
4
-14
-66
-1
-22
-52
-37
-6
-32
-32
32
13
-21
19
50
-26
-25
58
20
-30
64
51
-28
50
68
-32
34
85
1
23
101
30
16
54
18
25
28
26
22
22
33
23
-5
25
28
28
9
18
48
10
9
66
26
-10
59
31
16
41
32
28
1
12
34
13
-4
35
20
-2
-1
-10
7
-43
-24
-6
-53
-12
-20
-63
-35
-43
-56
-47
-63
-39
-63
-65
-39
-48
-42
-17
-36
-32
7
-44
-39
13
-29
-23
35
-25
-44
32
-29
-55
20
14
-46
2
43
-53
-29
35
-6
-34
51
34
-16
39
50
-30
12
68
-14
0
40
25
-5
3
27
11
0
29
18
6
41
22
5
22
27
1
19
13
17
43
10
12
49
22
5
45
26
18
58
24
12
58
19
-10
38
24
-10
39
7
-12
22
1
-9
6
4
6
-2
-27
2
6
-23
-15
35
-20
-57
0
-17
-55
-2
-8
-38
-15
-2
-14
-53
-22
-1
-40
-49
3
-13
-35
-2
-15
-42
-6
-18
-50
-20
-10
-52
-38
-5
-33
-36
4
-9
-31
-19
1
3
-44
19
48
-42
-30
40
-16
-45
46
26
-30
26
29
-21
29
16
-18
24
19
-18
0
19
-19
0
15
-16
4
42
-15
8
39
-7
-6
29
19
-9
17
37
-5
-4
43
13
-6
58
22
8
44
18
3
29
22
-25
12
24
-40
-18
43
-27
-62
36
-9
-69
7
-5
-32
-21
31
16
-22
22
26
-19
-21
61
5
-17
25
15
-4
-15
21
18
-3
-13
14
-10
-4
11
-15
5
9
-18
2
-3
-26
-9
10
-22
-23
34
-5
-34
18
7
-38
-4
25
-12
-2
29
5
-4
11
29
-12
17
61
-11
0
20
-1
-3
15
20
7
12
-3
-1
-7
-6
5
13
-17
13
21
-37
11
12
-9
-4
26
2
-10
39
-1
-14
17
2
-26
6
11
-23
-4
2
-11
-29
-2
-11
-34
6
-10
-22
8
17
-15
-15
3
-7
-8
5
-2
13
8
-25
1
6
-25
-27
-8
-22
-26
-6
-15
-21
-19
-7
-36
-46
-8
-19
-51
-10
7
-45
-30
4
-30
-54
9
-16
-43
0
-15
-22
-22
-23
-14
-2
-12
-7
18
-14
-17
35
6
-10
53
18
-5
40
33
14
44
34
31
42
47
43
33
35
39
41
24
36
7
25
38
7
30
27
3
12
30
0
24
48
10
4
31
14
-8
1
17
0
3
25
4
11
5
3
11
-5
3
25
-12
0
37
14
9
15
6
-6
-8
-4
4
1
-9
1
1
2
-29
-31
-14
-25
-28
-29
-15
-21
-49
-23
-10
-48
-50
3
-42
-68
-13
-15
-59
-34
-1
-47
-49
-8
-36
-46
-9
-25
-48
-11
-15
-50
-29
-2
-19
-20
1
-12
-9
-12
3
15
10
24
7
12
16
8
16
32
34
8
37
36
11
14
47
8
-19
50
27
-26
29
49
-5
5
40
11
-19
18
43
-7
18
61
29
-3
39
48
-7
24
45
23
32
57
38
29
21
15
33
7
-6
24
21
-21
3
25
-29
-37
14
-24
-62
-4
-9
-52
-35
-12
-55
-63
-26
-27
-72
-30
17
-41
-48
10
-24
-60
2
-16
-45
11
-5
-36
14
-11
-27
-7
-6
-2
-1
12
-1
-17
-2
-5
-17
8
42
-4
11
50
4
11
36
15
-4
14
32
-9
16
26
-27
1
17
-16
4
23
-9
1
6
-3
-21
-4
-6
-33
7
18
-14
7
23
-18
-6
8
5
-5
2
19
14
6
23
22
11
10
13
9
4
13
14
6
-11
19
20
-19
-4
14
7
-19
-4
28
-10
-20
16
6
-28
1
14
-14
2
29
-5
0
15
9
-4
4
7
-6
-24
-24
-10
-22
-13
-4
-2
-25
-29
-23
-26
-36
-28
-14
-11
-11
17
9
-22
4
13
-24
-16
25
-7
-20
41
25
-20
28
14
-21
11
21
-18
19
39
-6
11
41
-5
-16
31
2
-25
18
19
-6
17
22
4
2
5
11
-15
9
33
-1
24
33
5
6
28
6
18
34
12
27
52
11
-3
31
10
-8
19
21
-15
12
20
-14
3
5
-20
-23
1
-30
-35
-13
-40
-44
-34
-22
-44
-24
-11
-53
-44
-24
-46
-67
-16
-32
-64
-9
-19
-71
-28
5
-52
-32
12
-15
-38
-3
7
-24
6
35
-6
6
54
-3
-1
42
11
-5
27
32
4
12
27
21
5
13
14
-7
-5
21
7
7
28
23
-1
8
14
1
1
1
11
6
-3
25
31
2
8
11
4
-13
13
18
0
29
25
4
17
30
13
30
29
6
24
22
6
25
30
5
14
21
4
0
1
7
3
-2
4
1
-17
3
-6
-29
3
-6
-28
-17
11
-23
-19
10
-14
-29
1
-10
-32
-6
-4
-4
0
2
-4
-24
-16
-19
-33
-23
-11
-22
-16
-8
-17
-12
-17
-30
-26
-18
-21
-15
-4
-11
-18
-4
1
-23
-14
-1
-7
-5
19
28
17
30
29
31
10
30
32
21
34
27
43
41
11
13
33
-11
-9
32
0
-5
7
7
2
5
11
-1
-16
-10
-1
-8
-14
3
3
-24
-1
0
-20
-11
-3
-24
-25
-10
-13
-10
-13
-18
-8
-5
-26
-8
-1
-27
-15
14
-16
-17
-2
-31
-15
-5
-6
-2
-2
-5
-6
16
-1
-7
0
-3
-5
5
3
13
16
1
20
13
2
9
5
-9
8
23
6
8
24
-11
-13
10
-1
-2
13
19
6
14
20
10
11
22
13
6
12
11
3
11
12
-2
-2
7
2
1
19
10
15
21
2
12
15
8
5
12
7
-3
10
12
3
-2
1
2
-1
9
16
10
5
19
18
3
12
8
-2
1
5
0
-12
0
-13
-22
-19
-13
-5
-13
-15
-23
-14
-19
-35
-21
-14
-34
-12
-3
-26
-20
-6
-11
-27
-23
-16
-36
-29
-5
-17
-26
-8
-11
-35
-21
-13
-22
-22
-17
-11
-13
-12
7
0
-20
6
7
-22
-6
8
-5
-8
3
10
1
-8
5
5
-6
0
19
11
-4
15
11
5
-1
22
9
6
35
16
10
18
23
5
10
35
22
11
26
17
4
19
21
9
22
26
21
28
25
19
22
19
11
22
19
8
18
13
-2
15
17
2
7
16
2
-1
3
4
1
1
8
9
-3
-6
1
-15
-20
-9
-10
-15
-4
-1
-12
3
-2
-6
-3
-20
-14
-6
-9
-12
0
-2
1
0
-6
-1
-9
-7
-10
-1
-1
-2
-2
2
-4
-26
-22
-23
-26
-22
-11
-12
-13
0
-3
-25
-5
1
-19
-3
-2
-5
-12
-11
-10
-2
-10
-1
-1
-6
-3
-7
-5
-2
0
3
7
1
6
6
1
-4
10
14
5
13
15
4
10
15
12
8
-1
3
6
6
14
12
3
1
3
-10
-3
7
-1
-3
5
1
-9
-4
-5
6
-9
-8
3
-3
-2
-5
-4
-6
0
-1
-9
-4
5
-1
-4
8
6
-2
3
2
-3
-2
-4
-6
-3
-10
-4
-5
-9
-5
-3
-12
-3
-1
-11
1
5
8
12
13
8
4
9
4
-6
9
5
-5
6
9
2
10
15
6
3
4
5
5
7
11
13
9
8
9
-3
1
5
7
2
10
17
3
6
13
3
1
8
3
-2
-1
7
-3
-10
-5
-2
-9
-9
-3
-3
-7
0
4
-5
3
4
2
7
2
4
6
5
0
-1
-6
-10
-11
-12
-5
-2
-1
-6
-10
-13
-9
-13
-18
-8
-21
-19
-13
-14
-17
-5
-1
-16
-6
-10
-16
-7
2
-9
-10
9
-2
-6
2
1
-14
-6
5
-9
-7
8
2
-13
3
12
-14
-7
4
-14
-13
-2
-4
1
8
3
14
18
3
10
16
10
13
27
18
10
20
19
2
7
16
2
-3
14
7
-1
14
16
4
7
20
7
3
14
10
3
13
7
-7
0
-3
-10
-1
4
-6
1
8
1
9
6
0
2
10
-2
-7
3
-2
-7
-6
2
-7
-4
1
-17
-9
-5
-15
-16
-11
-10
-15
-11
-4
-6
-11
-11
-9
-14
-10
-4
-8
0
-5
-2
2
-8
-9
-12
-13
-12
-4
6
-7
-4
7
-4
-10
-2
-2
-8
7
9
3
4
11
0
-8
2
-2
-9
-4
4
1
3
11
10
1
6
14
9
12
16
18
17
16
17
10
8
8
11
9
13
18
11
5
4
11
1
0
6
-2
-4
5
7
-2
2
5
-3
-5
-2
-4
-9
-8
-4
-9
-5
1
-4
-6
-8
-5
-5
-5
0
0
1
-2
2
-4
-6
-4
-7
-7
-8
-3
-5
-9
-7
-4
-9
-11
-4
-2
-13
-2
6
-2
0
8
4
-6
4
3
-10
0
6
-4
-1
10
1
-6
2
4
-3
-2
8
1
1
6
-5
-4
0
-4
-5
2
-4
-9
-4
-6
-9
-4
-1
-10
-2
3
-6
-4
4
0
-5
5
6
-1
5
11
3
0
8
-2
-3
7
2
-1
9
0
-3
6
-1
0
8
2
-1
6
10
7
7
14
3
2
3
-4
-2
0
-1
0
4
2
0
3
-4
-8
-7
-3
-7
-12
-1
0
-3
-3
-4
-8
-6
-3
-5
-2
4
3
4
6
2
4
6
5
5
8
11
4
8
13
9
9
16
10
4
13
8
-4
1
5
-5
1
10
4
1
2
4
-6
-8
0
-6
-10
-4
-4
-10
-3
-6
-9
-8
-11
-12
-2
-6
-13
-2
-7
-13
1
-3
-13
1
2
-9
-1
6
-2
1
6
2
-4
-4
0
-5
-4
-5
-3
-6
-6
4
-3
-2
8
2
-9
-2
-5
-6
1
-6
-8
1
-2
-3
0
-2
-5
2
4
-2
-3
-2
-9
-6
-4
-6
0
-4
0
-1
-1
3
0
1
4
4
9
13
10
8
8
6
6
8
10
6
8
14
10
7
11
5
7
5
5
5
2
6
4
3
6
5
2
2
2
-1
2
4
2
2
-1
-1
1
5
2
2
5
-1
-5
-5
-2
-8
-6
-1
-3
-2
-2
-1
-1
0
-4
-4
-1
-1
-6
-2
3
-3
-4
-3
-10
-6
-5
-12
-7
-4
-9
-5
2
2
-2
2
4
4
7
13
8
0
10
5
-5
1
4
-2
-4
7
1
-2
4
0
-5
-4
-1
-8
-4
0
-7
-8
-3
-6
-5
-5
-3
-1
2
1
-2
4
1
0
5
5
0
3
6
1
-3
-1
-4
-8
-8
-6
-5
1
-5
-5
-7
-10
-9
-8
0
-3
-4
-1
-3
-3
0
1
-4
-3
4
-1
-3
5
3
2
3
5
3
4
3
6
6
7
7
0
-1
2
2
-1
2
2
-2
-1
2
-3
-1
1
-1
2
4
1
1
6
2
2
6
5
2
1
1
2
2
4
6
2
3
4
2
3
-1
-2
-1
2
0
-2
3
0
-2
-1
-3
-7
-5
-4
-8
-8
-5
-8
-6
1
-1
0
2
8
6
3
5
5
3
2
8
4
2
7
4
-1
2
-2
-4
1
-2
0
1
1
2
2
-1
1
0
1
-1
1
6
-2
5
7
1
4
7
3
1
7
8
3
8
7
7
5
4
4
3
5
9
7
5
6
3
1
-4
-3
-1
-5
-6
-3
-5
-6
-2
-5
-7
-7
-7
-10
-8
-4
-10
-12
-13
-15
-17
-15
-14
-13
-11
-10
-11
-6
-8
-11
-5
-5
-8
-5
-3
-6
-8
-3
-7
-7
-5
-6
-6
-7
-7
-9
-9
-7
-4
-3
-2
2
3
5
6
9
9
10
10
8
10
12
12
11
13
12
9
12
10
7
11
8
6
4
2
5
3
2
6
0
0
2
3
1
4
5
4
1
4
8
8
4
6
12
4
9
11
6
7
8
5
1
4
6
0
-2
1
-2
0
0
-3
-1
-5
-4
-2
-7
-3
-4
-4
-5
-7
-8
-6
-7
-6
-4
-1
0
-2
-4
-6
-4
-5
-6
-1
-2
-2
2
2
-1
0
2
2
2
4
2
4
5
2
2
0
3
4
-2
-2
1
-3
-5
-1
-1
0
3
3
4
5
2
5
6
3
1
4
2
0
2
-1
-2
0
1
0
0
2
0
-4
-3
-4
-9
-3
-3
-3
-3
0
-1
0
0
-3
-6
-4
-3
-7
-2
-3
-1
0
1
-1
-1
-4
-4
-6
-4
-1
-2
-1
-1
0
-4
-3
-4
-4
-3
-4
-4
-4
-1
-4
-4
-5
-7
-6
-4
-4
-1
-3
-4
0
-2
-4
-5
-4
-4
-5
-3
-6
-5
-4
-4
-2
-2
-1
-2
-5
-2
-2
-2
2
5
5
9
10
7
8
7
4
9
12
10
13
14
14
12
12
10
8
8
10
9
11
13
13
11
11
10
11
11
9
7
7
10
10
11
12
8
5
2
-3
-3
-4
-6
-4
-2
-1
-5
-7
-10
-13
-13
-11
-15
-14
-11
-12
-11
-11
-10
-13
-14
-10
-12
-9
-9
-14
-13
-10
-7
-7
-5
-6
-6
-5
-5
-6
-4
-2
-4
-3
0
1
0
0
2
-3
-2
4
0
0
3
4
1
5
5
2
4
3
6
4
4
-1
-2
-1
0
0
4
8
6
5
10
7
5
8
5
4
7
6
5
9
8
4
7
7
2
3
3
4
6
8
8
8
7
6
6
2
5
5
4
5
7
4
2
2
1
-2
-3
-4
-3
-1
-2
-2
-1
-4
-6
-7
-6
-10
-10
-8
-12
-10
-11
-11
-10
-8
-10
-10
-9
-6
-9
-8
-3
-4
-3
0
-1
-5
-4
-4
-6
-2
0
0
1
2
4
2
0
1
1
-4
-1
3
0
0
2
-1
1
0
0
0
-2
-2
-5
-3
1
-1
0
2
4
3
3
4
3
1
2
0
2
5
3
2
2
3
2
1
1
1
2
4
3
5
5
3
2
2
3
2
2
4
6
7
9
7
7
8
4
6
3
0
4
3
1
3
5
1
1
3
0
-4
0
-1
-3
0
1
0
-1
-2
-4
-5
-4
-4
-7
-3
-2
-7
-5
-7
-5
-3
-1
0
0
0
3
2
0
5
1
-2
-2
2
2
1
1
1
-1
-1
0
-3
-1
-3
-4
-2
0
1
1
4
-1
0
-2
-2
0
2
-2
0
3
0
1
1
0
-1
-4
-4
-4
-6
-5
-3
-4
-2
0
-1
-2
0
-2
-6
-3
-3
-4
-3
-1
2
-4
-2
0
-3
-3
0
-4
-5
-3
-2
-1
-1
0
-2
1
-2
-4
-5
-5
-4
-1
-1
0
-1
0
-2
-2
0
-1
-3
-4
-3
-1
-1
-1
1
-1
0
1
0
1
-1
0
2
2
5
6
6
5
5
9
8
7
7
8
7
8
10
9
7
8
6
5
3
6
5
4
6
9
10
8
7
8
7
7
6
7
7
6
8
7
5
4
-1
-1
1
1
-1
2
4
4
2
1
1
-1
-1
-1
-3
-2
2
-2
-1
-2
-5
-7
-9
-8
-9
-6
-5
-6
-6
-2
-5
-6
-6
-11
-11
-11
-11
-11
