-1
-2
-1
-1
-1
-1
0
0
-1
0
-1
0
0
0
0
1
1
0
1
1
2
2
1
2
2
1
1
1
1
1
2
1
1
1
0
-1
0
0
0
0
-1
0
0
1
1
-1
0
0
1
2
3
2
2
2
2
2
2
1
1
1
2
2
3
1
1
1
0
0
1
1
0
1
1
1
1
0
0
0
1
1
1
1
0
0
0
0
0
0
0
-1
-1
-1
-1
-2
-3
-3
-4
-2
-2
-4
-4
-3
-3
-3
-4
-4
-3
-3
-2
-1
-1
-1
-1
-1
0
-1
-1
-1
-1
-1
-1
-1
0
0
-1
-2
-2
-3
-2
-2
-3
-3
-2
-2
-2
-3
-3
-2
-2
-2
-2
0
-1
-1
-1
0
0
1
1
1
3
1
2
1
1
1
2
2
2
3
2
3
2
2
2
2
2
2
2
2
2
2
1
2
3
3
2
3
4
4
4
4
3
4
4
4
3
3
3
3
3
3
2
3
2
2
-1
-1
-1
-1
-1
-1
-2
-2
-1
-3
-2
-2
-2
-1
-2
-1
-1
-1
-1
-1
-1
-1
0
0
0
0
0
0
0
1
0
0
0
1
0
1
0
-1
0
1
0
0
0
0
-2
-1
-1
-2
-2
-2
-2
-2
-1
-1
-2
-1
0
-1
0
1
0
-1
-1
1
0
-1
-1
-1
-2
-1
-1
-1
-1
-2
-1
-2
-1
-2
-1
-1
0
-1
0
1
0
1
1
0
1
-1
0
0
0
1
0
1
1
0
0
0
-1
-1
-2
-1
-1
-1
-1
-1
-1
-1
-1
-1
-1
-1
0
-1
-1
-1
0
0
1
0
1
0
0
1
1
1
1
1
1
1
1
1
1
2
2
0
1
1
0
0
-1
0
-1
1
0
0
0
0
1
1
1
1
1
1
1
0
1
0
1
1
0
0
1
1
0
0
0
1
1
1
2
2
1
1
2
1
2
1
1
2
1
1
0
2
3
2
2
3
2
1
1
0
0
1
1
1
0
0
0
-1
-2
-1
-2
-1
0
0
1
1
0
0
-1
-1
-1
0
-1
-1
-1
-1
0
-1
-1
-1
-1
0
-1
-1
0
-1
-1
-1
-1
-1
0
0
-1
0
-1
-1
-1
-2
0
-1
0
-1
-1
-1
-2
-2
-1
-2
-2
-1
-3
-2
-1
-2
-1
-1
0
0
0
-1
-1
0
0
-1
0
0
0
0
-1
-1
0
0
0
1
1
1
1
0
-1
0
0
0
1
0
0
1
1
0
1
1
0
0
-1
-1
1
0
0
-1
0
-1
-1
0
1
-1
0
1
1
1
0
0
1
1
1
2
2
1
1
2
1
1
1
1
1
1
1
1
1
1
1
1
2
2
2
3
2
1
1
2
2
1
2
2
3
2
3
2
1
1
1
0
0
0
0
0
0
-1
0
0
-1
0
0
0
-1
-1
-2
-2
-2
-1
-1
-1
-2
-2
-2
-2
-2
-2
-2
-2
-3
-3
-3
-2
-2
-3
-3
-2
-3
-1
-1
-1
0
0
1
0
1
1
1
0
0
-1
0
0
-1
0
0
1
0
1
0
1
1
2
1
1
1
2
1
1
0
0
1
1
1
0
0
1
1
1
1
1
1
1
1
0
1
-1
0
-2
-1
-1
-1
-1
-1
0
-2
-1
0
-2
-2
-1
-2
-2
-2
-2
-3
-3
-3
-2
-2
-3
-2
-3
-2
-2
-3
-3
-3
-4
-2
-2
-1
-2
-1
-1
-2
-1
-1
0
0
1
1
1
1
0
0
2
1
1
2
2
3
3
3
4
3
3
2
3
4
3
4
3
4
4
4
3
4
3
4
4
2
3
2
3
2
2
3
2
2
3
3
3
1
3
2
3
3
3
2
2
1
0
0
1
0
-1
-1
-2
-2
-2
-2
-2
-2
-3
-3
-3
-3
-2
-3
-3
-3
-2
-3
-1
-1
-2
-2
-2
-3
-3
-3
-3
-3
-4
-2
-3
-4
-3
-3
-3
-2
-2
-2
-2
-2
-3
-1
-1
0
-2
-2
-1
0
0
-1
-1
-1
-1
-1
-1
0
0
-1
0
1
1
0
2
1
1
-1
0
0
-1
-1
-1
-1
-1
-2
-1
-2
-2
-1
-2
-1
-2
-1
-2
-2
-1
-1
-1
0
-1
-1
0
0
0
0
-1
-1
-1
-1
-1
-1
0
-1
0
0
0
0
1
0
1
1
1
1
1
1
3
3
3
3
4
4
3
4
4
4
4
4
5
3
5
5
5
4
5
4
4
5
5
4
4
4
3
2
3
2
2
2
1
1
1
0
1
1
1
1
0
0
0
0
-1
-1
-1
-3
-2
-2
-4
-1
-2
-2
-3
-3
-2
-3
-3
-3
-3
-4
-4
-4
-4
-4
-4
-4
-4
-3
-2
-1
-2
-3
-2
-2
-1
-1
-2
-1
-1
-2
-2
-2
-2
-1
-2
-2
0
0
-2
0
-1
0
0
1
1
1
1
1
2
1
1
2
2
2
1
3
1
0
1
0
-1
-2
-1
-1
0
-1
-1
-1
-1
-2
-2
-3
-2
-3
-2
-1
-1
-2
-2
-1
-1
-2
0
-1
-1
-1
0
-1
0
1
0
0
1
-1
0
1
1
1
1
0
2
1
1
0
2
2
2
2
2
2
3
2
2
2
2
1
2
2
2
1
1
1
1
1
1
0
1
1
0
0
1
1
-1
1
0
-1
0
0
2
1
1
1
1
1
1
2
1
1
2
1
3
2
3
3
1
2
0
1
1
1
1
1
-1
-1
-1
-1
0
-1
0
-2
-1
-2
-1
-2
-1
0
-1
-1
-1
-1
-1
-2
-1
0
0
0
-2
-1
0
1
0
1
0
0
1
0
0
0
-1
-1
-1
-1
-1
-1
-1
-1
-1
-2
-2
-3
-1
-2
-2
-1
-2
-1
0
1
0
0
1
0
1
-1
0
1
0
-1
-1
-2
-1
-1
-1
0
0
-2
-2
-1
-1
-1
-1
-2
-1
-3
-1
-1
-2
-1
0
-1
-1
-1
0
0
0
1
0
1
1
1
0
1
1
1
0
0
0
0
0
-1
0
0
-1
0
0
1
1
1
2
3
3
3
2
2
2
2
2
4
3
3
2
2
2
2
2
1
2
1
1
0
0
1
1
1
1
0
1
0
-1
-2
-1
-2
-1
-2
-1
-1
-1
-1
-1
0
-1
-1
0
-1
0
-2
-1
0
0
-1
0
0
0
1
1
0
-1
0
0
-1
0
0
-1
-2
-2
-1
-1
-2
-2
-1
-1
-2
-4
-3
-1
-1
-1
-1
1
2
0
0
1
2
1
1
2
1
1
0
2
1
1
1
0
0
0
0
0
0
-2
-2
-1
0
0
0
1
1
1
0
3
1
0
0
0
1
1
1
0
1
1
2
2
2
2
2
2
2
2
3
2
0
-1
0
0
-1
-2
-2
-1
-1
-1
-2
-3
-4
-2
-1
-2
-4
-5
-6
-3
-3
-2
-3
-5
-4
-3
0
-1
-1
-1
-1
-1
-1
-1
0
3
4
5
6
5
6
8
9
10
11
9
8
7
6
5
3
2
1
0
-1
-3
-4
-3
-3
-4
-3
-3
-3
-3
-2
-2
1
2
3
2
2
2
4
5
4
4
3
0
-2
-3
-3
-3
-4
-7
-12
-14
-14
-12
-14
-15
-15
-15
-13
-14
-14
-11
-8
-4
-2
2
5
6
8
12
15
17
19
19
19
17
13
15
13
11
8
1
-3
-8
-11
-13
-17
-20
-23
-24
-21
-23
-22
-20
-15
-10
-5
-1
4
6
11
17
24
28
30
31
32
36
34
32
28
24
25
27
23
14
7
3
-2
-4
-5
-9
-12
-17
-18
-22
-20
-22
-22
-20
-19
-14
-15
-14
-11
-3
2
3
1
4
7
9
6
6
6
5
2
-3
-7
-10
-11
-13
-13
-15
-19
-22
-24
-23
-22
-22
-22
-21
-17
-17
-15
-11
-8
-2
1
3
4
6
12
16
18
19
19
21
21
22
22
23
24
23
22
19
17
14
15
13
9
6
3
1
-4
-4
-1
-2
-5
-5
-3
-4
-5
-4
-5
-5
-3
-4
-5
-6
0
-1
-9
-15
-5
7
5
-6
-10
-6
-7
-6
-4
0
2
-3
-2
3
9
8
3
7
15
18
12
9
10
15
14
10
4
-2
-5
-9
-11
-12
-14
-21
-27
-28
-25
-20
-23
-27
-24
-18
-14
-11
-9
-3
2
7
13
19
22
24
24
26
29
29
30
28
26
24
19
18
15
12
6
-1
-4
-5
-7
-9
-12
-13
-15
-18
-19
-19
-17
-16
-16
-11
-9
-7
-7
-4
3
5
-1
-4
-9
-18
-21
-11
-1
-7
-28
-48
-48
-39
-35
-42
-43
-34
-25
-21
-20
-13
5
21
39
55
63
67
69
79
96
105
94
77
66
57
44
27
9
-12
-31
-47
-67
-78
-88
-95
-100
-99
-89
-79
-72
-60
-43
-19
4
26
45
62
77
92
104
118
128
129
124
116
110
101
92
79
58
36
20
4
-8
-30
-53
-75
-89
-94
-104
-107
-104
-101
-106
-121
-127
-130
-144
-156
-95
-13
-11
-101
-179
-139
-54
-17
-65
-80
-30
15
3
-37
-17
37
87
107
130
153
137
118
131
199
239
210
139
86
86
82
58
6
-26
-65
-116
-169
-202
-197
-201
-213
-219
-197
-172
-157
-136
-103
-42
26
91
146
174
211
252
296
337
378
402
384
351
329
336
335
297
228
155
109
78
36
-31
-100
-165
-213
-259
-293
-321
-345
-348
-348
-339
-317
-286
-269
-239
-185
-107
-34
10
33
69
117
154
187
202
208
202
154
99
65
41
8
-46
-110
-169
-227
-302
-359
-386
-376
-389
-407
-420
-402
-357
-305
-243
-179
-93
-20
55
135
219
308
370
411
451
479
499
488
466
419
386
343
282
198
117
42
-30
-78
-127
-179
-239
-270
-279
-254
-219
-193
-191
-173
-118
-36
23
56
88
133
182
210
223
263
332
364
335
272
250
248
225
176
129
125
81
-19
-139
-204
-211
-213
-247
-337
-428
-530
-555
-522
-439
-380
-409
-444
-450
-387
-310
-265
-212
-114
28
113
152
183
254
341
451
548
574
573
552
561
583
599
545
447
332
221
122
14
-106
-213
-332
-444
-566
-622
-623
-619
-683
-753
-688
-545
-338
-272
-234
-140
2
200
385
542
620
706
787
898
1020
1009
929
834
849
870
815
645
476
329
200
86
-100
-245
-396
-475
-557
-637
-729
-850
-887
-866
-763
-642
-527
-486
-527
-582
-556
-368
-315
-408
-440
-135
199
113
-374
-760
-615
-280
-136
-338
-458
-364
-225
-247
-278
-161
36
267
392
502
559
570
617
736
974
1058
975
746
510
430
391
392
250
72
-166
-400
-547
-656
-656
-656
-637
-622
-578
-522
-498
-424
-274
-57
143
277
369
475
607
688
740
829
986
1061
1028
920
809
770
763
739
578
378
198
87
-1
-111
-252
-399
-518
-591
-664
-724
-761
-752
-727
-719
-675
-593
-510
-445
-365
-212
-39
71
141
199
303
409
454
476
518
514
416
267
194
172
99
-200
-605
-803
-585
-223
-327
-883
-1411
-1425
-1098
-903
-998
-1076
-860
-574
-460
-447
-344
-113
218
566
829
973
924
853
966
1265
1524
1469
1175
846
716
704
678
480
162
-61
-247
-393
-597
-730
-828
-927
-942
-863
-755
-780
-814
-752
-490
-197
-4
75
157
293
447
667
902
1102
1145
1053
966
970
1097
1151
1076
888
678
523
375
294
147
-7
-153
-308
-434
-603
-724
-803
-812
-751
-729
-719
-683
-578
-465
-319
-176
-44
-229
-943
-1317
-503
1228
1625
132
-1657
-1634
-121
614
-113
-1068
-717
211
338
-472
-1075
-723
74
654
704
510
154
-131
16
640
1424
1521
975
168
-166
114
566
698
272
-174
-474
-496
-570
-851
-1011
-867
-453
-350
-613
-822
-806
-560
-364
-62
322
528
350
102
247
630
889
957
1054
1056
875
596
673
1105
1299
998
409
167
323
425
306
31
-106
-219
-403
-639
-782
-742
-753
-812
-857
-787
-712
-790
-860
-732
-393
-100
-23
-34
71
227
322
469
687
898
899
715
521
517
630
652
512
297
-218
-791
-1017
-422
241
-97
-1173
-2027
-1730
-1090
-884
-1274
-1386
-994
-567
-556
-746
-678
-272
340
818
1090
1040
843
887
1206
1747
1945
1741
1328
996
991
1012
985
645
198
-99
-283
-474
-858
-1188
-1270
-1154
-1065
-1224
-1420
-1384
-1108
-827
-686
-532
-328
-184
-148
-32
366
880
1167
1192
1085
1063
1150
1251
1363
1426
1453
1328
1024
749
549
525
511
417
180
-149
-406
-588
-706
-784
-823
-811
-873
-1027
-1131
-1048
-799
-595
-501
-465
-366
-194
-24
93
277
518
692
529
149
-190
-287
-212
-22
369
508
-154
-1261
-1806
-1316
-573
-548
-1082
-1418
-1135
-806
-902
-1005
-745
-144
291
340
327
364
556
809
1195
1648
1787
1479
978
779
1002
1229
1122
668
200
-33
-124
-275
-572
-764
-770
-648
-595
-766
-991
-1118
-986
-596
-137
117
70
-92
-80
243
684
936
975
931
916
882
920
994
1132
1135
983
742
538
455
346
306
252
196
61
-234
-545
-733
-685
-572
-549
-678
-847
-842
-732
-630
-645
-535
-327
-120
-78
-150
-126
38
256
386
443
436
355
339
309
315
269
191
106
11
-280
-751
-968
-572
3
-201
-1035
-1762
-1600
-1043
-850
-1005
-1036
-708
-495
-613
-707
-467
13
417
734
966
1019
770
638
935
1521
1805
1514
1057
763
742
731
683
566
415
117
-246
-477
-531
-622
-797
-868
-756
-648
-815
-1064
-1084
-725
-292
-102
-153
-288
-251
85
556
915
933
842
817
874
985
1069
1118
1208
1160
933
656
502
469
375
222
88
-12
-223
-576
-821
-841
-711
-671
-862
-1004
-992
-831
-680
-616
-550
-363
-137
26
115
264
404
309
-91
-645
-389
472
1355
887
-524
-1477
-1195
-358
-274
-872
-1207
-821
-516
-764
-1318
-1286
-679
-56
292
301
222
75
100
662
1413
1950
1630
1026
748
1028
1450
1397
984
572
429
389
86
-376
-680
-629
-430
-429
-643
-901
-1058
-1069
-894
-594
-229
-122
-241
-359
-166
255
355
407
544
945
1039
696
467
629
1102
1213
861
526
534
718
647
338
140
117
30
-202
-432
-437
-356
-565
-878
-1022
-852
-714
-796
-861
-769
-478
-365
-427
-427
-214
86
208
258
386
508
548
466
442
549
665
674
510
271
77
-20
-354
-779
-969
-524
-5
-327
-1286
-1993
-1714
-1085
-932
-1207
-1273
-956
-757
-846
-838
-393
83
284
472
788
1078
978
853
1131
1761
2082
1746
1243
1026
1137
1152
962
805
710
406
-181
-669
-658
-355
-363
-812
-1235
-1195
-926
-817
-886
-894
-726
-584
-510
-304
13
224
265
324
593
903
1033
925
869
1032
1257
1331
1171
881
676
603
724
811
635
221
-237
-336
-169
-146
-409
-675
-721
-696
-823
-983
-938
-728
-540
-562
-625
-574
-398
-201
-142
-167
-182
-129
-183
-491
-572
-88
508
335
-611
-1301
-995
-341
-291
-771
-950
-566
-284
-572
-883
-675
-36
357
334
292
424
648
772
1017
1463
1709
1420
891
677
948
1277
1212
783
265
-48
-165
-265
-393
-527
-575
-634
-780
-983
-1090
-955
-747
-662
-668
-506
-209
-93
-199
-211
106
516
697
645
567
563
549
557
747
1011
1041
803
533
586
763
735
542
343
337
309
152
-55
-172
-215
-304
-445
-532
-622
-703
-718
-669
-611
-660
-691
-571
-321
-189
-265
-365
-245
-16
156
214
216
256
215
158
100
107
148
213
159
-341
-916
-986
-262
356
-65
-1068
-1601
-1176
-653
-763
-1076
-848
-342
-249
-720
-962
-528
80
474
604
670
620
322
318
875
1649
1797
1200
655
612
895
1010
900
819
693
410
-33
-259
-212
-76
-177
-412
-509
-507
-561
-785
-791
-537
-169
-135
-358
-519
-302
130
372
360
327
484
665
695
645
733
987
1112
964
677
660
823
895
786
545
472
419
259
51
-40
27
-58
-372
-654
-675
-519
-537
-719
-814
-681
-592
-662
-748
-621
-374
-244
-352
-548
-599
-576
-702
-816
-558
98
315
-508
-1558
-1704
-835
-177
-531
-1191
-1188
-677
-480
-787
-809
-270
281
295
61
191
622
858
898
1112
1500
1584
1159
751
824
1268
1405
1016
477
181
130
27
-141
-263
-240
-281
-501
-767
-824
-633
-402
-386
-508
-396
-141
77
-105
-213
79
492
605
441
405
578
628
535
573
803
1020
911
611
590
746
834
661
463
552
593
426
51
-121
9
127
-28
-339
-477
-439
-408
-543
-604
-494
-441
-483
-590
-582
-506
-458
-483
-449
-345
-334
-411
-485
-411
-263
-234
-237
-240
-182
-141
-208
-306
-690
-755
-375
395
424
-631
-1488
-1139
-13
257
-615
-1330
-842
-63
11
-564
-699
-134
280
259
175
309
518
413
563
1025
1455
1214
605
519
1021
1488
1226
657
413
613
798
448
38
-138
50
123
-108
-298
-372
-365
-485
-443
-252
-135
-394
-631
-354
161
305
-66
-358
-31
379
441
209
170
535
801
725
464
339
490
714
817
839
678
432
276
257
319
298
117
-81
-279
-380
-448
-541
-661
-816
-836
-750
-807
-989
-1083
-955
-676
-585
-720
-700
-430
-102
-180
-501
-688
-556
-183
170
360
21
-604
-985
-765
-262
-176
-574
-845
-727
-491
-596
-801
-608
-104
273
168
-122
-127
228
735
1156
1315
1186
872
768
993
1342
1497
1321
1005
761
615
509
409
303
273
199
60
-150
-412
-505
-381
-106
-48
-283
-565
-591
-319
9
82
-62
-226
-200
28
183
265
283
368
519
592
521
432
483
732
914
804
537
354
371
499
459
281
91
-40
-84
-150
-200
-254
-389
-592
-775
-828
-778
-765
-757
-747
-759
-857
-968
-924
-703
-439
-372
-458
-520
-439
-309
-150
-21
93
183
120
-39
-537
-725
-297
684
1052
37
-1244
-1402
-458
94
-413
-1072
-763
-221
-327
-1045
-1267
-552
190
279
84
-8
194
281
501
1102
1674
1691
1099
725
1068
1652
1762
1340
933
883
962
775
366
92
238
472
246
-288
-680
-528
-216
-264
-489
-543
-478
-519
-665
-404
0
85
-252
-379
-7
432
383
164
326
780
916
509
204
431
935
1128
860
452
252
161
117
105
192
90
-263
-604
-689
-619
-630
-798
-828
-708
-701
-947
-1241
-1127
-658
-310
-282
-512
-664
-528
-288
-4
149
55
-104
-370
-422
-173
80
290
40
-454
-807
-811
-581
-496
-807
-918
-796
-667
-777
-1061
-919
-413
11
96
-85
-88
192
515
899
1198
1359
1275
1059
1040
1348
1605
1557
1270
1060
953
794
593
515
551
517
249
-85
-294
-292
-200
-144
-173
-253
-268
-243
-250
-285
-281
-95
149
198
63
-18
114
263
326
335
410
464
410
291
279
373
392
241
88
120
214
163
-83
-290
-311
-305
-396
-568
-570
-459
-519
-813
-1038
-897
-647
-548
-639
-681
-630
-589
-613
-590
-362
-117
-50
-99
-170
-166
-127
-41
172
366
386
86
-475
-725
-354
388
731
22
-994
-1336
-803
-234
-387
-839
-824
-457
-387
-803
-964
-360
414
642
373
161
315
611
904
1405
1865
1875
1321
866
1105
1733
1952
1522
1010
830
810
521
103
39
368
557
92
-704
-1111
-877
-394
-224
-387
-601
-754
-811
-710
-354
25
124
-61
-210
-72
203
316
269
306
530
663
382
-24
-123
217
537
432
7
-303
-308
-186
-202
-302
-345
-403
-550
-662
-647
-478
-378
-459
-599
-682
-631
-504
-370
-228
-167
-197
-312
-394
-306
-74
164
286
166
-238
-438
-429
-148
36
13
18
-157
-577
-972
-954
-454
-74
-400
-987
-1191
-842
-386
-295
-296
-35
137
131
-24
154
653
1065
1278
1316
1284
1111
938
1083
1579
1932
1642
992
596
716
984
939
693
438
308
151
-55
-229
-244
-28
153
62
-388
-691
-517
-134
41
-104
-275
-306
-320
-303
-148
82
141
-91
-308
-187
25
-14
-206
-274
-41
47
-320
-705
-624
-157
117
-175
-621
-711
-492
-300
-319
-389
-349
-408
-553
-618
-453
-170
-40
-123
-259
-285
-307
-249
-109
147
303
121
-187
-322
-118
240
371
277
131
20
-122
-366
-505
-242
277
471
-104
-971
-1195
-605
54
7
-571
-856
-545
-231
-242
-354
-122
338
544
400
281
479
882
1178
1344
1445
1412
1184
1004
1206
1603
1750
1360
787
500
584
714
604
299
9
-128
-222
-382
-509
-508
-336
-291
-478
-744
-805
-604
-317
-146
-200
-417
-613
-604
-370
-101
-92
-277
-393
-287
-179
-279
-383
-251
-5
23
-277
-535
-459
-124
79
-7
-197
-321
-379
-430
-327
-81
70
-81
-419
-560
-382
-96
-2
-28
-6
-39
-138
-285
-223
86
341
375
152
-113
-243
-119
94
231
181
-31
-188
-260
-365
-404
-269
-81
-123
-536
-871
-747
-330
-35
-103
-306
-263
-83
71
184
355
608
746
750
772
875
977
1050
1147
1307
1372
1207
952
833
907
1045
990
756
469
304
277
312
349
306
104
-151
-167
-133
-61
-200
-299
-201
-193
-340
-571
-631
-436
-387
-548
-704
-742
-660
-595
-655
-634
-568
-563
-581
-639
-554
-454
-420
-440
-439
-351
-241
-188
-189
-175
-161
-137
-138
-153
-55
15
78
28
-41
21
105
164
99
57
141
239
214
95
6
49
132
121
75
18
-20
-5
-32
-54
-132
-303
-267
-154
-6
-140
-461
-540
-358
-151
-257
-522
-454
-68
107
-73
-394
-316
150
511
524
355
291
529
788
909
993
1079
1090
1035
955
982
1055
1002
904
782
717
568
348
165
211
367
324
28
-353
-486
-163
19
-123
-527
-754
-514
-301
-397
-649
-768
-659
-482
-495
-495
-602
-754
-694
-471
-195
-177
-503
-646
-434
-68
11
-275
-453
-217
86
62
-192
-313
-80
153
99
-67
-149
-21
129
89
29
36
139
197
161
103
118
166
163
175
243
276
187
-92
-203
-97
30
55
-136
-209
-135
-188
-399
-484
-389
-238
-356
-616
-616
-432
-273
-309
-381
-152
131
167
56
64
335
646
793
861
895
919
954
1029
1144
1212
1194
1162
1098
911
681
581
686
755
606
320
64
-29
-87
-95
-24
-101
-310
-556
-601
-468
-453
-657
-801
-699
-513
-572
-831
-869
-694
-570
-643
-735
-597
-407
-483
-648
-647
-423
-174
-169
-284
-330
-279
-186
-126
-57
-10
1
-20
21
51
45
22
18
152
241
209
121
22
76
209
317
336
210
61
19
103
161
157
61
35
96
112
88
32
27
18
-117
-210
-101
91
165
-53
-338
-269
-26
34
-186
-388
-227
116
147
-90
-229
-67
219
327
333
313
315
371
498
716
880
851
710
636
714
840
876
762
611
514
424
337
208
112
80
62
-26
-220
-372
-441
-272
-106
-239
-552
-780
-628
-359
-347
-556
-727
-708
-530
-485
-597
-649
-571
-398
-320
-468
-606
-576
-391
-250
-225
-202
-188
-212
-205
-174
-111
-28
-28
-34
55
125
142
145
170
280
326
321
290
297
320
394
472
465
364
288
360
465
470
350
176
107
60
17
69
123
147
-116
-427
-484
-316
-252
-428
-645
-589
-339
-340
-551
-677
-402
26
139
-42
-182
-33
322
544
587
657
734
782
769
739
862
1038
1060
909
667
561
650
624
501
287
106
28
-63
-129
-179
-190
-258
-438
-641
-683
-493
-356
-395
-592
-757
-720
-598
-504
-542
-618
-642
-643
-635
-646
-592
-493
-467
-495
-567
-550
-382
-225
-205
-256
-225
-95
-27
-25
1
174
387
399
217
99
235
507
656
546
392
397
488
549
521
494
553
548
448
261
139
175
268
330
233
40
-119
-168
-108
-15
17
-3
-121
-331
-386
-189
116
208
-67
-318
-274
-72
23
-136
-194
-2
126
-35
-327
-353
-29
260
313
196
53
44
149
300
439
487
474
479
412
319
230
280
492
582
358
-12
-187
-59
155
163
7
-197
-331
-410
-426
-322
-247
-294
-436
-550
-587
-583
-570
-532
-520
-500
-500
-515
-553
-593
-543
-378
-268
-340
-464
-397
-92
127
111
-60
-58
148
341
309
210
291
468
530
381
262
337
538
587
369
238
277
316
351
337
327
327
192
-22
-95
88
287
204
-145
-304
-123
143
-34
-429
-461
-148
127
-171
-673
-704
-205
186
21
-371
-412
-84
198
213
134
209
361
368
302
357
448
520
506
495
514
405
208
175
352
502
370
47
-125
-37
73
47
-64
-107
-85
-163
-253
-232
-131
-100
-204
-312
-309
-264
-307
-340
-328
-273
-338
-510
-616
-540
-368
-340
-512
-662
-617
-462
-341
-364
-383
-315
-190
-163
-230
-250
-63
192
270
161
41
162
375
429
365
352
463
518
391
298
400
604
626
414
234
230
334
340
228
141
153
166
91
-15
-45
4
37
-24
-105
-106
-58
-64
-120
-110
-8
63
-30
-204
-217
-34
128
24
-185
-252
-109
-1
-63
-146
-107
15
28
-39
-11
133
219
160
122
230
339
320
222
257
372
347
113
-52
45
211
155
-94
-229
-175
-147
-270
-368
-279
-172
-266
-481
-523
-355
-240
-304
-417
-367
-241
-232
-316
-343
-214
-84
-69
-133
-174
-122
-50
5
25
66
109
122
90
67
130
214
244
183
95
88
137
176
177
171
149
109
69
149
260
198
-106
-256
100
552
559
-58
-492
-122
491
446
-258
-634
-138
495
273
-492
-742
-111
487
244
-362
-508
-88
322
277
88
116
243
268
177
205
311
358
290
282
291
162
-38
-68
177
383
207
-176
-343
-160
136
192
8
-115
-7
122
105
-93
-155
20
246
198
-148
-334
-197
76
72
-191
-372
-319
-228
-298
-404
-376
-246
-283
-480
-560
-394
-181
-191
-378
-433
-276
-127
-136
-186
-116
40
50
-88
-126
54
263
258
99
40
120
191
162
108
165
222
145
14
-21
66
153
144
86
77
62
-3
-40
60
242
298
160
27
39
189
288
266
252
260
225
120
91
191
293
271
153
115
93
73
34
21
42
47
-17
-123
-178
-168
-120
-117
-127
-108
-119
-153
-210
-192
-32
112
122
-30
-169
-117
77
203
156
33
2
19
14
-43
-51
65
109
10
-151
-185
-100
-22
-65
-148
-175
-163
-189
-269
-272
-136
-23
-75
-285
-400
-241
-3
65
-82
-192
-150
-50
-10
-1
49
118
82
-10
-45
29
168
193
93
25
46
80
63
-2
29
139
185
136
15
-8
30
104
165
159
140
8
-117
-127
36
159
104
-116
-228
-120
-34
-79
-202
-160
-13
50
-55
-170
-103
71
157
181
221
248
237
169
186
332
403
346
206
164
213
223
188
154
154
105
27
-5
58
119
102
39
23
70
99
112
85
68
24
-30
-58
-68
-68
-65
-90
-153
-261
-328
-281
-195
-161
-249
-375
-400
-351
-344
-362
-334
-206
-173
-341
-517
-454
-197
-21
-85
-284
-376
-283
-139
-95
-92
-60
-5
-34
-122
-98
64
174
127
19
-8
60
48
-31
-42
107
298
258
-6
-171
-47
228
303
124
-20
89
272
226
19
-57
181
404
348
118
31
166
317
348
275
244
247
258
264
279
311
308
249
215
220
219
177
142
149
175
152
80
53
103
173
162
106
57
54
101
112
85
56
41
33
-3
-68
-88
-96
-118
-161
-197
-228
-236
-241
-258
-245
-267
-328
-391
-388
-325
-266
-289
-328
-354
-353
-349
-323
-265
-208
-212
-245
-283
-299
-197
-127
-115
-164
-167
-131
-92
-17
-11
-33
-14
-24
-7
-9
-18
36
40
-1
-18
30
44
32
35
26
43
91
79
-1
-22
34
87
147
132
50
30
108
161
140
109
114
209
292
268
180
155
219
309
355
323
233
192
221
259
246
167
120
168
235
215
121
80
134
199
194
176
177
224
240
176
117
157
225
232
156
46
-2
10
42
-24
-100
-136
-165
-213
-304
-338
-283
-206
-216
-343
-417
-409
-357
-360
-380
-338
-293
-299
-355
-371
-296
-213
-186
-233
-236
-208
-210
-220
-220
-122
-30
-36
-113
-153
-101
-11
-8
-40
4
71
124
80
20
65
120
169
159
149
179
188
211
231
262
260
233
230
263
252
173
131
170
231
203
87
15
37
76
44
9
22
50
1
-129
-141
-5
113
91
-53
-125
-31
106
130
68
29
52
76
85
80
71
115
159
181
134
24
-12
69
155
133
5
-47
14
46
-25
-130
-115
-53
-59
-178
-248
-176
-68
-82
-205
-269
-229
-160
-177
-203
-207
-175
-173
-233
-261
-201
-128
-119
-186
-247
-223
-193
-167
-183
-157
-89
-68
-122
-180
-154
-13
77
25
-7
13
87
109
100
158
271
322
233
161
215
338
397
359
319
326
333
279
226
266
347
353
236
119
79
105
146
141
117
80
3
-46
-86
-89
-66
-41
-35
-94
-163
-193
-161
-71
-30
-75
-114
-87
-41
-18
-14
0
45
73
52
14
18
52
109
117
90
37
-7
6
46
64
15
-62
-80
-78
-129
-182
-182
-126
-105
-212
-314
-301
-214
-173
-205
-250
-266
-246
-278
-285
-226
-153
-176
-266
-307
-257
-188
-164
-160
-149
-116
-133
-159
-147
-56
45
63
-9
-50
22
120
166
140
133
181
247
272
262
251
276
313
321
305
281
278
288
306
305
265
198
163
203
269
263
163
63
34
71
79
30
-10
-8
-6
-57
-90
-61
-6
27
-10
-60
-86
-17
15
-4
7
21
69
39
-33
-59
-4
82
110
51
-25
-41
18
64
32
20
40
52
17
-72
-92
-15
63
51
-31
-95
-89
-66
-65
-82
-64
-45
-89
-167
-196
-176
-138
-152
-213
-271
-306
-335
-356
-318
-264
-272
-358
-440
-402
-314
-280
-306
-334
-321
-263
-203
-196
-153
-74
-6
33
43
95
178
250
288
314
352
357
352
362
432
468
462
413
385
411
423
407
354
322
334
325
266
228
228
235
204
133
87
73
68
59
30
-7
-30
-41
-36
-38
-51
-76
-103
-109
-119
-82
-32
-30
-73
-119
-112
-28
35
-6
-92
-106
-42
-13
-60
-127
-89
-14
-14
-99
-169
-105
-41
-72
-151
-168
-146
-146
-173
-183
-170
-180
-218
-277
-301
-253
-227
-250
-297
-321
-300
-272
-252
-243
-244
-246
-231
-240
-249
-239
-169
-87
-75
-147
-187
-129
-46
-7
4
40
92
119
74
47
127
249
316
299
268
288
352
360
346
360
423
455
381
302
268
325
379
366
316
288
287
244
182
179
235
286
254
128
50
84
159
158
102
67
87
100
33
-52
-43
58
94
15
-76
-96
-39
-11
-18
-45
-88
-116
-115
-82
-89
-129
-164
-158
-128
-114
-148
-184
-167
-144
-155
-165
-171
-151
-156
-194
-194
-185
-176
-228
-267
-236
-195
-189
-261
-301
-232
-145
-153
-240
-326
-322
-223
-164
-188
-258
-286
-238
-186
-198
-211
-174
-95
-56
-103
-147
-96
9
84
103
89
114
162
207
242
280
331
355
344
326
331
340
336
311
282
301
306
247
177
150
201
234
195
135
118
157
170
120
75
117
185
179
75
2
38
99
98
48
-2
-14
-5
-10
-12
-5
19
27
20
12
18
17
32
58
58
42
6
-11
10
47
61
53
9
8
14
-9
-39
-80
-98
-98
-116
-165
-224
-236
-215
-215
-249
-314
-358
-374
-343
-325
-333
-345
-346
-346
-342
-335
-321
-292
-262
-256
-265
-270
-247
-167
-102
-84
-94
-94
-53
15
46
47
64
130
201
204
171
176
242
320
336
306
303
328
366
366
343
362
380
373
344
301
302
318
330
317
303
286
253
219
217
240
240
199
122
64
55
67
59
4
-38
-49
-50
-80
-135
-159
-141
-118
-154
-210
-225
-200
-180
-176
-179
-155
-156
-205
-250
-204
-112
-54
-68
-143
-163
-126
-88
-92
-91
-64
-30
-69
-136
-168
-153
-103
-89
-122
-176
-190
-190
-194
-197
-201
-184
-189
-221
-248
-229
-198
-181
-172
-175
-163
-150
-152
-129
-88
-30
-20
-37
-34
-2
51
95
117
108
126
162
198
195
195
228
247
254
272
305
324
297
266
272
280
295
289
285
273
250
233
222
233
238
221
207
186
170
150
117
107
121
146
118
71
29
12
9
13
29
6
-25
-72
-85
-71
-53
-45
-65
-81
-98
-105
-99
-80
-63
-37
-20
-26
-71
-116
-111
-43
20
5
-56
-121
-126
-112
-116
-151
-168
-173
-206
-249
-282
-286
-265
-271
-294
-322
-345
-359
-364
-337
-304
-291
-293
-289
-289
-267
-223
-180
-159
-149
-122
-113
-105
-95
-54
35
80
64
14
36
125
205
218
189
190
246
298
309
316
349
399
420
402
387
407
431
458
454
440
433
422
389
360
333
320
303
280
232
182
143
116
105
66
-4
-69
-87
-79
-87
-152
-213
-235
-211
-226
-258
-263
-240
-223
-251
-284
-267
-205
-179
-186
-193
-173
-130
-113
-144
-156
-102
-43
-42
-87
-128
-111
-75
-55
-69
-81
-91
-105
-133
-163
-157
-120
-112
-136
-159
-160
-144
-153
-157
-142
-105
-85
-117
-141
-124
-65
4
-5
-35
-48
-2
41
35
-3
10
106
141
105
29
23
107
188
170
103
87
143
178
160
136
149
209
241
207
171
182
204
234
235
223
209
193
203
219
227
229
212
190
157
135
140
136
142
141
110
71
41
32
28
4
-1
4
-9
-79
-148
-152
-99
-48
-54
-132
-186
-165
-121
-110
-122
-124
-112
-95
-111
-137
-131
-91
-66
-102
-152
-165
-142
-142
-161
-152
-135
-164
-213
-244
-228
-191
-202
-230
-247
-226
-212
-228
-227
-199
-151
-159
-200
-201
-168
-99
-64
-60
-59
-41
-14
6
16
41
61
88
104
120
126
154
189
222
220
201
226
245
279
294
301
307
295
323
373
388
374
364
373
381
373
323
306
331
347
286
216
193
202
190
119
43
3
-10
-44
-103
-152
-174
-191
-229
-281
-285
-290
-319
-343
-363
-348
-319
-330
-368
-361
-331
-276
-263
-299
-294
-262
-215
-184
-189
-170
-141
-116
-115
-95
-63
-30
-6
-6
-22
-25
-15
6
34
46
36
26
33
32
25
38
90
112
88
34
7
45
101
112
79
61
68
69
68
73
85
103
106
86
67
70
73
86
110
119
107
85
62
64
74
99
118
105
78
74
78
91
90
94
109
115
112
86
83
108
136
135
117
103
102
121
115
100
93
83
81
67
53
42
27
18
25
15
-14
-39
-62
-61
-62
-73
-84
-109
-125
-146
-171
-167
-139
-151
-181
-197
-178
-150
-140
-165
-185
-155
-116
-117
-152
-150
-128
-92
-95
-131
-143
-122
-105
-101
-127
-139
-110
-76
-78
-119
-163
-151
-103
-104
-127
-133
-98
-79
-100
-139
-112
-36
11
-17
-47
-20
22
44
46
69
115
144
131
111
150
208
232
214
193
202
215
228
224
251
290
296
285
258
251
279
308
296
269
259
260
256
249
242
242
230
221
199
174
148
128
121
85
26
-22
-35
-31
-55
-95
-134
-170
-166
-178
-211
-251
-253
-254
-269
-286
-305
-318
-328
-322
-310
-297
-286
-295
-325
-334
-298
-245
-248
-262
-266
-244
-197
-194
-213
-203
-153
-116
-146
-169
-141
-84
-50
-56
-73
-45
10
25
2
12
73
128
122
79
89
144
200
205
190
200
242
266
247
229
232
259
274
252
232
234
240
253
222
179
192
211
210
188
159
161
171
149
124
97
82
92
82
63
76
94
99
83
55
47
75
88
54
31
39
42
20
-21
-33
3
10
-30
-76
-88
-71
-78
-99
-147
-174
-171
-176
-199
-206
-206
-227
-246
-256
-256
-252
-265
-284
-271
-250
-242
-252
-263
-242
-210
-190
-202
-201
-159
-131
-120
-111
-106
-72
-52
-61
-51
-16
14
9
-12
-9
27
47
31
23
45
63
62
58
67
99
126
129
115
105
122
159
186
182
188
185
186
190
202
218
234
215
216
238
234
207
178
179
204
219
187
136
130
161
164
136
122
118
106
98
72
53
71
75
64
46
37
23
-7
-21
-10
-6
-16
-59
-99
-96
-91
-81
-108
-136
-139
-149
-169
-204
-218
-191
-171
-196
-230
-262
-257
-245
-230
-225
-232
-234
-212
-208
-205
-187
-169
-167
-179
-172
-158
-141
-136
-134
-128
-114
-106
-113
-105
-76
-60
-74
-83
-59
-30
-14
-22
-15
18
47
70
78
110
127
144
148
171
221
243
258
232
244
271
311
307
276
263
266
299
286
248
198
192
206
193
167
139
142
136
115
80
78
90
82
73
25
36
42
66
-145
-216
27
160
0
-126
-5
104
49
-81
-64
-6
6
-45
-28
48
33
-140
-14
80
-57
-239
-195
-101
-218
-293
-193
-174
-363
-348
-284
-261
-333
-443
-326
-151
-248
-405
-264
-75
-94
-213
-119
4
-45
-79
-44
50
-1
-107
-49
100
66
-18
-26
-32
86
-8
-4
143
-5
-84
70
107
52
-38
-36
58
2
89
192
154
185
231
236
345
218
221
252
275
382
303
346
280
310
406
291
182
165
165
148
156
96
-106
-40
93
3
-194
-46
-8
-13
56
51
15
-17
82
58
169
173
78
117
208
95
26
50
-93
-65
-43
-49
-231
-272
-236
-223
-288
-311
-306
-426
-404
-353
-333
-355
-389
-423
-268
-228
-266
-317
-213
-222
-60
-88
-155
-133
-201
-75
-48
-31
-147
-29
-66
-109
-37
12
-90
-171
-28
6
-94
-73
-35
-82
65
100
4
-48
124
149
101
246
162
197
238
278
352
358
252
285
423
306
407
400
255
293
405
375
286
219
152
269
254
165
154
56
28
113
116
75
-48
0
8
33
29
-14
41
-89
66
48
21
-68
-129
1
37
-76
-128
-68
-147
-88
-14
-123
-220
-194
-82
-164
-209
-129
-235
-299
-122
-95
-321
-232
-100
-159
-274
-109
-153
-233
-195
-169
-90
-166
-208
-176
-23
-151
-144
-80
-91
-101
-74
-57
-140
-123
-27
-32
-14
-73
-68
30
-55
48
-62
16
123
21
-28
86
108
190
106
11
237
187
126
135
193
206
139
68
187
211
107
119
112
118
69
75
127
57
100
89
-12
87
143
37
7
34
122
123
55
80
150
52
109
137
139
86
88
80
37
191
55
27
38
87
3
21
32
-78
-5
-103
25
-69
13
-52
-165
-103
-40
-91
-160
-6
-248
-81
-129
-107
-129
-245
-130
-171
-177
-142
-124
-206
-171
-168
-214
-110
-162
-260
-260
-109
-92
-239
-119
-187
-129
-124
-2
-93
-117
-57
-27
-6
-26
82
-35
-49
131
129
113
149
32
95
214
122
228
166
82
230
268
191
187
264
138
229
261
214
154
181
254
269
170
216
140
89
191
259
157
67
63
91
128
1
23
-31
23
-39
29
18
-33
-91
-117
-51
8
-48
-206
-160
-140
-129
-96
-124
-145
-133
-167
-219
-125
-57
-283
-193
-119
-155
-196
-220
-214
-149
-169
-264
-133
-175
-157
-250
-223
-153
-105
-103
-208
-157
-68
-131
-189
15
-110
-102
-51
-36
-38
21
13
-20
38
27
92
112
91
56
155
202
198
175
207
208
272
289
238
275
215
238
272
352
203
229
179
170
297
202
78
104
246
122
150
118
110
65
119
71
97
50
9
28
8
49
66
-114
-90
-23
52
15
-148
-58
-81
-26
-102
-38
-118
-95
-138
-92
-46
-97
-108
-148
-89
-113
-54
-191
-241
-111
-91
-131
-178
-100
-166
-175
-73
-101
-98
-132
-84
-138
-13
-57
-117
-100
4
-73
-149
-103
-177
-128
-130
-124
-197
-129
-167
-241
-160
-131
-61
-198
-171
-71
-33
-84
-57
47
63
83
53
91
136
191
149
179
160
241
224
204
190
243
265
234
149
163
311
155
193
180
204
222
207
92
139
197
121
97
67
64
48
67
73
105
28
-2
-49
28
96
21
-79
7
51
18
-67
-33
-1
-29
2
-16
-29
-76
7
-141
-114
-49
-47
-183
-160
-77
-101
-72
-196
-118
-157
-104
-90
-124
-51
-115
-123
-181
-69
-47
-125
-104
-88
-58
-74
-104
-188
-92
-40
-95
-7
-54
-136
-100
-57
-93
-50
-27
-112
-90
-116
-15
9
-124
-64
-33
51
27
29
30
76
91
119
184
163
210
166
211
240
269
214
159
202
243
238
217
164
127
115
133
140
154
144
125
24
60
144
71
47
-3
50
35
43
-44
-60
3
-16
-6
-53
-10
-67
-112
-135
-32
-2
-97
-116
-182
-92
-93
-151
-173
-149
-71
-126
-152
-162
-104
-67
-148
-120
-42
-80
-89
-52
-92
-8
-44
-97
-9
10
-9
-16
-86
-27
-15
-38
-27
-9
-33
-121
-85
-53
-105
-150
-51
-103
-103
-94
-91
-112
-123
-64
-39
-35
-34
-30
-57
-10
20
56
106
83
69
117
170
152
108
91
204
232
116
171
195
188
153
111
153
165
127
81
156
172
141
97
169
93
104
183
126
164
107
121
102
101
133
95
66
72
99
1
15
-33
-7
-24
-44
-45
-146
-145
-75
-115
-202
-106
-121
-162
-136
-109
-162
-174
-188
-123
-122
-114
-69
-170
-136
-54
-48
-107
-85
-108
-79
-48
-32
-43
-85
-95
-105
-80
-79
-68
-93
-87
-91
-74
-67
-88
-80
-50
-30
-46
-20
-17
-37
-4
-6
-42
0
71
6
-80
-18
56
40
68
74
56
55
119
101
133
185
149
90
137
198
215
171
159
184
212
178
181
189
146
126
134
144
81
113
73
86
46
56
63
-6
8
-29
-11
-68
-23
-54
-46
-111
-95
-102
-102
-49
-93
-61
-131
-45
-140
-132
-90
-100
-154
-120
-59
-59
-56
-127
-108
-124
-22
-61
-67
-38
-79
-65
-12
-14
-50
14
2
-16
-7
1
6
-43
-18
-22
15
45
-1
5
19
-36
-58
-2
5
-30
-41
-99
-107
-47
-86
-137
-74
-59
-81
-47
-40
-44
-23
-16
5
15
53
92
52
61
115
124
80
130
164
138
103
201
194
136
127
121
187
142
134
118
95
82
102
22
50
133
65
-3
12
50
21
12
-7
20
-26
26
45
-28
-38
-4
21
-26
-21
6
-12
-9
-40
1
4
-41
-52
-94
-35
-9
-37
-112
-80
-88
-41
-42
-110
-63
-66
-81
-78
-58
-103
-94
-84
-57
-98
-61
-62
-111
-70
-56
-35
-66
-60
-30
-50
-103
-35
-36
-37
-67
-91
-59
-38
-61
-79
-54
-46
-33
-100
-78
-17
-15
-23
-14
3
22
2
-6
38
110
84
59
99
103
107
115
112
127
170
136
104
140
137
128
117
102
122
148
109
91
78
73
25
62
100
65
37
19
-3
20
19
-8
-32
-27
36
-21
-24
-47
-69
-50
-17
-1
-21
-39
-53
-36
-34
-37
-34
-72
-65
-50
-45
-56
-92
-101
-111
-80
-76
-92
-55
-45
-76
-97
-37
-27
-44
-41
-4
17
25
22
-8
30
21
38
39
53
32
9
14
10
28
-18
-11
-14
-22
-4
-56
-60
-59
-45
-76
-43
-7
-50
-73
-33
-9
-16
17
11
-32
32
78
57
63
77
85
67
67
110
111
76
123
138
83
65
99
63
38
41
55
41
14
-5
20
6
1
18
-16
1
39
35
23
37
25
29
13
29
27
2
0
-1
8
-19
-52
-58
-48
-40
-27
-34
-41
-98
-117
-97
-82
-60
-56
-78
-95
-68
-55
-75
-57
-47
-34
-15
-51
-55
-31
-38
-42
-33
-58
-47
-39
-56
-81
-58
-43
-63
-73
-66
-55
-42
-44
-58
-57
-72
-55
-29
-23
-19
-3
24
5
8
10
18
33
38
86
84
63
62
77
79
102
126
126
132
126
114
144
160
130
123
104
108
132
110
98
97
76
101
105
84
71
30
36
32
26
20
-5
22
21
14
-13
-34
-45
-33
-67
-79
-22
-43
-96
-82
-73
-97
-85
-69
-85
-67
-62
-85
-80
-87
-83
-68
-67
-64
-58
-65
-60
-35
-56
-91
-48
-33
-55
-26
-12
-13
-6
-18
-21
8
-16
12
42
21
6
-17
2
-7
-8
-4
-6
6
-3
-17
-34
-16
-17
-28
-27
-10
5
-15
-27
-12
11
2
-8
-7
35
39
40
46
42
46
40
66
78
95
88
77
84
74
84
76
61
82
91
74
73
75
39
24
40
44
37
38
26
7
24
4
-6
-15
-2
18
23
2
-21
-10
8
4
-11
-5
-5
7
-25
-39
-26
-18
-48
-55
-47
-46
-45
-67
-84
-77
-84
-104
-86
-59
-73
-94
-75
-78
-75
-71
-92
-86
-69
-48
-44
-53
-51
-57
-70
-64
-36
-36
-46
-43
-32
-33
-47
-59
-59
-40
-21
-10
-14
-24
4
-12
15
49
54
46
43
73
73
84
95
82
90
122
122
114
106
117
123
100
106
123
110
114
128
114
121
116
71
70
103
104
77
62
62
42
33
34
26
25
-3
-4
-9
-9
-14
-16
-39
-73
-57
-46
-43
-66
-70
-53
-68
-84
-96
-90
-75
-84
-91
-84
-96
-90
-78
-91
-70
-45
-66
-78
-71
-59
-44
-50
-30
-3
-14
-21
-11
-16
-23
-24
-16
-13
-6
-3
4
-14
-13
-7
-21
-10
-17
-18
-23
-12
-5
-21
-38
-40
-45
-18
-11
-15
8
-1
-16
-6
-2
-2
18
30
40
5
20
31
35
34
38
58
47
65
63
55
44
56
63
76
80
72
62
69
77
73
75
72
77
93
78
66
90
81
41
39
59
55
53
37
23
40
28
-11
-11
-5
-10
-6
-7
-16
-27
-43
-31
-35
-46
-44
-55
-59
-64
-65
-75
-79
-82
-54
-75
-94
-83
-82
-99
-81
-66
-95
-107
-92
-92
-86
-71
-96
-99
-84
-59
-54
-61
-52
-26
-17
-39
-29
-6
-16
-11
22
24
16
16
15
-7
29
61
64
51
48
63
63
53
70
89
78
83
94
85
75
88
85
88
97
99
89
90
99
90
81
84
71
65
63
57
43
36
20
30
20
-1
-2
-14
-8
-6
-18
-44
-55
-35
-41
-47
-57
-56
-55
-53
-48
-81
-75
-77
-70
-85
-62
-68
-67
-70
-69
-43
-54
-44
-47
-35
-38
-36
-25
-11
0
3
6
0
20
13
3
-1
14
19
2
-15
-4
1
-2
13
12
5
7
19
13
-1
7
10
1
10
9
-12
-17
8
4
-8
-7
10
-1
-9
1
11
15
3
-4
9
1
2
13
21
17
28
27
3
19
22
23
42
41
23
29
43
34
29
39
48
49
20
25
37
33
32
49
21
19
30
28
37
18
3
12
16
8
2
-13
-14
-15
6
-4
-21
-32
-30
-11
-13
-14
-23
-17
-17
-26
-25
-16
-5
-7
-19
-19
-13
-32
-31
-24
-25
-45
-41
-47
-52
-63
-67
-65
-58
-71
-89
-69
-77
-82
-76
-77
-75
-78
-91
-90
-78
-67
-47
-38
-36
-22
-27
-20
-6
11
18
23
41
38
41
56
47
35
40
61
67
65
54
79
78
80
83
71
83
96
87
69
80
86
78
68
82
75
68
68
61
66
68
63
53
65
64
47
58
39
41
42
29
40
36
36
15
18
13
-9
12
15
4
-3
-14
-23
-19
-35
-22
-17
-35
-31
-38
-41
-42
-48
-50
-47
-35
-39
-39
-34
-44
-53
-44
-43
-57
-61
-63
-59
-77
-82
-78
-88
-98
-88
-83
-89
-97
-97
-80
-77
-72
-69
-66
-56
-54
-48
-41
-42
-34
-19
-22
-16
-11
-12
2
8
11
12
0
16
17
21
42
37
22
37
55
34
48
55
47
55
48
46
47
48
49
68
63
65
48
48
41
37
42
27
35
44
41
32
40
40
29
25
22
31
21
20
25
22
31
15
8
4
10
19
8
7
1
18
15
7
12
13
11
22
24
14
20
15
18
12
5
-2
-4
10
-21
-24
-37
-35
-42
-46
-55
-53
-42
-45
-36
-52
-41
-53
-47
-42
-35
-31
-33
-22
-17
-20
-6
-7
-19
-9
-3
16
25
19
7
15
12
21
25
29
33
19
28
14
4
6
5
-3
-1
-2
-1
1
-18
-11
-8
2
11
0
-4
10
12
16
22
15
8
18
19
14
12
19
15
-4
-3
-2
-8
-20
-12
-9
-17
-29
-19
-18
-23
-12
-20
-16
-9
-3
-15
0
6
-5
-3
-1
-4
-1
-9
-7
-3
-4
-13
-4
-3
-17
-5
-12
-15
-25
-25
-23
-18
-23
-31
-35
-34
-34
-34
-30
-32
-31
-35
-33
-24
-9
-17
-8
-6
-12
-9
11
19
22
26
22
25
23
16
26
28
23
37
28
23
25
34
23
21
31
22
9
8
15
17
25
35
33
28
14
17
38
38
36
42
43
38
49
38
35
32
34
38
39
40
32
30
19
21
22
22
18
18
18
13
20
10
7
-3
1
0
-4
-11
-16
-13
-19
-14
-32
-34
-27
-18
-25
-31
-29
-39
-41
-40
-38
-50
-50
-52
-41
-50
-64
-64
-54
-69
-63
-64
-80
-67
-63
-67
-68
-48
-39
-37
-38
-37
-21
-16
-28
-18
-5
-7
9
20
3
20
24
29
34
25
31
17
29
27
31
21
34
47
42
30
36
54
54
48
42
47
36
40
44
44
31
37
39
28
23
14
27
29
25
18
12
17
23
12
0
6
0
-5
-6
0
4
-7
-16
-18
-20
-26
-14
-15
-17
-21
-8
-9
-2
10
11
-1
3
4
-1
5
-7
4
-8
-15
-10
-15
-19
-17
-15
-28
-31
-34
-34
-41
-42
-38
-29
-21
-26
-31
-31
-21
-20
-19
-16
-15
-12
-17
-20
-7
0
-1
-12
-10
5
12
-9
-9
-3
-2
9
11
20
13
24
25
26
33
34
38
37
38
46
47
42
48
60
62
64
66
52
43
44
51
47
40
39
23
15
11
6
-1
-15
-7
-9
-18
-22
-22
-14
-18
-25
-23
-31
-33
-21
-21
-25
-20
-16
-21
-19
-13
-2
3
1
-2
6
6
-5
-13
-2
4
-8
-16
-12
-17
-23
-23
-25
-22
-25
-38
-46
-48
-50
-55
-55
-39
-41
-50
-56
-50
-41
-46
-50
-46
-36
-44
-35
-31
-23
-20
-25
-21
-27
-27
-17
-12
-6
-9
-7
-10
-14
-5
6
17
18
19
19
26
33
34
44
55
57
53
65
70
81
75
70
75
74
64
55
60
57
56
49
39
36
39
24
30
36
35
35
19
21
17
25
23
18
18
21
21
12
16
16
11
8
14
14
2
7
4
-11
-7
-8
-17
-20
-32
-27
-20
-27
-28
-23
-29
-30
-32
-28
-36
-40
-44
-54
-44
-48
-48
-47
-60
-54
-52
-53
-60
-58
-54
-48
-50
-54
-51
-45
-45
-43
-30
-32
-25
-28
-24
-21
-16
-10
-6
0
-3
-5
0
15
12
25
24
23
33
33
39
42
48
37
38
52
56
58
70
68
58
60
57
54
46
49
49
32
31
37
36
25
31
20
6
15
8
22
12
-3
11
3
5
6
4
3
-2
7
-1
-12
-1
-7
-9
-6
-8
-6
-19
-20
-13
-13
-21
-23
-27
-25
-19
-20
-27
-37
-44
-44
-41
-42
-47
-55
-59
-52
-45
-45
-45
-47
-44
-49
-43
-41
-45
-35
-26
-34
-35
-31
-30
-23
-21
-14
-11
-13
-16
-10
-7
-1
2
6
9
16
23
23
28
37
36
40
46
44
46
56
59
62
61
71
72
70
74
68
65
58
63
60
71
61
54
44
35
40
34
31
29
29
18
13
12
9
-3
5
-7
-9
-4
-3
-13
-11
-7
-18
-21
-22
-17
-14
-13
-22
-16
-24
-29
-31
-27
-24
-25
-28
-28
-28
-28
-28
-25
-27
-26
-17
-30
-32
-27
-30
-35
-33
-32
-32
-33
-38
-38
-33
-36
-36
-38
-55
-52
-46
-54
-51
-42
-40
-37
-28
-38
-31
-33
-29
-18
-14
-25
-23
-9
-16
-11
5
11
9
14
9
13
31
36
41
44
47
48
54
44
55
70
69
74
68
59
52
63
63
64
64
49
37
37
39
35
29
26
18
16
17
6
5
8
16
14
9
9
3
-6
0
9
8
-1
-5
-8
5
5
-4
-2
-4
-6
-9
-12
-14
-7
0
-1
-12
-11
-8
-16
-16
-14
-11
-28
-37
-35
-34
-35
-38
-35
-44
-47
-51
-60
-62
-48
-44
-47
-56
-56
-52
-59
-49
-48
-37
-35
-38
-40
-41
-30
-32
-36
-38
-37
-27
-32
-29
-14
-9
-10
-1
9
13
20
31
42
49
60
60
71
73
73
77
77
81
84
87
87
94
81
81
80
76
80
69
55
57
50
46
43
45
47
31
26
18
20
14
5
1
1
-8
-5
-2
-9
-5
-9
-12
-17
-13
-15
-23
-24
-24
-25
-29
-28
-39
-38
-35
-48
-57
-64
-59
-57
-62
-65
-59
-60
-59
-57
-60
-62
-53
-59
-60
-59
-54
-47
-53
-41
-43
-44
-43
-46
-42
-41
-43
-37
-33
-29
-23
-21
-22
-19
-7
6
10
30
36
31
33
30
39
42
53
55
58
66
71
72
71
83
85
83
81
83
77
79
86
79
68
65
59
58
52
44
51
46
29
22
30
19
16
12
3
-3
-9
-11
-13
-17
-12
-15
-25
-35
-35
-36
-46
-39
-41
-51
-48
-43
-52
-49
-45
-47
-51
-57
-52
-53
-48
-57
-53
-43
-43
-50
-48
-44
-41
-38
-42
-36
-25
-24
-30
-37
-30
-30
-28
-19
-19
-3
-1
-3
-5
-1
10
5
6
9
9
16
19
23
25
24
29
29
34
44
50
34
34
43
40
49
49
47
45
44
44
39
46
44
39
35
32
28
36
31
22
21
20
19
11
15
11
8
4
2
8
4
-2
-1
-1
-6
-10
-12
-9
-9
-14
-14
-13
-13
-13
-14
-21
-22
-22
-13
-24
-30
-32
-36
-36
-30
-29
-27
-21
-28
-24
-28
-24
-22
-18
-17
-16
-14
-22
-22
-22
-23
-22
-22
-17
-13
-14
-10
-8
-12
-3
2
-3
9
6
3
2
0
1
-1
3
3
7
12
10
4
5
7
5
9
10
10
13
12
12
17
22
29
22
23
26
27
29
32
31
26
32
31
27
31
33
27
35
32
32
26
29
27
28
21
16
22
13
7
0
3
-2
-1
-1
-5
-8
-8
-5
-5
-7
-15
-13
-16
-18
-18
-20
-22
-20
-16
-17
-23
-23
-24
-23
-25
-29
-24
-24
-28
-30
-30
-26
-22
-25
-25
-28
-28
-30
-34
-33
-20
-27
-31
-27
-21
-18
-22
-21
-22
-20
-23
-25
-24
-14
-14
-15
-10
-12
-8
-9
-4
-2
1
4
-4
2
5
11
13
11
15
18
25
27
30
35
33
41
40
41
42
35
35
40
46
39
43
53
46
45
49
47
41
39
37
40
37
39
37
33
34
34
34
27
22
19
26
17
14
15
16
9
-2
-2
-7
-13
-12
-13
-14
-14
-22
-29
-28
-25
-22
-31
-37
-38
-38
-36
-41
-39
-45
-45
-48
-48
-55
-57
-58
-58
-60
-57
-48
-51
-48
-49
-47
-42
-41
-40
-40
-37
-33
-37
-38
-30
-27
-25
-23
-16
-15
-14
-11
-6
-2
8
16
18
22
23
28
26
31
33
38
46
51
48
52
56
54
45
50
52
49
51
49
47
43
42
44
39
33
34
33
32
29
31
32
31
34
30
34
30
25
22
11
17
8
8
5
0
10
8
-1
-6
-2
-8
-13
-11
-19
-20
-24
-30
-34
-45
-46
-43
-47
-43
-44
-44
-47
-49
-52
-46
-37
-35
-27
-27
-28
-23
-22
-22
-17
-14
-16
-17
-11
-10
-13
-3
-1
0
-3
-3
1
-5
-2
4
12
15
14
14
21
26
23
19
21
20
20
17
14
20
16
8
11
15
7
5
5
2
8
9
3
12
18
12
10
12
10
14
13
13
11
13
11
8
10
9
9
9
10
7
0
0
1
-5
-5
-5
1
1
1
3
-1
-1
1
-4
-3
-5
-3
-6
-7
-10
-10
-7
-10
-17
-19
-18
-23
-17
-22
-23
-22
-17
-13
-16
-12
-8
-14
-19
-17
-17
-15
-15
-14
-16
-15
-15
-8
-9
-8
1
-5
-7
-4
0
-5
-3
-3
-1
-4
-6
-5
-1
4
1
4
7
9
7
9
9
14
13
11
17
15
22
20
15
23
18
17
20
19
18
16
19
17
18
22
22
21
18
19
20
24
24
17
12
12
10
12
14
16
11
11
7
1
1
7
4
-1
2
-1
-3
-4
-7
-8
-4
-5
-5
-6
-13
-12
-7
-8
-15
-15
-12
-14
-18
-15
-12
-16
-16
-16
-16
-14
-13
-17
-12
-14
-22
-24
-24
-18
-20
-20
-17
-16
-22
-25
-26
-19
-20
-16
-10
-13
-12
-12
-12
-10
-3
0
3
5
6
9
8
12
15
19
16
15
14
12
14
20
18
17
21
20
15
14
15
15
14
11
6
12
11
14
12
6
7
6
7
8
13
15
10
5
3
5
7
11
13
10
7
6
5
4
2
0
0
3
2
-3
-1
-5
-10
-10
-13
-16
-18
-19
-18
-17
-20
-25
-23
-21
-20
-20
-22
-22
-22
-21
-24
-23
-23
-21
-21
-20
-22
-23
-18
-16
-17
-17
-13
-12
-14
-16
-17
-15
-8
-8
-6
-1
3
3
5
9
10
14
18
16
13
17
17
19
22
24
27
31
28
26
27
27
29
31
31
27
29
28
26
29
26
29
28
28
27
25
29
25
26
26
26
26
27
22
21
23
16
14
11
9
5
-1
-4
2
0
-3
-6
-8
-9
-10
-8
-8
-9
-11
-11
-15
-17
-19
-21
-20
-21
-26
-24
-26
-27
-26
-29
-27
-25
-27
-26
-28
-29
-32
-35
-31
-28
-29
-29
-30
-28
-28
-33
-30
-28
-27
-27
-25
-24
-21
-16
-13
-12
-10
-10
-10
-2
2
3
8
10
11
10
11
16
13
13
16
18
16
15
15
9
13
6
6
10
14
18
15
15
17
20
17
17
17
18
15
19
19
20
17
15
13
10
14
13
17
19
18
14
14
14
16
13
15
13
11
12
10
13
11
7
5
9
5
2
1
-1
-2
-3
-6
-9
-11
-12
-15
-19
-21
-18
-17
-21
-22
-18
-18
-20
-20
-24
-23
-21
-17
-15
-12
-10
-9
-6
-9
-9
-8
-6
-3
0
1
3
4
-2
5
7
5
8
11
10
9
8
9
10
8
6
2
3
3
2
-1
2
1
2
6
5
7
5
10
9
11
12
9
10
8
12
10
9
12
10
8
10
9
11
10
10
3
5
8
4
6
3
1
2
0
1
3
2
-1
-8
-13
-12
-10
-11
-9
-11
-13
-16
-15
-19
-17
-18
-18
-21
-18
-21
-18
-16
-19
-17
-17
-16
-16
-18
-20
-18
-17
-16
-16
-12
-7
-8
-5
-3
-4
-4
-7
-4
-4
-3
-1
2
2
-1
3
1
0
1
-2
0
5
2
3
5
7
7
5
8
11
12
18
17
21
20
23
26
27
30
29
26
27
27
25
28
26
27
26
21
15
12
12
14
10
10
9
5
5
4
6
3
-2
-1
-3
-2
-5
-6
-5
-6
-6
-9
-11
-8
-7
-9
-5
-7
-8
-8
-6
-6
-3
-3
-6
-9
-4
-5
-8
-6
-8
-10
-14
-13
-15
-15
-16
-16
-13
-11
-10
-6
-10
-11
-10
-10
-10
-8
-7
-8
-7
-7
-8
-8
-11
-8
-7
-6
-8
-8
-5
-4
-5
-4
2
2
3
4
6
5
5
5
5
4
10
9
11
12
13
16
12
14
10
10
10
8
11
11
10
8
9
7
4
2
-1
-3
-5
-6
-8
-5
-2
0
1
2
2
0
-1
1
1
0
1
0
-2
3
2
3
3
2
-1
-4
-2
-1
-3
-3
-4
-5
-6
-5
-3
-5
-6
-6
-8
-5
-4
-7
-6
-4
-5
-5
-7
-5
-7
-6
-7
-8
-6
-5
-4
-2
0
0
0
0
-1
-2
0
-3
-4
-1
1
2
2
2
0
-2
-3
-2
0
-1
2
2
1
5
4
6
6
10
10
12
13
13
13
10
15
15
17
17
17
17
13
13
14
13
15
13
11
10
10
8
9
9
9
6
3
2
1
0
-2
-3
-2
-5
-6
-10
-10
-9
-9
-10
-8
-8
-10
-12
-11
-10
-9
-8
-12
-10
-8
-8
-8
-6
-10
-13
-15
-15
-15
-12
-13
-16
-16
-17
-19
-18
-16
-16
-13
-15
-16
-14
-11
-10
-11
-6
-2
-4
-3
-3
-1
0
0
3
4
2
3
3
3
3
5
7
8
7
9
8
8
10
9
12
12
10
14
10
11
13
10
11
12
10
9
12
13
12
12
14
15
16
16
16
15
12
11
9
10
7
6
9
3
5
5
1
1
2
-1
0
-2
0
-1
-6
-4
-6
-6
-7
-7
-5
-6
-5
-5
-4
-7
-8
-9
-11
-9
-11
-10
-10
-12
-8
-8
-11
-11
-8
-7
-9
-9
-7
-8
-9
-7
-9
-7
-5
-4
-4
-2
-1
1
0
1
2
-2
1
-1
2
4
3
4
5
3
1
4
5
6
6
5
3
1
0
1
3
4
6
6
6
8
6
11
12
12
12
14
12
11
15
13
12
10
10
9
11
9
8
10
9
3
3
0
-1
-4
-3
-5
-6
-7
-10
-11
-9
-8
-8
-8
-10
-12
-14
-13
-12
-10
-11
-12
-12
-13
-11
-11
-11
-10
-8
-6
-8
-8
-8
-5
-6
-4
-3
-2
-3
-3
-4
-3
-4
-2
-2
-1
0
-2
1
0
1
-1
0
1
1
1
1
2
2
1
2
3
2
2
4
7
6
7
7
5
5
8
6
8
7
9
8
8
7
6
6
7
6
4
4
3
4
2
0
0
2
-2
-2
-1
1
1
-2
0
3
0
1
-1
-2
-1
-3
-1
-2
-1
-2
0
2
1
0
-2
-2
-3
-3
-3
-1
-1
2
4
1
3
4
3
2
0
-1
3
1
-3
0
2
1
2
3
3
1
3
3
3
2
2
2
1
2
1
-1
0
-1
0
1
-1
-1
-3
-3
-4
-6
-6
-5
-6
-7
-5
-6
-6
-5
-6
-5
-4
-2
-3
-2
-3
-2
-1
0
0
-3
-3
-2
-1
0
-1
-3
-3
-4
-5
-2
-2
0
-1
-2
-1
-1
-2
1
1
2
1
-2
-3
-2
-2
-3
2
4
6
5
7
6
6
9
9
10
10
8
7
6
5
5
5
4
2
0
2
3
0
-2
-2
-3
-4
-4
-3
-2
-2
1
0
0
1
1
1
2
1
-1
1
2
2
-1
0
0
-4
-6
-7
-5
-8
-8
-7
-5
-3
-3
-1
-2
-1
0
0
0
1
1
-1
3
1
5
5
3
6
3
3
4
4
5
4
6
7
6
7
7
7
5
4
3
2
1
0
0
0
-2
1
3
-2
-3
-1
-1
0
0
0
-1
-2
-1
-2
-3
-1
-2
-2
-4
-4
-5
-3
-2
-2
-2
-4
-6
-8
-7
-7
-7
-6
-6
-4
-3
-3
-1
-1
-1
-3
-3
-3
-5
-3
-3
-4
-1
-2
-1
-3
-1
1
1
2
3
2
2
2
2
2
4
7
8
7
5
5
3
3
4
3
1
0
0
2
3
4
4
3
2
3
4
4
4
3
3
4
4
4
3
2
0
-2
-1
-2
-1
0
0
1
1
3
1
2
2
1
3
4
3
3
2
4
2
3
4
2
1
1
3
2
1
1
1
1
1
0
-3
-2
-1
-4
-4
-4
-5
-7
-5
-5
-5
-7
-7
-8
-8
-7
-7
-5
-5
-5
-4
-2
-2
-1
-1
0
-2
1
2
2
1
2
3
1
3
4
4
1
0
1
1
1
1
0
-2
-1
-1
-3
-5
-6
-6
-6
-7
-6
-7
-8
-6
-8
-5
-5
-4
-3
-4
-5
-3
-1
1
0
-2
-2
-1
-1
-1
0
1
1
2
1
1
2
3
2
4
4
3
5
5
6
5
6
4
4
5
4
4
3
4
3
2
2
2
3
4
3
1
1
1
3
3
2
3
3
3
2
1
2
4
5
6
6
6
5
6
5
5
4
5
4
2
1
0
0
-2
-1
-1
1
2
1
0
0
1
-1
-2
-1
-4
-4
-3
-3
-4
-4
-4
-5
-6
-6
-4
-3
-2
-1
-2
-2
-3
-4
-3
-3
-3
-2
-1
-2
0
1
2
1
1
0
0
-1
-1
0
1
0
0
-2
-1
0
1
2
1
1
1
0
0
0
1
1
1
2
3
4
4
4
2
3
1
1
0
0
0
-3
-1
-2
-3
-1
-3
-3
-3
-3
-2
-4
-3
-4
-4
-2
0
1
-1
-3
-3
-4
-4
-2
-4
-4
-2
-4
-3
-3
-3
-1
-2
-4
-3
-2
-3
-1
0
1
1
1
1
2
3
0
1
0
1
0
0
0
0
1
0
0
2
1
4
2
2
2
2
3
2
3
3
3
3
3
3
3
4
4
4
4
4
5
5
7
7
6
7
7
6
6
5
5
5
4
4
4
5
5
5
3
2
1
1
2
1
1
2
-1
-1
-1
-2
-3
-2
-6
-7
-6
-7
-6
-8
-9
-9
-9
-7
-7
-8
-8
-6
-8
-8
-6
-5
-6
-5
-4
-4
-4
-2
-3
-4
-4
-3
-3
-1
-2
-1
-2
-2
-2
-3
-5
-4
-5
-6
-6
-7
-6
-6
-5
-5
-3
-2
-1
1
2
2
2
4
3
5
5
5
5
5
6
6
5
5
6
6
7
8
8
8
8
7
7
8
8
7
7
4
3
3
4
4
2
3
1
3
2
3
5
3
3
3
2
2
3
2
1
1
0
0
-2
1
0
-2
-2
-2
-1
-2
-3
-4
-2
-5
-4
-3
-5
-3
-4
-4
-2
-2
-2
-2
-2
-3
-2
-3
-3
-3
-4
-3
-3
-2
-1
-1
-1
0
-1
0
1
0
-1
1
0
2
1
2
2
2
2
1
0
1
2
1
2
1
1
1
0
