-4
-2
-2
-1
-2
-1
-2
-1
-1
-1
-1
-1
-2
-2
-2
-2
-2
-2
-2
-2
-2
-1
-1
0
-1
-1
-1
-3
-2
-2
-1
-1
0
-1
-1
-1
-3
-2
0
0
1
2
2
2
1
1
1
1
1
0
2
2
2
3
2
2
1
1
0
1
0
1
1
0
1
0
1
0
0
1
0
1
2
3
3
1
3
3
3
3
2
2
2
2
2
2
2
2
1
1
1
0
1
1
1
2
2
2
2
2
2
1
2
1
1
0
1
1
1
1
2
1
1
1
1
1
0
1
1
1
2
1
1
2
2
3
2
2
2
3
3
3
1
0
0
0
0
-1
-2
-1
-1
0
-1
-1
-1
-2
-2
-1
-1
-1
0
-1
0
-1
0
-1
0
0
0
1
0
0
1
0
0
-1
-2
-2
-2
-1
-3
-3
-2
-2
-2
-2
-3
-3
-2
-2
0
0
-1
-1
-2
-2
-2
-2
-1
-3
-4
-4
-3
-4
-4
-4
-4
-4
-3
-4
-4
-3
-2
-1
-1
-2
0
-1
-1
-1
-2
-1
-1
-1
0
-2
-1
-1
-2
-2
-1
-1
0
1
2
1
1
2
0
0
1
1
1
2
2
1
1
0
0
0
0
1
0
0
1
1
0
0
1
-1
0
0
-1
3
1
2
2
2
3
2
2
4
3
3
3
3
2
2
2
3
4
3
3
4
3
3
3
4
3
3
1
2
2
1
2
0
1
2
0
0
0
0
-2
-1
-2
-2
-2
-1
-2
-2
-2
-3
-2
-1
-2
-1
-1
-1
-2
0
-1
-2
-1
-2
-1
-2
-2
-2
-1
-1
-1
-2
-1
-1
-1
-2
-1
-2
0
1
1
0
1
2
2
1
1
0
-1
-2
-2
-3
-3
-2
-3
-1
-1
-2
-1
-2
-1
-1
0
0
1
1
2
1
2
2
2
1
1
2
3
3
2
2
2
1
1
1
1
0
0
0
-2
-1
-2
-2
-1
-1
-1
-2
0
-1
-1
0
-1
-1
0
0
1
1
0
-1
-1
-1
-1
-1
-1
-1
1
1
0
0
-1
0
-1
0
0
1
2
1
2
1
1
1
1
0
1
0
1
1
0
0
0
0
0
0
1
1
1
0
0
-2
-2
-2
-2
-1
-2
-1
1
2
2
2
0
0
0
1
0
0
0
0
1
0
-1
0
-1
-1
1
0
0
1
2
2
2
2
1
2
1
0
0
0
2
1
0
-1
1
1
1
1
1
1
2
1
1
3
2
2
3
3
3
2
2
2
2
1
4
3
1
1
1
1
2
2
3
2
1
0
-1
-1
-1
0
-1
-1
0
1
0
0
0
-1
-2
-2
-2
-1
-1
-1
-3
-4
-6
-7
-7
-7
-5
-6
-6
-5
-5
-5
-5
-3
-3
-3
-4
-3
-3
-2
-2
-1
0
-2
-3
-4
-4
-5
-4
-5
-4
-5
-4
-3
-3
-3
-2
-2
-1
0
1
1
2
2
2
2
0
0
1
0
1
1
1
1
2
1
2
2
2
2
3
3
2
4
4
4
5
4
2
2
2
4
3
3
4
3
3
2
1
2
2
1
1
1
2
3
2
2
2
2
3
2
2
3
3
2
3
3
3
3
2
0
-2
-2
-2
0
2
1
3
2
2
2
1
1
0
1
3
2
3
2
2
1
1
0
0
-1
0
-1
-2
-1
-1
-1
-2
-2
-2
-2
-3
-3
-1
0
0
0
1
0
0
0
-1
-1
-1
-2
-1
0
-2
-2
-3
-4
-4
-4
-3
-3
-4
-3
-2
-3
-2
-1
-1
-2
-1
-2
-2
-2
-3
-2
-4
-1
-3
-3
-2
-1
-2
-2
-3
-2
-1
-1
-1
-1
-1
-1
1
0
2
3
1
2
1
1
2
2
2
2
0
-5
-11
-10
4
15
9
-9
-18
-9
5
10
7
5
4
8
8
13
16
14
8
3
7
13
12
5
-3
-6
-4
3
6
-7
-13
-19
-15
-12
-7
-2
-9
-18
-15
-3
2
5
1
4
10
18
22
17
16
16
21
22
18
15
6
-1
-3
-2
-4
-14
-21
-30
-31
-26
-21
-19
-22
-23
-22
-12
-8
-2
-3
0
9
13
20
18
15
10
10
15
16
15
7
2
-1
2
3
2
-4
-13
-19
-17
-12
-10
-10
-15
-13
-9
-5
-2
-1
0
2
1
4
6
9
12
12
13
15
17
14
13
12
14
16
15
13
7
5
2
3
2
2
-4
-9
-9
-11
-8
-8
-8
-7
-2
0
0
-2
-1
-1
1
0
2
5
5
6
5
6
8
4
-3
-7
-10
-6
4
5
-1
-10
-15
-12
-6
-7
-9
-14
-16
-20
-19
-14
-11
-11
-13
-11
-8
-4
0
-2
-1
0
0
-1
0
0
3
0
-3
-7
-2
3
0
-3
-5
-4
0
1
-1
-4
0
1
0
-1
1
5
8
8
7
10
7
9
7
7
8
8
6
4
8
11
11
9
4
0
-2
-2
5
10
11
13
12
16
21
25
27
24
25
24
25
22
19
14
8
5
2
4
0
0
-6
-8
-7
-5
-6
-7
-10
-14
-16
-16
-12
-8
-10
-11
-11
-6
-4
-3
-1
-9
-15
-22
-25
-29
-26
-30
-35
-42
-53
-54
-57
-64
-68
-64
-58
-46
-40
-31
-22
-8
6
23
42
55
71
83
92
102
111
110
104
101
92
78
59
37
18
-1
-17
-34
-46
-59
-68
-68
-67
-58
-46
-42
-41
-33
-19
6
29
45
59
64
70
78
89
99
98
95
89
80
64
48
32
31
12
-1
-17
-33
-50
-77
-99
-114
-124
-125
-180
-235
-251
-193
-121
-143
-232
-315
-287
-200
-126
-126
-120
-96
-35
9
30
101
165
231
262
300
355
357
342
317
327
351
323
242
130
69
24
-28
-100
-163
-212
-277
-355
-406
-398
-365
-324
-306
-308
-256
-191
-106
-42
58
202
285
348
387
457
516
561
598
626
646
609
533
437
392
388
334
229
59
-64
-182
-250
-305
-381
-443
-536
-593
-650
-639
-611
-580
-557
-498
-392
-297
-216
-152
-64
53
181
261
308
335
371
368
369
378
377
203
-120
-386
-388
-137
-31
-307
-804
-1077
-1006
-781
-694
-727
-743
-691
-573
-456
-296
-88
134
294
431
690
924
1010
946
941
1072
1218
1209
982
716
537
496
416
270
101
-106
-333
-566
-611
-512
-493
-590
-689
-631
-446
-263
-217
-210
-97
160
405
504
554
551
542
618
768
969
1010
829
566
453
519
606
534
274
26
-143
-211
-236
-256
-349
-541
-698
-738
-646
-551
-568
-601
-540
-338
-144
-96
-9
6
4
-138
-344
-449
-464
-94
373
460
-262
-1262
-1670
-1127
-416
-292
-697
-1088
-903
-606
-415
-385
-210
219
477
600
690
916
1128
1108
1088
1151
1373
1434
1101
562
141
57
160
175
-140
-630
-1099
-1390
-1366
-1161
-785
-721
-874
-1069
-1033
-622
-178
153
209
426
686
893
919
1005
1214
1423
1561
1547
1489
1290
1138
1024
952
961
851
601
141
-256
-379
-376
-426
-697
-988
-1225
-1283
-1273
-1285
-1297
-1221
-1076
-927
-726
-539
-369
-194
17
340
607
764
806
751
742
838
1051
1134
986
612
265
188
254
244
-33
-540
-1180
-1717
-1734
-1041
-406
-741
-1908
-2752
-2436
-1395
-744
-859
-1152
-963
-404
-28
185
490
938
1246
1398
1677
2080
2240
1973
1701
1812
2173
2210
1651
889
478
417
293
-96
-522
-787
-1036
-1521
-2011
-1983
-1542
-1254
-1489
-1711
-1500
-1068
-915
-895
-548
145
768
1001
988
961
1181
1566
1893
2131
2202
1985
1500
1107
1145
1376
1398
952
263
-327
-586
-583
-620
-828
-1160
-1461
-1652
-1643
-1527
-1420
-1372
-1311
-1089
-791
-469
-214
-30
71
261
604
1008
1305
1286
1015
714
683
889
1029
645
-111
-741
-802
-355
-258
-786
-1720
-2239
-2104
-1693
-1462
-1533
-1580
-1388
-1071
-820
-555
-244
192
529
760
1123
1514
1779
1692
1471
1510
1761
2002
1781
1177
603
341
338
247
-76
-463
-856
-1189
-1360
-1305
-1142
-1087
-1226
-1272
-1151
-805
-428
-188
-24
77
446
811
1064
1096
1085
1196
1449
1741
1903
1660
1185
921
915
1124
1135
911
449
-172
-505
-539
-412
-411
-743
-1163
-1467
-1439
-1230
-1156
-1166
-1073
-901
-711
-556
-382
-153
37
251
491
793
1078
1087
903
685
692
879
946
753
401
150
81
-24
-174
-594
-1319
-1922
-1910
-943
-315
-818
-2235
-2999
-2405
-1256
-712
-954
-1150
-906
-406
-252
-13
467
1018
1257
1145
1429
1942
2209
1926
1462
1647
2177
2379
1803
882
310
178
204
139
-73
-502
-1179
-1832
-1962
-1485
-1121
-1219
-1733
-1834
-1460
-1055
-908
-984
-518
97
727
826
749
766
971
1397
1881
2310
2346
1989
1458
1309
1508
1788
1741
1250
641
67
-217
-233
-203
-304
-774
-1269
-1564
-1590
-1512
-1511
-1457
-1374
-1245
-1085
-913
-668
-415
-237
-67
246
700
1047
973
759
767
1011
1248
1092
690
328
193
190
-85
-680
-1281
-1359
-979
-919
-1565
-2508
-2814
-2311
-1643
-1579
-1948
-2049
-1557
-883
-477
-216
112
580
951
1188
1524
2028
2462
2510
2218
2004
2115
2377
2290
1808
1164
748
545
352
-2
-407
-730
-1036
-1430
-1713
-1638
-1297
-1129
-1375
-1528
-1268
-658
-348
-320
-318
-14
475
982
1352
1443
1328
1155
1305
1686
2004
1970
1611
1266
1087
1036
898
653
409
85
-267
-684
-981
-1132
-1239
-1384
-1543
-1650
-1671
-1638
-1581
-1430
-1202
-989
-799
-541
-118
264
365
387
536
883
1128
1112
1007
1032
1139
1001
668
432
436
448
204
-175
-511
-1097
-1764
-2006
-1296
-462
-694
-1971
-3057
-2742
-1656
-975
-1158
-1351
-1103
-577
-341
-125
437
1036
1324
1242
1503
2148
2577
2443
1995
2015
2427
2572
2160
1444
975
659
351
29
-146
-417
-1010
-1795
-2227
-1997
-1677
-1657
-2053
-2181
-1821
-1523
-1330
-1273
-803
-167
379
746
830
975
1185
1531
1929
2336
2442
2274
1883
1780
1974
2058
1951
1432
871
457
230
237
12
-413
-917
-1387
-1622
-1736
-1706
-1668
-1717
-1872
-1980
-1905
-1482
-995
-688
-573
-525
-192
266
621
790
828
1033
1253
1396
1383
1189
974
768
566
389
97
-461
-1011
-1194
-884
-845
-1483
-2461
-2760
-2230
-1583
-1612
-1959
-1978
-1475
-874
-573
-179
318
823
1002
1112
1600
2303
2676
2485
2154
2197
2420
2407
1958
1483
1209
1006
603
68
-331
-623
-900
-1265
-1520
-1624
-1647
-1668
-1757
-1792
-1669
-1319
-900
-701
-665
-551
-240
244
778
1205
1404
1319
1277
1493
1829
2086
2085
1915
1649
1410
1331
1211
934
575
173
-64
-256
-513
-889
-1273
-1412
-1373
-1346
-1454
-1638
-1741
-1667
-1433
-1103
-791
-578
-442
-396
-267
57
476
834
880
849
804
872
953
943
884
771
620
420
113
-207
-512
-932
-1210
-1259
-882
-777
-1348
-2301
-2755
-2308
-1510
-1206
-1446
-1621
-1450
-957
-580
-125
327
658
877
1073
1532
2033
2266
2273
2192
2353
2528
2417
2045
1626
1345
1103
848
530
160
-450
-1021
-1373
-1390
-1223
-1337
-1581
-1909
-1823
-1484
-1157
-980
-910
-666
-303
246
671
963
1011
1188
1532
1929
2173
2101
1997
1896
1958
1944
1824
1656
1296
812
216
-112
-187
-335
-736
-1341
-1703
-1866
-1866
-1915
-1989
-2039
-2080
-2015
-1837
-1399
-987
-733
-601
-434
9
399
711
855
971
1198
1348
1435
1331
1228
1068
858
571
253
-94
-544
-930
-1083
-961
-1058
-1660
-2473
-2814
-2369
-1798
-1644
-1893
-2062
-1761
-1244
-663
-98
383
738
912
1181
1670
2226
2560
2550
2461
2491
2540
2438
2168
1808
1419
996
652
416
108
-366
-947
-1396
-1508
-1574
-1587
-1677
-1749
-1783
-1670
-1308
-831
-516
-491
-406
-153
402
886
1255
1415
1450
1581
1708
1866
1993
2020
1872
1522
1259
1177
1153
962
516
42
-253
-410
-588
-917
-1343
-1595
-1699
-1694
-1617
-1644
-1796
-1947
-1837
-1423
-995
-700
-577
-442
-255
44
396
748
976
999
949
961
1197
1274
1141
816
636
656
473
117
-351
-845
-1183
-1396
-1236
-974
-1214
-1955
-2709
-2668
-1987
-1410
-1405
-1588
-1548
-1043
-478
12
501
808
1145
1411
1849
2341
2607
2633
2514
2618
2844
2869
2496
1843
1308
1018
890
654
257
-405
-1130
-1676
-1856
-1667
-1577
-1756
-2104
-2182
-1902
-1540
-1412
-1217
-864
-167
328
554
681
903
1334
1693
2014
2114
2194
2060
1922
1733
1712
1792
1582
1174
543
60
-166
-319
-470
-900
-1405
-1837
-2050
-2088
-2062
-2005
-2063
-2122
-2171
-1971
-1665
-1292
-903
-608
-320
-51
334
711
951
1154
1323
1559
1694
1732
1574
1265
908
744
671
531
101
-680
-1308
-1563
-1238
-1143
-1601
-2374
-2689
-2445
-2039
-1895
-1922
-1657
-1156
-506
-111
196
460
735
1165
1733
2400
2791
2647
2294
2092
2383
2796
2879
2430
1664
996
629
478
297
70
-373
-875
-1411
-1820
-1906
-1778
-1584
-1514
-1595
-1406
-1138
-958
-965
-841
-265
402
886
951
966
993
1148
1331
1722
2116
2141
1764
1074
833
1002
1247
1112
458
-95
-419
-555
-764
-1081
-1272
-1413
-1541
-1718
-1831
-1885
-1889
-1851
-1657
-1294
-982
-824
-803
-681
-348
69
484
763
813
782
764
1030
1327
1469
1255
865
639
611
598
405
41
-335
-624
-1088
-1418
-1530
-1132
-816
-1164
-1884
-2332
-2009
-1402
-1044
-1024
-881
-573
-127
103
301
716
1188
1688
1945
2155
2300
2275
2311
2411
2602
2676
2423
1929
1363
932
706
614
313
-252
-1009
-1523
-1646
-1633
-1729
-1989
-2080
-1916
-1720
-1578
-1460
-1384
-1028
-618
0
394
526
497
474
798
1335
1781
1737
1424
1091
1203
1433
1565
1390
884
517
256
217
126
-233
-571
-978
-1212
-1308
-1348
-1356
-1497
-1711
-1896
-1827
-1574
-1230
-1063
-994
-869
-639
-182
212
490
614
684
951
1220
1495
1561
1365
1110
876
853
866
805
513
-31
-755
-1220
-1226
-901
-759
-1242
-1987
-2392
-2107
-1572
-1356
-1449
-1398
-990
-427
-155
-34
169
636
1273
1804
2083
2045
1853
1801
2116
2598
2852
2501
1779
1185
987
1074
1070
746
197
-466
-933
-1194
-1193
-1109
-1079
-1216
-1427
-1482
-1324
-1075
-1032
-964
-777
-265
188
394
312
149
265
658
1188
1433
1253
786
514
679
991
1143
885
417
-30
-322
-344
-318
-269
-562
-1044
-1391
-1424
-1211
-1198
-1353
-1504
-1414
-1195
-1050
-985
-846
-544
-285
-80
86
259
438
538
721
967
1170
1156
893
692
609
684
728
647
504
265
-24
-435
-823
-1045
-944
-578
-402
-726
-1388
-1885
-1796
-1262
-778
-671
-750
-837
-691
-364
76
591
945
1164
1253
1419
1668
1874
2057
2196
2347
2378
2128
1698
1303
1119
1010
809
430
-12
-431
-921
-1280
-1417
-1298
-1175
-1416
-1706
-1820
-1561
-1286
-1122
-1143
-870
-432
-123
-30
-128
131
430
708
778
851
954
969
859
818
967
1091
1001
592
259
220
268
153
-179
-428
-509
-593
-731
-986
-1093
-1133
-1158
-1171
-1121
-963
-877
-884
-794
-497
-202
-33
34
216
568
805
877
829
855
1011
1084
1016
862
746
658
538
280
-126
-567
-810
-637
-317
-413
-1103
-1911
-2035
-1509
-989
-956
-1216
-1200
-836
-442
-189
111
472
865
1031
1210
1552
1848
1931
1800
1857
2224
2425
2122
1453
935
919
1008
813
285
-260
-642
-911
-1173
-1311
-1289
-1265
-1364
-1614
-1698
-1522
-1209
-1052
-976
-853
-550
-252
-96
24
112
274
427
637
801
853
735
655
682
818
885
668
401
191
140
136
44
-151
-403
-601
-678
-698
-739
-876
-984
-929
-796
-685
-618
-569
-445
-273
-119
65
302
526
664
629
554
653
828
951
833
661
565
587
641
553
335
91
-61
-98
-237
-711
-1008
-930
-404
-218
-750
-1501
-1792
-1308
-647
-458
-816
-1049
-919
-372
105
392
568
646
804
968
1198
1508
1736
1876
1893
1842
1785
1596
1290
980
858
867
757
196
-501
-1007
-1061
-869
-893
-1074
-1406
-1651
-1738
-1633
-1284
-996
-903
-971
-990
-675
-365
-177
-173
-10
338
621
631
409
338
483
854
1041
1049
813
498
328
269
481
662
621
270
-225
-425
-350
-156
-140
-371
-661
-839
-762
-627
-480
-494
-517
-496
-376
-164
-45
57
123
256
403
454
493
576
693
749
690
620
580
559
491
356
149
-126
-463
-664
-499
-197
-264
-941
-1757
-1822
-1212
-576
-585
-1016
-1156
-886
-386
-33
239
516
726
781
888
1247
1685
1952
1891
1774
1784
1784
1599
1225
935
822
709
412
-153
-689
-1008
-1070
-1067
-1225
-1488
-1667
-1696
-1626
-1506
-1364
-1211
-1195
-1180
-1021
-556
-171
-115
-257
-175
266
627
697
511
491
634
800
858
868
927
813
608
423
485
671
579
272
-49
-103
-63
-175
-342
-426
-359
-444
-619
-686
-459
-151
-101
-221
-289
-15
318
469
442
391
457
531
578
624
666
693
600
445
298
227
209
218
242
114
-89
-357
-735
-1005
-1016
-481
55
-90
-957
-1829
-1675
-845
-191
-369
-861
-962
-588
-174
-90
79
360
723
861
894
1064
1218
1291
1281
1418
1699
1660
1215
572
326
481
599
403
-128
-572
-923
-1080
-1198
-1146
-1005
-1038
-1285
-1612
-1625
-1360
-1040
-864
-749
-622
-583
-637
-571
-222
285
531
489
358
380
504
587
764
981
1159
1041
714
483
518
734
864
795
560
242
-47
-149
-62
39
46
-139
-344
-460
-508
-494
-437
-294
-153
-116
-144
-205
-168
-49
116
301
447
520
489
441
438
519
582
534
462
423
442
272
-120
-487
-612
-306
82
75
-521
-1306
-1555
-1125
-532
-374
-721
-1064
-967
-564
-210
-29
95
329
569
712
836
944
1055
1108
1157
1313
1353
1142
683
264
188
330
355
29
-493
-960
-1147
-1082
-921
-873
-1113
-1410
-1474
-1235
-922
-914
-1034
-986
-619
-244
-210
-362
-407
-102
315
554
477
335
332
465
719
883
981
874
667
607
689
854
825
631
406
315
323
265
168
57
47
9
-97
-227
-300
-239
-186
-142
-108
-76
-67
-124
-102
62
273
367
293
144
117
233
349
364
283
254
260
233
174
121
136
193
169
98
-71
-338
-572
-631
-296
91
-33
-718
-1396
-1340
-661
-212
-420
-947
-1099
-702
-230
-111
-170
-166
25
256
447
667
763
714
669
781
1036
1090
792
387
238
423
587
421
-65
-529
-773
-718
-570
-568
-749
-1106
-1412
-1433
-1169
-797
-613
-776
-1017
-1105
-790
-280
13
1
-128
-78
173
522
691
740
683
727
934
1142
1282
1132
938
886
1048
1308
1326
1079
702
503
562
656
621
363
89
-100
-89
-96
-218
-371
-501
-452
-398
-353
-372
-439
-439
-372
-254
-132
2
111
86
-28
-107
144
438
538
288
46
83
128
49
-280
-339
-126
109
-134
-792
-1297
-1265
-743
-394
-500
-947
-1248
-1176
-839
-440
-157
-111
-177
-275
-177
101
411
645
738
770
735
618
476
463
531
618
562
287
-118
-531
-664
-474
-208
-190
-580
-1050
-1176
-888
-512
-416
-521
-603
-514
-346
-271
-214
-138
60
277
481
554
495
362
326
569
928
1201
1080
669
373
448
876
1216
1199
859
479
361
457
618
651
544
387
242
133
65
82
139
144
24
-158
-214
-193
-197
-280
-337
-273
-136
-107
-215
-315
-295
-223
-185
-130
24
185
170
-14
-188
-120
66
270
313
241
27
-402
-735
-675
-118
317
65
-710
-1343
-1292
-835
-541
-684
-967
-1129
-1103
-1024
-992
-871
-649
-413
-282
-246
-183
-103
31
257
568
866
930
739
460
398
600
870
920
692
367
129
51
38
65
83
34
-150
-417
-571
-550
-474
-454
-493
-409
-294
-294
-397
-453
-280
-36
97
130
190
312
416
480
602
874
1151
1282
1231
1166
1270
1400
1443
1343
1236
1222
1164
1000
760
599
466
261
-24
-234
-324
-430
-667
-908
-960
-898
-918
-1098
-1190
-1046
-771
-642
-651
-591
-398
-214
-116
-43
139
404
434
335
256
393
503
395
146
-48
-17
-17
-119
-466
-831
-1114
-1237
-1187
-1173
-1291
-1590
-1745
-1667
-1374
-1103
-1003
-947
-794
-502
-169
149
436
633
776
915
1138
1364
1420
1323
1123
1103
1200
1199
989
618
363
273
261
187
-29
-306
-548
-614
-599
-602
-612
-599
-557
-607
-627
-575
-419
-217
-36
109
179
223
259
460
771
1050
1148
1051
1030
1166
1349
1418
1364
1292
1227
1091
865
680
621
572
411
80
-208
-345
-375
-447
-617
-741
-830
-852
-898
-940
-882
-773
-656
-669
-712
-657
-489
-271
-126
-68
-63
-63
-8
129
304
369
288
164
114
186
194
150
-12
-126
-316
-613
-755
-643
-355
-482
-1064
-1594
-1499
-927
-641
-938
-1396
-1386
-937
-491
-431
-549
-483
-181
178
446
598
660
653
763
1039
1324
1376
1129
887
855
1014
1057
871
555
307
191
123
8
-167
-326
-469
-600
-661
-631
-557
-561
-614
-587
-440
-253
-179
-109
78
332
477
456
449
626
926
1115
1114
1021
976
966
932
973
1039
987
779
541
468
510
480
261
-29
-183
-167
-149
-284
-489
-627
-611
-546
-520
-560
-632
-687
-625
-439
-246
-168
-274
-424
-362
-44
280
328
112
-87
-55
142
212
121
-15
-103
-219
-456
-741
-789
-633
-502
-640
-1045
-1367
-1428
-1257
-1040
-963
-980
-1055
-1044
-846
-479
-153
-9
-24
59
374
705
896
880
917
1147
1367
1406
1199
928
840
847
867
833
652
347
2
-206
-162
-43
-77
-283
-577
-749
-722
-559
-338
-198
-156
-225
-349
-359
-152
208
493
486
265
144
323
639
813
726
552
502
541
584
598
567
538
485
410
323
189
69
4
42
97
90
-50
-218
-286
-257
-148
-127
-145
-216
-259
-251
-213
-109
-23
-15
-120
-230
-222
-106
-5
-20
-123
-228
-224
-189
-209
-289
-334
-291
-297
-380
-471
-456
-364
-343
-420
-521
-636
-659
-566
-419
-395
-610
-819
-760
-440
-220
-405
-729
-754
-401
-36
47
-115
-196
-65
204
426
509
498
492
591
772
917
915
790
708
788
912
909
716
430
250
272
370
379
237
-5
-212
-287
-223
-143
-71
-77
-179
-313
-328
-185
-19
43
-55
-190
-204
-93
26
112
160
135
111
133
242
392
448
422
443
553
638
605
513
517
633
722
688
542
418
320
261
234
219
166
10
-197
-312
-335
-345
-394
-465
-502
-537
-618
-719
-743
-666
-580
-594
-674
-712
-640
-524
-496
-522
-526
-409
-262
-242
-360
-491
-511
-350
-123
-41
-195
-508
-669
-569
-305
-144
-264
-505
-615
-468
-217
-92
-137
-168
-100
25
160
264
372
503
628
721
766
766
762
805
897
1020
1012
857
662
506
508
516
463
316
50
-151
-205
-167
-138
-223
-402
-538
-555
-464
-373
-341
-316
-305
-324
-305
-246
-105
82
206
251
220
225
312
458
549
565
560
578
642
649
599
593
689
797
764
596
416
340
315
290
242
153
26
-154
-309
-377
-369
-373
-446
-561
-668
-723
-725
-672
-571
-525
-555
-634
-608
-499
-380
-297
-271
-276
-301
-331
-308
-211
-114
-138
-292
-386
-358
-224
-180
-298
-403
-335
-206
-223
-422
-565
-428
-194
-159
-384
-546
-436
-160
-5
-72
-137
-28
173
314
416
521
659
788
827
831
861
916
944
968
966
884
681
438
340
360
404
229
-110
-282
-198
-94
-199
-484
-612
-478
-291
-269
-424
-454
-315
-127
-42
-5
9
70
158
239
392
487
434
380
425
601
724
638
480
417
512
610
537
365
273
269
272
162
-34
-135
-147
-114
-149
-301
-475
-567
-527
-427
-398
-505
-663
-714
-601
-450
-418
-468
-485
-456
-416
-430
-427
-350
-268
-300
-357
-345
-296
-220
-231
-213
-171
-179
-260
-290
-162
-28
-52
-216
-305
-252
-158
-230
-354
-293
-115
-24
-119
-238
-144
135
362
425
400
391
430
527
688
875
969
885
704
576
607
682
689
561
354
177
4
-135
-172
-115
-51
-102
-274
-459
-507
-383
-186
-50
-72
-160
-224
-169
-30
62
121
103
72
30
29
123
199
246
235
218
226
219
201
205
288
428
492
393
269
242
312
373
335
302
301
250
124
-33
-74
10
76
13
-142
-257
-281
-248
-218
-235
-277
-337
-438
-495
-494
-480
-469
-457
-468
-519
-608
-645
-562
-423
-346
-370
-408
-343
-214
-109
-67
-38
50
145
182
115
62
94
169
158
8
-126
-129
-89
-144
-352
-525
-454
-255
-189
-335
-507
-471
-224
-7
-1
-76
7
231
402
423
360
424
595
742
765
654
524
456
447
504
521
397
192
58
101
151
22
-153
-119
38
94
-90
-328
-357
-145
103
169
85
-7
-28
19
164
340
432
395
266
197
271
402
510
505
441
388
351
339
325
312
290
276
218
98
-73
-207
-217
-131
-114
-207
-385
-544
-576
-539
-471
-429
-411
-452
-562
-609
-491
-292
-161
-152
-259
-301
-246
-104
43
77
29
-47
-64
36
145
129
-22
-179
-179
-70
-50
-232
-465
-563
-471
-373
-428
-593
-708
-681
-592
-555
-535
-456
-332
-263
-233
-180
-30
159
327
436
506
574
651
728
776
840
889
866
777
659
580
557
545
478
350
230
154
68
-60
-148
-132
-43
-49
-220
-386
-385
-218
-94
-158
-259
-258
-189
-118
-75
23
176
231
185
150
243
406
480
450
400
416
491
490
432
386
356
320
267
246
202
93
-82
-201
-167
-54
-47
-230
-434
-493
-346
-142
-90
-189
-337
-382
-307
-155
-41
-46
-151
-203
-149
-67
-60
-143
-218
-220
-162
-178
-275
-360
-382
-371
-380
-392
-381
-397
-475
-565
-579
-481
-359
-347
-390
-423
-411
-333
-292
-265
-200
-108
-24
2
-23
28
173
359
465
464
464
485
516
536
559
604
656
634
515
333
219
246
317
314
180
-14
-165
-204
-156
-123
-113
-142
-184
-242
-265
-194
-66
61
118
112
113
171
276
387
455
506
532
525
505
493
474
454
430
412
368
256
105
-13
-28
4
6
-100
-257
-364
-388
-356
-309
-271
-254
-282
-311
-262
-150
-79
-67
-39
44
99
119
117
123
93
54
97
215
216
26
-146
-206
-191
-131
-146
-317
-546
-648
-574
-501
-574
-689
-716
-697
-687
-688
-664
-587
-477
-362
-296
-252
-189
-89
66
207
302
377
415
468
576
666
689
700
731
722
644
486
401
445
476
381
123
-134
-231
-186
-149
-222
-344
-424
-443
-434
-415
-366
-286
-212
-145
-92
-53
3
86
186
285
383
422
381
343
384
476
494
447
374
332
329
294
236
155
98
59
20
-50
-112
-121
-133
-175
-240
-263
-232
-157
-109
-107
-126
-126
-88
16
112
165
181
167
152
146
151
167
178
137
70
-2
-42
-97
-185
-277
-345
-340
-344
-405
-537
-646
-621
-538
-492
-506
-534
-532
-479
-385
-278
-200
-143
-126
-103
-35
88
209
301
349
356
367
397
467
515
550
535
480
427
332
258
210
184
147
55
-67
-195
-249
-256
-242
-281
-362
-404
-389
-373
-359
-298
-216
-129
-76
-51
6
109
228
316
362
416
468
487
448
410
440
491
501
441
365
315
274
224
167
114
62
20
-45
-72
-74
-105
-146
-178
-164
-105
-67
-77
-99
-84
-30
38
107
135
117
73
60
89
141
151
86
11
-28
-34
-71
-160
-255
-310
-326
-363
-446
-504
-552
-557
-557
-539
-508
-515
-542
-553
-490
-377
-278
-205
-163
-144
-81
-40
39
139
229
284
273
290
357
405
360
284
293
379
414
329
191
112
114
130
87
31
-8
-63
-121
-169
-158
-134
-147
-154
-131
-72
-48
-55
-45
23
124
173
179
174
201
238
235
234
264
279
251
207
163
121
107
107
103
96
73
-4
-50
-52
-13
21
3
-54
-83
-76
-56
-23
4
20
39
43
19
33
74
134
156
118
65
35
41
78
77
29
-56
-104
-94
-60
-71
-137
-204
-262
-267
-253
-260
-264
-245
-242
-261
-268
-258
-233
-204
-189
-163
-133
-102
-67
-24
41
116
171
184
175
189
215
232
235
244
241
198
149
134
132
87
14
-43
-46
-56
-113
-185
-228
-213
-191
-205
-249
-262
-234
-207
-205
-181
-130
-78
-61
-57
-12
62
102
94
113
153
201
243
224
193
193
237
227
177
137
132
179
189
133
79
61
72
113
121
106
92
98
118
120
106
109
143
147
130
95
76
69
57
54
14
2
-15
-66
-129
-167
-162
-144
-160
-187
-195
-197
-199
-227
-248
-226
-164
-152
-181
-237
-204
-140
-97
-123
-163
-133
-83
-60
-71
-54
-43
-39
-40
-24
21
60
70
48
35
50
76
91
70
50
25
11
22
48
58
56
48
57
69
64
49
45
66
78
96
54
-11
-27
2
69
99
56
-18
-72
-78
-36
6
-3
-46
-79
-62
-7
26
8
-36
-46
5
59
66
26
-10
27
95
147
139
89
83
85
99
128
147
171
157
131
118
122
107
96
77
57
41
-5
-43
-63
-71
-74
-87
-114
-118
-120
-162
-218
-211
-164
-102
-101
-147
-182
-159
-120
-103
-83
-69
-49
-62
-75
-55
-16
7
-1
-3
22
53
42
3
13
56
94
110
90
79
72
73
107
136
122
82
60
76
116
124
90
67
101
132
127
73
38
28
52
78
39
15
-18
-48
-38
-4
24
9
-70
-134
-124
-77
-41
-81
-116
-128
-140
-143
-151
-128
-100
-114
-145
-151
-149
-140
-139
-105
-34
7
-11
-69
-72
-37
40
107
108
84
28
9
53
118
171
149
88
31
48
98
107
95
82
50
9
-32
-43
-45
-36
-44
-63
-74
-96
-105
-107
-97
-87
-74
-79
-76
-71
-21
-9
-39
-30
2
51
38
-3
-30
0
48
61
59
24
7
-13
-28
-11
29
27
-15
-47
-28
24
43
27
-5
27
101
145
144
123
125
183
251
291
299
262
256
281
299
293
277
248
222
190
136
106
64
33
8
-42
-94
-154
-179
-183
-178
-169
-203
-248
-277
-278
-244
-201
-182
-180
-203
-197
-166
-138
-102
-69
-51
-48
-62
-87
-81
-48
-1
12
-12
-46
-57
-38
-33
-40
-36
-19
-10
-59
-118
-141
-129
-88
-52
-56
-82
-112
-134
-121
-57
18
30
-24
-85
-71
7
63
59
19
0
15
23
32
23
31
23
26
26
0
-21
-39
-14
36
83
71
-4
-49
-3
98
178
196
151
102
106
131
184
220
239
224
189
174
191
229
275
287
277
249
189
181
177
207
248
244
184
92
21
20
61
74
36
-46
-122
-155
-152
-139
-141
-146
-176
-224
-257
-244
-187
-159
-188
-223
-233
-226
-207
-194
-170
-133
-115
-146
-206
-222
-189
-113
-64
-88
-145
-192
-187
-144
-86
-62
-65
-100
-133
-118
-70
-16
22
49
35
22
7
21
78
153
184
158
112
125
149
150
128
103
130
119
68
12
0
30
45
8
-43
-68
-72
-76
-62
-42
-29
-44
-89
-94
-55
8
48
35
28
31
59
99
142
191
213
187
150
144
183
245
266
240
218
208
202
180
170
166
169
147
124
77
54
43
23
39
31
-9
-55
-72
-55
-38
-40
-56
-75
-83
-89
-105
-100
-97
-102
-115
-148
-157
-162
-135
-144
-165
-193
-218
-240
-271
-256
-208
-200
-241
-272
-274
-218
-170
-159
-146
-122
-114
-136
-128
-70
4
35
15
-9
24
79
94
82
83
131
142
99
37
29
75
101
83
43
8
-20
-28
-45
-31
4
10
-21
-50
-54
-21
21
29
48
73
78
73
69
113
169
204
197
181
189
196
193
184
202
241
239
182
120
112
129
142
139
118
108
89
49
-7
5
86
131
94
17
-4
49
105
100
54
7
10
45
55
40
20
20
25
3
-27
-51
-64
-85
-99
-90
-84
-100
-147
-184
-186
-189
-190
-208
-234
-268
-304
-333
-336
-324
-315
-323
-351
-340
-290
-241
-220
-222
-202
-152
-104
-81
-67
-22
27
61
87
102
105
125
134
139
165
204
216
174
113
105
139
176
167
121
87
90
114
118
107
107
110
119
98
61
51
59
96
119
127
125
118
119
101
108
136
151
130
103
82
68
86
90
78
53
12
-13
-20
-22
-27
-52
-79
-108
-124
-115
-92
-71
-76
-89
-107
-104
-69
-52
-54
-52
-59
-56
-45
-29
7
39
35
6
-11
6
36
23
-14
-49
-47
-47
-68
-101
-117
-102
-97
-119
-137
-143
-143
-149
-136
-102
-75
-68
-78
-80
-47
-14
-26
-32
-3
35
40
28
45
72
81
68
36
35
68
86
61
29
9
-5
-2
-2
-1
-2
-39
-77
-101
-75
-38
-40
-42
-41
-27
-12
16
30
59
91
113
131
157
191
187
183
184
224
269
266
210
156
153
199
206
148
77
28
17
-1
-22
-47
-58
-81
-127
-162
-145
-124
-135
-162
-177
-131
-91
-78
-84
-80
-37
11
16
-6
-7
5
46
75
77
69
48
39
33
60
56
17
-24
-63
-54
-41
-55
-94
-125
-137
-129
-124
-122
-114
-109
-124
-118
-89
-52
-43
-53
-51
-23
18
29
17
13
27
47
46
43
48
19
-13
-33
-37
-28
-31
-47
-71
-109
-111
-97
-71
-51
-54
-82
-103
-93
-31
31
61
52
46
77
111
138
155
179
198
221
208
203
210
216
223
211
183
147
106
85
93
79
54
2
-31
-35
-41
-59
-75
-75
-77
-73
-83
-86
-77
-47
-27
-32
-35
-34
-13
17
33
42
34
16
-7
-16
-10
5
-9
-52
-94
-119
-120
-111
-126
-153
-183
-215
-210
-201
-200
-203
-194
-168
-135
-119
-89
-57
-20
26
55
90
124
164
190
188
193
230
248
248
225
196
193
190
175
144
101
78
63
39
17
-18
-57
-82
-99
-113
-135
-142
-144
-135
-122
-139
-153
-156
-130
-93
-71
-56
-44
-31
-11
15
43
78
108
106
90
101
113
126
128
138
138
100
63
32
34
68
63
18
-37
-73
-65
-51
-53
-67
-70
-74
-71
-58
-44
-37
-37
-35
-16
8
9
-8
-34
-30
-9
5
5
-18
-49
-64
-83
-86
-71
-77
-84
-90
-88
-93
-106
-107
-90
-61
-43
-41
-49
-50
1
53
79
92
107
135
168
195
203
217
234
254
247
228
208
184
181
180
161
118
56
-11
-46
-56
-77
-125
-183
-227
-231
-229
-235
-236
-247
-242
-234
-223
-199
-172
-134
-104
-83
-66
-53
-43
-22
0
13
34
42
41
28
27
24
28
45
54
49
18
0
6
22
45
38
24
7
-1
15
43
71
89
82
73
78
107
145
148
143
133
143
140
136
135
139
152
146
120
99
91
71
36
20
29
11
-39
-93
-111
-92
-79
-89
-131
-166
-162
-145
-128
-114
-86
-60
-64
-75
-53
-16
10
27
30
52
85
100
99
103
115
131
134
119
96
74
71
56
44
41
12
-27
-68
-85
-77
-73
-80
-113
-137
-140
-119
-95
-99
-114
-130
-127
-111
-92
-79
-73
-74
-73
-58
-50
-44
-53
-53
-53
-50
-53
-49
-47
-55
-57
-54
-45
-43
-41
-39
-40
-45
-23
4
8
5
8
21
40
63
80
79
89
100
116
123
121
121
124
134
131
121
117
112
102
89
77
65
56
36
28
11
2
8
11
8
-7
-20
-26
-22
-14
4
7
16
16
17
18
0
3
28
54
60
41
37
42
51
62
67
69
67
44
25
29
56
72
55
36
18
11
0
-14
-30
-34
-29
-42
-74
-97
-108
-102
-91
-89
-98
-130
-142
-153
-160
-140
-136
-168
-183
-186
-163
-153
-159
-159
-160
-148
-152
-162
-145
-124
-99
-71
-58
-37
-35
-22
1
32
61
75
64
62
81
110
127
130
135
136
132
135
131
151
154
142
125
115
122
125
104
94
93
107
118
96
78
67
73
98
107
115
114
97
100
102
104
109
108
97
82
75
74
62
49
36
20
0
-7
-8
-34
-55
-66
-85
-78
-75
-89
-103
-116
-115
-102
-81
-81
-84
-86
-72
-61
-60
-62
-63
-48
-50
-46
-52
-70
-87
-93
-103
-98
-101
-126
-143
-160
-144
-135
-141
-156
-172
-167
-163
-159
-153
-145
-127
-116
-115
-100
-78
-66
-40
-28
4
50
48
49
60
84
115
132
137
144
145
160
159
144
145
153
131
106
99
118
115
86
63
40
59
64
66
50
32
46
75
92
94
93
107
114
119
130
135
139
140
142
153
144
131
120
100
99
90
60
37
23
5
-15
-34
-60
-74
-94
-122
-136
-129
-119
-124
-147
-179
-168
-133
-95
-78
-79
-64
-36
-8
-2
5
19
29
17
14
20
38
39
22
1
5
-76
-134
-110
-34
-12
-92
-96
-76
-47
-91
-121
-145
-128
-103
-96
-46
-47
-44
-14
47
18
-21
-57
-74
-76
-92
-51
-63
-93
-99
-132
-107
-50
-81
-151
-121
-75
-27
-66
-74
12
25
17
71
155
87
102
167
185
76
99
246
164
58
165
294
101
61
230
247
139
176
247
152
79
149
246
112
71
200
182
19
43
136
56
-54
18
62
-74
-84
-42
-81
-130
-43
-81
-306
-211
9
-110
-194
-112
-53
-86
-93
-66
-25
-78
-102
14
25
-36
-52
90
12
-79
45
54
-124
-104
63
-59
-192
-120
-56
-157
-228
-164
-194
-246
-136
-121
-217
-219
-126
-154
-135
-34
-42
-53
-59
-21
73
25
-22
88
88
58
67
83
41
-23
128
147
44
80
66
-7
41
131
72
21
76
88
72
61
78
27
38
127
125
165
136
125
82
107
255
226
117
96
164
216
172
236
259
138
115
198
191
158
96
85
99
38
61
93
-29
-110
-14
-31
-92
-106
-127
-150
-134
-88
-178
-187
-179
-167
-202
-133
-81
-198
-174
-117
-69
-123
-94
-80
-104
-120
-55
4
-83
-77
-51
-44
-59
6
-1
-88
-88
18
-33
-80
44
-109
-114
19
-7
-113
-80
-2
-106
-113
-66
-38
-134
-139
-24
-81
-56
2
-76
-137
9
82
-5
-3
38
73
39
39
84
59
71
110
89
16
115
145
36
62
121
121
14
96
138
66
119
121
66
72
156
123
57
85
92
88
65
87
86
4
20
94
110
29
69
73
24
86
86
82
28
36
55
30
41
77
16
-7
43
-29
11
20
-77
-78
-44
-60
-92
-92
-114
-98
-85
-92
-132
-134
-99
-124
-93
-119
-105
-62
-82
-83
-84
-71
-76
-78
-88
-77
-60
-50
-59
-96
-35
-43
-57
-5
-40
-58
-43
-57
-47
-22
-21
-69
-35
-34
-40
-34
-35
-8
-36
-38
-13
25
43
21
9
31
86
73
55
79
46
106
141
94
91
116
88
60
140
144
123
86
67
78
69
123
86
60
73
50
64
78
44
15
56
34
19
54
53
-1
26
84
34
17
35
49
22
23
48
53
23
6
30
-21
-34
16
7
-59
-78
-74
-84
-79
-68
-61
-120
-153
-137
-112
-92
-124
-126
-129
-118
-105
-78
-141
-164
-62
-80
-77
-33
-88
-117
-59
-50
-55
5
-54
-84
-60
-36
-14
-49
-71
-57
-28
-65
-21
-18
-42
-11
-3
-24
-4
40
5
15
43
77
58
25
78
76
36
86
91
41
76
101
67
52
110
133
82
68
87
118
89
125
117
69
55
51
81
115
133
109
43
28
124
124
59
31
71
24
39
87
38
62
27
11
29
48
67
15
-43
-12
68
-8
-90
-49
-46
-10
-47
-32
-28
-47
-37
-82
-20
-28
-53
-53
-58
-36
-17
-34
-88
-58
-28
-29
-65
-89
-60
-76
-74
-56
-41
-76
-97
-30
-68
-65
-12
-79
-93
-29
2
-33
-82
-67
-71
-59
-74
-65
-42
-54
-52
-44
-57
-49
15
-37
-45
15
41
0
-13
37
33
27
34
39
36
55
53
11
42
82
46
-7
23
60
50
37
55
39
43
45
37
42
56
59
35
12
25
78
48
37
59
29
25
40
42
24
21
45
23
24
35
-5
-5
40
30
10
37
32
16
-13
-33
-6
14
27
-24
-42
-52
-38
-11
-52
-56
-63
-77
-76
-33
-36
-80
-91
-94
-42
-37
-60
-51
-52
-51
-31
-27
-54
-26
4
3
25
43
6
-25
-11
11
50
74
50
41
24
44
53
11
37
25
55
37
-6
15
31
5
-11
26
34
41
22
10
15
27
18
-8
12
26
24
6
-7
23
27
17
15
28
0
17
50
10
9
40
43
39
30
7
13
16
-13
-1
-12
-40
-39
-20
-17
-23
-55
-95
-81
-52
-23
-77
-82
-67
-32
-28
-33
-45
-59
-25
-21
-15
-31
-18
-45
-62
-23
11
2
-50
-17
13
-13
-6
-15
-30
-7
-12
-8
23
-9
-18
-15
-5
52
50
17
8
10
27
33
23
22
17
16
9
40
52
56
52
38
41
79
62
63
43
19
70
60
40
38
49
39
15
-4
28
40
-5
-31
-20
0
-25
-3
8
-19
-11
-1
9
-4
-10
-12
-36
-44
-11
-20
-54
-44
-40
-42
-33
-33
-31
-38
-34
-18
-17
-26
-31
-7
-21
-23
2
-4
-4
3
26
1
-40
-31
-9
6
-2
24
25
3
5
17
13
4
20
10
-15
-19
4
15
2
-26
-13
-31
-46
-30
-9
-16
-17
-5
-36
-35
-2
-4
16
39
25
34
33
25
40
53
68
67
54
68
36
8
26
62
49
41
56
45
46
43
55
48
46
77
68
52
58
40
18
20
41
63
42
16
9
10
-6
-9
-11
-31
-48
-52
-51
-53
-79
-73
-84
-86
-58
-71
-99
-117
-112
-116
-106
-95
-86
-89
-88
-85
-79
-70
-78
-55
-39
-23
-1
-3
-21
-25
0
12
13
26
41
11
-11
3
26
26
8
19
8
-2
-11
-9
18
17
4
17
5
4
4
-1
12
19
24
7
21
23
15
37
32
25
15
18
18
17
35
35
19
20
29
18
25
31
23
12
29
58
29
16
39
25
22
39
27
23
43
59
69
58
17
19
25
22
50
49
27
19
30
15
14
11
-22
-1
15
22
1
-13
-9
-5
-19
-36
-19
-21
-34
-16
-26
-52
-37
-38
-59
-44
-19
-24
-51
-63
-46
-33
-27
-16
-3
-18
-14
-11
-18
-16
-6
3
-7
-22
0
-8
-1
10
-22
-29
-26
-46
-37
-18
-18
-18
-30
-31
-24
-8
-4
7
-2
-3
23
27
12
15
25
27
40
38
14
25
31
35
20
27
52
47
44
58
58
30
33
23
19
21
23
40
11
5
21
7
-7
-1
10
5
-11
4
5
-7
-19
-18
-8
-6
7
5
-21
-31
-24
-39
-57
-59
-41
-25
-36
-37
-29
-22
-43
-59
-25
-12
-12
-21
-41
-35
-21
-16
-28
-31
-23
-22
-28
-32
-18
-11
-17
-21
-19
-3
-8
-14
-12
-6
21
-4
-18
3
20
28
36
32
39
33
26
20
29
63
43
29
37
47
49
49
37
35
30
35
12
-8
29
35
21
3
20
24
15
13
23
25
14
13
19
19
13
6
2
-13
0
8
-19
-20
-9
5
2
1
-10
-26
-25
-1
-16
-30
-24
-28
-26
-23
-9
-26
-40
-19
2
-15
-6
14
14
9
14
20
8
11
7
19
20
25
14
16
-1
-4
-16
-19
13
-3
-10
-20
-33
-47
-22
-17
-20
-15
-23
-25
-41
-47
-48
-36
-25
-25
-22
-14
-12
-21
-19
3
15
22
27
32
35
39
48
35
39
55
57
33
35
55
27
1
4
25
26
13
-1
-27
-21
3
4
1
24
36
12
-10
14
14
-9
-14
8
16
-8
-14
-34
-52
-49
-30
-31
-49
-43
-33
-45
-50
-48
-48
-43
-48
-42
-31
-32
-31
-46
-52
-47
-29
-35
-27
-7
8
-1
-8
-4
1
7
8
27
44
38
24
24
22
23
24
31
44
31
37
40
24
24
25
15
17
20
3
5
0
-9
3
15
9
1
10
3
-1
5
0
6
-1
5
15
29
34
29
14
10
11
8
16
28
37
44
43
25
28
38
37
33
54
66
55
38
36
45
39
34
43
42
33
21
18
20
13
29
24
14
5
1
-8
-17
-26
-30
-37
-36
-43
-62
-60
-67
-87
-89
-65
-68
-78
-84
-97
-96
-91
-76
-84
-85
-75
-72
-80
-69
-52
-43
-37
-33
-44
-45
-26
-13
-1
7
13
8
-5
-1
18
9
12
20
33
15
18
20
17
25
34
36
18
26
35
28
25
28
31
39
25
35
26
26
27
18
30
25
39
42
40
31
45
52
27
19
36
41
31
32
41
37
27
38
35
30
40
57
65
73
84
80
73
81
73
69
65
71
55
17
11
20
-8
-24
-11
-23
-41
-54
-65
-76
-62
-64
-70
-88
-91
-89
-92
-101
-103
-92
-102
-110
-99
-96
-95
-85
-85
-63
-59
-58
-54
-52
-34
-21
-18
-21
-22
-1
3
3
11
6
4
5
5
1
1
8
6
4
15
9
5
15
27
24
21
23
30
37
37
33
36
46
26
26
23
18
27
31
20
26
25
31
19
9
21
27
33
27
31
20
18
8
6
11
22
19
23
34
25
21
34
39
45
51
53
50
52
73
68
70
61
51
52
47
35
17
26
27
16
20
15
4
-15
-13
3
0
-12
-15
-19
-24
-32
-27
-31
-45
-48
-60
-64
-71
-64
-62
-61
-69
-71
-59
-65
-66
-59
-66
-72
-76
-84
-74
-75
-77
-79
-78
-68
-67
-56
-60
-56
-50
-55
-42
-31
-24
-27
-18
-10
-1
10
18
13
17
30
33
41
53
58
63
47
46
49
45
45
55
63
54
49
47
46
45
49
44
43
40
49
39
37
52
53
55
55
51
57
53
55
57
55
50
46
41
42
43
34
29
16
32
24
10
16
6
2
-3
0
-6
-19
-26
-33
-51
-54
-42
-52
-60
-57
-47
-56
-57
-53
-49
-53
-56
-50
-48
-43
-53
-55
-48
-40
-34
-37
-45
-35
-38
-40
-46
-52
-36
-27
-19
-7
-11
-23
-19
-14
-10
-5
8
16
18
25
26
28
28
26
28
22
22
26
22
28
5
2
11
4
20
23
19
19
19
19
18
27
30
22
30
29
27
29
31
35
38
46
46
40
35
41
40
29
39
53
51
36
31
38
33
36
35
36
39
32
24
12
17
12
1
1
2
0
-16
-20
-17
-20
-35
-39
-36
-39
-44
-39
-35
-49
-61
-51
-43
-47
-35
-32
-32
-34
-30
-21
-31
-30
-31
-37
-35
-25
-30
-38
-49
-49
-50
-46
-46
-59
-55
-54
-50
-48
-41
-37
-33
-41
-29
-30
-27
-21
-27
-13
-7
1
-3
-9
-19
-4
6
6
15
10
11
13
6
3
6
4
6
9
12
26
21
8
5
20
23
32
45
30
38
45
40
45
51
66
61
51
63
66
63
60
57
66
69
61
61
55
42
40
37
42
41
34
39
37
38
40
32
22
10
19
22
21
19
15
22
13
13
10
14
9
2
-7
-14
-18
-25
-18
-24
-30
-37
-37
-36
-48
-42
-48
-47
-51
-44
-57
-62
-56
-57
-54
-50
-53
-50
-32
-28
-24
-34
-22
-27
-32
-42
-45
-48
-43
-30
-30
-28
-20
-11
-14
-25
-25
-13
-15
-14
-8
-8
-5
-9
-5
-12
-10
3
1
6
9
9
3
0
9
7
0
3
14
9
8
17
25
24
29
30
33
38
37
54
47
40
32
25
28
27
29
36
26
18
31
21
6
18
22
23
17
14
14
4
11
27
27
35
31
16
13
9
20
17
15
13
13
0
-16
-7
-9
-19
-20
-9
-17
-26
-25
-36
-41
-40
-30
-34
-55
-45
-35
-38
-36
-34
-36
-28
-33
-23
-22
-21
-24
-26
-19
-13
-17
-17
-24
-29
-19
-18
-7
-4
7
21
27
31
30
34
33
33
44
44
42
42
44
47
51
51
45
40
38
39
37
28
23
17
8
0
12
11
5
4
5
4
11
11
13
4
7
5
-6
-1
-10
-6
-8
-22
-25
-22
-26
-19
-23
-13
-5
-11
-7
-17
-15
-14
-18
-22
-25
-22
-22
-26
-36
-36
-34
-30
-23
-20
-10
-8
-15
-10
-10
1
0
-8
0
11
16
20
6
5
11
-1
-1
4
-2
-11
-4
-10
-9
-7
-8
-11
-9
-16
-21
-15
-23
-27
-32
-35
-37
-39
-34
-29
-30
-30
-25
-28
-13
-6
-7
0
5
14
16
27
26
14
18
14
10
-1
3
2
14
13
17
27
21
23
17
20
16
14
14
21
23
27
34
27
23
24
33
28
25
32
24
27
22
12
17
21
16
8
17
23
16
16
17
15
20
18
13
10
-3
-5
-9
-12
1
2
-1
8
3
-8
-5
-14
-6
0
-2
-6
-2
9
4
-11
-21
-25
-28
-21
-15
-11
-3
10
15
13
7
4
8
4
-2
-10
-14
-1
-8
-4
-8
-7
-6
-11
-7
-6
-8
-6
-10
-15
-9
-9
-11
-6
4
4
11
13
11
21
28
22
16
22
11
15
4
1
12
9
12
11
10
6
10
8
2
-13
-18
-21
-39
-38
-47
-54
-55
-57
-46
-53
-48
-49
-44
-36
-40
-36
-42
-53
-52
-45
-46
-48
-41
-36
-32
-32
-33
-27
-22
-15
-16
-6
9
10
6
3
10
17
16
14
23
20
28
26
29
40
48
47
46
50
47
50
49
50
62
66
60
57
57
56
64
63
54
52
43
43
37
25
24
24
18
24
22
20
15
18
24
12
5
4
5
0
6
4
-9
-18
-14
-16
-9
-5
-7
1
1
-13
-14
-19
-32
-26
-29
-35
-39
-32
-35
-35
-33
-31
-23
-22
-22
-17
-24
-31
-38
-40
-43
-39
-34
-36
-33
-25
-24
-23
-19
-9
-9
-11
-8
-1
3
-8
-12
-9
-9
-4
-7
-12
-10
-1
-4
-10
-12
-6
-9
-15
-3
0
-5
-5
0
11
8
7
18
19
28
35
36
28
25
28
35
25
28
36
27
29
34
32
35
40
49
47
45
49
41
37
23
16
12
8
7
4
7
10
8
4
-1
-13
-14
-21
-28
-39
-40
-44
-52
-48
-44
-45
-47
-48
-44
-47
-43
-41
-42
-37
-42
-37
-38
-46
-46
-36
-30
-31
-19
-22
-18
-11
-9
-4
1
0
1
-3
-3
2
-4
0
-2
4
13
17
33
30
34
40
43
41
43
40
39
39
32
45
40
38
30
36
29
17
21
16
19
13
18
6
5
5
2
-2
2
12
14
16
24
26
18
17
31
25
22
19
6
2
2
6
2
-4
1
15
10
5
13
13
5
-1
-3
0
-8
-8
-7
-12
-9
-13
-15
-5
-6
-10
-8
-19
-28
-29
-30
-29
-26
-23
-27
-28
-25
-25
-24
-24
-25
-18
-19
-29
-21
-24
-27
-20
-24
-21
-17
-23
-26
-27
-24
-18
-23
-20
-15
-13
-15
-13
-12
-8
2
5
11
22
29
28
29
33
34
43
46
46
42
32
27
22
22
24
18
15
21
20
19
17
14
16
13
17
15
13
6
2
1
1
2
-5
-8
-15
-13
-13
-9
-10
-13
-16
-19
-11
-14
-20
-18
-22
-20
-16
-8
-11
-6
-3
-4
-1
-4
0
-3
-8
-11
-12
-15
-12
-7
-10
-7
0
2
-2
-2
-6
-10
-9
-15
-14
-16
-17
-14
-18
-17
-16
-12
-5
-5
-1
-5
1
-3
-4
-7
-7
-10
-16
-13
-14
-9
0
2
4
9
11
14
10
13
16
18
21
23
25
28
28
24
26
33
35
34
37
35
39
34
28
34
34
31
25
21
27
23
24
29
30
28
15
20
12
5
-1
-5
-13
-16
-18
-22
-29
-25
-17
-24
-28
-21
-21
-23
-17
-18
-11
-14
-17
-19
-24
-23
-20
-16
-19
-17
-18
-15
-14
-9
-7
-9
-7
-10
-12
-22
-18
-17
-14
-10
-7
-7
-5
-5
-5
2
-6
-2
-7
-9
-11
-7
-2
-10
-10
-7
0
-2
0
0
1
6
-2
4
1
4
4
-1
0
-2
-5
-6
-2
-3
0
1
7
8
11
11
14
18
19
20
24
27
24
21
19
16
18
17
19
20
21
18
14
14
11
11
8
10
14
17
11
14
14
10
14
13
7
1
-1
-1
-5
-9
-5
-15
-13
-14
-13
-16
-16
-9
-21
-22
-18
-20
-24
-22
-19
-18
-23
-23
-21
-21
-18
-14
-19
-19
-13
-18
-18
-16
-10
-10
-5
2
3
5
3
7
9
10
12
15
10
7
12
3
-3
-1
-7
-15
-12
-9
-9
-3
2
-1
3
8
6
10
10
14
19
16
9
11
14
15
15
13
12
9
13
17
19
14
12
2
1
1
4
5
5
7
6
12
11
7
8
13
19
19
14
15
15
13
9
11
7
5
5
4
5
10
15
13
10
8
0
-6
-15
-17
-20
-25
-26
-25
-29
-28
-28
-30
-31
-29
-28
-30
-29
-27
-26
-22
-17
-17
-16
-15
-10
-10
-8
-4
-2
-6
-5
-4
-7
-9
-12
-7
-11
-11
-8
-3
-3
-2
-1
-2
-1
0
-1
-3
1
6
10
5
5
5
4
0
4
12
12
13
15
13
10
12
15
14
16
17
11
9
7
6
4
-2
2
0
1
5
6
7
9
11
12
9
10
18
20
20
20
22
22
21
21
19
17
14
12
7
4
5
3
3
6
3
2
3
4
0
-1
0
0
-2
-2
0
-9
-8
-9
-12
-13
-14
-13
-13
-14
-7
-5
-7
-3
-4
-4
-10
-7
-12
-18
-13
-15
-15
-14
-11
-8
-8
-9
-9
-7
-7
-5
0
-1
1
2
1
-3
-2
-2
-3
-4
-3
2
2
10
3
3
1
0
1
2
1
-1
-3
-10
-12
-7
-6
-8
-2
0
1
1
2
2
-4
-3
-2
1
-2
1
1
5
8
8
8
5
9
9
10
12
13
10
10
10
11
11
4
5
4
1
2
5
0
-3
-1
-8
-10
-10
-12
-13
-10
-9
-4
-5
-3
-2
-2
-1
-5
-3
-5
-5
-3
-2
-1
-1
2
-3
-2
0
0
0
2
0
-4
-5
-10
-9
-11
-11
-9
-8
-6
-5
1
4
9
11
12
13
12
9
5
5
0
-2
-1
-2
0
1
-2
-5
-3
1
0
0
8
11
12
14
13
13
6
8
4
4
2
1
1
0
2
1
-2
-1
2
-1
2
-1
0
2
3
4
1
3
0
-1
-1
0
1
-2
-5
-6
-3
-3
-1
0
3
0
2
-1
-3
1
0
-1
-1
-1
0
-3
-2
0
-2
-3
-3
-4
-9
-11
-7
-11
-7
-6
-3
0
-2
1
3
5
2
3
4
3
5
5
2
4
3
-1
-2
-5
-5
-6
-3
-2
-2
0
0
-2
-4
-1
2
-2
3
3
7
5
2
0
2
1
0
0
0
1
1
0
-1
5
2
0
-3
-3
-4
-6
-6
-10
-10
-8
-10
-7
-6
-2
-4
-1
1
1
0
3
5
4
4
5
6
1
4
7
1
-1
2
0
0
0
3
5
1
-3
2
0
0
3
4
5
3
4
0
1
1
2
2
-2
-5
-8
-8
-6
-8
-4
-7
-7
-6
-6
-4
-4
-4
-3
-5
-3
-8
-9
-10
-11
-11
-10
-9
-10
-8
-6
-3
-2
1
6
6
9
12
13
14
11
12
10
11
12
9
11
13
13
14
10
10
9
7
8
10
11
11
13
14
13
13
13
11
11
12
12
8
8
7
5
5
3
8
6
7
6
5
4
4
4
3
2
0
0
-3
-2
-5
-7
-9
-10
-14
-17
-17
-14
-14
-14
-13
-12
-15
-11
-11
-10
-7
-7
-12
-12
-12
-15
-14
-13
-13
-12
-11
-12
-13
-11
-13
-15
-14
-10
-9
-7
-7
-8
-6
-5
-6
-5
0
0
-1
2
2
2
0
0
-1
3
4
4
4
5
6
5
4
-1
-1
-1
-1
2
5
9
9
9
9
3
4
2
4
0
0
-1
-3
-3
-3
-4
-2
-2
-3
-4
-2
-1
0
1
1
4
2
3
4
4
4
0
0
0
0
0
2
5
4
6
5
8
9
10
11
6
7
8
11
9
11
14
13
15
13
10
11
8
8
6
5
5
7
8
11
8
9
12
10
10
10
9
7
7
5
3
2
-2
-4
-5
-5
-6
-7
-3
-5
-7
-4
-3
-2
-1
-1
1
0
-4
-5
-3
-4
-6
-4
-4
-6
-4
-2
-8
-8
-8
-7
-6
-6
-4
-5
-7
-8
-6
-5
-5
-6
-5
-7
-9
-11
-13
-13
-14
-13
-14
-14
-16
-15
-15
-13
-10
-10
-8
-7
-7
-6
-4
-2
0
2
2
1
2
2
1
2
3
2
2
2
3
8
7
8
9
10
9
8
6
7
7
3
2
4
4
6
6
4
3
2
1
2
1
1
2
4
4
5
7
8
11
9
10
10
6
4
4
5
4
1
2
1
-3
-5
-6
-6
-5
-6
-6
-6
-6
-5
-5
-5
-6
-5
-6
-7
-5
-6
-4
-4
-5
-7
-5
-8
-8
-8
-5
-3
-2
0
-1
1
1
0
2
2
1
3
5
4
4
4
5
4
5
6
6
6
9
8
10
11
9
7
9
9
11
9
7
9
8
7
8
8
7
6
2
3
3
5
6
4
6
7
5
2
0
1
1
0
1
1
-3
-2
-3
-5
-5
-9
-8
-9
-9
-9
-5
-8
-7
-8
-8
-8
-10
-6
-6
-5
-2
-6
-7
-8
-8
-8
-10
-10
-8
-9
-5
-4
-5
-5
-4
-8
-7
-5
-6
-4
-5
-4
-5
-7
-4
-5
-6
-4
-3
-3
-1
0
-1
1
2
2
1
2
1
2
4
2
4
6
4
6
7
9
9
9
8
6
7
5
7
8
5
6
7
3
4
5
3
0
-2
2
1
-2
-2
-2
-2
-4
-1
1
2
3
6
6
8
9
7
6
4
5
3
6
7
8
8
8
8
5
3
3
5
4
3
4
2
3
0
1
0
-2
-1
-3
-3
-3
-3
-3
0
-3
-3
-1
-2
0
-3
-2
-1
-2
-1
-2
-3
-3
-3
0
-5
-4
-4
-8
-8
-8
-9
-7
-7
-7
-4
0
-1
0
1
-1
-1
-2
-3
-5
-6
-6
-6
-8
-11
-12
-12
-13
-11
-9
-6
-5
-3
0
3
1
0
4
5
5
4
4
4
4
5
4
4
7
7
7
7
7
7
5
5
5
5
3
5
5
5
4
2
1
-1
-1
0
-2
-4
-3
-2
-3
-2
1
0
-1
-1
0
2
2
3
4
2
0
-1
0
0
0
0
0
-5
-1
-2
-3
-1
-2
-2
-3
-3
-4
-4
-5
-5
-6
-5
-2
-2
-3
-1
-1
0
1
2
2
2
2
0
1
0
1
1
0
2
3
2
0
-2
-4
-3
-4
-7
-7
-4
-4
-2
-1
-2
2
3
3
4
6
6
5
6
5
6
5
2
3
2
3
1
-1
1
0
-2
0
2
1
2
1
1
2
2
2
2
3
0
5
2
3
2
2
3
4
4
4
2
0
0
-1
-2
0
1
3
3
3
3
2
1
0
0
0
0
0
-1
0
1
1
1
2
2
3
4
5
4
3
4
1
3
4
3
2
0
1
-2
-2
-5
-4
-4
-4
-4
-4
-3
-3
-5
-6
-8
-7
-6
-8
-6
-7
-6
-6
-7
-7
-5
-3
-3
-2
-2
-4
-5
-4
-2
-1
-2
0
-2
-1
-1
0
-1
-3
-4
-5
-6
-4
-5
-5
-6
-5
-4
-4
-1
0
0
1
1
1
1
0
1
1
