0
-1
-1
-1
-2
-1
0
0
1
1
1
0
0
1
1
2
2
3
1
2
3
3
2
1
2
1
0
0
1
0
0
-2
-2
-2
-3
-2
-1
-1
-1
-3
-3
-3
-3
-2
-2
-3
-3
-3
-2
-1
-2
-1
-2
-3
-2
0
0
1
0
1
1
0
1
1
0
1
1
1
0
2
1
1
1
1
2
2
1
1
0
1
1
2
3
3
3
3
4
4
4
4
6
4
6
4
4
5
4
3
3
3
3
3
2
2
2
2
3
1
1
1
0
1
1
1
1
1
1
2
1
0
0
-2
-3
-3
-2
-4
-3
-4
-4
-4
-5
-4
-4
-4
-4
-3
-3
-2
-2
-3
-2
-2
-2
-2
-1
-1
-2
-3
-2
-2
-3
-1
-3
-2
-2
-2
-1
-1
-1
-1
0
1
1
1
3
2
2
2
1
0
1
0
0
1
0
0
-1
0
0
-1
-2
-1
-2
-4
-1
-2
-2
-2
-3
-3
-3
-4
-3
-2
-2
-1
-2
0
0
-1
-1
0
1
0
0
0
1
1
2
2
1
1
1
1
0
1
1
0
0
0
0
0
0
1
0
0
1
0
1
0
1
0
0
0
0
0
0
0
0
0
0
-1
0
-1
0
1
0
0
1
2
2
2
1
1
1
1
0
1
1
1
0
0
-1
0
-1
-1
0
0
1
0
0
0
-1
0
-1
0
1
1
1
1
0
1
2
1
1
1
2
3
2
2
4
5
6
6
6
5
6
6
6
6
7
6
6
5
4
4
4
4
3
2
1
1
0
1
-1
-1
-1
-3
-2
-3
-2
-2
-3
-2
-4
-4
-5
-5
-3
-4
-6
-3
-5
-5
-5
-5
-4
-5
-5
-5
-5
-5
-4
-5
-4
-3
-3
-2
-2
-1
-1
-1
0
0
0
0
1
1
1
0
1
0
-1
-1
-1
0
1
1
1
0
0
1
-1
0
-1
-2
-1
0
0
-1
-1
0
0
-1
-1
0
-1
-1
0
0
0
0
-1
0
1
2
1
2
0
2
1
0
1
1
1
1
0
0
0
0
0
-1
0
0
0
0
1
0
0
0
-1
0
0
-1
-1
-1
-2
-2
-2
-2
-2
-2
-2
-2
-3
-2
-2
-4
-3
-2
-2
0
-1
1
1
0
1
1
2
1
2
1
2
2
3
3
4
4
4
5
5
4
5
6
6
5
6
6
5
6
5
5
5
5
5
4
2
2
2
3
3
1
0
0
1
1
1
0
-1
-1
-2
-1
-2
-1
-2
-2
-2
-1
-2
-2
-3
-3
-2
-2
0
-4
-2
-3
-4
-3
-3
-3
-2
-3
-2
-2
-2
-2
-4
-3
-3
-4
-2
-3
-4
-3
-3
-2
-1
-3
-3
-3
-1
-2
-1
0
0
1
2
3
2
2
3
2
1
3
2
2
0
-1
-1
-1
-2
-1
-2
-2
-1
-2
-1
-3
-3
-2
-2
-2
-1
-1
-1
0
1
0
1
0
0
0
1
1
0
0
0
0
-1
1
1
0
0
0
0
0
0
0
1
1
1
1
1
1
2
1
2
3
3
3
3
4
4
3
3
2
4
2
1
2
2
0
1
1
2
1
1
0
1
1
0
0
0
0
0
0
-1
-1
-1
-1
-1
0
-1
-1
-2
-1
-3
-1
-2
-2
-1
-1
0
1
2
2
2
1
2
2
2
2
2
1
0
0
0
1
0
-1
0
0
-1
1
0
0
0
0
-1
0
0
0
-1
-2
-2
-2
-2
-3
-2
-2
-1
-1
-1
-1
-1
0
-2
-1
-1
-1
0
0
0
-1
0
1
-2
-1
-1
-2
-2
-1
-2
-1
-3
-4
-3
-3
-2
-3
-3
-1
-3
-4
-4
-3
-3
-3
-3
-3
-1
-1
-1
0
0
0
0
0
0
0
2
1
2
3
3
3
2
2
3
3
3
3
3
3
3
3
2
3
3
3
3
2
3
3
3
3
2
2
2
4
3
4
5
5
4
4
5
4
5
3
3
3
2
2
2
1
0
1
-1
-1
-1
-2
-1
-1
-1
-1
-1
-2
-3
-4
-4
-4
-3
-5
-4
-5
-4
-5
-6
-6
-7
-5
-6
-4
-5
-6
-5
-4
-6
-5
-4
-5
-5
-5
-4
-3
-4
-3
-3
-3
-3
-2
-2
-2
-1
0
0
1
1
1
2
2
3
4
4
4
4
3
3
4
2
3
2
3
3
2
2
2
3
2
3
4
2
2
2
2
3
3
2
3
3
2
3
2
3
1
1
1
1
0
1
0
0
1
0
0
-1
1
0
0
1
1
1
0
2
2
3
1
1
0
0
1
1
0
0
1
0
0
0
0
-1
0
1
0
2
2
1
2
1
0
0
0
0
1
1
1
1
1
0
0
0
0
1
-1
0
0
-1
-2
-1
-1
-2
-1
-2
-2
-2
-2
-2
-2
-2
-2
-2
-1
-2
-2
-3
-3
-3
-3
-2
-2
-2
-1
-1
-1
-2
-1
-2
-1
0
-1
-1
0
1
1
1
0
0
0
0
0
0
0
1
1
3
2
2
2
0
0
0
1
0
1
1
2
1
1
1
1
1
0
1
0
0
2
1
1
2
2
0
0
1
1
0
0
0
0
1
2
1
1
0
1
0
-1
0
-1
-1
-1
-2
-1
-2
-3
-1
-2
-2
-3
-4
-3
-3
-3
-3
-3
-2
-3
-2
-2
-2
-3
-2
-3
-2
-3
-2
-3
-3
-2
-1
-1
0
0
1
0
1
2
1
0
1
0
0
2
2
3
4
2
2
1
2
3
3
2
3
3
3
4
3
3
2
3
3
3
4
4
3
4
5
3
3
3
0
0
1
0
0
1
0
-2
-1
-1
0
-1
-2
-1
-1
-1
-2
-1
-1
0
1
1
1
0
2
1
2
1
1
2
2
2
2
2
3
1
1
1
2
1
0
1
0
1
1
0
0
-1
0
-1
-1
0
-1
-1
0
-1
0
-1
-1
0
-2
-2
-2
-2
-2
-2
-1
-1
-1
0
1
0
-1
-1
-2
-1
-3
-3
-2
-2
-3
-3
-3
-4
-4
-4
-4
-4
-4
-4
-4
-4
-5
-4
-5
-3
-1
-1
-1
-1
-2
-2
-1
0
0
0
-1
1
1
1
1
2
3
2
2
2
3
3
3
4
4
5
3
5
4
5
5
5
6
5
4
5
5
5
6
6
5
5
6
4
4
6
5
5
5
5
4
4
4
4
4
4
3
4
3
3
3
3
1
0
0
-1
-2
-2
-3
-4
-4
-6
-6
-7
-9
-10
-10
-11
-10
-10
-10
-10
-10
-11
-10
-10
-10
-10
-10
-9
-8
-9
-9
-7
-8
-7
-6
-6
-5
-4
-4
-3
-3
-3
-3
-3
-3
-1
-3
-2
0
-2
0
2
2
2
4
6
7
7
8
10
11
12
13
13
13
13
14
14
14
14
13
14
12
11
12
11
10
9
8
7
6
6
6
5
5
5
3
4
4
2
3
2
3
2
1
1
0
-1
-1
-2
-2
-3
-2
-4
-4
-5
-5
-6
-7
-10
-11
-13
-15
-16
-17
-17
-16
-17
-15
-14
-13
-12
-10
-10
-8
-7
-5
-4
-3
-1
-2
1
1
1
2
3
3
5
6
6
6
5
6
7
6
8
7
6
6
5
3
2
2
3
4
4
6
6
7
7
6
8
8
9
9
10
9
9
8
7
6
6
4
4
3
2
2
1
-1
-3
-4
-4
-6
-6
-7
-9
-9
-11
-11
-11
-12
-13
-13
-14
-16
-16
-17
-15
-15
-13
-12
-11
-11
-10
-10
-10
-8
-9
-9
-9
-9
-8
-8
-7
-7
-7
-6
-7
-6
-4
-5
-4
-3
-2
-1
-2
1
1
3
5
8
9
11
11
12
13
14
15
17
18
19
21
22
22
23
24
24
26
27
28
27
27
25
22
21
19
18
18
15
13
13
12
11
11
10
8
6
5
4
2
2
0
-1
-1
-3
-3
-5
-6
-7
-8
-9
-10
-11
-12
-15
-16
-17
-18
-20
-20
-21
-23
-22
-24
-22
-23
-22
-23
-23
-22
-21
-20
-20
-21
-22
-23
-25
-27
-27
-29
-30
-31
-34
-38
-40
-43
-48
-50
-51
-51
-50
-49
-48
-45
-41
-36
-31
-23
-16
-6
6
18
31
45
59
74
88
100
111
118
123
127
128
126
121
115
104
92
81
69
56
42
28
15
6
-2
-10
-15
-15
-16
-13
-10
-6
-4
0
4
7
11
13
18
21
22
24
23
23
20
18
15
12
6
2
-6
-13
-23
-31
-38
-49
-57
-65
-72
-77
-85
-88
-93
-96
-97
-97
-95
-92
-89
-84
-79
-75
-69
-61
-55
-49
-43
-39
-37
-38
-46
-57
-69
-76
-85
-91
-94
-93
-91
-88
-87
-86
-81
-76
-67
-56
-40
-18
7
39
74
111
145
176
201
220
236
248
253
256
254
245
230
210
181
152
117
84
52
24
3
-16
-28
-33
-34
-29
-26
-20
-14
-1
12
24
38
49
62
75
87
100
106
111
115
113
116
109
100
86
71
56
39
20
-1
-24
-47
-69
-86
-106
-128
-147
-161
-172
-180
-184
-186
-187
-184
-176
-166
-154
-141
-128
-112
-92
-75
-59
-46
-35
-27
-20
-15
-14
-14
-17
-22
-29
-36
-41
-50
-60
-63
-64
-63
-63
-66
-67
-70
-70
-68
-69
-73
-80
-87
-94
-99
-90
-84
-74
-67
-60
-48
-37
-23
-15
-3
11
34
56
82
109
134
166
197
226
250
260
265
264
267
265
254
234
211
189
163
143
108
78
44
18
-3
-20
-30
-38
-44
-45
-41
-31
-23
-14
-6
3
10
20
33
43
60
75
91
104
109
114
113
110
106
94
86
67
48
27
7
-17
-45
-70
-95
-110
-123
-133
-143
-149
-153
-154
-149
-140
-133
-123
-113
-102
-91
-84
-76
-66
-57
-51
-43
-34
-33
-33
-33
-35
-38
-44
-49
-53
-62
-69
-75
-86
-97
-116
-139
-169
-216
-267
-293
-289
-271
-266
-283
-297
-293
-263
-240
-236
-244
-226
-178
-108
-30
38
114
195
293
399
480
523
540
550
577
612
632
606
553
490
424
362
284
188
87
-4
-71
-102
-116
-132
-141
-153
-161
-144
-115
-94
-75
-55
-26
18
69
105
125
142
154
184
221
248
256
249
240
237
233
210
170
112
69
53
34
9
-28
-67
-104
-127
-142
-170
-208
-250
-270
-274
-257
-248
-249
-261
-260
-232
-202
-175
-160
-143
-127
-103
-78
-66
-56
-55
-52
-44
-38
-34
-36
-43
-61
-74
-76
-79
-93
-107
-114
-122
-139
-157
-167
-175
-175
-167
-166
-174
-193
-220
-244
-264
-269
-255
-237
-229
-220
-208
-184
-149
-121
-108
-91
-54
1
60
131
201
261
341
430
507
562
590
595
598
599
593
575
536
484
442
376
302
221
123
22
-58
-120
-167
-189
-206
-219
-215
-196
-170
-145
-125
-102
-70
-30
27
87
133
174
219
282
342
393
431
437
424
413
396
384
349
290
222
159
119
74
19
-49
-107
-152
-199
-237
-277
-328
-365
-379
-366
-341
-323
-301
-282
-255
-219
-185
-149
-118
-96
-80
-56
-47
-47
-50
-61
-84
-116
-144
-164
-185
-205
-219
-238
-259
-269
-256
-258
-263
-287
-355
-472
-583
-626
-579
-491
-474
-526
-568
-532
-439
-371
-368
-387
-357
-261
-129
-12
73
166
289
454
621
738
775
755
746
786
846
870
812
700
592
512
450
369
233
57
-95
-203
-241
-249
-241
-245
-271
-270
-220
-157
-90
-49
-13
38
104
189
273
328
365
393
437
491
520
528
507
503
507
516
515
479
415
343
290
251
208
160
93
30
-36
-96
-141
-193
-240
-287
-329
-349
-357
-376
-379
-383
-370
-337
-307
-277
-252
-209
-166
-133
-129
-142
-165
-180
-180
-180
-165
-163
-188
-218
-230
-221
-226
-232
-250
-271
-270
-266
-273
-273
-282
-297
-319
-375
-466
-566
-595
-537
-439
-377
-391
-424
-420
-355
-283
-259
-273
-277
-234
-144
-52
41
137
235
372
528
649
717
733
713
724
765
800
776
694
599
524
459
383
280
124
-26
-125
-168
-153
-122
-114
-123
-117
-87
-39
-5
-3
4
16
59
126
191
241
281
308
347
398
444
469
455
450
436
433
426
394
372
328
276
237
185
140
89
45
-15
-70
-125
-185
-230
-280
-321
-345
-377
-404
-407
-404
-385
-362
-342
-318
-275
-226
-193
-167
-159
-150
-137
-139
-132
-118
-107
-104
-99
-114
-140
-171
-206
-229
-240
-237
-233
-244
-269
-298
-313
-306
-315
-346
-403
-491
-579
-633
-605
-516
-436
-426
-472
-488
-445
-373
-332
-333
-319
-256
-126
8
124
217
310
436
581
730
829
866
857
837
847
867
839
757
658
569
490
402
290
149
6
-106
-165
-189
-190
-195
-188
-166
-104
-30
35
85
113
157
229
306
373
417
444
466
488
530
587
627
639
629
594
567
542
502
447
361
288
224
145
79
7
-60
-103
-151
-225
-311
-386
-445
-493
-521
-527
-550
-580
-606
-611
-577
-535
-503
-496
-489
-475
-442
-403
-381
-360
-340
-332
-342
-334
-303
-266
-243
-240
-240
-244
-238
-237
-229
-218
-215
-232
-254
-263
-249
-206
-158
-147
-162
-218
-315
-412
-451
-399
-295
-221
-214
-281
-326
-281
-213
-174
-186
-195
-145
-39
90
189
276
365
485
645
800
917
966
971
972
987
1011
980
901
796
708
645
567
463
314
145
15
-67
-113
-130
-149
-172
-182
-158
-105
-72
-46
-59
-36
34
91
147
192
229
263
283
305
348
373
376
373
367
355
337
305
256
187
116
58
2
-53
-109
-167
-232
-289
-338
-389
-433
-483
-534
-571
-581
-567
-543
-532
-515
-498
-472
-444
-399
-333
-286
-243
-209
-191
-171
-148
-120
-105
-98
-90
-86
-78
-60
-50
-61
-74
-88
-112
-121
-121
-124
-127
-131
-130
-123
-108
-93
-91
-92
-113
-186
-292
-360
-335
-232
-137
-126
-173
-211
-176
-116
-104
-133
-130
-68
28
111
157
180
225
315
442
589
697
721
685
667
705
750
756
684
575
491
430
376
299
199
84
-9
-79
-125
-145
-141
-143
-139
-130
-102
-62
-43
-31
-29
-8
23
57
90
112
136
206
308
386
410
381
321
293
317
346
342
277
211
164
119
51
-41
-128
-186
-220
-220
-245
-290
-356
-426
-471
-477
-447
-422
-426
-419
-383
-332
-277
-232
-207
-199
-168
-141
-97
-34
21
32
19
-5
-32
-41
-49
-48
-61
-60
-71
-116
-151
-183
-202
-228
-282
-316
-323
-329
-345
-388
-453
-546
-635
-635
-527
-410
-339
-356
-392
-374
-292
-194
-159
-120
-42
61
149
224
278
342
430
543
681
777
815
803
772
789
816
824
735
560
410
310
262
228
159
24
-112
-227
-272
-260
-215
-192
-179
-143
-76
26
78
93
90
94
133
209
274
314
325
323
363
415
443
395
337
321
342
355
335
270
175
124
100
86
78
60
7
-61
-112
-150
-183
-230
-277
-303
-311
-307
-317
-308
-310
-281
-268
-286
-298
-291
-263
-212
-148
-129
-139
-164
-186
-168
-141
-112
-127
-147
-160
-158
-135
-132
-153
-193
-246
-263
-267
-283
-300
-310
-310
-294
-280
-279
-274
-281
-253
-234
-295
-426
-528
-486
-314
-151
-131
-234
-338
-326
-234
-197
-224
-263
-213
-81
57
138
141
155
204
357
522
626
655
635
663
758
867
899
787
604
461
414
428
408
332
206
94
18
-9
-30
-66
-89
-113
-109
-32
79
166
196
215
229
245
262
241
240
259
325
408
474
488
460
432
413
388
329
258
196
144
132
152
134
56
-62
-171
-251
-276
-306
-336
-370
-396
-423
-435
-450
-469
-481
-473
-454
-421
-379
-345
-302
-254
-206
-186
-200
-224
-228
-176
-101
-64
-62
-87
-117
-141
-152
-163
-174
-223
-257
-251
-249
-243
-250
-276
-319
-348
-381
-419
-490
-614
-759
-746
-474
-148
-56
-275
-566
-686
-550
-387
-343
-437
-386
-141
251
495
496
382
343
531
769
946
935
895
925
1150
1403
1440
1177
759
455
376
438
423
242
26
-77
-79
-76
-189
-377
-551
-596
-487
-294
-137
-80
-52
24
185
360
463
508
537
609
729
876
931
863
724
591
549
551
518
388
199
29
-98
-191
-281
-418
-605
-742
-814
-817
-796
-804
-836
-866
-839
-752
-643
-538
-427
-279
-85
61
175
191
197
214
295
372
389
358
255
163
39
-83
-213
-348
-464
-553
-637
-671
-686
-696
-714
-751
-769
-739
-659
-535
-416
-299
-143
-21
93
150
131
40
-218
-625
-920
-758
-164
319
446
337
290
280
103
-247
-542
-445
104
756
1070
983
733
675
718
629
391
226
277
484
706
803
759
566
253
-45
-255
-340
-294
-151
17
192
338
450
468
336
192
179
306
447
562
621
644
601
471
348
206
46
-77
-89
-17
108
242
280
137
-82
-186
-118
11
65
31
-3
-16
-54
-138
-325
-547
-716
-737
-656
-552
-457
-379
-339
-341
-323
-262
-198
-107
2
133
322
434
400
262
74
-109
-245
-298
-322
-403
-492
-617
-704
-724
-729
-696
-647
-547
-378
-144
81
237
323
356
335
339
278
167
1
-193
-478
-846
-1245
-1453
-1143
-576
-71
-3
-75
-79
-17
-91
-326
-359
-14
710
1263
1427
1294
1139
1040
872
637
387
289
302
315
287
222
117
-118
-445
-751
-868
-762
-585
-367
-121
200
492
627
567
408
343
450
677
903
987
938
781
546
274
112
51
10
-8
59
224
348
375
212
16
-123
-85
63
108
55
-42
-152
-264
-374
-530
-699
-794
-747
-544
-305
-164
-177
-227
-248
-139
67
262
397
461
525
559
574
503
301
27
-236
-439
-534
-569
-608
-660
-727
-803
-873
-905
-861
-711
-509
-264
-40
131
215
227
207
203
212
200
177
142
154
140
121
33
-109
-235
-306
-286
-216
-196
-440
-951
-1403
-1343
-815
-229
103
265
414
510
380
-27
-400
-411
-36
401
712
898
1054
1165
1083
879
693
572
458
328
276
415
627
619
301
-137
-489
-688
-823
-894
-790
-502
-130
159
270
285
312
412
483
535
601
693
766
778
690
588
457
213
-45
-263
-312
-208
-39
42
-2
-36
-59
-41
-18
-57
-124
-174
-167
-151
-118
-159
-256
-382
-462
-448
-410
-314
-232
-96
64
199
276
266
243
218
268
367
423
342
184
35
-114
-262
-441
-624
-784
-870
-840
-786
-681
-573
-493
-389
-287
-139
-6
111
191
285
393
476
482
351
135
-103
-312
-579
-935
-1309
-1583
-1587
-1195
-570
-42
165
155
157
187
93
-171
-348
-198
293
853
1192
1243
1202
1118
940
687
426
301
247
181
153
247
343
287
10
-321
-542
-626
-598
-525
-401
-145
202
441
543
542
569
612
684
768
807
795
674
493
319
276
247
173
105
38
22
91
109
52
-17
-23
49
94
112
31
-68
-213
-344
-461
-552
-556
-567
-496
-422
-325
-234
-164
-100
-23
108
175
245
305
373
468
514
497
365
192
-45
-296
-516
-690
-783
-841
-859
-887
-865
-799
-744
-665
-540
-409
-297
-189
-84
32
125
192
244
233
157
48
-51
-106
-104
-90
-83
-63
-64
-44
-20
-97
-417
-894
-1226
-1105
-663
-237
-5
174
388
564
457
17
-374
-432
-74
318
562
747
968
1180
1234
1103
915
770
556
324
201
265
419
473
332
95
-93
-218
-405
-663
-810
-739
-466
-117
201
434
550
602
573
577
556
508
478
463
529
589
592
390
153
-19
-31
37
55
89
30
18
2
-5
21
7
-66
-199
-272
-275
-240
-280
-403
-517
-538
-545
-528
-484
-394
-193
52
227
267
242
214
217
234
266
277
250
146
-12
-200
-366
-540
-721
-890
-971
-934
-836
-690
-578
-456
-337
-239
-148
-72
40
133
208
226
152
16
-238
-601
-1095
-1563
-1818
-1487
-794
-97
295
473
676
775
618
121
-235
-155
338
851
1110
1233
1334
1412
1243
774
272
-63
-216
-318
-299
-118
147
275
141
-59
-155
-185
-324
-485
-516
-269
173
523
709
747
817
869
817
642
421
256
163
103
105
251
405
479
425
303
194
92
-78
-279
-380
-270
-33
122
108
-36
-150
-231
-336
-466
-581
-609
-573
-458
-299
-146
-45
16
50
84
138
200
275
355
439
477
469
401
237
32
-134
-262
-355
-466
-600
-696
-751
-757
-742
-726
-685
-571
-394
-207
-57
62
165
217
171
99
41
-30
-125
-211
-260
-230
-151
-102
-101
-114
-63
13
121
97
-135
-630
-1148
-1211
-873
-385
-114
74
322
575
619
186
-373
-678
-464
-23
307
557
832
1168
1373
1355
1147
887
620
348
127
82
180
220
114
-92
-211
-225
-331
-610
-877
-869
-537
-93
253
470
600
732
806
779
691
610
528
408
223
136
185
208
152
30
-18
39
123
41
-105
-151
0
224
351
315
194
78
-50
-175
-306
-437
-564
-621
-600
-516
-399
-306
-226
-151
-48
65
155
302
433
530
549
512
423
241
17
-191
-290
-363
-473
-630
-783
-876
-891
-890
-922
-909
-792
-558
-275
-1
266
470
530
472
343
206
27
-175
-507
-863
-1294
-1682
-1957
-1817
-1186
-505
-15
174
409
612
668
333
-80
-103
375
1020
1291
1275
1214
1320
1332
1030
533
118
-116
-275
-333
-278
-127
1
19
-54
-66
14
5
-149
-319
-192
181
527
649
621
672
791
849
751
572
469
423
313
123
14
87
227
280
249
310
435
503
361
96
6
61
188
126
-80
-253
-298
-311
-451
-649
-826
-808
-678
-475
-288
-118
42
100
100
141
225
319
356
335
366
400
383
269
86
-92
-213
-344
-531
-799
-1021
-1081
-994
-901
-816
-728
-624
-444
-227
-24
110
195
202
127
21
-41
-113
-238
-368
-439
-406
-281
-179
-147
-112
-18
78
148
163
-42
-503
-1145
-1449
-1237
-763
-384
-126
235
640
820
404
-292
-746
-587
-62
362
605
857
1291
1667
1737
1490
1143
831
481
160
18
89
232
255
108
-52
-158
-330
-642
-987
-1009
-661
-121
289
499
635
812
1029
1074
954
794
694
596
482
446
413
268
7
-290
-363
-203
53
234
247
280
456
630
571
337
101
-24
-105
-225
-355
-468
-559
-695
-818
-856
-780
-650
-559
-476
-317
-58
198
370
440
498
511
436
295
116
-30
-113
-199
-335
-511
-732
-965
-1127
-1195
-1118
-1001
-888
-744
-517
-245
17
200
288
396
481
545
462
226
-61
-415
-806
-1272
-1732
-2045
-1835
-1192
-452
25
205
433
629
665
343
-27
-40
378
885
1156
1276
1408
1583
1540
1146
583
138
-145
-365
-455
-353
-99
72
92
14
-41
-94
-268
-509
-630
-426
-43
346
603
801
1013
1145
1116
888
656
519
453
356
214
128
97
168
211
219
257
373
434
370
251
135
117
129
49
-136
-296
-390
-436
-443
-485
-547
-573
-548
-501
-435
-323
-182
-72
12
107
215
293
324
321
322
312
264
200
94
-13
-125
-221
-339
-525
-735
-902
-1013
-1028
-958
-857
-666
-427
-167
67
201
296
293
219
116
-7
-124
-216
-324
-423
-471
-464
-396
-335
-232
-138
-61
14
75
77
-140
-654
-1174
-1226
-891
-453
-237
-81
219
539
552
74
-462
-625
-314
107
378
600
965
1395
1643
1583
1375
1139
805
406
85
-5
128
255
178
-19
-127
-175
-338
-643
-862
-770
-403
11
269
428
645
928
1128
1151
1074
950
744
491
295
242
256
183
-2
-167
-143
10
102
7
-92
2
246
428
444
337
214
96
-63
-245
-433
-571
-684
-763
-770
-655
-508
-450
-489
-464
-260
8
203
296
366
444
480
400
210
26
-82
-161
-308
-461
-649
-855
-1083
-1240
-1245
-1132
-981
-845
-636
-376
-71
198
436
558
541
382
170
-47
-320
-684
-1230
-1732
-1993
-1623
-873
-196
96
140
243
342
274
-114
-347
-134
565
1196
1413
1427
1457
1556
1438
1033
560
252
-14
-291
-483
-391
-57
199
194
46
13
73
53
-162
-323
-214
109
435
629
784
977
1139
1183
1073
835
576
325
97
-90
-65
118
253
303
334
417
507
489
276
53
-8
127
254
225
62
-136
-322
-508
-689
-862
-937
-965
-932
-792
-577
-308
-58
101
167
197
255
317
282
203
190
243
284
217
-2
-254
-404
-464
-559
-728
-875
-990
-1003
-995
-972
-894
-788
-620
-419
-165
102
345
444
395
258
82
-63
-230
-395
-532
-549
-431
-272
-151
-100
-53
38
112
-75
-576
-1139
-1218
-735
-96
299
499
685
808
680
130
-532
-888
-716
-219
236
578
901
1268
1493
1458
1247
1069
982
869
713
570
580
629
547
280
16
-151
-315
-548
-796
-897
-759
-418
-61
209
409
584
734
762
768
803
869
858
791
672
540
398
145
-131
-366
-422
-364
-284
-250
-190
-93
-12
36
52
78
118
81
-33
-158
-264
-330
-481
-682
-819
-824
-724
-598
-492
-346
-193
-14
175
323
388
400
395
412
408
306
130
-86
-225
-354
-550
-804
-992
-1091
-1158
-1207
-1201
-1019
-739
-439
-227
-23
290
576
695
627
501
285
-64
-653
-1338
-1898
-1979
-1440
-682
-81
147
270
281
181
-135
-510
-494
-22
741
1296
1606
1793
1907
1805
1366
746
242
-34
-172
-232
-284
-230
-142
-111
-262
-473
-555
-450
-263
-134
19
207
468
714
859
891
863
861
852
777
674
541
430
331
334
376
350
264
143
71
9
54
103
166
246
391
479
446
333
106
-138
-364
-551
-732
-831
-923
-987
-996
-881
-657
-402
-150
36
188
290
381
420
432
472
502
484
426
353
230
50
-158
-375
-486
-522
-620
-806
-978
-1021
-964
-872
-777
-615
-355
-125
54
194
323
386
336
204
60
-20
-82
-210
-352
-377
-322
-259
-228
-198
-144
-298
-818
-1610
-1948
-1488
-504
254
528
595
667
687
151
-663
-1143
-853
-132
394
598
704
1010
1270
1184
818
574
620
736
727
659
744
863
763
356
-143
-415
-481
-550
-638
-663
-542
-308
-92
77
250
461
639
701
724
809
925
984
949
877
824
772
664
429
201
112
77
17
-122
-243
-225
-153
-39
68
145
192
166
72
-84
-223
-331
-431
-584
-738
-794
-733
-545
-381
-302
-282
-252
-128
20
148
238
346
414
409
327
200
48
-120
-327
-529
-640
-703
-755
-896
-1087
-1194
-1132
-984
-815
-600
-303
79
481
688
686
556
385
166
-172
-672
-1224
-1688
-1764
-1267
-553
-26
49
-56
-225
-331
-458
-591
-388
232
1050
1533
1591
1453
1375
1324
1074
660
351
319
430
393
184
-4
-141
-330
-649
-912
-876
-561
-195
19
121
231
405
548
624
675
741
841
839
752
626
547
530
492
495
527
563
472
274
87
-20
16
93
136
211
347
487
523
383
170
-54
-245
-417
-594
-713
-796
-899
-1004
-948
-727
-456
-240
-162
-104
-16
66
176
290
452
580
564
453
309
168
33
-112
-266
-386
-501
-605
-776
-950
-1037
-1009
-887
-754
-598
-445
-250
9
237
350
273
133
2
-33
-7
2
-30
-66
-76
-108
-153
-183
-302
-688
-1351
-1904
-1727
-926
-37
362
397
385
403
199
-305
-637
-426
302
848
930
686
500
538
588
565
506
609
782
808
716
649
700
698
445
99
-52
-9
42
-75
-302
-421
-404
-338
-276
-179
59
392
613
604
498
480
505
569
606
721
948
1086
998
741
529
455
398
240
44
-41
52
141
70
-82
-206
-250
-258
-344
-430
-470
-473
-499
-605
-663
-575
-381
-192
-137
-180
-150
-21
85
75
-11
8
151
279
295
187
53
-121
-343
-587
-759
-761
-677
-635
-683
-767
-801
-813
-846
-814
-652
-346
-1
237
304
250
82
-239
-785
-1293
-1518
-1153
-466
25
61
-242
-472
-616
-645
-742
-588
5
824
1379
1340
1062
861
920
990
977
961
954
901
581
120
-202
-270
-329
-516
-696
-743
-614
-533
-560
-582
-437
-130
232
553
842
1129
1296
1337
1240
1095
895
645
411
308
483
704
793
571
244
24
-47
68
166
356
530
605
517
298
152
53
38
12
46
25
-84
-280
-660
-954
-1085
-942
-666
-409
-187
-93
-64
-91
-79
16
135
228
277
334
387
365
232
27
-183
-352
-500
-665
-852
-984
-1010
-1035
-1033
-968
-759
-496
-330
-253
-138
54
250
367
360
343
284
218
109
18
4
-35
-147
-551
-1235
-1976
-2068
-1357
-394
161
96
-151
-313
-370
-552
-657
-279
562
1341
1399
902
326
161
359
620
907
1218
1444
1262
705
89
-207
-167
-87
-49
103
356
478
245
-229
-618
-674
-427
-118
138
274
408
525
546
548
569
639
674
625
549
524
541
578
537
477
482
540
585
575
475
310
152
-8
-94
-96
-63
-111
-206
-269
-373
-481
-590
-672
-718
-714
-674
-613
-512
-382
-232
-109
13
130
222
278
265
237
194
170
182
141
1
-261
-546
-709
-715
-621
-608
-671
-757
-837
-885
-890
-744
-515
-241
-96
-72
-55
60
79
-122
-464
-771
-871
-721
-302
48
168
-137
-554
-820
-801
-554
-281
54
360
612
626
460
364
542
1037
1514
1774
1682
1333
855
376
73
-37
20
16
-111
-333
-562
-715
-878
-1063
-1184
-1053
-663
-117
339
581
620
630
760
937
1075
1091
1074
1036
1047
983
862
739
616
493
363
275
191
178
139
67
-26
-65
1
138
233
279
272
194
5
-262
-503
-672
-699
-629
-496
-424
-443
-489
-564
-563
-452
-304
-177
-76
48
192
378
486
452
288
92
-40
-124
-166
-225
-314
-523
-804
-1060
-1162
-1092
-951
-813
-698
-516
-358
-233
-180
-78
107
330
477
499
441
331
223
84
5
-117
-448
-1002
-1296
-913
-279
-66
-528
-1061
-1095
-665
-286
-276
-220
210
775
872
440
-1
-29
329
767
1134
1373
1401
1080
582
279
313
498
449
137
-148
-156
-62
-166
-435
-581
-445
-200
-91
-123
-127
-78
33
144
378
709
960
907
499
192
269
598
807
801
711
754
867
846
709
559
556
620
620
474
263
99
-11
-83
-132
-170
-244
-408
-700
-968
-1065
-995
-827
-677
-562
-411
-244
-88
-21
3
31
140
386
635
705
512
163
-157
-368
-404
-313
-241
-288
-498
-761
-994
-1055
-934
-735
-583
-507
-484
-486
-484
-468
-424
-409
-466
-698
-964
-1038
-670
-176
-18
-326
-693
-666
-378
-132
-134
-139
73
436
591
386
275
488
958
1297
1359
1236
1078
981
847
781
727
629
351
-103
-484
-646
-666
-720
-902
-1052
-991
-763
-544
-467
-446
-398
-177
249
708
1058
1138
991
853
914
1131
1309
1343
1172
996
861
778
680
555
498
490
494
401
230
-15
-179
-220
-83
163
245
120
-205
-504
-619
-536
-407
-322
-294
-347
-410
-483
-440
-368
-303
-274
-227
-73
106
230
176
64
18
71
112
74
-25
-145
-292
-492
-665
-770
-785
-831
-865
-886
-851
-778
-679
-576
-443
-278
-130
-31
4
13
76
242
386
402
58
-546
-996
-814
-222
72
-286
-845
-921
-575
-281
-389
-567
-359
112
360
125
-172
-111
331
840
1176
1310
1236
1028
782
703
867
1014
867
397
-38
-143
-71
-100
-374
-650
-711
-565
-372
-365
-409
-409
-256
84
434
685
737
674
565
547
716
827
833
764
709
710
699
653
552
486
556
707
777
683
441
209
105
141
275
314
160
-141
-415
-564
-623
-623
-685
-804
-918
-952
-886
-714
-512
-304
-126
57
241
336
333
280
300
369
345
144
-115
-281
-313
-322
-460
-726
-911
-953
-941
-922
-880
-720
-521
-400
-412
-412
-296
-243
-376
-665
-957
-1022
-750
-439
-387
-616
-730
-539
-256
-172
-248
-193
92
390
419
212
160
427
812
1073
1149
1120
1040
983
1011
1119
1133
912
537
212
102
98
-23
-317
-621
-783
-832
-892
-927
-878
-756
-587
-394
-124
176
405
428
395
522
812
1049
1066
985
1003
1175
1329
1290
1103
955
925
917
799
575
349
194
144
165
219
204
11
-272
-504
-571
-502
-403
-377
-438
-502
-555
-578
-517
-381
-224
-117
-161
-252
-296
-252
-163
-82
-62
-60
-38
-42
-58
-56
-36
-45
-134
-297
-474
-588
-653
-710
-753
-742
-673
-660
-734
-812
-770
-611
-480
-421
-374
-264
-55
155
319
342
143
-242
-424
-68
315
151
-534
-926
-636
-100
2
-429
-680
-373
154
235
-166
-398
-129
460
888
995
886
763
788
984
1272
1378
1138
610
203
149
287
233
-130
-501
-625
-500
-440
-560
-736
-744
-515
-179
62
144
199
334
544
710
776
753
740
773
811
826
765
645
560
591
679
744
665
498
385
336
323
291
255
195
121
40
-31
-105
-201
-296
-392
-458
-523
-641
-753
-808
-718
-526
-367
-305
-297
-219
-9
183
263
199
63
-48
-102
-99
-57
-35
-80
-213
-442
-679
-812
-806
-797
-783
-735
-651
-530
-360
-271
-218
-223
-187
-218
-341
-444
-510
-565
-579
-502
-504
-625
-757
-612
-260
-25
-50
-208
-238
-81
88
99
50
200
558
892
1006
961
900
916
959
1021
992
886
734
618
545
428
221
-56
-285
-430
-503
-607
-800
-964
-989
-813
-569
-347
-159
-32
89
198
307
410
545
700
810
878
951
1052
1080
1064
1055
1061
1011
886
746
666
723
756
625
340
105
18
0
-124
-301
-435
-496
-482
-534
-593
-600
-574
-530
-506
-465
-409
-366
-365
-371
-346
-255
-175
-177
-212
-182
-34
118
145
32
-107
-166
-186
-212
-226
-258
-332
-447
-569
-601
-553
-537
-589
-618
-588
-497
-415
-409
-414
-360
-222
-55
68
198
225
82
-179
-253
-139
-82
-266
-503
-445
-173
21
-126
-424
-496
-259
1
28
-72
-12
257
570
765
766
700
683
733
778
790
716
536
335
217
223
176
49
-81
-166
-173
-237
-341
-378
-318
-147
3
54
-16
-78
-20
103
244
350
400
407
405
381
391
439
503
531
562
603
620
600
600
662
703
681
562
440
417
406
334
138
-61
-157
-212
-293
-448
-537
-555
-561
-559
-496
-368
-268
-241
-278
-283
-205
-107
-105
-129
-51
81
149
77
-85
-193
-228
-221
-216
-266
-328
-370
-422
-481
-501
-504
-468
-414
-330
-312
-347
-365
-378
-527
-774
-926
-852
-619
-548
-693
-855
-684
-360
-208
-379
-562
-414
-73
70
-75
-159
117
631
984
956
745
674
852
1110
1179
1046
878
774
738
713
586
363
73
-161
-318
-487
-653
-807
-830
-672
-464
-366
-435
-468
-362
-148
150
363
442
470
561
641
694
764
820
849
849
877
898
906
944
946
875
755
659
583
549
423
253
96
-57
-161
-226
-295
-382
-484
-608
-676
-650
-540
-409
-357
-381
-413
-463
-465
-424
-404
-325
-167
12
124
106
38
8
65
125
89
-41
-171
-191
-202
-274
-382
-467
-490
-499
-547
-590
-586
-575
-579
-557
-485
-347
-193
-83
4
16
-33
-42
-2
-41
-224
-377
-277
-119
-162
-476
-678
-469
-160
-95
-330
-518
-399
-150
-87
-237
-257
39
470
678
591
472
489
605
706
731
668
566
514
494
493
414
269
122
81
125
137
20
-151
-200
-163
-74
-18
6
36
73
102
112
91
80
156
293
383
404
395
408
448
523
628
668
707
718
684
642
615
590
538
455
381
319
280
213
117
-11
-207
-372
-453
-391
-256
-149
-117
-189
-300
-387
-452
-482
-456
-350
-260
-271
-394
-455
-357
-187
-105
-130
-208
-224
-202
-206
-230
-259
-241
-278
-359
-404
-411
-376
-380
-445
-510
-518
-458
-415
-434
-476
-562
-648
-692
-588
-521
-584
-733
-791
-669
-573
-579
-671
-627
-360
-67
13
-34
59
341
650
788
783
807
912
1065
1139
1123
1041
924
818
711
564
413
225
66
-23
-85
-178
-328
-429
-393
-252
-165
-224
-355
-363
-163
113
297
305
306
431
620
744
698
633
678
815
878
837
785
777
814
812
771
716
673
599
416
184
-19
-132
-204
-297
-407
-498
-499
-457
-435
-484
-576
-659
-695
-621
-481
-385
-362
-382
-347
-248
-123
-29
41
78
72
60
62
112
105
11
-114
-157
-121
-127
-252
-459
-584
-581
-522
-506
-542
-568
-505
-422
-366
-306
-240
-138
-60
-59
-86
-102
-121
-134
-126
-91
-158
-283
-342
-246
-149
-249
-481
-569
-389
-169
-141
-290
-364
-205
22
58
-69
-158
-10
293
444
389
284
289
451
615
701
679
663
656
626
550
398
289
296
399
466
411
220
6
-56
-20
6
-109
-270
-325
-225
-77
15
52
70
182
320
388
393
406
465
520
578
624
671
663
642
652
674
682
593
462
332
241
183
81
-52
-137
-158
-194
-266
-347
-332
-271
-295
-429
-589
-675
-637
-559
-518
-509
-505
-463
-395
-301
-244
-222
-202
-161
-66
-7
-24
-114
-169
-154
-116
-131
-174
-223
-233
-215
-235
-270
-280
-270
-239
-224
-263
-400
-623
-772
-800
-661
-642
-846
-1032
-890
-518
-317
-456
-614
-492
-128
139
69
-32
110
519
852
880
744
705
832
1000
1110
1102
1001
837
662
591
610
608
523
370
210
41
-163
-366
-501
-537
-467
-398
-372
-349
-296
-175
-30
110
199
261
343
426
491
514
532
598
691
767
803
825
842
877
862
766
618
430
273
159
61
-31
-159
-267
-337
-376
-421
-536
-649
-729
-730
-702
-623
-516
-388
-302
-318
-327
-265
-149
-59
-39
-58
-44
23
100
140
89
25
-28
-66
-140
-233
-305
-338
-299
-271
-251
-270
-283
-258
-237
-268
-250
-195
-153
-135
-134
-105
-89
-166
-308
-367
-299
-212
-211
-251
-266
-239
-246
-274
-276
-271
-312
-407
-424
-302
-167
-78
-126
-173
-156
-172
-212
-252
-198
-15
174
296
384
429
478
481
486
595
727
793
767
722
711
722
667
519
338
188
67
-21
-121
-184
-174
-139
-143
-185
-181
-84
40
121
163
202
287
374
412
406
440
564
655
656
569
522
563
608
615
527
413
361
348
362
338
277
200
118
10
-128
-192
-223
-292
-397
-518
-561
-535
-485
-489
-530
-543
-538
-532
-499
-417
-321
-236
-229
-235
-214
-180
-176
-215
-265
-298
-264
-188
-137
-127
-162
-213
-204
-150
-135
-181
-244
-285
-317
-364
-433
-536
-657
-771
-797
-749
-737
-780
-797
-693
-496
-361
-346
-364
-307
-195
-104
-39
97
308
472
545
575
649
741
818
905
1021
1128
1114
971
822
745
721
606
432
294
201
114
-37
-180
-221
-188
-194
-217
-225
-146
-59
-12
-7
18
104
157
193
239
332
393
454
507
525
555
558
584
585
529
437
328
253
186
115
22
-92
-207
-288
-311
-317
-330
-349
-351
-317
-275
-233
-196
-128
-120
-156
-166
-117
-19
1
-56
-122
-132
-115
-154
-247
-292
-244
-186
-211
-275
-293
-269
-268
-296
-314
-266
-161
-92
-73
-99
-128
-174
-189
-158
-136
-142
-206
-279
-307
-278
-236
-217
-225
-238
-243
-255
-260
-257
-178
-135
-131
-175
-242
-253
-248
-241
-260
-246
-195
-119
-76
-114
-167
-159
-67
60
150
201
227
309
416
540
653
735
778
754
720
693
665
594
491
433
432
387
272
129
68
78
88
79
57
23
-1
-10
-24
-9
38
93
96
63
42
61
115
148
171
202
251
298
332
350
345
331
349
366
371
352
330
304
240
169
100
40
21
-46
-134
-217
-256
-244
-255
-306
-407
-454
-472
-490
-558
-602
-585
-527
-457
-445
-416
-377
-339
-334
-336
-318
-211
-100
-59
-60
-73
-19
32
46
50
20
-60
-152
-234
-296
-318
-371
-393
-414
-433
-459
-527
-592
-666
-690
-682
-622
-540
-488
-429
-410
-339
-227
-139
-73
-50
21
175
343
465
534
587
675
773
843
865
862
824
785
767
740
705
643
557
488
443
400
302
150
1
-108
-113
-82
-65
-66
-65
-38
20
99
181
271
321
327
336
377
468
536
515
442
377
355
294
202
83
7
-6
-48
-93
-136
-154
-159
-155
-158
-183
-179
-129
-63
-43
-57
-96
-129
-138
-152
-164
-173
-180
-205
-257
-298
-312
-306
-310
-362
-403
-390
-324
-254
-236
-231
-229
-220
-215
-223
-191
-148
-144
-173
-219
-221
-190
-193
-251
-303
-313
-306
-298
-291
-258
-195
-152
-155
-196
-240
-250
-204
-148
-105
-67
-70
-84
-137
-178
-198
-220
-201
-175
-145
-123
-87
-31
21
63
82
109
154
206
271
323
353
355
381
422
468
479
484
495
487
489
484
506
519
495
444
425
425
415
367
284
231
193
162
100
24
-21
-53
-39
7
51
71
70
48
48
72
128
197
231
244
231
260
322
349
340
282
250
249
267
293
262
180
121
71
17
-58
-177
-266
-343
-387
-423
-450
-461
-475
-488
-518
-561
-611
-590
-545
-466
-375
-308
-263
-260
-253
-200
-145
-117
-135
-177
-148
-105
-84
-112
-133
-122
-123
-105
-88
-85
-99
-138
-163
-187
-243
-311
-381
-410
-428
-458
-466
-470
-473
-443
-396
-354
-319
-251
-170
-91
-24
-24
-18
-7
62
167
260
334
380
431
470
505
549
598
643
646
630
584
532
498
444
386
357
348
325
246
131
70
69
66
81
135
230
294
293
267
259
300
331
326
257
218
213
195
130
74
50
78
104
71
35
35
49
64
79
67
60
64
61
37
32
39
8
-45
-91
-113
-81
-84
-157
-212
-230
-211
-210
-215
-236
-254
-261
-289
-317
-334
-321
-289
-298
-311
-310
-304
-308
-334
-342
-332
-319
-286
-264
-271
-274
-306
-338
-352
-317
-269
-231
-194
-132
-73
-19
-17
-42
-74
-97
-71
-47
-29
-43
-91
-130
-153
-172
-200
-242
-272
-236
-149
-57
-18
-32
-5
36
92
104
73
56
93
189
277
319
345
370
419
473
507
551
572
618
680
732
754
727
677
586
521
461
410
358
281
194
84
-8
-78
-95
-113
-168
-206
-206
-178
-166
-158
-121
-54
9
49
55
78
137
211
265
289
300
300
270
212
166
126
94
60
6
-60
-117
-144
-180
-222
-250
-295
-308
-311
-317
-305
-289
-282
-299
-324
-339
-348
-374
-380
-353
-305
-305
-355
-379
-388
-374
-365
-361
-319
-259
-211
-180
-159
-120
-106
-118
-142
-141
-103
-81
-87
-101
-108
-82
-39
-12
1
10
19
22
-1
-17
8
49
81
99
87
63
50
40
30
34
46
58
30
-8
-54
-66
-76
-81
-78
-51
-2
17
21
15
25
45
51
91
180
303
403
446
482
525
587
631
638
619
599
585
558
519
461
414
390
346
294
223
132
39
-40
-95
-125
-141
-139
-139
-147
-110
-74
-49
-46
-29
1
36
56
25
16
46
67
77
56
74
115
140
122
92
81
99
70
-3
-62
-94
-92
-161
-286
-379
-398
-381
-383
-431
-497
-506
-491
-487
-490
-471
-402
-353
-356
-380
-356
-303
-240
-205
-204
-174
-139
-105
-107
-124
-111
-91
-76
-92
-98
-93
-84
-92
-103
-104
-123
-151
-181
-180
-165
-162
-193
-230
-214
-153
-86
-82
-83
-59
-24
17
18
-1
36
119
231
356
427
472
525
566
619
667
696
727
744
751
737
713
678
629
568
513
451
383
272
158
52
-17
-39
-67
-109
-141
-125
-106
-75
-28
-13
3
17
6
-14
-27
-14
2
30
41
53
67
59
22
-5
-38
-59
-90
-99
-99
-124
-133
-151
-149
-146
-159
-192
-233
-278
-281
-280
-297
-323
-355
-349
-334
-344
-379
-400
-389
-382
-376
-367
-355
-349
-328
-312
-284
-270
-268
-220
-167
-116
-79
-48
8
62
102
114
98
85
92
110
117
103
105
126
116
76
16
-35
-55
-31
-11
-5
-26
-54
-96
-128
-129
-120
-111
-113
-129
-148
-120
-81
-62
-46
-2
52
103
164
197
219
280
378
458
527
574
617
652
664
671
673
671
668
640
610
577
546
477
368
246
147
86
24
-63
-137
-193
-239
-255
-250
-252
-252
-248
-262
-265
-251
-226
-200
-176
-160
-113
-65
-20
24
64
107
151
183
190
177
174
182
181
175
129
74
31
-28
-85
-163
-240
-314
-375
-395
-395
-426
-464
-493
-511
-504
-500
-484
-459
-427
-390
-326
-289
-269
-243
-226
-191
-167
-154
-135
-109
-68
-35
2
24
38
59
74
91
112
102
70
60
43
18
12
2
-15
-24
-42
-63
-92
-129
-173
-231
-253
-216
-145
-83
-88
-103
-85
-25
27
46
32
31
86
182
272
324
356
406
497
618
707
732
722
702
711
724
707
635
551
475
420
360
303
231
120
22
-56
-103
-136
-168
-198
-218
-198
-160
-122
-130
-159
-147
-128
-91
-67
-62
-56
-46
-27
-2
43
81
89
88
83
102
123
108
50
-15
-69
-117
-152
-212
-271
-297
-328
-354
-361
-358
-373
-405
-427
-432
-389
-357
-367
-380
-379
-340
-292
-281
-263
-235
-220
-195
-149
-99
-61
-24
9
35
41
58
74
65
44
34
43
74
79
59
39
27
24
-7
-31
-55
-45
-37
-54
-55
-47
-29
-10
-1
31
68
102
145
167
205
253
303
331
328
325
341
365
361
349
319
286
269
245
241
232
200
157
112
106
110
117
102
77
58
31
9
-45
-84
-92
-64
-36
-36
-56
-65
-78
-92
-92
-91
-75
-75
-88
-86
-63
-25
14
15
13
37
60
64
68
76
88
81
61
36
13
17
14
-9
-20
-33
-42
-36
-75
-110
-134
-139
-155
-167
-164
-158
-147
-150
-145
-149
-120
-109
-91
-105
-129
-125
-125
-106
-88
-103
-102
-107
-106
-80
-68
-43
-40
-24
-6
-15
-28
-28
-18
5
7
-6
-38
-77
-96
-109
-122
-126
-112
-105
-114
-131
-138
-123
-105
-106
-109
-89
-51
-15
-9
-35
-39
-18
17
45
54
72
88
110
138
157
198
223
235
254
281
323
364
363
368
395
427
457
456
432
391
369
347
293
238
192
137
90
39
-7
-42
-69
-92
-99
-110
-101
-78
-59
-66
-84
-87
-69
-42
-35
-43
-46
-47
-23
6
1
-17
-40
-64
-84
-98
-129
-169
-211
-228
-232
-231
-238
-257
-280
-303
-312
-329
-331
-345
-362
-347
-337
-298
-276
-259
-255
-232
-191
-161
-142
-112
-87
-66
-19
36
79
101
117
121
105
79
51
6
-34
-78
-95
-114
-122
-138
-159
-163
-160
-131
-114
-104
-88
-65
-2
99
184
252
320
407
489
554
599
611
631
625
621
620
605
584
530
450
377
300
244
199
132
70
-2
-47
-87
-113
-134
-157
-165
-133
-87
-54
-36
-23
-24
-6
21
45
59
40
39
33
48
52
31
12
-1
-13
-49
-72
-85
-104
-114
-125
-131
-134
-155
-174
-212
-236
-255
-258
-255
-277
-293
-298
-283
-261
-251
-249
-245
-247
-231
-209
-206
-201
-185
-170
-153
-134
-112
-103
-127
-151
-167
-176
-178
-169
-161
-142
-119
-89
-80
-82
-64
-44
-42
-21
-5
6
26
49
80
99
109
103
119
144
153
151
153
159
159
144
109
93
96
85
66
42
33
34
37
47
52
46
23
30
74
134
179
201
221
261
316
361
385
396
412
431
451
464
459
419
380
350
324
308
263
189
113
53
24
-6
-55
-106
-133
-132
-127
-131
-156
-166
-174
-168
-151
-135
-103
-71
-39
-18
-2
3
2
7
-5
-9
-19
-29
-54
-92
-140
-176
-203
-233
-258
-288
-290
-296
-312
-307
-299
-295
-290
-272
-261
-253
-265
-274
-280
-279
-263
-249
-222
-220
-201
-177
-150
-123
-103
-81
-62
-64
-56
-52
-38
-30
-32
-24
-22
-8
-12
-15
0
-3
-19
-57
-92
-114
-124
-107
-115
-115
-82
-50
-12
29
57
93
120
152
197
267
342
414
472
510
546
589
625
642
635
632
640
636
617
571
534
460
417
361
286
202
120
38
-46
-111
-171
-193
-223
-222
-218
-204
-187
-206
-221
-213
-191
-163
-124
-94
-67
-38
-16
3
5
16
27
33
42
36
12
-23
-43
-63
-100
-121
-141
-178
-214
-244
-272
-293
-301
-313
-313
-290
-260
-246
-247
-248
-235
-202
-162
-140
-117
-91
-81
-81
-84
-100
-103
-81
-65
-41
-51
-67
-74
-83
-72
-63
-47
-42
-46
-44
-47
-64
-76
-81
-75
-61
-72
-74
-91
-105
-112
-98
-59
-40
-18
2
34
62
86
123
150
181
197
218
230
233
235
252
265
282
286
272
249
212
195
179
170
161
143
138
131
125
124
110
98
86
69
55
44
54
59
59
60
53
35
8
-13
-22
-26
-28
-30
-42
-47
-46
-47
-48
-52
-31
-14
-13
0
-5
17
30
37
49
46
31
11
-13
-39
-40
-32
-28
-39
-31
-25
-15
-22
-42
-37
-28
-22
-18
-34
-26
-17
-20
-28
-33
-17
-18
-33
-52
-60
-57
-54
-63
-73
-66
-65
-77
-99
-116
-121
-122
-130
-148
-153
-138
-131
-134
-139
-140
-129
-115
-114
-117
-106
-101
-101
-105
-113
-103
-93
-97
-95
-81
-66
-47
-12
21
64
97
117
139
147
160
178
182
180
178
188
191
181
172
162
159
151
128
98
81
97
112
118
117
115
114
116
126
130
138
131
105
78
57
42
47
49
43
29
23
30
10
-8
-27
-25
-12
5
25
31
29
19
11
3
-10
-27
-40
-55
-68
-77
-90
-100
-119
-134
-148
-159
-171
-174
-187
-184
-168
-165
-147
-144
-131
-122
-125
-124
-119
-98
-86
-78
-88
-94
-89
-76
-58
-45
-35
-37
-35
-35
-42
-49
-38
-23
-7
-4
-16
-35
-60
-80
-101
-120
-131
-136
-141
-139
-123
-125
-105
-87
-77
-48
-28
19
54
75
91
107
138
180
219
246
256
249
262
274
287
284
277
279
277
276
267
267
272
272
255
236
230
224
207
202
208
202
194
186
183
185
183
178
168
151
136
128
107
82
44
20
5
-27
-46
-74
-100
-115
-128
-162
-193
-218
-230
-259
-277
-283
-292
-294
-298
-304
-306
-314
-320
-317
-310
-303
-303
-285
-277
-265
-255
-247
-240
-228
-225
-219
-207
-203
-189
-191
-164
-161
-161
-146
-141
-128
-119
-111
-96
-71
-50
-29
-14
16
36
36
43
44
58
78
98
107
101
114
137
150
175
186
204
200
192
196
201
217
220
207
215
234
251
252
227
217
202
199
190
204
222
219
221
217
211
212
215
201
187
170
149
134
122
128
112
105
104
94
93
97
91
82
77
71
67
52
28
8
-2
-19
-41
-51
-60
-70
-80
-95
-103
-117
-128
-147
-174
-181
-170
-170
-178
-185
-192
-201
-213
-211
-205
-206
-200
-212
-218
-209
-203
-203
-207
-202
-198
-197
-196
-209
-200
-176
-155
-137
-122
-108
-99
-96
-92
-80
-61
-42
-20
3
35
61
57
61
60
61
76
83
98
96
88
81
61
44
41
40
42
31
21
10
3
-8
-22
-29
-32
-21
-6
6
20
30
29
45
47
52
77
92
85
80
84
98
104
129
145
156
181
166
153
146
143
145
133
130
124
124
128
126
126
119
114
111
102
92
94
91
86
85
86
84
68
51
28
0
-23
-35
-36
-44
-55
-62
-63
-66
-83
-85
-101
-120
-124
-128
-122
-137
-143
-148
-160
-161
-152
-135
-121
-116
-103
-87
-76
-59
-47
-39
-32
-21
-27
-33
-28
-30
-36
-38
-36
-39
-19
-21
-21
-12
-17
-14
-10
-11
10
33
60
85
95
99
92
97
108
125
126
118
104
91
91
80
63
47
37
17
-5
-16
-36
-55
-64
-81
-84
-84
-89
-80
-83
-88
-78
-67
-49
-38
-31
-13
-17
-15
-19
-20
-17
-14
-15
-22
-12
-19
-35
-54
-65
-83
-78
-88
-105
-118
-123
-122
-110
-105
-89
-70
-70
-56
-52
-41
-27
-18
3
32
54
72
102
114
137
154
163
186
187
202
208
209
197
178
165
142
133
119
110
91
76
60
38
28
23
17
7
-5
-14
-24
-13
-3
8
18
23
30
49
59
72
75
74
76
70
56
42
18
0
-15
-33
-43
-48
-51
-54
-61
-69
-87
-111
-129
-138
-137
-129
-119
-127
-137
-139
-146
-155
-163
-175
-165
-158
-150
-142
-132
-123
-124
-103
-93
-80
-67
-73
-75
-72
-63
-46
-37
-33
-18
-19
-27
-27
-28
-32
-34
-32
-15
-1
3
15
26
30
41
62
76
101
134
155
173
198
217
223
238
242
248
259
261
270
274
270
265
248
244
224
201
185
159
137
118
95
75
38
16
-9
-29
-42
-64
-64
-72
-80
-83
-90
-88
-106
-105
-110
-116
-104
-111
-111
-108
-103
-100
-102
-112
-110
-109
-110
-107
-110
-104
-106
-111
-118
-117
-131
-121
-118
-117
-103
-98
-98
-91
-87
-66
-54
-61
-66
-70
-49
-51
-48
-40
-44
-43
-53
-74
-93
-116
-134
-144
-157
-166
-172
-184
-181
-188
-190
-177
-154
-130
-93
-68
-33
11
39
71
100
130
157
183
219
268
310
331
345
353
360
349
341
316
295
277
269
258
245
226
208
193
168
152
120
105
81
79
77
85
92
89
82
77
76
61
68
74
77
75
72
67
42
16
-5
-17
-29
-54
-76
-104
-127
-145
-165
-185
-199
-211
-237
-260
-287
-304
-309
-308
-306
-300
-288
-270
-256
-241
-227
-208
-188
-157
-134
-122
-96
-75
-68
-56
-52
-47
-41
-33
-20
-4
-15
-25
-31
-36
-33
-39
-31
-33
-43
-50
-55
-61
-80
-85
-72
-57
-54
-51
-33
-16
-4
9
34
59
81
109
134
160
175
194
214
230
246
258
257
250
252
251
258
246
236
229
215
205
188
191
177
168
164
151
142
138
127
128
126
120
125
120
118
105
95
87
74
70
64
62
61
59
54
37
27
32
20
2
-14
-32
-50
-63
-82
-104
-122
-143
-159
-180
-201
-220
-233
-244
-244
-250
-252
-236
-233
-233
-227
-228
-227
-224
-220
-220
-217
-214
-218
-215
-202
-190
-203
-204
-193
-185
-180
-176
-165
-154
-141
-130
-110
-94
-71
-47
-24
-6
12
39
62
94
117
141
155
171
182
189
206
219
225
228
239
239
231
219
199
165
139
122
109
105
90
69
55
37
8
3
5
5
10
12
22
23
37
49
54
73
86
102
122
131
132
138
146
146
142
136
133
124
116
106
91
79
67
50
33
17
-3
-20
-41
-56
-53
-60
-65
-72
-78
-77
-78
-88
-97
-107
-117
-123
-131
-132
-128
-117
-118
-116
-119
-118
-126
-137
-134
-140
-135
-143
-147
-143
-139
-145
-151
-158
-165
-155
-149
-142
-132
-123
-116
-110
-100
-95
-89
-72
-52
-32
-16
10
46
73
112
138
168
201
218
237
262
286
293
301
303
309
304
290
274
253
228
201
175
138
108
95
77
44
29
11
-8
-11
-29
-40
-56
-64
-69
-77
-82
-80
-73
-72
-80
-82
-81
-84
-87
-85
-81
-83
-71
-74
-74
-82
-78
-84
-96
-107
-105
-106
-103
-90
-92
-81
-71
-70
-67
-61
-64
-51
-38
-29
-19
-2
8
15
21
26
33
27
31
23
13
5
-7
-18
-26
-35
-43
-56
-64
-70
-75
-92
-103
-105
-101
-95
-87
-79
-69
-55
-54
-40
-39
-17
0
5
19
45
76
97
118
128
160
177
190
204
206
220
219
222
213
210
203
196
178
160
150
136
123
103
89
69
46
36
24
7
-11
-29
-43
-58
-66
-68
-71
-80
-78
-84
-82
-85
-88
-97
-97
-102
-114
-112
-109
-117
-113
-123
-127
-125
-128
-116
-116
-109
-97
-88
-78
-77
-68
-62
-45
-40
-50
-41
-29
-21
-11
5
19
29
28
22
20
25
26
29
35
41
41
47
51
42
42
33
12
10
7
-4
-2
-8
-11
-15
-17
-16
-20
-22
-27
-16
-11
-14
-11
9
23
42
61
74
87
99
110
123
143
151
163
169
171
173
168
155
139
125
109
92
80
65
49
41
20
-2
-17
-30
-46
-60
-61
-68
-73
-64
-67
-66
-52
-48
-47
-58
-64
-72
-70
-59
-63
-69
-82
-89
-103
-117
-119
-125
-136
-140
-145
-151
-156
-161
-164
-171
-162
-157
-152
-147
-147
-142
-136
-120
-111
-96
-76
-52
-32
-14
-1
13
40
67
89
104
123
140
142
142
158
160
165
161
155
163
157
153
142
134
128
120
112
106
101
93
90
91
87
81
78
68
64
61
59
64
74
83
88
90
86
86
89
92
91
87
86
89
85
82
71
67
51
46
40
21
8
-6
-20
-32
-45
-68
-84
-107
-131
-140
-154
-156
-165
-163
-155
-166
-174
-183
-171
-170
-163
-154
-154
-153
-147
-137
-130
-125
-130
-136
-129
-130
-125
-129
-116
-110
-116
-108
-96
-89
-79
-72
-66
-58
-46
-44
-46
-36
-31
-19
-4
4
19
38
45
52
51
58
62
72
102
112
122
134
142
147
148
147
146
154
155
158
161
168
171
172
176
166
151
144
136
131
121
119
106
92
84
74
75
69
64
56
53
49
45
38
22
19
14
-10
-18
-21
-31
-34
-38
-50
-59
-67
-72
-79
-86
-82
-84
-88
-86
-90
-94
-98
-93
-87
-79
-74
-73
-66
-66
-63
-63
-67
-77
-76
-81
-84
-76
-74
-70
-77
-79
-85
-91
-82
-72
-59
-49
-41
-32
-24
-7
2
10
14
20
28
31
40
54
70
76
90
93
78
68
58
60
46
36
32
33
30
22
23
22
9
5
1
1
-5
-7
-4
-7
2
13
11
12
15
23
33
37
40
44
46
52
60
55
48
47
40
43
47
41
39
33
30
30
33
40
49
45
44
34
31
21
13
6
-13
-15
-21
-41
-52
-71
-80
-84
-91
-95
-96
-95
-94
-94
-91
-89
-91
-80
-82
-83
-77
-81
-82
-83
-77
-69
-60
-49
-40
-45
-43
-47
-46
-35
-24
-16
-8
2
18
26
34
43
43
47
49
50
55
63
70
78
83
83
84
79
77
74
81
82
80
85
84
87
74
63
54
50
51
47
48
48
41
41
37
27
15
11
5
-7
-13
-14
-23
-25
-31
-36
-45
-64
-66
-60
-64
-54
-50
-54
-43
-37
-25
-22
-18
-12
-11
-10
-13
-11
-14
-9
-5
-6
0
-8
-7
-11
-14
-16
-22
-23
-21
-24
-23
-25
-28
-32
-50
-49
-52
-56
-56
-55
-55
-53
-47
-46
-44
-38
-28
-23
-6
7
15
26
32
42
47
56
58
66
71
73
81
85
95
100
105
95
94
91
88
91
87
81
83
73
68
69
61
48
45
42
45
50
44
44
39
32
35
37
22
14
5
-11
-14
-17
-25
-24
-23
-34
-40
-53
-66
-80
-82
-84
-96
-103
-107
-122
-137
-144
-157
-167
-174
-180
-184
-174
-173
-169
-162
-156
-150
-132
-117
-111
-97
-90
-80
-70
-58
-58
-47
-42
-28
-6
-3
0
9
12
18
27
24
41
50
61
74
84
94
101
110
113
128
136
145
148
159
161
160
163
157
152
152
147
144
144
146
152
142
138
137
136
128
120
120
117
111
106
100
88
81
72
75
69
58
52
44
35
29
20
7
-4
-3
-6
-15
-32
-39
-64
-82
-92
-110
-115
-132
-136
-142
-149
-150
-154
-160
-165
-165
-169
-169
-165
-163
-154
-149
-145
-139
-139
-138
-128
-129
-131
-124
-120
-111
-108
-102
-92
-85
-80
-81
-81
-77
-67
-61
-53
-39
-38
-37
-39
-32
-31
-26
-15
-10
1
9
21
33
43
53
59
69
76
91
103
115
120
140
154
152
166
172
179
184
182
182
184
184
181
189
181
176
171
161
148
138
128
120
114
103
96
86
85
76
63
60
59
58
50
43
30
26
17
14
12
7
4
-6
-11
-21
-22
-26
-39
-38
-40
-48
-55
-59
-78
-86
-92
-110
-113
-117
-123
-130
-123
-131
-141
-140
-153
-160
-165
-165
-169
-172
-176
-183
-174
-177
-167
-173
-168
-166
-167
-151
-149
-137
-133
-123
-120
-119
-109
-102
-88
-84
-84
-74
-63
-50
-41
-35
-28
-8
-3
11
24
35
50
58
80
98
107
120
131
137
150
162
180
185
191
199
203
208
210
205
199
196
191
192
200
195
185
190
181
167
168
166
158
145
139
131
126
118
107
95
90
82
68
71
61
56
46
37
29
14
6
-8
-21
-29
-40
-59
-74
-87
-105
-119
-129
-132
-143
-153
-163
-165
-170
-174
-174
-179
-180
-182
-182
-182
-181
-182
-187
-185
-181
-182
-179
-170
-172
-171
-169
-165
-153
-144
-132
-126
-115
-105
-90
-84
-73
-59
-52
-42
-33
-17
-9
-1
5
8
23
35
43
62
74
88
96
110
125
137
157
164
171
184
188
190
189
190
193
189
192
188
182
180
177
172
165
158
151
147
133
127
122
105
88
82
78
68
64
57
48
44
38
29
28
24
12
8
-3
-2
-4
-9
-14
-16
-23
-35
-37
-50
-58
-63
-79
-77
-92
-99
-106
-117
-123
-127
-130
-134
-142
-144
-136
-139
-130
-129
-124
-128
-127
-124
-121
-124
-126
-128
-122
-124
-126
-121
-134
-136
-136
-132
-125
-120
-107
-96
-92
-76
-67
-61
-45
-34
-12
5
19
34
42
50
62
66
80
92
94
100
107
112
110
115
116
112
113
109
108
106
100
96
96
90
89
94
95
96
95
98
97
101
100
101
102
101
97
91
90
82
76
67
60
60
46
43
35
25
16
10
4
-4
-8
-18
-19
-21
-22
-29
-27
-20
-25
-21
-14
-18
-21
-21
-31
-35
-33
-38
-38
-44
-45
-47
-46
-51
-55
-55
-65
-70
-72
-75
-83
-87
-92
-100
-104
-102
-103
-101
-101
-93
-90
-82
-75
-74
-69
-58
-54
-49
-38
-25
-22
-17
-7
2
1
4
10
11
12
18
25
21
27
32
37
37
44
45
45
42
41
46
48
54
59
57
58
57
55
58
54
50
49
50
58
66
69
65
68
59
57
57
57
53
51
50
43
38
26
21
8
-2
-11
-11
-17
-16
-22
-26
-29
-36
-39
-37
-34
-32
-28
-26
-30
-35
-38
-37
-41
-42
-38
-44
-34
-35
-28
-22
-21
-18
-19
-15
-11
-2
-5
-6
-9
-7
-2
1
6
4
3
2
-3
-10
-9
-13
-3
4
7
20
21
26
26
26
29
20
26
24
23
28
31
32
29
26
19
15
14
16
18
19
13
10
15
1
-4
-7
-19
-18
-16
-13
-12
-11
-13
-11
-16
-18
-19
-21
-14
-12
-16
-16
-18
-27
-34
-42
-45
-42
-48
-45
-42
-48
-47
-42
-44
-41
-41
-38
-34
-37
-30
-21
-19
-13
-5
-15
-10
-7
-5
2
8
10
14
18
18
14
6
10
12
11
12
16
12
11
10
13
12
11
13
13
14
16
18
23
25
30
23
29
35
35
46
46
51
54
54
52
50
46
46
50
51
53
49
44
35
30
27
28
20
19
17
10
12
9
9
12
11
10
10
0
-2
0
-13
-19
-20
-25
-22
-20
-17
-15
-20
-25
-28
-24
-28
-30
-30
-27
-28
-29
-31
-31
-28
-29
-28
-34
-32
-31
-34
-31
-32
-28
-32
-34
-24
-34
-34
-35
-34
-33
-37
-39
-34
-31
-35
-32
-29
-34
-37
-31
-30
-28
-22
-24
-14
-6
-1
-3
8
9
9
25
29
36
46
60
55
66
63
55
50
46
41
39
37
42
41
28
28
17
10
3
-5
-7
-6
2
9
16
18
25
33
47
50
55
57
60
63
59
61
57
50
46
40
35
25
14
14
4
3
7
2
8
4
-1
-9
-19
-25
-28
-29
-28
-31
-34
-36
-45
-52
-57
-55
-50
-54
-53
-52
-53
-52
-50
-49
-47
-47
-45
-41
-50
-41
-46
-50
-49
-56
-57
-59
-61
-72
-74
-73
-78
-76
-71
-68
-60
-56
-49
-43
-37
-37
-30
-17
-7
6
11
25
29
39
46
47
45
46
50
51
54
58
66
66
66
63
69
67
62
63
65
67
63
64
63
55
54
55
56
65
64
66
68
66
71
71
67
62
66
60
55
52
46
39
37
36
34
31
20
18
15
7
-2
-10
-19
-18
-20
-20
-18
-21
-20
-19
-24
-15
-7
-11
-12
-17
-18
-21
-30
-29
-31
-34
-34
-38
-41
-40
-49
-56
-56
-63
-60
-65
-64
-61
-64
-60
-62
-62
-61
-61
-71
-72
-65
-70
-69
-65
-58
-54
-49
-45
-42
-38
-38
-33
-28
-25
-27
-25
-28
-23
-16
-17
-19
-5
0
-3
3
2
10
13
16
27
30
35
35
38
40
44
52
52
59
61
64
64
64
65
63
63
55
55
57
50
54
53
55
50
42
40
37
40
38
47
42
38
35
32
27
19
19
21
22
16
14
14
9
11
7
4
5
-3
-5
0
1
-3
-7
-7
-11
-9
-13
-13
-19
-23
-24
-23
-31
-33
-30
-41
-42
-44
-45
-44
-43
-35
-40
-37
-29
-31
-27
-25
-29
-33
-30
-29
-22
-23
-22
-27
-33
-34
-43
-41
-40
-38
-35
-39
-39
-30
-31
-29
-23
-25
-20
-12
-12
-9
-8
-5
-1
-2
-8
-7
-8
-7
-8
-3
4
8
8
9
16
17
21
24
23
33
37
41
49
54
59
64
65
69
65
64
59
57
61
59
63
66
71
67
63
58
59
50
45
48
49
50
41
37
29
24
18
10
6
1
-2
-4
-8
-11
-11
-18
-25
-27
-33
-35
-35
-34
-37
-45
-42
-38
-38
-45
-50
-44
-50
-48
-53
-55
-54
-53
-47
-46
-38
-33
-30
-30
-26
-27
-27
-19
-14
-17
-11
-17
-20
-18
-26
-27
-28
-27
-21
-23
-21
-20
-22
-13
-11
-14
-14
-21
-29
-27
-30
-23
-17
-14
-15
-15
-11
-10
-8
-7
-4
0
3
9
19
20
29
35
41
47
43
48
52
48
46
49
47
45
41
43
44
41
40
33
35
29
22
18
11
10
11
17
15
17
11
3
0
3
1
4
8
7
12
8
13
15
15
15
18
14
15
12
14
24
23
25
26
19
21
17
7
11
6
9
14
15
11
10
8
-4
-10
-16
-21
-21
-28
-29
-35
-34
-38
-35
-38
-35
-34
-38
-36
-40
-36
-41
-36
-33
-25
-22
-21
-16
-14
-14
-17
-16
-23
-21
-21
-18
-14
-10
-5
-14
-12
-12
-17
-16
-15
-16
-15
-14
-10
-11
-4
-11
-8
-3
-8
-4
-8
-6
-9
-8
-8
-10
-3
-4
-11
-14
-13
-16
-22
-15
-16
-12
-12
-6
-6
-6
-4
-6
2
7
17
20
20
23
24
20
17
19
22
25
24
29
38
43
44
48
49
51
46
49
50
44
50
51
52
52
50
45
43
40
39
39
36
35
34
34
33
33
31
30
28
23
25
22
13
13
9
4
-1
-1
-1
-6
-10
-7
-13
-22
-26
-29
-34
-33
-34
-39
-43
-43
-42
-33
-43
-36
-33
-42
-41
-43
-40
-35
-37
-35
-36
-38
-36
-37
-37
-38
-43
-40
-33
-42
-41
-40
-33
-34
-37
-32
-34
-37
-35
-30
-24
-21
-20
-20
-18
-14
-7
-5
-3
1
5
15
21
20
23
20
16
10
13
15
17
25
21
30
32
30
29
24
22
16
11
12
9
16
8
7
11
14
19
15
19
22
22
18
23
22
20
23
23
10
3
4
-4
-1
-2
2
4
3
-1
1
3
9
7
4
12
14
12
14
14
10
15
13
12
15
18
16
21
22
26
27
26
31
27
22
23
21
19
15
17
9
5
-1
-14
-15
-24
-32
-36
-28
-33
-33
-27
-30
-29
-28
-19
-19
-15
-15
-13
-17
-20
-21
-29
-32
-34
-33
-31
-28
-26
-20
-20
-18
-15
-11
-11
-10
1
1
11
10
10
15
14
18
14
9
8
11
10
12
18
18
22
18
19
15
12
12
13
15
11
15
14
13
16
17
16
18
14
4
8
9
-1
-5
-5
-6
-4
-1
1
5
-1
1
-3
-2
-6
-4
-3
-5
5
0
2
2
7
8
6
-1
1
0
-5
-10
-13
-5
-13
-17
-16
-15
-13
-16
-15
-12
-12
-8
-12
-13
-6
-10
-13
-13
-16
-20
-17
-23
-21
-25
-33
-30
-37
-37
-30
-34
-37
-31
-37
-33
-33
-26
-23
-25
-13
-13
-10
-6
1
2
-2
7
8
8
8
6
11
10
17
20
16
20
21
22
21
24
24
23
22
28
29
30
30
35
38
34
29
30
35
33
38
42
45
45
46
50
43
39
42
44
40
32
33
33
32
29
27
28
21
20
20
18
17
7
2
-5
-10
-8
-11
-20
-23
-27
-27
-27
-26
-26
-27
-23
-26
-22
-19
-21
-27
-32
-30
-38
-40
-38
-34
-27
-33
-36
-34
-41
-39
-38
-45
-43
-43
-41
-38
-34
-26
-23
-26
-26
-21
-12
-8
-9
-4
-3
-3
-1
0
9
12
15
20
19
20
21
19
22
25
21
19
19
14
13
11
12
9
9
15
16
11
11
13
10
12
9
5
7
0
2
11
13
11
21
20
16
6
9
5
2
2
6
7
1
6
8
1
1
5
2
-2
0
2
1
5
0
2
6
3
1
6
6
1
7
2
1
3
1
-1
-4
-2
-3
2
2
1
3
3
-1
-5
-11
-10
-12
-16
-17
-17
-17
-16
-14
-14
-18
-16
-18
-16
-15
-15
-5
-5
-8
-7
-7
-3
-3
-2
1
4
0
-3
-9
-5
-9
-9
-11
-6
-7
-12
-13
-16
-14
-17
-12
-14
-12
-11
-8
-9
-7
-4
1
5
2
8
11
14
16
19
22
29
24
29
31
30
27
23
27
22
21
22
20
17
16
16
17
15
11
13
14
10
10
10
14
13
12
14
5
7
0
-6
-4
-4
-7
-6
-5
-8
-10
-5
-4
-13
-18
-17
-17
-15
-13
-14
-12
-14
-17
-16
-11
-11
-12
-10
-12
-15
-16
-16
-13
-14
-12
-9
-14
-12
-14
-15
-12
-13
-13
-11
-12
-13
-12
-8
-3
-2
0
2
0
3
10
10
7
11
9
13
16
16
18
17
16
15
12
12
14
18
16
13
11
12
17
18
17
19
18
16
16
13
15
14
14
17
13
13
16
18
17
21
18
14
10
9
8
7
4
-2
-2
-7
-14
-13
-15
-19
-16
-19
-25
-23
-21
-25
-24
-25
-26
-27
-30
-28
-27
-29
-31
-29
-30
-32
-32
-25
-24
-25
-26
-25
-19
-15
-12
-11
-9
-6
-7
-9
-3
-4
-3
5
6
10
8
11
12
10
12
16
18
18
17
22
19
17
17
10
10
5
4
9
15
12
15
16
13
14
15
15
16
18
20
15
16
15
12
12
11
9
9
8
11
9
11
14
11
11
10
9
15
11
14
17
16
10
6
4
-2
0
-5
-8
-5
-6
-9
-11
-14
-12
-12
-16
-13
-13
-13
-12
-13
-13
-12
-13
-13
-11
-14
-13
-15
-16
-14
-16
-13
-12
-7
-8
-6
-5
-6
-7
-6
-9
-9
-9
-9
-9
-8
-6
-11
-12
-15
-14
-15
-11
-10
-8
-11
-12
-7
-10
-8
-5
-2
-2
1
-2
-1
0
-1
-1
2
7
4
7
8
7
11
13
14
15
15
14
19
19
19
23
22
21
23
22
24
25
25
29
28
28
28
27
27
25
26
27
24
21
16
20
15
10
8
2
3
-3
-4
-3
0
-3
-6
-5
-9
-13
-12
-13
-16
-16
-18
-19
-22
-25
-23
-27
-26
-25
-27
-31
-35
-36
-38
-35
-36
-37
-38
-40
-40
-41
-36
-40
-39
-33
-32
-28
-29
-24
-22
-22
-17
-16
-9
-7
-1
5
6
7
8
15
19
19
27
31
32
34
38
40
37
38
36
36
38
36
37
39
45
42
44
44
44
45
43
46
43
43
40
36
31
29
26
22
20
23
21
16
18
15
12
6
5
2
-1
-1
-5
-6
-9
-11
-16
-20
-20
-26
-26
-28
-30
-34
-35
-39
-40
-39
-40
-44
-45
-43
-45
-44
-42
-43
-40
-38
-35
-35
-33
-31
-33
-30
-32
-29
-26
-23
-24
-23
-19
-15
-15
-16
-12
-13
-11
-13
-11
-7
-4
-1
1
-1
0
1
3
5
7
13
15
17
18
18
18
24
27
28
25
29
26
25
27
28
33
29
31
30
26
30
28
24
21
23
23
19
22
27
30
24
25
26
22
22
23
23
20
20
23
22
19
17
13
11
7
6
3
4
-1
-3
-9
-11
-11
-13
-13
-18
-17
-19
-20
-19
-23
-22
-20
-18
-17
-16
-15
-13
-17
-18
-11
-12
-13
-9
-8
-10
-14
-14
-15
-17
-17
-17
-18
-17
-21
-18
-22
-23
-22
-20
-16
-15
-15
-15
-11
-8
-6
-2
3
1
0
5
10
11
11
12
17
14
16
18
24
24
20
20
19
17
12
13
9
8
8
6
5
2
3
1
2
0
0
-1
0
2
2
-1
1
0
-1
5
6
7
3
2
2
1
-1
1
-1
-2
-6
-5
-8
-7
-6
-5
-6
-7
-6
-6
-6
-7
-7
-6
-7
-7
-5
-6
-3
-2
-1
-1
-1
-3
-5
0
-2
-1
2
-1
-4
-8
-8
-13
-11
-14
-16
-15
-14
-13
-14
-14
-13
-8
-8
-8
-7
-3
-5
-5
-4
-5
-1
2
4
4
10
9
11
11
15
20
18
19
17
18
18
18
20
23
21
21
20
22
22
17
19
20
19
19
20
19
20
21
20
19
20
18
15
16
15
9
8
8
10
6
6
3
2
-2
-7
-7
-8
-9
-9
-8
-9
-11
-14
-15
-16
-19
-21
-21
-20
-22
-21
-20
-18
-20
-18
-19
-16
-14
-15
-20
-19
-18
-19
-15
-15
-16
-18
-17
-19
-16
-17
-14
-14
-15
-12
-9
-10
-8
-4
-5
-7
-7
-7
-3
-1
4
8
7
11
9
9
8
11
13
17
19
20
24
22
19
17
17
17
13
13
13
12
12
10
13
14
10
9
8
7
6
5
5
5
3
3
2
1
0
3
0
-1
0
1
-3
-4
-4
-5
-5
-4
-5
-7
-8
-11
-13
-12
-12
-11
-8
-11
-9
-10
-12
-12
-12
-13
-12
-13
-11
-12
-11
-11
-13
-9
-10
-8
-6
-5
-4
-4
-2
-3
-5
-4
2
-2
-1
-2
-1
0
-2
-1
3
3
1
3
3
5
7
10
9
13
17
20
19
24
25
26
24
24
24
24
25
22
23
22
25
24
25
25
25
20
17
18
15
13
11
9
7
5
1
1
-2
-6
-6
-5
-7
-4
-8
-9
-11
-12
-15
-11
-12
-13
-12
-12
-13
-15
-16
-19
-17
-17
-18
-18
-15
-15
-16
-15
-16
-16
-20
-21
-22
-22
-23
-17
-17
-17
-16
-16
-14
-14
-13
-9
-9
-9
-6
-5
-6
-6
-8
-6
-6
-6
-6
-7
-6
-4
-1
-2
0
0
0
3
2
3
7
7
3
3
7
8
8
11
13
13
15
19
17
20
21
21
20
21
25
22
20
19
19
17
14
12
13
12
8
9
10
8
7
4
5
4
4
1
1
-1
-2
0
0
1
2
2
1
2
3
2
3
3
4
4
3
2
-1
-3
-3
-4
-6
-8
-10
-8
-7
-6
-4
-6
-7
-11
-9
-9
-10
-9
-10
-10
-8
-10
-11
-12
-13
-15
-15
-12
-12
-11
-13
-10
-9
-10
-8
-10
-12
-11
-10
-6
-7
-4
-4
-6
-6
-6
-7
-8
-5
-2
-3
2
4
5
7
10
10
8
10
10
13
14
17
18
19
18
18
20
18
18
19
19
20
20
19
17
17
16
13
13
10
11
11
8
7
6
5
5
6
4
6
4
3
2
2
1
-4
-6
-8
-11
-10
-11
-12
-15
-14
-15
-18
-18
-17
-20
-24
-21
-20
-22
-21
-21
-22
-20
-21
-20
-17
-18
-15
-15
-12
-13
-12
-11
-7
-6
-6
-6
-3
-3
1
1
1
4
3
3
0
1
2
2
5
6
5
5
5
4
5
6
7
9
11
10
12
12
11
10
9
8
9
8
10
11
10
10
12
13
12
15
13
13
14
15
15
14
17
16
17
19
17
18
17
14
15
12
10
11
10
9
7
7
2
3
3
2
0
1
0
-1
-3
-7
-8
-10
-12
-12
-11
-12
-14
-16
-16
-17
-16
-16
