-7
-6
-6
-8
-6
-7
-8
-8
-10
-10
-9
-9
-8
-8
-7
-5
-5
-6
-4
-6
-4
-5
-6
-5
-4
-5
-3
-2
-2
-2
-2
-1
-2
0
3
5
3
4
3
1
0
-3
-2
0
0
-1
1
0
-1
-1
1
4
3
5
5
5
5
5
5
4
4
7
6
5
6
4
3
3
2
2
3
3
3
4
6
5
8
9
10
10
11
10
9
9
6
9
8
8
8
8
8
6
5
3
3
3
1
4
2
3
4
2
4
3
4
2
-1
-1
-4
-4
-4
-4
-2
-4
-5
-5
-7
-8
-7
-8
-7
-8
-6
-5
-3
-4
-5
-4
-5
-7
-7
-7
-5
-5
-8
-8
-7
-7
-7
-7
-4
-5
-5
-3
-2
-5
-5
-4
-4
-2
-1
-2
-1
-1
1
1
3
3
3
3
4
4
4
5
5
6
4
4
2
5
5
6
5
4
2
3
1
-1
-1
-1
-2
-1
-2
-2
-3
-4
-5
-4
-4
-4
-4
-5
-2
-4
-4
-3
-3
-2
-2
-1
-2
1
-3
-3
-3
-2
1
0
2
0
1
1
2
0
-1
0
-1
1
-1
0
-1
-2
-2
-2
-2
-1
1
0
3
4
3
4
4
3
2
3
3
3
4
3
3
2
1
1
0
2
4
2
3
4
3
3
3
4
3
3
3
3
2
4
5
5
5
6
6
6
4
4
4
3
2
1
2
4
3
3
2
1
2
1
2
-1
-1
-3
-4
-4
-5
-6
-5
-6
-6
-6
-7
-7
-7
-6
-6
-4
-4
-4
-3
-5
-3
-6
-5
-5
-5
-3
-2
-4
-3
-4
-4
-4
-4
-3
-3
-5
-4
-4
-3
-2
-2
0
-1
-1
-2
-2
-2
-1
0
1
2
3
5
4
6
8
8
8
8
7
8
7
8
8
8
6
6
5
6
5
3
2
4
3
0
1
2
1
0
1
0
-1
1
-1
-1
1
1
1
2
2
3
1
0
1
0
0
0
1
3
2
3
0
1
-2
-2
-1
-3
-4
-4
-7
-7
-6
-6
-5
-5
-6
-4
-5
-4
-4
-5
-3
-5
-5
-5
-6
-5
-5
-5
-4
-6
-5
-6
-5
-3
-3
-4
-4
-3
-3
-2
-2
-2
-3
-2
-2
-2
-1
-1
-1
0
1
1
2
5
5
6
5
4
5
4
5
6
5
4
7
6
6
5
3
5
4
5
4
3
5
4
3
3
3
4
2
2
2
1
1
3
3
2
4
5
6
3
5
5
5
5
5
6
7
5
3
4
3
2
1
1
1
0
-2
-2
1
0
-2
-3
-2
-2
-3
-2
-2
-2
-2
-2
-2
-4
-4
-2
-3
-2
-2
-2
-3
-5
-6
-6
-6
-8
-6
-6
-7
-7
-10
-10
-9
-11
-11
-11
-9
-8
-8
-7
-7
-7
-7
-7
-7
-6
-4
-2
-2
-2
0
-1
-3
-3
-4
-2
0
-1
0
1
1
1
1
1
0
2
2
2
3
2
3
4
3
4
5
5
6
7
5
6
6
8
10
8
9
8
10
10
10
11
10
8
7
5
6
7
6
5
6
6
5
5
5
4
3
2
2
2
1
0
1
0
-1
-2
-2
-2
-4
-2
-2
-2
-2
-3
-4
-5
-4
-5
-4
-4
-4
-5
-5
-5
-4
-4
-4
-2
-1
-2
-2
-1
-1
0
-1
-1
0
-1
-2
-1
-3
-2
-2
-1
-1
-1
-3
-2
-1
-1
1
0
-1
-2
-1
-1
-3
-1
-1
-1
-1
-1
-2
-2
-2
-2
-1
-1
0
1
0
0
1
-1
0
1
2
2
2
2
3
3
1
2
1
2
3
5
5
6
5
3
2
3
3
1
2
3
2
2
2
1
1
0
-2
-3
-1
-3
-1
-2
-2
-2
-2
-2
-4
-3
-4
-6
-4
-7
-7
-6
-5
-4
-4
-4
-3
-4
-3
-3
-3
-3
-1
0
0
0
0
1
2
3
3
4
4
3
4
3
2
4
2
2
3
4
3
3
3
1
1
0
2
2
3
2
1
-1
-1
0
-1
-2
-1
-1
-2
-2
-2
-3
-1
-1
0
-1
0
0
1
1
1
2
3
4
6
4
4
3
5
4
5
5
6
6
4
4
3
3
1
3
1
0
0
-3
1
-1
-2
-1
-3
-2
-4
-2
-3
-3
-3
-4
-4
-4
-6
-3
-3
-4
-5
-4
-4
-3
-2
-2
-2
-2
0
1
-1
-1
0
0
-1
-1
0
1
-1
-1
-4
-3
-4
-3
-2
-1
-1
-1
0
0
1
-1
1
2
2
2
3
1
1
1
0
1
1
2
1
2
0
0
1
0
0
1
2
1
0
0
0
-1
1
-1
0
1
-2
0
-1
0
1
1
3
3
3
4
4
5
3
4
4
4
3
2
1
2
2
0
1
1
2
0
-1
-1
0
0
-1
0
0
-1
-3
-3
-3
-4
-5
-4
-4
-3
-4
-2
-2
-3
-4
-3
-3
-2
-3
-1
-2
-3
-3
-4
-1
-2
-3
-2
-2
-2
0
0
0
0
1
2
2
3
4
3
3
4
3
4
5
4
3
2
4
2
4
4
4
5
3
3
3
3
2
3
3
4
3
2
2
3
3
3
4
5
6
4
6
5
4
4
2
4
2
2
2
2
0
0
-1
-3
-2
-4
-5
-6
-4
-4
-4
-4
-5
-5
-6
-5
-6
-6
-5
-6
-6
-6
-6
-6
-5
-6
-4
-4
-3
-4
-3
-2
-1
-2
-2
-2
-2
-1
-2
-1
0
1
2
2
2
1
2
2
2
2
2
1
3
3
2
3
2
2
1
1
-1
-1
0
0
-2
0
0
1
2
1
2
2
2
3
1
2
4
4
4
4
4
3
1
0
1
1
1
1
0
0
-1
-1
-1
0
0
-1
1
0
0
1
0
-1
-1
-2
0
-2
-2
0
-1
1
1
0
1
1
1
0
0
0
0
0
0
1
1
0
0
-1
-3
-2
-3
-1
-2
0
-1
-1
-1
-1
-2
-2
-2
-1
-1
0
-1
-1
-1
-2
-3
-2
-2
-2
-2
-3
-3
-3
-2
-3
-1
-1
-1
-1
-2
-3
-2
-1
-2
-1
1
1
2
1
0
2
1
2
2
2
3
3
3
3
2
3
3
2
4
4
3
2
3
3
2
2
3
2
3
2
2
1
1
1
1
2
4
4
3
3
2
2
2
2
2
3
1
2
2
-1
0
1
0
1
0
-1
0
0
-1
-1
-2
-3
-1
-3
-2
-2
-3
-3
-3
-3
-3
-2
-3
-3
-3
-3
-3
-3
-2
-2
-2
-3
-2
-2
-2
-1
-2
-1
-2
-2
-1
-2
-2
-2
-3
-2
-3
-2
-2
-2
-2
-2
-2
-2
-1
-2
0
-1
0
0
0
0
-2
0
0
2
3
1
1
0
0
1
1
3
2
3
3
4
3
3
3
3
4
3
4
3
2
3
3
2
0
1
2
0
-1
0
0
0
0
0
0
0
-1
-1
-2
-1
-2
-1
-1
0
0
-1
-2
0
-1
-2
-2
-1
-2
-1
-1
-2
-2
-1
-1
-3
-1
-1
-1
0
-1
-1
-2
-1
0
0
0
0
1
-1
1
-2
-2
0
-1
0
2
2
2
3
3
3
1
1
2
2
1
3
2
3
3
3
3
5
5
5
5
6
7
5
4
5
5
5
5
6
5
4
3
3
1
1
1
1
1
1
1
1
0
0
0
-1
-2
-1
-3
-4
-4
-6
-6
-6
-6
-5
-6
-6
-5
-5
-7
-5
-5
-6
-5
-5
-5
-5
-7
-7
-5
-5
-5
-3
-5
-5
-6
-5
-6
-6
-6
-5
-5
-4
-3
-4
-3
-4
-3
-3
-2
-1
0
0
0
2
3
3
4
4
5
4
4
5
4
6
5
6
5
6
5
6
5
4
4
4
3
4
5
4
3
3
2
4
3
3
4
4
4
4
5
5
4
3
3
2
3
1
1
2
0
1
0
-1
0
0
-1
0
0
0
2
0
1
1
1
1
-1
-1
-3
-3
-3
-2
-2
-3
-3
-1
-3
-1
-1
-1
-1
-1
-2
-3
-4
-3
-3
-4
-4
-3
-4
-5
-4
-3
-4
-2
-4
-3
-4
-4
-3
-2
-2
-2
-1
0
0
1
1
1
2
2
4
4
5
4
3
2
3
1
3
2
1
0
0
-1
-2
-2
-2
-3
-2
-1
-1
0
1
0
0
2
0
1
-1
-1
-2
0
-1
-1
-2
-1
-1
0
1
2
2
3
4
4
4
4
3
3
2
3
3
2
2
1
1
0
0
0
0
-1
0
1
0
0
-1
-1
-2
-3
-2
-2
-3
-3
-3
-4
-4
-4
-5
-5
-5
-6
-5
-4
-4
-4
-4
-4
-4
-3
-3
-3
-2
-1
-1
-1
-1
0
0
0
1
0
1
2
4
5
6
5
4
4
4
3
4
5
5
4
6
6
7
7
8
7
7
7
7
7
5
5
3
2
3
1
1
2
1
1
1
1
2
2
2
0
0
-1
0
-1
0
0
0
-1
-1
-2
-3
-1
-1
-2
-2
-1
-2
-1
-3
-3
-3
-3
-3
-4
-5
-4
-3
-3
-3
-3
-4
-5
-5
-7
-8
-10
-10
-11
-10
-11
-9
-8
-7
-6
-6
-5
-3
-2
-1
0
-2
-2
-3
-5
-5
-5
-7
-7
-9
-10
-10
-8
-6
-5
0
2
4
7
8
12
15
18
23
25
25
27
26
26
25
25
23
22
19
15
11
9
4
2
-1
-3
-7
-10
-12
-14
-15
-16
-15
-12
-10
-8
-8
-5
-3
-2
-1
0
-1
-4
-8
-11
-16
-15
-14
-12
-12
-17
-20
-23
-20
-18
-13
-10
-6
-4
-3
-1
3
8
13
18
22
24
25
26
29
29
30
30
24
18
11
6
2
0
-5
-8
-11
-17
-21
-22
-23
-20
-17
-11
-7
-2
1
4
6
9
13
16
17
14
10
3
-3
-7
-11
-11
-8
-8
-12
-19
-23
-24
-21
-16
-12
-7
-3
-1
-1
1
8
16
28
34
38
38
37
34
36
37
37
35
27
16
5
-3
-8
-13
-19
-23
-30
-33
-37
-39
-38
-34
-31
-27
-22
-18
-14
-9
-4
3
10
16
18
17
18
17
15
12
6
-2
-7
-7
-5
-6
-14
-24
-31
-32
-31
-30
-29
-28
-25
-21
-20
-14
-4
10
24
32
41
43
46
48
50
56
57
52
41
27
15
5
-4
-14
-22
-31
-43
-54
-61
-63
-58
-49
-40
-31
-27
-24
-15
-6
9
20
31
37
38
37
35
41
46
50
51
47
41
30
20
10
-1
-10
-20
-25
-31
-39
-48
-54
-60
-63
-58
-54
-47
-38
-28
-18
-5
11
25
43
57
69
78
86
91
97
96
94
87
76
57
35
12
-11
-30
-48
-61
-79
-94
-105
-113
-111
-106
-97
-82
-68
-53
-37
-19
0
23
41
58
70
75
80
81
82
81
76
75
67
52
37
20
2
-18
-39
-56
-66
-70
-72
-81
-96
-109
-109
-101
-91
-78
-65
-49
-30
-12
5
23
42
70
93
111
123
124
123
122
121
116
102
82
50
17
-13
-36
-53
-70
-89
-107
-124
-130
-130
-121
-106
-87
-65
-42
-23
-1
21
40
60
78
96
106
107
105
104
104
106
104
96
79
58
34
10
-17
-57
-92
-105
-95
-86
-97
-134
-170
-179
-162
-141
-116
-96
-73
-52
-42
-32
-7
38
92
138
166
180
179
167
162
175
190
189
161
110
48
-9
-50
-78
-98
-122
-153
-191
-227
-243
-241
-216
-174
-129
-87
-60
-36
-3
44
96
146
187
217
232
226
217
211
218
220
206
172
125
77
27
-6
-25
-46
-71
-99
-132
-167
-187
-199
-196
-186
-169
-148
-134
-126
-116
-106
-94
-70
-37
-1
30
40
33
18
20
36
51
55
55
53
47
38
23
18
24
36
47
49
43
25
13
3
11
20
21
7
-18
-42
-54
-55
-49
-44
-48
-52
-61
-52
-30
0
24
47
68
87
103
113
126
139
143
136
125
124
116
95
67
40
25
16
9
-6
-26
-37
-42
-41
-45
-92
-186
-263
-217
-92
-12
-64
-206
-286
-275
-194
-141
-111
-63
-13
7
-30
-53
-5
107
221
291
317
291
233
180
176
241
303
300
209
82
-36
-117
-150
-157
-157
-189
-246
-323
-375
-390
-374
-316
-226
-146
-100
-77
-63
-16
64
160
235
298
336
337
304
261
269
331
374
349
263
182
127
101
78
43
15
-34
-99
-172
-233
-263
-272
-272
-265
-249
-242
-252
-270
-281
-241
-169
-102
-51
-21
-1
17
45
103
175
215
218
187
148
139
141
132
106
67
18
-32
-77
-109
-131
-156
-180
-208
-220
-213
-196
-192
-175
-160
-130
-97
-67
-31
-3
44
86
128
176
204
212
221
233
245
257
263
250
219
180
145
111
94
80
63
14
-29
-54
-68
-68
-74
-77
-82
-81
-88
-100
-104
-84
-47
-13
5
-2
-6
-14
-7
22
57
102
118
101
56
35
40
57
52
27
13
-10
-27
-40
-67
-81
-87
-72
-89
-163
-248
-265
-184
-101
-90
-158
-213
-208
-166
-112
-107
-70
7
68
88
51
30
56
132
228
310
329
263
190
158
199
278
320
269
123
-27
-109
-109
-66
-62
-133
-263
-374
-405
-374
-319
-267
-229
-197
-174
-140
-93
-19
66
156
238
299
324
306
286
300
353
414
419
341
229
143
123
144
153
129
58
-33
-118
-159
-151
-132
-109
-113
-139
-186
-234
-255
-242
-190
-119
-66
-58
-134
-231
-286
-261
-175
-83
-57
-110
-205
-276
-296
-259
-176
-100
-54
-84
-158
-200
-179
-82
37
156
211
200
172
150
193
249
324
353
329
233
118
68
83
102
56
6
-47
-79
-90
-105
-111
-83
-23
33
53
41
36
85
166
249
311
333
297
256
241
280
340
374
349
264
164
96
72
72
83
51
-12
-107
-192
-242
-271
-288
-282
-293
-309
-320
-347
-344
-306
-276
-224
-191
-150
-128
-121
-102
-62
-12
36
64
71
72
61
71
82
93
55
20
-5
-5
-16
-39
-56
-61
-62
-80
-108
-103
-106
-105
-96
-102
-79
-83
-97
-123
-134
-114
-76
-16
27
42
44
22
27
59
124
190
212
198
197
200
209
239
258
251
234
195
165
140
122
87
47
31
10
-22
-71
-113
-103
-98
-83
-84
-94
-101
-139
-150
-152
-83
-27
0
7
4
11
29
55
38
34
33
33
32
30
10
-9
-37
-58
-88
-99
-100
-116
-145
-161
-150
-152
-141
-129
-129
-118
-104
-41
23
86
140
148
170
175
201
220
242
253
244
231
193
148
129
114
104
80
57
27
-6
-10
-21
-20
-7
7
10
16
9
8
15
8
17
18
4
-16
-29
-27
-57
-62
-47
-30
-53
-95
-50
3
-13
-92
-182
-226
-273
-319
-333
-261
-143
-195
-387
-580
-579
-418
-264
-184
-165
-136
-110
-59
23
158
336
459
534
560
576
569
524
494
488
502
405
206
11
-125
-211
-298
-371
-413
-441
-504
-616
-665
-597
-479
-356
-275
-192
-107
24
151
262
381
483
583
644
688
707
661
608
574
585
605
554
425
276
170
104
80
23
-64
-183
-303
-391
-425
-389
-373
-416
-474
-487
-439
-394
-330
-311
-233
-131
-49
16
55
106
123
146
205
251
244
117
-188
-430
-350
18
175
-163
-754
-1059
-898
-614
-571
-718
-727
-552
-386
-389
-447
-298
47
365
574
672
718
692
658
793
1071
1292
1220
922
631
511
485
462
381
230
58
-213
-405
-613
-695
-635
-487
-385
-497
-593
-668
-624
-422
-146
56
175
249
282
298
330
434
636
819
946
878
676
532
516
596
648
602
388
122
-132
-295
-329
-356
-382
-508
-695
-852
-936
-869
-766
-640
-568
-493
-370
-257
-132
-225
-286
-397
-222
51
331
439
88
-315
-609
-416
-138
-136
-311
-507
-409
-318
-407
-571
-530
-132
269
481
412
315
286
372
600
877
1182
1176
943
576
358
423
474
495
293
67
-249
-603
-756
-711
-500
-536
-689
-764
-718
-620
-581
-463
-246
-14
202
316
357
366
440
619
900
1145
1231
1057
731
616
750
977
959
694
364
85
-78
-168
-170
-164
-271
-503
-783
-948
-925
-801
-715
-703
-652
-627
-610
-599
-535
-340
-101
130
219
245
206
211
301
430
591
625
470
214
-50
-263
-388
-251
-38
-8
-353
-935
-1258
-1227
-982
-872
-862
-807
-703
-645
-716
-668
-374
125
567
792
859
854
877
951
1159
1417
1609
1595
1313
880
542
444
553
529
263
-77
-463
-677
-814
-847
-820
-843
-815
-797
-751
-774
-738
-551
-330
-32
197
346
335
355
466
631
910
1091
1161
1047
899
852
872
952
880
704
422
147
-18
-145
-196
-321
-507
-709
-905
-1004
-1055
-1033
-991
-912
-782
-726
-664
-595
-413
-112
233
411
251
-372
-878
-602
626
1643
1246
-242
-1409
-1155
-222
71
-455
-871
-507
15
-295
-1196
-1545
-731
545
1164
902
392
74
70
376
1055
1867
2194
1757
768
-15
-40
436
926
919
371
-314
-842
-1032
-1084
-1081
-925
-619
-343
-539
-1132
-1559
-1339
-590
49
319
335
249
56
-130
-7
589
1373
1706
1408
815
513
734
1159
1447
1403
1139
693
302
129
185
303
183
-130
-532
-823
-1010
-1130
-1200
-1128
-1025
-980
-963
-1037
-1073
-998
-703
-218
249
463
305
85
69
418
923
1226
1227
881
486
273
328
572
709
526
120
-308
-502
-607
-845
-1179
-1322
-980
-561
-674
-1389
-2006
-1917
-1228
-725
-738
-891
-775
-417
-194
-161
-49
395
997
1431
1585
1498
1316
1153
1234
1656
2144
2202
1680
956
459
427
544
517
265
-183
-664
-1091
-1238
-1193
-1128
-1096
-1151
-1123
-1074
-1035
-987
-913
-633
-226
200
472
548
490
413
546
992
1475
1637
1402
1004
858
1021
1202
1186
934
643
405
207
70
-26
-114
-352
-681
-918
-979
-901
-885
-970
-1079
-1090
-988
-835
-670
-498
-322
-171
42
257
476
511
266
-126
-397
-254
210
725
875
337
-705
-1438
-1335
-653
-261
-583
-1150
-1359
-1153
-975
-1123
-1164
-723
22
468
349
61
-3
340
880
1452
1876
1906
1459
821
479
657
1073
1291
1008
361
-332
-754
-817
-675
-539
-537
-591
-673
-804
-1039
-1151
-902
-408
93
358
385
260
21
-8
343
993
1574
1645
1252
785
647
896
1224
1359
1207
920
620
374
208
155
143
115
-30
-298
-629
-966
-1098
-1057
-941
-915
-934
-956
-975
-975
-918
-708
-358
-76
-31
-133
-174
18
365
608
662
554
455
444
449
407
356
405
445
327
18
-252
-372
-331
-308
-403
-663
-1049
-1298
-1285
-1031
-841
-877
-1052
-1210
-1258
-1238
-1116
-817
-353
28
74
-85
-152
105
596
1085
1395
1506
1443
1298
1204
1325
1652
1892
1794
1448
1097
861
610
343
114
-79
-180
-365
-572
-936
-1239
-1357
-1361
-1215
-1120
-1085
-1134
-1056
-764
-477
-248
-106
99
362
571
732
851
1004
1138
1284
1322
1335
1295
1220
1159
1047
1003
860
645
409
111
-135
-316
-414
-514
-687
-930
-1126
-1181
-1130
-1055
-1009
-961
-875
-715
-549
-336
-152
36
114
105
-4
-121
-121
-19
371
712
700
43
-812
-1124
-839
-463
-586
-1025
-1190
-976
-777
-1077
-1483
-1325
-488
359
554
224
-109
39
560
1243
1787
1989
1791
1291
912
898
1152
1352
1178
756
245
-126
-341
-502
-601
-677
-608
-506
-565
-840
-1188
-1233
-884
-324
88
125
-126
-405
-357
66
681
1085
1104
897
657
620
842
1139
1339
1277
1075
839
673
587
545
491
337
187
-63
-440
-854
-1057
-967
-822
-832
-1064
-1315
-1402
-1311
-1049
-767
-503
-337
-327
-384
-353
-160
161
526
823
895
721
411
254
373
664
819
681
349
8
-230
-354
-308
-210
-289
-704
-1178
-1329
-966
-585
-612
-990
-1289
-1233
-1073
-960
-826
-519
-145
25
-56
-132
93
485
880
1192
1345
1396
1311
1288
1413
1646
1835
1771
1525
1229
987
762
465
246
117
-21
-259
-635
-965
-1132
-1159
-1207
-1279
-1292
-1223
-1194
-1190
-1053
-802
-508
-320
-197
-55
152
411
536
623
779
1019
1177
1122
985
876
954
1127
1192
1086
864
639
459
267
107
25
-50
-197
-482
-741
-849
-879
-899
-1000
-1098
-1042
-904
-810
-828
-792
-656
-369
-171
-170
-372
-723
-771
-426
508
1133
702
-466
-1337
-975
-48
342
-148
-755
-689
-292
-280
-773
-926
-343
554
948
609
231
117
471
972
1458
1843
1720
1211
601
455
864
1219
1194
700
74
-330
-469
-421
-417
-519
-610
-602
-602
-723
-995
-1134
-877
-387
8
63
-175
-411
-438
-132
378
803
946
731
462
363
610
990
1205
1151
939
783
699
621
574
567
567
460
172
-238
-598
-743
-717
-629
-608
-716
-973
-1220
-1292
-1214
-929
-619
-444
-481
-648
-686
-540
-226
140
368
470
424
264
123
114
329
650
820
657
283
-86
-156
-53
144
80
-301
-771
-966
-558
-286
-421
-975
-1326
-1162
-939
-937
-1187
-1123
-662
-264
-255
-570
-604
-248
381
839
1055
1061
836
797
967
1498
1969
1952
1578
1134
1011
1081
1086
971
707
467
164
-165
-423
-529
-506
-573
-634
-736
-820
-969
-1077
-927
-562
-164
-128
-316
-463
-351
42
390
670
764
716
636
626
807
1030
1162
1145
1048
937
825
742
671
587
433
204
36
-139
-285
-445
-608
-673
-747
-869
-1019
-1073
-1061
-1060
-1077
-1012
-830
-677
-664
-678
-552
-306
-148
-153
-209
-330
-454
-573
-270
413
718
137
-1002
-1488
-922
-114
-40
-679
-1115
-928
-603
-729
-1051
-849
-86
615
607
219
-48
155
681
1235
1796
1989
1727
1109
674
886
1432
1829
1648
975
307
14
83
210
196
14
-129
-255
-409
-685
-883
-786
-451
-190
-223
-373
-439
-363
-315
-205
59
360
494
327
120
206
560
946
1019
818
596
551
639
727
730
607
427
181
7
-135
-231
-280
-410
-602
-888
-1114
-1136
-1043
-938
-975
-1094
-1181
-1168
-1079
-902
-582
-289
-123
-207
-365
-364
-132
253
520
614
507
301
192
174
382
586
732
454
-248
-725
-572
345
673
-49
-1228
-1702
-1037
-425
-611
-1240
-1309
-668
-285
-608
-1131
-872
38
892
1083
759
583
567
931
1484
2092
2434
2106
1474
975
998
1433
1706
1585
1030
368
-122
-335
-336
-278
-212
-278
-475
-856
-1221
-1306
-1109
-759
-489
-403
-426
-579
-600
-506
-235
202
572
740
485
128
42
410
959
1206
977
479
224
283
391
467
380
299
41
-326
-644
-833
-663
-507
-515
-733
-992
-1064
-1030
-913
-789
-653
-558
-553
-560
-509
-318
-126
37
148
217
279
237
183
123
126
221
220
-10
-391
-512
-212
127
-22
-667
-1128
-1058
-695
-627
-902
-1010
-779
-448
-441
-664
-644
-168
456
814
811
718
794
1015
1360
1681
1829
1760
1508
1275
1266
1360
1373
1214
922
572
252
93
34
-67
-196
-351
-474
-546
-646
-699
-664
-491
-397
-477
-548
-491
-285
-219
-211
-113
81
224
145
10
11
249
499
552
364
80
20
76
254
395
294
82
-216
-317
-303
-203
-85
-92
-248
-560
-793
-825
-622
-352
-225
-296
-475
-602
-568
-408
-171
-35
5
-52
-160
-197
-165
-19
109
212
233
123
-24
-146
-207
-112
-6
43
-261
-712
-782
-368
105
-175
-886
-1196
-680
-70
-259
-934
-1128
-426
344
318
-249
-502
107
910
1309
1164
882
833
979
1392
1768
1904
1658
1216
972
972
1092
1074
824
480
163
-10
-166
-264
-420
-494
-473
-463
-521
-752
-845
-784
-490
-177
-104
-260
-457
-457
-239
12
137
164
98
-36
-167
-214
-39
218
345
143
-310
-541
-460
-205
2
41
-125
-337
-499
-562
-516
-353
-111
-30
-202
-458
-598
-472
-213
-12
46
-5
-49
-61
-49
5
141
249
327
352
270
125
-1
11
165
277
271
82
-212
-541
-684
-351
213
364
-227
-1009
-1169
-611
-130
-302
-718
-721
-245
16
-332
-685
-443
350
946
909
470
148
326
901
1465
1692
1490
1065
780
822
1090
1317
1319
1085
722
393
257
271
308
239
104
18
-100
-324
-575
-612
-411
-202
-224
-497
-789
-918
-840
-618
-402
-328
-455
-674
-774
-686
-439
-219
-192
-310
-472
-469
-311
-110
-13
-39
-81
-112
-88
-83
-24
51
88
101
7
-73
-82
44
217
293
160
-68
-129
27
219
249
146
87
40
-52
-186
-195
-25
104
41
-179
-304
-284
-278
-268
-193
17
136
13
-236
-337
-288
-218
-66
204
451
250
-285
-563
-237
286
317
-110
-353
-87
359
307
-99
-255
159
748
898
583
210
204
524
869
994
919
733
558
485
526
588
635
547
332
122
28
80
81
-25
-171
-240
-226
-230
-354
-456
-437
-346
-369
-479
-542
-512
-468
-451
-459
-516
-558
-585
-521
-395
-332
-348
-418
-436
-397
-349
-264
-195
-91
-18
-40
-100
-92
8
168
291
300
269
231
200
235
338
429
446
394
307
211
162
152
225
353
384
237
-62
-205
-67
166
253
135
-12
-185
-213
-220
-197
-177
-147
-17
38
-137
-469
-699
-547
-126
75
-201
-658
-758
-449
-132
-190
-359
-319
7
273
201
48
155
551
904
1008
954
870
818
818
904
1057
1131
1017
698
427
301
327
362
255
38
-167
-257
-326
-477
-588
-573
-464
-470
-682
-841
-851
-742
-723
-777
-766
-700
-693
-771
-795
-645
-445
-366
-419
-487
-445
-327
-194
-136
-77
-21
66
144
222
281
313
375
427
457
467
467
503
507
471
460
420
397
326
271
299
316
270
153
99
144
224
234
151
72
49
55
64
71
93
128
184
190
166
128
74
25
34
98
123
35
-81
-104
-20
12
-97
-227
-207
-91
-139
-340
-442
-281
-62
-77
-330
-456
-298
-33
49
-88
-164
-24
195
347
382
313
239
228
318
445
463
317
136
58
100
99
-22
-147
-190
-249
-369
-540
-625
-585
-504
-463
-532
-655
-752
-710
-605
-487
-439
-433
-448
-400
-312
-248
-197
-199
-166
-51
105
182
171
131
194
356
473
488
417
365
410
460
481
460
490
551
555
479
339
304
393
483
426
271
192
232
294
295
241
190
189
153
71
1
31
103
77
-12
-131
-133
-74
-11
-67
-216
-355
-408
-315
-217
-235
-339
-412
-354
-251
-158
-127
-102
-37
-12
51
95
178
230
270
294
298
303
283
282
311
291
156
23
-22
20
24
-44
-142
-239
-350
-435
-430
-317
-222
-304
-513
-623
-517
-349
-283
-373
-435
-397
-350
-325
-274
-165
-85
-132
-174
-103
32
103
72
0
2
88
120
92
51
72
128
139
95
28
30
121
189
196
107
87
185
264
229
181
280
486
649
564
340
270
366
501
542
461
385
304
204
103
92
184
232
172
4
-109
-137
-101
-38
-41
-61
-136
-200
-225
-228
-244
-311
-295
-201
-91
-119
-319
-467
-416
-167
-1
-76
-254
-331
-269
-197
-137
-118
-57
2
3
-36
-81
-44
42
104
116
70
28
-10
-67
-79
-7
84
80
-66
-233
-269
-139
-9
-32
-105
-158
-157
-149
-162
-126
13
119
79
-69
-163
-86
34
90
25
-64
-108
-125
-126
-112
-71
-9
30
3
-40
-34
37
109
122
169
234
302
303
234
239
367
511
518
418
310
303
372
430
447
456
490
444
306
198
229
347
406
351
157
-76
-132
-29
153
157
-64
-294
-339
-178
-127
-368
-613
-513
-162
-50
-381
-811
-758
-207
204
78
-437
-672
-431
-43
110
-60
-205
-216
-144
-77
-71
-106
-145
-175
-166
-132
-128
-156
-194
-197
-183
-175
-151
-81
-78
-107
-120
-30
47
5
-10
77
227
252
110
-18
-5
119
183
162
128
114
104
15
-20
42
139
120
4
-67
-47
8
42
84
113
100
30
-8
15
80
105
106
144
217
229
124
61
116
214
270
273
295
284
199
101
121
265
341
291
133
57
114
212
229
149
100
89
95
75
24
-22
-69
-116
-159
-147
-96
-76
-151
-264
-309
-230
-95
-49
-139
-270
-289
-221
-128
-119
-163
-195
-166
-154
-220
-280
-273
-199
-183
-239
-318
-363
-384
-371
-313
-250
-208
-224
-302
-366
-319
-186
-96
-71
-82
-109
-126
-133
-51
45
129
153
134
157
214
280
319
353
379
397
362
314
367
427
432
374
315
277
256
232
209
227
208
141
56
59
125
206
233
191
98
24
28
98
240
320
252
143
98
128
157
200
271
302
255
79
-76
-81
50
147
118
20
-50
-67
-66
-101
-139
-134
-83
-42
-66
-144
-261
-296
-224
-125
-104
-185
-332
-408
-368
-314
-268
-296
-345
-354
-367
-428
-511
-516
-437
-379
-373
-412
-466
-511
-509
-468
-385
-291
-257
-282
-303
-255
-168
-60
23
87
150
165
172
198
257
383
464
485
432
387
424
479
510
458
394
346
341
347
343
330
261
155
79
82
118
139
85
14
8
58
80
59
37
25
56
68
72
90
122
116
78
34
35
93
123
125
90
33
15
54
76
73
28
4
18
19
-10
-29
1
28
24
-44
-84
-53
0
24
-7
-54
-51
4
41
19
12
22
23
-2
-30
-62
-77
-82
-82
-96
-145
-192
-255
-296
-293
-298
-337
-379
-417
-403
-394
-391
-369
-337
-314
-346
-358
-304
-195
-96
-82
-121
-115
-59
16
80
99
125
142
139
149
132
115
144
187
215
163
97
67
96
155
174
168
131
104
81
61
83
87
116
166
210
196
143
121
163
231
258
240
247
304
323
290
237
250
352
418
374
249
147
138
141
94
41
28
49
-18
-169
-283
-272
-201
-180
-228
-266
-278
-260
-251
-220
-189
-158
-114
-92
-82
-69
-70
-45
-9
42
64
55
24
-24
-39
-7
47
18
-59
-156
-201
-207
-197
-223
-269
-331
-340
-347
-385
-413
-394
-341
-319
-275
-244
-215
-179
-125
-49
28
51
60
74
124
226
303
349
349
332
295
291
347
395
363
281
184
128
123
122
106
65
38
17
-8
-48
-23
31
65
58
34
60
91
135
165
168
175
207
229
183
100
57
91
150
162
103
11
-14
-16
-39
-63
-66
-16
-25
-121
-230
-238
-143
-88
-108
-145
-157
-158
-209
-233
-171
-42
46
0
-91
-76
5
91
126
113
109
84
43
58
116
141
85
-5
-52
-40
-18
-52
-87
-71
-50
-73
-138
-174
-115
-55
-69
-123
-139
-82
-14
-63
-163
-163
-75
-16
-33
-107
-125
-96
-79
-104
-126
-107
-106
-115
-177
-182
-140
-88
-90
-109
-80
-43
-17
-35
-27
8
49
62
56
80
132
157
134
103
113
172
236
251
213
168
194
236
261
256
266
279
272
227
131
91
114
174
160
90
15
-37
-55
-87
-88
-34
-21
-103
-204
-233
-158
-71
-68
-129
-148
-95
-41
-30
-63
-73
-30
35
83
55
-11
-26
44
149
201
155
90
67
84
115
127
121
125
130
103
30
-46
-46
8
60
20
-87
-191
-200
-138
-89
-106
-139
-160
-208
-247
-238
-171
-90
-74
-102
-112
-108
-95
-87
-55
-27
-24
-46
-61
-69
-64
-66
-77
-69
-58
-54
-67
-95
-68
-17
19
4
-54
-33
25
71
75
95
146
199
231
215
180
179
230
260
255
206
169
155
117
77
34
33
67
43
-44
-134
-158
-103
-59
-90
-156
-179
-132
-93
-101
-136
-130
-52
-1
-13
-45
-49
-30
13
33
25
23
30
32
20
-2
11
67
113
91
26
-31
-27
17
30
47
34
33
38
21
22
24
28
65
95
106
79
48
44
48
61
73
66
53
15
-54
-104
-94
-38
-21
-67
-122
-159
-185
-205
-178
-128
-101
-115
-151
-144
-94
-56
-77
-96
-51
0
23
-36
-79
-23
58
109
79
23
7
15
40
57
64
71
67
28
4
19
54
81
72
44
6
35
91
131
114
88
106
155
190
168
142
140
174
165
110
78
96
125
107
47
2
-2
21
-18
-89
-117
-105
-83
-108
-139
-163
-148
-115
-99
-86
-77
-85
-106
-119
-97
-27
22
1
-42
-67
-32
23
42
22
27
22
-11
-61
-89
-30
41
48
-37
-105
-103
-73
-46
-50
-49
-48
-79
-115
-135
-112
-67
-40
-39
-78
-100
-91
-84
-86
-82
-36
-4
-11
-62
-59
-17
32
98
125
116
95
104
129
175
213
210
201
195
182
159
145
161
169
149
98
47
2
-8
1
18
10
-37
-75
-82
-65
-62
-64
-38
3
19
-4
-40
-16
49
94
73
33
37
69
83
79
50
29
-1
-24
-31
-62
-68
-64
-69
-61
-67
-101
-110
-101
-77
-69
-97
-123
-117
-72
-28
-18
-18
-37
-49
-29
6
22
23
5
18
29
38
27
-7
-6
0
3
-44
-89
-95
-95
-81
-92
-125
-130
-119
-123
-120
-114
-85
-58
-33
-9
34
59
49
55
87
169
214
189
113
77
124
170
186
116
43
10
-26
-59
-76
-74
-63
-94
-146
-150
-116
-75
-51
-43
-24
-14
-14
12
64
121
161
173
198
227
257
255
228
241
284
298
241
187
188
194
179
123
70
52
26
-19
-66
-85
-83
-90
-156
-220
-247
-220
-157
-159
-223
-273
-242
-179
-137
-149
-161
-163
-144
-116
-88
-48
-28
-26
-42
-56
-38
-12
-9
-5
17
33
6
-32
-60
-71
-41
-21
-19
-41
-85
-108
-101
-72
-17
19
8
-6
-28
-20
45
104
135
125
93
76
89
119
128
118
131
134
124
94
76
117
149
153
127
100
95
83
67
72
84
72
31
-33
-80
-85
-76
-67
-63
-87
-138
-186
-193
-141
-90
-107
-164
-154
-92
-55
-71
-76
-23
8
-2
-5
31
84
108
91
47
28
61
84
91
78
54
42
26
17
16
32
47
52
18
-51
-78
-52
25
78
66
19
-19
-32
-22
10
16
27
25
-17
-49
-79
-87
-75
-74
-81
-83
-88
-89
-104
-118
-126
-120
-80
-41
-18
-34
-37
-23
5
56
100
134
141
118
107
135
194
221
166
115
101
119
121
73
45
22
-16
-70
-87
-89
-76
-88
-137
-173
-184
-161
-153
-130
-115
-116
-126
-128
-94
-27
7
15
36
64
76
89
109
136
184
219
208
177
170
194
224
194
176
141
128
119
82
48
30
47
48
22
-26
-56
-75
-78
-74
-55
-69
-113
-158
-181
-150
-118
-114
-127
-139
-152
-149
-134
-106
-104
-108
-96
-82
-82
-102
-101
-63
-5
23
-27
-76
-66
-27
-22
-46
-50
-36
-16
-21
-51
-44
1
29
23
-5
-5
2
9
22
29
59
84
93
66
53
64
101
134
144
126
121
129
134
120
111
120
124
123
101
75
50
43
39
38
5
-19
-40
-55
-65
-73
-78
-73
-72
-66
-69
-67
-43
-26
-30
-39
-21
17
56
55
23
11
47
86
106
89
58
36
30
44
43
38
30
10
-20
-19
-25
-40
-61
-79
-79
-91
-87
-79
-73
-75
-76
-68
-62
-50
-39
-33
-42
-45
-87
-102
-91
-48
-7
-29
-75
-88
-55
-38
-39
-51
-33
-13
7
13
12
14
46
73
75
85
95
119
120
104
98
115
122
117
84
56
42
52
60
61
51
27
27
5
-8
-50
-60
-37
-40
-66
-108
-120
-103
-100
-117
-138
-129
-98
-84
-80
-101
-79
-38
-4
32
48
61
59
50
81
108
111
118
129
138
132
114
120
130
127
124
105
113
125
99
45
19
45
63
54
4
-38
-48
-37
-41
-54
-74
-96
-107
-141
-152
-135
-135
-133
-145
-149
-143
-140
-128
-114
-106
-97
-94
-87
-93
-71
-43
-23
-26
-60
-72
-64
-35
-30
-28
-26
-14
3
10
9
-1
11
49
77
80
77
87
117
131
151
162
168
182
176
176
160
137
136
130
119
129
115
81
63
43
30
24
6
-13
-31
-50
-81
-107
-102
-102
-114
-115
-118
-121
-137
-166
-179
-152
-109
-100
-101
-107
-104
-84
-54
-17
16
25
35
38
49
70
94
110
108
104
100
89
57
52
56
80
97
76
31
-7
-20
7
32
58
69
21
-35
-45
-21
11
7
0
9
13
5
-9
-17
4
36
37
9
-11
-12
-19
-29
-26
-20
-13
-9
-44
-66
-72
-43
-4
1
-26
-60
-59
-41
-2
10
-8
-18
-25
-45
-30
13
16
6
-5
-16
1
21
17
2
-14
-11
6
4
-1
-12
-18
-21
-22
-28
-34
-31
-39
-48
-60
-44
-31
-43
-68
-74
-46
-37
-36
-29
-19
-5
13
14
17
40
60
78
73
54
46
53
95
132
142
127
95
77
87
117
126
103
68
31
15
12
25
27
16
-5
-36
-39
-54
-49
-66
-62
-42
-35
-57
-93
-100
-100
-86
-79
-101
-121
-131
-131
-121
-113
-100
-91
-62
-60
-74
-81
-65
-20
20
28
30
46
72
89
108
139
145
156
155
156
171
188
187
158
158
157
154
126
93
88
80
52
24
-9
-22
-27
-56
-68
-87
-96
-103
-105
-111
-124
-120
-115
-109
-103
-94
-85
-86
-87
-85
-65
-51
-62
-59
-52
-38
-25
-14
7
4
-10
-15
-16
16
31
21
3
-33
-31
-8
8
12
-12
-41
-49
-20
33
51
40
28
40
73
90
83
69
82
102
110
112
110
96
91
85
68
80
87
68
53
7
-12
-7
4
1
-24
-44
-62
-55
-54
-65
-56
-66
-69
-65
-68
-66
-56
-50
-32
-17
-38
-65
-67
-43
-13
12
16
-5
-20
-32
-47
-45
-25
-8
-2
-20
-50
-42
-18
4
9
-5
-9
1
11
-2
-21
-17
-24
-32
-52
-56
-53
-50
-64
-84
-73
-52
-41
-49
-56
-50
-30
-8
1
-6
-3
9
16
27
30
23
13
11
32
53
77
74
59
34
23
55
93
107
95
80
83
99
116
121
114
108
95
86
60
65
88
93
93
89
87
63
35
34
38
57
63
61
35
0
7
18
30
38
39
21
-6
-21
-12
12
14
4
-12
-20
-20
-23
-29
-31
-21
-21
-39
-71
-93
-92
-75
-55
-54
-62
-84
-114
-129
-114
-83
-69
-75
-99
-112
-108
-87
-73
-61
-59
-76
-89
-90
-68
-39
-47
-48
-42
-45
-44
-48
-43
-40
-41
-47
-64
-62
-66
-58
-67
-66
-56
-45
-64
-69
-72
-69
-39
-27
-11
-7
3
19
25
44
61
75
90
95
111
127
141
148
143
151
138
123
112
102
102
103
106
104
92
79
65
40
46
63
54
45
33
28
32
45
58
44
30
33
34
44
42
44
43
37
20
23
40
57
61
33
3
-8
2
1
-9
-28
-25
-32
-30
-20
-28
-42
-36
-18
-26
-30
-42
-52
-56
-57
-38
-35
-29
-51
-65
-68
-59
-43
-46
-56
-75
-71
-61
-56
-61
-71
-73
-70
-78
-87
-98
-103
-94
-88
-92
-100
-95
-92
-82
-60
-61
-50
-36
-41
-43
-33
-31
-34
-7
9
31
48
50
57
52
49
51
70
103
119
119
102
94
111
126
129
138
150
155
144
135
137
139
151
146
125
116
110
86
62
57
67
64
43
21
-9
-19
-11
-23
-50
-72
-78
-92
-87
-79
-77
-71
-75
-88
-101
-94
-98
-99
-100
-114
-136
-145
-140
-113
-98
-108
-120
-122
-124
-114
-105
-92
-70
-64
-56
-45
-35
-18
-16
-19
-11
0
23
24
10
8
24
20
27
27
28
23
5
-3
1
8
9
-1
-11
-14
-14
-7
2
17
31
45
36
25
37
61
79
81
82
104
114
108
106
127
158
168
168
151
153
156
154
145
151
156
151
141
114
108
113
104
96
72
66
49
29
19
19
28
14
-16
-52
-61
-64
-67
-63
-61
-67
-88
-104
-114
-103
-103
-111
-108
-105
-108
-135
-150
-157
-139
-136
-150
-176
-183
-170
-143
-134
-144
-138
-142
-143
-160
-145
-118
-84
-79
-67
-50
-52
-50
-54
-33
1
37
31
15
13
41
58
65
71
56
40
23
15
30
54
62
48
18
-6
-16
-8
11
26
42
34
11
22
31
44
55
52
59
54
51
53
70
109
140
131
124
121
143
164
169
179
186
195
177
150
143
164
170
140
96
78
66
47
34
27
43
28
-9
-50
-57
-41
-27
-49
-65
-76
-90
-97
-113
-96
-74
-75
-92
-119
-101
-81
-79
-84
-71
-68
-79
-114
-123
-106
-88
-78
-93
-106
-111
-119
-126
-102
-76
-48
-54
-84
-84
-59
-21
-2
-10
-11
-14
-14
-15
-27
-11
-2
-13
-19
-25
-33
-29
-28
-26
-18
-32
-38
-37
-11
14
14
16
23
35
41
38
41
47
58
70
51
50
63
77
100
110
113
117
111
120
141
154
152
150
132
114
111
109
118
108
91
76
62
44
41
42
41
48
45
42
16
2
7
21
34
33
10
3
0
-1
1
-23
-32
-37
-43
-51
-76
-80
-84
-89
-101
-118
-141
-168
-184
-195
-177
-162
-177
-212
-229
-218
-192
-186
-193
-192
-193
-180
-170
-168
-137
-98
-64
-55
-62
-39
-16
21
53
70
87
98
85
94
100
127
163
162
142
121
114
107
113
106
115
109
102
71
49
66
57
72
80
73
63
46
49
61
88
109
98
99
98
92
117
120
123
116
127
143
133
116
96
91
82
74
70
60
44
29
30
38
24
1
-27
-46
-58
-61
-67
-70
-88
-108
-107
-106
-107
-94
-95
-112
-118
-114
-112
-109
-108
-99
-107
-107
-102
-110
-105
-108
-106
-111
-108
-97
-108
-124
-121
-122
-122
-120
-130
-120
-95
-102
-110
-105
-85
-55
-41
-36
-24
-6
27
55
72
86
88
93
93
109
135
167
150
137
124
132
130
116
118
107
93
79
70
55
65
71
50
52
59
70
61
39
32
52
70
47
45
62
77
51
35
31
49
60
41
30
12
19
27
23
16
4
5
2
0
-15
-31
-33
-42
-42
-43
-46
-57
-63
-70
-57
-56
-64
-71
-72
-85
-82
-58
-50
-62
-56
-56
-50
-44
-57
-60
-49
-41
-33
-54
-50
-60
-66
-77
-85
-75
-86
-89
-82
-71
-65
-65
-86
-65
-50
-47
-52
-54
-25
-2
16
14
12
35
60
73
60
67
111
124
113
98
106
120
132
139
125
128
119
98
91
91
98
84
83
47
45
71
68
54
28
29
34
31
16
19
19
22
-8
-7
-32
4
-115
-288
-82
107
59
-68
-95
-3
88
31
-91
-174
-33
95
119
38
2
36
47
42
13
32
6
-39
-60
-95
-48
9
-108
-158
-78
-47
-130
-193
-151
-69
-49
-56
-76
-68
-56
-101
-40
4
-23
-13
60
-4
-124
-63
3
-42
-27
-14
-36
-30
-50
-20
-97
-48
51
55
39
-22
5
12
82
30
65
104
45
57
83
79
69
94
85
77
64
135
30
41
97
110
80
97
90
59
73
72
69
58
120
49
-2
64
139
42
-3
27
19
17
84
74
-197
-68
165
-28
-86
4
-20
-47
15
-12
-140
-61
6
-28
-59
-42
-33
-112
-61
-80
29
26
-90
-128
-86
-44
-74
-140
-142
-77
-105
-214
-137
-105
-121
-82
-50
-73
-104
-6
-35
-81
57
79
12
-40
74
59
-33
37
77
6
48
134
-21
-87
55
30
-48
91
19
-52
-11
92
-30
-43
100
107
7
32
94
8
47
100
84
77
133
119
-3
95
184
108
11
79
171
153
63
57
46
73
138
20
32
38
27
-84
-35
53
18
-40
-55
-53
-15
28
-95
-139
-16
31
-102
0
-18
-106
-114
-61
-48
-15
-31
-164
-115
-79
-62
-103
-128
-103
-36
-23
-105
-89
-63
-80
-109
-38
32
-17
-70
-75
-42
9
26
-2
-48
-18
7
-6
11
-43
6
-7
25
18
18
52
-4
-73
24
103
25
18
43
24
-8
95
150
44
29
123
130
23
117
110
82
92
165
133
18
146
112
14
78
145
70
7
42
74
-22
23
60
-4
-47
-18
-9
-80
-11
37
-22
-40
-33
-59
-38
-15
-63
-80
-14
0
-32
-78
-63
-37
-58
0
-14
-29
-43
-31
-61
-52
-42
-42
-51
-103
-48
-76
-109
-117
-123
-107
-88
-61
-67
-62
-104
-90
-74
-88
-9
-25
-81
-34
9
35
13
-1
7
-48
13
106
13
-35
19
-6
-4
74
78
-11
-70
29
-3
5
35
49
27
4
34
76
98
38
-10
9
110
144
103
36
40
58
140
169
132
98
103
71
74
132
128
82
27
57
97
86
32
-7
4
77
105
98
-7
-56
59
51
22
20
20
58
12
-26
15
-1
-36
-43
0
-5
-69
-33
-82
-122
-42
-56
-117
-116
-77
-81
-167
-128
-87
-118
-105
-72
-65
-145
-137
-94
-117
-91
-29
-66
-102
-70
-30
-62
-74
-62
-40
-44
-28
-23
-20
-59
-74
-21
1
18
-13
-11
-27
-8
25
-7
8
46
12
37
62
34
53
99
91
22
79
140
96
58
75
99
156
169
106
80
74
128
122
84
91
104
94
60
81
96
26
5
51
47
26
70
25
-47
-39
-12
33
5
-105
-52
-3
-26
-74
-79
-82
-89
-22
-28
-44
-64
-47
-95
-138
-61
-25
-33
-77
-84
-61
-70
-93
-84
-108
-71
16
-31
-97
-68
-24
-85
-83
-31
21
-28
-67
-46
-53
-62
-20
2
-33
-5
10
-20
-12
26
18
26
51
79
31
32
71
55
33
67
100
93
51
10
36
51
83
64
54
68
58
37
10
37
69
79
26
60
100
84
19
36
85
73
75
61
66
42
18
60
75
77
98
70
-14
2
31
12
-3
27
38
-31
-12
-15
-85
-95
-63
-25
-5
0
-63
-91
-48
-68
-66
-41
-17
-49
-63
-76
-95
-75
-42
-66
-102
-20
-12
-94
-136
-120
-101
-95
-60
-76
-90
-81
-86
-71
-51
-31
-28
-24
-25
-24
-22
-19
-8
20
37
47
24
16
11
-13
1
5
11
-8
2
35
30
-16
-12
59
47
1
0
47
30
16
28
41
74
77
58
22
47
79
54
-6
75
108
70
26
76
95
58
59
40
60
102
71
15
22
48
31
10
33
47
58
6
-55
-18
16
-8
-38
-29
-3
-36
-28
-23
-40
-27
-20
-6
15
11
-1
4
-32
-18
-5
-4
-18
-20
-54
-62
-13
-16
-63
-74
-58
-47
-41
-49
-65
-47
-19
-24
-50
-38
5
-8
-59
-41
36
57
-2
-2
20
17
37
15
-17
-1
28
-19
-39
9
5
-54
-63
-2
-9
-39
-49
-43
-23
-18
-8
-7
16
9
2
-3
6
44
17
-8
27
70
63
62
31
46
55
53
39
43
68
25
2
34
76
66
48
27
30
63
56
49
57
47
32
31
51
37
18
1
23
1
-41
-14
1
-2
-29
-30
-31
-24
-27
-22
-46
-51
-32
-48
-73
-45
-42
-78
-97
-86
-45
-72
-83
-101
-65
-44
-39
-70
-91
-53
-46
-63
-49
1
-4
-34
-48
14
32
7
5
21
41
2
28
40
33
20
1
35
52
42
-4
-7
20
20
2
-15
25
51
38
0
-2
49
51
1
4
61
77
38
23
26
58
69
31
11
21
49
20
-10
23
66
40
19
25
38
35
25
15
11
23
12
19
-1
-5
-6
-4
22
13
-15
-45
-13
-21
-33
-12
9
5
-29
-32
-36
-13
2
7
-22
4
26
-15
-40
-33
11
25
-9
-17
0
0
-21
-30
-21
-7
4
-1
-19
-27
-42
-43
-47
-46
-46
-29
-35
-45
-35
-54
-68
-62
-35
-47
-60
-40
-22
-23
-40
-35
-1
-2
-22
-22
-12
-26
-22
7
-3
5
20
13
12
14
19
34
46
40
37
27
47
36
23
30
44
66
58
49
29
46
63
49
40
71
87
74
41
60
59
65
72
46
34
43
37
-1
-5
1
14
11
-2
-3
-9
-27
-31
-17
-16
-21
-17
-32
-41
-41
-54
-65
-47
-52
-53
-56
-55
-75
-73
-62
-64
-49
-57
-64
-46
-37
-36
-42
-45
-25
-24
-39
-27
-4
-13
-18
-7
2
2
19
12
-2
22
35
14
6
11
33
44
36
6
15
23
22
23
23
8
8
27
33
18
28
46
41
25
35
52
33
45
37
47
42
48
67
38
33
44
54
51
36
34
45
46
33
4
26
48
26
7
-8
8
8
-23
-38
-40
-17
-26
-35
-40
-50
-31
-19
-36
-35
-20
-4
-8
-30
-45
-29
0
-6
-17
-12
11
5
-13
-37
-43
-18
-8
-24
-28
-26
-38
-40
-59
-45
-24
-30
-43
-54
-48
-36
-14
-22
-31
-10
10
-13
-34
-22
-14
-1
-7
-20
-12
-5
-18
-7
-23
-31
-17
-18
-21
-47
-26
-15
-23
-32
-41
-18
-14
-14
-14
-21
6
25
25
7
13
34
29
15
35
43
53
67
58
70
69
63
53
64
88
98
92
86
72
76
88
75
52
67
69
55
38
26
36
31
31
31
17
-11
-3
6
-12
-9
-2
-9
-9
-11
-28
-30
-5
-21
-44
-42
-39
-26
-36
-53
-58
-42
-51
-66
-51
-46
-49
-57
-50
-48
-40
-31
-26
-31
-36
-33
-45
-43
-15
-11
-1
-7
-1
4
-8
4
-5
-2
-7
-14
-7
-11
-6
-8
-22
-8
-14
-28
-20
-7
2
2
-2
-2
17
16
-14
-12
1
-7
1
15
13
1
16
9
-9
-3
6
25
23
18
27
29
26
18
12
18
52
43
9
27
42
51
41
34
21
35
56
20
15
25
27
5
-2
8
26
23
-5
0
10
18
3
-1
11
15
11
1
5
15
-6
0
-2
-12
-20
-14
-19
-34
-17
-22
-24
-16
-14
-30
-27
-11
-17
-17
-34
-33
-26
-13
-20
-39
-16
-9
-5
-24
-10
-25
-11
-5
-28
-29
-16
-1
-12
-8
-6
6
-11
-7
-7
-25
-13
5
4
-11
-17
-14
10
-1
-23
-1
11
11
-4
2
5
24
17
9
8
23
29
10
11
33
48
34
29
31
47
45
28
30
41
42
39
30
13
13
24
24
5
-11
-17
-1
-8
-16
-16
-10
-12
-20
-10
-33
-25
-7
-3
-15
-16
-2
-3
-12
-15
-8
-8
-1
-9
-31
-30
-14
-11
-24
-21
-23
-14
-24
-24
-10
4
4
2
0
12
10
19
15
3
25
32
28
14
14
35
44
42
22
19
38
26
20
7
14
25
20
-31
-32
-1
11
-11
-25
-12
-14
-17
-24
-31
-21
2
-14
-41
-40
-23
-5
-20
-30
-13
-4
-19
-61
-56
-28
-15
-23
-28
-18
-11
-9
-26
-21
-17
1
15
-8
-12
8
17
10
1
4
22
15
12
-3
3
27
29
12
-9
-7
-11
-12
-18
-29
-5
5
3
-1
2
7
12
-2
-9
1
10
18
20
22
29
29
28
25
14
26
18
16
6
5
14
14
8
5
4
13
18
18
7
21
26
27
25
8
13
10
5
3
1
9
17
24
15
10
10
21
12
0
13
27
19
6
-1
-1
11
10
15
11
9
9
-2
1
0
-2
1
-4
8
-3
-7
-10
-17
-15
-15
-19
-34
-33
-34
-29
-19
-16
-27
-31
-29
-30
-19
-29
-22
-28
-30
-26
-24
-23
-17
-17
-13
-13
-16
-8
-13
-15
-11
-13
0
-8
-10
-3
-5
3
9
-2
-4
-13
-22
-19
-8
-5
-23
-17
-20
-26
-9
5
12
2
5
8
12
2
1
2
15
24
12
5
9
15
14
20
16
19
15
17
8
14
34
32
33
34
31
27
20
22
33
28
30
29
25
32
23
24
31
25
15
13
7
8
8
7
21
20
9
-1
-5
1
-5
-4
-4
-6
3
-13
-21
-10
-15
-18
-14
-28
-21
-18
-27
-35
-39
-33
-28
-24
-34
-29
-29
-26
-20
-23
-26
-21
-11
-7
-12
-14
-5
-4
-14
-16
-10
0
7
-3
-8
2
2
-11
-14
3
2
4
1
-7
-2
12
9
-2
-1
-2
9
6
2
5
12
14
13
5
8
14
4
-1
-8
4
7
8
16
9
14
18
21
10
2
17
25
24
14
20
30
30
24
13
15
21
18
5
-1
13
18
4
-13
-15
1
-2
-13
-23
-15
-4
-14
-20
-28
-9
1
-14
-25
-18
-12
-11
-17
-23
-14
-16
-13
-21
-18
-10
-12
-11
-10
-14
2
1
-3
-8
-8
6
12
-2
-9
8
17
14
14
15
18
29
24
9
13
27
27
26
15
16
30
28
9
2
8
11
3
-7
-12
1
13
2
-12
-7
1
4
-3
-9
1
4
-4
-5
-14
-24
-13
-10
-24
-19
-8
-6
-15
-21
-23
-17
-18
-29
-24
-11
-7
-8
-11
-15
-8
1
3
1
5
20
21
14
11
7
19
16
5
2
9
8
7
-8
-8
-6
-11
-11
-12
-15
-7
-1
7
-10
-6
7
-7
-5
-9
-12
4
12
-6
-9
-3
7
-1
-7
-5
6
16
13
6
17
24
19
12
-2
8
21
13
3
9
19
17
6
2
9
9
1
2
-4
0
7
16
1
-3
2
4
0
-13
-9
-4
2
0
-10
-14
-1
-1
-8
-7
-11
3
6
-2
4
3
11
5
-7
-2
4
7
3
-6
6
11
8
2
-3
8
15
4
-2
8
21
9
-2
4
5
11
8
5
2
3
12
1
-13
-7
-6
-6
-12
-10
-7
-10
-18
-20
-15
-16
-11
-18
-22
-22
-29
-26
-21
-27
-27
-27
-29
-24
-24
-27
-26
-21
-16
-13
-13
-11
-7
-3
-8
-2
4
5
10
5
13
8
12
12
8
11
11
13
7
7
15
16
12
18
18
17
14
14
16
17
19
21
19
18
18
15
18
10
16
22
18
17
17
20
19
16
18
22
22
18
20
21
20
19
17
14
14
7
7
8
6
4
1
-7
-3
-10
-14
-12
-18
-19
-16
-16
-25
-17
-25
-29
-26
-26
-24
-22
-27
-24
-25
-22
-24
-30
-23
-22
-26
-24
-24
-22
-14
-14
-11
-13
-15
-3
-4
-6
-5
1
3
8
9
17
20
18
13
5
12
17
19
15
11
15
13
6
1
4
9
13
9
4
10
17
11
7
6
10
8
5
6
2
2
1
-9
-12
-3
-8
-10
-9
-10
-11
-10
-13
-9
-11
-11
3
2
-1
2
8
5
9
7
16
15
13
14
15
14
19
15
18
17
9
9
2
-4
-9
-4
0
-3
-4
-3
-4
-3
0
-8
-6
-3
-2
-9
-6
-5
-4
1
-2
-6
-10
1
3
1
-6
-1
10
1
-1
-2
1
8
-2
-8
-8
-7
-7
-11
-19
-8
-11
-17
-20
-21
-13
-11
-11
-14
-14
-6
-11
-16
-16
-15
-6
-5
-9
-12
-7
-3
-1
-7
-4
2
6
-2
-6
1
-3
4
-1
-6
4
8
6
4
4
11
11
11
11
12
19
18
15
20
25
29
25
20
20
27
26
26
25
17
18
21
19
17
23
24
18
16
14
17
18
12
14
13
9
9
5
4
-2
-4
2
-4
-8
-13
-14
-16
-17
-18
-23
-19
-22
-25
-22
-20
-20
-17
-15
-20
-16
-15
-14
-20
-18
-14
-10
-7
-8
-7
-6
0
-7
-8
-4
-7
-1
-6
-6
-7
-2
0
-5
-2
-3
0
-3
-8
-7
-10
-9
-11
-16
-14
-9
-7
-11
-11
-6
-3
-2
-1
1
5
9
9
6
0
9
10
7
7
5
10
13
10
8
17
19
15
14
13
13
18
16
11
9
14
19
17
8
7
13
6
-2
-1
-3
1
2
-11
-11
-9
-6
-9
-12
-12
-10
-4
-4
-11
-3
-1
-5
-2
-9
-4
-2
-2
-5
-2
2
3
3
-2
1
3
4
1
1
3
5
2
-4
-5
2
2
0
1
0
5
4
1
-2
-1
3
4
-1
-6
-5
-1
-3
-4
-4
-3
-1
-6
-9
-6
-3
-1
-5
-8
-1
3
-1
0
-5
1
7
6
6
5
8
11
11
8
11
14
10
7
7
9
10
9
3
-1
8
7
7
3
6
12
12
12
7
6
6
8
7
6
4
14
10
4
7
3
3
-6
-8
-10
-9
-9
-10
-10
-10
-9
-9
-12
-14
-13
-9
-10
-15
-12
-11
-9
-12
-15
-15
-15
-12
-12
-11
-4
0
-4
-4
-5
-6
-4
-9
-7
-6
-3
2
-2
-9
-5
-5
-8
-9
-12
-14
-10
-8
-9
-7
-5
-3
-5
-4
2
3
5
5
0
-1
-1
0
-4
-6
-6
-1
3
2
0
4
7
5
3
2
8
15
17
16
19
23
21
15
14
13
15
18
14
10
14
16
7
4
4
3
4
0
-2
-3
4
2
-3
1
4
3
4
3
3
8
9
8
0
-2
3
-1
-2
-4
0
4
1
-1
-6
-3
-1
-1
-2
-3
1
5
-1
-6
-2
1
-1
-7
-2
0
2
-2
0
4
2
3
1
-1
-4
1
2
-1
-1
1
1
-1
-5
-5
-3
-2
-4
-2
-1
-5
-1
2
-1
-3
-3
-5
-5
-6
-7
0
0
-2
-2
-2
-1
-2
-5
-7
-4
1
0
-2
2
2
-4
-5
-8
-6
0
1
-2
-6
-6
-3
-5
-8
-5
-3
4
1
-5
-2
1
0
1
-4
-1
2
0
1
-2
-1
4
2
0
-1
1
3
-1
-4
-2
-3
-2
-7
-8
-5
-6
-7
-7
-5
-2
1
-1
-4
-5
0
2
0
-2
0
5
5
0
1
-1
1
1
-3
-2
-3
1
-1
-4
-1
1
2
4
2
3
4
6
6
6
11
13
13
9
7
6
8
8
3
6
7
8
5
2
5
4
6
6
7
6
8
7
3
1
6
7
5
0
1
6
6
4
3
4
5
5
1
1
4
5
4
-4
-1
2
0
0
1
-1
0
-1
-5
-4
-3
-1
-2
-6
-7
-3
-2
-5
-6
-6
-8
-9
-7
-5
-3
-2
-4
-7
-8
-8
-5
-4
-2
-4
-1
2
-1
-2
-5
-4
-4
-8
-9
-10
-5
-6
-9
-9
-9
-8
-10
-12
-13
-9
-4
-3
-3
-2
-2
-3
-6
-11
-10
-4
-3
-3
-2
0
1
-1
-4
-2
-1
3
6
6
6
10
9
7
5
8
11
8
9
6
7
12
11
8
9
9
8
9
5
7
6
3
1
1
3
3
6
4
1
6
6
4
2
-2
2
3
3
3
5
4
2
1
1
1
-1
-2
-6
-9
-6
-4
-3
-1
2
2
1
-4
-6
-3
-2
-3
1
1
1
5
4
1
1
-2
2
-2
-2
0
2
1
-3
-6
-5
-5
-2
-3
-6
-5
-2
-3
-4
-4
-2
0
-2
-4
-1
0
1
2
-1
4
5
5
1
4
8
6
8
8
10
9
8
5
4
2
4
2
0
0
-1
1
0
-1
-1
-3
-1
1
-1
0
-1
0
0
-2
2
-3
-1
-5
-7
-7
-6
-7
-7
-7
-11
-8
-9
-8
-8
-11
-9
-11
-12
-9
-11
-8
-4
-2
-3
-4
-5
-2
-3
-3
-2
1
-1
-5
-3
-3
-1
-4
-5
-3
-3
-1
-2
-4
0
2
2
1
0
2
2
1
0
1
6
5
3
3
4
8
7
5
3
6
9
7
9
8
10
11
8
7
9
9
13
13
12
11
16
14
8
12
11
13
13
8
11
13
9
4
-1
1
3
-1
-3
-4
-1
0
-4
-4
-5
-9
-9
-11
-10
-9
-4
-4
-7
-7
-8
-7
-9
-11
-9
-6
-6
-7
-6
-5
-5
-4
-7
-6
-7
-6
-6
-6
-6
-5
-3
-7
-9
-12
-9
-5
-6
-8
-4
-3
-1
-2
-2
-1
-2
-1
-1
-1
4
5
4
2
4
6
7
4
5
8
8
4
5
4
5
6
4
8
6
4
4
1
2
5
4
6
3
1
0
-1
0
0
0
-1
3
2
0
-2
-2
-3
-2
0
1
2
3
4
2
4
4
3
1
3
2
4
3
2
3
2
1
0
-2
-1
-2
-2
-1
1
0
-1
1
0
-3
-3
-4
-1
-1
-3
-1
1
1
-2
-4
-3
-2
-1
-4
-2
-3
-4
-5
-8
-6
-5
-7
-7
-8
-6
-4
-5
-6
-6
-6
-5
-4
-4
-2
2
0
0
1
0
0
0
-2
1
2
2
3
5
3
4
4
4
2
2
2
1
3
3
3
3
4
3
7
6
5
7
4
4
4
5
4
5
5
7
5
5
2
4
4
2
3
1
2
2
5
4
1
3
3
4
2
3
2
2
0
-2
-4
-1
-2
-1
-2
-3
-1
-3
-6
-7
-7
-5
-4
-4
-3
-1
0
-4
-4
-5
-1
0
-1
-2
-2
-2
-5
-4
-3
-3
-4
-3
-4
-3
-2
-4
-4
-5
-5
-3
-3
-3
-1
-1
1
-1
-1
0
0
1
-2
2
1
1
1
1
1
2
2
2
4
3
4
5
6
5
3
4
4
3
2
1
2
2
1
3
2
2
1
-3
-2
-3
-3
-4
-5
-3
-4
-2
0
-1
0
1
-1
-1
-2
-4
0
-1
0
-2
-1
1
0
1
0
-1
1
-1
-1
-2
0
-2
-4
-5
-5
-2
0
0
-2
1
1
1
0
-1
3
4
3
5
4
6
6
2
2
2
3
3
0
2
4
4
2
3
2
4
4
1
0
-1
1
0
1
-1
2
5
4
3
1
3
2
3
0
2
5
3
2
2
2
5
3
1
2
1
2
0
0
3
1
2
2
1
-1
-1
-3
-4
-4
-2
-2
-3
-1
-3
0
0
-3
-3
-3
-3
-4
-7
-8
-8
-8
-8
-10
-11
-9
-10
-10
-9
-9
-6
-6
-4
-4
-5
-5
-4
-4
-4
-2
0
0
1
2
0
0
1
0
-1
1
1
3
2
4
3
2
4
4
5
5
3
6
5
7
6
4
4
3
3
5
3
2
2
1
3
2
3
3
0
3
1
3
4
6
6
6
6
4
4
5
5
3
2
4
5
2
1
-1
-1
-1
-3
-2
-2
-1
-1
-3
-3
-3
-2
-3
-3
-3
-1
-1
-1
-2
-1
-1
0
0
1
2
1
1
0
-1
1
0
-1
0
1
1
-1
-1
-2
-2
-4
-4
-6
-6
-6
-6
-7
-7
-7
-6
-8
-5
-4
-2
-2
-2
-1
0
-2
-2
0
0
1
2
1
1
1
3
4
2
4
4
2
1
-1
0
0
1
-1
0
1
0
1
-1
-1
-2
-2
-1
1
2
1
2
2
1
1
1
1
3
2
3
5
4
4
2
4
2
3
2
3
4
3
5
4
3
1
2
1
0
-1
1
1
-1
-1
0
-1
0
-1
-3
-3
-1
-1
0
0
1
1
0
0
-1
0
2
1
0
-1
-1
-1
-1
-1
-2
0
1
1
2
4
3
1
-2
-2
0
1
0
0
1
0
-1
-2
-4
-4
-4
-6
-6
-8
-6
-7
-6
-5
-2
-2
-3
-2
-3
-3
-3
-3
-1
0
1
1
3
3
2
2
5
3
3
2
2
1
1
1
0
2
1
3
5
5
5
5
5
3
4
4
3
4
2
2
3
3
3
3
3
1
2
0
0
0
0
-1
-2
0
1
0
-3
-1
-2
-3
-3
-7
-5
-4
-4
-5
-7
-4
-3
-6
-6
-7
-7
-6
-7
-6
-7
-4
-1
-2
1
1
2
2
-1
2
2
0
2
1
0
1
1
2
2
2
3
4
5
3
4
4
3
3
2
2
2
4
4
5
5
6
5
3
3
2
3
1
-1
3
1
2
2
1
1
-1
0
0
-1
0
0
1
0
2
4
3
3
1
0
-1
-3
-3
-3
-4
-3
-3
-4
-4
-4
-3
-2
-1
-2
-3
-4
-2
-2
-2
0
-1
0
2
-1
1
0
1
0
-2
-3
-3
-4
-3
-3
-2
-1
-2
-2
-2
-2
-2
-1
-3
-5
-4
-5
-4
-2
-3
-1
0
0
-2
-1
-1
-2
-2
-2
-1
-1
1
2
3
5
4
4
3
4
3
3
3
2
1
3
3
4
4
4
6
3
1
1
2
0
-1
0
0
2
3
1
3
5
3
5
4
3
3
1
2
1
1
1
0
2
3
3
3
2
1
0
0
-1
-3
-2
-1
-2
-1
-1
0
0
0
-1
-1
-3
-3
-2
-2
-1
-1
1
1
1
2
0
-2
-2
-2
-4
-3
-3
-1
-1
-1
0
0
2
1
2
-1
1
2
-3
-1
-2
-3
-2
-2
-2
-4
-3
-3
-4
-4
-5
-5
-3
-3
-2
-2
1
0
1
3
1
1
1
2
2
1
3
1
2
1
4
2
2
4
3
3
2
2
2
2
2
2
2
3
2
3
4
4
3
4
2
0
0
-4
-3
-3
-2
0
1
2
2
1
0
-1
-4
-4
-4
-3
-5
-5
-3
-3
-3
-1
-2
-4
-5
-5
-6
-7
-7
-8
-7
-6
-5
-5
-4
-3
-3
-3
-4
-2
-3
-3
-4
-2
1
1
1
2
1
2
2
0
-1
-2
-1
-1
-1
1
0
4
2
1
2
2
1
1
1
3
3
3
4
5
5
8
10
8
9
8
8
6
6
6
5
7
6
6
7
8
8
6
5
6
5
2
1
0
0
1
1
1
1
4
5
2
0
1
1
-2
-2
-4
-3
-1
-1
0
0
0
0
-1
-4
-5
-5
-4
-6
-7
-6
-5
-5
-5
-4
-2
-3
-2
-2
-2
-3
-4
-3
-4
-5
-3
-3
-3
-4
-4
-4
-4
-5
-3
-5
-3
-3
-4
-3
-2
0
1
0
1
3
1
2
1
0
-2
-1
-1
-1
0
1
1
3
1
1
1
-1
-1
-3
-3
-2
-1
-2
-2
-1
-2
-2
-2
-2
-4
-4
-4
-4
-4
-2
-2
-1
-1
0
1
0
-1
-1
0
-1
-1
0
2
3
2
3
4
5
6
5
5
4
3
4
3
4
3
5
4
5
6
5
4
5
5
4
5
4
5
5
5
5
7
5
5
5
6
6
3
3
1
0
0
1
0
3
4
3
3
0
1
1
-1
0
-2
-2
-1
-2
-3
-2
-1
-2
-4
-5
-4
-4
-5
-7
-6
-4
-3
-3
-3
-1
-1
-1
-2
-2
-2
-3
-4
-6
-5
-3
-3
-1
0
1
2
0
-1
-3
-4
-2
-3
-2
-3
-2
-1
-3
-1
-2
-3
-1
-2
-2
-3
-5
-4
-4
-3
-1
-1
0
1
1
1
1
-1
-2
-2
-3
-3
-1
-1
-1
-1
0
0
-1
-2
-2
-2
-3
-4
-3
-2
-3
-1
-1
0
1
3
3
4
2
2
0
0
-1
2
3
3
4
3
4
4
5
3
2
3
2
3
3
2
4
4
6
4
4
2
2
1
-1
-1
1
0
1
3
4
5
4
4
4
2
1
2
0
1
1
1
2
2
3
3
2
2
0
0
-2
-3
-4
-3
-2
-3
-4
-3
-2
1
0
0
1
1
1
0
-2
-2
0
-3
0
0
1
2
1
3
0
-1
-2
-2
-3
-5
-5
-3
-3
-2
0
0
0
-1
-1
-2
-2
-2
-3
-4
-2
0
-2
1
1
2
3
0
0
0
0
-1
0
0
0
1
2
1
2
3
2
2
-1
-2
-2
-2
-1
0
-1
2
1
1
1
2
0
-1
-1
-2
-1
-2
-3
0
-1
-1
0
1
1
1
1
-1
-2
-1
0
0
0
1
0
1
-1
0
1
0
2
-1
-2
-1
-3
-3
-3
-2
-2
0
-2
-1
-2
-3
-2
-3
-3
-5
-3
-3
-2
-1
-1
-1
-1
-1
-1
-1
-2
-3
0
0
0
1
3
3
2
4
4
2
2
1
3
2
4
3
3
6
5
5
4
3
4
3
2
0
0
2
1
1
2
5
5
3
2
2
2
1
0
0
1
1
4
1
2
1
1
1
0
-1
1
0
-1
-1
-1
0
0
1
3
2
3
3
2
-1
-1
-2
-2
-3
-3
-2
-2
-2
-3
-2
-1
-1
-1
-2
-3
-2
-2
-1
-1
0
1
2
2
1
2
1
-1
-1
-1
-1
-1
-1
-1
-1
0
2
1
2
1
1
1
1
1
0
0
-2
