-2
-4
-3
-2
-4
-4
-4
-3
-4
-4
-5
-7
-5
-5
-6
-6
-4
-4
-4
-3
-2
-1
-1
-1
0
1
3
3
3
3
5
4
5
5
6
6
6
7
6
7
6
6
6
5
5
5
5
4
4
5
4
3
2
2
1
1
2
1
1
0
-1
0
-2
-1
-2
-2
-3
-3
-4
-4
-4
-5
-5
-5
-6
-6
-8
-8
-7
-7
-7
-7
-6
-7
-7
-8
-8
-7
-8
-8
-7
-5
-5
-5
-5
-6
-5
-4
-3
-1
-2
-1
0
1
2
1
2
2
3
3
4
4
3
4
5
6
6
6
7
7
8
8
9
8
8
10
9
9
9
8
7
7
8
6
6
6
5
3
3
2
3
2
1
2
2
2
0
0
-2
-1
-1
-4
-3
-4
-4
-3
-4
-3
-4
-3
-3
-2
-3
-4
-3
-2
-3
-2
-2
-3
-3
-2
-1
-1
-3
-1
-2
-1
-2
-2
-1
0
-1
0
0
-1
0
0
1
0
1
0
0
1
1
1
0
0
0
0
0
0
0
1
0
1
-1
-2
-1
-1
1
0
1
0
-1
-2
-2
-3
-1
-2
-1
-2
-3
-1
-3
-2
-4
-3
-3
-3
-3
-4
-4
-4
-4
-4
-4
-4
-3
-4
-2
-3
-3
-2
-1
-1
-1
-1
-1
1
2
1
1
2
3
3
3
2
3
3
4
3
4
3
5
5
5
5
5
4
5
6
5
5
4
5
5
4
4
5
4
4
4
4
4
3
3
2
1
2
2
1
1
0
0
0
0
-1
-2
-2
0
-3
-3
-3
-5
-5
-5
-5
-6
-5
-6
-5
-5
-6
-5
-6
-5
-6
-4
-4
-4
-3
-4
-3
-3
-2
0
1
1
1
2
2
3
3
4
3
3
3
4
4
5
4
3
4
4
4
4
4
4
4
3
3
4
4
4
3
2
3
2
1
1
-1
0
0
-1
-1
-2
-2
-2
-1
-2
-3
-3
-3
-4
-2
-4
-4
-2
-2
-3
-5
-4
-4
-4
-3
-5
-4
-4
-4
-4
-4
-3
-2
-1
-2
-2
-1
-1
-2
-1
-2
-3
-1
-2
-2
-1
0
-1
0
0
0
0
0
1
1
2
1
3
2
4
3
3
4
3
3
2
3
3
2
1
1
1
1
1
0
1
1
1
0
0
-1
-1
-1
0
0
-1
0
1
1
0
-2
-2
-1
-1
-2
-3
-3
-4
-4
-4
-4
-4
-5
-4
-4
-5
-3
-4
-3
-2
-1
-1
0
-1
-1
0
0
1
1
1
1
1
0
1
3
2
3
3
4
4
5
5
4
5
6
6
5
6
6
5
5
6
6
5
6
6
5
6
5
5
5
5
5
4
3
3
2
2
1
0
0
0
0
-3
-3
-4
-3
-3
-6
-6
-4
-4
-4
-5
-5
-5
-4
-3
-5
-5
-5
-4
-4
-4
-4
-3
-3
-4
-4
-3
-2
-2
-2
-1
-1
-1
0
1
1
0
0
1
1
2
2
1
1
1
1
2
2
2
2
1
2
3
3
2
3
4
4
5
6
4
3
3
2
3
2
2
1
1
1
0
-1
-1
-2
-3
-2
-3
-2
-3
-3
-3
-4
-4
-4
-4
-5
-4
-4
-5
-5
-4
-5
-4
-3
-3
-3
-2
-1
-1
-1
-2
0
-1
-1
-2
-2
-1
-2
-2
-2
-2
-1
0
-1
-1
-1
-2
-1
-1
0
0
1
0
1
2
3
4
4
3
3
5
4
5
5
5
5
6
5
5
6
5
6
6
5
5
4
4
4
5
4
3
2
2
3
2
1
0
0
1
-1
-2
-2
-2
-3
-3
-5
-4
-3
-3
-4
-5
-5
-6
-6
-7
-5
-6
-6
-5
-6
-4
-4
-4
-4
-3
-4
-2
-2
-1
0
0
2
1
1
2
2
1
1
3
2
4
3
5
4
4
4
4
4
4
5
3
4
3
2
3
1
1
2
2
2
1
2
2
1
0
0
-1
-1
1
1
-1
-1
-1
-2
-1
-2
-2
-2
-1
-1
-2
-3
-2
-2
-3
-2
-2
-4
-3
-4
-4
-5
-5
-5
-5
-5
-3
-3
-3
-2
-3
-3
-2
-1
-3
-2
-2
-2
-2
-1
-1
0
-1
0
1
1
1
2
2
2
2
4
2
3
3
3
4
4
4
5
5
7
7
6
6
6
6
7
7
6
5
6
6
4
4
3
4
3
1
2
1
1
1
-1
-1
0
-1
0
-2
-2
-2
-3
-2
-3
-3
-4
-4
-4
-5
-5
-6
-6
-6
-4
-5
-5
-4
-4
-3
-4
-2
-1
-1
-1
-1
-1
-1
0
-1
0
0
-1
0
1
0
1
1
1
2
2
2
4
4
5
4
4
4
5
4
4
4
3
3
3
3
2
2
1
-1
0
-1
-2
-2
-3
-2
-4
-5
-5
-6
-5
-5
-4
-5
-3
-4
-4
-3
-4
-4
-4
-4
-4
-4
-4
-4
-4
-4
-4
-4
-4
-3
-4
-3
-2
-2
-2
-1
-1
0
1
1
2
3
2
3
3
3
5
5
5
6
6
7
5
6
6
7
5
5
6
7
7
5
5
6
6
6
5
5
3
4
3
2
1
1
1
1
-1
0
1
0
-2
-1
-2
-2
-3
-5
-4
-3
-4
-3
-5
-5
-4
-5
-6
-5
-5
-6
-6
-6
-5
-6
-5
-5
-4
-4
-3
-3
-4
-2
-2
-2
-1
0
-1
0
-1
0
0
1
1
2
2
2
2
2
3
4
3
4
5
5
4
6
6
4
5
5
4
4
4
3
3
2
1
2
2
2
3
1
1
0
-1
0
0
-2
-1
-1
-3
-2
-3
-3
-3
-4
-5
-6
-5
-6
-7
-7
-7
-7
-6
-6
-5
-6
-5
-6
-6
-6
-6
-6
-6
-3
-4
-3
-2
-1
-1
0
1
1
2
2
3
4
3
4
3
3
3
3
5
4
5
6
5
6
6
5
6
6
6
6
6
6
6
5
6
6
5
5
5
4
4
3
3
2
2
1
1
2
1
1
1
0
0
0
0
1
1
-1
0
-1
1
-1
-1
-2
-2
-3
-2
-3
-4
-3
-3
-3
-4
-2
-3
-3
-3
-2
-3
-4
-3
-2
-3
-4
-3
-3
-1
0
-1
-1
-1
0
0
-1
0
0
-1
0
0
-2
0
0
0
1
1
1
1
1
1
1
2
1
2
1
1
1
2
2
2
0
0
0
0
-1
-2
-1
-2
-1
-3
-2
-2
-2
-2
-3
-3
-3
-3
-2
-5
-5
-4
-3
-3
-4
-4
-4
-4
-3
-3
-3
-2
-1
-1
-1
0
0
1
1
3
3
4
4
5
4
4
4
5
4
4
5
5
4
4
4
3
3
4
5
3
3
3
4
3
3
3
2
3
3
3
4
4
3
2
2
1
2
1
1
0
0
1
0
-1
-2
-2
-2
-4
-4
-5
-5
-6
-7
-6
-7
-7
-7
-7
-8
-8
-8
-6
-7
-6
-7
-8
-6
-7
-8
-7
-6
-6
-6
-5
-6
-4
-4
-4
-3
-1
-2
0
1
0
1
3
4
5
6
7
7
9
10
9
10
10
11
12
12
12
12
13
12
10
9
9
8
7
5
4
3
1
1
1
-1
-2
-2
-2
-2
-3
-4
-5
-4
-4
-5
-5
-5
-5
-6
-6
-5
-5
-6
-7
-8
-8
-8
-8
-9
-9
-10
-10
-10
-10
-9
-8
-8
-7
-7
-6
-5
-3
-2
0
-1
1
3
4
6
6
8
8
7
8
8
11
11
11
12
13
14
15
15
14
15
16
16
15
15
14
13
15
13
13
12
11
11
9
8
7
8
7
4
4
2
1
1
0
-2
-3
-4
-6
-6
-8
-9
-10
-11
-12
-13
-14
-16
-18
-18
-18
-19
-17
-17
-17
-17
-17
-16
-16
-14
-14
-13
-12
-12
-11
-11
-9
-8
-6
-7
-8
-6
-7
-6
-6
-6
-4
-5
-4
-4
-4
-4
-4
-3
-2
-1
-2
1
0
2
2
3
5
5
5
5
7
7
9
10
8
10
11
10
9
11
11
9
11
10
9
11
11
10
9
7
7
7
7
7
5
6
7
6
6
5
4
5
4
4
5
4
5
6
4
5
7
6
6
6
6
6
7
8
8
7
7
7
6
6
5
5
5
4
4
4
4
5
4
5
4
5
4
4
4
2
2
0
-2
-3
-4
-7
-8
-9
-11
-13
-16
-17
-17
-21
-22
-24
-24
-25
-27
-27
-27
-27
-26
-26
-25
-23
-21
-19
-19
-18
-18
-16
-16
-14
-12
-11
-9
-9
-7
-5
-3
0
1
5
8
10
12
14
16
19
20
21
22
22
24
25
26
24
26
27
29
30
30
30
30
30
31
30
29
28
27
26
27
25
24
23
20
19
18
17
15
13
10
7
6
4
-1
-3
-5
-9
-12
-14
-18
-19
-22
-26
-28
-32
-34
-36
-40
-41
-43
-45
-46
-47
-49
-51
-51
-52
-51
-53
-52
-51
-50
-48
-49
-47
-46
-45
-43
-40
-40
-38
-34
-30
-26
-22
-17
-13
-8
-2
3
10
15
22
28
34
40
47
53
59
65
68
74
80
81
83
86
87
87
87
85
86
85
84
82
80
78
75
71
69
65
61
55
49
43
39
34
29
25
20
15
11
7
2
-3
-9
-11
-16
-19
-23
-26
-32
-37
-42
-47
-52
-56
-59
-62
-66
-69
-73
-75
-79
-80
-81
-82
-84
-85
-86
-87
-86
-86
-83
-82
-80
-78
-77
-73
-72
-68
-65
-62
-60
-56
-51
-49
-45
-43
-42
-41
-40
-38
-36
-33
-34
-30
-26
-22
-14
-9
-1
10
20
33
45
61
75
88
100
111
124
132
142
146
150
154
151
149
143
137
130
119
111
100
89
81
70
60
51
43
33
29
25
21
18
17
14
16
15
15
15
15
15
13
12
9
8
7
3
-2
-7
-11
-12
-14
-17
-21
-23
-26
-28
-34
-39
-44
-48
-52
-57
-60
-64
-65
-68
-71
-74
-72
-74
-74
-74
-73
-71
-68
-66
-66
-64
-64
-64
-63
-67
-72
-81
-91
-102
-113
-124
-133
-142
-150
-157
-161
-163
-159
-156
-151
-141
-126
-108
-83
-55
-23
9
46
83
117
149
179
202
221
234
241
243
240
236
224
206
189
168
148
128
108
90
77
65
61
63
63
67
74
82
89
98
112
120
130
139
148
155
157
158
157
150
143
136
125
116
103
87
71
53
34
16
-4
-24
-44
-61
-78
-98
-112
-128
-141
-153
-163
-173
-181
-189
-196
-204
-209
-211
-209
-210
-211
-206
-203
-198
-197
-195
-190
-189
-186
-187
-188
-189
-190
-191
-194
-200
-207
-212
-218
-224
-236
-250
-261
-269
-270
-264
-250
-232
-213
-195
-172
-138
-98
-57
-15
31
84
148
219
288
350
404
448
489
527
559
582
588
583
566
546
515
480
436
386
333
283
242
210
179
146
118
94
91
91
92
99
101
103
104
113
126
136
141
143
144
146
149
149
138
120
98
83
71
52
28
-2
-29
-54
-77
-100
-122
-147
-167
-181
-199
-211
-220
-235
-250
-260
-262
-264
-266
-268
-276
-276
-273
-263
-255
-255
-255
-256
-247
-237
-231
-226
-225
-227
-223
-214
-208
-204
-205
-200
-200
-200
-198
-189
-185
-177
-174
-171
-165
-166
-176
-206
-234
-259
-267
-254
-242
-236
-234
-228
-216
-188
-156
-121
-83
-42
13
83
168
252
317
383
439
494
552
596
629
635
634
618
598
571
530
471
397
326
260
200
158
115
72
30
-2
-9
-9
2
13
23
36
57
86
121
161
192
222
258
285
322
339
346
353
351
358
348
342
321
295
264
225
193
141
90
39
-9
-42
-82
-118
-155
-188
-218
-238
-257
-280
-300
-323
-342
-355
-358
-355
-359
-362
-370
-366
-348
-338
-329
-329
-330
-326
-321
-316
-309
-307
-313
-316
-316
-316
-317
-321
-323
-331
-343
-354
-371
-397
-429
-462
-471
-461
-437
-418
-413
-412
-403
-366
-312
-255
-200
-145
-76
17
130
248
363
463
542
627
708
783
834
862
862
845
828
787
743
673
583
490
398
317
240
162
90
23
-14
-32
-35
-35
-42
-37
-42
-24
2
26
50
65
101
136
178
210
222
235
240
261
279
288
279
253
233
213
200
179
143
92
40
2
-30
-55
-95
-136
-176
-208
-223
-232
-239
-260
-283
-295
-296
-280
-273
-264
-253
-247
-230
-215
-196
-178
-178
-180
-168
-158
-152
-147
-154
-170
-177
-191
-190
-193
-205
-214
-224
-219
-220
-216
-231
-251
-282
-323
-364
-409
-438
-450
-444
-445
-451
-461
-456
-442
-420
-385
-338
-281
-205
-118
-21
84
188
283
369
454
534
596
649
671
672
665
644
616
554
480
409
326
246
172
104
39
-24
-72
-104
-110
-101
-80
-57
-31
4
39
80
127
162
209
264
322
382
430
474
505
525
548
561
562
554
538
526
503
478
430
372
314
257
212
163
117
63
6
-46
-92
-129
-165
-193
-228
-252
-272
-284
-289
-296
-296
-304
-302
-303
-307
-305
-304
-308
-316
-334
-352
-373
-398
-413
-424
-436
-451
-463
-482
-487
-485
-470
-461
-464
-469
-483
-499
-524
-557
-599
-622
-625
-607
-589
-589
-591
-594
-576
-528
-471
-401
-333
-247
-148
-22
109
236
353
450
548
645
734
793
822
822
809
790
766
725
668
592
510
433
376
314
257
196
139
109
90
98
126
150
177
204
227
246
273
297
320
356
392
430
464
488
505
513
522
529
530
514
494
473
448
422
385
340
274
205
146
93
41
-21
-83
-140
-191
-234
-283
-321
-357
-393
-411
-422
-421
-423
-421
-426
-432
-432
-430
-424
-412
-408
-410
-409
-419
-426
-432
-434
-429
-423
-420
-423
-423
-429
-419
-408
-402
-395
-402
-413
-414
-427
-454
-505
-563
-594
-599
-580
-570
-580
-611
-624
-602
-563
-495
-419
-349
-262
-148
-5
134
267
375
470
571
670
769
843
879
884
879
868
839
804
745
663
574
492
430
377
329
263
190
150
134
141
166
183
193
204
227
245
274
303
323
350
389
439
493
537
556
571
599
617
612
592
565
536
517
499
459
403
336
257
186
121
58
-8
-83
-164
-239
-286
-326
-365
-414
-465
-500
-519
-513
-511
-508
-515
-519
-533
-538
-530
-513
-506
-502
-513
-529
-535
-546
-550
-558
-560
-566
-569
-579
-573
-553
-518
-488
-479
-475
-485
-495
-509
-550
-601
-650
-653
-620
-573
-552
-572
-578
-566
-507
-421
-337
-261
-174
-61
91
252
396
519
604
696
805
919
1020
1075
1086
1066
1035
1009
962
902
812
686
581
498
456
413
362
295
216
144
100
101
135
166
177
176
186
203
223
242
252
266
285
319
369
424
452
452
446
429
401
395
379
363
345
318
300
243
175
96
26
-45
-121
-176
-238
-295
-357
-403
-433
-462
-497
-550
-581
-589
-582
-552
-534
-520
-534
-549
-556
-542
-514
-508
-500
-507
-517
-491
-471
-444
-437
-438
-443
-437
-405
-375
-336
-299
-271
-257
-256
-267
-276
-310
-374
-443
-479
-464
-412
-380
-404
-453
-485
-481
-437
-365
-297
-221
-134
-15
133
291
419
512
594
680
792
914
1013
1051
1051
1040
1018
983
927
830
712
590
490
417
374
326
244
151
61
6
-12
-15
-4
-7
27
73
121
165
169
158
150
181
224
272
328
359
401
446
483
495
463
433
390
392
409
419
394
322
257
169
102
27
-65
-165
-266
-333
-382
-390
-431
-499
-571
-646
-673
-680
-650
-628
-606
-575
-569
-537
-514
-510
-506
-520
-515
-487
-456
-433
-408
-384
-362
-342
-352
-368
-385
-368
-309
-239
-181
-169
-189
-231
-257
-273
-312
-365
-450
-474
-429
-364
-323
-356
-418
-474
-462
-385
-293
-190
-92
12
144
306
450
553
623
690
788
899
997
1056
1067
1055
1036
996
916
799
653
499
371
292
279
265
202
112
19
-61
-87
-96
-102
-99
-70
-14
62
136
165
165
142
149
175
213
254
275
338
404
457
488
458
392
310
277
293
309
299
244
162
94
50
-4
-79
-174
-280
-347
-381
-365
-352
-359
-397
-469
-503
-521
-509
-478
-443
-400
-352
-309
-273
-253
-262
-280
-303
-318
-316
-284
-230
-182
-169
-184
-236
-299
-343
-354
-297
-236
-187
-186
-206
-223
-263
-301
-375
-487
-605
-679
-624
-512
-447
-484
-579
-667
-705
-643
-552
-431
-341
-240
-80
106
300
417
485
531
598
715
836
939
988
1008
1034
1019
976
859
712
545
379
284
232
231
196
125
32
-47
-93
-137
-139
-140
-108
-36
48
137
180
212
228
223
233
233
251
272
343
446
542
631
627
565
476
424
414
426
412
358
324
293
289
254
180
60
-68
-169
-251
-270
-250
-244
-259
-322
-364
-387
-393
-413
-436
-435
-414
-366
-327
-295
-302
-337
-394
-454
-483
-474
-436
-391
-372
-382
-417
-458
-479
-474
-445
-418
-381
-358
-343
-335
-347
-370
-419
-518
-655
-750
-742
-616
-497
-467
-531
-620
-661
-634
-547
-445
-337
-225
-77
114
327
523
628
669
704
795
915
1040
1127
1143
1162
1181
1155
1060
876
660
449
281
200
188
177
139
61
-26
-113
-168
-195
-227
-247
-250
-209
-136
-14
85
163
213
228
225
206
251
330
439
565
679
773
780
751
696
631
577
491
428
357
315
305
286
217
81
-75
-253
-371
-446
-469
-448
-450
-463
-490
-487
-460
-450
-450
-470
-437
-377
-279
-195
-151
-135
-184
-234
-298
-330
-328
-324
-317
-333
-347
-383
-417
-422
-448
-447
-440
-414
-392
-419
-466
-570
-718
-950
-1158
-1213
-1060
-810
-669
-666
-709
-675
-646
-659
-687
-588
-308
55
406
680
914
1088
1148
1140
1071
1019
1019
1069
1136
1164
1139
1049
878
620
304
-22
-294
-454
-511
-463
-377
-264
-172
-167
-209
-228
-227
-222
-157
57
342
626
751
823
927
1002
980
814
699
697
849
1055
1204
1245
1116
899
687
521
376
172
0
-96
-81
-93
-165
-275
-460
-616
-750
-735
-633
-512
-373
-227
-60
40
84
89
86
106
123
199
285
337
281
90
-114
-310
-482
-680
-841
-929
-991
-1001
-1040
-1064
-1113
-1173
-1186
-1126
-1000
-864
-713
-599
-531
-583
-767
-1054
-1399
-1558
-1314
-732
-178
-10
-72
-119
-54
-94
-365
-542
-359
184
777
1218
1463
1561
1488
1261
994
740
538
487
576
710
727
627
442
146
-266
-654
-815
-799
-660
-477
-206
121
373
523
580
608
598
584
715
977
1197
1204
1028
891
792
697
520
382
315
220
198
212
284
288
244
187
133
112
86
133
94
12
-41
-74
-68
-179
-277
-268
-202
-128
-120
-38
64
123
144
197
268
319
400
451
480
427
292
152
-14
-222
-456
-614
-737
-904
-1049
-1157
-1173
-1191
-1226
-1219
-1188
-1084
-921
-707
-527
-344
-179
6
155
151
16
-254
-674
-1216
-1649
-1630
-1070
-404
-57
-106
-232
-321
-439
-665
-905
-855
-392
467
1241
1666
1753
1689
1556
1201
762
450
403
471
540
605
590
426
54
-432
-895
-1164
-1134
-893
-612
-351
-50
294
566
689
710
728
706
789
908
1015
978
931
897
743
588
462
477
345
259
224
198
256
395
651
605
444
354
421
390
184
107
-7
-130
-279
-306
-276
-329
-330
-348
-321
-277
-138
35
91
147
302
536
623
570
501
426
312
109
-110
-336
-571
-718
-860
-1069
-1311
-1430
-1460
-1463
-1414
-1307
-1151
-986
-767
-586
-424
-310
-160
0
157
265
259
101
-335
-978
-1720
-2062
-1693
-920
-256
-55
-27
57
114
-103
-563
-802
-577
219
1110
1715
2025
2146
2176
1891
1345
702
278
149
161
265
396
463
344
45
-423
-856
-1039
-975
-840
-657
-309
166
592
853
946
933
844
710
674
722
843
782
572
348
324
336
275
230
154
127
82
195
245
262
301
342
396
360
375
267
83
-111
-220
-282
-402
-430
-418
-326
-187
-85
-52
-91
-35
69
194
323
450
533
549
569
620
609
409
45
-299
-526
-630
-735
-882
-1069
-1218
-1283
-1334
-1323
-1251
-1114
-968
-757
-536
-319
-195
-133
-42
113
256
281
147
-169
-648
-1376
-2030
-2176
-1605
-827
-330
-132
16
179
189
-92
-580
-791
-458
405
1205
1691
2020
2289
2341
1933
1261
523
-1
-272
-362
-313
-127
136
193
-32
-429
-728
-859
-941
-988
-891
-501
117
742
1179
1372
1387
1210
900
589
466
407
309
261
334
555
686
684
455
112
-154
-238
-163
-43
230
492
664
708
676
516
174
-154
-416
-508
-496
-362
-127
62
226
267
227
112
-23
-60
18
236
569
867
978
963
874
681
374
-11
-394
-723
-911
-984
-970
-994
-1114
-1271
-1436
-1518
-1480
-1301
-1067
-765
-448
-158
65
149
153
130
170
211
195
63
-155
-652
-1426
-2165
-2222
-1568
-811
-392
-292
-67
260
429
78
-574
-884
-478
364
1016
1392
1717
2122
2310
2005
1297
467
-110
-407
-546
-511
-252
126
361
307
117
-80
-290
-634
-980
-1084
-802
-213
422
958
1269
1373
1281
1017
658
313
26
-192
-324
-249
7
497
777
781
602
305
72
-86
-30
-55
63
340
741
990
870
587
170
-166
-454
-609
-628
-543
-235
136
403
450
360
192
-5
-80
-10
167
324
535
709
797
811
650
315
-160
-569
-791
-841
-830
-826
-848
-923
-957
-935
-923
-906
-847
-641
-401
-218
-99
-50
31
121
219
207
31
-308
-681
-1204
-1838
-2291
-2167
-1456
-753
-318
-174
67
306
339
-57
-633
-818
-420
387
984
1377
1752
2172
2334
1967
1202
336
-275
-598
-725
-726
-543
-162
159
236
55
-157
-397
-722
-1014
-1122
-897
-353
372
1009
1450
1627
1529
1225
808
433
27
-237
-250
56
498
881
1187
1142
859
380
35
-146
-169
-36
171
491
725
935
839
477
59
-329
-581
-755
-691
-438
-51
312
505
513
362
235
99
2
-32
85
319
571
759
804
707
484
158
-280
-762
-1104
-1209
-1175
-1141
-1162
-1174
-1131
-1063
-1013
-955
-856
-682
-470
-354
-331
-261
-125
61
131
128
91
29
-4
-362
-1169
-2218
-2595
-2081
-1197
-606
-392
-44
499
1008
808
-39
-887
-941
-218
463
863
1213
1861
2453
2486
1876
919
178
-302
-626
-838
-775
-286
360
751
757
639
449
7
-617
-1180
-1377
-1004
-260
508
1034
1393
1611
1612
1364
856
411
-84
-479
-630
-272
489
1029
1370
1223
882
412
221
0
-428
-582
-355
281
628
813
743
549
327
-32
-388
-861
-975
-671
-255
22
153
340
352
246
56
-102
-176
-173
-41
101
310
598
754
595
187
-256
-555
-814
-1042
-1277
-1428
-1419
-1256
-1045
-915
-798
-677
-521
-435
-411
-400
-332
-98
180
399
438
307
56
-450
-1222
-2077
-2469
-2107
-1374
-729
-460
-177
245
579
505
-72
-594
-612
-40
573
1029
1426
1989
2526
2576
2141
1324
569
15
-358
-591
-687
-532
-234
82
222
232
136
-117
-447
-698
-715
-540
-273
105
633
1174
1587
1620
1337
902
536
189
-227
-478
-446
-65
377
774
914
776
487
166
-27
-168
-170
-49
187
368
503
574
474
265
-11
-301
-649
-897
-807
-450
-59
155
253
344
412
422
264
49
-36
90
267
384
495
557
547
345
-61
-542
-946
-1217
-1376
-1506
-1571
-1462
-1187
-891
-704
-545
-359
-200
-157
-241
-303
-241
-43
151
249
271
259
195
16
-527
-1410
-2336
-2581
-2071
-1284
-734
-437
28
597
1012
775
100
-493
-382
289
861
1206
1521
2039
2439
2402
1840
988
267
-210
-511
-699
-679
-346
102
499
679
648
452
53
-465
-986
-1251
-1077
-535
123
642
1017
1245
1226
1090
659
88
-532
-745
-578
-219
354
796
1158
1092
900
499
119
-54
-151
-87
-60
210
493
598
496
239
-55
-482
-858
-1061
-1007
-666
-202
189
312
319
337
314
203
30
23
137
344
529
647
754
702
495
131
-264
-593
-916
-1204
-1410
-1377
-1210
-1056
-989
-932
-740
-493
-222
-67
3
20
87
210
243
130
-250
-937
-1661
-1909
-1464
-860
-554
-535
-456
-160
78
-82
-609
-867
-450
493
1236
1470
1534
1762
2015
1938
1524
981
580
313
64
-180
-303
-192
-115
-327
-720
-921
-750
-479
-377
-422
-270
192
716
934
785
543
487
638
742
619
304
61
-53
-83
-116
-111
-101
-88
23
127
280
427
493
340
115
151
411
702
712
484
209
15
-95
-275
-511
-711
-743
-639
-458
-151
224
527
595
517
433
502
588
511
320
202
281
451
517
345
31
-267
-496
-712
-988
-1231
-1351
-1336
-1202
-1050
-883
-747
-566
-336
-142
24
158
231
247
209
178
239
270
185
-57
-488
-1234
-2109
-2408
-1962
-1170
-592
-319
-69
242
519
333
-236
-679
-351
546
1272
1561
1707
2064
2288
2041
1364
646
221
-50
-360
-631
-576
-108
269
163
-244
-452
-294
-154
-296
-645
-780
-474
55
375
356
307
437
641
725
647
416
95
-152
-239
-210
50
367
560
517
379
391
415
396
221
96
194
480
655
508
195
-79
-215
-402
-651
-785
-758
-575
-413
-225
89
421
589
437
224
228
441
630
615
524
510
621
675
533
225
-134
-444
-705
-916
-1115
-1261
-1355
-1354
-1237
-1063
-916
-840
-760
-614
-415
-123
98
274
402
529
647
598
310
-232
-845
-1517
-2017
-2044
-1532
-826
-278
-22
63
64
-65
-366
-735
-765
-207
753
1519
1840
1928
2017
2015
1645
971
311
-42
-80
-77
-114
-92
56
126
-81
-420
-685
-688
-595
-481
-343
-86
266
484
539
464
470
477
480
397
259
175
205
259
192
137
178
396
586
660
456
209
183
306
439
443
523
671
751
605
303
8
-263
-473
-669
-792
-675
-392
-109
-20
28
102
153
155
122
178
287
402
449
509
601
659
589
341
-9
-378
-670
-888
-1012
-1092
-1221
-1351
-1464
-1470
-1337
-1112
-803
-498
-264
-111
-52
-27
77
203
285
278
223
156
79
14
-251
-916
-1906
-2421
-2084
-1189
-409
-63
140
355
619
456
-154
-690
-420
520
1280
1557
1598
1821
1993
1731
1058
381
133
155
105
-46
-14
345
655
545
148
-113
-150
-175
-356
-584
-620
-409
-179
-127
-220
-219
-43
128
185
145
222
322
323
198
97
255
577
861
710
321
183
395
654
615
501
450
434
315
89
-127
-242
-275
-389
-515
-493
-205
108
149
3
-120
-88
-39
-13
-40
6
184
331
410
436
529
572
459
238
0
-196
-378
-548
-718
-827
-888
-973
-1134
-1266
-1253
-1098
-818
-551
-328
-207
-120
11
174
324
400
352
184
-166
-548
-1046
-1542
-1842
-1591
-953
-449
-266
-388
-420
-424
-371
-418
-353
106
883
1564
1743
1712
1653
1643
1438
1031
708
644
794
847
676
341
37
-178
-422
-647
-795
-774
-673
-566
-340
-57
169
134
-193
-407
-307
79
446
578
580
614
748
658
344
-17
-164
11
352
696
755
661
553
512
444
339
328
341
372
317
201
66
-75
-199
-430
-707
-808
-618
-282
-19
84
101
143
200
176
17
-88
-37
148
315
448
607
648
507
198
-170
-487
-734
-952
-1149
-1272
-1312
-1261
-1180
-1060
-909
-740
-572
-428
-317
-261
-188
-117
-41
63
237
406
455
350
144
-219
-820
-1593
-1987
-1696
-985
-343
-94
-52
-67
13
-40
-241
-293
107
830
1350
1516
1488
1481
1467
1321
1035
781
773
921
926
631
204
-59
-138
-115
-148
-160
-122
-103
-135
-324
-558
-772
-936
-932
-648
-134
379
725
825
749
616
439
238
34
-69
46
400
819
1060
983
685
413
302
303
329
318
268
166
84
26
-28
-139
-344
-606
-799
-744
-477
-170
-27
-69
-109
-95
-62
-87
-87
28
217
365
373
351
372
435
406
269
111
5
-148
-445
-819
-1079
-1150
-1166
-1185
-1186
-1006
-716
-414
-275
-314
-394
-406
-399
-346
-311
-527
-1042
-1370
-988
-172
408
260
-288
-790
-918
-840
-824
-646
-89
868
1569
1707
1462
1144
929
666
512
658
1166
1706
1763
1282
584
63
-410
-881
-1202
-1215
-855
-409
-68
27
-41
-164
-367
-489
-381
-25
320
450
479
580
764
886
817
580
343
289
383
360
176
-43
-93
14
199
371
444
492
479
392
244
161
178
118
-62
-285
-368
-269
-178
-227
-442
-568
-406
-16
313
428
465
491
518
472
360
243
225
291
283
178
20
-121
-286
-549
-802
-954
-993
-1032
-1038
-1035
-1054
-1059
-1086
-1018
-804
-415
-23
239
363
362
328
210
-12
-324
-682
-1080
-1334
-1187
-603
-34
16
-437
-994
-1249
-1169
-898
-497
128
933
1552
1627
1238
860
749
816
881
1016
1337
1704
1828
1515
910
274
-179
-509
-710
-712
-517
-293
-220
-282
-296
-138
-20
-132
-381
-437
-224
57
137
74
121
330
620
771
739
646
565
469
304
156
120
190
257
305
383
462
539
524
434
275
82
-90
-287
-434
-499
-519
-532
-501
-389
-290
-307
-308
-170
38
229
327
402
524
680
720
569
376
246
167
45
-69
-134
-206
-271
-419
-653
-958
-1262
-1435
-1413
-1198
-968
-866
-871
-822
-709
-558
-381
-157
60
196
234
154
4
-358
-991
-1528
-1229
-243
606
587
-204
-987
-1298
-1113
-865
-612
-55
806
1442
1353
882
593
722
923
1006
1161
1479
1774
1592
934
221
-25
140
289
235
96
28
-61
-282
-550
-580
-304
-15
-40
-329
-527
-433
-230
-95
13
265
602
813
767
551
386
360
354
340
402
520
567
520
411
358
394
470
529
489
386
192
-14
-223
-369
-453
-527
-517
-375
-166
-73
-197
-378
-457
-341
-87
185
372
442
366
111
-135
-139
128
396
484
351
90
-205
-482
-629
-633
-578
-628
-792
-1038
-1217
-1265
-1186
-1031
-805
-564
-375
-220
-91
-17
-33
-239
-579
-891
-1151
-1137
-719
-52
277
-36
-747
-1254
-1221
-768
-191
201
494
696
788
674
522
671
1126
1601
1801
1723
1515
1328
1122
880
656
529
496
332
-14
-428
-674
-714
-651
-506
-293
23
257
250
-42
-445
-650
-601
-331
17
269
386
382
349
321
391
541
684
708
652
569
454
372
327
407
556
668
641
422
133
-183
-479
-678
-681
-511
-427
-533
-710
-692
-445
-159
-26
-60
-15
162
327
369
316
341
395
361
224
127
166
238
210
69
-66
-152
-191
-277
-467
-673
-856
-963
-986
-935
-802
-695
-646
-689
-739
-706
-538
-304
-106
-48
-91
-196
-527
-1114
-1381
-746
180
687
358
-388
-972
-1002
-623
-264
72
336
570
475
275
230
437
775
1124
1456
1588
1521
1203
799
540
550
693
761
681
449
139
-152
-332
-370
-323
-267
-288
-398
-514
-495
-359
-285
-215
-35
162
255
193
78
24
120
373
561
641
654
597
467
299
242
394
669
843
833
619
362
220
117
-19
-180
-226
-228
-325
-524
-698
-652
-445
-266
-334
-506
-493
-258
5
86
12
-16
57
108
85
107
205
387
426
254
-23
-233
-261
-255
-291
-459
-626
-814
-997
-1118
-1158
-1054
-910
-783
-770
-655
-466
-301
-294
-493
-725
-906
-819
-473
7
124
-242
-787
-982
-648
-76
425
542
467
285
86
-5
97
475
974
1422
1617
1645
1515
1266
997
846
928
1069
1081
798
401
47
-218
-354
-419
-366
-240
-241
-364
-546
-679
-690
-526
-263
-41
151
264
277
215
222
339
507
674
776
767
636
514
502
482
377
279
307
374
386
365
283
157
-4
-207
-381
-428
-292
-150
-175
-347
-482
-473
-395
-312
-332
-359
-238
4
178
105
-86
-228
-173
38
248
345
299
179
14
-120
-159
-84
-44
-149
-375
-629
-786
-806
-740
-621
-584
-662
-895
-1111
-1188
-1128
-916
-629
-417
-216
-174
-382
-697
-652
-156
93
-216
-802
-913
-456
242
641
551
253
-11
-97
-157
-51
262
661
929
1060
1241
1371
1313
1039
777
765
929
1004
751
355
133
147
274
274
156
-41
-241
-398
-564
-636
-579
-367
-233
-168
-139
-120
-85
-47
129
430
843
1028
898
614
407
354
343
374
421
539
671
760
790
694
552
312
100
7
21
29
-62
-109
-177
-274
-439
-587
-624
-603
-530
-496
-431
-294
-209
-305
-502
-542
-322
10
231
192
28
-94
-160
-168
-108
16
108
27
-210
-459
-626
-677
-696
-720
-715
-710
-775
-944
-1050
-1037
-927
-971
-1140
-1215
-944
-554
-541
-869
-1091
-750
-185
114
-64
-299
-135
365
821
871
771
786
1031
1306
1462
1579
1544
1455
1294
1167
1152
1136
979
640
392
335
322
137
-302
-649
-686
-496
-315
-313
-379
-460
-477
-505
-452
-236
2
159
110
17
77
304
587
789
907
917
844
797
780
727
516
338
299
373
406
340
197
44
-44
-132
-141
-161
-209
-353
-539
-575
-453
-300
-271
-325
-331
-246
-112
-47
-47
-61
-76
-130
-179
-76
94
231
209
53
-88
-192
-262
-302
-297
-283
-323
-450
-627
-679
-544
-415
-426
-608
-827
-938
-939
-830
-722
-559
-505
-512
-655
-880
-996
-706
-125
-46
-573
-1120
-890
-139
386
278
-158
-259
95
492
445
229
287
683
1016
1110
1126
1102
1071
962
899
958
1035
985
729
551
579
645
531
238
75
80
136
57
-185
-414
-541
-642
-747
-747
-489
-169
-49
-136
-208
-45
278
607
730
731
705
711
701
647
659
743
862
857
801
755
717
674
516
312
148
104
74
-42
-219
-450
-593
-635
-613
-534
-504
-459
-464
-507
-556
-603
-573
-497
-398
-337
-269
-198
-178
-165
-179
-205
-218
-179
-88
-25
-2
-35
-192
-416
-621
-679
-676
-648
-698
-796
-833
-746
-623
-698
-898
-1158
-1249
-1109
-838
-742
-896
-1030
-821
-321
-11
-71
-275
-257
103
475
586
555
640
987
1389
1582
1540
1380
1349
1457
1542
1502
1264
966
743
690
751
680
380
-5
-187
-71
56
-9
-249
-460
-500
-453
-397
-374
-411
-466
-496
-423
-289
-177
-41
85
214
356
543
687
782
873
908
829
663
607
643
665
585
455
332
249
167
4
-125
-245
-325
-423
-528
-590
-632
-646
-635
-511
-328
-177
-150
-308
-476
-482
-295
-66
27
-46
-128
-97
-31
-64
-141
-172
-183
-220
-297
-331
-249
-156
-178
-340
-533
-650
-654
-648
-646
-637
-599
-578
-564
-546
-506
-481
-637
-862
-883
-523
-325
-626
-1064
-936
-191
413
408
-69
-326
-97
356
456
276
284
589
947
994
898
877
980
1109
1160
1153
1102
1059
954
785
716
666
609
534
484
481
346
56
-275
-441
-387
-319
-382
-516
-531
-453
-371
-329
-294
-178
19
158
99
70
181
365
494
587
700
720
723
719
750
823
833
815
697
570
434
248
109
30
17
-156
-440
-666
-678
-480
-365
-453
-657
-769
-742
-726
-692
-553
-337
-185
-239
-404
-467
-351
-198
-154
-165
-113
-2
21
-72
-156
-131
-112
-250
-489
-637
-662
-668
-728
-770
-702
-602
-582
-704
-876
-918
-850
-808
-983
-1203
-1080
-546
-71
-43
-340
-496
-220
203
426
351
315
563
899
1150
1194
1191
1256
1345
1406
1382
1333
1238
1111
987
906
879
770
525
232
51
22
30
-20
-144
-243
-323
-456
-592
-588
-440
-313
-313
-318
-235
-59
119
160
110
79
183
358
471
514
518
504
537
573
585
545
467
427
396
321
248
189
151
44
-149
-286
-256
-162
-192
-380
-529
-451
-277
-228
-391
-563
-606
-500
-430
-436
-403
-320
-227
-201
-213
-249
-257
-269
-269
-206
-116
-62
-87
-99
-51
-63
-193
-374
-484
-455
-353
-375
-521
-637
-617
-491
-398
-357
-465
-673
-768
-570
-358
-526
-877
-869
-353
131
129
-216
-368
-101
295
291
-19
-82
297
783
946
856
777
916
1148
1312
1404
1403
1255
1012
838
819
899
935
828
582
343
114
-144
-352
-429
-371
-375
-496
-655
-710
-667
-644
-590
-482
-254
32
173
31
-139
-59
159
326
370
405
453
537
614
684
739
740
758
691
601
522
454
401
300
209
94
19
-17
-69
-145
-242
-332
-435
-560
-664
-737
-728
-653
-608
-611
-586
-492
-395
-368
-397
-406
-358
-239
-113
-22
44
81
84
33
-68
-184
-304
-359
-418
-426
-426
-460
-550
-705
-759
-738
-619
-588
-619
-722
-776
-716
-577
-475
-567
-697
-637
-295
-16
15
-120
-169
-43
72
138
202
434
719
879
923
882
953
1119
1267
1341
1359
1343
1247
1095
957
901
883
755
505
189
-68
-215
-315
-391
-454
-502
-567
-626
-610
-523
-377
-247
-173
-187
-172
-36
131
261
280
298
341
432
535
581
576
578
759
938
965
806
615
539
496
421
240
165
234
302
122
-193
-343
-292
-170
-218
-400
-551
-596
-626
-694
-732
-681
-533
-448
-495
-560
-606
-613
-557
-442
-231
-44
53
0
-129
-217
-239
-178
-114
-106
-191
-345
-555
-714
-732
-672
-572
-579
-637
-678
-648
-613
-599
-655
-708
-605
-328
-120
-299
-650
-667
-245
126
91
-187
-282
-50
242
281
154
160
340
580
692
764
939
1136
1250
1196
1167
1225
1306
1321
1243
1141
997
770
511
289
171
83
-148
-411
-563
-550
-500
-546
-608
-586
-443
-395
-414
-330
-91
114
132
92
93
194
323
402
433
495
615
731
834
842
832
821
794
755
629
481
374
434
517
451
239
-50
-179
-244
-365
-579
-785
-816
-758
-714
-772
-808
-780
-762
-791
-818
-739
-539
-308
-164
-78
-11
47
50
-6
-80
-90
-96
-143
-228
-311
-358
-413
-473
-552
-581
-598
-653
-698
-708
-667
-700
-786
-863
-816
-646
-622
-671
-610
-359
-168
-257
-422
-391
-85
222
322
276
328
575
776
830
823
957
1231
1455
1458
1314
1230
1275
1366
1311
1115
871
696
520
234
-68
-256
-340
-413
-481
-532
-536
-547
-576
-579
-530
-433
-304
-123
28
106
128
145
188
260
321
391
476
587
676
681
622
511
484
504
527
467
325
255
264
314
265
136
41
45
67
6
-153
-346
-470
-520
-554
-592
-629
-621
-572
-560
-615
-720
-744
-619
-432
-307
-261
-215
-160
-86
-55
-70
-92
-102
-157
-283
-409
-447
-394
-335
-365
-412
-434
-431
-449
-484
-477
-426
-377
-352
-345
-371
-432
-437
-257
-58
-135
-502
-649
-324
116
147
-234
-470
-267
143
284
136
123
434
791
813
594
512
805
1316
1595
1572
1436
1361
1334
1213
995
757
608
474
300
99
-102
-282
-417
-510
-560
-623
-699
-744
-671
-482
-287
-208
-220
-220
-171
-67
-9
44
125
259
414
487
542
612
664
676
688
681
659
587
518
553
602
589
457
308
201
76
-69
-238
-357
-416
-484
-616
-776
-836
-805
-776
-784
-759
-716
-682
-656
-539
-367
-195
-111
-117
-106
-100
-105
-147
-170
-173
-142
-174
-292
-422
-464
-400
-391
-427
-457
-449
-401
-353
-317
-293
-281
-256
-187
-149
-129
-204
-334
-406
-347
-303
-411
-490
-382
-102
11
-132
-307
-238
6
184
245
268
403
541
662
772
908
1137
1267
1308
1291
1236
1099
876
693
602
617
554
338
105
-57
-146
-235
-363
-474
-541
-567
-588
-575
-516
-406
-327
-301
-242
-106
96
255
314
301
271
282
364
525
676
704
686
721
792
828
809
758
745
739
685
532
312
160
79
-16
-158
-309
-392
-480
-586
-728
-833
-815
-798
-750
-717
-666
-613
-579
-528
-423
-295
-225
-222
-261
-263
-243
-220
-235
-246
-213
-237
-308
-333
-301
-255
-245
-290
-347
-362
-351
-340
-289
-244
-218
-173
-143
-141
-180
-219
-225
-201
-220
-292
-296
-206
-200
-346
-424
-194
124
203
31
-107
-14
204
336
324
314
480
755
921
901
764
693
742
825
858
815
695
555
420
352
317
246
169
91
-26
-177
-309
-382
-390
-388
-399
-426
-452
-442
-403
-328
-245
-242
-221
-77
145
245
213
203
322
483
572
650
751
876
924
873
795
762
752
641
491
377
324
285
155
-37
-219
-334
-412
-474
-483
-512
-567
-628
-643
-591
-575
-581
-561
-483
-372
-345
-427
-466
-439
-353
-274
-243
-226
-200
-206
-209
-154
-50
1
-81
-196
-208
-74
80
68
-40
-97
-108
-142
-247
-321
-287
-249
-310
-432
-519
-540
-505
-530
-603
-628
-488
-287
-205
-259
-281
-157
25
177
257
289
399
619
874
1000
931
817
828
975
1064
1041
936
801
672
541
405
279
162
45
-84
-217
-371
-521
-620
-626
-569
-527
-501
-472
-385
-249
-114
-44
0
53
146
243
348
484
615
706
739
769
797
791
783
795
787
738
639
495
329
208
143
78
-22
-142
-250
-331
-357
-389
-444
-528
-587
-587
-570
-576
-596
-556
-497
-477
-533
-597
-581
-493
-431
-434
-451
-415
-342
-318
-310
-299
-248
-209
-202
-188
-154
-57
64
154
172
127
60
-1
-26
-25
-21
-9
10
29
11
-56
-114
-118
-118
-161
-243
-235
-174
-230
-457
-551
-321
20
165
67
-55
-70
-7
19
70
163
279
395
482
512
524
556
647
742
744
670
585
535
512
493
443
370
273
100
-111
-278
-330
-337
-357
-380
-366
-283
-228
-234
-280
-245
-63
137
240
231
247
351
468
500
465
443
461
499
489
443
398
371
336
307
279
200
141
103
101
89
6
-76
-107
-85
-88
-154
-247
-289
-306
-356
-475
-625
-674
-654
-620
-611
-591
-541
-459
-415
-422
-415
-355
-251
-147
-100
-39
46
86
89
83
82
106
113
95
119
125
125
78
14
-14
-21
-17
-31
-53
-86
-96
-98
-139
-210
-289
-359
-422
-481
-514
-506
-475
-410
-380
-410
-410
-385
-350
-310
-272
-200
-88
28
133
218
336
424
468
501
571
654
674
602
504
474
521
527
448
322
224
182
131
82
15
-39
-18
43
104
144
184
243
291
324
339
371
409
460
489
465
413
347
285
257
293
365
407
404
343
281
247
223
218
208
215
165
46
-68
-134
-158
-226
-324
-452
-558
-588
-581
-570
-608
-656
-667
-645
-601
-612
-614
-549
-426
-339
-326
-319
-266
-157
-63
7
47
79
76
8
-69
-72
29
150
169
122
60
17
-18
-41
-33
-7
18
0
-52
-64
-33
-17
-56
-111
-166
-186
-202
-257
-351
-415
-405
-393
-363
-318
-277
-236
-234
-238
-233
-191
-132
-94
-61
13
121
220
225
162
132
174
290
394
430
412
416
460
513
509
450
423
424
410
372
339
325
329
310
290
276
244
180
93
58
116
158
129
51
0
8
49
59
36
17
74
171
254
344
404
429
377
307
272
288
289
222
87
-51
-96
-94
-118
-219
-328
-364
-363
-368
-419
-456
-462
-441
-423
-413
-400
-381
-316
-219
-135
-80
-77
-64
-20
7
20
12
50
110
140
128
127
141
135
85
17
-3
25
31
-18
-78
-93
-105
-160
-262
-360
-403
-446
-528
-637
-717
-762
-780
-781
-750
-673
-607
-594
-600
-550
-448
-333
-262
-232
-195
-82
73
204
285
343
421
491
564
654
738
788
785
729
682
655
643
609
567
533
486
410
331
288
253
216
169
136
120
115
110
113
127
130
139
125
143
197
234
249
231
253
280
310
320
278
273
247
195
126
43
-60
-180
-255
-273
-263
-273
-325
-370
-376
-379
-385
-398
-365
-299
-249
-232
-195
-149
-87
-83
-106
-103
-78
-30
-49
-30
10
52
74
56
15
13
14
27
74
93
113
117
96
90
121
153
142
75
-8
-73
-83
-113
-177
-233
-254
-229
-243
-274
-308
-321
-311
-341
-415
-472
-491
-482
-469
-455
-424
-410
-421
-430
-436
-455
-487
-524
-505
-415
-298
-164
-24
96
166
204
262
377
506
630
694
740
800
829
804
712
608
546
515
465
384
292
200
109
22
-28
-12
-9
-19
-42
-49
-12
72
134
134
121
126
156
179
166
131
105
94
119
151
147
137
110
75
61
64
72
59
14
-12
5
27
53
65
62
70
66
61
49
40
30
10
-7
-10
32
35
-25
-92
-114
-89
-59
-74
-113
-109
-73
-8
11
-18
-54
-38
-12
-59
-146
-199
-193
-174
-198
-296
-346
-340
-328
-331
-350
-365
-360
-365
-383
-396
-398
-392
-430
-478
-536
-575
-601
-632
-626
-613
-563
-546
-545
-525
-463
-385
-326
-267
-211
-104
45
200
326
420
516
623
742
833
867
860
835
821
825
814
771
707
652
586
505
422
370
337
278
239
203
193
179
155
134
136
164
149
81
7
-46
-74
-95
-77
-36
6
5
-50
-48
-19
-9
-46
-87
-76
-22
44
100
133
142
118
110
139
169
174
138
92
113
169
201
157
55
-10
-18
-7
-26
-118
-228
-282
-294
-252
-196
-162
-184
-237
-273
-262
-232
-218
-249
-285
-293
-282
-257
-278
-289
-315
-314
-292
-277
-258
-268
-278
-261
-225
-193
-203
-243
-298
-328
-336
-367
-375
-406
-430
-455
-476
-493
-521
-526
-520
-495
-431
-364
-293
-250
-214
-160
-92
-19
33
95
194
295
369
424
465
516
580
656
714
745
759
771
788
797
795
747
664
612
583
548
466
358
247
163
110
66
28
-26
-72
-84
-63
-23
-24
-60
-106
-113
-76
-36
21
50
75
130
196
275
326
341
364
390
417
429
417
389
387
395
384
364
317
290
260
196
122
50
-13
-81
-144
-200
-221
-229
-288
-386
-490
-525
-495
-456
-440
-454
-443
-417
-377
-356
-343
-316
-304
-303
-332
-361
-348
-347
-363
-375
-369
-358
-366
-435
-479
-470
-463
-474
-503
-551
-581
-586
-600
-597
-585
-576
-553
-531
-494
-467
-458
-408
-324
-215
-152
-145
-118
-41
99
213
287
369
476
587
664
748
821
892
931
947
960
962
948
891
822
760
700
632
529
391
256
154
90
72
76
55
22
8
26
47
49
10
-2
-11
-6
16
42
67
80
95
122
175
220
256
253
203
196
217
220
217
194
169
160
140
120
106
79
44
13
10
13
5
-31
-88
-139
-154
-178
-199
-234
-274
-309
-342
-364
-388
-370
-336
-326
-327
-320
-289
-261
-250
-276
-307
-305
-286
-274
-292
-318
-316
-303
-298
-314
-330
-325
-315
-297
-279
-283
-321
-334
-321
-289
-257
-249
-265
-269
-237
-233
-252
-275
-298
-307
-288
-239
-204
-190
-189
-171
-121
-74
-37
-2
51
133
217
300
374
432
490
560
622
661
706
745
770
763
726
696
661
606
560
511
466
419
341
258
177
116
59
23
16
-2
-13
-24
-22
7
38
59
53
50
64
106
150
187
216
222
237
246
259
276
295
303
305
336
339
291
227
188
165
121
51
-20
-80
-119
-168
-230
-275
-313
-355
-406
-454
-450
-442
-448
-463
-455
-421
-370
-351
-373
-397
-398
-400
-399
-390
-360
-313
-303
-289
-282
-265
-243
-229
-213
-214
-248
-272
-292
-294
-295
-315
-313
-314
-291
-305
-346
-401
-421
-407
-378
-372
-406
-436
-438
-357
-269
-202
-190
-173
-130
-48
36
110
172
225
308
396
470
527
587
646
690
719
749
756
743
712
673
662
663
647
598
536
457
392
342
330
297
269
252
236
244
242
213
170
138
165
195
193
187
154
144
147
145
172
208
225
245
244
261
254
234
186
143
141
138
128
77
13
-17
-42
-56
-91
-135
-143
-148
-180
-234
-283
-324
-334
-342
-371
-403
-418
-432
-437
-451
-453
-455
-464
-471
-494
-507
-511
-505
-493
-462
-444
-450
-456
-444
-402
-360
-328
-294
-251
-223
-210
-211
-228
-219
-199
-189
-197
-201
-175
-170
-187
-199
-194
-164
-138
-121
-114
-101
-56
-21
-1
-3
-4
4
12
11
29
72
101
112
106
112
126
130
132
135
157
217
292
356
399
438
479
535
588
634
671
696
730
760
751
699
647
574
520
481
449
400
318
248
179
114
82
70
46
42
39
35
25
19
16
24
48
73
114
130
129
125
138
172
208
226
210
196
196
201
184
145
80
28
-9
-45
-95
-173
-230
-265
-311
-333
-376
-428
-488
-545
-581
-600
-574
-547
-530
-542
-562
-567
-538
-478
-408
-339
-306
-282
-261
-253
-228
-208
-196
-197
-218
-219
-208
-209
-217
-232
-244
-245
-262
-287
-321
-342
-357
-384
-406
-392
-341
-293
-272
-307
-316
-297
-254
-213
-215
-216
-177
-103
-6
92
177
257
343
435
530
629
710
767
814
850
887
924
946
937
901
867
838
809
744
644
548
467
416
370
313
267
231
202
180
154
115
63
37
16
25
41
35
8
-29
-43
-55
-55
-59
-65
-79
-87
-85
-75
-60
-78
-99
-109
-114
-115
-132
-140
-141
-140
-133
-127
-127
-144
-182
-223
-257
-278
-312
-348
-366
-395
-424
-453
-483
-504
-519
-512
-496
-463
-436
-441
-450
-436
-393
-336
-303
-299
-285
-254
-222
-194
-171
-135
-79
-61
-53
-46
-17
18
51
75
73
88
118
152
161
152
148
143
165
184
172
146
120
113
118
140
142
126
117
102
102
78
74
103
127
147
169
175
174
197
219
245
257
267
291
323
351
355
370
412
457
483
481
451
424
409
402
389
362
331
304
266
208
138
93
49
-1
-46
-105
-135
-148
-160
-180
-201
-195
-181
-181
-188
-182
-154
-128
-105
-86
-59
-32
-9
10
18
16
-8
-52
-82
-87
-98
-102
-136
-181
-207
-231
-258
-265
-284
-307
-327
-347
-346
-338
-337
-344
-369
-404
-416
-408
-395
-365
-316
-260
-212
-194
-194
-173
-142
-105
-79
-77
-87
-129
-186
-241
-282
-279
-270
-269
-287
-336
-370
-385
-385
-357
-337
-308
-253
-180
-80
21
92
167
260
361
467
571
661
728
781
835
877
902
884
838
785
733
693
647
590
526
464
410
372
346
321
287
243
215
219
238
235
189
147
141
164
185
149
116
88
60
45
39
34
10
-27
-81
-114
-130
-150
-188
-246
-290
-295
-280
-267
-272
-293
-303
-309
-314
-314
-311
-316
-308
-310
-320
-329
-324
-317
-313
-315
-325
-321
-306
-291
-288
-297
-293
-263
-258
-291
-325
-345
-327
-309
-307
-307
-292
-263
-231
-198
-162
-113
-63
-17
-3
5
37
91
126
143
135
136
150
142
133
103
80
80
79
71
84
92
90
60
44
37
29
45
58
95
123
128
129
136
184
219
235
235
228
252
275
272
262
277
301
316
295
271
267
253
253
259
272
298
308
311
315
321
306
267
221
186
174
153
112
68
24
19
-3
-21
-37
-67
-75
-99
-106
-121
-137
-143
-146
-139
-124
-114
-110
-113
-96
-76
-79
-75
-74
-60
-43
-34
-38
-32
-28
-29
-39
-61
-72
-102
-116
-122
-134
-156
-182
-222
-264
-290
-323
-350
-358
-362
-373
-382
-382
-358
-343
-332
-327
-326
-300
-262
-223
-195
-160
-114
-82
-79
-90
-97
-96
-83
-89
-91
-92
-86
-90
-90
-113
-125
-111
-112
-99
-80
-73
-54
-5
51
94
131
174
216
265
313
358
379
418
467
515
549
566
562
551
560
556
543
509
462
408
380
351
325
284
237
211
170
154
138
128
117
101
90
91
97
96
100
80
65
42
31
14
5
-13
-37
-46
-67
-64
-78
-90
-101
-108
-109
-121
-115
-125
-140
-152
-167
-183
-203
-216
-219
-226
-244
-266
-288
-295
-291
-294
-313
-330
-342
-349
-351
-358
-363
-364
-352
-332
-340
-341
-332
-315
-301
-318
-367
-409
-417
-411
-390
-378
-361
-365
-376
-357
-338
-310
-279
-238
-184
-128
-55
13
90
168
239
308
378
463
521
567
615
643
694
709
705
693
669
640
608
568
518
478
433
383
360
334
321
308
275
247
247
255
272
273
273
280
281
290
292
293
270
222
183
174
162
141
103
73
51
10
-32
-85
-127
-142
-184
-238
-284
-311
-342
-374
-398
-412
-422
-437
-451
-471
-458
-429
-406
-388
-374
-358
-346
-329
-314
-291
-260
-215
-183
-153
-121
-116
-112
-106
-109
-113
-111
-123
-132
-131
-139
-164
-179
-188
-192
-199
-204
-221
-226
-208
-197
-194
-189
-182
-162
-115
-86
-65
-55
-36
-11
8
30
38
51
64
83
105
128
130
132
131
124
127
141
165
176
180
182
188
194
221
237
247
241
240
239
266
308
338
355
352
361
372
384
386
386
395
414
403
389
378
380
372
336
281
235
210
175
136
109
99
96
78
56
37
23
16
13
-3
-12
-19
-23
-16
-27
-25
-31
-54
-65
-74
-77
-82
-103
-110
-104
-113
-132
-151
-161
-172
-185
-210
-224
-227
-234
-244
-254
-256
-270
-295
-330
-351
-360
-375
-385
-383
-369
-366
-375
-375
-368
-362
-360
-351
-356
-359
-350
-346
-334
-330
-319
-312
-301
-272
-250
-231
-225
-222
-217
-210
-200
-188
-176
-159
-143
-129
-111
-89
-55
-5
32
62
113
155
206
268
311
355
410
478
520
533
564
597
613
625
632
654
663
650
629
607
603
599
580
559
540
531
525
493
453
412
382
352
320
294
255
222
197
166
131
108
84
64
34
4
-22
-61
-87
-116
-145
-154
-171
-193
-233
-276
-303
-342
-365
-389
-412
-424
-452
-470
-480
-471
-462
-461
-462
-458
-437
-429
-404
-382
-360
-342
-337
-340
-325
-296
-277
-271
-288
-321
-354
-361
-357
-359
-346
-335
-333
-326
-305
-291
-276
-265
-236
-202
-162
-96
-30
36
97
155
216
280
335
376
399
416
426
436
446
449
428
402
372
338
313
282
242
203
173
151
136
124
126
128
128
145
162
168
185
188
191
209
250
284
322
357
365
379
391
401
406
403
389
371
338
305
268
227
193
140
86
49
8
-34
-68
-93
-110
-125
-143
-179
-217
-243
-261
-276
-284
-295
-303
-295
-300
-313
-315
-303
-294
-289
-262
-250
-232
-214
-205
-201
-198
-185
-176
-169
-167
-177
-199
-217
-232
-237
-243
-255
-264
-258
-247
-249
-259
-251
-236
-222
-197
-175
-151
-121
-81
-42
-33
-15
17
44
74
81
88
103
120
129
143
154
154
154
135
114
101
93
86
74
61
45
22
12
13
21
39
46
46
54
52
45
49
58
66
63
62
62
81
97
119
134
163
195
224
254
270
289
305
312
327
350
364
374
366
355
347
348
340
321
322
315
293
274
254
235
224
211
200
187
165
141
111
84
51
17
6
-7
-36
-57
-86
-106
-134
-172
-201
-230
-242
-254
-276
-302
-313
-322
-329
-342
-354
-368
-372
-373
-375
-383
-382
-388
-399
-390
-388
-378
-386
-392
-392
-377
-373
-381
-374
-357
-339
-319
-311
-297
-274
-248
-222
-203
-188
-163
-129
-101
-84
-78
-61
-43
-31
-21
-4
20
45
87
112
124
140
166
179
188
206
209
221
229
235
237
235
253
262
257
253
246
257
263
272
281
285
296
291
306
319
337
353
349
355
371
384
387
376
367
367
369
367
361
363
366
353
322
290
259
236
209
180
153
118
84
46
12
-14
-37
-56
-89
-121
-136
-155
-179
-213
-236
-250
-251
-265
-277
-274
-279
-269
-275
-275
-268
-277
-282
-295
-293
-292
-300
-314
-325
-335
-349
-378
-404
-416
-410
-420
-430
-429
-424
-400
-374
-340
-306
-270
-233
-196
-151
-99
-46
3
56
106
152
187
221
246
257
258
266
257
255
245
231
226
206
194
176
153
116
97
88
88
82
89
77
67
61
37
32
25
31
40
54
62
72
80
88
103
109
122
127
132
138
141
131
125
127
127
130
127
115
102
84
55
36
38
55
64
75
77
70
57
51
50
47
55
66
77
83
79
72
54
23
-11
-44
-69
-101
-123
-139
-160
-191
-215
-230
-243
-253
-265
-281
-280
-267
-255
-230
-208
-171
-129
-91
-51
-7
33
55
81
107
128
155
166
169
159
155
130
97
84
49
6
-20
-32
-42
-39
-53
-55
-54
-53
-48
-39
-20
-5
13
38
60
84
103
119
131
139
144
151
158
151
143
122
108
93
75
44
11
-18
-50
-79
-99
-130
-162
-178
-195
-202
-205
-203
-196
-189
-171
-156
-142
-129
-109
-83
-58
-33
-6
21
51
68
77
87
97
108
119
124
121
120
123
119
100
85
69
77
76
71
78
72
69
71
56
40
33
20
2
-6
-14
-16
-13
-18
-21
-25
-17
-24
-26
-23
-29
-34
-38
-46
-42
-53
-73
-87
-95
-109
-117
-127
-140
-154
-166
-159
-166
-165
-159
-164
-161
-159
-149
-136
-118
-97
-78
-62
-54
-48
-33
-34
-32
-27
-16
10
17
40
59
71
95
97
115
140
160
179
188
201
213
225
234
235
234
230
228
218
207
193
174
151
130
118
112
101
83
55
31
17
20
17
15
16
15
14
12
11
9
12
17
30
25
26
28
24
10
-13
-30
-45
-43
-46
-52
-54
-60
-64
-61
-70
-76
-73
-82
-85
-102
-110
-116
-119
-118
-111
-107
-88
-81
-82
-80
-76
-55
-39
-27
-17
-13
-7
-6
2
-4
-10
-16
-19
-21
-28
-29
-39
-43
-62
-74
-75
-77
-77
-92
-101
-102
-114
-114
-110
-104
-96
-98
-100
-97
-91
-89
-86
-85
-81
-69
-52
-36
-28
-25
-11
8
23
38
54
70
88
98
104
107
120
123
122
125
115
109
103
89
78
68
57
53
48
38
27
14
-6
-18
-31
-43
-50
-53
-45
-47
-50
-48
-45
-47
-43
-35
-14
7
36
66
81
98
116
140
153
167
178
193
208
234
234
222
220
219
215
208
204
194
180
162
149
128
103
85
71
60
47
40
32
26
19
12
3
-10
-17
-19
-29
-38
-52
-63
-81
-99
-106
-107
-116
-136
-147
-164
-181
-194
-205
-214
-228
-248
-253
-254
-259
-256
-265
-267
-263
-262
-258
-253
-236
-223
-211
-186
-159
-134
-109
-86
-66
-46
-25
-13
12
39
61
79
97
115
130
142
159
165
166
170
164
167
162
151
144
142
132
117
110
98
97
83
74
61
52
38
27
24
18
17
13
20
11
11
8
12
13
4
-3
-7
0
-2
-9
-13
-20
-21
-27
-30
-37
-42
-44
-56
-57
-59
-63
-70
-61
-55
-43
-42
-31
-19
-8
5
15
32
52
68
86
102
103
108
114
115
117
125
121
119
104
81
59
41
36
21
1
-10
-20
-28
-41
-56
-79
-97
-111
-111
-111
-114
-112
-115
-118
-128
-129
-128
-111
-94
-83
-77
-68
-46
-26
-4
20
36
59
59
77
98
114
131
137
153
158
157
155
154
144
135
134
126
118
125
135
121
107
111
104
91
75
56
39
26
6
-20
-53
-78
-102
-126
-141
-155
-169
-186
-198
-215
-225
-228
-230
-223
-213
-198
-188
-173
-168
-150
-127
-118
-92
-72
-52
-35
-28
-19
-11
-5
-5
6
12
20
36
47
59
53
59
66
67
79
91
95
101
100
103
108
109
107
102
97
86
77
70
66
51
49
46
39
40
40
28
27
17
-2
-13
-21
-30
-35
-29
-29
-36
-43
-47
-56
-53
-55
-43
-28
-18
-19
-21
-17
-17
-5
12
32
47
61
75
82
91
95
110
123
135
151
147
137
131
132
137
128
131
111
94
82
72
61
43
31
14
-5
-30
-42
-68
-92
-110
-132
-140
-148
-156
-162
-179
-199
-207
-202
-205
-199
-192
-190
-189
-180
-169
-148
-137
-127
-115
-108
-91
-77
-62
-43
-29
-16
-6
8
31
47
54
63
74
84
96
101
113
122
125
134
137
143
145
147
144
149
154
156
150
148
149
142
139
125
119
121
105
96
91
72
58
38
17
-2
-25
-38
-63
-88
-102
-117
-124
-133
-141
-136
-140
-145
-145
-144
-133
-127
-124
-129
-123
-115
-110
-101
-87
-79
-64
-50
-43
-31
-30
-11
-10
0
8
14
16
19
23
13
10
13
12
7
13
8
8
12
4
9
4
12
21
23
32
39
43
41
43
37
46
45
36
21
12
7
-5
-5
-9
-5
-6
1
17
18
15
20
30
38
47
64
76
83
92
91
98
101
105
114
132
138
154
156
164
168
148
144
136
122
105
85
69
57
37
19
-6
-17
-32
-43
-50
-56
-66
-78
-91
-102
-109
-118
-117
-114
-118
-121
-115
-119
-124
-125
-123
-123
-124
-126
-126
-132
-130
-130
-125
-125
-116
-115
-117
-117
-120
-127
-130
-130
-131
-116
-112
-104
-95
-87
-79
-63
-50
-36
-27
-13
4
25
44
60
78
100
115
124
136
142
144
148
152
153
153
144
133
121
110
99
101
92
83
78
73
56
45
41
41
42
37
43
47
45
45
40
34
43
38
37
30
29
24
19
24
15
25
27
32
30
27
27
25
26
27
21
32
30
26
33
27
31
27
27
35
35
37
27
10
3
2
-6
-4
-14
-35
-48
-63
-76
-96
-105
-116
-122
-137
-142
-151
-158
-167
-178
-177
-172
-164
-158
-147
-135
-128
-111
-89
-70
-53
-39
-11
-2
15
36
54
65
76
88
94
94
99
100
93
95
92
92
82
75
66
61
51
36
20
23
20
6
10
8
11
12
14
12
11
19
19
29
32
37
50
53
55
53
56
60
67
61
59
58
51
47
29
20
11
4
-11
-26
-40
-58
-77
-82
-88
-95
-100
-103
-106
-103
-101
-89
-84
-88
-79
-75
-65
-63
-56
-54
-58
-53
-45
-40
-39
-27
-33
-38
-26
-23
-25
-22
-17
-14
-7
-12
-8
5
14
20
23
34
44
41
35
41
44
51
57
61
69
75
85
74
73
78
71
71
73
66
63
64
64
58
55
54
66
64
61
63
61
73
74
79
80
76
78
84
79
78
81
73
69
70
69
57
53
49
37
41
42
43
37
28
18
0
-11
-23
-37
-59
-76
-95
-111
-132
-139
-147
-162
-166
-170
-177
-188
-200
-209
-218
-225
-217
-214
-216
-214
-206
-213
-208
-200
-194
-174
-160
-147
-130
-102
-79
-72
-56
-42
-27
-10
8
25
43
59
69
86
99
113
123
133
154
165
175
195
206
208
220
221
228
225
225
226
219
220
208
200
189
181
171
165
160
140
126
113
93
82
81
81
73
66
55
40
28
16
12
10
4
-12
-17
-29
-38
-46
-53
-60
-69
-69
-63
-65
-77
-82
-86
-92
-92
-101
-103
-107
-119
-122
-134
-146
-157
-159
-162
-163
-159
-156
-167
-170
-167
-167
-154
-142
-137
-122
-109
-113
-99
-91
-92
-89
-81
-86
-85
-79
-79
-82
-77
-68
-56
-50
-43
-41
-36
-33
-26
-8
-2
16
32
37
46
61
74
89
99
111
130
148
169
181
187
192
193
197
208
209
212
211
214
223
219
222
215
202
192
189
184
166
156
143
126
111
100
94
83
75
59
47
37
15
7
1
-11
-19
-18
-31
-37
-48
-53
-56
-61
-62
-72
-80
-85
-99
-107
-112
-127
-132
-140
-141
-145
-157
-164
-170
-172
-176
-177
-174
-166
-165
-159
-149
-140
-135
-131
-120
-113
-105
-100
-93
-88
-87
-77
-77
-79
-75
-78
-80
-78
-75
-68
-63
-59
-61
-56
-49
-41
-35
-31
-19
-11
-2
11
14
19
26
28
35
38
42
43
43
54
60
67
71
81
91
98
109
111
121
127
134
144
151
146
154
156
155
166
171
170
171
160
158
160
162
165
161
167
162
156
141
134
125
106
97
91
89
83
82
62
47
32
14
-3
-8
-16
-30
-47
-61
-66
-79
-94
-110
-112
-126
-129
-132
-131
-139
-142
-144
-143
-132
-135
-132
-124
-120
-118
-113
-108
-104
-96
-98
-90
-82
-83
-76
-73
-76
-83
-83
-84
-77
-77
-71
-69
-63
-65
-56
-52
-52
-48
-41
-32
-19
-11
-1
13
4
-2
-8
-10
-6
-1
8
11
11
15
15
15
16
18
21
21
25
39
39
48
52
49
52
44
36
30
20
20
28
34
37
34
42
46
50
48
52
51
56
54
62
71
77
83
85
87
90
97
108
116
119
127
122
130
118
113
100
92
92
89
86
76
61
51
33
14
5
-10
-20
-30
-40
-50
-63
-61
-65
-70
-57
-58
-52
-51
-59
-58
-59
-57
-49
-50
-48
-49
-47
-51
-62
-63
-67
-63
-65
-69
-73
-79
-79
-78
-83
-81
-74
-74
-68
-65
-66
-67
-63
-69
-56
-44
-43
-29
-31
-34
-39
-37
-36
-30
-27
-24
-15
-12
-7
-1
5
8
16
20
19
21
23
21
20
18
13
10
6
8
8
14
9
12
18
23
30
32
30
30
36
42
52
58
64
67
68
67
66
71
72
67
70
63
55
54
43
47
43
45
44
50
59
54
53
52
53
49
51
48
50
56
59
58
57
59
50
40
31
28
19
7
-3
-10
-16
-29
-38
-50
-57
-64
-73
-78
-85
-82
-88
-89
-88
-85
-79
-87
-85
-82
-80
-79
-71
-79
-74
-74
-71
-68
-67
-54
-56
-56
-54
-47
-53
-52
-48
-51
-49
-49
-52
-57
-52
-45
-47
-40
-34
-28
-21
-14
-6
-2
5
8
8
17
27
30
43
46
44
49
52
59
63
72
71
70
69
64
62
66
54
53
47
42
33
25
24
18
15
6
7
11
11
11
18
19
17
21
24
30
29
41
39
42
50
54
63
68
70
77
87
89
90
91
92
95
96
93
92
93
96
91
83
83
83
73
72
64
53
52
42
38
31
25
14
-10
-22
-32
-49
-65
-71
-81
-88
-97
-108
-103
-106
-104
-103
-113
-111
-116
-114
-119
-116
-116
-121
-122
-128
-131
-133
-131
-127
-121
-117
-107
-105
-100
-108
-109
-108
-107
-104
-100
-90
-81
-82
-81
-80
-83
-92
-91
-90
-90
-83
-81
-76
-73
-69
-57
-45
-34
-19
-19
-13
-2
12
23
28
34
40
49
57
67
75
87
97
109
121
133
151
164
169
177
183
182
183
197
198
205
215
211
214
220
222
217
219
211
208
207
201
201
199
189
181
168
143
128
119
109
91
80
65
48
41
26
8
-5
-10
-23
-34
-45
-59
-65
-83
-90
-102
-108
-111
-116
-121
-140
-152
-165
-176
-186
-199
-203
-216
-214
-219
-226
-227
-235
-235
-236
-235
-232
-223
-217
-211
-203
-197
-194
-188
-178
-167
-156
-144
-132
-119
-109
-102
-90
-76
-66
-48
-31
-13
4
13
22
29
36
48
52
66
74
79
94
107
118
121
130
137
143
148
156
157
157
159
165
177
172
175
178
173
174
170
171
178
171
178
174
168
168
159
146
127
115
110
108
108
108
108
99
84
80
74
72
66
65
55
48
36
31
18
8
2
-16
-27
-40
-50
-66
-80
-92
-101
-112
-120
-128
-132
-141
-151
-164
-172
-178
-183
-182
-183
-184
-186
-197
-195
-193
-191
-185
-182
-186
-178
-170
-172
-166
-157
-143
-142
-127
-118
-112
-101
-96
-80
-64
-58
-44
-32
-24
-16
-7
6
12
19
29
37
47
59
67
75
84
89
100
109
120
126
140
154
163
173
178
180
173
177
179
185
183
179
180
169
161
154
150
146
139
138
133
118
109
96
89
87
83
78
69
62
54
44
30
22
16
9
0
-5
-16
-16
-16
-28
-31
-32
-33
-33
-31
-39
-38
-41
-41
-38
-44
-48
-49
-57
-64
-65
-78
-94
-102
-118
-131
-139
-153
-151
-155
-158
-149
-148
-141
-137
-136
-128
-122
-116
-112
-108
-103
-103
-99
-95
-85
-83
-85
-76
-70
-66
-55
-52
-46
-37
-24
-5
6
24
42
40
44
55
67
67
71
74
70
71
71
65
72
73
59
63
63
59
59
59
58
58
57
52
54
50
57
59
61
61
61
69
70
75
77
77
78
75
79
83
82
92
95
98
96
98
87
89
84
82
71
60
49
32
24
9
0
-11
-20
-34
-48
-65
-79
-93
-98
-98
-105
-102
-102
-104
-109
-110
-114
-111
-107
-95
-89
-88
-75
-71
-62
-57
-50
-47
-47
-39
-39
-35
-27
-22
-17
-13
-7
-2
0
5
12
10
12
17
17
19
19
20
17
16
21
19
22
24
25
20
18
23
20
22
27
32
32
39
37
44
44
43
49
44
51
52
56
53
59
62
62
66
64
67
64
56
55
52
44
42
42
39
31
27
15
4
-8
-22
-25
-28
-34
-40
-43
-53
-57
-68
-70
-70
-80
-87
-99
-98
-100
-99
-100
-103
-111
-111
-115
-118
-111
-100
-95
-85
-72
-71
-58
-55
-53
-45
-39
-20
-10
1
9
21
26
24
34
39
40
39
43
44
54
62
68
74
80
83
81
81
80
86
89
87
89
82
80
79
75
65
62
53
56
58
55
59
56
59
47
50
44
38
31
24
23
16
13
6
4
-4
-3
-15
-19
-21
-21
-31
-36
-33
-35
-41
-41
-44
-51
-50
-56
-57
-55
-46
-45
-41
-43
-45
-47
-51
-45
-44
-42
-41
-46
-43
-46
-48
-45
-49
-52
-49
-47
-47
-44
-38
-37
-34
-31
-31
-24
-20
-12
-1
4
5
5
8
8
8
12
11
13
14
23
29
27
33
29
32
37
37
46
48
50
56
55
62
68
66
69
66
68
69
69
73
71
72
72
70
70
71
72
68
64
62
63
59
49
43
32
24
15
9
1
-2
-8
-26
-32
-39
-41
-48
-54
-58
-61
-59
-61
-68
-78
-80
-88
-93
-97
-89
-84
-85
-84
-84
-79
-78
-80
-73
-76
-69
-67
-61
-62
-59
-53
-51
-45
-43
-32
-29
-25
-23
-23
-17
-18
-29
-27
-29
-27
-33
-26
-18
-16
-8
-3
4
11
19
26
32
32
43
48
58
68
67
76
83
79
78
79
75
74
72
73
79
75
64
60
59
54
48
50
47
44
39
41
39
41
43
42
45
46
47
47
48
51
57
55
58
51
43
47
39
40
39
36
29
24
14
2
-3
-10
-12
-18
-21
-31
-41
-46
-49
-55
-60
-62
-69
-72
-75
-83
-81
-77
-78
-76
-78
-89
-86
-82
-93
-89
-89
-97
-95
-98
-97
-92
-93
-90
-88
-85
-82
-76
-72
-68
-65
-66
-64
-65
-58
-49
-37
-36
-27
-21
-12
-1
3
17
25
33
33
41
45
43
47
59
62
66
76
85
89
93
99
105
113
118
127
134
144
149
158
161
153
148
149
143
137
132
122
116
111
105
101
90
79
60
50
38
28
21
9
-5
-10
-17
-24
-32
-46
-51
-60
-69
-74
-72
-77
-84
-83
-78
-77
-82
-81
-86
-90
-94
-92
-86
-90
-95
-99
-101
-110
-106
-105
-107
-116
-112
-111
-113
-109
-108
-106
-103
-103
-105
-95
-95
-87
-81
-74
-62
-55
-45
-40
-31
-25
-13
-1
12
23
36
52
53
67
69
77
88
97
101
108
111
115
115
116
117
119
115
118
120
111
104
100
96
94
92
88
84
80
81
74
65
73
73
69
67
59
50
41
28
24
20
11
8
5
-5
-10
-14
-18
-25
-25
-23
-26
-27
-31
-34
-36
-40
-46
-44
-47
-55
-55
-60
-63
-70
-68
-63
-61
-55
-56
-60
-65
-64
-71
-66
-58
-60
-55
-50
-47
-52
-55
-53
-51
-52
-47
-44
-41
-38
-34
-39
-37
-31
-37
-31
-29
-22
-18
-15
-6
1
2
3
7
13
17
17
27
33
33
41
43
46
46
39
35
40
37
37
37
36
38
47
48
50
52
49
54
57
53
52
50
45
41
35
30
25
23
18
14
11
12
11
7
8
6
0
-4
-4
-1
-4
-5
-5
-9
-13
-21
-23
-24
-25
-25
-26
-32
-33
-35
-40
-38
-33
-39
-38
-36
-39
-34
-34
-39
-40
-31
-32
-36
-32
-33
-23
-22
-17
-12
-12
-6
-6
-6
1
10
18
15
9
11
15
22
29
32
35
40
34
40
38
34
36
41
41
39
36
33
31
24
23
18
22
22
19
16
11
5
1
-2
-8
-8
-7
-6
-6
-4
-7
-10
-4
-12
-11
-14
-15
-19
-21
-17
-23
-24
-22
-17
-18
-13
-12
-10
-9
-3
1
2
11
11
13
16
17
15
12
16
15
12
7
13
8
8
2
-4
-10
-11
-8
-11
-10
-9
-8
-7
-4
-13
-13
-13
-17
-17
-18
-15
-17
-17
-15
-11
-17
-19
-15
-11
-12
-5
-1
8
7
5
7
2
7
12
15
13
5
-2
-6
-7
-9
-8
-5
-2
4
5
6
14
24
22
24
32
31
34
39
36
37
41
38
34
37
40
39
35
34
31
29
28
24
25
22
24
24
21
14
8
-1
-11
-22
-33
-41
-48
-48
-52
-56
-60
-59
-56
-59
-63
-61
-66
-64
-62
-61
-54
-54
-53
-53
-58
-59
-55
-60
-60
-55
-52
-53
-46
-44
-39
-28
-25
-25
-25
-18
-14
-7
-3
7
9
11
17
13
21
19
23
26
30
30
30
32
36
41
39
48
44
56
57
54
54
56
56
66
71
73
77
70
70
70
71
71
75
72
71
70
64
61
57
48
44
38
32
27
21
26
28
25
25
27
19
17
14
10
7
4
-4
-11
-20
-22
-25
-27
-27
-30
-30
-36
-35
-33
-39
-42
-42
-47
-45
-51
-49
-54
-59
-54
-58
-65
-68
-65
-67
-60
-64
-64
-61
-58
-55
-62
-61
-60
-61
-62
-65
-61
-60
-56
-52
-50
-45
-46
-45
-42
-35
-32
-29
-17
-8
3
-3
2
4
4
3
8
15
14
25
30
34
43
47
47
58
59
58
68
67
66
63
58
51
47
44
47
50
45
43
44
46
43
42
43
43
39
35
38
31
29
30
24
22
24
24
27
27
23
22
14
10
12
7
9
7
3
1
4
2
-1
6
6
9
11
10
7
-3
-10
-11
-16
-23
-26
-33
-40
-40
-43
-46
-50
-48
-43
-45
-50
-49
-45
-43
-36
-30
-28
-28
-26
-22
-18
-14
-7
-7
-5
4
10
17
19
20
20
20
15
14
13
15
14
15
20
11
5
9
4
5
7
6
4
0
3
3
9
14
22
28
29
32
34
35
36
42
33
35
33
28
31
29
26
19
10
3
-3
-11
-12
-16
-31
-35
-42
-48
-50
-57
-54
-57
-61
-60
-59
-60
-57
-53
-48
-44
-35
-30
-26
-22
-22
-14
-8
-10
-4
-3
1
3
-5
-8
-13
-13
-13
-16
-16
-14
-9
-12
-21
-15
-10
-11
-15
-21
-18
-16
-18
-15
-13
-13
-13
-14
-6
-4
2
10
12
17
28
26
30
34
38
45
50
52
54
58
56
55
54
56
58
65
63
62
66
63
56
47
40
34
33
30
30
31
28
28
23
15
7
3
-1
2
10
11
11
12
12
5
4
-1
-5
-9
-12
-13
-17
-16
-17
-13
-14
-19
-28
-33
-35
-36
-42
-41
-36
-40
-39
-33
-36
-43
-42
-39
-46
-46
-43
-48
-40
-41
-38
-39
-37
-31
-30
-22
-16
-6
-7
0
2
9
14
13
16
24
25
28
32
28
25
18
18
10
12
15
14
15
17
19
15
22
24
28
28
19
16
13
9
8
14
17
16
14
18
17
22
24
15
11
7
6
3
6
-1
-4
-9
-15
-19
-29
-30
-28
-37
-41
-38
-39
-46
-50
-53
-56
-61
-60
-58
-56
-51
-53
-49
-40
-39
-37
-29
-21
-18
-14
-6
-2
3
7
10
19
18
22
26
26
33
31
34
37
36
40
40
37
41
39
42
44
47
47
39
37
35
34
37
31
33
26
23
25
17
25
26
30
31
27
31
30
28
33
34
30
38
34
32
33
24
24
17
13
12
10
11
1
4
5
-2
-4
-12
-16
-13
-22
-24
-23
-28
-29
-35
-39
-39
-41
-46
-44
-43
-39
-46
-46
-38
-39
-36
-30
-34
-32
-27
-25
-23
-28
-24
-23
-21
-21
-13
-11
-13
-12
-9
-9
-12
-2
-4
0
3
-1
-5
-12
-9
-6
6
8
13
13
17
12
9
13
11
12
12
16
18
20
21
15
13
13
12
10
6
2
1
-9
-11
-16
-16
-18
-22
-21
-28
-33
-30
-29
-33
-24
-26
-23
-22
-25
-15
-15
-9
-5
-9
-8
-8
-8
-7
-11
-8
-7
-6
-3
-15
-9
-10
-4
-1
-1
5
15
12
17
21
19
23
26
24
30
40
45
43
43
50
50
55
60
61
59
59
50
49
44
36
32
29
27
27
28
27
25
20
18
15
16
18
16
15
11
13
16
15
15
10
9
1
-4
-7
-9
-15
-17
-13
-21
-28
-32
-35
-40
-34
-30
-28
-29
-28
-29
-34
-30
-32
-33
-32
-31
-34
-34
-36
-42
-43
-40
-37
-36
-31
-27
-23
-17
-12
-12
-1
3
0
3
1
1
2
4
1
4
-2
-8
-7
-17
-16
-18
-16
-13
-10
-9
-9
-8
-7
-7
-1
5
5
11
9
9
5
6
11
9
6
4
5
4
6
9
14
14
18
12
11
10
10
8
6
11
9
9
6
3
3
3
-1
-1
0
1
1
4
-2
0
2
-2
-3
-1
2
2
5
11
11
12
14
13
13
11
8
16
14
15
19
23
25
24
28
24
21
19
16
14
18
13
19
20
19
17
16
14
12
5
2
-3
-4
-4
-9
-15
-18
-22
-25
-33
-35
-37
-38
-37
-36
-30
-25
-25
-18
-16
-19
-17
-14
-11
-9
-9
-4
1
0
8
7
3
5
2
4
3
-1
1
-1
3
-1
0
6
0
3
3
5
4
4
5
4
0
-3
1
-2
1
2
7
7
3
4
-1
4
6
8
9
10
10
15
15
11
15
9
7
5
3
5
5
6
5
2
5
3
0
1
0
2
2
3
4
3
2
2
-3
2
3
-4
-1
-4
-5
-1
-11
-7
-10
-13
-11
-11
-10
-7
-8
-15
-12
-9
-4
-3
-2
-5
-7
-6
-10
-14
-14
-13
-17
-17
-16
-20
-17
-19
-18
-16
-11
-9
-8
-7
-6
-6
-2
0
2
3
-1
-1
-2
-2
-3
0
0
3
5
7
8
9
9
8
9
11
12
9
11
8
3
3
3
3
6
9
11
12
14
17
17
19
19
19
23
20
22
20
20
19
17
19
13
13
13
14
16
16
16
16
15
10
14
10
12
13
7
7
6
2
1
-3
-7
-13
-12
-16
-16
-21
-22
-25
-31
-26
-28
-24
-25
-23
-22
-19
-19
-18
-20
-17
-11
-15
-11
-8
-7
-7
-11
-11
-10
-12
-10
-7
-11
-7
-7
-7
-7
-10
-13
-13
-11
-11
-8
-6
-5
-3
-5
-2
-3
-3
-3
-1
0
3
5
8
7
7
8
5
1
3
9
7
10
10
15
13
14
16
15
19
17
17
17
22
22
25
20
17
18
15
17
14
12
11
12
11
10
7
7
1
-2
-3
-5
-2
-3
-2
-1
-1
-4
-4
-7
-6
-4
-5
-6
-6
-9
-8
-9
-11
-5
-7
-8
-10
-7
-7
-4
-5
-2
1
-3
0
0
-3
-2
-2
-2
1
-3
-2
0
2
-1
1
4
2
2
5
7
7
7
4
6
8
4
3
3
1
0
-2
-4
-8
-4
-3
-5
-8
-8
-10
-9
-7
-8
-11
-14
-13
-14
-11
-8
-7
-8
-10
-9
-7
-7
-6
-6
-6
-7
-8
-6
-3
-8
-6
-6
-8
-6
-6
-4
-3
-2
-1
0
-1
2
7
12
17
17
19
18
20
21
22
23
23
20
21
22
20
20
20
19
16
15
12
12
12
9
9
10
9
9
6
5
4
3
6
7
6
4
1
-3
-6
-9
-9
-12
-16
-14
-15
-18
-18
-19
-21
-24
-22
-22
-20
-20
-21
-21
-25
-21
-23
-22
-20
-21
-20
-21
-20
-17
-13
-9
-8
-5
-4
-1
0
2
5
2
5
5
10
12
12
15
16
16
18
18
21
19
18
20
20
20
22
20
19
16
13
15
12
12
8
7
9
4
4
-1
-1
-2
-4
-5
-6
-6
-3
-3
-3
-3
-1
0
-1
-1
-3
-1
-5
-4
-3
-3
-5
-4
-5
-4
-5
-8
-8
-9
-8
-7
-6
-5
-4
-6
-9
-10
-13
-14
-11
-11
-8
-10
-6
-5
-4
-5
-5
-3
-5
-4
-3
-3
-2
1
0
0
1
0
-2
-1
0
-1
-1
-1
-1
0
1
-1
1
0
-2
1
1
-2
0
-1
3
1
2
5
2
8
9
11
15
14
13
11
11
13
10
10
11
8
7
9
9
10
13
9
7
3
3
6
6
6
3
0
-1
0
-1
3
4
2
2
2
3
-1
0
4
0
3
3
4
7
9
10
9
11
13
9
7
9
6
5
4
5
2
1
-1
-4
-4
-7
-10
-11
-11
-10
-9
-10
-12
-15
-16
-14
-17
-18
-17
-19
-20
-20
-18
-18
-19
-19
-17
-15
-15
-15
-13
-8
-6
-3
-1
-1
5
4
9
8
8
9
7
10
10
12
14
12
13
13
8
9
11
7
6
8
9
7
4
1
1
0
0
-2
-3
-5
-3
-5
-6
-5
-4
-4
-8
-7
-7
-5
-4
-4
-3
-4
-3
-3
-3
-5
-4
-3
-3
-5
-1
2
2
1
1
-2
-1
-1
-1
-3
-3
-2
-5
-6
-6
-6
-5
-3
-3
-3
-3
-3
-1
1
-1
0
-1
1
2
4
8
9
9
5
8
7
10
11
12
12
10
8
7
5
3
5
6
5
7
7
7
8
8
8
9
9
12
13
14
17
18
18
17
19
19
17
14
13
13
10
7
6
4
2
2
1
0
-3
-4
-4
-6
-5
-9
-10
-8
-9
-10
-9
-12
-13
-14
-14
-14
-15
-13
-16
-16
-15
-16
-15
-16
-18
-18
-18
-16
-15
-18
-18
-17
-18
-18
-19
-19
-21
-21
-22
-22
-22
-19
-17
-18
-14
-15
-12
-11
-9
-8
-8
-7
-6
-1
2
4
6
8
11
13
18
19
24
24
25
28
29
32
31
34
34
35
35
37
38
35
33
32
30
26
24
23
17
18
15
12
9
7
5
3
4
4
1
-3
-5
-9
-12
-11
-13
-13
-14
-16
-20
-20
-22
-23
-23
-21
-21
-22
-21
-22
-21
-22
-18
-17
-13
-14
-15
-15
-15
-17
-17
-14
-13
-13
-12
-8
-8
-5
-5
-5
-2
2
4
6
5
8
4
8
9
11
13
13
11
11
12
10
13
10
12
11
10
8
9
9
6
5
7
8
6
10
8
8
8
9
14
13
15
13
11
10
11
10
9
11
9
7
4
2
-1
-1
1
-2
-1
0
-2
-3
-2
-2
-4
-4
-4
-5
-4
-4
-4
-6
-6
-6
-6
-8
-8
-8
-10
-9
-11
-10
-12
-13
-15
-13
-13
-14
-16
-17
-13
-13
-12
-11
-12
-10
-9
-6
-2
-1
-2
-2
-3
-5
-5
-6
-6
-6
-8
-5
-5
-5
-6
-8
-6
-9
-9
-4
-2
-3
0
2
3
1
1
3
0
4
4
6
4
5
5
5
8
8
8
7
7
5
6
5
5
6
8
8
8
8
10
7
7
8
8
9
10
11
10
9
12
10
9
11
13
13
12
13
10
10
9
9
10
8
10
11
11
10
11
9
6
4
0
1
-1
-4
-5
-7
-10
-9
-12
-12
-12
-12
-8
-11
-9
-6
-5
-6
-4
-3
0
1
1
1
-1
-1
-2
-4
-4
-1
-2
-3
-4
-2
-2
-3
-2
1
0
2
4
6
4
0
-2
-4
-3
-4
-4
-4
-6
-6
-7
-8
-8
-8
-7
-8
-8
-10
-11
-8
-7
-6
-5
-4
-3
-1
-3
-1
2
4
3
5
7
9
9
10
9
10
7
5
4
5
2
4
1
1
3
2
2
-3
0
2
1
1
-1
-1
0
-4
-4
-6
-7
-7
-7
-8
-4
-5
-7
-5
-6
-6
-6
-9
-7
-8
-8
-10
-10
-9
-8
-10
-9
-10
-12
-12
-12
-13
-11
-10
-9
-9
-7
-6
-2
1
4
5
7
10
11
14
13
13
16
14
16
16
16
14
13
13
12
12
14
14
12
16
15
13
13
12
11
10
11
13
13
13
13
10
10
10
8
9
8
7
7
5
8
8
9
8
6
8
5
3
2
3
3
0
0
-3
-5
-6
-6
-8
-9
-10
-11
-13
-14
-14
-15
-17
-17
-18
-17
-17
-19
-18
-17
-20
-17
-16
-14
-13
-13
-13
-11
-9
-11
-10
-9
-7
-4
-3
-5
-2
-4
-7
-7
-7
-5
-4
-3
-3
-3
-6
-5
-3
-2
-3
-1
0
0
1
2
6
5
5
7
5
6
8
8
10
9
10
9
5
8
7
6
8
7
9
9
9
11
11
11
10
12
10
12
12
10
10
10
9
9
8
7
5
4
3
2
2
0
-1
-3
-3
-4
-5
-8
-6
-8
-9
-8
-10
-10
-8
-7
-8
-7
-7
-9
-9
-8
-9
-8
-8
-7
-6
-8
-8
-10
-9
-10
-11
-11
-10
-11
-10
-10
-9
-8
-9
-7
-7
-6
-3
-2
-2
2
3
7
7
8
9
10
12
14
16
19
20
23
21
21
21
18
17
16
14
13
13
11
11
12
11
9
9
8
8
8
9
9
9
6
4
5
4
4
4
5
4
2
-1
0
-3
-5
-5
-7
-6
-5
-6
-8
-8
-8
-7
-8
-8
-7
-8
-8
-6
-7
-6
-7
-8
-7
-8
-8
-8
-8
-10
-11
-12
-12
-11
-12
-12
-11
-11
-12
-13
-11
-12
-11
-12
-10
-8
-9
-10
-9
-9
-6
-6
-8
-5
-6
-4
-5
-6
-6
-6
-6
-5
-4
-2
-3
-1
1
2
4
4
5
6
6
6
7
8
8
7
10
11
10
12
13
13
14
15
16
17
17
17
18
16
14
14
14
12
12
12
13
12
9
8
5
6
4
1
3
2
1
2
1
0
0
2
1
0
-1
-2
-3
-5
-5
-6
-5
-6
-7
-8
-10
-10
-10
-12
-14
-13
-14
-14
-13
-12
-10
-9
-9
-9
-7
-4
-6
-5
-4
-3
-3
-3
-4
-4
-3
-3
-1
-1
1
-1
0
1
1
2
2
3
3
-1
-2
-1
0
2
-1
-2
0
1
2
3
6
8
10
9
10
9
10
11
13
14
15
16
16
13
12
12
9
7
7
7
5
3
0
0
-2
-3
-4
-4
-6
-7
-7
-9
-8
-10
-8
-7
-8
-8
-8
-9
-9
-9
-8
-7
-7
-6
-6
-5
-5
-7
-6
-3
-4
-4
-3
-3
-2
-2
-2
-2
-4
-3
-1
-3
-3
-3
-3
-3
-4
-4
-4
-4
-5
-5
-4
-3
-2
-2
-1
-1
0
-1
0
1
1
1
2
4
4
6
5
6
8
7
8
8
10
10
9
9
9
10
8
9
9
9
10
10
9
8
9
8
9
7
8
8
6
6
6
6
7
5
5
4
1
1
0
0
0
-1
-1
-1
-1
-1
-1
-1
-3
-2
-5
-5
-8
-9
-10
-12
-12
-11
-11
-12
-12
-13
-11
-12
-9
-9
-9
-8
-7
-6
-5
-4
-2
-3
-4
-5
-5
-4
-4
-5
-5
-5
-4
-2
-2
-2
-2
-1
0
1
3
3
3
1
1
-1
-1
0
0
1
0
1
2
1
4
2
1
3
3
4
5
6
7
6
6
5
4
5
3
4
4
4
5
4
4
4
4
3
5
4
6
5
5
6
5
6
7
6
6
6
6
6
5
4
3
4
2
2
2
2
2
1
-2
-2
-1
-1
0
-1
0
-3
-4
-4
-4
-5
-6
-6
-5
-7
-7
-8
-11
-11
-12
-11
-12
-10
-10
-11
-9
-10
-8
-7
-5
-3
-2
0
0
