3
3
2
2
3
3
2
2
2
2
2
2
1
1
1
1
1
2
1
0
1
1
-1
-1
0
0
0
-1
-2
-1
-1
-2
-2
-3
-3
-2
-2
-2
-1
-2
-2
-1
-1
-2
-2
-2
-1
-3
-1
-1
-1
0
-1
-1
-1
-1
-1
0
0
0
-1
0
-1
-1
-1
1
0
1
1
1
0
1
2
2
1
2
1
1
1
1
0
0
1
0
0
0
-1
-1
-1
0
-1
-1
-1
-1
-1
-1
-1
0
-1
-1
-1
0
-1
0
-1
-1
-1
0
0
0
-1
-1
-1
-2
-1
-2
-1
-1
-1
0
0
-1
-2
0
0
-2
-1
-1
-1
0
-1
0
0
0
-1
0
0
-1
-1
-1
-1
1
1
2
2
2
3
1
2
2
2
2
2
2
2
1
2
2
1
2
2
2
1
1
1
1
1
1
2
2
2
1
1
1
0
0
1
0
0
-1
0
1
1
0
1
0
0
1
1
1
2
1
1
1
0
1
0
1
0
0
0
0
0
1
0
0
1
0
1
1
0
1
1
1
0
1
0
0
1
0
0
0
-1
0
-1
-1
0
-1
-1
0
0
-1
-1
-1
-1
-1
-2
0
-1
-1
-1
-1
-2
-2
-2
-2
-2
-2
-1
-2
-1
-2
-1
-2
-1
-1
0
-1
0
0
-1
-1
-2
-1
-1
-1
-1
-2
-1
-3
-2
-2
-2
-2
-3
-3
-3
-3
-3
-3
-2
-3
-1
-2
-2
-2
-2
-2
-3
-2
-2
-2
-2
-2
0
0
0
0
0
2
1
2
1
2
2
2
2
3
4
3
3
4
3
3
2
4
3
3
3
2
3
3
2
2
3
2
2
2
2
1
2
2
1
1
1
0
0
0
1
1
1
2
2
2
1
0
0
0
0
-1
0
-1
-1
-2
-2
-1
-1
-1
-1
0
1
0
-1
-1
0
-1
0
-1
0
0
-1
-1
0
0
0
1
1
0
1
1
1
3
2
4
3
4
3
3
3
4
3
2
2
2
2
1
1
1
1
1
2
2
2
1
1
1
0
0
0
0
0
0
0
-1
-1
-1
-1
-1
-1
-2
-2
-3
-3
-3
-3
-2
-3
-4
-3
-3
-4
-4
-4
-4
-5
-3
-4
-4
-4
-4
-4
-5
-3
-4
-4
-3
-2
-3
-2
-2
-2
0
-1
-1
0
-1
-1
-1
-1
0
0
0
0
0
0
0
-1
1
1
1
2
1
2
2
2
2
3
2
2
2
3
1
1
1
2
2
2
1
1
1
1
1
1
2
1
1
2
1
0
1
1
2
1
1
1
1
1
1
0
0
1
1
0
0
0
0
0
0
1
0
1
1
1
1
2
2
1
2
2
1
1
2
3
2
1
1
1
1
1
1
1
2
2
2
2
3
2
2
3
2
3
2
2
2
2
2
2
2
2
1
3
1
0
0
0
-1
-2
-1
-1
-1
-1
-1
-3
-2
-3
-2
-4
-3
-3
-2
-2
-3
-3
-3
-3
-4
-3
-4
-3
-3
-3
-3
-3
-3
-4
-4
-4
-4
-3
-3
-2
-2
-2
-2
-2
-2
-3
-2
-2
-1
0
1
1
1
1
1
2
1
1
1
1
1
1
1
0
1
1
1
1
1
2
1
1
0
1
0
0
0
0
0
1
0
1
1
0
0
1
-1
0
0
1
0
1
0
0
0
0
0
0
0
-1
0
1
1
0
0
0
-1
-1
-1
0
0
-1
1
0
-1
-1
0
-1
-1
-1
0
0
0
0
1
0
0
0
1
1
1
1
2
1
2
1
1
1
2
2
2
2
4
3
3
3
2
3
3
4
3
2
3
2
3
2
1
1
0
0
1
0
1
0
1
1
-1
0
1
-1
0
-1
-1
0
-1
-1
-1
-2
-1
-2
-2
-2
-2
-3
-3
-2
-3
-2
-3
-2
-2
-1
-2
-2
-1
-1
-2
-1
-1
-2
-1
-2
-1
0
-1
0
0
0
1
0
0
0
0
1
0
0
0
-1
0
-2
-1
-1
0
0
0
0
0
0
1
1
2
1
1
0
1
0
0
-1
0
0
0
0
0
1
0
0
-1
0
0
0
0
0
0
-1
0
0
0
0
0
-1
-1
-1
0
-1
-1
-2
-2
-2
-2
-1
-1
-1
-1
-1
-1
-1
-1
-1
-1
-1
-2
0
-2
-1
0
-1
0
1
1
0
1
1
1
1
1
1
1
2
2
1
2
3
2
2
1
2
3
2
1
2
3
2
2
1
2
1
2
1
2
1
3
2
2
3
2
2
2
2
2
1
1
1
1
2
0
0
0
-1
0
1
-1
1
-1
-1
0
-1
-1
-1
0
-2
-1
0
-1
-2
-1
-1
0
0
0
-1
-1
-1
-1
0
0
0
0
-1
0
-1
0
-2
-2
-2
-2
-1
-1
-2
-1
-2
-1
-2
-1
-2
-1
-1
-1
0
-1
0
0
-1
-1
-1
-2
-1
0
-1
0
0
-1
-1
-1
0
0
-1
-1
-1
0
-1
-1
0
-1
0
-1
0
-1
0
-1
-1
0
-1
-1
-2
-1
0
0
0
0
0
0
0
0
0
0
0
0
1
0
1
0
-1
1
0
0
1
0
1
0
1
2
1
1
1
0
1
1
1
1
1
2
2
2
2
1
1
3
2
2
2
2
2
2
2
2
2
2
2
2
2
1
2
1
2
1
1
1
0
0
0
0
0
0
0
-1
-1
-1
-1
0
0
0
0
-2
-2
-1
-1
-1
-1
0
-1
-1
-1
-1
0
0
0
-1
1
0
0
0
0
0
0
-1
0
-1
0
0
-1
-1
-1
-1
-1
0
1
1
1
1
-1
0
-1
0
0
-1
0
0
0
-1
-1
0
0
-1
-1
-1
-1
0
0
0
0
0
0
0
-1
0
0
0
-1
-1
-1
0
0
0
0
0
0
-1
0
-1
0
0
0
0
0
0
-1
-1
-1
-1
-2
-1
-1
-1
-2
-1
-2
-2
-1
-1
-1
-1
-2
-2
-1
-2
-1
-1
0
0
0
0
0
0
-1
-1
0
0
1
1
1
1
2
2
2
1
1
1
2
1
1
1
2
1
2
1
1
1
1
1
3
2
2
1
1
1
2
3
2
2
1
2
3
1
1
1
1
1
1
0
0
0
0
0
0
-1
0
0
-2
-1
-1
-1
-2
-1
0
-1
-2
0
-2
-1
-1
-1
-1
0
-1
0
1
0
0
0
1
0
0
0
0
0
-1
0
-1
-1
-1
-1
-2
-1
-1
-1
-1
-1
-1
-2
-1
-1
1
0
1
1
1
2
2
1
2
2
2
1
1
1
1
1
0
1
0
0
1
0
1
1
0
0
0
1
1
0
0
0
0
0
-1
-1
0
-1
0
-1
0
0
-1
-1
0
-1
0
-1
-1
-1
0
0
0
-1
0
-1
-2
-2
-2
-3
-2
-2
-2
-2
-4
-3
-4
-3
-3
-3
-4
-3
-2
-2
-2
-2
-1
-2
-2
-1
-1
0
1
1
0
1
1
1
0
0
0
-1
0
-1
0
-1
0
-1
-1
-1
-1
0
-1
-1
0
1
0
0
1
1
2
2
1
2
2
3
3
3
3
2
3
3
2
2
4
3
2
2
3
3
3
2
2
2
2
2
3
4
4
3
3
3
4
3
3
3
3
3
3
2
3
1
2
3
1
2
1
1
1
1
0
0
-1
-1
-2
-2
-3
-3
-1
-3
-3
-3
-3
-4
-4
-5
-6
-5
-6
-6
-7
-6
-6
-6
-6
-6
-7
-7
-7
-6
-4
-5
-5
-3
-3
-3
-2
-2
-2
0
0
1
1
1
1
2
2
2
3
3
5
5
5
6
6
6
5
6
8
6
6
8
8
8
8
8
8
8
8
6
6
5
5
5
5
4
3
3
2
2
1
1
0
1
-1
-1
-1
-3
-4
-4
-4
-4
-5
-6
-6
-6
-8
-7
-8
-8
-9
-10
-10
-10
-11
-11
-11
-11
-11
-11
-11
-12
-12
-12
-12
-11
-12
-12
-11
-11
-10
-10
-10
-9
-9
-9
-8
-8
-7
-6
-5
-4
-2
-1
0
1
2
3
5
6
7
10
10
12
13
15
17
18
20
22
21
23
24
25
25
26
25
27
26
25
25
25
24
23
23
22
21
21
19
17
15
13
11
8
7
4
2
-1
-4
-7
-8
-10
-13
-14
-16
-19
-21
-22
-23
-24
-24
-26
-25
-25
-25
-23
-24
-23
-21
-20
-18
-17
-17
-15
-14
-12
-10
-9
-9
-7
-7
-7
-7
-6
-7
-8
-8
-10
-10
-12
-13
-15
-16
-18
-18
-20
-18
-18
-18
-16
-14
-13
-11
-9
-7
-4
0
3
8
10
14
19
23
26
32
35
40
44
46
51
55
57
58
60
60
61
60
59
57
54
51
46
41
35
30
26
21
15
10
5
-2
-8
-15
-21
-27
-34
-40
-44
-49
-52
-55
-58
-61
-63
-62
-62
-59
-56
-54
-52
-47
-45
-41
-37
-34
-29
-26
-22
-17
-14
-10
-7
-3
0
2
3
6
9
11
11
11
9
8
3
0
-4
-7
-13
-17
-22
-27
-30
-31
-33
-33
-33
-31
-26
-22
-15
-10
-4
3
9
18
25
31
37
43
47
55
60
66
72
77
83
88
92
97
99
100
101
101
99
96
89
84
76
67
57
46
35
24
15
5
-4
-14
-24
-31
-38
-45
-50
-55
-60
-66
-68
-70
-70
-73
-75
-76
-76
-73
-71
-66
-61
-56
-50
-44
-37
-32
-27
-21
-16
-13
-11
-10
-8
-9
-10
-10
-12
-13
-14
-15
-17
-17
-19
-20
-20
-20
-19
-18
-18
-18
-17
-18
-20
-26
-30
-35
-40
-47
-53
-59
-63
-65
-64
-64
-62
-58
-51
-41
-29
-18
-6
7
19
32
44
55
65
70
77
84
90
95
99
104
108
113
119
126
130
133
138
143
145
146
144
141
134
125
115
101
85
68
51
32
13
-7
-23
-38
-52
-61
-72
-82
-88
-94
-99
-101
-101
-104
-105
-105
-105
-105
-101
-99
-97
-93
-87
-81
-73
-63
-52
-44
-33
-23
-12
0
9
19
28
34
37
37
38
37
34
29
24
18
11
5
-1
-7
-12
-19
-24
-29
-34
-40
-44
-47
-52
-53
-57
-58
-56
-54
-48
-43
-34
-25
-18
-11
-3
2
4
4
1
-3
-6
-9
-14
-16
-15
-13
-9
-2
5
12
21
32
42
56
67
74
82
87
89
89
85
79
74
68
61
59
58
58
58
61
65
69
75
79
84
87
92
93
91
85
74
61
45
29
8
-9
-27
-43
-55
-69
-80
-84
-91
-94
-98
-101
-103
-106
-106
-108
-110
-113
-116
-120
-122
-121
-118
-112
-106
-95
-83
-70
-56
-39
-21
-5
9
22
33
43
50
55
56
56
53
50
45
41
35
29
25
22
21
21
21
22
22
24
25
26
26
28
31
34
40
47
51
56
60
63
66
64
54
38
18
-2
-20
-43
-67
-89
-107
-115
-116
-114
-113
-114
-109
-101
-83
-65
-51
-36
-26
-16
-8
-2
3
1
0
-1
3
11
21
33
44
60
81
105
126
150
166
186
203
214
217
214
205
189
170
146
119
84
52
17
-14
-46
-74
-97
-115
-129
-139
-143
-147
-149
-148
-147
-146
-143
-142
-141
-144
-143
-140
-132
-120
-105
-90
-72
-49
-22
11
43
73
98
121
145
163
176
179
179
174
167
159
143
124
107
89
70
54
33
13
-4
-18
-36
-50
-66
-83
-98
-113
-128
-136
-141
-148
-150
-150
-142
-133
-122
-110
-94
-79
-62
-47
-40
-41
-50
-58
-66
-73
-89
-112
-132
-136
-132
-122
-115
-108
-99
-86
-58
-24
9
40
57
72
91
107
119
124
121
118
112
113
118
121
124
124
137
162
191
212
223
237
249
260
265
262
246
221
191
160
128
93
49
1
-51
-94
-132
-160
-185
-205
-210
-209
-197
-187
-175
-162
-147
-133
-121
-103
-88
-75
-66
-49
-27
-8
16
29
51
75
101
131
155
172
181
187
196
196
182
163
136
104
72
39
10
-21
-54
-82
-110
-128
-150
-166
-173
-182
-179
-176
-170
-161
-150
-126
-106
-86
-59
-42
-15
7
30
51
60
49
6
-37
-65
-94
-135
-195
-259
-303
-305
-288
-263
-244
-237
-215
-174
-105
-32
27
67
92
120
149
167
181
179
166
149
127
125
125
130
133
137
165
216
251
274
288
301
319
342
345
317
272
224
170
113
54
-21
-106
-183
-239
-279
-302
-327
-337
-327
-298
-261
-227
-188
-152
-117
-79
-38
0
29
36
40
58
80
115
139
163
179
210
270
328
368
390
393
386
392
393
363
307
238
170
107
66
5
-60
-125
-186
-231
-269
-286
-309
-335
-354
-369
-364
-364
-369
-378
-381
-368
-342
-303
-270
-235
-177
-121
-61
0
49
91
120
125
90
29
-65
-118
-177
-272
-397
-504
-549
-537
-492
-456
-423
-397
-338
-224
-106
28
136
228
315
384
443
469
478
474
457
413
369
339
324
310
298
300
320
373
430
463
489
505
519
541
518
463
384
287
181
60
-33
-145
-261
-354
-439
-472
-499
-486
-460
-391
-312
-248
-163
-79
14
87
148
201
238
249
233
227
232
259
298
308
310
293
299
297
295
281
245
198
122
52
-14
-88
-174
-265
-347
-419
-470
-515
-557
-571
-574
-577
-581
-567
-538
-524
-483
-438
-387
-336
-297
-249
-196
-130
-88
-22
33
104
183
237
297
344
382
349
218
61
-121
-191
-249
-369
-592
-807
-853
-775
-659
-591
-542
-487
-367
-159
76
297
451
537
631
739
817
779
742
663
603
543
453
424
404
413
386
377
426
530
610
632
605
578
577
577
492
367
204
29
-101
-243
-360
-514
-615
-695
-688
-637
-583
-508
-422
-267
-77
64
174
243
285
306
309
319
312
264
160
84
32
61
89
81
49
15
52
111
183
177
144
81
51
52
45
-9
-130
-250
-327
-347
-344
-363
-406
-446
-454
-403
-384
-368
-390
-428
-429
-429
-381
-362
-377
-380
-373
-324
-255
-189
-162
-109
-41
73
216
340
439
485
390
176
-89
-235
-283
-377
-646
-1013
-1180
-1065
-774
-545
-414
-345
-194
89
455
799
1024
1114
1180
1273
1378
1296
1104
884
699
550
332
159
15
-10
-43
-70
-48
45
187
270
291
264
286
324
291
171
-24
-218
-351
-464
-536
-598
-653
-663
-605
-442
-250
-103
-21
114
308
469
528
493
420
324
199
96
12
-76
-224
-381
-462
-408
-263
-147
-93
-76
-28
79
232
340
336
260
184
133
115
105
28
-106
-224
-283
-264
-242
-280
-363
-426
-458
-472
-472
-490
-530
-571
-583
-532
-453
-366
-318
-271
-167
3
168
307
428
542
677
827
980
1086
1006
620
114
-272
-336
-392
-657
-1218
-1624
-1571
-1137
-654
-419
-311
-208
53
495
930
1253
1294
1179
1090
1082
1044
747
438
101
-59
-202
-315
-331
-248
-82
-17
47
195
487
687
673
489
253
162
145
-16
-285
-621
-855
-898
-809
-650
-554
-466
-345
-70
234
461
535
469
476
462
395
259
56
-191
-433
-550
-551
-457
-401
-441
-438
-317
-17
279
510
555
508
529
627
779
755
618
384
205
129
132
132
-7
-242
-435
-481
-429
-415
-507
-671
-791
-802
-730
-581
-513
-499
-498
-397
-186
36
147
130
157
202
322
449
502
505
453
514
642
810
897
863
505
-57
-630
-886
-869
-970
-1407
-2004
-2196
-1831
-1108
-543
-288
-236
-85
345
945
1415
1592
1430
1256
1221
1322
1182
815
435
154
87
-13
-39
-53
-17
-37
-124
-159
-47
94
64
-173
-496
-671
-608
-538
-602
-712
-776
-613
-302
97
433
603
649
662
795
892
823
509
200
10
-89
-176
-314
-423
-505
-520
-409
-193
82
224
224
209
354
632
817
802
588
432
370
481
530
449
262
8
-121
-146
-140
-223
-449
-716
-865
-842
-723
-667
-732
-832
-777
-632
-395
-177
-75
-52
-42
47
194
292
252
119
45
86
236
355
417
428
446
565
737
872
800
265
-523
-1283
-1521
-1454
-1513
-2000
-2577
-2504
-1727
-671
80
454
617
868
1322
1838
2162
2082
1639
1202
919
844
539
195
-163
-362
-398
-419
-294
-98
143
113
-87
-247
-161
11
-89
-505
-926
-1026
-728
-434
-268
-223
-64
293
786
1220
1399
1359
1119
887
704
494
150
-370
-826
-1046
-1064
-896
-802
-670
-569
-281
73
488
799
846
721
551
536
650
696
580
305
138
187
397
549
453
199
-147
-280
-335
-370
-629
-1006
-1304
-1379
-1184
-903
-628
-475
-347
-129
188
574
796
761
538
303
200
123
-12
-260
-501
-610
-545
-314
-73
111
179
270
465
740
919
884
284
-749
-1759
-2225
-2017
-1852
-2117
-2634
-2542
-1528
59
1291
1890
1874
1820
1947
2259
2351
1966
1131
351
-10
-16
-60
-277
-391
-364
-124
-5
155
323
454
260
-264
-782
-919
-804
-794
-1027
-1260
-1052
-353
459
1006
1272
1361
1540
1727
1778
1518
984
238
-453
-872
-1049
-1162
-1279
-1294
-998
-450
209
700
921
1014
982
925
860
773
440
-41
-445
-526
-209
186
376
301
234
326
509
564
273
-308
-959
-1376
-1490
-1424
-1305
-1269
-1138
-767
-192
473
998
1208
1085
865
659
469
228
-225
-765
-1172
-1269
-1118
-840
-614
-447
-259
40
420
700
797
679
465
362
346
326
-3
-900
-2009
-2722
-2438
-1680
-1233
-1363
-1471
-776
655
1936
2570
2365
1771
1210
959
998
889
509
-64
-349
-144
304
493
585
591
577
352
-79
-348
-457
-589
-1098
-1744
-1829
-1263
-462
40
206
481
1043
1745
2095
2004
1577
1034
555
191
-120
-448
-768
-1054
-1070
-701
-188
117
240
366
588
808
791
537
165
-161
-401
-468
-262
-78
-19
-102
-48
223
707
911
639
110
-330
-480
-510
-580
-856
-1149
-1208
-935
-360
206
525
576
559
653
817
924
756
284
-326
-719
-830
-762
-737
-895
-1102
-1097
-856
-522
-287
-238
-258
-189
13
272
534
624
600
584
667
784
789
122
-1055
-2164
-2491
-1901
-1339
-1279
-1499
-1181
63
1479
2426
2590
2052
1309
656
460
354
192
-264
-644
-556
-25
549
902
1044
1011
843
341
-201
-508
-679
-985
-1645
-1985
-1539
-564
405
885
1149
1480
1947
2189
1985
1332
436
-337
-826
-1018
-1066
-1033
-912
-664
-96
506
878
911
695
482
301
75
-269
-645
-843
-853
-617
-49
417
745
709
557
438
483
437
-2
-618
-1171
-1279
-1030
-586
-269
-100
50
231
634
990
1107
799
319
-66
-262
-211
-219
-335
-605
-856
-941
-823
-653
-713
-963
-1207
-1201
-922
-559
-267
-93
146
471
861
1167
1283
1157
948
783
674
595
260
-747
-2078
-2927
-2587
-1458
-721
-703
-862
-229
1089
2157
2577
2016
1023
-45
-615
-508
-132
276
336
579
1088
1734
2019
1840
1322
544
-413
-1595
-2252
-2203
-1778
-1536
-1485
-830
419
1783
2420
2327
1903
1449
957
294
-379
-1108
-1517
-1554
-1091
-339
442
976
1065
1058
943
737
151
-618
-1199
-1389
-1175
-900
-465
27
453
741
889
1009
881
381
-476
-1185
-1338
-976
-520
-289
-136
145
686
1163
1368
1169
640
-8
-517
-524
-224
60
74
-32
39
326
545
384
-166
-971
-1679
-2092
-2039
-1729
-1337
-954
-529
101
824
1410
1549
1263
811
440
174
-14
-79
-32
152
391
674
895
370
-874
-2291
-2762
-2095
-1462
-1416
-1713
-1232
155
1615
2482
2462
1834
860
-16
-301
-126
329
531
611
816
1204
1585
1594
1222
467
-521
-1723
-2491
-2445
-1769
-1135
-883
-389
590
1777
2409
2247
1638
829
77
-566
-982
-1157
-1179
-1004
-484
389
1277
1725
1544
1038
516
17
-597
-1223
-1583
-1497
-1070
-479
183
752
1070
1037
792
523
290
-142
-739
-1179
-1133
-534
182
711
1007
1105
1069
974
884
711
320
-277
-725
-659
-114
455
603
376
51
-167
-346
-651
-1087
-1543
-1889
-1992
-1622
-907
-165
311
512
713
872
925
762
516
248
62
-22
61
288
576
686
648
567
598
226
-1130
-2768
-3720
-2932
-1590
-802
-694
-498
451
1523
2136
2093
1348
195
-1016
-1420
-780
388
1401
1897
2167
2159
1812
1012
86
-865
-1863
-2981
-3564
-2838
-1118
558
1284
1507
1894
2259
1978
974
-158
-929
-1404
-1476
-1074
-130
912
1562
1832
1889
1747
1088
-69
-1258
-2029
-2251
-2162
-1689
-764
388
1229
1476
1422
1212
697
-222
-1170
-1534
-1115
-373
156
530
1064
1704
2040
1796
1141
280
-576
-1156
-1173
-645
16
417
549
740
1016
1039
542
-406
-1340
-1940
-2178
-2030
-1499
-777
-251
33
261
575
770
571
100
-276
-390
-343
-190
125
539
867
849
638
473
444
361
6
-231
-266
-106
-656
-1925
-3075
-2961
-1614
-558
-327
-567
-202
662
1340
1558
1452
958
41
-773
-703
240
1346
1988
2068
1757
1183
368
-378
-783
-1001
-1385
-1974
-1867
-707
911
1733
1483
974
709
504
50
-364
-465
-375
-209
129
782
1371
1428
929
353
35
-264
-733
-1257
-1335
-936
-412
-127
64
366
667
613
215
-142
-314
-369
-455
-393
80
677
873
636
366
354
404
291
86
30
86
149
263
492
713
583
25
-619
-895
-793
-725
-875
-1025
-936
-708
-552
-478
-354
-285
-390
-522
-428
-104
229
437
556
668
650
429
116
-65
-51
-77
-254
-358
-100
314
583
475
339
-17
-1091
-2649
-3698
-2874
-1175
20
150
235
1010
1771
1763
1095
440
-46
-599
-1039
-612
712
2185
2947
2741
1857
626
-676
-1579
-1876
-1596
-1302
-1004
-210
1016
2021
1980
1290
562
-111
-955
-1697
-1533
-389
827
1366
1248
1169
1124
743
-76
-923
-1226
-1198
-961
-580
117
757
833
467
85
9
-96
-279
-411
-218
210
418
436
360
401
201
-374
-886
-816
-183
408
769
1009
1215
1127
652
15
-400
-555
-657
-701
-604
-198
278
470
268
-216
-721
-1212
-1459
-1256
-777
-249
119
425
765
911
635
137
-242
-400
-517
-670
-578
-69
593
865
651
320
193
183
101
-56
-152
-224
-1006
-2264
-3199
-2457
-750
382
334
-26
457
1118
1157
463
-103
-256
-406
-536
-272
660
1783
2422
2381
1632
492
-780
-1505
-1439
-815
-306
-183
184
933
1565
1095
-20
-789
-861
-786
-896
-604
280
1209
1473
1135
749
461
-71
-903
-1523
-1162
-346
163
201
309
625
520
-69
-526
-311
234
482
542
641
682
339
-297
-684
-587
-397
-513
-541
-41
949
1607
1522
1057
617
188
-480
-986
-957
-406
89
302
391
471
385
-35
-592
-955
-1061
-1028
-885
-487
99
455
379
96
2
-18
-253
-565
-527
-42
373
289
-13
-89
130
176
-73
-277
4
464
713
561
297
-94
-1086
-2463
-3361
-2558
-800
506
686
543
965
1337
840
-409
-1305
-1341
-994
-503
252
1403
2397
2723
2393
1567
470
-799
-1581
-1384
-346
689
1046
1000
902
723
74
-737
-1058
-834
-605
-558
-87
916
1710
1498
349
-744
-1264
-1261
-998
-522
207
803
930
696
574
435
-47
-643
-723
-29
787
1159
1043
721
240
-491
-1130
-1356
-1072
-618
-224
287
899
1335
1091
346
-369
-659
-674
-716
-506
51
777
1125
979
524
-64
-634
-1037
-1081
-838
-474
-194
22
213
330
148
-251
-558
-583
-418
-372
-312
-28
290
285
-138
-579
-580
-186
226
348
326
371
474
453
238
-83
-465
-1132
-2007
-2422
-1551
202
1385
1151
129
-421
-388
-419
-861
-1159
-805
-52
668
1228
1676
1889
1714
1291
722
124
-405
-591
-214
482
1092
1221
1048
616
24
-723
-1190
-887
-173
271
146
14
276
551
350
-225
-671
-772
-721
-460
43
654
900
610
200
46
76
-53
-219
-45
538
1079
1160
798
231
-462
-1180
-1503
-1199
-598
-188
2
230
594
715
407
-111
-398
-355
-172
-32
119
379
643
737
617
371
-11
-446
-690
-567
-232
-42
-51
-18
50
25
-228
-538
-624
-485
-421
-567
-674
-462
-42
215
109
-143
-164
81
329
352
229
53
38
67
170
294
334
272
-103
-762
-1441
-1347
-377
526
434
-468
-1001
-779
-415
-451
-678
-527
-102
329
608
910
1192
1225
983
590
414
437
512
497
482
520
516
432
281
120
-111
-467
-649
-454
-98
30
-110
-205
-167
-157
-422
-719
-783
-567
-240
30
333
577
659
608
528
554
544
397
156
97
310
478
330
-148
-608
-862
-904
-816
-573
-201
154
358
334
256
241
249
136
-19
-12
167
403
502
541
590
476
180
-190
-309
-214
-126
-166
-149
74
208
71
-314
-710
-887
-867
-702
-473
-173
184
460
611
545
218
-292
-680
-700
-432
-159
-24
149
441
658
661
503
436
445
378
105
-328
-672
-786
-654
-488
-513
-753
-1044
-1093
-798
-389
-171
-241
-355
-271
28
302
411
430
469
533
548
549
611
665
578
391
374
624
890
755
216
-316
-497
-401
-366
-491
-705
-749
-578
-357
-189
-122
-49
127
364
500
525
593
698
765
735
670
621
454
180
-79
-157
-159
-313
-521
-615
-530
-405
-282
-24
282
322
16
-294
-238
144
431
446
364
369
474
554
519
369
147
-69
-137
-23
78
36
-146
-287
-303
-360
-490
-596
-557
-336
-94
46
85
76
66
26
-100
-312
-488
-551
-489
-381
-245
-64
99
222
255
202
144
168
246
258
142
10
-103
-303
-669
-979
-918
-527
-228
-278
-509
-569
-463
-380
-409
-465
-409
-322
-243
-52
306
725
935
811
582
352
246
194
218
347
498
544
376
44
-347
-570
-551
-427
-395
-421
-272
-12
221
267
240
385
617
776
737
677
810
1068
1263
1219
1027
813
625
412
131
-97
-229
-311
-400
-531
-619
-584
-421
-132
50
2
-181
-294
-190
-3
120
82
6
-16
71
233
368
355
160
-62
-183
-211
-296
-461
-549
-459
-241
-142
-181
-219
-181
-124
-201
-288
-349
-321
-334
-383
-412
-420
-391
-336
-197
-51
23
-8
-23
1
24
9
-19
76
193
264
297
337
373
244
-113
-493
-669
-577
-370
-258
-225
-266
-367
-492
-502
-247
80
242
138
18
135
483
784
745
430
88
-60
32
227
342
249
1
-237
-353
-365
-356
-336
-275
-108
71
201
220
129
-9
-48
100
425
726
848
886
943
1108
1201
1082
760
384
99
-72
-179
-313
-399
-358
-277
-272
-345
-359
-239
-119
-152
-230
-180
30
230
266
212
208
242
252
224
169
32
-175
-294
-297
-218
-207
-238
-208
-105
8
-56
-171
-281
-381
-470
-513
-420
-265
-167
-195
-240
-209
-183
-257
-418
-450
-357
-217
-176
-200
-112
35
124
127
176
309
386
331
282
371
471
361
86
-71
-88
-209
-557
-822
-708
-338
-199
-424
-647
-541
-154
213
411
436
378
297
263
232
115
-114
-260
-179
79
272
267
199
192
249
244
214
183
58
-149
-338
-354
-173
48
148
205
336
580
790
861
831
766
744
643
432
175
84
115
86
-44
-210
-244
-205
-239
-287
-207
2
120
-15
-245
-259
6
347
465
316
103
-95
-180
-245
-312
-347
-358
-294
-177
-48
36
66
34
1
-82
-233
-385
-497
-442
-253
-81
54
141
174
121
9
-111
-269
-434
-534
-478
-312
-207
-215
-242
-201
-122
-82
-64
21
166
286
330
354
419
453
369
244
166
165
100
-35
-139
-189
-295
-588
-773
-608
-142
250
235
-23
-201
-170
-33
-7
-151
-392
-653
-692
-369
150
462
415
207
130
178
153
-5
-200
-317
-332
-254
-162
-65
8
102
291
587
817
778
496
178
69
206
376
451
414
362
371
393
385
283
99
-112
-253
-247
-70
147
336
414
362
232
145
178
216
135
-32
-157
-149
-28
25
-81
-230
-261
-162
-64
-16
45
131
122
39
-15
-8
37
-22
-124
-143
10
227
313
224
26
-126
-246
-409
-532
-529
-444
-406
-481
-504
-398
-277
-238
-295
-233
-28
150
190
132
151
201
202
144
104
113
67
-41
-122
-100
-91
-237
-435
-442
-190
93
134
-61
-236
-256
-183
-183
-393
-716
-911
-778
-288
309
651
595
255
-48
-145
-104
-80
-124
-191
-200
-141
22
236
366
350
255
228
260
226
94
1
72
288
431
432
354
298
294
283
243
203
155
107
91
103
235
436
579
579
451
310
257
236
187
101
30
-32
-110
-193
-259
-231
-130
1
76
67
-98
-274
-303
-183
-38
20
16
-16
-55
-35
66
223
310
265
127
31
-3
-83
-236
-403
-470
-457
-440
-483
-503
-461
-314
-171
-81
-61
-50
-42
-2
106
214
289
232
127
67
83
69
-71
-287
-429
-390
-256
-151
-36
139
315
364
254
64
-139
-363
-549
-618
-617
-564
-393
-95
252
391
215
-36
-188
-175
-98
-39
0
-14
-86
-135
-118
-59
-41
-59
-64
-4
94
120
62
-16
-19
48
96
72
55
99
214
339
390
348
233
116
86
171
339
522
645
694
683
640
607
571
485
320
106
-43
-37
54
63
-13
-65
-25
74
119
58
-54
-149
-209
-172
-54
69
102
-26
-129
-67
109
273
251
132
34
28
53
-37
-252
-449
-513
-438
-299
-212
-213
-291
-360
-394
-368
-354
-376
-376
-304
-106
108
209
149
5
-142
-290
-455
-587
-599
-460
-249
-77
58
199
268
241
117
-16
-67
-101
-179
-281
-282
-196
-94
-19
5
-23
-122
-207
-204
-105
28
50
-23
-127
-159
-109
-56
-38
-63
-134
-169
-96
35
76
-4
-110
-62
115
242
242
183
178
242
284
235
148
82
86
180
361
578
760
824
731
585
440
370
341
341
363
340
317
276
261
252
230
191
138
115
131
166
189
164
100
27
-28
-3
51
42
-54
-166
-169
-61
46
19
-97
-177
-171
-135
-118
-133
-163
-189
-201
-227
-238
-246
-278
-302
-308
-281
-238
-180
-143
-124
-146
-248
-406
-508
-510
-486
-516
-578
-536
-299
-12
123
66
22
89
197
217
134
35
-26
-87
-192
-260
-277
-197
-53
74
151
172
146
93
-2
-126
-233
-299
-335
-388
-394
-296
-110
36
8
-121
-196
-143
-68
-55
-110
-138
-69
51
137
113
38
-31
-35
11
87
156
217
291
417
534
602
545
421
346
313
299
274
270
298
337
334
302
275
254
264
309
364
450
486
498
434
345
253
161
113
108
133
102
56
5
-4
4
30
18
-57
-104
-100
-57
-58
-92
-139
-141
-106
-136
-162
-180
-204
-226
-251
-235
-200
-171
-179
-188
-231
-320
-476
-640
-716
-715
-671
-630
-572
-426
-191
45
190
267
294
296
303
237
87
-45
-97
-83
-55
-58
-62
-8
79
158
145
15
-125
-194
-204
-209
-236
-220
-158
-81
-48
-45
-24
-59
-170
-281
-269
-126
16
68
29
-21
4
69
110
104
30
-88
-132
-43
66
157
167
137
125
136
149
137
134
122
115
124
163
197
172
92
19
9
85
158
228
267
357
458
473
479
447
410
362
316
312
328
298
181
46
-19
16
105
159
178
180
151
125
121
111
59
-50
-122
-117
-65
-34
-42
-76
-110
-127
-157
-156
-140
-136
-183
-321
-480
-614
-689
-717
-691
-624
-495
-313
-120
49
151
196
178
116
87
100
87
20
-72
-73
13
97
87
50
52
63
2
-116
-214
-251
-251
-264
-295
-287
-234
-163
-118
-118
-145
-174
-189
-180
-144
-89
-31
-9
-45
-70
-77
-33
33
67
101
107
110
92
64
21
-11
-5
-9
-27
-70
-104
-114
-117
-134
-165
-189
-188
-104
-1
62
132
215
327
427
472
480
492
476
440
432
463
501
489
461
455
454
421
356
274
226
232
289
349
379
403
400
353
260
173
104
61
44
88
145
170
145
65
-29
-127
-219
-293
-358
-394
-480
-601
-668
-644
-546
-460
-422
-413
-363
-237
-122
-67
-84
-108
-112
-76
-18
-15
-76
-188
-218
-153
-55
-25
-73
-98
-78
-64
-102
-168
-256
-324
-327
-279
-229
-216
-249
-262
-233
-176
-176
-231
-295
-345
-342
-239
-64
67
132
115
135
204
261
250
198
146
126
144
150
128
104
74
8
-65
-146
-196
-224
-248
-277
-306
-329
-295
-190
-83
-15
46
107
194
290
357
374
336
317
342
423
513
570
523
415
325
287
273
252
216
208
265
381
485
565
572
490
347
243
236
301
380
413
425
435
423
356
237
108
-15
-136
-195
-218
-238
-299
-367
-377
-354
-340
-329
-310
-286
-246
-186
-109
-58
-81
-169
-266
-255
-182
-187
-265
-331
-296
-229
-221
-241
-265
-254
-239
-253
-246
-229
-215
-244
-273
-228
-172
-171
-222
-289
-321
-317
-325
-343
-354
-329
-243
-149
-68
-45
-49
-51
-20
30
73
124
185
252
311
341
338
302
202
74
-66
-166
-205
-186
-145
-141
-199
-257
-252
-192
-102
-34
9
30
40
81
174
260
308
322
330
329
347
345
309
240
197
192
233
261
269
310
356
393
390
374
348
315
253
217
240
335
428
477
506
513
472
374
244
123
62
-7
-74
-116
-142
-158
-183
-189
-178
-169
-167
-162
-136
-134
-147
-165
-179
-206
-255
-296
-298
-255
-240
-288
-309
-265
-210
-214
-251
-268
-237
-197
-185
-151
-114
-72
-78
-118
-145
-142
-144
-189
-225
-252
-266
-328
-388
-400
-342
-261
-213
-173
-171
-177
-179
-140
-98
-74
-29
61
168
239
275
287
293
241
147
52
-13
-56
-74
-39
18
29
-52
-164
-199
-123
-14
71
111
133
142
169
194
204
206
184
152
94
78
103
152
181
161
140
114
125
159
215
280
293
281
243
219
256
322
386
434
445
434
412
408
405
340
237
139
97
95
103
109
80
43
6
-8
-9
-15
-51
-115
-123
-100
-58
-51
-86
-147
-217
-239
-230
-186
-189
-244
-294
-324
-312
-327
-382
-409
-406
-332
-251
-201
-135
-67
4
19
-52
-124
-181
-242
-287
-303
-261
-228
-247
-290
-292
-246
-172
-177
-243
-284
-262
-205
-127
-71
-30
14
58
107
170
217
202
145
28
-56
-92
-71
-27
-11
10
11
17
14
15
48
81
124
151
167
163
150
132
120
158
200
208
191
152
97
83
97
120
103
29
-6
-10
30
52
22
18
26
65
131
198
273
351
383
394
364
337
304
246
211
169
140
113
106
129
156
164
163
124
129
157
166
167
148
132
103
96
80
43
-7
-55
-57
-54
-71
-124
-181
-226
-282
-351
-396
-381
-338
-262
-208
-178
-136
-95
-79
-91
-138
-187
-230
-258
-247
-184
-128
-106
-111
-150
-174
-184
-173
-206
-251
-310
-323
-253
-154
-73
0
34
33
15
4
34
44
35
-27
-97
-111
-100
-86
-82
-94
-107
-119
-118
-104
-62
-21
13
50
96
142
163
176
166
182
218
238
223
148
86
73
93
107
82
49
22
26
39
36
-5
-87
-137
-126
-63
-11
39
61
62
63
83
125
148
140
120
115
128
149
165
171
161
165
176
207
288
326
320
291
279
302
329
322
281
237
193
153
140
130
92
47
-37
-88
-87
-78
-86
-121
-126
-109
-98
-115
-143
-154
-148
-138
-162
-196
-203
-201
-200
-183
-154
-159
-201
-254
-289
-268
-238
-243
-271
-268
-240
-204
-165
-138
-127
-98
-76
-61
-45
-41
-22
-35
-65
-107
-162
-197
-190
-177
-156
-129
-123
-118
-135
-129
-98
-56
-49
-74
-86
-67
-10
58
108
151
174
164
178
206
242
287
296
270
225
187
175
160
115
47
-10
-47
-53
-8
33
43
36
36
52
66
67
48
-5
-31
-59
-79
-76
-44
19
83
138
172
212
248
293
299
279
250
237
252
260
248
231
220
180
142
145
160
155
109
76
79
97
106
83
90
97
97
72
33
5
0
-16
-32
-53
-67
-95
-144
-152
-147
-172
-239
-307
-370
-388
-374
-353
-349
-354
-355
-353
-315
-269
-236
-209
-179
-143
-120
-100
-92
-91
-99
-147
-204
-246
-240
-214
-202
-194
-177
-146
-127
-129
-122
-93
-65
-80
-101
-92
-35
38
94
129
152
167
160
179
223
283
306
281
247
223
209
196
183
175
153
134
121
139
192
236
230
184
130
74
35
-18
-57
-58
-37
-16
-45
-71
-68
-22
27
39
57
89
101
104
102
122
141
157
166
165
183
188
172
140
101
100
92
65
31
11
31
46
61
97
134
147
135
112
131
152
150
138
114
95
64
20
-12
-45
-93
-142
-191
-213
-228
-253
-293
-320
-340
-337
-330
-320
-278
-238
-194
-153
-141
-153
-197
-236
-239
-214
-213
-227
-241
-244
-218
-173
-153
-157
-176
-216
-236
-212
-141
-92
-80
-98
-79
-16
48
85
93
93
106
119
151
197
241
246
205
159
149
173
182
170
169
196
215
215
182
163
161
142
113
82
71
62
70
64
50
40
40
28
-11
-26
-15
5
15
19
15
25
54
78
100
103
107
106
97
80
76
79
67
60
52
40
32
33
41
41
48
48
42
59
74
67
53
47
47
54
72
66
63
66
70
57
19
-37
-77
-109
-150
-167
-175
-189
-210
-226
-232
-226
-196
-154
-109
-65
-45
-59
-99
-153
-199
-199
-169
-162
-174
-179
-177
-158
-148
-161
-176
-180
-194
-199
-175
-98
-6
33
37
15
12
27
33
45
68
69
95
136
187
233
244
230
187
136
101
75
62
51
57
70
91
114
147
167
171
149
107
71
50
50
40
29
29
25
17
1
-31
-40
-14
17
15
0
-6
-8
11
21
4
8
12
14
19
30
39
35
15
20
35
48
52
37
34
48
52
42
70
108
124
121
103
91
104
116
101
72
56
34
31
15
-30
-80
-122
-143
-154
-145
-142
-110
-90
-89
-105
-126
-121
-101
-84
-85
-83
-96
-111
-121
-105
-77
-58
-80
-153
-225
-256
-244
-227
-216
-213
-221
-216
-175
-104
-37
-12
-26
-35
-17
8
31
30
25
53
71
75
75
74
70
42
-3
-29
-38
-22
10
23
50
83
114
132
116
103
103
105
94
76
60
75
131
156
156
153
140
114
69
51
57
72
84
78
64
61
66
68
66
60
68
52
36
36
36
54
62
67
71
76
80
75
68
72
83
90
104
124
147
139
108
94
84
70
52
15
-9
-21
-27
-39
-56
-58
-63
-92
-135
-173
-197
-191
-169
-122
-97
-99
-111
-104
-81
-63
-62
-75
-81
-78
-83
-90
-82
-103
-143
-196
-222
-202
-169
-149
-135
-138
-140
-119
-95
-62
-58
-68
-72
-31
10
53
55
42
50
67
84
84
70
40
25
-2
-23
-42
-43
-16
-1
-6
-4
13
32
33
6
-12
6
24
54
72
84
92
90
94
87
70
30
-5
-18
-7
22
39
28
26
23
38
49
48
48
29
7
-2
8
44
74
97
107
113
124
129
122
107
99
73
76
92
125
162
174
151
107
83
88
98
88
68
45
38
31
16
-2
-16
-53
-91
-116
-129
-104
-80
-58
-61
-74
-68
-69
-59
-48
-46
-47
-66
-94
-91
-94
-79
-91
-119
-134
-158
-162
-163
-158
-137
-132
-144
-154
-133
-87
-59
-34
-42
-43
-15
3
16
-4
-24
-26
-23
-19
-13
1
5
-3
-19
-23
-8
14
12
-5
-12
11
28
35
34
38
42
48
51
48
42
29
38
60
84
93
70
24
-2
8
37
51
53
35
34
41
63
96
97
81
65
52
55
80
107
144
157
158
175
174
180
172
171
172
167
178
175
175
161
129
79
35
19
22
41
28
5
-10
-17
-45
-73
-100
-134
-160
-181
-206
-183
-131
-103
-112
-142
-147
-135
-136
-138
-142
-131
-124
-155
-183
-183
-176
-178
-198
-225
-227
-211
-191
-172
-161
-154
-137
-112
-73
-30
8
21
18
10
1
-12
-11
-14
-8
14
41
49
38
18
11
18
0
-25
-39
-32
-6
20
38
47
56
53
34
37
45
58
60
48
53
67
105
126
116
87
51
39
40
48
54
58
76
98
105
115
106
95
86
64
65
80
88
112
146
163
187
187
173
173
176
186
202
212
227
212
201
209
200
168
110
60
32
38
44
46
22
6
-21
-40
-66
-103
-110
-122
-113
-100
-85
-71
-62
-63
-81
-111
-129
-128
-115
-98
-89
-101
-122
-170
-196
-209
-220
-240
-255
-251
-242
-223
-210
-191
-181
-173
-158
-141
-105
-82
-59
-63
-68
-76
-85
-80
-94
-76
-58
-20
2
-9
-38
-49
-29
-23
-37
-60
-65
-49
-16
9
16
15
6
-15
-28
-20
10
45
49
51
48
67
97
97
80
46
22
28
63
105
136
142
143
138
126
131
136
123
110
104
112
128
147
171
183
184
186
184
178
170
165
184
198
210
197
189
183
167
153
127
102
73
44
30
21
13
-8
-42
-67
-81
-91
-92
-88
-89
-90
-95
-82
-68
-54
-70
-98
-106
-117
-121
-130
-114
-108
-114
-130
-161
-169
-179
-203
-224
-230
-211
-187
-170
-165
-150
-112
-87
-71
-77
-77
-67
-37
-9
-10
-17
-16
-8
-10
22
50
48
37
9
0
10
36
33
26
30
46
58
68
74
61
37
9
-8
-7
6
21
11
-6
-15
-15
-5
4
24
31
24
39
59
79
86
87
84
60
33
30
32
32
33
14
0
11
29
27
27
28
39
42
38
28
37
64
83
104
124
149
163
153
140
125
96
78
41
13
0
2
5
10
9
-6
-24
-42
-30
-18
-12
-19
-12
-6
-6
-4
-13
0
15
17
10
-2
-6
-19
-56
-94
-121
-128
-148
-165
-193
-196
-167
-148
-122
-107
-83
-62
-47
-47
-59
-84
-87
-77
-48
-14
-2
-5
-6
-2
5
10
-14
-55
-69
-67
-45
-20
-13
-20
-31
-22
-21
-16
-29
-35
-54
-67
-43
-21
-5
-11
-40
-59
-57
-23
22
44
56
66
91
88
86
88
88
92
77
74
79
106
109
85
60
37
45
59
60
52
47
59
71
84
105
139
158
163
172
176
190
189
178
158
118
108
93
72
60
50
43
39
31
31
32
12
-15
-26
-23
-22
-28
-44
-42
-37
-23
-10
2
-7
-26
-39
-64
-80
-96
-112
-124
-128
-134
-138
-138
-144
-155
-148
-137
-119
-107
-99
-100
-93
-78
-79
-85
-82
-68
-49
-23
-20
-26
-27
-27
-15
-14
-31
-58
-76
-74
-54
-23
-20
-20
-35
-58
-76
-88
-82
-74
-64
-73
-69
-71
-64
-54
-67
-77
-76
-64
-33
2
27
44
59
59
57
47
43
52
46
35
25
31
36
44
41
39
37
42
54
55
52
46
56
64
80
110
138
157
164
163
172
180
185
167
140
129
122
125
122
103
91
80
80
94
98
95
81
70
62
61
62
68
64
50
37
46
62
55
30
-4
-32
-36
-39
-52
-72
-85
-83
-81
-75
-69
-74
-86
-88
-90
-99
-99
-95
-88
-77
-74
-73
-74
-71
-64
-62
-53
-61
-66
-70
-79
-89
-98
-103
-102
-94
-86
-83
-74
-70
-71
-76
-94
-105
-102
-103
-126
-143
-155
-162
-162
-149
-138
-126
-101
-73
-43
-10
21
42
52
46
47
47
54
72
77
83
89
94
90
94
82
59
51
55
43
32
41
47
62
79
89
107
121
129
134
129
125
137
143
141
137
128
117
103
102
104
97
97
99
108
99
83
67
43
43
50
54
61
67
66
52
36
15
-6
-22
-47
-60
-66
-66
-66
-64
-72
-94
-94
-88
-77
-77
-92
-96
-96
-86
-80
-80
-71
-59
-52
-59
-65
-63
-53
-50
-44
-55
-73
-72
-77
-76
-70
-61
-62
-68
-76
-66
-58
-55
-54
-57
-60
-68
-61
-73
-85
-82
-85
-86
-85
-93
-98
-98
-79
-54
-24
-11
2
14
22
39
39
44
44
57
79
99
107
107
107
102
91
86
87
86
78
77
73
68
67
74
80
81
91
88
86
80
69
63
64
48
31
34
39
41
42
55
58
51
52
59
67
70
59
54
46
59
81
82
77
61
45
41
39
36
25
10
-4
-7
-3
-12
-14
-33
-43
-48
-48
-45
-45
-48
-56
-54
-50
-45
-44
-40
-39
-40
-43
-53
-59
-68
-72
-76
-73
-74
-89
-93
-96
-89
-80
-76
-86
-95
-108
-107
-93
-77
-71
-71
-67
-66
-77
-91
-105
-106
-106
-105
-95
-84
-77
-76
-73
-72
-72
-60
-49
-26
-8
-5
10
15
24
43
55
56
60
64
79
91
100
109
114
112
104
110
119
127
132
126
128
126
125
123
116
110
103
83
75
68
66
62
50
47
42
40
26
19
21
20
28
25
26
28
29
27
32
30
27
23
8
10
7
7
-9
-18
-24
-24
-20
-25
-32
-41
-41
-45
-34
-19
-24
-34
-37
-48
-51
-42
-34
-24
-21
-13
-18
-29
-30
-27
-38
-40
-44
-45
-42
-46
-44
-46
-48
-53
-57
-57
-60
-47
-26
-23
-29
-24
-25
-33
-44
-53
-59
-57
-51
-46
-43
-46
-42
-42
-31
-34
-36
-29
-34
-24
-26
-19
-13
-15
-13
4
9
23
27
30
29
29
44
44
51
54
72
86
102
120
116
114
116
114
113
101
86
70
60
45
30
23
14
-1
-4
-11
-17
-23
-38
-41
-39
-31
-21
-10
-13
-21
-23
-23
-20
-15
-21
-24
-26
-28
-33
-35
-35
-33
-17
-3
8
3
9
6
-1
8
14
16
17
19
21
12
16
24
26
38
53
51
41
31
27
25
15
10
3
-6
-8
-19
-21
-20
-26
-37
-37
-45
-45
-41
-43
-41
-40
-31
-35
-29
-36
-52
-46
-36
-36
-36
-47
-56
-50
-47
-41
-37
-47
-49
-51
-62
-65
-65
-65
-59
-45
-37
-26
-9
-5
-16
0
4
18
31
32
39
41
61
74
89
111
115
115
114
105
101
100
88
85
82
79
68
61
51
46
48
40
35
24
18
12
19
21
11
-6
-6
-7
-8
-12
-9
-20
-25
-23
-20
-22
-28
-18
-17
-15
-17
-21
-19
-19
-17
-11
-10
-2
-5
-1
16
27
25
23
30
35
33
33
27
14
-2
-10
-17
-22
-29
-42
-54
-65
-62
-47
-49
-68
-70
-84
-87
-75
-62
-60
-55
-48
-40
-40
-33
-26
-36
-40
-44
-36
-31
-15
-5
8
14
14
10
4
-8
-21
-27
-25
-13
-6
1
0
-9
-9
-15
-25
-28
-22
-8
-3
2
6
10
24
30
44
47
44
53
50
51
47
45
53
52
47
42
30
31
34
18
6
1
-3
-12
-10
1
0
3
8
1
-3
7
16
12
-1
-7
-5
6
17
12
11
13
16
30
38
47
48
46
50
58
61
51
47
56
69
80
83
79
89
81
71
71
57
51
44
37
36
29
15
-9
-25
-48
-57
-66
-76
-84
-94
-108
-110
-102
-96
-92
-102
-100
-104
-91
-92
-89
-75
-64
-57
-55
-61
-56
-42
-34
-28
-26
-31
-41
-45
-54
-54
-57
-58
-52
-52
-43
-20
-13
-13
-21
-27
-30
-31
-14
-6
5
13
20
30
49
61
65
64
63
76
87
93
94
90
83
79
71
72
63
57
51
49
53
58
64
61
61
66
60
51
48
45
40
40
37
27
26
25
13
10
3
-2
-3
-9
-10
-13
-22
-25
-30
-26
-30
-28
-34
-27
-14
-6
-1
1
1
9
12
9
7
6
8
-2
-6
-20
-32
-39
-53
-59
-64
-79
-91
-97
-94
-81
-66
-61
-56
-69
-81
-85
-84
-73
-69
-72
-62
-50
-42
-27
-25
-17
-1
7
7
1
1
-3
-9
-14
-13
-13
-10
-5
-7
-9
-3
9
15
13
14
20
20
29
39
50
62
62
71
74
73
79
78
78
80
78
78
92
95
89
79
74
71
62
57
46
31
27
20
17
17
20
23
24
29
28
28
17
11
10
1
-5
-13
-9
-7
-14
-14
-10
-9
-14
-14
-9
-19
-16
-8
-10
-4
-5
-6
2
11
22
23
25
30
19
13
17
12
14
15
7
8
7
2
-18
-28
-33
-38
-43
-37
-51
-60
-61
-59
-61
-62
-75
-89
-100
-108
-108
-105
-106
-106
-101
-102
-89
-87
-83
-83
-86
-84
-86
-66
-62
-52
-43
-41
-29
-30
-22
-15
-16
-10
0
5
-1
8
16
18
23
28
41
45
60
60
64
73
80
86
83
75
74
77
75
82
85
81
74
73
60
47
52
52
51
52
49
57
64
60
38
23
18
16
25
27
23
17
18
18
13
8
1
-5
-6
8
13
15
11
4
0
6
9
5
6
1
-2
1
2
12
11
15
12
7
18
7
5
-1
-14
-14
-12
-14
-17
-25
-32
-28
-27
-23
-32
-29
-23
-21
-14
-18
-12
-16
-23
-29
-37
-35
-31
-29
-26
-33
-39
-40
-35
-33
-42
-46
-49
-45
-40
-28
-23
-26
-24
-25
-22
-20
-20
-22
-15
-7
2
8
11
6
2
10
14
13
18
22
24
23
24
22
13
4
1
3
11
11
5
2
-7
-6
-7
-15
-16
-15
-11
-14
-6
-4
-6
-7
-6
-1
5
7
-3
-4
-6
-1
4
8
6
-2
-1
-14
-10
5
7
16
23
33
38
46
45
44
47
49
48
43
45
40
39
35
26
25
22
16
17
20
27
31
26
20
18
15
14
8
0
-9
-10
-3
-3
-5
-4
-8
-4
-1
-6
-9
-13
-10
-12
-6
-14
-15
-18
-23
-32
-36
-42
-63
-65
-60
-53
-52
-53
-57
-61
-58
-53
-50
-47
-56
-60
-57
-52
-46
-40
-28
-22
-10
4
8
15
20
16
16
17
12
9
12
22
22
29
34
29
25
22
27
20
19
21
19
31
44
53
62
62
55
53
54
59
54
50
47
39
44
43
45
42
38
38
40
46
43
42
43
35
25
25
20
20
18
20
22
14
6
8
3
-10
-15
-22
-20
-25
-33
-27
-24
-26
-28
-31
-31
-42
-46
-45
-47
-49
-47
-41
-47
-45
-42
-47
-50
-48
-52
-50
-45
-38
-33
-30
-32
-26
-24
-22
-22
-21
-14
-18
-18
-23
-30
-26
-29
-35
-35
-33
-22
-24
-28
-31
-33
-31
-32
-29
-27
-25
-16
-8
-10
-6
-8
0
-5
-6
-5
-9
-4
-1
-8
-3
-1
-3
-3
-4
3
6
10
15
29
28
34
29
34
40
37
36
27
24
23
25
19
20
27
27
34
39
40
41
42
57
60
66
66
73
78
71
76
70
83
85
85
83
82
81
78
73
64
58
51
56
53
50
48
39
42
44
37
31
23
19
16
7
3
-3
-12
-19
-27
-41
-48
-44
-50
-51
-57
-62
-67
-64
-62
-62
-66
-73
-75
-76
-81
-87
-82
-84
-84
-82
-81
-83
-90
-88
-90
-85
-79
-75
-69
-72
-65
-57
-49
-48
-41
-25
-19
-18
-20
-24
-26
-29
-34
-25
-21
-26
-24
-33
-29
-19
-13
-15
-9
-1
1
4
5
10
13
17
30
31
35
38
39
37
37
38
36
41
49
58
63
64
62
61
59
54
55
62
62
61
62
64
70
70
67
56
49
50
57
56
58
68
58
49
43
41
35
34
36
31
26
22
18
9
7
10
14
9
1
-4
-13
-23
-24
-27
-24
-25
-31
-34
-36
-38
-41
-41
-36
-36
-40
-37
-29
-29
-25
-24
-26
-22
-37
-36
-30
-25
-18
-16
-22
-18
-17
-15
-12
-18
-14
-12
-12
-8
2
-3
-6
-17
-27
-30
-37
-35
-40
-42
-41
-44
-46
-44
-46
-48
-47
-43
-39
-32
-24
-15
-9
-5
0
3
7
0
1
5
8
6
6
6
12
11
5
3
2
7
10
20
25
32
35
40
48
49
45
42
44
49
47
51
47
44
43
40
39
37
37
35
35
31
34
30
30
31
30
31
24
20
12
3
2
6
10
6
4
12
4
1
2
-1
-8
-5
-6
-7
-4
-8
-5
-9
-10
-9
-13
-8
-16
-20
-26
-30
-35
-35
-39
-45
-41
-41
-41
-43
-46
-46
-37
-30
-27
-15
-11
-6
-14
-21
-15
-14
-9
-10
-8
-13
-9
-13
-22
-29
-40
-50
-51
-52
-48
-47
-53
-44
-39
-34
-30
-26
-22
-24
-26
-21
-10
-9
-9
-7
-2
3
13
13
12
18
24
25
29
37
34
35
42
50
62
64
64
68
64
65
74
75
74
77
75
64
58
49
37
28
26
23
20
20
19
8
10
12
6
2
7
8
7
8
15
15
9
14
15
10
5
5
-1
-5
3
2
7
14
9
6
7
9
2
4
-2
-1
-5
-7
-9
-17
-17
-17
-21
-27
-18
-17
-17
-16
-12
-8
-14
-9
-12
-18
-11
-7
-3
2
1
2
-9
-15
-22
-31
-35
-43
-43
-45
-41
-46
-46
-51
-55
-60
-65
-65
-64
-63
-70
-69
-70
-73
-69
-68
-63
-57
-56
-56
-52
-57
-56
-48
-45
-35
-34
-31
-18
-8
3
15
22
26
33
40
44
51
53
55
62
62
60
53
57
53
54
50
45
44
44
39
42
44
39
39
28
29
32
35
40
43
54
54
51
46
43
44
44
46
44
48
45
51
55
48
56
54
41
44
43
44
52
51
39
31
14
9
8
4
2
-7
-5
-14
-21
-26
-30
-39
-41
-37
-42
-43
-42
-36
-35
-32
-34
-34
-32
-29
-32
-39
-47
-44
-43
-48
-48
-48
-47
-46
-46
-54
-53
-43
-37
-39
-36
-29
-27
-26
-28
-32
-26
-30
-32
-40
-42
-41
-42
-38
-38
-35
-42
-37
-33
-22
-16
-3
11
16
22
25
35
38
33
38
45
42
56
61
57
49
40
35
32
30
23
28
25
26
29
30
29
22
21
17
18
18
19
14
15
9
13
13
16
13
9
9
10
12
8
13
16
22
20
27
21
21
27
20
13
14
6
3
6
7
9
8
-2
-14
-19
-23
-27
-24
-22
-20
-10
-7
-13
-11
-21
-31
-36
-35
-30
-30
-25
-28
-28
-31
-36
-37
-37
-34
-30
-26
-30
-25
-18
-11
-8
-9
-7
-13
-13
-9
-8
-8
-9
-9
-14
-15
-19
-20
-22
-20
-17
-15
-12
-14
-9
-5
-6
-6
-2
-1
2
8
17
20
27
33
35
33
32
42
41
39
40
42
40
46
48
47
46
36
32
24
22
20
14
17
13
9
8
6
12
4
12
11
9
14
16
18
17
15
12
9
8
8
11
18
15
17
17
22
23
22
18
11
6
-5
-1
3
0
-2
-4
-4
-4
-12
-15
-15
-22
-21
-20
-17
-14
-23
-24
-27
-37
-38
-41
-41
-44
-46
-46
-49
-46
-44
-44
-46
-42
-36
-37
-33
-26
-20
-19
-15
-11
-9
-4
-6
-5
-10
-9
-14
-15
-16
-16
-16
-24
-22
-22
-20
-22
-15
-10
-6
-2
-1
2
5
11
9
17
19
24
26
29
35
35
36
38
41
39
35
40
35
35
39
34
34
28
23
21
23
19
17
20
18
22
20
17
18
13
9
10
12
11
12
13
7
-2
0
-5
-4
-1
-5
-1
-3
0
4
2
3
-4
-8
-13
-15
-14
-7
-5
-6
-4
-4
-10
-9
-11
-10
-11
-11
-8
-9
-7
-3
-5
-8
-6
-15
-18
-13
-13
-11
-13
-11
-12
-12
-12
-13
-12
-15
-19
-13
-11
-6
-5
-8
-6
-3
-2
0
-8
-3
-6
-8
-6
-8
-6
-7
-6
-10
-7
-5
-3
1
3
1
9
6
8
11
8
7
7
13
12
13
12
13
14
15
18
20
19
21
21
17
20
19
19
17
16
20
24
24
25
20
13
8
8
10
6
2
0
-1
-3
-3
-7
-9
-13
-13
-12
-7
-6
-6
-11
-12
-10
-11
-12
-9
-10
-14
-15
-19
-17
-11
-7
-7
-6
-10
-5
-8
-7
-6
-7
-6
-13
-14
-15
-16
-17
-17
-15
-14
-11
-14
-14
-14
-13
-14
-19
-13
-11
-6
-2
-2
-3
-7
-8
-8
-5
-4
-5
-6
-9
-4
-3
-3
0
0
-6
-4
-3
-3
-3
-4
-3
-3
1
0
3
1
5
8
11
12
13
14
13
16
17
19
19
18
21
19
20
23
22
20
24
22
22
24
22
18
14
14
16
20
19
15
12
9
14
15
15
15
17
22
14
18
18
19
17
13
16
13
14
13
12
5
6
0
-3
-8
-5
-7
-14
-15
-11
-15
-17
-14
-16
-20
-25
-20
-22
-27
-24
-23
-20
-19
-20
-20
-19
-18
-17
-21
-19
-15
-13
-12
-3
-1
-1
3
5
6
5
4
-1
1
1
2
0
-5
-2
-4
-3
-2
-6
-5
-5
-8
-9
-8
-8
-8
-6
-7
-9
-9
-11
-10
-11
-11
-10
-11
-12
-11
-14
-13
-11
-8
-9
-7
-7
-8
-10
-11
-12
-9
-8
-8
-4
-4
-3
0
1
2
4
3
2
6
9
11
13
17
13
15
17
18
17
17
22
16
20
18
20
20
17
19
14
16
16
14
16
14
10
15
17
13
14
14
11
9
3
5
3
2
3
-1
1
-3
-6
-5
-3
-5
-7
-7
-7
-9
-10
-8
-12
-10
-11
-10
-10
-9
-12
-8
-9
-11
-7
-11
-3
-2
-2
1
1
3
-1
-2
2
4
9
10
9
9
7
6
4
2
5
2
3
2
0
0
-3
-3
-2
-5
-4
-3
-3
-6
-8
-6
-9
-7
-5
-6
-1
-2
1
3
1
1
0
0
3
5
4
6
6
4
6
8
9
6
7
9
4
6
8
8
11
10
11
9
7
7
9
11
11
8
7
6
4
4
3
6
4
2
-4
-2
-6
-8
-7
-10
-10
-12
-11
-12
-11
-17
-19
-20
-23
-25
-24
-21
-21
-22
-21
-21
-19
-20
-22
-19
-22
-22
-24
-21
-20
-21
-16
-15
-13
-13
-10
-12
-11
-6
-3
-4
-3
2
2
5
6
5
9
11
9
9
13
13
11
10
4
5
4
2
4
5
5
10
10
11
13
12
11
13
16
16
18
16
22
23
20
22
19
19
19
17
17
19
19
20
17
14
17
13
10
12
12
10
11
14
13
11
10
10
14
14
13
13
17
17
13
14
12
8
7
9
10
8
9
6
4
3
1
1
-2
-4
-5
-4
-3
-3
-3
-3
-2
-3
-8
-8
-10
-8
-10
-13
-11
-10
-9
-12
-15
-17
-23
-25
-26
-26
-29
-27
-26
-25
-25
-26
-28
-28
-29
-30
-28
-29
-30
-28
-28
-28
-26
-26
-22
-18
-15
-16
-16
-13
-11
-9
-8
-9
-10
-10
-6
-8
-6
-2
-3
4
4
4
5
4
5
5
5
8
13
13
14
18
15
11
12
14
16
16
17
16
17
19
19
18
18
19
15
18
20
19
18
20
23
21
20
19
17
16
15
15
15
16
13
12
12
13
12
14
14
14
11
11
9
7
5
4
4
-2
-1
1
-1
-6
-4
-4
-5
-4
-3
-2
-3
-2
1
1
0
-2
-4
-4
-5
-6
-7
-11
-10
-11
-11
-12
-11
-11
-13
-11
-12
-11
-13
-13
-10
-13
-13
-12
-12
-12
-15
-16
-17
-17
-15
-15
-12
-11
-9
-9
-11
-10
-12
-9
-10
-12
-7
-5
-1
-3
-1
-2
-1
-1
-4
1
6
10
11
16
14
13
15
17
18
20
19
19
18
16
16
13
12
10
10
10
6
5
7
6
4
6
7
8
8
8
7
5
4
5
4
3
1
3
1
2
4
1
4
4
6
5
4
6
3
1
2
0
1
0
-1
-4
-5
-7
-7
-8
-8
-8
-5
-8
-8
-7
-9
-12
-12
-12
-14
-16
-15
-13
-11
-15
-12
-12
-13
-13
-18
-15
-17
-12
-13
-12
-12
-13
-15
-18
-14
-15
-14
-13
-13
-12
-10
-11
-11
-10
-6
-7
-3
-2
0
3
2
3
2
2
2
4
4
7
10
10
9
7
12
12
10
11
11
14
15
16
18
15
14
12
14
12
13
12
13
14
15
15
16
17
19
21
20
23
22
20
21
21
18
19
20
18
19
19
19
16
15
13
12
12
11
9
7
7
2
2
-1
-2
-5
-5
-4
-7
-7
-8
-10
-13
-12
-12
-10
-11
-11
-12
-13
-14
-13
-16
-15
-17
-17
-17
-16
-15
-18
-18
-19
-17
-18
-19
-14
-13
-14
-12
-15
-15
-14
-15
-12
-13
-12
-13
-9
-10
-10
-9
-8
-8
-7
-6
-7
-7
-8
-7
-8
-6
-6
-5
-5
-4
-3
-5
-2
2
1
-1
3
3
3
5
5
5
7
4
5
9
5
3
6
5
9
8
8
7
7
7
5
5
4
6
4
3
2
5
3
4
5
2
3
3
4
4
6
7
8
9
7
7
9
14
14
12
13
12
10
10
8
5
7
9
10
7
8
7
7
5
4
6
7
7
7
9
9
7
7
8
8
7
6
6
6
7
6
5
4
3
1
1
-1
-2
0
-2
-2
-2
-2
-4
-8
-9
-11
-11
-10
-9
-9
-7
-8
-8
-11
-12
-14
-13
-13
-17
-13
-14
-17
-16
-15
-13
-13
-13
-11
-13
-11
-12
-13
-13
-12
-10
-8
-7
-6
-5
-4
-4
-5
-4
-2
-1
0
1
4
4
5
5
6
6
5
6
6
5
7
6
6
8
8
10
9
8
8
8
7
8
9
7
7
6
6
5
5
5
8
9
9
9
8
8
9
8
7
4
5
2
2
-1
1
0
1
0
-1
-1
-3
-2
-4
-5
-5
-4
-1
-1
1
0
-1
-1
-1
0
-2
-1
0
-3
-1
-4
-4
-5
-5
-7
-8
-8
-8
-9
-10
-7
-9
-9
-11
-14
-13
-12
-9
-8
-7
-8
-8
-10
-8
-5
-5
-2
-3
-2
2
1
-1
2
4
4
6
6
5
6
7
7
12
10
10
10
8
9
9
10
10
8
7
8
6
8
8
8
9
9
7
6
6
4
3
4
3
2
0
1
2
2
2
2
3
1
0
-1
-1
-1
0
2
1
1
0
0
0
2
0
0
1
2
2
3
3
2
1
0
1
0
-1
-2
0
-1
0
3
1
2
2
1
1
2
1
1
2
1
-1
-2
-5
-7
-8
-7
-8
-8
-6
-7
-7
-9
-9
-11
-11
-10
-10
-11
-11
