2
2
1
1
1
1
2
1
1
0
0
1
0
0
0
0
1
2
3
2
2
3
1
1
0
0
-1
-1
0
-1
-2
-3
-2
-3
-3
-3
-2
-3
-1
-1
-1
-1
-1
-1
-1
-1
-1
-1
-3
-2
-3
-2
-3
-3
-3
-4
-4
-3
-3
-4
-4
-3
-5
-4
-4
-4
-3
-3
-2
-3
-2
-3
-2
-2
-1
-1
-2
-2
-1
1
1
1
1
1
1
-1
1
1
2
2
0
0
1
1
2
1
1
1
2
1
2
1
2
1
0
0
1
1
1
0
0
0
0
-1
-1
-2
-2
-2
-2
-2
-1
-1
-1
0
-1
-1
0
-1
0
-1
0
1
0
1
1
1
1
1
1
1
2
3
2
4
3
3
4
5
4
4
4
3
3
4
3
3
3
3
1
1
1
1
2
2
1
1
1
0
2
1
1
2
2
2
2
1
0
1
0
-1
-1
-1
-1
-1
-2
-2
-2
-2
-1
-1
-2
-1
-1
-1
-1
0
1
-1
-2
-1
-1
0
0
-1
-1
-1
-1
-2
-3
-4
-4
-3
-2
-3
-4
-3
-3
-3
-4
-4
-4
-2
-2
-3
-2
-2
-2
-2
-2
-2
-2
-3
-2
-2
-3
-2
-2
-1
-1
-1
-1
-1
-2
-1
-1
1
1
0
0
-1
-1
-2
-1
1
0
1
2
2
2
2
1
1
2
3
3
2
4
4
2
2
3
3
3
4
4
3
4
4
3
5
4
4
5
4
5
4
4
4
4
4
3
4
2
2
0
2
2
1
0
0
0
-1
-1
-1
-2
-2
-1
-3
-2
-3
-2
-3
-2
-2
-1
-2
-3
-2
-2
-1
-1
-1
-2
-3
-2
-3
-2
-3
-2
-3
-3
-2
-2
-1
-3
-3
-3
-3
-2
-2
-4
-2
-2
-1
-2
-2
-3
-1
-1
-2
-2
0
-1
-2
-1
-1
-1
-1
0
0
0
0
1
0
1
1
0
1
0
1
0
0
1
0
1
1
2
0
0
2
2
2
4
3
3
3
2
3
3
4
4
3
2
3
2
2
1
1
1
1
0
0
0
1
1
0
0
0
-1
-1
-2
-1
-2
-3
-2
-3
-3
-2
-2
-2
-2
-2
-1
-1
0
-1
-1
-1
-1
-1
-1
-1
0
1
1
1
1
1
2
3
2
2
2
1
1
2
2
1
2
0
2
2
2
1
1
0
1
0
0
1
1
0
1
1
0
1
1
1
0
0
1
0
1
1
0
0
2
0
1
0
0
1
0
0
0
-1
0
-1
-3
-3
-3
-4
-2
-3
-3
-3
-4
-4
-4
-4
-4
-3
-3
-2
-2
-2
-1
-1
-1
0
0
0
-2
-1
0
0
0
0
0
0
0
1
0
1
1
1
1
1
1
1
1
0
0
0
-1
1
1
1
1
1
1
0
0
0
1
0
1
1
2
3
3
3
2
4
4
5
2
3
3
3
4
4
3
3
2
2
2
1
0
0
0
0
-1
-1
-1
0
-1
-1
-1
-1
-1
-2
-2
0
-1
-1
0
0
-1
0
0
-1
-1
-1
0
-1
-1
0
1
0
0
0
0
0
0
-1
0
1
0
1
0
0
0
-1
-2
-1
-1
-1
0
-1
-1
0
-1
-1
-1
0
-1
-1
-1
0
0
-1
0
-1
-1
-2
-2
-3
-3
-2
-3
-2
-2
-3
-4
-3
-3
-3
-3
-2
-2
-2
-2
-2
-1
0
0
1
-1
1
0
0
0
0
1
1
1
2
2
2
2
3
2
2
2
3
3
2
3
2
2
3
3
3
3
2
1
1
2
0
0
0
0
-1
-1
-1
-1
-1
0
0
0
0
0
0
1
0
-1
-1
0
-1
0
0
1
1
1
-1
0
-1
-2
-1
-1
-1
-1
-2
-1
-2
-2
-2
-1
0
-1
0
1
1
1
1
1
2
2
1
1
0
1
2
1
1
1
0
1
-1
0
0
0
0
0
-1
-1
-1
-2
-2
-2
-2
0
-1
0
0
-1
0
1
0
1
0
1
2
2
3
3
4
5
5
5
4
4
5
4
4
5
2
3
2
1
1
1
0
1
0
-1
-1
-2
-2
-2
-2
-2
-2
-2
-3
-2
-2
-3
-3
-2
-2
-3
-3
-3
-2
-3
-4
-4
-3
-4
-4
-4
-3
-3
-5
-4
-4
-5
-4
-3
-4
-3
-2
-3
-2
-1
-1
-1
-1
-1
-1
-1
0
1
1
0
0
-1
0
0
-1
0
-1
0
-1
0
0
0
1
1
0
1
1
0
0
0
1
2
1
2
1
1
1
2
2
1
3
4
3
2
3
3
3
3
4
4
5
4
4
4
4
5
4
4
4
4
4
4
5
6
6
5
5
5
4
4
3
3
2
1
0
0
-1
-3
-2
-4
-2
-3
-2
-2
-3
-5
-5
-4
-5
-4
-4
-4
-4
-3
-4
-4
-3
-2
-2
-3
-1
-1
-1
-1
-2
-1
-1
0
1
0
1
1
0
0
1
0
1
1
1
0
1
1
0
0
0
-1
-1
-1
-1
-1
-1
-2
-2
-2
-2
-2
-1
-2
-1
-1
-1
-1
-1
-2
-1
-1
-2
-1
-2
-1
-1
0
-2
-2
0
0
-1
0
-1
-1
-1
0
0
0
0
-1
-2
0
0
-1
0
0
0
1
2
2
2
2
3
2
3
2
2
1
0
-1
-1
-1
0
0
0
-1
0
0
-1
-1
-1
0
-1
0
0
1
0
0
1
1
1
1
1
2
2
2
1
1
1
1
0
0
0
1
0
-1
0
0
2
3
2
2
2
3
3
2
4
3
3
3
1
2
1
1
2
1
1
0
-1
1
1
-1
0
1
0
0
-1
-1
-1
-2
-2
-2
-1
-2
-1
-2
-2
-2
-1
-2
0
-1
0
-1
0
1
-1
-1
-1
-1
-1
-1
0
0
0
0
-1
-1
0
0
0
0
-1
0
0
0
0
-1
-2
-1
0
1
0
0
0
1
0
-1
0
0
0
0
0
0
1
1
1
0
1
0
1
0
0
0
0
1
0
0
0
0
1
0
1
0
1
1
1
0
0
1
0
0
0
1
1
0
0
0
1
-1
-1
0
0
0
-1
-1
-2
-1
-1
-2
-2
-1
-2
-2
-2
-3
-2
-3
-2
-2
-3
-3
-3
-3
-3
-4
-3
-3
-3
-3
-1
-1
-3
-2
-4
-3
-2
-2
-1
-1
0
-1
0
-1
-1
-1
0
-1
-1
0
0
2
2
2
2
2
4
4
3
4
3
4
4
4
5
5
4
5
4
5
5
6
7
6
5
5
6
6
5
6
6
6
3
5
4
4
3
3
3
2
3
3
4
3
4
3
2
2
1
0
-1
2
1
0
2
1
0
0
0
-1
-2
-2
-3
-2
-2
-2
-3
-2
-4
-4
-3
-3
-4
-2
-2
-1
-1
-2
-3
-3
-3
-4
-4
-5
-5
-4
-4
-5
-6
-5
-5
-6
-6
-6
-6
-5
-5
-5
-6
-5
-5
-6
-4
-4
-4
-2
-2
-2
-1
-1
0
1
1
1
0
1
3
2
2
2
2
1
0
1
1
0
1
1
1
1
0
0
0
1
1
1
1
0
0
1
0
1
0
0
0
0
1
1
1
0
1
0
1
1
1
2
2
2
2
3
3
3
3
4
4
3
3
5
5
4
5
4
5
3
4
4
4
5
5
3
3
3
2
2
3
2
1
1
0
0
1
0
0
-2
-2
-2
-2
-1
-2
0
-1
-1
0
0
-1
-1
-1
-1
-2
-1
-1
0
0
0
0
0
0
0
0
0
1
1
1
0
1
0
0
0
-1
-1
-1
0
0
0
0
-1
0
0
-1
-1
-1
-1
-1
-1
-2
-1
-2
-3
-3
-3
-2
-2
-2
-2
-1
-3
-2
-1
-2
-2
-1
-2
-3
-3
-4
-3
-3
-4
-5
-5
-5
-4
-5
-4
-2
-3
-3
-3
-3
-3
-3
-2
-1
-1
-1
-2
-2
-1
-2
-2
-1
-1
-1
-2
0
-2
-1
-1
1
1
1
1
1
1
2
1
3
2
3
3
4
3
2
3
1
2
1
1
1
2
2
1
2
1
3
3
3
2
2
3
3
4
4
4
3
3
4
4
4
3
4
5
4
4
3
4
4
4
4
4
4
5
3
3
3
3
3
2
2
1
1
0
1
0
0
-1
-2
-1
-1
-1
-1
-2
-1
-1
-2
-2
-1
-2
-1
-1
-1
-2
-1
-1
-2
-1
-1
-1
-2
-2
-2
-2
-3
-3
-4
-4
-3
-4
-3
-2
-2
-3
-2
-2
-3
-2
-2
-1
0
0
0
0
0
1
1
0
1
0
0
0
0
0
1
-1
-1
-2
-1
-1
-1
-2
-2
-2
-3
-3
-3
-2
-3
-2
-1
-2
-2
-1
-1
-1
-1
0
0
0
1
2
1
0
2
2
1
1
0
0
0
-1
0
-1
0
0
1
1
1
1
1
2
2
1
2
1
1
2
1
0
1
0
0
0
1
0
1
0
2
0
1
1
1
2
1
1
0
1
1
0
2
1
2
2
1
1
0
1
0
-1
0
0
0
0
1
-2
-1
-2
-1
-1
0
0
0
-1
-1
0
-1
-1
-1
0
1
0
0
1
0
1
2
2
2
3
2
3
2
3
4
3
4
3
3
3
2
2
3
3
2
3
2
3
2
2
2
1
2
2
2
2
2
2
2
1
0
-1
-1
-3
-1
-3
-2
-2
-2
-3
-4
-4
-4
-3
-4
-4
-5
-4
-5
-4
-4
-4
-3
-3
-2
-3
-3
-3
-3
-4
-4
-3
-3
-3
-2
-2
-1
-2
-3
-1
-3
-2
-2
-3
-3
-2
-3
-2
-1
-3
-3
-2
-3
-1
-1
0
0
1
1
1
0
0
0
-1
0
-1
0
0
0
1
2
1
2
0
2
3
4
5
6
6
6
4
3
4
4
4
4
4
5
4
4
3
3
3
2
3
3
3
2
2
3
2
2
2
3
3
3
3
3
2
1
1
0
0
-1
-1
0
-1
-2
-2
-2
-2
-2
-2
-2
-1
-1
-2
-2
-1
-1
-1
0
0
0
0
0
0
-1
-1
0
0
1
0
-1
-1
-1
-1
0
2
1
1
1
1
0
1
-1
-1
0
-1
0
0
0
-1
-1
-1
0
1
1
2
2
2
1
0
0
0
1
1
1
2
1
0
-2
-3
-2
-2
-3
-3
-3
-5
-4
-5
-6
-6
-7
-7
-7
-8
-9
-10
-10
-9
-10
-10
-10
-11
-11
-11
-12
-12
-11
-11
-10
-9
-7
-5
-4
-3
-3
-1
1
3
6
6
7
8
8
9
11
11
12
12
12
12
12
12
12
12
12
12
13
12
12
13
12
13
12
13
14
13
13
14
14
13
13
12
12
11
11
11
11
10
8
6
6
3
2
1
0
-1
-2
-4
-6
-8
-11
-12
-14
-14
-14
-15
-16
-16
-17
-17
-17
-18
-16
-16
-15
-16
-16
-16
-16
-15
-15
-15
-16
-14
-16
-16
-15
-14
-13
-12
-10
-9
-7
-6
-4
-1
1
3
6
8
8
9
10
11
11
11
12
13
13
13
13
12
12
12
14
14
16
18
19
19
19
20
20
20
21
20
19
18
15
13
11
11
10
9
8
7
6
4
4
1
-2
-5
-8
-10
-12
-13
-15
-17
-18
-19
-22
-23
-25
-26
-28
-26
-27
-26
-27
-28
-27
-28
-29
-30
-33
-34
-36
-37
-38
-39
-35
-34
-32
-31
-28
-27
-24
-21
-15
-10
-3
4
10
18
23
30
37
43
50
58
63
67
71
73
74
74
73
72
69
66
62
57
52
47
41
35
31
28
24
20
18
15
12
10
8
4
1
-1
-1
-3
-5
-6
-9
-11
-10
-11
-13
-16
-19
-22
-25
-29
-32
-33
-35
-37
-40
-42
-44
-44
-44
-45
-45
-45
-46
-47
-49
-55
-62
-71
-77
-83
-90
-94
-100
-104
-108
-112
-116
-120
-118
-115
-110
-99
-84
-69
-52
-29
-7
17
45
70
96
122
144
165
183
199
212
216
218
214
205
192
178
161
143
122
102
81
62
46
33
21
12
4
-1
-3
-4
-3
0
3
7
12
17
22
27
33
36
39
41
43
42
40
36
32
24
17
6
-7
-21
-37
-52
-68
-80
-90
-100
-107
-109
-113
-113
-113
-111
-109
-105
-103
-107
-113
-123
-133
-140
-147
-157
-162
-172
-181
-191
-205
-217
-220
-221
-216
-208
-195
-176
-154
-126
-92
-51
-6
45
95
141
189
230
266
298
324
342
350
346
337
318
295
265
234
203
170
138
106
80
59
41
27
20
17
14
12
16
20
26
36
45
57
69
81
97
111
125
138
149
154
154
153
146
138
125
111
92
69
41
8
-25
-58
-88
-114
-133
-150
-162
-170
-176
-178
-181
-180
-180
-178
-176
-175
-170
-168
-166
-164
-165
-164
-164
-163
-162
-163
-165
-175
-193
-212
-233
-252
-267
-282
-294
-311
-330
-346
-362
-372
-374
-366
-347
-319
-282
-236
-179
-119
-53
21
96
177
254
330
404
467
522
572
609
632
643
641
623
593
550
502
449
391
338
286
235
186
147
111
80
54
34
25
21
20
20
24
36
47
64
87
111
138
161
186
200
215
224
226
226
216
206
187
164
134
94
56
12
-25
-60
-92
-121
-152
-181
-204
-218
-234
-240
-244
-249
-254
-263
-271
-281
-284
-281
-287
-290
-293
-297
-304
-311
-309
-308
-302
-299
-296
-302
-316
-334
-354
-379
-400
-408
-417
-425
-438
-453
-465
-478
-481
-483
-466
-440
-402
-356
-306
-240
-167
-87
12
112
216
317
414
500
572
640
690
727
748
759
753
731
693
646
599
548
494
443
395
354
315
281
255
237
223
210
203
195
195
199
203
206
211
217
214
213
207
196
191
185
183
174
159
144
119
91
64
42
14
-18
-52
-85
-123
-159
-181
-210
-224
-238
-255
-260
-265
-257
-252
-241
-230
-223
-225
-229
-236
-245
-251
-259
-268
-281
-291
-303
-308
-311
-310
-306
-306
-302
-297
-305
-316
-326
-344
-358
-369
-384
-392
-403
-408
-419
-427
-427
-418
-398
-369
-330
-289
-239
-179
-114
-38
50
143
242
321
400
468
533
595
638
680
708
726
726
717
698
666
640
598
553
508
456
415
367
326
290
250
215
185
155
132
111
93
81
72
63
56
51
46
41
36
36
34
34
32
28
17
6
-6
-24
-47
-66
-94
-125
-154
-185
-214
-243
-265
-283
-300
-309
-311
-314
-311
-301
-290
-277
-269
-253
-241
-240
-239
-232
-225
-217
-213
-214
-215
-212
-212
-211
-206
-207
-209
-221
-236
-248
-266
-281
-301
-321
-339
-356
-372
-382
-382
-380
-371
-359
-343
-317
-280
-228
-167
-91
-9
76
161
244
326
399
471
540
601
650
685
702
707
701
686
665
643
614
577
534
485
436
382
340
303
273
249
231
221
212
200
193
187
184
179
169
155
131
110
86
68
53
44
34
14
-9
-40
-76
-114
-153
-186
-216
-247
-269
-292
-312
-321
-337
-345
-348
-351
-350
-341
-324
-307
-286
-264
-239
-218
-201
-187
-175
-167
-158
-143
-133
-125
-124
-133
-138
-145
-150
-153
-155
-164
-171
-172
-171
-171
-173
-175
-180
-186
-199
-210
-218
-228
-235
-241
-243
-250
-251
-247
-233
-210
-177
-140
-95
-47
15
78
136
203
264
329
385
431
472
506
530
543
550
546
538
515
486
452
420
386
357
333
306
283
260
245
229
210
199
183
172
163
153
141
125
111
92
78
59
41
29
14
3
-12
-28
-45
-71
-94
-116
-141
-168
-198
-222
-245
-267
-289
-303
-308
-307
-296
-279
-261
-244
-224
-206
-196
-179
-164
-148
-133
-119
-106
-91
-79
-74
-68
-73
-75
-80
-84
-84
-87
-85
-82
-82
-83
-82
-80
-78
-81
-88
-91
-97
-103
-116
-125
-139
-158
-173
-190
-206
-223
-230
-231
-227
-216
-198
-173
-143
-109
-79
-45
0
46
94
149
201
253
296
332
365
386
405
418
432
429
430
422
410
397
379
369
361
353
347
345
337
328
312
295
280
263
246
230
214
192
169
144
112
75
43
4
-33
-67
-106
-152
-190
-225
-262
-294
-321
-344
-362
-373
-367
-359
-347
-334
-316
-295
-276
-250
-219
-190
-164
-132
-110
-90
-79
-62
-50
-39
-34
-31
-28
-34
-42
-51
-61
-72
-81
-88
-91
-97
-107
-113
-109
-101
-96
-94
-98
-98
-101
-101
-102
-104
-107
-112
-116
-129
-142
-153
-165
-175
-175
-173
-167
-156
-139
-117
-92
-60
-17
28
72
119
169
218
264
310
355
389
416
434
448
455
452
440
428
412
393
372
346
319
287
258
230
207
185
165
145
128
105
83
70
59
40
24
4
-22
-49
-84
-108
-134
-157
-173
-193
-210
-222
-221
-212
-199
-185
-170
-161
-148
-136
-126
-115
-100
-84
-76
-68
-62
-51
-47
-40
-33
-31
-33
-39
-38
-39
-45
-49
-51
-64
-67
-77
-80
-81
-83
-82
-70
-55
-46
-33
-20
-11
-1
7
17
29
38
39
37
35
24
7
-13
-38
-60
-80
-98
-119
-141
-158
-175
-182
-187
-186
-179
-168
-146
-118
-91
-60
-30
3
37
72
109
140
172
202
222
233
237
232
225
214
197
181
166
143
115
99
78
65
55
45
31
20
10
1
-3
-8
-12
-22
-26
-35
-45
-56
-65
-67
-69
-66
-57
-48
-31
-31
-29
-25
-25
-22
-26
-21
-21
-15
-3
7
15
20
28
33
47
67
81
93
104
110
116
119
127
136
141
152
158
164
173
177
171
166
158
146
130
122
109
94
78
60
45
27
7
-19
-46
-74
-97
-120
-145
-168
-189
-211
-235
-264
-292
-317
-335
-345
-348
-352
-352
-353
-344
-334
-326
-306
-284
-264
-245
-217
-185
-155
-128
-107
-83
-69
-54
-35
-19
-8
-2
4
16
23
31
39
43
57
67
77
88
97
102
108
105
107
111
116
134
149
160
168
179
186
201
212
225
228
232
240
240
246
251
257
264
273
274
279
282
283
288
284
280
277
270
265
253
238
232
222
209
196
183
174
159
147
133
117
101
82
65
48
32
20
7
-12
-28
-51
-68
-81
-98
-110
-123
-135
-152
-176
-200
-230
-263
-298
-326
-362
-397
-427
-459
-485
-509
-538
-570
-605
-640
-658
-670
-674
-662
-654
-638
-622
-598
-568
-527
-475
-416
-355
-292
-224
-162
-99
-39
18
61
105
147
181
216
242
276
295
311
319
325
329
337
344
350
358
367
378
384
392
392
399
399
406
410
414
415
410
414
413
421
425
427
433
433
436
436
432
434
421
410
396
373
352
327
307
285
264
248
231
214
198
178
157
132
106
78
51
21
0
-24
-48
-73
-98
-122
-147
-170
-194
-218
-248
-273
-301
-325
-358
-391
-419
-444
-465
-485
-500
-518
-536
-549
-560
-563
-568
-575
-572
-577
-585
-594
-604
-606
-606
-606
-600
-597
-586
-569
-550
-517
-485
-451
-413
-372
-323
-271
-205
-149
-91
-28
32
95
153
209
258
299
337
372
404
429
454
470
484
492
501
513
508
499
503
513
532
530
522
501
478
471
473
489
504
503
500
497
494
495
475
464
452
445
437
424
400
376
360
341
327
296
265
229
192
163
140
122
96
68
42
19
-4
-22
-36
-54
-80
-110
-136
-156
-177
-196
-219
-239
-256
-287
-322
-359
-392
-424
-456
-484
-512
-537
-565
-586
-603
-622
-633
-632
-631
-620
-610
-598
-585
-571
-551
-533
-519
-509
-497
-485
-471
-455
-438
-421
-398
-374
-349
-326
-292
-251
-203
-156
-106
-51
-1
54
109
162
213
257
298
341
375
413
446
479
510
529
547
561
568
564
564
559
555
551
549
545
541
540
527
521
514
509
506
503
494
489
474
458
451
435
427
415
400
383
365
341
311
278
254
219
188
153
112
76
37
-4
-39
-66
-103
-133
-163
-186
-212
-254
-296
-332
-372
-403
-423
-441
-462
-481
-498
-513
-525
-534
-546
-557
-565
-584
-589
-591
-586
-570
-555
-542
-530
-518
-506
-485
-467
-447
-424
-407
-384
-360
-348
-339
-324
-313
-300
-281
-256
-229
-205
-180
-147
-104
-64
-25
22
69
122
159
215
277
327
373
423
461
493
524
550
569
582
600
611
618
618
609
598
581
564
541
521
503
488
465
438
424
408
391
368
352
335
309
289
273
254
242
224
209
187
174
143
99
63
32
18
-10
-37
-64
-88
-105
-148
-176
-196
-227
-243
-261
-280
-298
-314
-335
-351
-368
-375
-384
-394
-395
-396
-388
-396
-395
-379
-386
-377
-376
-377
-370
-359
-339
-328
-321
-310
-296
-288
-271
-260
-246
-230
-216
-197
-183
-165
-148
-132
-112
-103
-89
-81
-69
-51
-34
-22
6
30
45
62
65
64
82
104
128
149
160
178
208
238
264
284
303
316
321
340
344
353
363
354
355
344
321
323
317
312
311
293
266
253
247
241
229
212
210
201
188
186
173
177
176
165
152
145
143
127
110
96
75
51
29
8
-7
-28
-49
-69
-88
-101
-125
-150
-174
-193
-209
-232
-252
-261
-264
-272
-292
-303
-313
-330
-343
-349
-344
-333
-315
-296
-282
-265
-244
-227
-210
-192
-182
-177
-167
-156
-138
-124
-112
-112
-101
-92
-100
-93
-89
-82
-67
-57
-42
-38
-22
-3
-1
1
21
45
42
60
71
86
109
101
102
108
112
125
129
138
164
179
179
206
209
219
207
202
207
221
228
234
248
236
225
209
193
183
156
142
139
130
115
100
105
95
96
86
80
77
63
41
37
6
48
105
36
8
-39
-27
-171
-172
-2
54
37
-105
-106
-98
-48
-154
-240
-255
-190
-26
-67
-128
-251
-181
-99
-109
-204
-264
-173
-162
-153
-201
-157
-119
-92
-98
-123
-93
-44
1
-8
-15
-33
18
67
81
72
55
97
108
108
53
22
56
49
21
-17
17
23
9
10
14
39
41
53
55
66
71
72
97
72
51
38
48
58
37
30
23
38
18
0
-25
-19
-6
-44
-52
-56
-25
-27
-67
-103
-134
-84
-41
-73
-107
-102
-42
-3
-27
-78
-59
-27
44
84
16
-38
8
50
70
45
-68
10
51
37
19
-57
-36
12
-13
20
3
5
51
21
9
29
27
43
-1
14
33
25
118
46
46
18
65
175
88
20
50
151
166
141
65
63
78
139
131
78
99
57
130
53
65
140
51
39
2
32
127
57
-55
-138
-18
91
24
-66
-121
-43
-59
-17
-100
-132
-76
-115
-15
-127
-128
-107
-163
-138
-172
-134
-140
-137
-175
-138
-89
-164
-201
-189
-146
-88
-109
-144
-201
-125
-55
-92
-117
-175
-7
5
-2
-38
-94
20
51
50
18
28
31
127
120
60
59
49
84
87
86
88
134
57
72
137
97
96
119
74
128
102
18
83
77
34
38
85
96
92
-43
8
189
34
0
-35
89
216
-81
21
41
53
249
-82
-37
50
36
133
-5
27
13
251
159
61
-36
-73
172
49
210
36
-43
-30
104
265
70
-120
-189
55
184
178
-16
-189
-221
-48
134
145
-163
-427
-256
15
162
-10
-354
-512
-162
93
45
-242
-509
-408
-170
-6
-96
-284
-459
-339
-94
63
2
-296
-381
-178
98
142
-48
-176
-127
78
161
160
16
-133
0
145
265
215
-20
15
76
110
168
141
-17
-47
23
67
240
80
22
-52
-120
145
213
125
-57
-113
36
180
186
85
37
-55
49
235
158
198
-29
63
86
283
323
11
203
10
161
314
199
227
116
-8
204
224
328
190
-169
21
184
250
191
-153
-137
28
67
35
-45
-125
-170
-142
-50
-68
-165
-296
-415
-275
-192
-157
-289
-439
-407
-246
-152
-145
-369
-432
-298
-182
-72
-139
-255
-275
-119
49
94
2
-103
-43
107
186
171
82
36
98
199
236
229
115
48
98
194
246
99
-28
-21
20
100
80
32
-24
-74
-14
82
110
-24
-155
-7
202
125
-163
18
55
157
220
-81
53
57
225
167
-13
-50
107
238
86
107
-123
3
137
69
166
-33
-146
-33
192
158
-44
-80
-83
-3
168
129
33
-226
-225
108
115
68
-164
-336
-225
-21
-65
-202
-429
-445
-260
-254
-285
-400
-461
-465
-385
-292
-216
-328
-379
-273
-85
82
100
17
-23
117
284
363
333
317
362
370
412
419
389
325
216
228
225
224
177
165
138
91
120
116
73
6
24
81
130
152
128
130
114
154
186
179
180
197
226
208
166
139
163
163
145
103
89
69
65
-1
-49
-102
-138
-85
-76
-144
-249
-293
-266
-169
-164
-282
-388
-347
-234
-213
-220
-209
-211
-171
-148
-67
-89
-110
-156
-106
-5
-63
-33
-131
-202
-213
-107
-54
-217
-313
-281
-182
-225
-397
-567
-464
-323
-330
-492
-622
-504
-362
-293
-393
-375
-220
-39
49
37
71
231
364
423
443
497
615
627
615
563
616
654
592
512
489
470
421
384
304
256
251
242
196
156
146
112
67
63
112
153
141
48
24
51
142
198
183
116
103
193
188
167
68
75
157
150
126
26
27
13
12
25
-68
-77
-127
-142
-139
-190
-186
-196
-228
-235
-237
-162
-219
-315
-264
-190
-234
-299
-343
-288
-257
-273
-247
-248
-222
-161
-189
-411
-464
-339
-145
-154
-302
-350
-322
-311
-491
-592
-567
-454
-433
-478
-510
-519
-480
-481
-418
-255
-41
63
18
-9
95
359
562
582
585
674
777
813
743
703
751
784
761
675
591
553
485
409
353
356
379
277
184
113
102
114
116
102
63
89
39
18
10
5
46
87
80
47
51
33
4
-4
16
40
68
90
35
-13
-35
-30
-15
-40
-63
-96
-130
-206
-217
-168
-138
-143
-199
-235
-234
-176
-195
-220
-209
-173
-120
-191
-232
-267
-267
-249
-248
-199
-209
-274
-382
-462
-462
-380
-364
-390
-434
-414
-427
-533
-704
-768
-634
-524
-522
-601
-658
-609
-541
-506
-442
-307
-69
92
123
117
180
397
620
757
819
902
949
929
887
922
973
998
925
830
798
689
564
500
492
546
512
386
269
220
210
199
157
123
94
111
75
-27
-59
-124
-53
-3
-25
-93
-182
-156
-136
-64
-51
-94
-58
-32
-33
-83
-82
-48
-78
-44
-12
14
-20
-143
-187
-141
-78
-61
-111
-165
-157
-160
-155
-181
-171
-171
-188
-239
-262
-278
-282
-276
-309
-293
-301
-292
-284
-335
-527
-709
-734
-519
-261
-251
-520
-750
-776
-607
-512
-616
-705
-647
-449
-288
-396
-582
-575
-311
31
245
282
245
172
284
485
768
985
1038
975
901
968
1052
1085
982
901
993
1014
878
649
483
447
452
472
468
384
224
-16
-168
-76
99
166
-9
-221
-314
-285
-196
-213
-230
-220
-202
-156
-190
-249
-281
-242
-101
-2
44
-55
-142
-215
-167
-37
61
95
-22
-146
-224
-168
-81
-53
-53
-79
-96
-155
-182
-152
-146
-136
-151
-122
-77
-147
-257
-326
-199
-37
-32
-212
-429
-493
-455
-323
-341
-428
-436
-347
-390
-633
-874
-833
-619
-473
-529
-683
-725
-657
-558
-503
-412
-224
11
150
142
197
370
563
722
920
1092
1181
1109
972
945
1078
1225
1191
1047
897
835
745
629
544
484
485
462
367
257
111
12
-30
5
88
67
-39
-177
-277
-325
-285
-234
-205
-231
-307
-375
-404
-363
-297
-216
-184
-194
-221
-249
-210
-167
-138
-77
-15
1
-24
-124
-166
-114
-67
-52
-84
-89
-92
-109
-100
-61
-46
-47
-103
-146
-149
-168
-194
-220
-195
-171
-183
-273
-358
-352
-287
-207
-180
-369
-560
-607
-447
-235
-223
-336
-453
-508
-534
-549
-575
-589
-534
-424
-359
-423
-492
-464
-399
-193
111
312
349
251
265
464
687
929
1069
1091
1065
1062
1086
1103
1083
1038
1040
1033
937
816
616
461
417
423
406
303
215
85
-72
-209
-200
-55
-13
-146
-296
-334
-302
-299
-288
-266
-260
-250
-237
-234
-235
-225
-197
-129
-68
-39
-22
-67
-122
-106
-8
67
55
-18
-109
-126
-94
-1
37
-21
-78
-135
-156
-179
-157
-108
-103
-204
-235
-179
-164
-184
-255
-245
-106
-92
-174
-449
-605
-553
-396
-272
-288
-351
-527
-748
-860
-793
-598
-523
-611
-700
-698
-653
-659
-636
-549
-303
-5
161
160
86
163
349
616
882
1036
1090
974
865
873
1002
1165
1176
1033
889
797
737
598
470
457
522
555
426
260
109
15
-8
23
145
225
113
-105
-309
-338
-151
4
-46
-203
-273
-297
-290
-295
-250
-152
-93
-88
-124
-164
-211
-210
-133
-29
45
36
-59
-157
-198
-85
26
65
-22
-166
-168
-157
-136
-111
-86
-52
-81
-145
-244
-272
-222
-181
-160
-194
-210
-180
-260
-308
-300
-166
-134
-297
-551
-615
-362
-103
-51
-345
-599
-645
-497
-397
-526
-654
-559
-367
-279
-425
-560
-473
-264
-9
178
315
329
245
294
504
859
1108
1107
973
907
980
1093
1052
942
895
889
851
734
545
430
350
274
260
238
243
82
-133
-268
-244
-61
-17
-104
-271
-362
-292
-232
-216
-216
-251
-241
-232
-215
-161
-140
-114
-102
-71
-27
0
-12
-72
-59
48
134
113
-28
-106
-73
-33
14
1
-4
-26
-122
-210
-234
-187
-92
-110
-184
-220
-222
-194
-232
-260
-213
-141
-142
-330
-546
-535
-385
-275
-368
-402
-342
-387
-596
-864
-850
-647
-488
-512
-660
-734
-672
-559
-514
-457
-244
39
181
155
160
349
539
714
869
1058
1149
1073
954
932
1038
1147
1150
1045
918
823
724
585
479
442
481
429
316
198
47
-31
-20
-17
37
44
-75
-146
-252
-292
-255
-220
-189
-228
-249
-286
-360
-373
-315
-193
-151
-224
-256
-239
-180
-137
-138
-124
-111
-105
-107
-139
-106
-38
-25
-21
-60
-72
-72
-69
-56
-47
10
27
-37
-101
-136
-124
-83
-103
-110
-159
-184
-201
-264
-270
-254
-167
-93
-118
-192
-362
-433
-418
-343
-238
-165
-84
-212
-458
-670
-650
-460
-318
-319
-355
-372
-361
-373
-403
-338
-108
170
327
349
301
316
436
640
894
1115
1170
1086
966
911
978
1075
1111
997
837
682
579
456
338
273
237
229
134
9
-195
-342
-364
-291
-165
-216
-312
-451
-596
-599
-500
-369
-322
-333
-377
-442
-450
-430
-332
-232
-159
-113
-139
-138
-152
-101
-20
39
94
78
17
-46
-42
29
117
181
161
97
31
-6
11
66
106
133
137
62
-8
-58
-63
-38
9
51
41
-34
-158
-297
-386
-349
-279
-225
-274
-281
-291
-449
-625
-712
-603
-478
-513
-591
-615
-523
-412
-420
-415
-282
-2
194
199
181
258
442
601
743
902
1045
1060
949
858
915
1078
1145
1030
813
658
599
553
449
338
319
250
119
-26
-162
-203
-241
-258
-288
-304
-325
-399
-537
-648
-622
-484
-429
-501
-581
-588
-529
-489
-462
-428
-357
-320
-333
-351
-298
-217
-151
-118
-74
36
85
86
19
15
125
211
272
259
230
229
269
318
332
344
320
252
242
238
275
273
223
152
51
10
16
15
-25
-51
-35
-39
-85
-251
-398
-508
-410
-149
83
-69
-506
-789
-696
-429
-296
-393
-523
-481
-371
-344
-433
-436
-261
47
244
344
347
308
295
416
731
1041
1196
1037
779
688
803
958
992
867
698
556
415
300
222
154
85
19
-81
-178
-321
-481
-612
-584
-478
-401
-447
-624
-786
-806
-656
-529
-478
-508
-588
-580
-510
-403
-280
-219
-192
-188
-173
-121
-38
52
113
163
218
239
215
200
221
245
245
274
275
251
194
128
168
271
340
323
254
202
174
170
146
178
265
298
228
99
9
-51
-156
-145
-63
-43
-122
-207
-207
-275
-430
-604
-630
-556
-501
-561
-716
-773
-629
-478
-437
-457
-363
-128
27
80
129
267
450
624
753
855
920
918
865
838
919
1015
971
761
563
490
496
450
341
177
50
-32
-92
-238
-423
-494
-423
-365
-411
-527
-643
-693
-706
-681
-626
-576
-558
-597
-649
-621
-544
-473
-450
-415
-353
-251
-195
-180
-130
-71
15
102
153
178
182
206
276
316
345
371
359
334
331
377
418
448
441
405
400
439
436
377
284
278
342
327
217
103
90
106
112
118
79
108
53
-63
-183
-213
-163
-148
-154
-130
-30
-103
-362
-622
-637
-441
-320
-406
-566
-632
-519
-456
-458
-423
-253
21
132
159
201
311
417
547
742
944
1042
961
776
695
786
913
878
673
435
279
164
-13
-125
-142
-173
-314
-532
-716
-799
-817
-817
-836
-802
-774
-801
-902
-1026
-996
-846
-695
-621
-605
-571
-581
-560
-478
-322
-132
-27
-19
-4
93
211
307
355
406
483
539
549
538
572
632
695
719
682
679
664
613
553
550
637
669
570
376
228
237
322
329
231
122
90
77
30
-8
20
53
-47
-236
-368
-303
-231
-257
-312
-267
-180
-302
-589
-793
-709
-461
-378
-441
-564
-581
-553
-557
-459
-260
20
154
137
143
278
445
565
648
821
1019
1075
890
693
657
747
821
741
569
368
207
5
-198
-257
-244
-241
-414
-645
-773
-815
-869
-973
-985
-859
-769
-804
-978
-1028
-914
-784
-691
-689
-596
-477
-372
-376
-327
-151
32
110
132
215
381
452
448
494
601
711
701
627
610
670
745
757
733
712
684
629
512
468
503
501
423
301
228
191
162
113
87
45
-14
-87
-139
-158
-139
-91
-62
-32
6
-57
-213
-418
-426
-290
-180
-152
-152
-131
-300
-574
-782
-677
-396
-244
-344
-526
-586
-496
-457
-407
-283
-18
204
228
181
219
350
491
607
796
984
1013
762
493
433
591
718
615
392
170
-21
-229
-406
-417
-368
-385
-560
-793
-911
-936
-914
-969
-959
-835
-671
-646
-757
-849
-775
-582
-393
-260
-171
-122
-101
-68
8
201
393
525
511
504
603
727
735
732
819
927
962
871
758
749
753
755
682
644
630
544
369
216
198
271
258
122
-26
-90
-135
-194
-218
-197
-158
-180
-272
-369
-377
-279
-190
-109
-142
-270
-462
-548
-502
-367
-234
-131
-98
-254
-547
-729
-687
-487
-336
-316
-367
-453
-489
-534
-485
-326
-37
221
328
292
267
260
345
527
789
980
969
773
561
437
444
492
492
388
203
-4
-256
-459
-504
-497
-493
-528
-623
-733
-886
-1004
-1021
-922
-728
-593
-507
-532
-596
-578
-489
-300
-75
89
182
182
163
212
314
461
585
674
757
787
803
795
783
809
893
958
938
861
769
697
670
673
641
604
510
363
216
108
104
114
75
-11
-104
-170
-247
-332
-389
-376
-316
-310
-344
-367
-362
-365
-351
-350
-273
-173
-226
-360
-504
-472
-413
-362
-356
-236
-118
-244
-582
-859
-830
-628
-456
-427
-446
-442
-520
-658
-676
-483
-124
123
186
145
159
224
282
341
530
742
845
720
451
302
304
351
316
239
158
49
-147
-378
-519
-482
-366
-322
-400
-506
-564
-598
-605
-558
-385
-175
-37
-80
-203
-234
-152
-11
174
341
476
495
382
295
353
547
791
968
1011
979
858
744
676
757
937
1039
1024
897
716
563
446
436
485
526
498
333
108
-91
-162
-146
-177
-205
-240
-281
-361
-496
-596
-603
-525
-443
-408
-440
-483
-526
-549
-535
-447
-277
-134
-123
-235
-380
-474
-443
-364
-254
-192
-222
-286
-386
-513
-617
-680
-646
-550
-454
-453
-546
-646
-674
-583
-457
-311
-174
-82
-49
4
45
125
220
276
343
378
394
386
331
282
253
214
165
127
85
82
57
20
-53
-122
-139
-94
-44
10
92
128
88
39
51
161
296
372
371
353
370
388
387
420
448
517
553
547
540
501
459
413
404
434
486
479
434
385
349
299
255
221
197
170
125
119
110
74
7
-43
-52
-13
-7
-33
-88
-132
-131
-121
-101
-94
-121
-177
-254
-314
-292
-242
-210
-243
-324
-387
-418
-424
-430
-441
-418
-411
-441
-518
-573
-533
-455
-412
-424
-422
-420
-427
-469
-497
-433
-331
-290
-293
-267
-238
-244
-287
-293
-224
-142
-86
-73
-101
-94
-53
-23
35
98
142
176
177
185
202
240
290
307
324
326
336
328
313
284
265
266
275
298
288
277
251
239
233
223
221
232
237
260
265
277
292
312
315
276
268
313
395
426
378
315
329
367
395
385
377
394
392
337
251
219
234
230
181
162
157
142
46
-85
-137
-135
-115
-113
-121
-123
-135
-209
-332
-410
-386
-312
-289
-319
-389
-493
-571
-630
-642
-583
-486
-491
-576
-677
-706
-657
-608
-534
-436
-376
-367
-411
-441
-432
-360
-258
-208
-162
-167
-183
-212
-195
-126
-18
42
23
1
21
94
148
173
221
284
312
318
302
307
339
361
348
341
369
380
343
264
251
301
310
273
203
182
191
164
141
119
112
136
130
98
57
72
111
152
145
140
160
174
186
168
189
224
232
235
241
266
311
303
260
235
279
319
278
205
132
110
123
120
122
115
104
58
-27
-52
-26
-7
-51
-113
-133
-124
-106
-138
-231
-303
-308
-283
-297
-299
-293
-312
-377
-471
-525
-485
-394
-356
-385
-473
-520
-534
-430
-307
-197
-105
-148
-259
-336
-331
-232
-154
-115
-58
-26
-62
-132
-161
-136
-30
36
97
86
-11
-108
-191
-120
32
186
234
141
54
24
54
90
134
166
176
203
179
184
169
128
174
228
269
238
148
75
34
53
123
194
207
191
100
19
83
167
255
327
258
176
118
170
269
388
375
363
387
229
248
228
323
344
361
322
324
311
137
83
-5
87
186
205
92
0
-10
-45
-91
-249
-258
-275
-258
-253
-206
-189
-308
-462
-557
-461
-495
-427
-392
-365
-289
-305
-378
-472
-500
-384
-282
-223
-151
-226
-183
-263
-233
-170
-134
-79
-139
-74
-90
73
60
25
-52
-83
143
140
231
217
144
156
124
154
231
250
323
302
192
123
141
154
58
133
163
195
106
3
25
-25
-27
-49
-59
-44
-49
-71
-47
-21
27
61
38
-75
-34
78
113
119
78
140
125
130
167
88
113
216
309
292
227
203
140
180
240
249
115
99
131
207
184
75
14
-108
-20
15
0
-25
-215
-169
-42
-14
-119
-274
-277
-258
-217
-147
-152
-310
-292
-259
-345
-362
-494
-499
-402
-232
-72
-175
-312
-415
-381
-322
-295
-182
-102
23
17
21
-58
-139
-69
-6
56
50
128
167
154
166
193
206
172
186
216
237
256
280
332
321
266
208
183
211
259
323
328
271
168
128
154
135
95
54
48
68
57
43
14
4
-22
-86
-93
-95
-43
6
18
17
-32
-76
-70
-19
51
102
129
144
98
99
148
154
163
172
182
166
110
74
27
52
117
118
29
-110
-207
-237
-182
-168
-180
-180
-220
-256
-321
-345
-340
-339
-301
-254
-225
-232
-277
-347
-354
-323
-275
-240
-243
-234
-233
-243
-261
-290
-271
-235
-204
-211
-211
-184
-142
-57
-19
-11
-2
19
22
4
24
113
238
324
330
315
320
331
367
423
469
523
550
558
551
537
541
472
371
300
271
266
229
179
145
113
56
-31
-131
-144
-154
-137
-110
-106
-78
-84
-89
-108
-71
-12
17
59
72
91
83
66
75
112
186
231
198
127
90
80
53
20
30
50
38
-29
-118
-160
-155
-133
-140
-151
-169
-246
-314
-382
-454
-506
-620
-765
-829
-763
-622
-520
-478
-544
-633
-720
-854
-932
-870
-623
-304
-62
72
147
201
275
405
514
579
637
740
898
1045
1140
1102
980
821
689
535
318
135
50
31
-17
-143
-277
-383
-431
-494
-556
-585
-570
-477
-387
-257
-123
9
121
165
170
191
266
418
594
708
763
789
795
806
786
734
656
577
496
419
349
261
201
148
67
-73
-271
-472
-595
-639
-644
-677
-734
-742
-729
-728
-692
-642
-566
-492
-426
-369
-282
-157
-1
147
256
336
390
390
376
365
370
418
401
374
300
201
105
-16
-121
-255
-423
-591
-765
-892
-981
-1041
-1042
-992
-923
-932
-980
-996
-956
-867
-736
-546
-323
-72
173
375
549
737
919
1060
1189
1269
1302
1313
1325
1359
1382
1324
1158
943
708
519
315
120
-71
-227
-353
-503
-620
-722
-743
-742
-723
-732
-749
-712
-606
-426
-270
-102
56
160
255
331
415
556
679
776
816
836
832
788
763
701
633
555
450
307
139
-35
-203
-341
-438
-536
-616
-701
-780
-829
-887
-898
-878
-792
-695
-615
-528
-444
-327
-203
-69
49
180
294
342
333
327
388
464
475
429
357
275
188
47
-91
-201
-273
-378
-574
-747
-872
-901
-896
-887
-836
-813
-800
-813
-773
-641
-468
-266
-109
46
198
357
511
675
898
1086
1184
1206
1176
1197
1209
1198
1153
1097
1016
865
675
499
347
205
44
-150
-310
-433
-519
-613
-695
-724
-712
-679
-658
-637
-571
-485
-395
-316
-223
-126
-25
86
170
235
314
358
397
423
432
446
411
372
347
292
243
186
126
62
15
-63
-153
-223
-280
-314
-359
-394
-409
-397
-367
-369
-347
-306
-300
-296
-283
-219
-167
-170
-205
-266
-319
-333
-291
-205
-153
-130
-126
-129
-136
-157
-201
-248
-263
-204
-94
33
203
373
525
638
687
694
708
698
707
721
727
750
719
640
531
419
305
150
-35
-202
-344
-435
-484
-519
-532
-495
-418
-355
-301
-247
-187
-137
-102
-63
15
101
183
261
346
434
470
473
442
405
388
348
257
116
-24
-104
-153
-197
-236
-299
-365
-441
-553
-688
-771
-798
-770
-741
-732
-702
-631
-519
-373
-261
-164
-61
-1
61
122
215
321
394
436
456
466
459
436
404
351
276
200
117
39
-5
-56
-91
-142
-201
-243
-290
-292
-273
-282
-287
-282
-250
-208
-152
-98
-62
8
85
167
272
338
399
424
460
490
512
547
565
592
583
544
473
418
376
316
246
173
112
72
29
-40
-127
-185
-218
-267
-283
-262
-244
-222
-243
-261
-267
-270
-247
-206
-155
-104
-82
-44
9
43
52
53
35
7
-34
-45
-38
-51
-61
-77
-73
-61
-50
-57
-85
-118
-159
-185
-180
-187
-164
-141
-132
-126
-133
-136
-119
-93
-59
-28
2
4
-30
-59
-50
-6
29
71
91
67
57
33
28
49
54
64
39
-28
-96
-96
-61
-51
-39
-29
-17
-23
-34
-29
-8
26
72
109
146
177
189
200
185
182
199
222
240
234
240
266
293
303
282
253
261
260
233
200
192
194
186
163
120
78
39
-6
-47
-78
-90
-127
-192
-267
-346
-366
-367
-380
-388
-392
-392
-420
-452
-433
-383
-341
-320
-324
-314
-291
-267
-208
-148
-109
-83
-91
-100
-110
-127
-165
-213
-250
-258
-234
-206
-196
-160
-117
-83
-52
-57
-56
-35
18
73
166
300
428
536
635
760
888
982
1016
997
945
874
758
633
521
431
367
272
135
18
-107
-253
-404
-523
-575
-566
-572
-589
-579
-525
-430
-323
-209
-57
93
218
289
314
389
495
582
635
672
693
689
662
605
579
552
463
314
114
-83
-251
-373
-480
-586
-689
-771
-847
-912
-943
-935
-907
-881
-851
-798
-706
-608
-471
-312
-153
-72
-132
-253
-341
-313
-217
-127
-100
-84
-58
-86
-176
-271
-342
-354
-356
-371
-390
-367
-236
-49
171
367
535
655
710
772
817
856
853
776
693
587
522
469
407
353
288
192
47
-106
-241
-336
-390
-428
-444
-431
-363
-256
-139
-13
77
148
206
246
289
340
399
472
534
586
636
687
710
703
686
637
595
532
440
348
217
93
-29
-139
-197
-265
-301
-324
-362
-402
-454
-497
-513
-511
-494
-467
-436
-398
-327
-230
-114
-6
80
135
151
152
133
125
115
67
8
-46
-79
-131
-189
-230
-263
-298
-356
-423
-497
-558
-615
-680
-702
-689
-659
-626
-570
-485
-401
-334
-277
-215
-121
-34
14
61
106
193
282
335
380
425
464
487
504
513
506
497
449
383
335
309
277
234
209
195
164
122
43
-32
-54
-52
-38
-48
-51
-28
-16
-11
-4
38
107
148
161
155
175
220
256
272
266
268
241
226
223
218
227
210
194
181
162
157
122
87
57
34
-3
-44
-95
-123
-120
-155
-174
-207
-216
-227
-235
-241
-262
-284
-302
-316
-335
-312
-290
-284
-289
-272
-231
-188
-144
-119
-113
-123
-142
-154
-160
-161
-150
-143
-140
-140
-126
-102
-86
-71
-86
-89
-119
-113
-116
-113
-75
-50
7
50
73
98
104
122
146
171
195
208
232
260
295
317
330
321
341
362
364
342
286
257
222
178
134
71
38
-12
-49
-71
-82
-81
-101
-90
-77
-72
-69
-80
-59
-42
-15
20
45
73
100
108
108
128
127
135
113
80
54
23
18
17
22
19
-5
-39
-42
-50
-51
-68
-106
-135
-184
-218
-208
-174
-156
-137
-131
-138
-125
-133
-125
-121
-124
-109
-110
-107
-95
-94
-88
-87
-90
-88
-64
-41
-52
-58
-89
-114
-119
-136
-133
-126
-106
-65
-37
27
62
97
139
153
180
198
230
256
271
299
313
320
311
276
254
236
218
178
118
58
4
-38
-77
-102
-122
-164
-221
-283
-331
-359
-377
-377
-389
-412
-426
-409
-365
-294
-214
-121
-48
6
50
101
165
221
279
344
426
512
590
655
697
717
711
682
635
551
442
349
239
113
4
-108
-227
-318
-410
-490
-549
-583
-605
-603
-581
-552
-506
-457
-402
-316
-232
-153
-94
-46
12
49
88
114
138
156
140
137
131
128
145
128
96
43
-3
-54
-101
-142
-180
-199
-221
-241
-272
-254
-220
-183
-162
-151
-116
-66
-11
38
104
168
223
268
299
325
341
370
379
384
400
397
384
344
314
287
243
196
161
132
118
111
83
69
66
53
13
-34
-77
-101
-116
-142
-150
-155
-161
-157
-165
-159
-131
-101
-69
-60
-46
-10
22
55
82
100
107
109
103
103
101
77
27
-34
-82
-139
-194
-239
-277
-303
-334
-375
-407
-418
-432
-455
-465
-452
-420
-392
-352
-319
-284
-235
-185
-140
-118
-89
-67
-43
-11
28
55
72
95
114
131
150
158
174
183
191
184
163
155
138
152
172
185
204
217
223
221
215
252
300
334
354
358
354
349
341
337
355
363
363
346
342
344
356
355
327
299
246
211
167
127
105
71
41
-16
-75
-92
-98
-88
-89
-98
-114
-127
-143
-176
-192
-204
-206
-222
-245
-257
-257
-244
-253
-275
-297
-315
-344
-357
-352
-333
-324
-329
-317
-333
-334
-310
-295
-295
-305
-290
-296
-295
-293
-288
-281
-282
-283
-270
-236
-195
-153
-114
-86
-81
-73
-61
-37
0
31
57
74
81
98
134
159
182
191
193
200
206
212
210
219
236
253
260
259
267
270
290
321
331
343
346
325
318
305
299
296
298
316
337
364
382
382
384
362
331
303
264
241
210
192
177
155
128
99
73
55
28
14
-4
-48
-90
-118
-145
-180
-204
-228
-248
-266
-280
-284
-288
-279
-274
-275
-264
-269
-269
-256
-247
-234
-224
-213
-191
-166
-160
-162
-156
-159
-169
-171
-172
-180
-204
-245
-274
-304
-312
-314
-321
-324
-332
-349
-358
-338
-308
-277
-251
-240
-217
-192
-151
-111
-74
-15
29
80
116
145
190
218
244
266
270
282
274
259
252
257
278
305
319
328
316
308
314
304
319
331
309
285
259
226
203
184
172
163
168
178
190
205
214
220
222
210
202
203
210
223
222
234
243
246
236
220
201
189
155
108
69
20
-19
-70
-116
-161
-222
-269
-315
-380
-420
-446
-477
-511
-520
-514
-508
-504
-495
-468
-436
-399
-357
-313
-262
-194
-129
-75
-23
30
65
82
87
85
88
75
65
53
24
15
-4
-23
-35
-52
-87
-137
-175
-197
-216
-218
-204
-221
-233
-229
-222
-192
-160
-132
-89
-52
-19
19
48
109
171
237
298
356
382
415
454
480
508
519
529
520
493
464
435
376
321
255
188
137
83
14
-53
-111
-156
-170
-177
-182
-170
-149
-120
-89
-45
13
59
115
143
174
212
233
263
294
299
286
273
258
222
195
157
108
70
12
-57
-126
-171
-238
-300
-366
-435
-494
-549
-600
-650
-688
-710
-711
-706
-702
-681
-646
-580
-507
-440
-374
-314
-236
-163
-75
11
105
194
275
360
425
485
519
542
551
532
497
469
420
353
277
202
140
77
9
-46
-104
-149
-190
-212
-212
-195
-165
-134
-100
-58
-26
25
90
156
235
322
378
398
421
434
454
455
462
467
474
460
415
372
317
272
188
107
16
-79
-163
-265
-337
-384
-420
-464
-494
-514
-499
-467
-434
-385
-345
-292
-238
-182
-108
-27
51
119
181
236
283
309
328
334
329
305
251
174
80
-15
-114
-208
-301
-380
-453
-512
-560
-600
-612
-620
-614
-586
-552
-490
-411
-320
-233
-134
-36
67
159
230
304
360
414
453
484
510
520
525
525
503
464
423
376
324
256
190
121
44
-37
-116
-181
-238
-278
-297
-297
-301
-287
-257
-197
-129
-71
-12
38
98
158
223
291
353
399
434
444
432
418
399
364
312
253
162
61
-55
-151
-238
-307
-350
-385
-425
-455
-467
-463
-429
-400
-360
-305
-252
-191
-133
-65
5
71
118
156
198
224
247
263
277
277
282
261
215
176
127
81
13
-55
-123
-191
-250
-323
-375
-407
-431
-432
-433
-423
-403
-395
-356
-313
-255
-180
-109
-26
61
147
237
313
392
456
519
542
541
535
515
481
436
402
361
305
248
182
127
99
75
61
34
7
-16
-35
-48
-48
-40
-43
-47
-55
-65
-66
-55
-41
-26
-12
-7
4
7
4
9
7
-4
-37
-82
-129
-196
-251
-301
-336
-362
-376
-386
-402
-393
-401
-409
-391
-379
-343
-312
-272
-235
-188
-133
-95
-49
-7
43
103
144
176
203
215
242
261
268
267
256
230
197
161
121
91
60
30
8
-5
-10
9
27
57
84
98
116
119
123
122
127
124
116
112
97
112
128
144
164
176
183
174
147
121
90
62
43
18
0
-33
-51
-62
-82
-84
-92
-91
-71
-68
-71
-49
-36
-8
11
26
37
44
62
75
71
74
77
71
72
72
69
55
30
5
-43
-94
-133
-172
-211
-256
-274
-292
-294
-296
-285
-255
-223
-184
-148
-108
-75
-50
-19
12
42
80
96
101
104
119
133
136
134
122
113
91
54
12
-11
-41
-86
-131
-164
-202
-224
-244
-249
-244
-235
-217
-211
-180
-145
-103
-73
-35
-13
19
48
62
92
127
164
176
183
188
197
203
204
199
186
176
164
138
110
94
84
83
81
97
117
145
160
177
190
211
227
229
232
233
244
249
255
251
244
229
215
186
153
123
90
73
49
16
-23
-63
-111
-154
-173
-189
-218
-259
-290
-319
-338
-341
-341
-339
-345
-332
-319
-314
-289
-265
-234
-212
-185
-163
-149
-141
-145
-130
-124
-103
-93
-84
-85
-84
-89
-105
-116
-129
-112
-100
-96
-83
-74
-57
-49
-46
-17
12
39
51
58
72
83
86
96
89
101
124
138
155
179
206
225
250
262
280
306
317
325
325
340
351
348
332
312
294
262
244
214
186
171
145
117
89
76
57
28
-3
-33
-62
-79
-88
-96
-88
-85
-91
-96
-82
-80
-77
-77
-79
-77
-97
-108
-124
-141
-148
-149
-162
-201
-224
-239
-252
-261
-269
-273
-267
-261
-256
-254
-248
-234
-226
-217
-211
-197
-183
-165
-145
-123
-85
-47
-4
29
54
71
90
105
116
138
141
139
121
115
111
104
100
105
94
94
92
77
68
52
43
40
32
34
43
63
83
82
79
88
91
103
124
136
148
162
167
163
170
159
159
145
124
101
92
82
79
71
58
51
44
43
33
26
17
-2
-23
-36
-43
-38
-34
-31
-22
-5
15
33
31
40
44
43
54
57
54
55
50
34
15
-7
-33
-64
-102
-133
-157
-183
-197
-218
-246
-265
-278
-295
-309
-313
-302
-291
-273
-253
-232
-206
-169
-150
-120
-85
-58
-30
-9
19
36
52
63
79
91
103
116
126
127
116
117
109
102
90
69
45
12
-15
-34
-36
-47
-57
-56
-61
-67
-73
-60
-43
-26
-3
24
56
76
109
141
165
201
227
240
249
248
252
249
249
243
229
228
220
216
209
196
184
164
145
128
104
86
65
48
27
18
13
-2
-24
-35
-55
-71
-73
-77
-78
-76
-92
-105
-109
-116
-115
-117
-124
-135
-146
-170
-177
-177
-196
-204
-212
-220
-230
-240
-237
-232
-226
-213
-212
-195
-186
-185
-170
-155
-140
-105
-82
-66
-54
-44
-26
-11
10
18
32
38
49
54
63
78
89
94
112
122
119
129
131
139
148
152
154
159
155
160
158
168
174
181
191
185
182
177
175
170
151
144
127
105
93
80
63
58
49
29
9
-4
-12
-26
-35
-40
-46
-57
-65
-72
-84
-85
-85
-95
-102
-93
-86
-93
-101
-109
-107
-107
-112
-127
-142
-149
-157
-169
-183
-180
-184
-183
-189
-181
-173
-173
-157
-144
-125
-98
-81
-63
-50
-25
-2
16
39
60
88
114
131
134
135
134
135
135
133
130
147
143
134
132
118
114
112
108
105
97
94
93
92
90
84
85
75
74
72
77
95
103
117
127
127
116
109
108
93
86
74
57
43
24
5
-16
-38
-51
-66
-81
-104
-118
-137
-152
-165
-176
-168
-169
-163
-159
-148
-128
-116
-93
-72
-66
-45
-23
-17
-1
12
29
50
67
75
81
89
86
82
77
58
37
18
2
-28
-46
-75
-99
-115
-139
-157
-178
-182
-203
-220
-226
-222
-209
-199
-191
-175
-152
-129
-107
-92
-74
-49
-16
1
26
53
69
86
97
107
118
111
114
126
122
133
125
112
103
82
72
68
53
39
31
24
23
25
29
28
40
59
63
64
81
91
105
116
122
138
145
150
156
149
152
153
148
144
124
118
99
95
97
87
72
56
41
31
22
12
-4
-27
-39
-45
-52
-56
-51
-50
-48
-40
-25
-18
-11
-4
1
-1
0
0
5
0
-14
-19
-37
-37
-45
-54
-65
-74
-97
-128
-149
-165
-170
-180
-194
-209
-217
-230
-237
-235
-225
-222
-214
-204
-200
-187
-178
-145
-112
-95
-68
-48
-32
-14
15
37
53
72
86
96
106
90
89
81
79
82
83
83
86
86
88
99
103
107
114
110
107
108
109
121
133
139
140
150
146
137
132
129
147
141
136
139
127
126
122
116
102
103
94
85
82
76
82
68
53
43
25
1
-15
-24
-32
-48
-66
-78
-102
-121
-129
-137
-150
-152
-164
-177
-187
-200
-211
-216
-216
-217
-209
-192
-179
-168
-158
-155
-146
-136
-120
-106
-97
-83
-76
-71
-62
-52
-34
-21
-10
4
20
38
60
79
85
91
87
85
91
103
119
131
134
126
118
127
122
116
108
98
91
73
68
56
52
60
64
58
60
63
62
65
57
48
44
31
20
13
9
7
7
8
-3
-6
-17
-31
-37
-42
-44
-30
-24
-9
-4
4
20
31
31
40
48
39
38
35
44
40
37
37
35
26
19
19
8
8
-7
-21
-34
-50
-58
-70
-78
-84
-92
-92
-97
-110
-109
-99
-86
-72
-50
-44
-42
-34
-19
-8
13
29
43
58
61
62
66
62
53
54
46
34
27
12
-5
-23
-38
-54
-74
-82
-97
-103
-111
-119
-116
-116
-114
-110
-105
-105
-101
-96
-91
-79
-81
-73
-57
-51
-46
-38
-27
-22
-9
0
4
11
17
27
39
47
56
53
49
62
73
76
78
85
83
84
100
102
115
126
128
132
123
124
119
119
110
112
109
108
119
125
128
127
125
124
114
106
100
93
93
79
68
56
49
37
19
12
6
-3
-4
-3
-6
-11
-18
-24
-41
-54
-61
-67
-77
-85
-94
-104
-114
-126
-128
-142
-153
-162
-175
-184
-192
-192
-194
-191
-188
-182
-172
-159
-150
-141
-122
-112
-104
-89
-71
-63
-54
-36
-18
-1
8
19
33
42
56
60
61
67
71
81
90
91
95
98
91
89
87
88
89
83
75
80
87
94
102
101
104
109
113
113
110
110
109
91
80
70
62
47
37
28
21
13
3
-2
-8
-13
-27
-36
-51
-60
-60
-58
-78
-91
-86
-91
-86
-97
-94
-100
-99
-100
-97
-81
-65
-52
-47
-43
-35
-26
-24
-16
-5
12
9
10
10
19
20
27
49
45
40
36
29
25
29
29
47
48
50
50
44
54
55
54
56
55
65
61
50
41
42
37
28
27
31
34
25
21
18
12
1
-2
-7
-3
-2
-6
-15
-21
-31
-31
-47
-49
-56
-66
-60
-61
-58
-50
-45
-57
-61
-68
-73
-73
-76
-72
-72
-65
-62
-59
-50
-48
-39
-38
-39
-21
-18
-2
10
16
24
31
33
26
34
28
27
33
34
35
41
45
54
55
51
50
50
40
29
28
29
25
25
28
25
20
10
3
-10
-17
-19
-18
-17
-14
-14
-11
-1
-6
3
9
11
14
11
13
13
15
10
10
12
12
-3
-17
-22
-33
-39
-41
-57
-64
-72
-76
-81
-74
-74
-67
-58
-49
-34
-25
-12
0
21
37
51
77
98
108
117
123
135
147
157
164
162
148
126
110
95
84
75
65
47
36
27
17
0
-14
-34
-53
-65
-78
-92
-98
-99
-93
-86
-86
-86
-80
-72
-67
-60
-63
-61
-56
-51
-57
-64
-59
-58
-60
-58
-68
-73
-75
-80
-78
-75
-77
-85
-88
-95
-96
-95
-95
-91
-89
-67
-54
-39
-24
-13
4
17
34
50
61
72
81
88
90
92
97
101
104
101
98
103
111
116
121
119
119
113
113
109
101
99
97
86
79
71
67
70
70
73
70
60
57
47
50
38
26
22
21
26
12
-5
-18
-27
-39
-44
-45
-41
-35
-37
-38
-41
-37
-38
-30
-39
-43
-37
-38
-42
-46
-51
-55
-59
-68
-71
-79
-89
-95
-97
-100
-102
-99
-111
-115
-115
-117
-130
-130
-121
-121
-116
-115
-106
-98
-82
-81
-79
-64
-54
-40
-20
-9
-2
16
20
30
39
52
66
76
81
85
84
89
80
78
77
76
84
82
79
74
69
61
59
54
52
52
53
51
53
56
67
75
83
95
93
91
93
96
97
105
104
101
101
98
99
89
89
80
68
63
53
42
36
26
19
6
-8
-9
-26
-38
-52
-72
-75
-87
-98
-104
-110
-121
-129
-129
-137
-136
-136
-133
-125
-123
-113
-109
-106
-104
-97
-79
-81
-69
-61
-58
-47
-40
-29
-24
-13
-1
-7
-10
-7
-1
3
14
18
10
6
1
-5
-11
-12
-7
-8
-2
3
11
15
20
21
18
28
30
36
36
34
45
42
43
42
49
55
64
69
58
59
49
48
35
27
26
31
41
40
35
24
19
19
20
32
43
38
41
46
57
57
52
45
35
40
35
37
41
40
36
35
38
32
24
19
18
19
15
12
1
-12
-4
-3
-15
-32
-43
-60
-75
-84
-93
-84
-81
-76
-72
-74
-74
-68
-60
-55
-48
-55
-62
-58
-60
-65
-63
-67
-66
-59
-62
-55
-51
-54
-44
-42
-44
-46
-53
-46
-43
-42
-37
-30
-28
-31
-24
-18
-10
-8
2
9
14
23
29
41
53
70
96
109
115
126
141
146
151
150
155
147
142
130
121
112
98
86
71
71
59
52
43
27
26
18
14
7
2
1
-4
-8
-10
-10
-7
-7
-9
-11
-13
-12
-18
-24
-30
-40
-52
-56
-62
-62
-77
-79
-81
-92
-98
-103
-102
-100
-98
-101
-102
-103
-93
-89
-82
-73
-64
-51
-42
-36
-32
-24
-11
-4
2
6
6
12
13
19
17
16
14
12
21
27
29
24
15
10
1
2
-2
4
4
10
7
6
10
8
16
12
12
8
10
11
22
33
44
55
65
66
70
74
77
84
95
105
104
102
92
96
84
77
60
46
38
29
11
-4
-11
-16
-25
-32
-35
-40
-43
-48
-55
-54
-56
-53
-49
-50
-43
-26
-28
-28
-31
-30
-32
-34
-33
-40
-48
-44
-38
-52
-50
-47
-46
-47
-45
-40
-39
-40
-41
-39
-30
-32
-29
-22
-14
-5
-11
-9
-2
-7
-8
-1
-7
-1
7
12
19
13
21
26
34
47
50
51
56
57
50
48
44
50
48
46
45
38
30
28
21
11
0
-10
-12
-14
-13
-13
-18
-11
0
4
9
17
21
23
27
35
40
47
49
45
47
47
54
53
44
44
44
41
30
22
16
5
-7
-22
-28
-34
-40
-48
-51
-51
-52
-57
-59
-63
-65
-65
-68
-71
-74
-74
-68
-66
-70
-67
-66
-60
-51
-50
-44
-42
-39
-38
-38
-35
-39
-35
-32
-25
-23
-16
-9
-8
-10
1
-1
-3
5
12
24
25
27
26
22
14
16
23
32
36
38
43
41
38
33
40
54
61
64
57
52
46
43
42
42
45
48
51
51
49
51
57
58
64
65
69
79
79
80
76
68
65
67
65
69
62
53
45
33
19
11
10
6
8
8
9
6
0
-2
-2
-3
-9
-15
-25
-27
-29
-32
-34
-39
-46
-49
-54
-58
-64
-69
-74
-85
-93
-101
-104
-117
-121
-126
-124
-119
-118
-117
-116
-114
-107
-104
-96
-88
-78
-73
-76
-65
-62
-53
-48
-39
-27
-14
-1
3
17
22
35
42
41
41
37
38
33
36
31
22
24
22
21
24
25
26
22
27
33
33
39
42
46
47
46
52
53
61
73
80
85
85
76
80
85
83
84
78
68
60
56
52
43
41
30
24
16
2
-2
-4
-6
-13
-11
-9
-9
-5
-7
0
-13
-15
-10
-3
-3
0
4
6
14
23
27
25
20
3
-1
0
-3
-3
-1
-11
-8
-12
-22
-20
-19
-29
-33
-30
-36
-41
-46
-41
-32
-33
-34
-25
-26
-28
-31
-34
-30
-27
-24
-26
-21
-15
-11
-13
-19
-23
-33
-32
-35
-36
-24
-19
-22
-33
-40
-44
-45
-52
-48
-47
-51
-49
-52
-47
-42
-38
-29
-21
-5
11
17
23
28
34
45
52
61
73
76
77
79
82
81
82
77
74
74
62
61
59
48
43
43
38
34
25
25
24
15
13
5
6
3
0
-5
-10
-7
-5
-6
-15
-18
-26
-27
-23
-25
-30
-29
-35
-46
-53
-52
-54
-66
-69
-69
-67
-65
-65
-64
-65
-64
-61
-67
-63
-66
-61
-54
-52
-43
-38
-36
-29
-20
-11
0
7
13
22
25
27
36
32
35
33
45
46
38
40
41
43
40
45
47
49
53
57
58
60
56
52
57
60
64
67
65
71
72
72
79
87
90
86
90
83
90
87
80
84
83
87
88
85
72
67
59
42
34
20
9
-6
-26
-35
-43
-51
-57
-65
-73
-85
-99
-108
-110
-119
-125
-124
-124
-133
-132
-123
-125
-118
-109
-102
-95
-91
-86
-86
-74
-69
-61
-53
-42
-39
-36
-29
-28
-20
-19
-16
-8
-13
0
-1
0
4
0
-6
-6
6
4
3
7
5
4
5
7
6
7
1
-3
0
0
3
6
2
2
-5
-4
-6
-7
-3
-2
3
14
20
18
22
15
13
8
15
33
41
46
57
58
57
59
50
55
59
64
62
60
67
63
72
74
72
76
77
72
73
72
64
63
59
63
59
50
41
35
29
22
14
7
4
1
1
-6
-15
-26
-34
-44
-58
-63
-65
-70
-73
-71
-73
-75
-71
-68
-64
-59
-52
-46
-41
-37
-30
-28
-25
-19
-19
-17
-12
-4
-2
0
2
5
7
16
16
17
22
26
28
25
24
10
3
-9
-14
-18
-18
-17
-30
-37
-45
-46
-48
-46
-46
-41
-32
-31
-23
-11
-3
3
10
18
27
37
45
45
52
51
60
63
62
66
63
63
62
57
59
56
48
42
34
26
24
20
8
5
1
3
-2
-7
-16
-22
-19
-14
-7
-3
0
-2
-8
-15
-13
-22
-22
-21
-24
-25
-36
-44
-45
-54
-56
-52
-67
-71
-75
-75
-78
-84
-84
-89
-89
-87
-86
-83
-73
-69
-64
-57
-47
-39
-33
-18
-13
-2
6
15
24
31
32
32
40
42
49
56
54
58
54
59
61
54
49
44
39
42
41
44
45
45
46
49
46
47
50
51
56
57
57
63
67
60
59
63
63
62
64
66
65
63
68
66
66
55
50
45
43
32
25
19
13
12
-3
-7
-15
-14
-17
-17
-21
-24
-30
-38
-42
-46
-44
-49
-54
-61
-66
-74
-80
-81
-80
-89
-92
-92
-91
-101
-105
-99
-103
-103
-98
-96
-89
-90
-87
-85
-86
-84
-79
-63
-45
-32
-27
-12
-10
-1
12
17
29
41
51
54
57
60
65
64
60
60
60
64
60
56
59
59
63
61
56
55
51
37
30
35
31
33
35
32
35
31
30
27
26
22
22
34
37
39
49
42
38
37
39
33
33
30
25
13
-2
-3
-11
-17
-28
-34
-35
-42
-44
-58
-62
-59
-62
-59
-61
-58
-52
-49
-48
-48
-45
-35
-27
-19
-15
-9
-10
-11
-9
-3
4
5
6
5
-1
-7
-4
-4
0
-7
-11
-7
-8
-10
-10
-1
4
-2
-1
2
3
1
2
2
9
10
12
18
10
5
0
1
4
12
18
15
8
13
13
17
16
15
17
14
15
10
13
15
17
9
10
14
7
14
18
13
18
20
17
21
26
36
41
37
35
42
41
37
42
41
41
36
32
32
27
22
22
20
15
0
-7
-11
-24
-33
-38
-39
-43
-51
-55
-55
-53
-55
-57
-57
-49
-40
-39
-39
-37
-31
-30
-20
-17
-12
-14
-21
-20
-24
-23
-29
-38
-33
-29
-28
-33
-31
-27
-28
-28
-25
-24
-27
-19
-15
-13
-15
-21
-19
-21
-17
-16
-9
-9
-7
-5
-4
-7
-3
7
11
14
22
28
37
45
46
56
62
64
69
66
67
67
63
64
64
57
59
57
53
49
51
51
51
49
46
41
41
43
35
34
33
24
22
28
28
30
24
16
13
8
-3
-12
-20
-25
-30
-32
-35
-42
-46
-48
-53
-60
-65
-70
-76
-77
-73
-75
-73
-75
-71
-68
-66
-61
-61
-58
-59
-56
-56
-52
-47
-44
-43
-37
-42
-35
-29
-29
-22
-14
-8
-7
-1
3
9
19
29
41
51
58
69
66
64
65
63
62
66
64
66
70
66
64
59
57
63
63
65
59
52
53
50
56
53
45
42
38
32
24
28
22
14
12
1
-10
-17
-22
-30
-28
-31
-30
-31
-28
-29
-33
-29
-35
-43
-49
-51
-55
-53
-46
-43
-42
-37
-40
-46
-47
-45
-45
-42
-37
-35
-33
-46
-46
-45
-47
-45
-49
-48
-46
-51
-46
-39
-35
-28
-27
-26
-15
-10
0
3
4
11
11
17
13
8
2
3
4
7
10
11
15
24
23
22
28
36
36
38
41
44
52
51
59
69
73
73
71
76
75
70
73
68
68
62
53
49
51
47
36
24
17
14
14
20
10
6
4
4
1
-10
-12
-15
-13
-19
-26
-31
-35
-32
-30
-31
-35
-33
-33
-31
-29
-36
-42
-36
-34
-34
-40
-44
-41
-44
-36
-38
-42
-42
-43
-45
-37
-34
-34
-33
-34
-31
-36
-28
-30
-25
-20
-19
-13
-10
0
10
12
17
18
12
17
13
9
12
11
16
17
16
15
10
9
8
4
2
0
-1
-6
-6
-9
-12
-11
-5
-8
-9
0
7
16
23
26
29
31
30
30
24
29
34
37
40
38
38
40
29
28
31
31
27
22
30
28
27
30
33
35
35
35
35
35
30
31
33
35
39
39
47
47
39
33
29
21
18
10
2
-5
-7
-14
-24
-40
-47
-53
-66
-63
-67
-73
-79
-86
-95
-99
-104
-100
-95
-91
-90
-86
-78
-67
-62
-55
-48
-42
-38
-32
-27
-27
-25
-22
-15
-10
-1
3
6
13
10
11
16
16
22
25
29
31
34
36
40
41
49
54
60
66
61
65
64
60
55
48
51
57
55
57
60
56
55
54
47
44
38
35
31
32
30
30
33
27
21
15
9
-3
-9
-11
-17
-20
-32
-41
-48
-50
-57
-58
-57
-64
-62
-59
-65
-66
-62
-61
-52
-49
-44
-38
-41
-38
-35
-41
-43
-44
-40
-35
-34
-37
-41
-39
-40
-39
-32
-21
-21
-20
-24
-23
-27
-21
-15
-13
-4
-1
7
12
22
27
32
34
31
30
26
29
34
45
56
64
69
74
80
77
69
68
67
63
63
61
61
65
51
52
51
54
58
50
44
44
34
26
25
19
22
22
19
14
9
8
5
8
11
5
4
-1
-7
-4
-7
-8
-13
-17
-21
-25
-23
-30
-37
-36
-42
-46
-46
-50
-47
-46
-46
-46
-45
-43
-40
-37
-39
-37
-36
-42
-40
-40
-41
-44
-44
-49
-54
-46
-54
-49
-44
-38
-40
-42
-49
-53
-48
-48
-43
-39
-34
-31
-29
-27
-21
-19
-19
-13
-10
-5
2
5
9
9
9
11
13
16
21
22
32
34
40
49
54
58
62
73
79
84
86
87
86
81
84
81
81
75
72
60
57
51
48
45
36
36
30
25
20
15
18
17
15
16
13
10
6
5
-1
-1
-5
-17
-21
-21
-21
-20
-24
-26
-29
-32
-33
-34
-35
-36
-35
-37
-33
-31
-32
-28
-26
-28
-32
-33
-37
-33
-32
-33
-30
-28
-28
-29
-23
-25
-19
-15
-14
-15
-15
-14
-10
-12
-6
-1
-4
5
14
11
8
9
3
2
0
3
7
6
3
1
-1
-10
-10
-12
-11
-11
-12
-12
-5
1
5
10
10
7
10
11
11
18
22
26
31
27
25
27
28
23
25
25
22
19
16
15
10
12
12
9
10
10
7
8
6
11
8
6
6
9
12
14
10
3
2
-3
-8
-6
-9
-10
-18
-20
-27
-31
-30
-41
-39
-41
-40
-40
-38
-34
-34
-39
-40
-36
-37
-35
-36
-31
-29
-30
-29
-37
-34
-34
-32
-31
-28
-25
-20
-17
-20
-15
-16
-8
-10
-2
0
5
14
22
25
28
29
26
33
32
39
44
44
46
48
45
42
42
38
39
44
46
44
47
49
48
42
35
32
37
35
36
31
31
30
28
35
40
42
45
44
39
36
30
30
24
22
17
10
11
9
4
5
-2
2
-2
-10
-11
-16
-20
-28
-32
-33
-37
-43
-38
-43
-43
-41
-40
-41
-42
-37
-38
-37
-33
-33
-37
-40
-42
-44
-42
-38
-39
-38
-39
-42
-44
-40
-38
-35
-33
-33
-28
-29
-23
-18
-15
-11
-9
-6
-3
-2
-3
-8
-8
-12
-14
-7
-3
6
10
13
16
20
18
22
23
21
20
23
34
36
36
39
36
37
25
33
19
22
28
26
22
20
38
23
40
23
24
9
18
30
27
31
25
2
8
27
7
14
22
17
12
-7
-6
-12
-4
10
-4
-10
-6
0
-21
-28
-20
-17
-13
-6
-10
-24
-32
-22
-18
-27
-10
-16
-21
-13
-19
-10
-15
-22
-16
-21
-16
-7
-15
-16
-11
-19
-18
-14
-13
-4
-6
-5
-8
0
9
13
17
18
18
17
17
18
19
24
26
17
17
20
17
14
12
12
13
10
7
1
-2
-1
4
4
2
-4
-9
-6
-4
3
-1
-4
-3
0
-2
-6
-8
-10
-5
-3
-1
1
-5
-11
-3
4
8
10
9
6
5
8
11
5
8
9
6
4
5
4
5
-1
-5
-10
-13
-12
-12
-11
-13
-16
-19
-20
-26
-28
-30
-26
-22
-20
-14
-11
-13
-7
-12
-8
-7
-8
-10
-10
-4
-11
-8
-12
-12
-10
-14
-10
-8
-2
-4
3
2
5
10
7
10
9
8
7
7
4
5
6
5
5
6
10
9
7
8
16
16
12
20
19
19
24
25
25
28
26
26
26
24
24
23
22
18
16
12
7
5
4
5
6
6
7
8
-1
-4
0
-3
-2
-8
1
4
3
5
7
10
7
7
7
8
9
7
6
3
-4
-6
-6
-9
-9
-13
-16
-16
-17
-21
-15
-12
-11
-9
-8
-6
-9
-9
-11
-10
-8
-6
-8
-9
-11
-10
-7
-9
-9
-7
-8
-11
-9
-10
-9
-10
-15
-12
-15
-14
-15
-20
-18
-14
-14
-15
-15
-15
-15
-13
-8
-7
-8
-8
-8
-10
-4
-4
-3
-6
-4
-3
-3
4
9
9
7
10
14
12
13
14
19
18
13
9
4
1
3
5
10
12
11
8
7
5
5
5
7
10
11
12
14
15
20
19
20
22
22
20
19
16
11
14
7
11
8
5
3
-4
-10
-13
-15
-18
-12
-10
-10
-7
-6
-7
-9
-8
-8
-8
-11
-13
-15
-17
-18
-19
-19
-15
-16
-16
-18
-21
-20
-18
-17
-10
-7
-8
-5
-2
1
5
9
8
7
10
10
13
14
18
18
23
24
23
21
20
17
10
13
10
12
13
19
18
16
15
11
9
7
9
12
16
15
14
13
12
10
7
8
6
4
4
3
2
-2
-4
-5
-5
-11
-11
-10
-8
-6
-5
-4
-7
-4
-6
-4
-5
-9
-9
-6
-4
-6
-5
-6
-8
-10
-10
-11
-6
-6
-3
-5
-6
-4
-7
-6
-6
-8
-6
-4
-7
-7
-9
-7
-5
-6
-7
-6
-11
-9
-9
-7
-5
-4
-4
-7
-6
-6
-6
-5
-7
-6
-5
-10
-12
-10
-7
-6
-6
-7
-9
-8
-6
-7
-4
-3
-2
-2
3
6
5
3
3
-2
-4
1
1
4
7
6
3
4
5
4
6
8
8
9
8
9
10
10
8
11
13
14
14
13
11
9
8
5
6
4
5
5
-1
1
0
0
-1
2
-2
-2
-1
-2
-1
-3
-1
-1
1
1
4
3
1
4
4
4
7
5
6
9
8
6
6
4
0
-3
-5
-5
0
0
-2
-1
-3
-7
-11
-9
-8
-9
-8
-7
-11
-7
-10
-9
-9
-11
-9
-5
-1
0
3
2
3
0
2
1
0
3
3
5
5
6
6
2
1
6
5
9
12
11
10
7
4
2
2
4
4
6
7
5
4
2
2
0
-1
1
2
5
6
7
10
9
12
14
11
10
7
5
5
5
6
3
-1
-6
-10
-6
-10
-9
-9
-10
-11
-13
-14
-13
-11
-9
-9
-8
-10
-8
-8
-12
-13
-12
-11
-13
-12
-10
-8
-8
-9
-10
-10
-11
-12
-11
-8
-7
-6
-2
-4
-4
-5
-1
-4
-5
-2
-5
-5
-5
-8
-5
-7
-3
-2
-2
-1
0
2
3
6
10
13
13
13
14
17
19
20
20
19
21
17
18
18
18
18
16
14
16
14
10
9
11
8
7
5
3
4
2
1
-1
-4
-3
-5
-5
-4
-2
-2
-4
0
1
-2
-3
-4
-5
-3
-5
-5
-8
-7
-7
-8
-7
-7
-11
-10
-15
-16
-14
-13
-12
-10
-9
-8
-6
-8
-6
-6
-5
-2
0
-2
0
1
2
1
2
0
4
1
1
2
3
2
1
4
3
3
5
7
8
8
11
10
1
0
3
10
13
6
3
6
12
12
4
1
5
10
10
8
4
2
6
6
4
-2
-2
-4
-5
-7
-12
-12
-12
-12
-13
-12
-14
-14
-13
-16
-16
-12
-10
-11
-10
-8
-4
-5
-5
-6
-7
0
0
0
0
1
5
4
4
5
4
5
4
2
0
3
3
4
5
6
6
4
5
1
-1
0
1
1
1
1
-2
-3
-3
-3
-4
-8
-7
-4
-4
-4
-5
-1
0
2
2
2
5
4
2
5
4
6
6
7
11
13
12
8
9
10
11
9
10
10
9
11
10
11
12
12
12
11
12
11
10
11
9
11
11
10
9
3
5
2
2
3
0
2
1
0
1
0
2
2
-2
-5
-4
-6
-7
-6
-6
-7
-9
-9
-9
-8
-6
-6
-7
-9
-11
-12
-10
-11
-13
-12
-15
-15
-15
-14
-15
-16
-19
-20
-19
-17
-18
-19
-18
-14
-17
-17
-18
-19
-19
-18
-18
-18
-17
-15
-14
-15
-13
-12
-10
-8
-5
-3
0
1
3
5
6
8
10
10
15
14
18
17
19
20
17
19
18
18
21
21
23
24
24
22
23
23
20
18
19
16
14
13
16
13
13
15
14
13
14
13
13
15
11
7
5
0
-1
-4
-3
-5
-7
-7
-9
-4
-4
-4
-6
-7
-10
-10
-10
-11
-9
-10
-7
-7
-5
-5
-8
-9
-8
-10
-10
-7
-9
-9
-5
-5
-6
-6
-7
-7
-7
-5
-4
-4
-5
-5
-3
0
-2
-2
0
-2
-3
-3
-1
1
3
2
3
6
10
10
10
8
7
10
9
7
5
5
4
1
4
4
3
5
6
5
4
5
2
-2
-2
-2
-2
0
3
-11
7
10
-22
6
-8
-8
1
-9
1
0
-9
-3
-7
-4
-9
-12
-4
-12
-11
-12
-9
-15
-11
-6
-8
-8
-5
-4
-6
-1
-4
-4
-3
-6
-3
-6
-6
-6
-8
-3
-7
-4
-5
-6
-7
-5
-1
-2
-2
-3
1
4
3
1
4
4
5
7
6
8
10
11
10
7
7
3
4
3
6
5
4
5
4
4
4
3
5
2
5
5
6
6
2
3
2
0
-1
-1
0
1
0
2
6
6
6
9
8
12
12
11
13
11
12
13
16
14
12
11
14
13
10
11
11
10
5
7
5
4
4
4
2
2
3
1
-1
-2
-1
-4
-4
-7
-6
-7
-7
-8
-7
-5
-6
-5
-6
-6
-7
-9
-13
-10
-11
-12
-14
-12
-13
-16
-18
-18
-15
-16
-14
-14
-17
-16
-18
-17
-13
-14
-13
-12
-11
-10
-10
-7
-4
-3
-2
0
-1
-2
2
2
1
4
2
2
2
1
3
1
0
0
2
2
-1
-2
