6
0
-3
-2
1
1
-2
-3
-5
-1
3
3
3
4
3
0
-2
0
5
4
2
5
4
2
3
4
5
5
5
3
0
0
0
1
-1
-1
-2
3
5
1
3
4
4
5
7
7
6
4
1
-4
-6
-8
-9
-3
0
2
4
1
-3
-6
-8
-4
-9
-8
-5
-4
0
-2
-3
0
-1
-6
-5
-4
2
7
12
6
5
12
13
5
7
13
12
11
7
7
9
12
15
12
10
12
10
7
-3
3
5
0
-5
-6
-3
-1
1
-4
-6
-4
1
-3
-7
-4
-5
-8
-8
-9
-11
-8
-9
-7
-4
-6
-6
-4
0
-2
-7
-11
-7
-6
-5
-2
-3
1
1
-3
-4
-2
3
-1
2
-1
-6
-1
-5
-3
1
-1
-1
-3
-8
-5
3
7
7
4
8
6
3
2
2
0
2
2
1
4
8
9
8
4
4
8
0
-5
1
10
12
9
7
6
5
5
-5
-5
-4
-3
-11
-18
-16
-11
-8
-17
-19
-17
-11
-8
-15
-16
-10
-9
-16
-14
-12
-4
-3
-6
-7
2
8
13
13
8
11
11
11
7
8
12
15
21
12
11
13
8
5
4
8
3
2
2
0
-1
-2
-1
1
4
7
10
15
11
7
7
8
13
11
12
7
4
4
-1
-3
-5
-4
-3
-4
-8
-10
-10
-12
-8
-6
-1
-3
-8
-6
-8
-7
-6
-9
-11
-11
-13
-11
-5
-2
-1
2
4
-6
-9
-3
0
0
-2
6
10
8
8
6
8
8
4
-3
-6
-1
-5
-5
-10
-7
-5
-9
-7
-3
3
5
2
5
12
14
9
11
13
13
13
12
20
16
17
17
15
14
13
5
-3
1
2
2
-2
-7
-6
-9
-10
-15
-13
-6
-4
-7
-14
-17
-15
-7
-12
-21
-16
0
3
-7
-12
-8
-6
-4
-9
-14
-12
-11
-12
-19
-16
-5
1
-4
-13
-8
-1
1
-5
-14
-7
0
5
0
2
7
6
3
-4
3
0
3
-2
-7
-4
3
8
4
8
7
5
3
-1
0
5
11
15
15
10
8
3
0
2
1
1
4
1
2
7
9
6
6
8
11
13
14
16
16
20
20
14
10
12
17
20
17
17
17
15
8
1
1
4
3
0
4
3
3
1
-3
1
1
2
-4
-7
-3
-2
-4
-5
-9
-8
-9
-12
-14
-18
-17
-13
-16
-18
-14
-12
-11
-14
-14
-12
-7
-4
-8
-5
-3
-4
-1
0
-1
4
4
3
-4
-4
2
1
4
1
6
11
12
4
1
-1
-3
3
0
-6
-12
-5
-3
-3
-1
-1
4
2
3
2
0
0
-1
-1
0
5
7
9
8
3
-2
-8
-6
-6
-5
-12
-11
-7
-12
-16
-18
-20
-17
-16
-15
-18
-14
-13
-13
-18
-17
-12
-12
-7
-9
-6
-5
0
-3
-3
5
11
15
5
5
7
14
10
2
4
12
18
22
17
16
23
34
34
24
23
21
20
19
23
25
26
21
19
15
9
11
9
9
10
10
10
5
2
2
3
-2
-7
-11
-15
-5
-8
-9
-9
-9
-12
-12
-5
-8
-7
-9
-6
-8
-10
-11
-9
-7
-2
-1
-1
-4
-7
-10
-8
-8
-7
-6
-9
-11
-6
-6
-7
-6
-9
-2
-4
-1
-3
-2
-1
-5
-6
-8
0
7
-3
-8
-1
7
5
-8
-11
-6
12
15
-2
-5
0
9
11
1
-4
0
9
2
-19
-23
-14
-6
-10
-14
-8
-2
-1
-6
-11
-7
0
0
-9
-5
4
-2
-9
-8
-5
3
1
-5
-4
0
13
10
6
8
13
19
14
12
12
13
18
19
18
17
12
9
9
13
14
13
12
16
11
10
6
-1
2
3
2
-2
-11
-8
-13
-18
-16
-10
-12
-12
-7
-9
-4
-7
-7
-4
1
8
13
11
13
13
8
6
-4
1
8
15
12
-4
1
-2
-10
-18
-20
-15
-6
-3
-16
-9
-1
-1
-10
-9
1
0
-7
-11
-14
-5
10
5
7
12
14
11
5
6
5
3
4
2
1
5
-1
-8
-7
-8
1
3
4
-6
-15
-11
-11
-15
-11
-5
-5
-4
-4
-2
-10
1
4
9
12
2
2
-5
-9
-13
-7
1
4
5
1
6
1
3
-1
-8
-3
2
-3
-7
-2
-8
-4
1
-2
-6
1
9
4
10
11
16
24
30
19
6
10
7
8
8
5
-1
4
7
-5
-12
-14
-14
-10
2
-4
-2
4
2
3
2
1
-7
-10
-6
-3
1
3
-1
-7
-7
-9
-12
-7
-1
5
11
12
2
-3
-4
-7
-6
-4
0
0
-5
-3
-7
-10
-10
-4
-4
-5
-5
-7
3
5
3
6
6
10
12
4
4
11
11
5
8
4
4
13
7
-1
-6
-1
3
8
3
-2
5
8
0
-10
-1
5
2
1
-2
-1
2
-3
-9
-6
-6
-1
-4
-8
-4
-4
-4
-10
-5
-5
-1
0
1
-2
0
4
1
-2
0
1
-5
-3
-2
-2
6
0
-1
9
12
14
3
4
8
10
8
5
7
6
7
3
0
5
5
-2
-2
0
-1
-1
-2
-5
-7
-1
5
-8
-15
-10
-10
-1
-3
-10
-6
1
-3
-8
-3
-8
-9
-9
0
2
1
2
-1
3
-1
1
2
3
-1
-5
0
5
5
0
-5
-9
-5
-1
0
-1
1
3
0
-3
-4
-2
5
5
0
3
8
11
11
-4
7
12
13
13
9
12
6
6
-2
-4
-15
-3
-11
-10
-1
2
0
-16
-16
-19
-13
-3
3
-5
4
2
-2
-2
-2
-1
-1
3
0
0
4
3
0
5
4
5
3
0
1
3
3
4
6
6
4
9
0
-2
5
5
-6
-4
0
-3
-4
-1
-6
-9
5
-4
-10
-7
2
-5
-7
-6
-13
-10
1
1
-10
-10
3
1
-5
0
-1
-1
4
2
-3
1
6
8
15
18
8
0
6
2
3
12
15
6
7
12
4
5
6
5
9
17
9
8
4
6
10
10
5
-1
5
1
7
3
-7
-16
-10
-10
-11
-7
-12
-10
1
-6
-6
-4
-6
-5
-7
-5
-16
-8
-4
-8
-6
-8
-12
-11
-8
-8
-11
0
3
-5
-1
5
7
6
0
1
2
5
5
-3
0
-2
4
-1
-11
-11
-12
-2
0
-7
-6
5
7
1
-8
3
-1
-9
-3
-2
2
7
6
3
0
0
-3
-4
8
8
6
14
16
17
21
23
21
8
12
11
3
0
-6
-8
-9
1
2
0
6
7
-3
-11
-6
-9
-7
-5
-4
6
1
2
1
-5
-2
-3
4
10
-1
-2
-9
-6
2
-10
-10
-12
-10
-11
-20
-17
-13
-6
-1
-4
-9
-4
2
2
1
-1
4
10
8
6
-2
3
15
8
5
9
15
15
14
3
4
6
4
-3
-7
-1
0
-3
4
11
15
10
7
4
-3
-5
-12
-15
-9
4
2
-5
-6
-3
4
0
-10
-16
-9
-2
-5
-6
-9
-5
-2
7
14
13
7
-8
-2
2
4
6
3
4
0
6
3
-5
-10
-10
-2
0
-2
-8
-7
1
6
0
2
-1
-8
-6
-3
0
1
2
5
-4
-3
8
9
6
5
10
9
11
13
3
-3
3
0
7
13
7
4
14
7
-7
-12
-14
-15
-10
-8
-4
-3
2
-10
-19
-17
-14
-11
-12
-18
-13
4
8
-2
-6
-3
0
11
7
8
11
25
14
3
-5
-2
-2
-2
-1
-5
-9
-6
-7
-11
-13
-3
4
3
6
-1
5
1
9
4
3
15
16
11
20
25
22
18
16
8
10
20
11
0
1
13
4
-1
-1
-7
6
8
-5
-9
-14
-13
-8
0
-5
-14
-11
-4
-8
-8
-6
-16
-15
-3
-6
-14
-19
-26
-19
-17
-32
-28
-20
-12
-15
-12
-16
-13
-14
-10
-7
0
10
3
7
16
18
12
10
6
15
14
9
24
16
14
14
5
4
4
12
10
7
11
13
6
-1
-7
-3
6
0
-1
-10
4
17
15
4
5
7
21
17
1
0
6
25
20
10
19
13
11
13
-2
-1
-4
-6
-10
-3
0
7
0
-5
-11
-11
-11
-8
-3
-1
-1
5
5
-13
-13
-17
-16
-6
-8
-15
-8
5
-3
-11
-14
-14
-10
-8
-9
-8
1
-4
-5
-10
-8
2
-1
-11
-2
4
2
-10
-15
-5
-8
-3
-1
5
16
9
-4
1
10
13
3
-6
-3
10
6
-1
-11
-9
-8
-6
-5
-6
0
-4
7
14
8
13
12
7
7
8
11
4
17
16
8
2
5
7
-3
-2
-7
1
3
-9
-5
-4
-7
-11
-21
-12
0
-5
-16
-18
-4
0
1
4
-6
-19
-15
-5
-7
-1
-8
-12
5
7
2
-5
0
-4
9
19
5
3
9
11
-1
-7
-1
-3
0
11
2
2
5
2
-4
3
9
1
5
10
5
12
7
3
5
8
10
-1
-2
6
4
5
16
7
7
13
15
16
19
16
15
15
13
13
13
4
3
6
13
9
-5
-1
-10
0
-3
-8
-13
3
-9
-20
-11
-9
0
-1
5
3
11
4
-5
-4
-17
-13
-9
-7
-11
-8
-12
-7
-6
1
-1
-3
-1
-12
-12
-17
-13
-12
-10
-4
-6
-17
-24
-20
-19
-21
-11
-13
-22
-16
-12
-12
-12
-11
-14
-3
13
11
4
6
14
16
14
3
4
6
15
7
2
2
-2
-2
4
1
-9
-11
-12
-3
0
1
-1
-4
7
14
12
10
6
8
10
17
15
7
-4
-8
-9
-3
-10
-16
-6
0
-1
1
5
-3
6
15
10
6
18
22
28
31
27
16
17
28
26
20
17
9
-3
7
12
13
3
-3
-6
3
8
-3
-2
-1
-13
-8
-5
-13
-6
-6
-10
-2
2
-4
-11
-12
-10
-4
-3
-14
-18
-11
-9
-12
-1
-5
-17
-23
-20
-19
-9
-8
-11
-2
-2
1
1
6
10
0
-12
-19
-9
-1
-2
-5
-1
2
-3
4
7
0
8
11
1
-3
0
3
12
17
18
9
10
10
-4
2
6
0
0
-1
-14
-14
-6
6
7
1
7
8
17
13
14
12
11
9
8
14
21
18
6
0
-2
-6
-7
-2
-11
-12
-21
-21
-19
-18
-13
-1
3
-18
-28
-24
-25
-20
-12
-20
-20
-9
-6
-10
-12
-17
-19
-23
-14
-15
-15
-6
2
11
8
14
11
5
9
16
9
-3
6
8
12
23
25
26
32
30
19
18
11
6
3
11
19
19
21
17
18
13
13
14
19
20
18
14
19
18
15
12
6
-1
2
7
-8
-14
-12
-15
-29
-28
-25
-18
-12
-14
-13
-22
-22
-24
-19
-9
-1
0
4
-2
-10
-17
-19
-20
-20
-7
3
5
10
7
1
2
-1
-2
-1
1
6
10
9
4
3
-2
1
3
1
-2
-11
-11
-7
-9
-8
-8
-9
-2
0
0
3
8
5
9
14
10
9
2
2
8
9
15
18
18
9
3
-4
1
4
1
-1
-1
0
-4
-2
-7
-9
2
6
7
14
16
9
-4
-7
-11
-13
-9
-8
-5
-6
-8
-4
-6
-2
-3
-5
-2
-4
-1
-1
-4
-4
-4
-3
-8
-3
4
6
4
11
12
6
2
-1
-2
-9
-12
-14
-10
-8
-9
-10
-7
0
-4
-6
-12
-4
-5
-4
-7
-8
-5
-10
-9
-9
1
7
8
7
5
4
7
11
10
10
3
0
0
3
1
4
3
6
7
-2
-1
-1
0
-3
-2
3
7
3
5
11
13
15
10
3
9
13
11
8
10
10
-1
3
7
5
10
6
5
13
14
9
10
11
14
11
6
9
7
1
-4
-5
-9
-13
-10
-11
-14
-13
-8
-14
-15
-16
-22
-18
-11
-7
-11
-8
-14
-12
-2
-2
-2
-3
-3
-12
-9
-11
-8
-5
2
4
5
6
2
1
-1
-1
7
15
15
16
3
-1
-1
-4
-2
9
16
19
17
18
12
1
-5
-7
-8
-5
-10
-9
-14
-12
-10
-8
-6
-1
8
4
4
0
1
-2
-11
-9
-3
1
8
13
13
11
9
7
2
1
2
-4
-5
-11
-15
-17
-20
-22
-19
-16
-9
-4
-5
-6
-11
-10
-16
-16
-15
-16
-15
-14
-11
-10
-12
-4
0
4
3
5
7
2
6
17
23
21
22
27
30
32
28
22
27
29
26
30
30
28
18
7
3
3
2
1
0
2
9
8
6
6
8
15
19
21
21
28
30
28
20
27
27
28
22
15
15
13
8
3
-7
-11
-10
-24
-35
-40
-40
-50
-64
-77
-82
-90
-103
-119
-134
-144
-153
-169
-185
-200
-207
-212
-204
-174
-138
-87
-26
34
99
163
229
289
339
373
395
399
397
379
353
313
258
195
113
38
-42
-125
-206
-285
-348
-410
-461
-467
-436
-393
-313
-219
-102
27
152
280
381
475
537
571
578
550
509
445
346
249
142
41
-48
-123
-193
-261
-303
-336
-347
-338
-305
-279
-239
-195
-155
-85
-7
57
122
180
223
235
188
-53
-562
-1080
-1265
-1194
-1205
-1312
-1245
-900
-490
-256
-122
194
705
1047
1006
887
1000
1256
1343
1283
1256
1345
1393
1259
1029
865
725
309
-361
-1050
-1532
-1938
-2339
-2622
-2748
-2659
-2403
-1930
-1314
-549
242
940
1481
1919
2328
2546
2628
2565
2386
2122
1810
1538
1321
1071
686
295
-79
-401
-756
-1122
-1400
-1629
-1802
-1920
-1876
-1654
-1319
-949
-585
-156
282
652
932
1137
1272
1278
1167
998
827
662
471
259
87
-64
-208
-343
-435
-510
-609
-714
-839
-876
-866
-843
-800
-692
-540
-442
-369
-282
-168
-91
-115
-198
-265
-416
-648
-790
-781
-671
-606
-570
-426
-158
118
280
397
580
742
742
650
624
705
769
787
769
797
864
855
783
690
580
345
-17
-412
-734
-1028
-1338
-1603
-1734
-1563
-1285
-971
-550
12
526
823
1117
1333
1463
1495
1462
1355
1265
1226
1105
951
875
816
554
237
-25
-242
-486
-769
-1054
-1274
-1296
-1257
-1206
-1001
-623
-260
6
288
598
812
909
907
842
778
717
607
432
318
242
99
-68
-166
-226
-316
-410
-480
-491
-449
-387
-339
-292
-297
-457
-895
-1553
-2095
-2309
-2189
-2020
-1845
-1593
-1073
-464
-48
246
577
1053
1364
1405
1331
1445
1722
1941
1983
1958
2011
1939
1675
1249
779
217
-511
-1334
-2140
-2705
-3039
-3147
-3091
-2845
-2385
-1739
-925
-99
721
1426
1977
2349
2553
2656
2720
2706
2494
2182
1803
1432
1060
705
297
-200
-713
-1198
-1586
-1896
-2050
-2052
-1906
-1675
-1342
-878
-376
97
468
761
925
1001
964
899
806
683
530
370
272
151
24
-90
-163
-272
-391
-468
-460
-409
-343
-252
-114
93
263
337
314
247
129
-65
-307
-551
-700
-795
-867
-896
-842
-676
-477
-286
-158
-94
-197
-529
-924
-1088
-906
-708
-622
-483
-135
288
513
611
739
1023
1187
1073
849
799
925
1010
1051
1081
1181
1152
954
642
323
6
-469
-1074
-1621
-1947
-2109
-2153
-2050
-1781
-1305
-704
-146
404
1038
1536
1735
1782
1867
1906
1850
1727
1563
1372
1172
882
505
247
37
-362
-866
-1239
-1436
-1608
-1688
-1600
-1365
-987
-590
-240
134
576
853
867
812
842
798
653
497
381
250
101
-59
-187
-240
-269
-315
-375
-333
-242
-160
-94
3
145
265
371
461
554
544
295
-376
-1527
-2676
-3252
-3098
-2834
-2699
-2458
-1700
-660
28
329
596
1254
1765
1726
1309
1219
1623
2059
2240
2192
2288
2350
2179
1604
895
205
-603
-1619
-2681
-3354
-3572
-3347
-2941
-2444
-1812
-1020
-112
715
1396
1833
2127
2183
2121
2064
2075
2168
2155
2054
1857
1608
1273
910
386
-343
-1094
-1722
-2125
-2341
-2283
-2000
-1514
-921
-333
219
710
1094
1177
1038
762
436
125
-103
-226
-316
-318
-246
-124
-59
-27
-83
-175
-311
-479
-579
-493
-245
-19
214
428
697
931
1006
881
636
363
-37
-546
-995
-1210
-1257
-1265
-1204
-1020
-706
-370
-85
62
35
-310
-914
-1411
-1433
-1171
-932
-706
-305
257
636
695
577
598
712
658
383
178
373
781
1194
1512
1832
2080
2105
1836
1326
732
60
-688
-1529
-2209
-2592
-2602
-2344
-1955
-1551
-1146
-644
-202
184
538
884
1115
1339
1670
2030
2387
2646
2783
2627
2242
1682
1010
296
-461
-1232
-1924
-2288
-2366
-2247
-1962
-1486
-931
-402
26
262
369
390
374
232
107
127
300
514
669
772
788
744
564
226
-206
-575
-879
-1084
-1123
-955
-616
-237
113
362
515
549
453
228
-48
-248
-399
-500
-504
-364
-155
-138
-768
-1907
-2781
-2763
-2183
-1805
-1585
-1138
-192
750
1122
1064
1251
1767
1919
1474
918
945
1389
1770
1799
1688
1753
1829
1646
1084
467
-126
-826
-1702
-2454
-2812
-2780
-2433
-2054
-1648
-1164
-503
191
746
1181
1413
1498
1504
1605
1786
1988
2100
2061
1858
1548
1242
873
388
-229
-908
-1535
-1891
-1945
-1788
-1499
-1098
-687
-393
-158
46
207
262
197
61
11
68
216
379
499
596
568
406
139
-54
-219
-371
-551
-699
-672
-505
-198
85
329
508
587
556
434
265
21
-214
-429
-620
-816
-933
-873
-747
-594
-474
-350
-167
77
213
85
-548
-1520
-2223
-2115
-1501
-1054
-839
-490
242
855
956
613
485
779
973
731
415
728
1492
2183
2379
2305
2289
2217
1724
754
-221
-1006
-1682
-2443
-3023
-3142
-2799
-2197
-1641
-1146
-713
-196
344
880
1277
1470
1625
1892
2335
2705
2966
3047
2850
2252
1340
331
-531
-1134
-1724
-2260
-2494
-2262
-1781
-1278
-817
-392
-61
58
42
34
164
325
377
373
455
642
832
955
877
569
26
-536
-999
-1250
-1267
-1135
-836
-394
111
501
850
1089
1148
907
484
94
-227
-492
-730
-828
-773
-657
-630
-602
-508
-453
-473
-565
-484
-305
-230
-732
-1617
-2188
-1906
-957
-196
261
550
967
1127
804
119
-265
-93
135
127
22
482
1369
2353
2852
2809
2502
1971
1235
230
-679
-1391
-1929
-2409
-2680
-2529
-2021
-1350
-877
-617
-565
-503
-308
57
585
1129
1645
2089
2617
3144
3462
3456
3064
2252
1125
-87
-1185
-2007
-2494
-2759
-2749
-2373
-1777
-1214
-768
-300
1
41
-13
-1
196
524
803
983
1230
1511
1563
1312
954
559
13
-667
-1306
-1686
-1765
-1583
-1235
-763
-151
414
831
1089
1214
1114
859
554
250
-49
-332
-531
-690
-814
-988
-1203
-1307
-1232
-1144
-1129
-1059
-806
-389
-32
11
-476
-1166
-1443
-966
-157
480
843
1167
1493
1382
682
-245
-606
-416
-240
-394
-425
221
1389
2491
2917
2934
2707
2254
1355
203
-706
-1353
-1815
-2282
-2481
-2295
-1724
-1049
-603
-427
-464
-506
-418
-1
608
1288
1856
2309
2732
3125
3324
3096
2542
1613
391
-878
-1838
-2389
-2635
-2708
-2655
-2374
-1957
-1556
-1260
-944
-609
-328
-70
244
725
1309
1793
2041
2122
2037
1809
1367
781
151
-513
-1113
-1625
-1892
-1949
-1805
-1551
-1230
-823
-355
118
454
657
772
860
858
743
552
366
201
22
-160
-321
-405
-446
-476
-509
-503
-454
-371
-206
-86
-211
-901
-1796
-2303
-1860
-826
111
733
1165
1569
1483
848
-105
-594
-466
-179
-75
15
731
1928
3051
3417
3167
2613
1837
794
-357
-1200
-1645
-1754
-1930
-2012
-1815
-1337
-810
-549
-580
-825
-979
-861
-348
388
1184
1783
2172
2500
2625
2468
2003
1365
515
-437
-1313
-1829
-1863
-1701
-1645
-1758
-1793
-1691
-1515
-1292
-933
-469
10
461
929
1429
1829
1967
1709
1241
716
267
-51
-202
-308
-525
-814
-1065
-1155
-1146
-1110
-1065
-945
-682
-319
107
568
992
1254
1282
1141
881
598
336
142
-63
-242
-418
-566
-590
-524
-469
-470
-354
-146
168
400
452
-71
-1018
-1785
-1810
-1029
-140
449
624
766
610
27
-764
-1039
-517
239
793
1007
1508
2271
2939
3007
2475
1774
991
196
-568
-897
-820
-622
-724
-1145
-1567
-1886
-2004
-2187
-2345
-2365
-2099
-1400
-379
756
1722
2348
2516
2313
1993
1724
1425
1118
820
461
96
-186
-430
-734
-1187
-1771
-2319
-2501
-2221
-1709
-1052
-304
451
990
1310
1417
1360
1251
1006
634
280
242
459
647
627
372
-58
-578
-1019
-1280
-1238
-956
-595
-258
58
385
582
675
672
637
542
419
370
439
576
615
412
-2
-392
-665
-846
-913
-848
-622
-309
21
289
436
270
-536
-1651
-2381
-2045
-1039
-26
577
803
843
477
-195
-886
-887
-235
596
1182
1523
1994
2502
2784
2503
1791
882
24
-606
-967
-912
-643
-480
-720
-1277
-1849
-2214
-2350
-2417
-2291
-1876
-1136
-226
673
1428
1925
2098
1891
1497
1085
915
952
963
898
820
655
285
-233
-913
-1686
-2207
-2227
-1878
-1329
-699
-55
506
885
946
759
635
663
656
622
769
1006
1120
957
496
-134
-699
-1099
-1287
-1214
-852
-369
55
410
657
697
555
423
363
412
536
703
823
852
714
383
21
-279
-482
-611
-622
-537
-465
-416
-421
-465
-510
-449
-304
-235
-470
-1116
-1778
-1796
-864
310
1025
1118
865
489
-192
-1118
-1776
-1363
-27
1292
1884
1959
2039
2154
1929
1195
427
-45
-212
-373
-501
-354
-69
-92
-699
-1596
-2303
-2569
-2419
-1995
-1366
-657
-66
249
335
431
592
798
961
1113
1283
1482
1595
1465
1097
512
-145
-762
-1186
-1389
-1323
-1061
-715
-490
-491
-604
-652
-421
-43
356
664
896
1068
1145
1113
975
735
439
177
35
55
234
409
408
197
-108
-290
-297
-123
124
399
601
687
680
616
522
375
224
113
153
304
486
570
426
118
-311
-721
-961
-961
-693
-297
87
350
445
385
-14
-1015
-2196
-2761
-2144
-847
303
771
592
51
-948
-2089
-2773
-2127
-413
1362
2298
2312
2029
1799
1567
1070
581
348
335
304
229
277
273
-122
-1143
-2447
-3356
-3464
-2832
-1907
-992
-335
-96
-182
-326
-260
152
836
1532
2069
2365
2497
2446
2060
1398
703
203
-89
-203
-200
-249
-372
-567
-940
-1394
-1440
-976
-296
295
604
679
664
657
585
646
920
1258
1396
1287
1064
717
290
-169
-591
-820
-758
-458
-34
357
512
343
-10
-310
-350
-167
178
588
887
964
737
311
-176
-668
-1116
-1377
-1288
-812
-191
265
443
299
-65
-512
-767
-729
-657
-993
-1802
-2405
-2045
-764
444
840
391
-361
-1096
-1745
-2044
-1507
17
1639
2396
1945
1035
552
575
751
864
1147
1549
1782
1532
918
237
-426
-1220
-2098
-2588
-2291
-1431
-696
-494
-723
-1050
-1314
-1401
-1144
-472
454
1262
1596
1540
1313
1059
776
636
839
1248
1669
1831
1680
1179
548
-12
-446
-602
-533
-294
-118
-48
-97
-291
-475
-587
-508
-263
162
499
480
193
-194
-390
-341
8
526
1085
1510
1591
1357
927
623
467
412
397
399
403
304
117
-139
-435
-703
-931
-1095
-1162
-1106
-881
-535
-229
-107
-232
-497
-684
-714
-590
-345
-128
-96
-615
-1639
-2456
-2297
-1171
-87
243
-163
-708
-1088
-1419
-1630
-1251
-67
1261
1864
1478
727
267
224
415
748
1321
1871
2001
1545
823
272
-126
-459
-709
-687
-367
-94
-184
-640
-1204
-1614
-1758
-1605
-1168
-542
-17
141
-18
-215
-165
101
540
1162
1766
2167
2241
2115
1898
1713
1632
1578
1541
1418
1160
728
240
-204
-635
-1043
-1378
-1568
-1608
-1458
-1250
-1067
-977
-942
-809
-425
276
993
1523
1722
1667
1489
1321
1231
1200
1168
975
577
115
-160
-218
-173
-196
-439
-839
-1230
-1436
-1432
-1312
-1059
-796
-553
-398
-376
-513
-698
-713
-572
-400
-300
-547
-1174
-1730
-1666
-948
-303
-236
-663
-1060
-1137
-1103
-1093
-836
67
1151
1654
1286
525
70
118
441
752
1090
1365
1329
891
380
226
336
458
401
277
198
137
-34
-375
-690
-869
-887
-806
-699
-625
-696
-816
-908
-889
-623
-81
569
893
940
920
1040
1368
1853
2379
2654
2764
2628
2113
1325
579
116
-111
-146
-299
-592
-948
-1319
-1633
-1788
-1642
-1395
-1112
-862
-617
-335
67
545
894
1134
1218
1230
1087
764
383
64
-48
-17
128
222
225
46
-366
-802
-998
-819
-419
-138
-171
-364
-498
-571
-679
-843
-965
-874
-662
-418
-273
-423
-987
-1891
-2558
-2347
-1294
-285
-14
-334
-601
-487
-251
24
476
1348
2143
2150
1349
321
-183
-44
491
1008
1323
1377
1011
396
-129
-255
-99
119
263
375
602
714
618
272
-100
-266
-308
-362
-568
-869
-1190
-1410
-1465
-1290
-869
-360
-42
-79
-232
-77
558
1320
1834
2080
2174
2138
1874
1412
944
767
919
1111
1102
800
271
-442
-1148
-1578
-1570
-1189
-782
-604
-626
-661
-533
-295
-70
57
97
64
-25
-177
-357
-352
-130
224
510
546
320
-46
-361
-432
-204
269
770
1011
863
437
81
-25
-3
-46
-245
-536
-839
-1133
-1380
-1526
-1590
-1877
-2525
-3038
-2652
-1370
-270
-148
-677
-833
-316
195
279
319
991
1952
2279
1648
688
337
670
1159
1291
1145
894
555
138
-79
203
723
1137
1258
1188
1122
1027
723
144
-436
-675
-585
-507
-725
-1174
-1600
-1660
-1402
-1092
-951
-977
-1060
-1011
-681
-84
552
1104
1525
1758
1888
1988
2048
1955
1860
1876
1936
1800
1304
580
-191
-709
-950
-941
-742
-515
-427
-616
-930
-1186
-1243
-1116
-924
-729
-591
-537
-579
-588
-457
-208
90
259
206
-50
-339
-492
-418
-130
337
860
1252
1302
1001
599
374
440
514
365
-16
-435
-722
-911
-1037
-1142
-1182
-1290
-1667
-2294
-2753
-2445
-1419
-515
-447
-979
-1224
-802
-105
200
216
572
1302
1774
1423
611
167
493
1194
1683
1782
1673
1490
1253
1121
1171
1357
1450
1340
1161
958
703
199
-469
-940
-1026
-842
-780
-1058
-1534
-1876
-1884
-1640
-1376
-1207
-1077
-894
-670
-276
264
799
1171
1385
1451
1410
1421
1408
1346
1349
1441
1431
1215
801
292
-90
-155
32
230
260
86
-241
-553
-692
-654
-569
-559
-706
-968
-1210
-1274
-1144
-849
-487
-244
-261
-510
-812
-1009
-971
-640
-35
628
1124
1352
1320
1129
939
866
981
1244
1300
910
237
-354
-566
-532
-489
-573
-707
-852
-1066
-1402
-1754
-1907
-1726
-1169
-619
-483
-895
-1349
-1267
-687
-164
-55
-69
182
564
529
21
-355
-35
837
1562
1777
1658
1568
1560
1533
1552
1625
1683
1533
1143
696
314
-41
-342
-419
-280
-189
-460
-1124
-1810
-2156
-2071
-1714
-1331
-1035
-874
-831
-812
-745
-628
-439
-178
167
592
980
1102
1008
967
1157
1370
1421
1394
1300
1222
1283
1380
1435
1441
1280
889
398
0
-253
-351
-378
-405
-544
-812
-1138
-1389
-1363
-1146
-995
-1099
-1349
-1426
-1232
-799
-315
138
505
730
733
539
373
423
733
1076
1164
903
447
70
-40
28
116
79
-28
-159
-308
-525
-703
-792
-841
-919
-1053
-1011
-671
-307
-385
-934
-1436
-1376
-886
-629
-904
-1268
-1083
-439
29
52
-107
138
847
1515
1662
1401
1157
1165
1372
1569
1697
1684
1575
1394
1183
943
685
354
-105
-524
-751
-811
-906
-1143
-1399
-1496
-1423
-1429
-1621
-1849
-1789
-1371
-876
-448
-61
260
376
339
339
433
571
931
1403
1732
1805
1692
1489
1292
1204
1104
971
893
909
864
644
328
-41
-208
-162
-120
-279
-515
-734
-910
-920
-776
-601
-556
-631
-735
-766
-708
-579
-443
-253
-23
166
265
327
383
361
242
102
43
111
196
205
207
198
163
38
-92
-123
-118
-124
-143
-112
-128
-329
-630
-874
-900
-690
-528
-596
-894
-1169
-1249
-1198
-1181
-1193
-1009
-541
-43
136
-15
-135
77
530
914
1070
1174
1260
1321
1295
1266
1330
1402
1315
982
592
353
290
230
44
-209
-451
-726
-1007
-1260
-1344
-1128
-716
-366
-254
-335
-407
-443
-439
-402
-198
160
547
673
423
167
135
309
446
558
626
748
904
940
872
816
873
957
1024
1028
866
649
468
370
269
90
-121
-356
-532
-670
-714
-688
-567
-417
-385
-462
-520
-432
-248
-120
-162
-333
-489
-585
-600
-522
-369
-203
-98
-137
-234
-284
-271
-200
-79
86
222
258
220
210
319
436
463
338
77
-238
-561
-687
-638
-589
-762
-1073
-1226
-1102
-926
-944
-1034
-946
-612
-301
-273
-363
-244
178
687
997
1058
1015
970
871
744
686
760
953
1110
1070
756
296
-80
-211
-76
141
308
359
306
173
-4
-256
-463
-540
-506
-374
-242
-261
-498
-714
-723
-575
-582
-655
-495
-51
376
534
539
593
836
1067
1150
1136
1178
1232
1136
940
758
711
671
601
504
332
188
25
-71
-57
11
12
-148
-316
-390
-406
-477
-623
-783
-834
-761
-702
-751
-874
-939
-892
-750
-591
-505
-521
-580
-584
-389
-53
253
413
476
513
526
439
334
338
409
397
182
-123
-382
-543
-564
-450
-291
-287
-556
-926
-1126
-1005
-779
-619
-511
-271
-2
8
-248
-504
-446
-185
69
184
289
473
623
635
567
568
628
672
719
824
1015
1149
1123
1006
850
698
448
56
-291
-411
-325
-253
-357
-640
-916
-1024
-1014
-992
-969
-789
-436
-87
40
-21
37
322
665
866
947
1020
1102
1110
961
752
658
737
850
825
686
474
288
205
232
346
406
327
146
44
73
143
98
-170
-485
-693
-806
-833
-814
-745
-666
-620
-714
-880
-949
-896
-699
-483
-283
-118
-91
-173
-231
-167
8
160
218
244
284
343
349
274
164
29
-118
-257
-303
-349
-416
-437
-354
-205
-178
-253
-360
-416
-510
-686
-855
-849
-674
-526
-497
-498
-367
-170
-84
-121
-94
87
328
514
730
1015
1296
1426
1324
1055
731
491
373
368
448
469
382
174
-89
-338
-508
-567
-540
-442
-281
-120
-68
-141
-226
-104
162
332
266
107
75
192
290
303
310
363
402
317
195
196
370
560
650
678
728
778
744
723
749
786
762
535
196
-81
-236
-288
-285
-311
-433
-648
-838
-956
-976
-911
-795
-670
-566
-487
-472
-486
-498
-456
-370
-239
-134
-41
51
116
111
-4
-174
-269
-232
-83
76
193
226
168
61
-12
9
50
36
16
-51
-203
-463
-741
-876
-800
-653
-622
-671
-672
-577
-534
-639
-725
-627
-323
40
335
536
682
769
704
637
608
670
733
691
598
524
481
480
457
377
285
272
298
318
354
321
294
269
214
89
-39
-152
-229
-282
-355
-337
-307
-300
-319
-341
-303
-220
-107
-20
55
187
352
489
590
710
867
992
1055
1020
881
724
577
425
294
243
192
53
-179
-446
-620
-646
-492
-323
-302
-395
-509
-612
-688
-723
-696
-582
-451
-377
-369
-344
-266
-221
-242
-264
-254
-216
-204
-163
-53
95
188
179
157
220
350
440
446
375
271
161
-29
-222
-319
-277
-199
-230
-421
-639
-759
-802
-836
-881
-810
-653
-491
-404
-345
-216
-54
98
198
293
413
491
510
510
585
695
799
825
734
602
522
567
691
803
783
615
336
32
-195
-332
-339
-285
-233
-214
-198
-210
-280
-406
-471
-392
-254
-180
-227
-296
-314
-223
-54
168
381
492
477
394
315
303
334
367
424
519
588
516
344
180
125
214
403
560
537
360
119
-71
-164
-212
-248
-285
-356
-407
-440
-443
-418
-433
-482
-580
-667
-668
-604
-513
-391
-246
-136
-107
-91
-39
84
260
415
471
396
295
225
160
87
9
-65
-135
-204
-340
-515
-630
-588
-433
-336
-416
-626
-782
-777
-617
-444
-291
-130
1
78
10
-93
-73
136
392
509
445
326
291
355
427
543
694
781
727
478
181
1
2
142
327
453
423
247
30
-120
-108
7
96
102
-7
-195
-404
-492
-408
-233
-81
-22
-26
-89
-148
-148
-32
123
173
107
34
67
203
318
342
373
486
651
723
655
536
479
485
488
442
363
330
288
208
93
42
46
0
-170
-404
-553
-564
-457
-333
-243
-220
-263
-358
-432
-403
-266
-91
-35
-74
-124
-175
-214
-257
-272
-246
-177
-126
-110
-112
-116
-69
-13
-15
-158
-342
-525
-611
-578
-460
-253
-59
51
-10
-228
-491
-645
-637
-482
-289
-175
-217
-373
-490
-458
-286
-98
68
176
190
114
8
-6
197
515
723
730
594
458
390
400
486
578
603
517
352
199
68
-39
-94
-82
-20
23
13
-59
-156
-243
-233
-152
-35
4
-22
-7
68
184
246
296
303
324
344
346
391
478
603
659
652
616
596
592
562
485
403
380
386
394
402
375
308
198
60
-99
-232
-331
-365
-373
-375
-348
-355
-403
-471
-484
-475
-462
-498
-536
-563
-531
-461
-385
-293
-241
-213
-280
-427
-530
-528
-399
-272
-161
-53
45
45
-16
-66
-111
-184
-273
-251
-139
-37
-77
-196
-328
-402
-460
-565
-629
-601
-478
-343
-241
-212
-269
-312
-291
-158
29
164
243
304
401
491
560
569
551
597
651
655
561
389
242
195
242
313
308
241
149
84
48
18
-22
-56
-62
-83
-105
-158
-207
-220
-207
-117
36
214
374
482
533
502
426
368
363
437
526
592
624
634
684
698
640
516
396
326
310
278
239
240
287
273
142
-8
-127
-149
-113
-86
-98
-149
-273
-477
-654
-696
-634
-558
-555
-615
-667
-675
-659
-625
-566
-473
-384
-351
-351
-374
-363
-310
-249
-169
-87
-45
-39
-47
-56
-78
-124
-197
-313
-412
-446
-378
-214
-60
7
-36
-182
-352
-496
-549
-505
-422
-339
-313
-341
-352
-304
-236
-169
-67
64
185
243
217
182
243
408
603
755
859
935
937
837
680
498
324
170
51
22
87
158
132
18
-111
-174
-120
2
104
143
147
156
159
132
123
181
286
402
463
472
450
416
389
393
429
480
520
554
539
544
533
543
585
610
610
549
489
406
262
86
-82
-219
-279
-302
-347
-404
-471
-531
-610
-702
-758
-741
-689
-671
-698
-718
-686
-590
-524
-503
-455
-407
-367
-348
-365
-420
-483
-473
-427
-370
-276
-182
-80
16
56
60
19
-37
-78
-121
-145
-169
-226
-304
-368
-397
-370
-326
-320
-382
-458
-540
-594
-537
-432
-288
-159
-28
153
353
511
611
641
637
670
671
655
633
666
719
734
716
637
495
333
198
147
177
181
159
110
66
51
29
-4
-7
9
49
98
152
225
244
201
158
206
338
441
450
397
351
367
398
401
404
415
415
399
366
310
245
160
92
49
36
69
56
-4
-101
-204
-286
-362
-440
-475
-438
-372
-357
-413
-492
-544
-557
-558
-531
-543
-544
-565
-608
-597
-496
-333
-209
-183
-199
-189
-162
-175
-241
-259
-179
-36
96
121
82
36
-23
-120
-208
-239
-186
-130
-148
-242
-355
-399
-401
-360
-310
-287
-273
-270
-272
-226
-159
-76
-36
-37
0
92
204
278
313
324
324
370
439
487
508
541
557
552
561
561
542
486
407
324
267
248
205
142
113
129
186
231
201
153
150
178
218
212
190
202
232
257
247
261
323
363
366
334
274
199
119
43
7
105
250
318
290
192
73
-45
-110
-92
-53
-34
-65
-133
-211
-313
-423
-548
-626
-641
-605
-565
-540
-501
-450
-413
-427
-476
-551
-581
-543
-482
-381
-247
-109
-21
-13
-66
-127
-166
-204
-280
-322
-282
-211
-182
-176
-153
-71
5
-12
-106
-188
-203
-159
-80
-50
-76
-139
-205
-260
-305
-310
-260
-121
27
120
154
186
279
426
568
676
762
811
854
876
878
865
811
716
594
451
309
172
93
71
47
1
-46
-79
-105
-134
-143
-118
-55
5
52
62
60
87
124
153
174
197
186
134
29
-59
-97
-59
14
75
111
126
141
150
130
109
100
140
177
156
64
-50
-119
-159
-229
-355
-450
-487
-470
-465
-480
-495
-507
-508
-519
-538
-531
-487
-374
-213
-85
-43
-48
-99
-146
-183
-198
-167
-116
-83
-94
-98
-101
-41
-4
0
-6
-12
-5
-3
10
28
94
134
136
68
-17
-98
-131
-111
-59
4
35
33
2
-11
9
55
118
221
341
451
511
553
570
592
566
531
481
407
353
281
249
221
194
137
33
-76
-145
-147
-121
-77
-45
-63
-91
-139
-199
-219
-207
-177
-130
-89
-80
-82
-103
-109
-90
-76
-57
-27
54
129
159
170
169
176
198
211
217
245
297
340
360
332
229
86
-74
-212
-264
-295
-302
-318
-355
-353
-369
-418
-459
-460
-432
-403
-367
-338
-304
-274
-244
-190
-119
-56
-49
-35
-2
30
57
78
117
117
90
12
-56
-70
-36
11
25
17
-20
-29
-59
-100
-153
-218
-224
-174
-90
-25
1
15
41
67
106
161
223
291
345
390
424
459
454
419
378
357
347
311
201
124
133
183
207
158
87
45
46
51
44
-4
-59
-102
-134
-172
-224
-250
-248
-219
-192
-214
-217
-232
-249
-274
-292
-254
-141
-13
65
73
62
71
99
150
190
291
398
467
485
470
465
396
244
76
-22
-19
59
119
87
-16
-112
-209
-285
-344
-367
-343
-315
-307
-331
-351
-342
-322
-295
-262
-245
-202
-195
-188
-161
-110
-48
15
29
25
-18
-50
-31
6
38
45
52
35
-3
-68
-154
-221
-224
-166
-61
26
67
44
16
38
78
107
134
156
199
241
267
267
264
304
319
283
200
116
80
57
48
47
36
60
87
81
61
11
-10
3
34
73
75
46
-28
-112
-173
-212
-222
-223
-222
-221
-240
-270
-269
-261
-234
-189
-134
-92
-78
-25
34
97
165
217
292
372
432
442
372
297
212
167
176
231
313
351
334
277
199
119
52
2
-5
-7
-4
-20
-59
-83
-75
-77
-110
-171
-236
-253
-226
-180
-170
-180
-184
-160
-146
-143
-138
-133
-118
-119
-139
-167
-177
-172
-182
-224
-294
-326
-321
-266
-194
-134
-95
-84
-100
-130
-143
-109
-44
25
95
172
246
233
196
180
150
125
89
72
67
72
69
84
109
137
152
137
138
149
191
194
183
178
177
163
120
56
-6
-29
-34
-37
-37
-45
-90
-153
-217
-253
-267
-247
-178
-102
-43
-12
-10
-25
23
120
196
220
234
231
204
150
70
35
55
140
243
330
333
287
181
72
36
29
66
101
104
97
89
48
-28
-93
-123
-134
-130
-134
-150
-160
-135
-111
-105
-125
-183
-245
-270
-236
-200
-170
-177
-206
-209
-174
-117
-118
-179
-267
-335
-316
-262
-187
-140
-106
-74
-97
-137
-158
-137
-86
-17
72
149
218
210
141
78
75
118
121
131
135
188
241
240
205
172
174
164
146
167
214
261
271
260
244
203
142
53
-10
-43
-9
22
31
-3
-59
-109
-147
-147
-165
-139
-113
-96
-67
-41
7
56
111
181
216
240
244
194
163
144
134
144
172
212
241
231
154
58
7
-18
-29
-33
-21
-10
-54
-118
-177
-181
-180
-180
-184
-187
-168
-138
-100
-100
-103
-124
-164
-184
-189
-193
-187
-166
-134
-80
-46
-54
-96
-117
-142
-166
-201
-272
-328
-323
-260
-180
-116
-132
-184
-254
-295
-295
-250
-170
-86
-12
43
84
69
45
17
29
72
125
175
194
204
194
186
189
172
141
146
183
227
268
288
273
259
223
188
152
113
100
94
104
117
107
85
42
-15
-83
-122
-136
-137
-106
-68
-32
35
98
147
173
191
228
257
273
295
311
300
289
255
218
194
173
141
120
107
80
18
-51
-92
-122
-133
-157
-162
-167
-142
-122
-121
-109
-106
-95
-96
-86
-94
-90
-100
-100
-93
-107
-94
-122
-136
-125
-129
-113
-98
-95
-112
-139
-154
-177
-196
-219
-250
-279
-285
-284
-292
-334
-379
-398
-394
-322
-250
-176
-133
-107
-85
-43
-1
49
85
88
118
160
223
240
237
221
202
211
248
271
291
312
332
320
267
230
198
194
206
199
191
180
185
195
191
157
102
33
-62
-129
-132
-125
-87
-56
-32
-28
-30
-54
-71
-52
-25
60
95
87
61
29
38
56
71
80
54
43
13
-17
-25
-53
-38
-47
-55
-88
-101
-122
-146
-128
-92
-56
-70
-87
-103
-107
-122
-107
-85
-71
-89
-113
-105
-65
-31
-5
21
45
44
26
32
37
59
55
11
-46
-100
-119
-96
-67
-44
-67
-119
-170
-207
-237
-209
-161
-103
-71
-79
-76
-65
-31
20
68
85
89
117
125
136
175
212
259
253
234
224
216
199
182
159
159
200
218
177
151
139
149
186
219
210
166
148
107
54
14
5
-6
-14
-29
-53
-91
-108
-146
-161
-162
-151
-152
-175
-175
-157
-127
-118
-118
-126
-121
-93
-69
-53
-56
-59
-57
-52
-53
-52
-64
-68
-70
-59
-65
-67
-76
-124
-148
-178
-200
-199
-205
-184
-161
-179
-180
-194
-168
-141
-107
-55
-21
10
39
69
100
127
140
145
129
110
92
89
106
124
135
100
58
1
-51
-38
15
74
91
80
57
72
82
102
112
117
134
145
137
129
157
161
140
151
129
106
80
38
35
87
128
144
137
140
168
178
197
208
222
220
213
170
110
88
71
52
22
-31
-84
-139
-186
-212
-224
-227
-236
-230
-213
-207
-200
-177
-158
-127
-98
-101
-89
-90
-66
-32
-13
-16
-40
-45
-44
-56
-93
-95
-88
-99
-103
-102
-116
-147
-178
-197
-200
-185
-173
-180
-176
-171
-175
-185
-188
-176
-149
-83
-42
-31
0
2
-11
-7
16
46
94
135
148
140
140
142
145
154
138
124
140
159
173
172
176
203
199
185
170
154
151
167
198
193
195
208
206
181
154
121
89
26
-27
-30
-16
36
81
74
65
28
1
-9
15
57
90
109
126
123
122
141
124
99
53
-11
-76
-122
-152
-174
-173
-156
-172
-189
-205
-224
-215
-180
-142
-142
-142
-144
-150
-135
-104
-59
-67
-114
-150
-150
-139
-134
-150
-173
-192
-164
-148
-152
-149
-130
-98
-62
-28
-6
8
9
9
-1
25
37
6
-36
-64
-78
-74
-49
-23
11
7
11
-2
-20
-30
-14
25
44
75
88
98
128
152
159
147
135
147
152
156
152
133
142
167
181
184
185
191
209
243
289
329
324
288
232
157
75
36
46
60
74
59
12
-41
-103
-159
-208
-230
-205
-154
-107
-71
-54
-39
-18
-49
-55
-58
-68
-68
-64
-34
3
47
37
-9
-37
-52
-44
-45
-72
-78
-59
-39
-35
-52
-90
-112
-134
-150
-143
-169
-185
-191
-190
-160
-149
-153
-165
-176
-171
-162
-134
-76
-26
35
93
121
112
65
31
23
30
62
96
104
85
70
68
79
69
58
50
50
51
50
48
61
78
89
75
34
2
-20
-22
-31
-9
19
27
20
15
20
40
49
65
86
99
126
129
130
121
143
178
179
175
177
144
117
70
49
20
-13
-22
-51
-95
-140
-166
-179
-168
-163
-154
-151
-177
-192
-197
-184
-152
-116
-74
-42
-44
-41
-30
-13
10
44
79
104
118
149
156
140
147
156
160
130
103
69
49
46
46
32
26
-8
-65
-110
-134
-125
-103
-101
-117
-135
-136
-121
-125
-119
-93
-54
-7
17
10
-2
-12
-7
28
61
74
77
76
77
74
79
87
93
74
51
33
3
-7
-12
-6
-11
-37
-52
-65
-98
-120
-130
-102
-61
-40
-41
-55
-70
-68
-48
-33
-13
-8
1
25
43
86
134
157
167
150
115
108
86
66
77
71
63
39
8
-46
-101
-123
-120
-111
-122
-132
-131
-132
-132
-147
-144
-157
-162
-145
-124
-90
-65
-33
-5
25
47
50
55
54
68
86
102
140
170
207
203
169
167
174
178
154
136
115
106
94
70
58
67
73
66
60
31
3
-6
-8
-7
0
-9
-31
-62
-81
-82
-64
-47
-22
-21
-9
3
-1
8
19
45
64
78
99
103
92
94
86
87
61
27
-6
-50
-83
-115
-146
-157
-159
-165
-198
-238
-269
-289
-268
-237
-214
-204
-184
-184
-188
-151
-106
-64
-23
3
31
61
68
65
47
33
40
50
37
28
11
8
39
48
21
12
1
-19
-62
-87
-91
-73
-37
-20
-24
-39
-26
-35
-22
-3
0
30
42
57
74
94
118
117
123
134
160
176
193
216
215
230
222
219
235
220
216
241
250
262
239
189
131
83
65
54
42
26
10
-23
-54
-90
-112
-104
-122
-153
-166
-160
-139
-132
-107
-87
-63
-25
-3
-7
-23
-8
-3
6
11
10
8
23
10
-19
-37
-88
-135
-153
-141
-113
-99
-109
-131
-150
-170
-177
-179
-180
-166
-154
-117
-72
-50
-65
-86
-102
-106
-82
-77
-74
-76
-64
-41
-40
-56
-51
-48
-58
-53
-30
-4
2
17
19
33
52
80
103
109
117
111
103
94
64
26
8
18
45
53
40
44
48
46
59
78
100
100
101
130
147
177
193
209
210
214
218
200
186
160
145
139
128
128
137
139
130
109
92
34
-14
-50
-81
-89
-83
-73
-85
-85
-100
-111
-114
-127
-130
-121
-98
-79
-63
-49
-31
-14
7
-3
-18
-43
-71
-72
-70
-45
-33
-18
-8
-18
-42
-71
-95
-104
-94
-89
-73
-71
-62
-63
-84
-96
-95
-106
-125
-137
-138
-137
-117
-106
-101
-93
-95
-104
-113
-100
-89
-76
-61
-27
-14
-22
-16
-7
10
41
63
65
73
55
46
55
39
18
5
15
37
60
77
67
42
17
17
43
88
106
117
140
138
122
129
157
170
159
148
130
133
147
166
175
179
179
165
159
159
162
165
158
131
115
102
86
56
30
21
-8
-38
-60
-74
-98
-108
-138
-143
-148
-163
-164
-185
-186
-177
-149
-155
-156
-165
-168
-169
-172
-157
-122
-98
-79
-63
-68
-75
-72
-67
-44
-18
-4
7
7
16
10
29
33
22
11
-7
-18
-12
-21
-45
-57
-71
-72
-73
-82
-94
-78
-61
-41
-23
-6
11
41
67
83
100
98
106
109
116
130
141
129
110
87
84
74
75
80
66
60
36
36
48
33
33
39
25
10
3
-3
-13
-23
-10
15
28
24
26
15
-16
-20
-7
23
50
61
77
73
64
53
46
27
11
11
12
12
2
-15
-26
-47
-60
-63
-71
-82
-97
-114
-112
-93
-87
-69
-47
-52
-44
-53
-63
-69
-65
-48
-27
-9
-1
3
-5
-3
3
13
27
29
48
71
106
122
106
98
91
75
67
62
52
49
24
-6
-36
-49
-48
-38
-52
-76
-87
-90
-87
-91
-80
-64
-49
-47
-48
-53
-56
-46
-41
-36
-38
-32
-32
-22
-15
9
26
12
2
-15
-22
-27
-12
21
44
70
63
55
44
28
13
-11
1
4
9
4
-6
-16
-44
-32
-25
-15
8
34
47
48
42
42
44
48
60
70
96
109
108
102
67
48
39
32
61
72
66
60
56
45
28
15
-5
-20
-20
-24
-40
-39
-35
-53
-53
-45
-49
-47
-89
-115
-99
-65
-35
-12
4
9
0
-12
1
-3
14
10
9
15
22
30
15
4
-13
-32
-38
-18
-4
-3
-11
-14
-23
-48
-56
-64
-63
-62
-51
-39
-48
-46
-77
-86
-91
-89
-89
-81
-59
-43
-18
-6
-2
-3
0
9
13
20
29
43
47
49
57
72
86
86
77
57
33
26
17
15
7
13
31
25
42
45
59
59
54
48
41
27
30
37
43
46
45
51
36
37
22
28
43
52
54
43
41
35
40
26
25
38
46
48
46
38
22
20
9
7
26
35
28
13
-15
-34
-23
-22
-9
-2
0
-9
-34
-40
-42
-38
-33
-27
-22
-18
-15
-5
5
-3
-11
-20
-34
-50
-46
-49
-73
-84
-87
-74
-82
-94
-112
-132
-141
-157
-168
-178
-179
-164
-157
-151
-147
-136
-128
-135
-123
-109
-96
-66
-57
-38
-3
33
55
50
43
38
39
59
79
108
122
102
88
76
77
60
47
43
43
59
73
93
97
88
74
62
66
70
80
88
96
120
123
125
126
118
109
100
113
106
102
99
106
125
135
153
141
106
77
66
60
74
70
76
69
69
68
45
20
7
-3
-5
6
0
-2
-6
-8
-24
-63
-82
-90
-81
-82
-84
-55
-55
-68
-77
-86
-105
-106
-121
-151
-162
-153
-139
-122
-95
-99
-107
-135
-138
-158
-161
-147
-128
-105
-94
-90
-94
-87
-107
-119
-127
-127
-122
-114
-100
-75
-50
-34
-10
-16
-36
-49
-56
-51
-24
6
35
54
72
81
88
86
82
85
95
89
83
93
104
119
111
118
106
101
103
91
80
73
65
56
61
62
63
44
30
37
52
60
83
104
98
95
89
73
54
48
55
61
81
94
93
91
106
115
120
124
105
76
65
65
75
78
61
52
30
12
-13
-35
-57
-77
-73
-73
-61
-66
-83
-101
-122
-120
-136
-130
-126
-136
-134
-137
-129
-136
-138
-158
-156
-150
-146
-135
-120
-111
-110
-109
-85
-78
-74
-72
-65
-59
-56
-51
-42
-38
-34
-28
-15
-18
-24
-33
-51
-49
-24
0
20
37
37
43
46
52
54
57
59
61
75
83
83
75
89
82
90
91
87
84
74
61
67
83
97
109
118
123
101
96
86
83
92
102
95
91
82
63
44
31
25
38
48
60
75
77
88
85
74
69
67
65
50
46
60
52
52
40
24
19
-15
-32
-55
-68
-60
-53
-60
-70
-69
-64
-66
-64
-67
-79
-89
-111
-122
-126
-133
-121
-115
-128
-130
-142
-150
-154
-156
-159
-160
-147
-133
-123
-118
-115
-123
-124
-117
-108
-97
-79
-64
-69
-62
-65
-62
-57
-50
-45
-41
-25
-19
-24
-32
-23
-22
-21
-5
5
20
41
51
73
76
82
84
102
108
111
122
130
146
167
179
186
187
188
195
185
177
163
163
169
164
152
144
127
100
97
84
74
72
71
56
41
46
28
23
34
36
41
41
38
39
36
33
23
21
44
48
32
28
11
-10
-15
-18
-14
-15
-21
-43
-52
-60
-63
-68
-72
-77
-86
-95
-108
-118
-136
-149
-161
-155
-156
-170
-170
-178
-185
-180
-164
-153
-150
-125
-122
-120
-106
-112
-114
-109
-99
-90
-95
-100
-98
-97
-83
-66
-37
-14
-13
-12
-15
-29
-18
-7
0
11
21
35
44
43
33
27
22
32
30
46
56
53
80
89
106
112
117
134
123
133
145
159
165
181
185
191
180
157
141
125
117
98
91
73
75
61
60
48
34
29
15
12
12
31
32
32
25
27
37
38
28
20
9
-1
9
21
28
30
28
17
7
-1
-16
-24
-27
-14
-12
-22
-43
-32
-38
-39
-52
-65
-86
-95
-92
-85
-66
-64
-62
-73
-82
-96
-94
-89
-89
-88
-75
-76
-87
-100
-104
-94
-79
-78
-86
-94
-94
-91
-75
-57
-35
-35
-39
-35
-31
0
4
7
15
2
6
4
4
-3
-3
-14
-14
-16
-6
4
4
16
15
25
12
15
38
59
70
83
96
99
96
78
76
64
59
45
44
44
51
50
45
41
26
40
43
49
57
53
57
52
56
55
42
33
23
15
-1
-2
-4
-3
-8
-18
-32
-40
-43
-39
-30
-31
-19
-10
-5
-2
-1
4
13
11
4
1
-2
-2
-10
-4
3
4
1
-8
-25
-36
-21
-24
-18
0
2
15
5
8
7
-2
-20
-37
-36
-49
-55
-47
-36
-33
-38
-45
-35
-43
-36
-15
-14
-3
8
17
16
16
16
14
16
9
14
9
6
21
8
9
6
0
-3
-14
-9
-21
-10
-2
-9
-6
-5
-5
-16
-15
-22
-18
-10
-17
-10
-15
-14
-7
6
0
9
12
18
13
9
21
22
28
28
29
28
20
13
9
2
8
5
7
4
3
1
-10
-2
-5
-17
-16
-8
4
12
11
15
19
15
-2
-17
-22
-16
-2
5
11
25
29
23
4
-16
-23
-19
-10
3
13
43
59
58
55
53
50
51
64
67
75
75
83
80
51
48
20
-5
-13
-14
-8
-17
-15
-7
-18
-23
-27
-37
-33
-43
-43
-45
-50
-56
-48
-41
-52
-44
-49
-55
-65
-67
-62
-59
-55
-59
-49
-52
-50
-42
-44
-37
-38
-21
-9
-8
-2
3
9
5
4
1
8
-6
-4
-13
-12
-7
-9
-8
-2
3
5
20
24
23
15
14
22
34
44
45
53
46
34
36
26
28
26
23
10
3
2
-1
-12
-18
-11
-26
-38
-55
-64
-58
-54
-38
-38
-35
-23
-16
2
15
32
60
70
80
82
94
94
81
63
59
56
60
73
65
56
39
33
25
19
17
29
22
9
6
11
9
0
0
-15
-8
-7
-10
-14
-19
-33
-42
-40
-46
-56
-54
-50
-39
-33
-31
-33
-40
-49
-62
-49
-34
-24
-22
-25
-22
-10
-16
-28
-30
-19
-20
-23
-35
-33
-34
-31
-21
-18
-16
-19
-15
-22
-13
-6
3
20
22
22
34
44
41
48
54
51
47
42
40
36
50
64
63
63
60
44
36
22
6
10
1
-6
-11
-14
-14
-23
-20
-21
-23
-22
-29
-22
-28
-31
-15
-10
6
4
-1
-11
-25
-20
-24
-18
-7
10
6
2
4
-10
-9
-21
-24
-7
-3
2
4
9
21
11
8
3
-2
13
22
21
20
10
14
15
14
26
14
3
5
-18
-14
3
-4
11
14
13
20
15
16
14
11
16
8
4
1
-11
-28
-28
-48
-52
-53
-67
-62
-63
-57
-54
-39
-45
-46
-36
-34
-39
-43
-33
-18
-20
-22
-13
-16
-20
-9
-3
1
9
16
28
30
39
38
46
51
57
75
75
87
92
92
87
86
69
58
53
37
28
19
16
4
4
-6
-14
-17
-19
-26
-30
-25
-20
-17
-8
2
13
4
3
-2
-5
-4
-2
7
1
7
13
5
4
10
14
3
-8
-8
-15
-14
-5
-5
-15
-15
-15
-27
-36
-27
-21
-19
-14
-30
-35
-42
-48
-51
-47
-52
-38
-48
-33
-22
-36
-31
-35
-30
-31
-34
-37
-26
-21
-15
-19
-18
-11
-3
-7
-20
-31
-29
-31
-40
-32
-33
-38
-39
-46
-39
-28
-12
2
7
15
30
52
62
72
92
102
106
106
109
111
118
122
127
126
119
123
117
111
87
83
75
65
48
31
27
19
10
9
9
5
3
-16
-13
-17
-27
-24
-31
-35
-38
-41
-65
-74
-76
-100
-103
-106
-96
-97
-87
-85
-82
-87
-90
-96
-98
-73
-68
-52
-45
-37
-47
-46
-46
-46
-38
-32
-26
-22
0
14
17
31
54
73
79
80
88
86
87
80
72
70
70
72
57
42
42
35
23
24
23
24
23
23
18
3
-1
-10
-31
-40
-35
-35
-39
-32
-32
-39
-39
-43
-46
-49
-40
-40
-37
-33
-43
-42
-43
-43
-32
-42
-32
-6
0
-3
0
7
19
24
29
32
43
57
57
67
76
77
79
77
65
55
50
53
45
44
39
38
32
32
28
13
-6
-26
-33
-45
-47
-52
-49
-39
-46
-40
-35
-38
-47
-37
-26
-27
-18
-17
-16
-10
-2
1
13
6
0
2
4
12
2
-8
-7
-2
6
3
11
5
6
11
17
19
12
15
27
30
21
11
8
-7
-9
-5
-8
-5
-13
-9
-22
-35
-29
-27
-16
-22
-19
-19
-23
-28
-35
-43
-54
-66
-72
-69
-58
-53
-46
-42
-40
-36
-33
-27
-15
-4
3
11
15
26
35
44
60
74
79
82
85
87
90
88
92
97
92
87
82
69
63
37
19
18
19
16
1
-9
-6
-4
-15
-27
-35
-36
-52
-45
-43
-46
-38
-43
-48
-41
-43
-39
-42
-49
-48
-51
-45
-39
-42
-44
-19
-17
-22
-21
-20
-18
-20
-10
-8
-7
3
-8
-11
-17
-9
-3
-4
2
-2
2
19
12
17
30
33
43
41
53
57
51
37
44
46
40
46
35
31
19
6
14
12
17
7
11
10
10
13
4
4
5
2
8
15
15
11
4
3
2
0
2
17
11
10
13
5
7
6
4
6
2
-6
3
4
8
19
15
19
14
9
13
0
-8
-2
-11
-10
-11
-14
-16
-19
-16
-27
-35
-49
-46
-51
-43
-51
-66
-60
-68
-60
-59
-61
-57
-64
-61
-54
-41
-30
-33
-39
-40
-44
-33
-33
-22
-15
-6
-4
-4
-7
-4
8
3
12
4
9
12
10
18
19
21
24
29
34
24
29
29
24
26
27
35
39
30
33
32
35
34
26
29
28
44
43
41
40
32
35
40
37
38
35
25
31
21
13
8
3
9
-2
-15
-7
-15
-22
-35
-40
-32
-45
-40
-28
-12
-6
14
35
35
34
37
42
33
29
23
35
42
38
52
47
20
7
-5
-6
-12
-2
7
4
15
14
8
15
18
17
27
18
10
9
5
0
-5
-11
-7
-4
-11
-14
-29
-39
-34
-39
-41
-37
-21
-29
-39
-36
-50
-60
-60
-60
-60
-63
-62
-57
-57
-57
-47
-44
-33
-22
-19
-16
-15
-24
-15
-5
-16
-7
-1
3
6
12
-3
2
17
21
23
27
29
30
18
14
19
27
35
31
33
24
4
-10
-13
-19
-9
11
7
-3
-17
-21
-24
-20
-9
-12
4
12
10
7
2
-2
-7
-2
-8
-15
-13
-2
-10
-11
2
-20
-28
-25
-18
-23
-3
5
-3
23
21
11
20
19
8
14
25
35
34
29
-13
-18
-17
-4
-5
7
47
59
83
81
58
39
35
29
0
1
34
48
46
46
29
-7
4
15
19
31
39
29
28
-2
-15
-21
-29
-21
-3
34
48
31
15
8
3
-2
-4
-9
-8
26
24
8
-18
-38
-29
-25
7
0
-8
8
7
3
19
8
-6
-33
-35
-39
-58
-57
-67
-69
-67
-67
-58
-50
-36
-16
-21
-27
-18
-33
-30
-15
-18
-15
-14
-22
-27
-12
-6
10
15
6
4
5
-5
-9
-2
10
19
21
27
18
10
9
17
20
17
20
24
24
26
23
21
18
15
11
13
12
22
29
26
33
22
23
23
19
3
5
23
25
19
20
9
4
16
9
8
7
0
-11
-15
-13
-14
-8
-13
-27
-30
-40
-48
-52
-50
-39
-36
-35
-45
-50
-43
-35
-29
-28
-14
-2
-7
-10
-27
-40
-52
-63
-53
-55
-47
-50
-49
-55
-45
-19
-34
-51
-52
-29
-39
-29
-8
8
5
-5
2
12
30
43
73
67
63
60
42
34
31
34
36
31
24
25
46
83
76
82
77
62
56
51
55
71
93
104
108
86
62
28
28
38
33
33
39
38
35
37
40
52
50
58
51
43
36
27
35
41
36
18
7
0
-25
-31
-33
-40
-50
-56
-66
-64
-51
-33
-5
-1
-4
-7
-19
-30
-37
-47
-63
-65
-59
-65
-61
-68
-70
-72
-77
-83
-92
-89
-91
-88
-78
-67
-61
-46
-29
-27
-31
-40
-46
-41
-44
-40
-38
-30
-30
-32
-30
-37
-36
-36
-45
-37
-44
-47
-35
-37
-40
-28
-13
-10
-2
9
12
18
18
19
14
21
21
38
43
57
68
72
71
75
77
57
54
54
53
55
64
58
50
54
56
50
54
49
47
45
42
50
38
40
33
19
23
28
36
48
49
48
49
52
56
54
59
65
64
65
70
62
55
48
36
29
18
24
16
5
5
1
-2
-11
-18
-28
-33
-26
-24
-33
-40
-46
-43
-53
-52
-51
-60
-54
-63
-71
-67
-69
-53
-62
-67
-66
-68
-55
-57
-54
-43
-39
-41
-48
-47
-54
-49
-50
-56
-47
-47
-41
-36
-26
-22
-27
-29
-25
-14
-15
-16
-6
1
2
4
13
14
22
23
27
32
36
40
40
33
36
33
43
38
26
22
12
22
15
25
23
29
13
0
-8
-16
-29
-32
-26
-22
-18
-26
-30
-21
-17
-21
-15
-22
-22
-26
-27
-23
-18
-9
-5
7
5
2
-1
-5
3
2
2
16
27
21
28
28
26
24
13
19
9
7
-6
-1
7
13
20
13
15
16
17
25
19
26
31
22
20
23
24
20
36
32
38
34
27
29
33
21
13
8
18
32
24
26
26
33
34
39
37
35
34
25
22
25
19
35
42
36
23
22
15
12
6
2
7
12
14
13
14
20
31
20
19
9
4
0
-1
-2
0
-4
-4
-1
-13
-12
-9
-13
-22
-22
-18
-17
-17
-29
-42
-43
-54
-69
-70
-67
-66
-67
-67
-64
-66
-72
-60
-65
-53
-56
-42
-39
-49
-52
-46
-33
-31
-32
-37
-32
-32
-22
-32
-38
-32
-36
-25
-25
-30
-24
-27
-34
-27
-27
-28
-21
-14
-2
2
5
13
23
25
32
38
44
32
20
33
34
34
35
29
21
19
15
17
21
27
32
22
15
12
14
4
2
-2
-15
-9
-14
-19
-15
-9
-10
-10
-13
-10
3
12
29
31
42
54
52
47
53
61
73
81
84
93
88
82
74
72
69
57
51
41
36
33
31
28
22
24
9
11
11
9
6
-4
-8
-16
-16
-26
-24
-20
-25
-35
-40
-40
-43
-56
-54
-48
-61
-51
-61
-69
-62
-63
-59
-66
-62
-60
-59
-58
-64
-58
-55
-52
-45
-36
-38
-39
-29
-29
-23
-23
-11
1
7
17
14
16
16
12
18
18
20
24
34
34
36
33
27
31
28
23
12
10
8
10
16
10
18
24
32
26
21
33
33
36
39
48
62
50
53
47
50
59
45
53
45
38
33
26
24
21
13
6
10
15
11
3
4
4
2
0
0
4
8
3
-6
-12
-20
-32
-40
-35
-34
-42
-45
-53
-61
-46
-39
-37
-37
-37
-38
-45
-43
-46
-43
-41
-39
-35
-35
-32
-31
-28
-29
-32
-23
-12
-1
9
18
15
18
19
26
25
25
26
21
21
15
13
10
7
-2
0
-6
-17
-14
-10
-15
-17
-14
-25
-27
-21
-13
-23
-21
-9
-6
-6
-12
-12
-13
-10
-1
-1
-18
-20
-19
-12
-7
-4
0
7
7
7
11
14
20
19
22
22
26
17
2
-2
1
11
15
20
18
18
21
17
15
20
18
15
9
13
11
16
18
14
18
17
14
12
17
30
28
24
23
21
27
18
27
12
25
29
22
23
29
41
39
25
22
32
18
21
21
8
9
12
9
3
1
7
-2
-3
-13
-18
-21
-22
-17
-15
-18
-19
-22
-23
-28
-27
-27
-36
-37
-39
-41
-37
-33
-22
-12
-5
-3
-1
1
-6
1
-1
-1
-6
-14
-7
-9
-15
-14
-13
-15
-27
-22
-20
-21
-41
-37
-34
-45
-35
-44
-45
-40
-38
-43
-37
-31
-34
-31
-35
-32
-29
-18
-3
-9
1
1
4
9
15
26
36
38
36
44
29
28
38
32
30
38
37
27
31
32
30
25
26
24
31
24
26
36
28
36
24
30
36
29
20
29
23
20
16
18
17
7
9
5
13
12
6
-3
-10
-2
-16
-16
-19
-25
-22
-28
-11
-9
-9
-11
-5
-8
-8
-6
-5
-4
1
-2
-2
-8
-11
-5
-9
-3
1
-1
-2
1
-4
-5
2
-3
-4
-5
-3
1
-6
4
5
-3
-8
-15
-11
-20
-31
-21
-14
-13
-15
-22
-24
-23
-21
-10
-13
-4
-7
-3
3
0
-3
5
9
6
5
-6
-12
-17
-11
-7
-1
-2
4
-4
-6
-6
-6
-5
-5
-3
4
-4
-10
0
8
16
20
25
24
16
23
31
39
44
41
38
28
30
26
26
30
18
12
6
6
6
-1
7
12
4
-1
4
5
3
2
10
19
10
10
-4
-2
-4
-6
0
-1
-5
-4
-7
-5
-2
-6
-5
-9
-4
-4
-9
-8
7
-3
-11
-6
-16
-15
-13
-19
-22
-21
-29
-28
-34
-26
-19
-38
-40
-48
-46
-51
-52
-44
-46
-42
-41
-39
-29
-28
-20
-35
-29
-33
-27
-14
-7
4
1
-4
-12
5
19
23
19
21
28
13
12
14
14
5
15
34
26
23
29
21
24
27
25
44
33
47
72
61
38
14
-1
-10
20
58
72
78
63
58
71
42
23
19
17
29
31
29
36
30
-6
-1
7
2
24
7
4
8
1
-6
-20
-15
-10
-20
-17
-29
-43
-39
-45
-45
-25
-18
-15
-14
-7
5
-11
-18
-30
-31
-30
-28
-25
-24
-21
-20
-10
-12
-24
-43
-55
-57
-63
-53
-41
-32
-25
-24
-20
-11
-20
-34
-32
-21
-12
4
15
18
18
19
22
10
19
23
12
14
16
19
19
27
26
34
35
35
26
24
16
5
16
17
1
-4
1
1
-4
4
7
3
12
4
11
12
17
13
13
18
18
13
17
19
7
16
19
20
21
22
18
21
13
-5
-10
-16
-21
-20
-18
-19
-18
-19
-25
-34
-36
-36
-28
-33
-32
-31
-37
-34
-32
-30
-22
-19
-16
-15
-5
4
-7
0
2
3
3
7
3
10
9
17
21
14
13
13
14
19
20
17
17
13
3
-4
3
1
-3
-7
-7
-7
-11
-11
-11
-9
-6
2
-5
-8
-1
-3
-6
8
6
8
18
14
21
14
15
12
11
4
-5
-3
-5
1
2
4
8
3
-3
-14
-8
-2
5
9
4
4
8
3
8
8
7
8
4
3
6
11
21
31
27
22
16
25
27
33
31
28
23
22
21
17
16
20
18
10
16
16
16
9
-4
-11
-13
-13
-11
-18
-16
-9
-11
-17
-21
-16
-19
-17
-11
-13
-21
-17
-23
-16
-11
-16
-14
-23
-17
-8
-4
-11
-24
-15
-15
-20
-18
-17
-13
-15
-18
-20
-18
-14
-18
-12
-4
-9
-12
-9
-10
-4
-6
-1
4
-6
-1
2
2
8
17
9
6
5
8
14
7
7
9
6
-5
-5
1
0
5
11
5
7
2
-2
-5
-4
-2
-2
-8
-18
-14
-6
-17
-13
-14
-13
-11
-9
-10
-13
-4
-6
-3
2
1
7
-1
-4
-10
-19
-21
-19
-12
-13
-10
-14
-19
-27
-18
-23
-21
-12
-9
-10
-8
-6
2
5
0
2
1
13
10
15
14
21
27
24
30
42
42
36
36
33
29
34
41
43
44
40
38
35
36
22
20
28
33
34
24
22
18
25
24
19
16
13
8
13
11
12
10
16
15
9
11
6
7
8
3
-11
-10
-13
-11
-14
-13
-9
-12
-12
-11
-11
-17
-12
-11
-7
-7
-17
-18
-11
-19
-14
-20
-14
-13
-26
-28
-30
-24
-25
-18
-19
-19
-15
-23
-22
-19
-11
-9
-22
-22
-14
-14
-16
-12
-12
-9
-17
-12
-9
-11
-7
-9
-8
-7
2
-1
-3
-6
2
3
-1
-1
-4
-7
-12
-13
-16
-17
-10
-19
-14
-10
-23
-14
-18
-9
0
-6
-6
0
-9
-9
-1
2
15
9
9
13
5
7
10
8
15
11
13
19
19
15
22
19
22
28
17
29
24
24
23
23
35
34
27
24
21
17
21
23
22
18
5
5
9
9
10
4
-1
-2
-11
-15
-18
-9
-6
-9
-5
-5
3
-2
-4
-5
-5
-8
-14
-10
-9
-5
-6
-5
-8
-20
-21
-20
-14
-12
-11
-9
-6
-8
-7
-10
-8
-10
-9
-5
-7
-4
-7
-14
-9
-7
-4
0
0
6
11
13
10
8
10
6
8
7
8
11
7
14
10
8
13
14
16
12
4
4
7
5
3
5
7
4
2
1
5
6
3
4
4
-3
-5
-4
-5
-5
-5
-4
2
4
-2
-4
-2
-8
-16
-19
-14
-8
-6
-8
-5
-11
-14
-17
-14
-8
-8
-15
-19
-15
-12
-13
-16
-16
-22
-23
-19
-18
-15
-15
-20
-19
-16
-14
-5
-2
0
-5
-6
3
6
6
14
15
13
20
11
14
17
16
19
16
19
14
17
22
20
24
17
18
19
19
15
19
19
14
11
10
13
13
11
14
16
18
21
26
29
23
22
19
18
15
13
12
14
15
7
7
4
0
-5
-5
-2
-3
-3
-5
-8
-17
-21
-23
-30
-37
-34
-31
-29
-26
-27
-29
-28
-25
-28
-29
-24
-25
-22
-19
-16
-15
-17
-10
-10
-11
-8
-5
-5
-4
-9
-1
1
-8
-7
-9
-1
0
2
5
4
-1
-1
2
8
8
7
11
9
12
12
19
24
25
23
27
28
28
24
21
24
21
14
12
15
13
13
11
4
2
-2
-5
-8
-6
-7
-8
-7
-11
-14
-17
-18
-16
-15
-14
-9
-9
-7
-6
-4
-2
-3
-5
-5
-3
-1
-2
-2
-3
-3
-6
-9
-10
-10
-10
-6
-10
-11
-10
-12
-12
-15
-15
-16
-16
-11
-6
-8
-7
-5
-4
-2
-1
1
-1
2
1
3
3
3
10
9
12
14
18
21
22
27
28
29
25
23
16
11
10
4
5
7
9
8
3
1
2
-2
-2
-3
-8
-3
-6
-1
-2
3
6
5
6
9
10
7
7
10
13
5
5
6
9
6
1
4
3
-1
2
0
5
5
-1
-1
1
4
3
-2
0
0
-4
-2
-5
-4
-6
-4
1
1
-2
-3
-6
-7
-9
-6
-7
-5
-1
-3
-4
1
1
-2
1
7
7
4
3
2
-2
-4
-4
-4
-2
-5
-8
-7
-1
-7
-8
-7
-8
-13
-16
-15
-9
-7
-4
-5
-6
-6
-9
-9
-7
-8
-10
-7
-6
-9
-9
-9
-8
-13
-12
-14
-21
-19
-20
-17
-20
-16
-19
-23
-22
-23
-16
-12
-13
-10
-10
-7
-2
-3
4
3
6
12
18
16
16
19
18
19
21
22
26
24
25
29
26
27
19
17
22
18
15
14
17
21
16
13
15
16
8
5
6
10
7
-2
2
-1
0
-2
-2
3
0
1
2
6
7
4
2
6
7
7
4
8
5
5
2
1
0
-5
-5
-6
-5
-2
-5
-2
-1
-2
-3
-9
-14
-17
-12
-10
-12
-12
-11
-12
-11
-10
-6
-8
-6
-3
-7
-8
-5
-3
-4
-3
-1
1
3
3
3
0
-1
-1
2
3
-2
-5
-8
-5
-5
-3
-6
-2
2
0
-2
-1
3
-1
-2
-1
3
3
4
3
3
3
4
7
7
4
4
2
4
5
0
2
0
-1
2
3
1
-2
