-12
-17
-21
-23
-22
-20
-18
-13
-7
-1
6
11
15
16
18
17
14
10
4
-1
-5
-12
-14
-17
-19
-19
-16
-11
-6
1
9
14
21
24
25
23
21
17
12
6
-2
-6
-12
-15
-17
-17
-15
-11
-5
1
9
16
22
26
28
27
24
20
15
7
1
-7
-14
-19
-21
-21
-20
-17
-12
-6
1
8
13
19
22
23
20
17
13
6
0
-7
-12
-17
-21
-23
-23
-20
-15
-9
-1
5
12
17
20
22
21
18
14
8
1
-6
-13
-18
-23
-26
-26
-22
-16
-8
-1
7
13
18
22
26
25
23
17
13
4
-5
-14
-22
-29
-32
-33
-31
-26
-21
-11
-1
8
17
23
25
27
26
23
16
7
0
-12
-19
-23
-28
-30
-28
-24
-18
-9
0
8
15
19
23
23
23
21
16
11
4
-4
-12
-18
-23
-26
-27
-24
-18
-12
-3
5
14
19
23
26
25
23
18
12
5
-4
-13
-20
-26
-30
-30
-28
-21
-14
-5
4
13
19
25
26
27
26
22
18
12
4
-3
-11
-17
-22
-23
-23
-20
-15
-8
2
10
16
23
27
30
31
27
23
17
9
-1
-8
-17
-22
-25
-27
-26
-21
-15
-7
2
11
18
22
26
26
23
19
12
6
-4
-12
-20
-25
-30
-30
-27
-23
-17
-9
1
8
16
20
23
24
22
20
15
8
1
-6
-13
-20
-24
-26
-24
-20
-15
-7
2
11
18
24
27
29
27
23
17
11
4
-6
-14
-19
-22
-24
-22
-21
-15
-9
-1
7
14
19
23
26
27
25
20
15
6
-2
-11
-19
-24
-28
-28
-28
-23
-19
-13
-4
3
10
14
16
18
17
12
10
3
-4
-11
-17
-21
-23
-26
-25
-22
-17
-11
-4
3
9
12
15
17
18
17
13
7
2
-6
-12
-17
-20
-21
-21
-19
-17
-10
-4
2
9
15
20
22
23
20
17
13
7
0
-5
-11
-14
-15
-17
-14
-11
-8
-4
1
6
11
14
16
18
17
18
14
9
5
1
-3
-6
-8
-10
-12
-11
-8
-5
0
6
12
15
19
20
20
19
16
14
10
6
0
-5
-8
-12
-13
-12
-11
-9
-4
0
4
7
9
11
10
10
8
6
5
0
-4
-8
-11
-12
-13
-14
-14
-10
-6
-3
0
6
8
11
14
14
15
13
10
5
1
-4
-8
-11
-12
-14
-15
-12
-11
-8
-6
-4
0
1
3
3
5
4
3
1
-2
-6
-8
-12
-14
-16
-17
-16
-15
-13
-9
-4
-1
3
5
7
7
6
7
4
2
-2
-6
-7
-10
-12
-14
-14
-13
-11
-9
-5
0
3
6
9
10
11
9
8
7
5
5
4
4
2
1
0
0
0
0
2
4
7
8
12
13
15
15
14
14
13
11
8
8
7
5
2
0
-3
-2
-4
-2
-1
2
2
3
4
4
5
4
3
3
3
1
0
-2
-4
-6
-7
-7
-7
-6
-4
-3
-2
1
-1
0
-1
-2
-1
-1
0
-1
-1
-1
-3
-5
-7
-9
-12
-10
-11
-10
-8
-9
-7
-5
-3
-2
1
2
4
7
8
9
10
8
5
3
0
-3
-3
-3
-3
-2
-1
1
2
3
3
3
5
6
6
5
3
0
-2
-4
-6
-8
-10
-10
-7
-5
-2
0
0
3
4
5
6
6
7
7
6
6
4
1
-4
-7
-8
-11
-9
-12
-11
-9
-7
-5
-3
0
5
8
9
12
12
11
9
6
3
-1
-3
-6
-7
-7
-7
-4
-1
1
3
7
12
13
14
15
16
14
12
9
3
-1
-6
-9
-13
-14
-15
-12
-9
-7
-2
1
4
8
10
12
14
14
11
6
2
-2
-6
-10
-12
-13
-13
-11
-8
-5
-3
1
4
7
11
11
12
12
9
6
2
-2
-6
-11
-14
-15
-16
-16
-16
-14
-11
-8
-4
0
4
6
8
7
6
4
0
-4
-8
-12
-13
-15
-15
-14
-11
-10
-6
-2
1
4
7
11
14
15
14
12
9
5
0
-4
-7
-8
-9
-7
-7
-6
-3
1
4
7
11
14
16
18
16
15
12
7
2
-2
-6
-8
-10
-8
-8
-6
-3
0
3
6
7
8
11
13
14
14
11
6
2
-2
-6
-8
-10
-12
-12
-12
-8
-5
-2
2
5
6
7
7
7
4
2
-1
-4
-5
-8
-8
-7
-6
-8
-8
-9
-7
-7
-5
-2
0
3
7
10
15
19
18
15
13
7
0
-5
-11
-14
-14
-14
-10
-6
-3
1
4
8
12
14
15
14
12
10
4
1
-4
-10
-11
-13
-12
-12
-11
-8
-8
-5
-1
1
4
4
5
4
5
1
-1
-5
-9
-12
-14
-14
-14
-12
-9
-5
-1
1
5
6
8
8
8
8
7
4
2
1
-1
-4
-6
-6
-7
-7
-7
-6
-3
-1
1
6
8
10
12
12
13
11
8
5
1
-4
-8
-8
-9
-9
-6
-3
0
3
4
6
7
9
10
10
11
9
7
4
3
-1
-3
-6
-8
-9
-8
-8
-8
-6
-4
-1
3
6
9
11
12
11
10
6
1
-3
-5
-8
-9
-10
-9
-9
-8
-5
-3
-1
1
5
7
8
9
8
6
5
0
-2
-8
-13
-15
-16
-15
-12
-9
-6
-1
2
4
7
11
12
15
16
14
13
8
6
-1
-4
-7
-9
-11
-9
-7
-4
0
3
4
6
8
8
9
10
10
7
4
2
-2
-4
-5
-7
-5
-5
-4
-4
-4
-3
0
1
2
5
5
5
6
5
3
2
1
0
0
-2
-4
-5
-7
-6
-5
-5
-5
-3
-2
-1
1
2
2
2
0
-3
-6
-8
-10
-10
-11
-12
-11
-10
-7
-5
-2
0
1
3
6
6
8
7
7
4
4
2
1
2
-1
-3
-3
-5
-5
-6
-5
-3
0
3
4
7
8
8
6
5
3
1
0
-1
0
0
1
1
1
0
0
-2
-3
-2
-1
0
4
5
9
11
13
11
10
9
4
0
-7
-9
-11
-12
-10
-10
-6
-2
1
3
5
5
6
5
2
-1
-3
-3
-5
-6
-4
-1
2
5
5
6
5
3
2
-1
-4
-5
-5
-4
-3
0
1
4
7
7
7
6
5
2
0
-2
-4
-5
-6
-4
-3
0
2
5
7
7
7
6
4
2
-1
-2
-5
-5
-5
-6
-5
-5
-3
-4
-2
0
1
3
2
1
0
0
0
0
1
2
4
4
5
4
2
0
-1
-3
-4
-6
-7
-8
-7
-7
-8
-8
-8
-7
-7
-5
-5
-3
-3
-1
-2
-1
1
3
4
4
6
7
9
7
7
6
5
5
3
1
-1
0
0
-1
-2
-3
-3
-3
-3
-2
-1
-1
-2
-1
-3
0
-2
-3
-2
-5
-6
-7
-7
-6
-4
-2
0
2
3
3
2
2
2
4
5
8
9
10
10
11
11
11
9
8
5
4
4
2
-1
-2
0
-2
-1
-1
-1
0
-1
-1
0
-1
-4
-6
-7
-7
-8
-8
-8
-7
-5
-2
0
2
6
7
9
9
10
9
10
11
11
12
11
9
8
6
3
0
-3
-4
-8
-9
-10
-8
-7
-5
-4
-2
0
-2
0
-4
-5
-7
-8
-8
-8
-6
-5
-2
0
2
4
4
7
7
7
5
9
9
6
1
9
0
-9
1
-7
-6
-6
-10
-7
-11
-10
-10
-11
-7
-10
-5
-4
-6
-4
-3
-2
-4
-1
-1
-1
-2
-1
0
-1
4
3
4
4
6
6
6
8
7
7
8
8
8
6
5
5
4
4
3
1
1
0
-2
-2
-3
-3
-2
-1
-1
0
2
4
4
0
-1
-2
-5
-6
-6
-5
-4
-6
-7
-6
-6
-3
0
3
5
9
9
8
6
4
2
1
-2
-2
-3
-3
-5
-5
-5
-6
-6
-6
-4
-1
0
0
-2
-3
-5
-6
-5
-5
-4
-3
-2
-1
0
0
1
3
4
4
7
9
11
11
13
13
12
10
9
8
7
7
6
2
2
0
-2
-5
-5
-5
-4
-5
-6
-5
-8
-9
-9
-10
-11
-10
-9
-9
-6
-3
-3
-2
1
1
4
7
9
9
9
10
9
6
7
7
6
6
7
6
3
0
-2
-4
-7
-7
-5
-6
-4
-1
-3
-1
1
0
1
3
2
2
1
1
-1
-3
-2
0
-1
2
4
6
7
8
9
7
9
8
9
6
4
3
0
-4
-5
-4
-7
-4
-4
-5
-5
-6
-6
-6
-6
-4
-3
-2
0
0
0
-2
-4
-4
-6
-6
-5
-8
-8
-8
-7
-5
-6
-2
0
0
5
7
6
4
4
2
0
1
2
1
0
-3
-4
-8
-8
-7
-10
-9
-9
-7
-7
-6
-5
-4
-3
-2
1
-1
1
3
3
3
1
1
0
1
3
6
9
8
9
10
8
9
11
7
8
9
9
10
11
8
4
7
3
-3
-1
1
-2
-4
-3
-3
-5
-4
-2
-2
-4
-2
3
-2
0
0
-2
1
3
1
2
4
4
3
5
6
8
7
5
4
5
2
3
0
-1
0
-4
-5
-6
-5
-7
-4
-2
-6
-5
-3
-4
-2
0
4
3
3
6
2
-1
2
2
-1
1
4
1
-2
1
1
-2
0
5
2
-3
0
0
-5
-2
-3
-4
-2
1
-5
-6
-4
-7
-9
-9
-9
-8
-10
-13
-11
-8
-8
-8
-2
-2
-7
-1
0
-4
-3
0
-1
-5
-4
-1
-1
-1
1
4
3
4
10
6
6
11
11
9
5
8
1
-1
1
0
-4
-1
2
-2
-5
2
-1
-3
1
1
-1
6
3
5
7
6
8
7
6
2
7
-1
-1
0
-2
0
2
2
0
2
4
2
4
5
8
6
5
5
2
-2
-2
2
-9
-11
0
-6
-15
-2
-6
-12
-7
-1
-7
-2
5
-2
-1
6
5
-4
-1
3
1
-6
6
2
-2
3
2
-1
1
5
5
7
11
10
8
4
8
2
-4
-2
0
-2
-6
-9
-2
0
-6
-4
6
1
-3
7
5
5
4
8
7
4
3
4
-3
0
1
2
-8
-2
2
-5
0
0
-4
-1
0
-8
-4
-1
-2
-7
-7
-7
-3
0
-10
-10
3
-10
-8
-4
-3
-7
-10
-5
-4
-6
0
-5
2
4
-1
5
0
3
-1
2
1
-1
4
0
-3
3
5
-4
10
6
3
5
9
8
2
7
-2
2
-1
-8
0
-2
-15
0
-5
-10
-2
0
-2
4
3
6
3
5
7
6
5
2
7
2
1
5
3
-1
-1
-2
4
-4
6
4
-6
6
5
-6
0
4
-4
1
-1
-4
-2
-5
-10
1
-8
-12
-7
2
-3
-7
7
2
6
12
0
6
2
4
1
-6
5
-6
-10
6
-3
-17
-1
5
-7
-3
12
-2
5
12
9
5
8
7
2
7
-2
2
1
0
-1
-6
-2
1
0
-1
1
9
-3
9
10
-4
8
5
-3
-1
1
-7
-1
6
-9
-6
1
2
-12
0
11
-8
2
12
-2
-6
9
4
-5
-11
5
-4
-14
-12
-9
-7
-24
5
-6
-20
13
-5
-12
9
3
-12
5
16
-16
7
10
-10
-2
-1
-2
0
-5
-3
2
-7
-1
-1
-3
8
11
-1
7
15
-5
5
6
-6
-2
1
-1
-7
2
-1
-9
0
-3
-5
8
9
12
4
19
9
11
7
-7
18
2
-12
3
9
-13
-11
3
-5
-20
2
2
0
-4
8
6
-5
-2
-3
3
0
-9
2
6
-15
-14
3
-13
-19
-2
2
-5
-10
11
13
-11
4
17
-3
-6
22
8
-18
10
11
-7
-6
1
5
-3
-1
11
11
-4
13
14
-1
5
15
5
11
17
0
-1
0
4
-17
-9
5
4
-9
14
11
-14
22
11
-5
-2
19
8
-10
11
3
-12
-12
-1
-2
-31
20
-6
-27
4
3
-3
-10
-4
20
-14
-7
7
6
-20
-9
17
-22
-17
11
-17
-28
-6
1
-14
-29
22
3
-10
9
16
9
-4
9
5
-1
10
-9
0
-1
-19
9
-6
-10
-10
13
13
-13
12
15
10
4
2
23
-4
3
9
-3
2
-5
0
-4
-15
-8
11
-20
-6
26
3
-22
34
16
-15
14
16
-2
-8
8
4
-9
-11
2
-8
-24
-3
6
-30
1
18
-13
-9
15
1
-17
12
2
-7
3
-2
-14
-5
-19
4
-7
-29
17
9
-30
16
22
-14
-9
32
8
-12
9
22
8
-20
15
16
-32
10
20
-20
-3
23
0
-20
8
26
-7
-23
32
15
-14
-6
33
-14
-18
15
-14
-23
0
11
-20
-19
22
25
-25
22
35
-7
18
34
-3
3
18
8
-11
10
-3
0
-8
-9
21
-12
-17
19
2
-21
25
15
-31
24
18
-38
14
11
-31
-18
23
-28
-44
14
-9
-55
1
12
-20
-3
6
19
-5
-10
29
5
-20
16
7
-20
-8
15
-31
-24
28
-29
-12
15
6
-3
-1
33
-4
-7
12
17
-12
-7
23
-14
-6
14
-12
-27
24
-11
-27
19
20
-9
4
34
10
-13
30
24
2
4
13
27
-36
24
-11
-26
10
0
-29
-10
36
-28
-22
54
-9
-34
46
10
-35
15
23
-50
1
24
-52
-39
44
-38
-48
50
-18
-13
22
29
-11
2
41
-16
-11
38
-17
-12
9
2
-19
-15
15
0
-28
-12
53
-32
-31
66
-19
-36
64
18
-41
42
31
-52
35
14
-78
36
3
-64
15
11
-11
-12
41
16
10
38
14
4
38
-29
6
2
-12
3
-37
16
-12
-27
11
3
-6
5
20
4
3
33
-34
7
29
-46
-16
42
-39
-45
38
-18
-71
17
8
-55
34
22
-33
21
31
-10
-21
46
-9
-36
48
-7
-32
22
-13
-33
2
-8
-19
-15
43
-11
-14
58
0
-7
20
40
-29
-6
37
-51
-24
32
-52
-21
19
-16
-8
14
20
-18
46
23
0
30
44
2
2
24
-16
-51
9
-2
-69
15
9
-55
18
28
-48
22
57
-22
2
74
-14
-16
44
-36
-28
15
-41
-49
18
-19
-52
32
2
-42
44
7
24
28
9
40
-10
18
27
-32
9
17
-57
30
-7
-44
-8
22
-45
-32
64
-34
-18
88
-37
11
71
-25
1
7
-3
-47
-6
9
-93
22
15
-126
55
33
-55
8
127
-20
-17
122
-3
-59
90
4
-75
27
-15
-64
-37
1
-53
-17
-6
13
23
24
4
43
27
-14
12
22
18
-50
40
-11
-100
17
-12
-76
-24
21
-20
0
8
50
-17
58
7
38
50
-6
71
-4
-6
25
-10
-41
-5
-9
-28
-12
8
-30
44
22
-57
98
44
-50
69
45
-40
14
47
-84
-47
40
-80
-97
54
-39
-95
65
30
-43
50
84
-17
43
102
-30
16
80
-87
5
-12
-61
-13
-19
-48
-27
16
-9
5
44
-29
36
51
-53
52
-2
10
34
-12
-10
25
-30
-88
-33
-26
-134
-34
6
-84
10
105
-22
73
147
56
42
138
-8
-32
38
-112
-78
-24
-139
-86
59
-64
-79
139
53
-78
183
48
-32
114
-5
27
-71
-24
-39
-58
-96
-77
31
-102
-83
39
53
-75
79
156
-38
75
166
-54
11
114
-38
-73
25
-55
-149
21
-189
-65
97
-206
34
183
-79
38
230
43
-23
189
45
-79
81
-15
-120
13
-120
-138
1
-165
-85
64
-46
-33
170
34
45
152
78
46
143
35
5
61
-13
-153
-26
-48
-209
-31
-59
-80
14
9
70
41
106
123
31
189
17
13
168
-178
-26
87
-198
-166
40
-133
-212
39
-10
-105
144
62
45
158
61
100
118
-6
20
95
-69
-121
11
-81
-198
-82
-124
-8
-120
34
96
29
10
167
88
-20
99
160
-35
-14
74
-77
-151
-67
-53
-214
-85
-116
-8
-76
-36
128
30
59
137
112
159
-29
216
5
-31
83
-111
-80
-94
-176
-62
-113
-129
53
-9
35
52
206
16
83
257
-3
7
198
-113
-47
-30
-115
-113
-106
-126
-98
-123
-12
46
-5
69
192
100
32
237
95
57
114
2
7
-81
-61
-48
-193
-172
4
-201
-101
22
33
-73
195
125
24
135
115
105
-33
50
-33
19
-165
-85
-38
-269
-147
44
-187
-75
75
103
14
83
220
13
124
102
13
74
-11
-100
21
-176
-92
-102
-84
-225
-25
52
-153
104
90
60
105
106
156
95
59
133
17
-16
-89
50
-180
-139
13
-247
-108
72
-113
3
87
124
102
82
255
11
154
71
93
-52
-99
33
-127
-250
32
-157
-141
10
-80
111
-50
152
117
118
1
190
178
-86
66
105
-90
-60
-92
-49
-169
-131
6
-123
-71
-13
181
-127
146
228
-63
181
166
-30
112
8
-76
50
-124
-164
70
-147
-245
45
-79
-180
81
31
7
90
120
77
95
-10
171
15
-148
138
-152
-205
23
-165
-231
-66
-50
-86
-54
50
218
-2
4
275
94
-144
238
105
-234
93
30
-164
-112
-41
-94
-122
-162
19
-6
-145
148
151
-126
145
180
-99
149
102
-112
60
9
-192
-9
-67
-166
18
-121
-186
196
-91
38
217
49
8
242
70
-78
289
78
-159
118
14
-208
-90
-70
24
-177
59
20
-80
79
70
-22
83
97
2
217
6
0
216
-82
-40
75
-69
-108
-1
8
-120
-20
-101
12
179
-142
58
257
-44
73
180
23
84
-5
2
31
-68
-135
211
-239
-175
81
-87
-215
185
-22
-27
139
69
-50
62
80
-84
80
-93
67
-103
-93
75
-112
-227
110
-216
14
49
-53
92
155
-54
99
8
-22
126
-63
-106
32
67
-263
49
-61
-105
-38
-79
12
-39
-1
38
-99
54
-59
36
44
-38
94
80
-80
80
-37
-13
-14
-73
-22
-78
50
-97
49
88
-180
136
293
-387
202
113
-177
138
-153
132
-49
-145
261
-145
-18
-85
77
-48
-262
233
-16
-183
315
-157
123
9
-96
320
-270
119
187
-85
30
103
-16
68
-170
99
-31
-162
12
-28
88
-233
223
149
-277
175
80
-150
119
-16
148
-28
44
217
-80
-118
150
-20
-190
181
31
-166
68
65
-220
148
-58
-38
251
-67
138
64
-9
31
14
5
-52
-91
84
-152
-34
-125
-13
121
-171
186
11
-47
186
-118
-42
51
-54
85
10
48
-86
-26
36
-215
-46
62
-164
3
26
-108
89
-57
-167
204
-11
-112
221
43
-2
16
49
-102
-122
10
-37
-75
-105
133
-62
-122
25
0
-14
69
81
127
1
138
128
-33
-97
54
30
-214
-70
94
-126
-80
63
-75
-17
-32
112
-26
-48
323
-10
147
315
-37
167
-18
-228
-30
-265
-263
-92
-90
-287
145
313
-68
207
347
36
-48
62
-100
-213
-161
-216
-6
-43
-84
270
166
17
151
157
-64
-337
37
-248
-560
-36
175
-326
348
604
46
443
316
-11
-59
-153
-410
-388
-374
-466
-2
48
-195
594
388
-57
709
206
-197
119
71
-570
-310
18
-473
211
-18
272
354
55
161
92
-179
-349
-81
-374
-315
233
-106
320
557
220
402
388
-32
-133
-86
-369
-497
-201
-453
-180
203
-1
495
496
228
388
285
-225
-48
-300
-356
-276
-260
-21
-46
137
178
402
90
30
340
-190
-359
-89
-140
-529
120
-64
153
500
42
491
403
-268
-58
98
-554
-565
61
-270
-405
308
348
-56
311
530
-145
166
93
-228
-145
-240
-282
-119
31
-151
190
586
-221
160
567
-636
-203
162
-788
-274
249
-338
169
602
109
371
603
-201
94
120
-495
-360
-66
-647
-375
153
-249
-8
450
218
318
294
164
184
-118
-255
-273
-164
-216
-183
149
70
-18
262
45
35
24
-125
-62
-245
-91
-172
245
-121
140
724
-70
40
384
-106
-249
-155
-357
-352
-317
-285
6
100
106
372
487
390
165
356
157
-278
-84
-107
-613
-220
-47
-168
-98
190
282
191
242
200
135
-21
-258
-27
-175
-210
181
81
230
69
170
205
-202
-199
127
-187
-425
164
-69
-188
240
-16
143
530
-59
194
237
-312
-208
-179
-395
-186
-99
-73
104
301
91
189
326
185
-50
-92
18
-313
-562
-14
-176
-458
257
334
-88
344
461
170
-46
67
-24
-295
-213
-226
-147
-131
-132
-33
130
63
-39
369
59
-159
388
-22
-132
-15
181
-177
60
146
9
48
-178
63
-137
-456
-7
-76
-349
289
231
111
474
239
244
286
-70
-102
-110
-271
-555
-214
-249
-478
102
90
-42
392
400
305
327
227
100
-214
-2
-263
-555
-130
-117
-478
27
52
-14
87
152
251
90
63
83
78
30
-61
11
147
-72
-34
-51
-18
-189
-160
78
-269
106
245
-87
157
302
-27
26
224
81
-60
-18
-71
-279
-144
-188
-92
-70
104
151
261
368
43
32
69
-86
-292
-159
-126
-160
-141
-47
100
13
59
244
152
138
177
36
-51
-134
-137
-244
-226
-40
135
-148
2
278
-103
7
167
-1
-62
177
149
-253
275
-144
-342
144
-83
-202
39
268
-313
32
15
-169
86
-81
194
370
12
71
363
-135
-420
290
-186
-553
405
-20
-382
184
-14
-200
74
269
197
84
383
330
-181
-9
-57
-237
-223
-96
34
-153
21
-62
-108
73
-161
196
53
80
433
-106
155
228
-191
-18
95
-129
-126
-47
-288
-147
-91
-235
98
130
-76
335
115
-68
228
-73
-51
106
-156
-86
104
-145
-261
33
-53
-88
187
177
89
162
186
-47
-72
-8
-55
-178
-55
55
-179
-175
-25
-57
-184
83
262
-70
196
242
8
107
146
-90
-122
86
-321
-146
-118
-284
-96
-78
26
111
272
164
233
286
115
150
-7
-108
74
-165
-307
-53
-263
-256
-92
-28
24
94
371
79
39
265
57
50
133
201
37
79
-22
-326
-162
-235
-448
-160
31
-263
-80
182
-25
26
455
272
165
399
140
-108
-50
-320
-491
-268
-366
-314
120
-41
-100
355
211
62
511
283
45
416
49
-316
-61
-272
-353
-186
-189
-166
63
29
-78
113
224
-19
143
359
213
253
219
98
-7
-111
-193
-280
-51
-255
-173
103
-192
-106
185
67
90
531
265
162
360
7
-210
-161
-259
-378
-264
-115
-192
-138
37
81
139
218
382
237
187
211
-90
-111
-35
-176
-198
-216
-122
-75
-113
-24
40
53
34
18
152
179
-29
10
175
-76
-218
4
-18
-258
-143
-31
-226
-219
-28
-179
-15
213
94
237
366
247
177
94
79
-162
-123
-253
-418
-335
-314
-266
-58
90
104
300
263
375
347
166
189
145
-87
-121
-179
-302
-388
-218
-212
-146
-36
-5
181
139
185
415
310
196
279
208
82
-16
-70
-219
-294
-355
-342
-338
-268
-254
-91
94
211
373
397
362
443
392
237
55
-41
-186
-403
-406
-299
-462
-375
-129
-101
50
209
319
280
345
357
218
211
48
-61
-79
-315
-267
-276
-242
-213
-296
-58
4
-17
199
184
187
320
298
196
226
244
-136
-84
-121
-408
-309
-276
-328
-151
64
-58
80
302
279
180
346
350
25
94
42
-251
-208
-212
-324
-240
-58
-77
61
192
178
258
254
223
234
125
-5
10
-38
-100
-103
-123
-173
-70
-73
-70
11
43
122
138
117
132
146
83
113
93
-31
-81
-135
-153
-252
-247
-205
-179
-123
10
214
231
161
266
200
136
71
4
-131
-264
-364
-401
-391
-338
-176
-83
7
115
172
62
-12
96
22
-121
-75
-96
-297
-435
-390
-516
-674
-432
-372
-376
-144
45
20
235
362
331
485
568
564
571
551
401
344
277
217
194
227
332
268
315
478
433
358
429
409
189
157
-25
-276
-380
-533
-664
-706
-644
-641
-455
-294
-148
20
168
215
364
470
456
469
538
454
370
290
153
120
38
37
170
174
162
132
7
-146
-243
-281
-473
-693
-672
-351
-393
-1132
-1655
-1714
-1724
-1630
-1409
-1027
-651
-215
-152
-323
-342
43
607
1042
1196
1342
1460
1325
1066
999
1097
1213
1376
1413
1351
1022
805
354
-7
-126
-294
-297
-406
-642
-957
-1372
-1457
-1438
-1436
-1145
-894
-807
-725
-551
-335
-183
77
482
719
935
1148
1179
1050
1000
1037
1167
1223
1229
1265
1094
929
918
808
781
747
486
212
-140
-498
-881
-1097
-1296
-1404
-1424
-1455
-1362
-1339
-1136
-826
-594
-284
79
113
113
48
-177
-216
-126
-95
11
254
203
-244
-1012
-1327
-1195
-908
-490
-199
-98
-73
-297
-637
-764
-497
103
670
667
581
562
357
307
539
739
1121
1606
1781
1578
1217
884
581
421
266
155
210
67
-389
-1069
-1498
-1459
-1135
-949
-771
-592
-559
-709
-762
-504
-166
134
444
653
723
637
558
635
790
1033
1295
1445
1322
1163
1022
979
970
981
1075
935
549
104
-321
-701
-927
-928
-975
-1061
-1265
-1381
-1491
-1496
-1302
-964
-489
-250
-133
-82
6
30
195
571
724
668
357
81
7
14
76
289
532
560
-112
-1022
-1554
-1568
-1360
-1092
-982
-1005
-1094
-1379
-1674
-1692
-1317
-463
395
800
827
877
1026
1107
1244
1516
1892
2183
2155
1701
1099
668
465
376
344
407
404
160
-340
-763
-940
-912
-726
-540
-612
-923
-1189
-1402
-1427
-1157
-817
-456
-131
-37
134
382
587
880
1374
1663
1849
1890
1667
1420
1377
1289
1219
1177
946
486
134
-268
-548
-610
-501
-497
-617
-766
-995
-1134
-1206
-1107
-999
-912
-822
-942
-1065
-1063
-816
-471
-48
479
765
669
666
626
426
430
339
203
430
607
270
-457
-1345
-1893
-1737
-1396
-1271
-1061
-997
-994
-1288
-1702
-1596
-851
103
719
901
782
631
637
792
1004
1344
1754
2007
1819
1446
1152
986
1020
981
891
909
744
354
-290
-1149
-1515
-1215
-659
-572
-948
-1217
-1381
-1543
-1306
-632
19
349
478
225
-26
47
413
782
1295
1711
1577
1174
942
882
1009
1281
1392
1353
1074
493
-22
-280
-384
-379
-369
-494
-832
-1291
-1656
-1752
-1656
-1340
-1025
-878
-760
-744
-800
-619
-24
448
752
914
785
544
451
395
385
467
315
52
-52
198
573
334
-419
-1081
-1378
-1223
-1140
-1262
-1193
-987
-1116
-1530
-1842
-1690
-900
4
478
474
426
578
935
1249
1470
1767
2122
2251
1858
1355
1164
1102
970
728
427
294
222
-206
-830
-1164
-1102
-820
-524
-355
-321
-748
-1207
-1378
-1195
-657
-198
26
55
-100
-151
-46
378
929
1451
1650
1557
1350
1121
967
953
1221
1350
1195
893
350
-142
-358
-447
-418
-390
-569
-945
-1291
-1411
-1319
-1218
-1014
-807
-712
-835
-894
-705
-529
-296
-85
103
202
262
368
506
689
808
812
630
245
-131
-189
230
453
11
-1011
-1858
-1968
-1665
-1384
-1216
-1001
-869
-1029
-1516
-1787
-1379
-453
390
647
456
396
599
838
1156
1463
1858
2247
2278
1794
1301
1171
1167
1188
1148
961
833
659
26
-722
-1035
-906
-601
-495
-711
-992
-1196
-1399
-1389
-896
-121
374
434
144
-47
53
257
513
819
1033
1032
850
630
648
898
1112
1269
1415
1378
1014
586
331
217
88
-49
-203
-476
-891
-1338
-1535
-1446
-1344
-1284
-1170
-1095
-1051
-974
-831
-559
-277
-167
-61
139
235
333
449
473
335
248
212
42
-198
-433
-327
316
716
154
-993
-1604
-1436
-1105
-1039
-1213
-1193
-1013
-1257
-1997
-2284
-1570
-249
678
767
520
521
790
1143
1465
1802
2245
2381
2113
1520
939
933
1293
1321
1128
905
735
508
-32
-615
-584
-6
141
-222
-531
-626
-979
-1404
-1255
-664
-200
-197
-520
-714
-588
-162
333
757
1052
1179
1073
878
881
1059
1158
1125
1103
958
549
130
8
69
44
80
-54
-309
-650
-1080
-1311
-1210
-1008
-1118
-1338
-1398
-1448
-1414
-1209
-857
-434
-231
-241
-86
237
498
679
836
964
931
739
620
440
114
-478
-780
-190
460
163
-1002
-1980
-2025
-1468
-1135
-970
-619
-369
-602
-1388
-2027
-1685
-561
526
858
474
64
152
544
1113
1696
2219
2724
2610
1960
1348
1311
1618
1685
1453
999
619
395
-114
-826
-1040
-486
92
-75
-597
-955
-1217
-1419
-1281
-574
286
393
-255
-1076
-1299
-720
36
566
742
668
427
141
216
759
1445
1695
1509
1208
761
463
448
542
538
258
-236
-761
-1094
-1177
-969
-712
-508
-581
-854
-1052
-943
-664
-427
-278
-318
-480
-665
-637
-370
-69
246
284
214
239
133
8
101
246
446
427
-181
-911
-832
-266
-72
-522
-1202
-1553
-1546
-1457
-1397
-1083
-580
-302
-641
-1124
-1071
-313
729
1247
934
500
504
778
1089
1371
1606
1660
1573
1284
1007
1098
1458
1576
1304
910
571
244
-162
-365
-311
-221
-293
-524
-802
-948
-882
-729
-519
-194
-25
-156
-385
-395
-175
170
403
555
576
446
329
279
378
618
893
923
803
571
323
354
522
648
610
279
-142
-404
-503
-545
-594
-609
-782
-1019
-1017
-892
-696
-484
-277
-256
-316
-304
-359
-372
-352
-306
-264
-223
-305
-449
-517
-406
-139
60
80
68
14
-11
16
-81
-243
-266
-112
-29
-209
-560
-867
-1014
-949
-805
-592
-322
-218
-377
-515
-469
-71
601
1100
1111
691
402
362
530
895
1136
1129
916
570
286
357
683
1042
1176
996
654
296
44
25
271
388
251
-67
-491
-747
-756
-502
-198
91
199
-58
-293
-287
-33
440
812
875
672
357
81
100
349
541
533
441
174
-252
-421
-335
-32
293
255
-12
-432
-710
-714
-503
-295
-243
-454
-965
-1283
-1126
-798
-612
-542
-592
-541
-432
-338
-306
-266
-227
-190
-93
10
12
-90
-81
14
13
41
131
224
310
226
95
74
137
159
135
71
0
-131
-337
-498
-472
-287
-114
-89
-205
-323
-405
-428
-203
189
439
538
469
226
78
139
311
511
587
534
363
342
409
540
696
739
846
867
650
479
449
394
302
307
206
58
28
-18
-139
-190
-25
187
307
244
84
-22
23
175
244
241
70
-96
-122
-111
-99
-62
-146
-282
-396
-443
-393
-247
-77
-48
-123
-198
-329
-400
-445
-501
-506
-519
-643
-811
-851
-898
-789
-464
-202
-10
36
-45
-53
111
359
532
530
443
252
63
10
102
155
147
160
91
-21
-152
-292
-206
-17
-6
-72
-129
-152
-251
-343
-363
-343
-265
-218
-262
-266
-214
-126
-79
-1
205
451
637
701
576
430
410
483
572
556
457
304
180
134
130
122
156
203
235
220
221
244
231
131
-27
-56
-2
86
99
45
24
-23
5
91
150
210
242
233
205
153
42
30
46
9
-84
-236
-414
-576
-658
-679
-699
-781
-801
-816
-901
-845
-689
-550
-466
-454
-465
-414
-288
-224
-206
-142
-1
128
298
455
544
539
580
709
794
799
721
640
561
366
148
97
75
46
-2
-95
-190
-292
-354
-328
-196
-64
-70
-143
-164
-186
-149
-59
72
177
181
67
-13
111
216
259
332
427
488
570
594
601
651
586
458
406
391
268
47
-95
-161
-220
-241
-129
-46
-25
-67
-138
-76
23
87
90
41
37
10
-102
-187
-278
-281
-156
-79
-89
-141
-279
-386
-363
-239
-217
-321
-396
-464
-600
-722
-714
-680
-721
-798
-842
-832
-725
-589
-551
-497
-292
-107
-6
114
225
287
326
306
306
297
295
314
346
357
229
130
176
285
386
429
314
181
188
224
129
56
130
101
-31
-90
-93
-56
1
4
15
82
236
394
465
482
488
529
594
688
706
595
501
457
448
444
431
460
445
329
216
199
257
284
221
122
59
12
-88
-227
-277
-241
-214
-296
-316
-234
-183
-170
-175
-158
-161
-162
-112
-36
-34
-184
-380
-432
-388
-387
-422
-548
-630
-605
-665
-714
-542
-436
-497
-550
-591
-527
-360
-379
-540
-538
-467
-393
-327
-299
-297
-309
-190
20
233
335
333
285
265
308
344
368
336
262
194
125
80
68
50
91
171
180
164
199
221
257
254
207
195
182
149
103
34
102
202
186
142
125
185
276
364
448
540
588
564
468
461
509
497
432
329
220
135
96
69
58
82
120
119
39
4
51
160
223
202
107
15
-13
-78
-138
-138
-96
-83
-91
-155
-224
-250
-263
-246
-185
-133
-152
-353
-589
-678
-593
-426
-405
-513
-638
-727
-796
-788
-605
-373
-272
-288
-301
-322
-273
-172
-84
-6
38
24
-26
-92
-184
-168
-87
-53
35
129
84
77
123
49
16
82
205
216
116
-50
-206
-206
-93
-3
72
118
77
53
94
201
348
458
499
480
464
418
414
470
459
486
516
527
527
474
426
425
454
507
535
494
437
370
305
308
336
296
160
24
-60
-72
-50
-3
44
12
-26
-54
-64
15
105
74
2
-74
-159
-243
-347
-453
-462
-446
-489
-482
-514
-572
-578
-568
-559
-506
-443
-470
-549
-619
-701
-730
-622
-500
-437
-437
-487
-513
-466
-350
-173
6
71
55
49
28
65
139
220
268
190
60
-21
-44
-21
63
125
152
146
183
226
263
336
322
295
285
263
177
96
72
69
66
72
163
294
354
343
367
436
547
643
636
578
534
486
455
430
363
306
271
249
238
191
118
103
88
73
59
89
155
146
93
68
41
50
18
-91
-144
-159
-162
-169
-133
-150
-138
-73
-62
-65
-117
-190
-211
-211
-287
-446
-559
-567
-569
-576
-565
-537
-540
-526
-533
-538
-476
-393
-338
-286
-294
-383
-446
-414
-293
-188
-208
-280
-277
-260
-252
-183
-34
117
157
93
66
136
263
359
380
295
253
215
97
41
77
127
155
177
184
192
215
296
377
380
398
464
489
378
263
241
259
337
352
306
311
304
325
379
402
413
359
288
273
264
248
196
94
-28
-93
-60
-22
22
71
44
-7
-23
1
53
128
183
134
104
45
-18
-43
-35
-53
-175
-298
-334
-314
-345
-397
-403
-380
-370
-365
-357
-331
-338
-421
-510
-604
-649
-612
-556
-511
-519
-566
-521
-419
-334
-262
-222
-154
-77
-32
-49
-32
0
-12
-26
42
145
167
92
56
106
166
261
316
280
257
251
211
204
282
317
266
210
135
86
76
91
141
190
213
240
269
335
380
419
446
446
434
380
339
290
231
224
207
171
180
167
182
232
267
233
155
149
196
225
227
177
89
22
-33
-55
-26
-14
-50
-104
-104
-122
-133
-111
-96
-87
-87
-136
-183
-217
-291
-368
-411
-389
-391
-444
-514
-546
-543
-538
-515
-416
-368
-377
-383
-413
-382
-312
-302
-354
-385
-420
-448
-414
-327
-226
-140
-101
-142
-177
-115
4
110
172
139
71
56
103
159
187
209
233
233
192
168
224
330
375
346
325
361
403
391
350
352
375
381
332
274
266
295
291
279
337
392
370
366
389
346
291
296
307
265
174
67
-14
9
60
26
-5
22
37
39
28
25
43
82
61
21
20
21
0
-56
-124
-173
-165
-139
-93
-102
-182
-188
-174
-145
-135
-140
-151
-162
-200
-312
-369
-394
-438
-479
-501
-515
-512
-494
-494
-484
-419
-370
-337
-270
-226
-236
-264
-292
-310
-257
-217
-205
-171
-120
-31
20
3
1
60
128
169
204
226
218
205
183
163
145
151
168
200
237
212
201
214
207
210
272
357
436
426
315
246
249
285
318
319
270
237
213
197
189
201
227
275
330
303
271
259
219
180
165
126
65
38
-2
-51
-53
-22
-35
-73
-48
-63
-45
-27
-80
-125
-122
-69
-76
-118
-196
-275
-297
-261
-215
-208
-197
-226
-296
-360
-364
-279
-234
-241
-251
-298
-334
-342
-360
-376
-361
-333
-301
-281
-287
-289
-264
-197
-128
-95
-83
-70
-53
-46
-17
-21
-23
-11
-11
16
50
72
130
182
193
214
217
235
262
274
304
326
331
297
248
196
167
250
322
310
266
176
146
198
223
272
333
361
355
290
233
220
244
278
258
227
170
153
153
141
163
193
219
219
170
85
28
-10
0
-30
-104
-155
-198
-225
-248
-290
-324
-306
-279
-290
-341
-339
-294
-281
-277
-267
-248
-237
-268
-287
-271
-271
-253
-232
-268
-232
-174
-181
-195
-176
-169
-151
-95
-87
-118
-175
-225
-280
-287
-255
-260
-262
-261
-258
-241
-169
-129
-93
-38
-23
2
55
75
47
84
134
170
212
230
260
287
307
336
365
373
394
409
430
446
417
383
361
304
249
242
267
290
249
157
114
146
162
191
230
241
242
255
255
254
245
231
195
132
82
62
79
40
-34
-30
18
27
-28
-123
-169
-164
-126
-122
-186
-237
-305
-387
-401
-340
-289
-275
-281
-344
-374
-285
-215
-186
-196
-202
-149
-141
-186
-231
-210
-142
-109
-154
-202
-234
-272
-270
-252
-234
-172
-151
-217
-263
-245
-224
-215
-192
-198
-187
-164
-173
-180
-130
-23
43
129
194
270
231
213
286
399
526
663
691
627
577
494
357
247
261
304
401
412
343
233
197
92
10
-79
-202
-250
-201
-201
-146
6
62
79
69
54
1
47
142
275
343
380
400
449
479
398
233
107
10
-38
-59
-64
-77
-128
-213
-288
-311
-320
-298
-252
-219
-226
-277
-285
-238
-203
-240
-237
-184
-137
-173
-229
-234
-170
-140
-177
-216
-204
-160
-128
-190
-261
-264
-278
-290
-323
-357
-357
-345
-375
-359
-360
-349
-283
-186
-149
-106
-28
18
45
73
91
208
247
270
215
214
257
356
418
492
547
503
456
401
379
439
442
419
432
403
303
187
55
25
89
115
83
158
35
-106
-7
-97
-12
126
166
220
99
-2
121
77
109
164
211
63
87
99
40
106
178
91
8
-51
-111
-156
-36
-59
-156
-119
-192
-192
-274
-437
-266
-226
-282
-117
-164
-250
-120
-145
-268
-136
-58
-240
-238
-216
-427
-279
-148
-328
-95
-146
-414
-234
-306
-323
-186
-112
-91
-99
-223
-305
-259
-214
-144
1
27
-63
211
-17
-129
252
161
210
651
406
424
537
301
275
368
332
290
473
374
223
241
98
42
164
176
179
196
211
158
43
-94
-11
-89
-56
-4
40
-21
9
-39
-187
-126
8
-21
188
155
165
213
110
80
78
152
81
132
91
34
-85
-101
-177
-187
-110
-101
-38
-79
-325
-195
-169
-337
-202
-175
-278
-255
-105
-324
-231
-206
-233
-207
-241
-133
14
-20
-36
-92
-41
-120
-144
-79
-136
-30
-6
-125
-159
-188
-216
-191
-104
-155
-10
10
18
61
-41
-69
22
-12
122
362
142
319
344
142
151
240
194
410
549
535
366
500
229
95
242
201
324
307
152
66
-10
-213
-224
-18
1
172
157
-150
46
-331
-380
-39
-83
-95
159
-7
-149
-49
-67
-216
102
126
11
142
201
62
75
242
117
173
104
6
-162
-90
-20
-113
-93
-2
-299
-389
-286
-306
-337
-3
-75
-192
-102
-356
-355
-307
-149
-238
-135
-70
-235
-310
-232
-315
-141
43
123
-19
59
101
-153
-73
115
-54
53
274
-8
30
135
-101
-112
174
3
29
210
188
105
353
157
114
410
73
178
314
336
248
335
199
-8
145
138
69
333
144
58
121
-100
-146
14
-46
-84
30
-185
-283
-190
-159
-331
-76
-53
-160
76
33
-90
89
-30
-36
174
99
118
200
179
-74
80
98
37
202
208
96
16
72
-142
-19
38
-96
-96
-22
-208
-306
-112
-240
-415
-26
-287
-292
-12
-260
-192
-69
-84
-184
-86
-50
-223
-31
-58
-104
-60
-57
-108
-116
40
-6
36
78
41
99
97
71
52
167
58
109
110
13
17
76
33
-25
196
190
22
138
127
68
154
283
295
255
210
178
80
59
-26
76
29
32
-19
-56
-60
-76
-83
-44
-95
12
39
-6
-95
-127
-10
-288
-34
15
-176
-24
76
-86
-66
60
-74
-31
278
65
179
251
71
80
203
98
57
216
54
-11
39
-47
-176
35
-94
-217
49
-153
-242
-24
-240
-337
-24
-301
-247
-80
-238
-263
-61
-189
-264
-7
-107
-179
64
35
-115
184
9
-129
213
7
7
193
143
61
151
43
-90
132
129
-37
160
109
-16
48
66
9
-51
194
12
14
197
32
19
80
110
52
87
138
197
72
85
83
7
1
7
-14
-111
8
-25
-136
-50
-148
-71
-200
-46
12
-79
8
-9
-114
-79
-72
-122
39
-37
-21
2
-42
-19
27
31
115
108
270
22
126
297
-13
140
176
-38
74
45
-50
3
-43
-150
-119
-100
-221
-60
7
-150
-17
-56
-171
-20
-88
-139
-97
-90
-83
-111
-144
-50
-175
-155
58
-70
64
126
179
144
-38
189
105
52
169
222
178
81
195
36
-13
62
-15
50
116
7
121
116
-43
70
157
-53
83
154
-14
-27
69
-74
-146
-33
-181
-89
25
-86
-139
73
-217
-168
-24
-171
-69
53
-86
-170
-103
-265
-250
20
-108
-47
112
-57
-43
-19
-12
-23
8
168
67
80
188
128
-25
185
62
36
171
98
78
87
93
75
80
48
39
67
-61
-45
-2
-116
-32
-117
-131
-85
-114
-77
-55
-68
-129
12
-57
-126
20
-65
-76
47
-61
-39
-58
-36
-18
-23
150
9
110
145
23
55
162
52
-16
88
160
-144
108
-37
-232
-6
-9
-84
39
85
-100
65
70
-66
109
145
30
103
51
50
21
135
-132
24
9
-125
7
-65
-45
43
-11
97
63
-30
35
-54
112
-71
56
24
-173
-29
-95
-142
53
-13
-18
54
44
98
44
206
73
95
202
66
101
263
43
-61
205
2
-194
97
55
-249
44
34
-223
-17
88
-148
-112
35
-118
-178
51
-206
-209
-36
-227
-232
-59
-136
-237
13
-123
-97
-55
11
-54
-109
121
31
-161
147
-35
-148
144
-25
25
159
61
-11
201
-34
-26
185
12
100
98
8
13
-4
-4
37
33
20
196
-56
-66
71
-67
-23
138
3
-16
86
-63
-157
79
43
-78
51
-5
-48
-93
28
28
-73
113
66
-61
84
29
-1
-5
80
0
-59
-38
87
-24
21
294
45
68
331
-87
-10
333
19
51
179
115
-178
22
49
-190
11
63
-73
-85
53
-9
-240
33
12
-156
9
74
-187
-85
-18
-230
-92
-31
-208
-155
-70
-150
-151
-89
-24
-121
73
47
-65
69
85
-113
-9
15
16
-107
7
62
-161
68
21
-14
70
27
104
41
24
186
79
-59
230
29
-95
205
-77
-26
102
-95
-29
74
-37
-22
-9
95
-53
34
145
14
-5
55
67
-88
27
149
-54
-2
137
-134
-72
129
-48
-82
194
-54
-16
105
-71
-18
100
31
-10
121
-57
57
105
-64
90
-38
-56
86
-47
-91
21
22
-160
60
-5
-98
-86
39
-21
-101
64
-40
-162
9
-77
-77
-1
60
-41
-87
64
-179
-34
-85
-23
-76
64
75
-102
83
-1
-166
96
23
-7
127
-31
41
-114
-59
27
-116
-52
189
-111
-135
146
22
-141
96
163
-180
109
160
-221
-14
187
-191
-124
94
-34
-129
78
36
-103
35
30
-35
80
159
10
145
218
106
11
237
31
-72
171
50
26
117
147
-59
-124
241
-70
-178
337
19
-66
177
-27
-136
65
-99
-140
92
-126
-1
-7
-40
-4
-46
25
5
-1
141
34
22
22
71
-117
-27
54
-156
53
-34
-94
-98
-97
-100
-145
-77
-79
-138
-10
-89
-97
-64
-147
-103
-64
-118
-27
-81
-84
-99
-72
38
-101
28
149
-30
3
118
31
-7
80
35
-14
62
97
-121
53
153
-104
-46
208
-51
-126
120
1
-86
94
-13
-42
60
13
2
26
84
23
53
98
99
24
141
144
40
217
183
44
169
115
-7
110
117
-29
146
37
-8
140
19
-21
145
-9
-79
142
-45
-68
38
-131
-53
-103
-196
0
-51
-204
-13
42
-208
-41
76
-197
-74
98
-150
-72
80
-152
-134
50
-176
-91
11
-82
2
-1
0
-66
-45
17
-8
-5
50
76
-24
-45
-21
-54
-108
54
-60
-84
44
-147
-57
63
-63
26
35
-35
-43
15
-36
-104
59
-100
-11
-54
-66
-26
-152
-3
5
-7
18
77
44
-86
198
59
-40
164
103
-33
38
110
9
81
134
11
161
91
79
111
81
162
66
171
48
6
149
5
13
68
56
-9
-11
72
-2
-38
99
61
-44
58
76
-13
11
100
-30
72
82
-53
74
13
-86
106
69
-141
127
105
-162
-24
21
-129
-74
-29
-168
-65
-132
-194
-25
-49
-298
46
-114
-203
-45
-105
-118
-91
-23
-151
-97
-37
-74
-83
-35
-136
-4
-75
-134
73
-83
8
101
-43
-5
45
-22
7
31
-62
-57
65
-134
-24
21
-113
45
21
-14
106
78
-2
164
96
-8
229
77
31
165
53
13
159
-11
55
96
-36
52
177
-5
82
189
-8
-8
141
-59
2
178
-72
110
22
-102
42
-51
44
72
27
145
68
19
77
125
47
91
83
72
28
-18
2
-47
-42
-24
-57
-50
-127
-10
-95
-103
-73
-34
-166
-216
-20
-162
-145
-22
-89
-171
-124
-145
-103
-66
-172
74
7
-111
-73
98
-105
-155
207
20
-163
149
-18
-111
11
42
-47
-25
44
-37
-99
25
-36
-83
54
-96
7
-59
-17
21
-45
119
-9
45
151
-13
123
209
72
90
203
21
8
224
-12
-33
168
7
42
82
-16
29
66
-37
39
153
-43
70
142
-107
97
124
-92
107
104
-5
61
62
77
22
101
65
104
165
8
172
76
-37
190
-58
-13
109
-176
-53
-1
-221
-71
-22
-234
-154
11
-228
-143
25
-223
-175
14
-245
-91
32
-219
-22
10
-231
-63
20
-172
-27
44
-67
-32
139
-2
-31
108
-63
-42
124
-59
-112
101
-118
-157
73
-135
-109
71
-64
-122
71
16
-132
114
31
-103
108
64
-26
43
146
-7
-13
204
-21
-21
208
52
-55
154
62
-22
109
9
44
51
22
-30
125
43
-80
155
26
-119
110
108
-35
33
215
-10
40
186
28
47
87
84
13
34
21
23
-39
30
-9
-32
16
-62
-11
-30
-63
-86
-71
-16
-211
-74
-4
-239
-85
-49
-121
-139
6
-22
-126
37
10
-73
33
-60
-52
74
-75
-43
131
-62
-45
106
-42
-83
157
69
-82
130
52
-60
76
-33
-28
65
-58
-67
58
-142
-47
74
-114
-84
88
-39
12
64
18
45
69
-2
129
-15
-30
175
-67
-15
108
19
-45
20
111
-29
27
174
-46
49
148
-29
35
115
-8
-59
117
-54
-49
132
-84
54
66
-1
-5
143
14
-29
121
18
-12
84
3
41
-30
-31
38
-130
-46
10
-18
-116
-59
89
-198
-37
83
-102
-108
51
-15
-206
9
-67
-164
-25
-48
-123
-54
-61
-123
-91
47
-152
-66
31
-69
-170
39
-10
-220
19
80
-222
-10
63
-134
-16
54
-69
0
100
50
-104
172
79
-188
251
14
-149
251
90
-184
230
159
-232
179
234
-236
252
139
-59
195
81
-61
121
57
-133
233
98
-89
190
136
-89
142
173
-43
115
197
-57
154
147
-89
113
120
-126
50
144
-175
15
149
-175
-19
124
-65
-110
117
-79
-157
98
-59
-241
32
-87
-230
-57
17
-173
-118
88
-130
-219
129
-99
-218
222
-29
-158
16
45
-281
-117
98
-251
-93
54
-194
-13
-44
-95
-81
38
33
-48
66
-47
-1
32
-150
85
29
-100
109
10
1
-11
81
47
23
83
88
64
39
148
113
-48
176
96
-61
136
161
-55
27
156
-29
39
86
118
-11
93
200
-82
91
142
23
19
29
120
-81
56
93
-73
95
39
-20
57
121
-39
-68
152
-41
-129
118
-79
-191
113
-90
-240
79
-37
-156
-73
29
-131
-127
33
-137
-135
12
-49
-153
-43
57
-215
-101
40
-242
-44
85
-203
-104
138
-192
-181
98
-140
-161
78
-69
-200
18
54
-254
-39
103
-196
-44
145
-105
-63
174
-12
-96
174
79
-57
84
151
-3
-93
206
51
-96
269
119
-99
287
91
-98
146
260
-96
116
341
-83
42
261
21
-47
193
154
-51
94
278
-9
39
244
151
-62
163
175
-82
132
75
-27
33
35
-47
15
-38
-65
-31
1
-66
-64
61
-104
-162
18
-87
-225
6
-25
-187
-57
-7
-228
-85
-45
-142
-88
-20
7
-152
-6
55
-141
-89
78
-94
-115
124
-90
-191
47
-109
-196
32
-28
-140
-29
-10
-97
-26
5
-109
6
-39
-85
87
-30
-110
84
-26
-125
-23
114
-18
-26
192
-42
2
148
-39
34
200
40
-40
155
101
-148
110
109
-86
92
150
-8
18
190
47
-74
174
98
-19
106
127
20
56
63
90
27
-15
184
38
-46
166
29
-37
84
71
-103
39
101
-116
7
10
-72
-71
-49
-35
-77
-10
-45
14
-22
-112
63
-58
-69
-21
60
-7
-76
28
-11
-103
-6
15
-78
-85
46
-13
-112
-16
-29
-143
-47
-71
-77
50
-124
-18
-18
-156
-49
-40
-49
-87
-28
11
-122
-49
37
-108
2
-8
-77
26
6
11
-34
54
22
-59
116
11
-33
124
93
23
62
126
16
-16
166
54
-66
229
126
-80
141
131
-12
48
179
-1
63
176
65
12
80
92
81
95
54
47
88
24
-6
0
61
3
-73
97
-37
-74
50
20
-93
-24
14
-34
-86
-61
-54
-78
-26
-50
-136
-62
-47
-93
-152
-1
-33
-91
-29
-10
-153
-122
-2
-63
-198
-9
-58
-149
-74
-97
-92
-97
-31
-91
-100
-36
27
-93
6
-27
-21
-47
57
-67
-45
86
-5
-108
-5
53
-91
-17
112
-28
51
163
-10
44
64
84
-27
100
108
16
108
180
-52
101
77
60
94
101
134
195
84
108
154
44
36
93
132
55
97
164
46
19
120
31
6
91
78
24
114
101
35
11
23
-22
-2
-25
-64
-12
32
-120
-26
-21
-199
-47
-25
-87
-52
-27
-83
-120
-64
-128
-164
-11
-187
-26
-36
-133
-91
-41
-132
-173
11
-56
-157
35
-18
-172
-68
-52
-125
-147
-40
-23
-126
-19
91
-166
-103
20
-67
-94
32
79
-119
49
117
-142
10
-16
-72
15
56
20
-6
178
-41
35
96
-8
108
167
128
104
138
188
45
59
191
85
124
233
121
102
153
87
58
89
159
62
100
155
71
0
5
39
12
-52
46
84
-77
-26
3
-27
-26
-14
-56
0
15
0
-42
-12
-45
-51
-67
-85
-108
-50
-89
-104
-13
-108
-103
13
-88
-152
-1
-78
-106
1
-58
-168
11
-102
-195
-72
-40
-180
-54
22
-109
-58
-53
-96
-115
-48
-48
-71
-2
-8
-57
-79
-44
-43
-143
5
103
-58
11
79
-61
-12
-17
-60
53
105
56
31
78
81
-58
82
108
50
172
119
106
185
209
68
87
261
117
71
220
203
16
159
167
48
47
123
127
36
78
199
-17
28
96
-15
-63
26
84
-40
31
5
-34
-97
-75
-98
-29
-101
-25
32
-75
-67
-40
-102
-162
-40
-2
-168
-15
-19
-151
-163
-28
-113
-173
-41
-5
-167
-59
-33
-67
-129
-83
-37
-136
-12
-28
-120
-60
89
-161
-116
90
-124
-107
79
-68
-32
74
-34
-149
35
-21
-168
89
10
-96
25
52
-35
1
-1
23
37
60
62
63
136
90
35
97
157
96
91
180
131
170
84
121
196
118
129
165
132
203
78
116
164
72
83
104
65
34
114
21
-2
38
-14
-82
0
22
-87
-15
-1
-57
-51
-36
-69
-59
-56
-140
-109
-51
-118
-90
-131
-136
-86
-135
-214
-137
-97
-106
-154
-92
-64
-141
-134
-80
-73
-140
-50
-18
-166
-44
2
-145
-62
42
-79
-97
82
-53
-59
2
-32
-9
-42
-39
49
-31
-94
94
68
-74
-43
148
-68
-76
121
81
-15
42
137
15
-50
149
120
-21
104
225
109
5
252
198
40
169
219
134
110
196
162
158
158
84
105
58
26
125
112
31
142
149
-20
45
51
20
32
24
12
31
20
-68
-88
-3
-67
-100
-14
-9
-96
-56
-42
-101
-98
-82
-47
-77
-73
-84
-102
-132
-113
-83
-209
-103
-72
-127
-120
-69
-95
-94
-110
-103
-83
-89
-120
-6
-69
-105
-34
-50
-89
-92
-58
-30
-57
-67
-4
1
-33
-49
9
2
-20
-1
41
10
-10
-4
84
-30
-51
118
36
-54
61
104
-17
13
113
44
49
74
133
114
48
114
120
93
93
112
117
121
72
158
207
31
85
237
70
-2
149
157
15
82
130
49
44
3
47
-3
-17
67
-18
-31
1
-30
-69
1
-47
-28
-12
-57
-63
5
-77
-104
-11
-22
-69
-48
-99
-99
-63
-157
-90
-91
-71
-127
-82
-95
-137
-126
-94
-106
-100
-89
-84
-81
-78
-68
-106
-49
-37
-17
-80
-40
19
-29
-45
28
-1
-37
31
24
-18
8
37
21
8
31
20
1
-3
3
30
39
50
48
60
74
47
58
125
91
98
142
106
123
94
97
115
98
85
125
96
100
66
82
109
58
81
89
52
109
79
0
38
77
45
-40
11
18
-8
-53
-39
-9
-47
-30
-46
-50
-102
-45
-19
-132
-48
8
-111
-100
-47
-93
-140
-64
-91
-125
-60
-101
-116
-102
-114
-108
-86
-69
-64
-87
-92
-34
-74
-95
-64
-21
-90
-127
-33
-36
-59
-12
-10
-21
-30
-8
-4
-9
29
91
62
14
37
55
44
45
105
77
29
82
59
1
53
63
53
64
36
64
78
46
60
79
60
84
77
72
96
77
81
126
82
95
136
102
76
128
109
57
80
93
30
51
87
39
2
47
27
-40
-5
16
-41
-60
23
-64
-74
-37
-87
-66
-60
-95
-46
-79
-91
-44
-77
-96
-82
-86
-96
-83
-122
-83
-69
-157
-109
-78
-186
-115
-69
-161
-133
-78
-103
-130
-88
-68
-85
-92
-86
-45
-70
-89
-16
-9
-42
4
16
-4
68
60
35
68
96
72
52
113
91
63
70
76
62
75
71
63
80
86
76
60
65
111
94
70
139
100
76
137
89
91
164
95
72
131
113
23
83
145
43
89
140
83
47
87
87
10
68
82
-5
3
30
-25
-62
-42
-47
-79
-71
-32
-50
-80
-85
-63
-72
-84
-72
-98
-100
-102
-113
-119
-113
-89
-111
-129
-112
-97
-142
-126
-86
-120
-123
-92
-98
-116
-73
-98
-81
-61
-87
-59
-44
-44
-25
6
-11
-3
24
-18
3
27
11
26
43
40
25
34
31
22
30
7
51
58
18
50
86
22
31
81
46
35
81
62
30
67
81
48
42
64
85
74
43
79
110
50
43
78
88
38
30
64
52
10
30
57
2
30
51
8
28
53
16
6
25
14
-12
-23
-27
-27
-25
-54
-45
-28
-54
-63
-28
-27
-58
-34
-16
-67
-69
-27
-72
-70
-30
-41
-100
-81
-17
-80
-70
-3
-35
-53
-14
-9
-54
-27
3
-25
-32
0
9
-14
-39
13
30
-21
-2
56
31
-8
49
48
5
30
51
14
67
41
12
20
-1
0
1
-22
-8
32
13
2
25
6
13
52
2
12
70
41
3
60
43
-16
34
45
1
70
88
28
74
81
1
56
66
1
32
56
27
17
28
29
-11
-12
19
4
-36
0
1
-65
-22
-28
-65
-36
-46
-54
-40
-48
-52
-48
-89
-81
-55
-74
-90
-57
-30
-65
-66
-35
-58
-105
-58
-33
-66
-42
-36
-58
-61
-55
-66
-64
-60
-35
-17
-55
-41
5
-37
-51
10
3
-22
-25
22
-2
-29
11
31
-2
4
48
30
31
49
62
53
44
67
70
13
48
77
33
54
94
56
39
59
59
63
95
68
84
94
90
99
91
88
80
79
77
91
90
106
67
87
98
54
64
98
55
38
76
57
40
25
13
0
-30
-28
-41
-52
-54
-46
-53
-67
-61
-86
-84
-84
-91
-70
-70
-103
-75
-88
-136
-113
-55
-103
-124
-54
-72
-109
-88
-52
-86
-109
-65
-62
-88
-59
-45
-84
-81
-55
-65
-89
-42
-14
-27
-33
5
10
-8
15
42
30
25
68
31
37
35
47
50
16
15
61
38
7
67
73
22
42
94
45
28
67
56
30
46
47
33
42
41
45
38
51
51
45
47
55
61
70
67
30
59
58
30
20
37
30
0
1
0
-25
8
-10
-31
5
-2
-27
-34
-7
-29
-54
-28
-42
-68
-47
-29
-76
-55
-33
-60
-64
-45
-44
-54
-29
-26
-23
-43
-53
-57
-56
-40
-46
-28
-27
-30
-32
-35
-8
-21
-11
13
-19
-10
30
-15
-15
34
9
-14
32
35
-15
29
55
15
23
57
39
36
50
55
59
43
40
51
35
33
50
32
26
31
41
28
18
41
43
15
29
53
28
17
42
44
-2
6
23
5
0
16
23
15
11
30
31
5
24
49
20
4
21
9
-8
-11
-14
-16
-31
-42
-22
-30
-40
-34
-40
-49
-29
-45
-40
-35
-61
-59
-67
-60
-58
-104
-73
-63
-84
-63
-37
-56
-51
-41
-51
-46
-35
-33
-46
-16
-23
-41
-31
-42
-52
-16
-21
-12
8
10
5
10
18
26
34
26
36
47
19
36
58
34
22
29
36
23
22
43
36
24
53
35
34
33
38
28
18
64
37
27
35
41
21
8
39
28
30
51
49
38
58
48
27
42
34
17
21
22
4
11
5
9
5
1
14
4
-1
18
-4
6
7
-19
-12
-28
-24
-45
-32
-37
-61
-41
-41
-44
-46
-39
-42
-33
-37
-37
-15
-38
-30
-29
-40
-42
-40
-47
-45
-44
-42
-42
-30
-38
-43
-9
-19
-34
4
17
-13
-15
0
-9
-8
-7
0
2
-3
16
12
16
28
35
14
13
40
32
33
51
44
28
43
33
20
30
43
39
38
63
61
44
68
70
35
43
52
28
17
34
33
24
23
26
-7
0
16
8
13
21
38
14
9
32
3
-4
15
5
-30
-6
4
-25
-33
-16
-27
-50
-37
-22
-44
-53
-34
-49
-71
-54
-52
-69
-71
-77
-67
-75
-74
-41
-50
-61
-50
-48
-57
-40
-43
-44
-23
-28
-36
-37
-31
-37
-32
-41
-30
-13
-21
-18
10
-2
3
38
32
10
27
45
9
16
42
25
20
38
33
33
33
37
43
47
43
48
51
43
43
53
52
31
39
49
31
37
41
35
34
41
32
50
56
32
48
48
31
42
41
37
32
13
29
32
21
19
14
-4
18
24
-8
25
27
4
8
17
-6
-14
-4
-7
-23
-13
-4
-39
-25
-15
-45
-37
-18
-19
-30
-41
-30
-29
-63
-57
-33
-58
-72
-45
-72
-70
-61
-66
-56
-46
-42
-42
-30
-40
-16
-25
-45
-17
-23
-48
-25
-3
-22
-12
8
-8
-16
4
16
1
11
34
3
15
27
-4
8
5
5
10
16
12
24
26
22
22
25
30
21
19
24
21
5
20
6
4
17
13
13
24
22
19
32
47
19
29
37
13
20
27
23
16
41
32
12
22
27
14
10
18
12
4
-4
-6
-4
-4
-18
-19
3
-17
-27
-23
-34
-29
-32
-22
-17
-30
-26
-13
-33
-33
-12
-34
-52
-18
-15
-37
-27
-18
-39
-31
-18
-16
-15
-11
-1
-11
-16
9
17
-14
24
24
2
10
19
-4
5
13
10
16
19
16
23
36
14
15
33
27
4
33
30
7
12
13
-2
-14
0
0
-16
-2
1
-8
-7
10
4
-1
25
33
11
29
42
27
20
37
24
9
31
23
21
32
40
33
36
31
32
27
10
4
9
-1
-10
5
-4
-14
-8
-11
-20
-15
-33
-28
-24
-27
-17
-31
-34
-35
-54
-48
-49
-48
-48
-45
-39
-46
-45
-39
-39
-31
-26
-29
-18
-8
-11
-27
-13
-3
-26
-24
-6
-22
-11
9
3
-2
16
10
-2
23
25
15
9
25
20
3
11
19
15
17
15
9
11
8
19
9
10
37
20
17
33
22
18
15
6
5
7
21
11
8
27
23
5
14
17
-1
17
3
-7
6
15
7
11
5
5
-9
-5
12
2
-1
20
15
14
20
13
9
7
12
4
1
1
-14
-14
-19
-25
-23
-15
-21
-36
-15
-9
-27
-26
-1
-28
-38
-18
-20
-41
-23
-13
-27
-22
-10
-11
-23
-8
-9
-16
3
6
1
8
5
7
10
5
0
15
8
4
11
13
11
-8
11
16
13
11
13
22
11
16
18
7
14
9
-3
-3
2
-2
-1
6
-3
11
14
-6
1
14
-3
-19
-6
-7
-15
-6
5
-1
0
14
10
2
11
7
10
18
21
6
-1
18
20
11
3
16
13
6
8
7
13
-1
4
7
-12
-2
13
-4
-9
0
-10
-7
-6
-25
-26
-23
-14
-21
-19
-17
-16
-17
-24
-11
-9
-8
-12
-13
-5
-13
-23
-12
-20
-15
-3
-3
-3
3
3
-10
-6
2
-3
1
3
4
12
8
1
2
-4
-4
-3
0
1
-1
8
5
4
6
-2
-2
8
1
1
5
3
6
-1
2
10
-13
-6
1
2
2
-3
-2
9
8
4
12
13
18
3
-2
13
8
0
10
16
18
17
29
24
21
29
23
24
35
29
18
22
24
9
8
15
4
4
5
2
-7
1
15
-1
-4
1
-10
-14
-12
-19
-23
-29
-26
-27
-27
-26
-18
-16
-24
-22
-20
-24
-23
-19
-18
-17
-14
-22
-19
-21
-14
-19
-12
-8
-18
-6
-11
-10
-5
3
-4
3
1
1
1
4
10
-2
4
3
4
9
8
2
10
12
12
16
18
16
15
21
18
15
16
20
12
10
19
15
10
20
25
15
28
27
19
21
23
12
21
29
13
8
10
9
0
6
11
10
4
10
8
12
17
7
-2
5
-4
-13
-3
-14
-17
-24
-19
-23
-35
-24
-32
-40
-25
-29
-37
-27
-26
-31
-31
-26
-24
-36
-27
-27
-44
-35
-30
-36
-32
-29
-23
-23
-13
-12
-9
-4
-6
-11
-7
4
-1
-1
3
4
-9
-11
-2
-5
-7
8
8
11
22
19
13
22
20
9
12
20
17
13
23
20
15
17
27
14
25
34
29
22
38
27
16
33
28
21
25
29
14
21
20
24
22
27
29
22
20
24
21
21
22
14
8
2
14
6
6
14
9
0
-2
4
-6
0
-2
-5
-4
-18
-16
-13
-29
-31
-25
-35
-34
-35
-36
-29
-20
-25
-18
-18
-27
-20
-26
-33
-22
-17
-21
-27
-17
-18
-29
-32
-26
-15
-18
-12
-2
-7
-3
0
-2
2
3
1
8
4
4
9
1
7
8
5
3
4
8
7
3
14
15
4
5
18
12
9
13
12
3
9
10
6
12
10
8
10
14
9
11
11
12
7
7
4
-2
2
-1
-6
-3
-1
-2
1
6
11
8
7
9
3
8
8
5
8
8
2
6
10
4
4
6
6
9
7
3
6
2
-3
-3
-2
-5
-7
-10
-14
-6
-12
-14
-8
-14
-11
-11
-8
-5
-3
-7
0
3
-2
-1
-1
-5
-4
-7
-8
-11
-13
-11
-6
-2
-4
5
4
1
-4
-3
-4
-8
-2
-5
-13
-12
-7
-14
-18
-10
-13
-6
-4
-3
-1
1
2
1
-3
1
12
8
6
10
10
8
9
16
13
13
18
18
9
13
14
12
8
12
9
6
9
12
17
11
16
14
7
8
7
7
11
12
9
9
10
-1
-1
-2
-12
-13
-15
-18
-13
-13
-6
-10
-15
-9
-6
-11
-16
-13
-14
-14
-17
-23
-21
-16
-22
-16
-14
-14
-11
-12
-11
-8
-4
-4
-4
-1
-1
-3
-5
-7
-2
-10
-7
-3
-5
-2
2
5
4
4
8
9
14
14
7
11
18
13
13
13
10
7
7
6
5
8
10
9
11
14
15
11
10
13
9
10
6
12
13
2
6
3
-1
-1
3
9
7
10
14
7
5
1
-2
-1
-3
0
1
-1
2
-1
0
0
-3
-1
-5
-5
-4
-6
-2
-6
-8
-13
-16
-11
-12
-19
-12
-10
-15
-16
-12
-11
-13
-16
-15
-10
-12
-13
-5
-12
-9
-9
-14
-9
-6
-11
-5
-2
-1
6
2
6
9
7
4
4
3
3
5
5
2
12
8
3
6
8
8
7
15
14
9
12
15
12
10
14
9
8
11
2
4
7
5
10
11
9
9
13
11
11
11
9
13
8
7
9
3
-1
-1
-7
-7
-3
-4
-6
-1
4
6
0
1
-1
-5
-2
-6
-6
-5
-5
-9
0
-3
-11
-10
-14
-15
-12
-10
-16
-16
-13
-14
-17
-8
-7
-13
-10
-8
-10
-7
-5
-3
-2
-2
1
4
3
2
4
-1
-4
-2
-5
-12
-7
-3
-8
-7
-7
-4
-9
-11
-3
-1
-8
-1
-3
-6
-4
-3
-3
-2
0
-3
1
5
4
5
7
9
8
10
9
4
4
9
5
7
8
4
6
6
6
8
8
10
9
12
10
10
13
13
10
13
13
5
8
16
12
11
17
13
9
7
7
11
8
8
9
8
7
8
5
2
-2
-4
-4
-4
-7
-8
-11
-10
-7
-11
-11
-9
-8
-12
-9
-7
-7
-5
-13
-10
-7
-8
-1
-1
-4
-2
-2
-4
-5
-5
-4
-6
-7
-9
-11
-9
-6
-7
-7
-12
-13
-11
-7
-8
-4
-3
-3
2
3
2
2
5
2
4
4
2
3
5
4
3
7
6
5
2
5
7
2
5
6
3
3
2
5
4
2
3
7
6
7
10
8
6
7
11
11
11
12
12
8
9
4
1
0
-4
-6
-3
-4
-5
-8
-13
-9
-10
-10
-13
-14
-14
-17
-14
-17
-16
-14
-16
-15
-15
-7
-13
-15
-10
-8
-8
-7
-6
-4
-8
-4
-3
-6
-4
-7
-6
-8
-4
-3
-1
3
5
4
8
12
8
8
6
12
7
5
7
6
7
9
7
9
10
8
11
11
15
14
16
15
13
9
9
7
8
6
5
6
3
5
4
6
6
9
8
6
6
8
6
9
9
6
9
7
3
5
5
4
5
3
2
3
0
3
3
-1
0
-2
-3
-4
-3
-5
-8
-6
-6
-7
-6
-7
-6
-6
-6
-6
-5
-3
-6
-5
-3
-1
-3
-3
-3
-4
-6
-6
-7
-2
-5
-4
-4
-4
-5
-5
-2
-2
-4
-7
-6
-7
-5
-3
-6
-8
-2
-1
-7
-6
-2
-7
-7
-4
-2
-4
-8
-5
-7
-9
-7
-6
-8
-8
-6
-6
-4
-3
0
1
2
-2
0
-2
-3
-3
3
3
5
7
6
6
6
4
3
5
2
3
4
5
6
8
6
4
7
7
6
7
7
6
8
5
6
7
9
7
6
4
1
2
1
2
-2
-1
-2
-5
-6
-2
0
-6
-1
1
-1
2
4
5
3
5
2
-2
-2
-2
-5
-4
1
0
2
1
-1
-1
0
-3
-4
-2
0
-4
-2
-1
-4
-2
-5
-3
-3
-1
-3
-1
2
1
-1
0
0
3
5
5
4
4
2
0
3
6
4
7
10
7
7
4
5
6
2
5
5
1
4
3
-2
0
3
1
0
2
1
2
3
2
1
1
-1
2
2
1
2
2
1
1
2
1
0
-5
-6
-7
-10
-9
-9
-8
-10
-11
-8
-8
-7
-7
-8
-9
-8
-8
-7
-10
-10
-9
-11
-10
-8
-5
-6
-4
-2
-3
-3
-3
-1
-3
-1
1
-4
-5
-5
-3
-5
-4
-4
-2
0
0
1
2
4
5
-1
0
7
7
6
4
9
13
12
5
3
8
16
9
2
3
10
9
1
-1
-1
3
4
2
-1
5
11
6
3
5
8
7
9
8
10
10
5
5
1
1
1
2
-2
-2
2
-2
0
-3
-1
0
-4
-2
-1
-4
-1
-2
-4
-3
-1
-2
-5
-3
-4
-7
-2
-2
-3
-3
-1
-4
-3
-3
-8
-7
-7
-5
-8
-9
-5
-8
-9
-7
-6
-6
-2
-1
-4
-2
1
-2
-1
1
-2
-1
1
-2
1
1
3
1
-1
2
2
3
6
5
5
7
8
6
7
9
8
7
4
8
6
6
7
7
7
9
7
8
12
11
11
8
8
7
4
1
2
3
2
3
0
0
3
-2
-5
-2
-1
-4
-7
-8
-7
-8
-10
-11
-9
-9
-11
-9
-9
-8
-8
-8
-7
-7
-6
-7
-6
-11
-8
-5
-6
-4
-4
-6
-6
-4
-6
-7
-4
-5
-2
-1
-3
0
1
2
0
3
1
-1
0
2
6
3
3
3
0
2
3
1
2
3
0
2
-1
1
4
-1
0
-1
-1
0
1
-1
-1
1
4
5
6
4
4
5
3
5
4
3
3
3
3
8
6
5
6
7
7
4
2
4
3
1
2
0
1
1
1
1
3
5
4
7
4
3
5
2
2
2
-2
0
1
2
0
-1
-1
-2
-3
-4
-5
-6
-3
-3
-2
-2
-3
-4
-7
-6
-2
-2
-4
-1
-1
-3
-2
-4
-5
-4
-5
-4
-2
-2
-3
-2
-5
-9
-7
-6
-7
-7
-5
-6
-8
-5
-6
-6
-3
-3
-1
-3
-2
-3
-2
1
1
2
3
2
0
1
2
3
3
4
4
5
4
4
3
2
2
4
1
2
6
4
4
4
6
5
4
4
6
7
7
10
9
10
11
10
7
8
7
6
7
5
6
6
6
3
1
2
1
0
-2
-3
-5
0
-1
-3
-3
-3
-5
-6
-4
-4
-4
-6
-5
-4
-5
-6
-8
-8
-5
-5
-8
-8
-7
-10
-8
-6
-7
-6
-9
-8
-7
-8
-6
-6
-4
-7
-6
-6
-7
-5
-4
-3
-3
-3
-2
0
1
3
3
6
4
2
4
5
3
3
4
7
7
8
6
4
7
4
8
6
8
10
7
9
9
8
8
8
7
6
7
7
5
5
4
4
5
2
2
2
2
3
4
4
5
5
5
3
0
2
1
-2
-4
-3
-1
-2
-2
-2
-3
-2
-4
-4
-4
-5
-6
-5
-6
-5
-6
-7
-7
-8
-6
-5
-7
-7
-6
-7
-7
-4
-3
-4
-1
-3
-4
-3
-4
-4
-2
-3
-3
-5
-5
-8
-10
-6
-8
-8
-7
-7
-6
-5
-3
-3
-2
0
0
-1
2
1
0
0
2
3
4
7
8
6
6
6
5
6
7
5
6
4
5
6
5
4
3
4
3
4
5
4
5
