-4
-4
-3
-4
-5
-5
-6
-6
-6
-7
-6
-5
-5
-4
-5
-6
-6
-6
-5
-6
-6
-6
-5
-5
-6
-3
-4
-3
-3
-1
0
0
1
3
3
4
4
5
5
5
6
6
6
5
5
4
3
3
4
3
2
1
-1
0
-2
-1
-1
-3
-4
-4
-4
-4
-4
-3
-3
-4
-4
-4
-3
-2
-3
-1
-1
-1
0
-1
-2
-1
-1
-2
-3
-2
-2
-4
-4
-4
-4
-4
-4
-4
-5
-3
-3
-1
-1
1
1
1
1
2
2
2
3
4
5
4
5
6
4
5
6
5
4
4
4
2
2
1
1
1
1
1
1
1
1
1
1
2
3
4
5
5
5
5
6
5
5
4
5
5
4
3
2
2
1
1
1
0
1
1
1
1
1
2
2
1
0
2
1
2
0
2
2
1
2
1
1
0
1
2
1
2
0
-1
-3
-3
-4
-4
-4
-3
-3
-5
-6
-5
-5
-5
-5
-5
-5
-4
-4
-3
-3
-2
-3
-2
-2
0
0
-1
-1
-2
-2
-3
-4
-5
-4
-4
-4
-4
-5
-5
-7
-5
-5
-4
-4
-3
-4
-3
-2
-2
0
-2
-1
-1
-1
1
1
1
1
1
1
1
0
0
1
0
-2
-1
-1
-2
-2
-1
-3
-2
-2
-1
-2
-1
-1
-2
-3
-2
-2
-2
-1
-1
0
1
0
0
2
1
2
2
3
3
4
4
6
5
7
7
6
6
5
5
5
6
7
8
9
8
9
7
8
7
7
7
7
7
8
8
6
7
7
6
6
6
5
6
4
5
4
6
5
4
4
2
3
2
2
0
-1
-1
-2
-2
-2
-2
-3
-3
-4
-4
-5
-5
-5
-5
-6
-5
-6
-7
-8
-9
-10
-9
-9
-9
-8
-9
-8
-8
-7
-8
-7
-8
-7
-7
-7
-6
-4
-4
-3
-3
-2
-1
0
1
1
2
2
3
1
3
1
2
2
1
1
3
2
2
2
2
1
1
2
1
1
2
2
1
1
0
0
-1
-2
-1
-1
-1
-1
-2
-1
-2
-1
-1
-2
-2
-3
-3
-5
-4
-4
-4
-5
-4
-4
-2
-3
-3
-2
-3
-2
-1
0
2
2
2
3
4
4
3
3
4
3
4
2
1
2
1
0
1
1
1
1
1
2
0
1
2
2
1
0
0
0
1
0
1
2
1
2
1
2
2
3
3
4
5
4
5
5
6
5
5
4
3
4
3
3
4
5
5
5
5
4
3
4
3
5
5
5
5
4
4
3
1
1
0
-1
1
0
0
0
1
1
1
1
0
0
-1
-1
-2
-2
-1
0
-1
-1
-2
-3
-3
-4
-5
-5
-4
-4
-4
-6
-7
-7
-8
-8
-7
-8
-8
-7
-6
-6
-7
-7
-7
-6
-7
-7
-5
-5
-4
-4
-4
-3
-2
-2
-1
0
-1
0
0
0
0
0
1
1
1
1
2
2
2
1
2
1
1
2
1
0
1
0
1
1
1
1
0
1
0
-2
-2
-3
-3
-3
-2
-2
-2
-1
-1
0
0
0
0
0
1
0
0
1
2
2
2
2
1
3
1
2
3
2
3
2
3
4
4
4
5
6
6
7
8
8
8
8
8
7
7
6
6
6
6
4
4
3
2
2
3
2
2
1
1
0
0
0
0
-1
-1
0
0
1
0
-1
-1
-1
-2
-2
-2
-2
-2
-2
1
1
1
1
2
1
1
0
1
0
-2
-2
-3
-3
-5
-5
-5
-4
-5
-4
-3
-3
-3
-1
-2
-1
-2
0
-1
-1
-1
-2
-1
-1
-1
-3
-3
-5
-4
-4
-4
-5
-5
-6
-5
-5
-4
-4
-4
-4
-5
-4
-4
-3
-3
-1
-2
-2
-2
-2
-2
-3
-3
-3
-3
-3
-3
-4
-3
-3
-3
-3
-1
1
0
1
2
3
2
2
4
4
5
5
4
5
6
6
5
5
5
5
5
5
4
5
5
4
3
2
1
1
1
0
1
1
0
1
0
0
-1
-1
-1
0
-1
-1
-1
-1
-1
-1
0
-1
0
2
1
1
1
1
1
2
2
2
3
2
2
2
3
2
2
3
3
3
4
3
4
3
3
1
0
-2
-1
-1
-1
-1
-1
0
0
0
0
1
1
1
2
3
2
2
3
3
3
3
3
3
3
2
3
3
2
2
0
1
0
0
-1
-3
-1
-1
-2
-2
-3
-3
-3
-4
-3
-4
-3
-3
-2
-1
-2
-2
-3
-3
-2
-3
-4
-3
-3
-3
-3
-4
-5
-4
-3
-3
-2
-2
-3
-3
-4
-4
-3
-4
-3
-2
-3
-2
-2
-2
-2
-2
-1
0
-1
-2
-2
-1
-1
-1
-2
-1
-1
-1
-1
0
-1
0
0
0
-1
0
0
0
0
0
0
2
1
2
3
3
2
1
0
0
-1
0
1
1
2
2
1
2
2
2
3
4
4
5
6
7
6
6
6
5
4
5
4
3
3
2
2
1
1
0
0
0
-1
0
0
-2
-1
0
0
-1
-2
-2
-3
-3
-3
-4
-3
-4
-4
-3
-3
-3
-3
-4
-3
-3
-2
-2
-1
-1
-1
-1
-2
-2
0
0
-1
-1
0
1
0
0
1
2
1
2
3
3
3
3
3
3
4
3
4
4
4
4
5
5
5
5
5
4
4
4
4
4
4
4
3
2
2
2
3
2
2
2
1
0
0
1
1
0
-2
-2
-2
-2
-2
-2
-2
-3
-1
-1
-2
-2
-2
-2
-3
-3
-2
-2
-3
-3
-3
-3
-4
-2
-3
-3
-3
-4
-4
-4
-6
-5
-5
-4
-4
-4
-3
-4
-4
-5
-5
-5
-5
-5
-4
-4
-5
-4
-3
-3
-3
-3
-4
-2
-3
-2
-1
-1
-2
-3
-1
-1
-1
0
-1
-1
-1
0
0
1
1
1
1
0
0
-2
1
0
0
1
0
1
1
2
2
1
3
2
2
3
2
3
4
4
5
5
6
7
8
8
8
8
9
9
8
8
7
7
7
6
7
6
6
6
6
5
5
5
4
4
4
4
4
4
4
3
1
2
1
-1
-1
-1
-2
-2
-1
-1
-2
-1
-2
-2
-2
-2
-3
-2
-2
-2
-2
-3
-4
-3
-4
-2
-3
-2
0
0
-1
-1
-1
-2
-1
-3
-1
-3
-3
-2
-2
-2
-3
-3
-5
-5
-3
-4
-4
-3
-4
-4
-4
-3
-6
-4
-2
-3
-2
-3
-4
-4
-4
-5
-4
-4
-4
-4
-5
-4
-4
-5
-4
-5
-4
-4
-3
-2
-2
-1
-2
-1
0
0
-1
1
3
2
1
0
1
0
0
0
0
2
0
1
2
0
1
0
0
-1
0
-2
0
1
1
0
1
1
1
1
1
2
3
3
3
3
4
3
3
4
6
4
5
6
6
6
6
5
5
4
5
5
5
7
3
3
2
3
3
2
2
2
2
2
2
3
3
3
3
3
5
5
5
6
4
3
3
3
2
3
1
2
2
0
-1
0
0
0
0
0
1
2
-1
-1
-2
-3
-3
-2
-5
-5
-5
-6
-6
-6
-7
-6
-6
-6
-8
-7
-7
-8
-7
-7
-7
-8
-6
-7
-6
-6
-7
-6
-6
-6
-7
-8
-6
-7
-4
-5
-4
-3
-3
-2
0
0
1
1
3
2
3
3
3
4
3
4
4
3
3
3
3
3
4
4
6
6
6
4
6
5
6
6
7
7
9
9
8
9
10
8
8
9
8
7
7
7
5
6
6
4
5
4
2
1
2
1
-2
-1
-1
-2
0
-1
0
-1
-2
-3
-4
-4
-5
-5
-6
-5
-5
-7
-6
-6
-7
-7
-7
-6
-8
-6
-5
-6
-5
-5
-6
-5
-4
-5
-5
-6
-5
-7
-6
-6
-6
-6
-4
-3
-3
-3
-2
-2
-3
-2
-1
-1
0
0
0
0
2
3
1
4
3
2
4
5
3
3
4
5
3
4
5
2
2
3
2
2
4
4
3
2
3
3
1
3
2
1
1
-1
0
1
-7
-15
5
11
-7
-1
14
2
-9
4
7
0
8
19
9
-2
15
14
-3
3
14
1
-5
6
0
-11
-8
-4
-14
-15
-8
-12
-18
-11
-7
-11
-9
-1
-1
-2
4
8
7
8
12
11
8
7
7
8
8
7
6
4
2
0
-1
-1
-3
-5
-6
-3
-7
-7
-4
-8
-8
-4
-4
-6
-3
1
-6
-3
3
-2
-3
3
5
-2
2
7
1
-1
7
3
-1
3
5
-4
-4
2
-5
-9
-1
-3
-9
-4
0
-9
-8
1
-3
-8
-1
4
-3
-1
8
3
0
6
6
0
2
5
0
-2
3
0
-4
0
0
-4
-1
1
-4
-1
4
-2
-3
3
0
-3
2
2
-7
-1
3
-4
-4
5
1
-4
4
7
-3
4
10
1
4
11
5
3
13
7
2
12
9
1
7
8
-2
3
9
-1
-1
8
2
-4
7
3
-5
2
4
-5
-2
5
-4
-5
5
-2
-10
2
1
-10
-2
3
-8
-7
3
-5
-6
2
-1
-5
1
1
-4
2
1
-4
0
1
-3
-2
0
-4
-1
0
-5
-1
0
-5
-1
5
-2
-2
5
-1
0
6
-1
-3
4
0
-5
4
2
-5
0
-1
-6
0
0
-5
0
2
-5
-1
3
-2
-2
0
0
1
-3
-3
2
-2
-5
1
2
-8
1
7
-9
-4
6
-2
-4
3
1
-1
2
0
-1
6
-2
1
9
-2
0
8
-2
-5
6
4
-4
5
5
-1
3
-2
0
5
-2
-5
8
-1
-12
7
2
-16
-2
2
-8
-9
0
-2
-12
-5
0
-6
-10
-5
2
-9
-10
3
-1
-6
-5
5
-5
-12
2
3
-3
-1
1
6
-2
-4
6
7
-1
3
15
-2
-2
12
8
-5
0
15
-1
-8
11
12
-8
1
19
0
-9
14
10
-7
1
16
1
-6
6
9
-1
-7
14
9
-10
5
18
-2
-8
19
14
-9
6
18
1
-9
10
11
-13
-5
14
-2
-14
5
9
-16
-11
11
-7
-22
4
11
-18
-15
15
0
-25
1
13
-15
-19
11
-1
-26
-2
12
-17
-18
15
5
-26
0
24
-18
-23
25
9
-29
7
34
-16
-20
34
13
-29
14
35
-12
-20
32
15
-34
10
35
-16
-22
35
15
-40
14
38
-28
-21
41
4
-41
17
32
-36
-19
40
-8
-44
22
25
-39
-9
38
-20
-34
25
8
-37
4
34
-23
-21
30
5
-35
14
24
-29
-8
28
-5
-25
20
14
-28
1
24
-13
-24
18
6
-34
0
20
-18
-18
20
4
-27
9
21
-19
-12
28
-3
-25
18
20
-23
-6
28
-9
-18
16
12
-19
-4
24
-10
-16
17
11
-20
-4
19
-9
-15
9
8
-23
-4
17
-14
-16
10
9
-22
1
20
-5
-15
13
19
-25
-6
35
-10
-21
34
14
-30
17
35
-20
-10
36
6
-25
13
29
-19
-13
36
2
-28
19
24
-22
-5
33
3
-25
21
25
-20
-9
36
4
-25
25
30
-23
-7
40
-8
-28
27
22
-32
-3
43
-17
-32
41
5
-41
12
33
-33
-20
40
-6
-33
12
29
-34
-14
38
-17
-37
19
17
-50
-9
35
-26
-39
28
12
-56
2
40
-42
-37
55
-5
-65
35
31
-63
-17
59
-41
-61
56
-4
-72
9
52
-72
-38
76
-40
-73
55
25
-97
17
62
-75
-35
76
-19
-79
71
24
-83
16
76
-61
-43
95
-17
-72
69
38
-83
27
80
-61
-27
97
-14
-73
90
31
-84
47
80
-72
-13
117
-36
-57
99
32
-89
52
82
-77
-4
118
-44
-55
110
9
-86
66
72
-93
17
87
-49
-37
92
-6
-68
72
29
-76
30
69
-73
-16
77
-37
-60
72
7
-93
49
45
-90
5
78
-60
-45
83
-25
-70
53
26
-73
-2
59
-58
-42
63
-29
-52
31
8
-53
-3
42
-51
-18
44
-46
-13
29
-11
-30
16
34
-60
11
61
-58
-2
58
-29
-14
47
14
-38
32
29
-27
4
45
-8
-28
53
-1
-36
47
2
-31
26
22
-46
19
33
-46
-4
32
-19
-33
31
-5
-38
11
16
-31
-17
32
-32
-34
32
-22
-25
-2
13
-31
-17
23
-35
-26
32
-23
-41
17
0
-41
-10
25
-38
-12
32
-22
-37
43
-3
-51
31
37
-65
26
42
-56
11
30
-19
-21
29
28
-30
7
40
-21
-10
42
-11
-22
61
4
-50
61
36
-45
17
35
-10
-17
35
10
-25
34
17
-30
5
30
-16
-14
15
9
3
-17
20
6
-27
17
8
-11
9
9
20
-27
0
33
-16
-30
36
16
-53
29
34
-63
26
33
-43
23
21
-10
-4
10
31
-27
4
32
-31
21
8
-17
30
-2
-2
2
30
-25
11
40
-46
34
44
-56
46
20
-14
17
9
26
-15
21
29
-22
15
15
-14
0
-8
14
-25
21
0
-27
18
-15
-25
20
-24
-4
3
-6
-10
-2
10
-27
4
16
-51
19
6
-36
13
14
-43
-4
28
-65
-2
34
-81
0
38
-81
-17
35
-56
-51
26
-27
-45
1
-6
-50
-9
0
-32
-36
-14
17
-63
-15
23
-63
-7
18
-43
-42
43
-22
-52
42
-21
-36
13
-8
-37
25
-7
-5
14
-25
37
1
-17
33
17
12
5
57
-4
29
59
-38
83
26
-10
70
18
22
21
63
-12
25
84
-18
17
80
-4
-22
86
19
-36
79
13
-20
46
19
0
10
36
-11
21
16
-17
42
-25
13
25
-31
27
-3
-21
-2
18
-27
-22
50
-44
-18
8
-15
3
-49
38
-26
-35
35
-26
-16
-14
50
-53
-31
74
-68
-27
57
-28
-52
62
-16
-74
76
-39
-44
42
-25
-26
0
4
-49
-13
33
-62
-1
26
-62
25
-13
-30
8
-11
1
-13
12
-21
27
-4
-47
99
-70
-28
99
-71
-17
58
-17
-70
65
-7
-61
42
-23
-23
4
-23
9
-21
-19
17
-11
-22
-11
22
-28
-24
25
-9
-27
-11
6
-6
-41
2
11
-34
-13
13
-28
-7
23
-34
5
20
-5
-25
49
-5
-27
55
-23
-18
79
-46
19
52
-18
22
36
5
-3
42
7
0
9
15
26
-6
10
4
-14
7
31
-19
13
53
-25
14
20
6
27
16
25
24
28
17
37
41
-32
55
26
-15
40
-6
16
5
-19
13
-3
-12
-3
-11
12
6
-33
9
46
-42
-20
75
-20
-34
58
-10
-16
15
14
-14
-17
17
0
-41
-10
21
-29
-46
24
1
-80
15
19
-101
4
20
-103
-5
8
-80
-7
0
-61
-21
40
-86
-12
54
-73
5
-4
-30
-9
1
-23
-20
24
-39
-12
24
-73
22
19
-86
29
39
-72
1
67
-69
-25
86
-66
-16
88
-37
0
72
-20
10
71
-18
7
95
-6
-15
111
-4
-16
86
9
-10
75
13
-8
69
10
-17
69
-2
-18
62
-6
-24
55
6
-54
65
5
-63
66
5
-55
26
18
-41
3
43
-46
-2
47
-47
-18
57
-40
-48
64
-24
-69
42
-2
-67
18
2
-53
3
4
-47
-13
-5
-34
-20
-18
-32
-2
-31
-29
5
-37
-13
-18
-24
-7
-13
-32
-17
3
-38
-19
17
-38
-42
29
-23
-61
29
13
-70
4
53
-64
-18
80
-49
-34
106
-22
-56
117
9
-53
83
64
-45
60
73
-20
36
58
12
30
38
18
50
20
22
49
26
0
39
40
-14
21
63
-9
-15
73
11
-34
54
34
-47
38
54
-50
13
61
-48
-16
84
-63
-24
77
-56
-42
63
-41
-62
41
-25
-64
6
12
-104
7
24
-115
8
19
-100
-11
6
-65
-44
32
-53
-50
21
-45
-59
28
-23
-51
5
0
-42
-8
19
-32
1
8
-9
-5
8
5
3
-3
9
34
-15
2
50
-18
-3
53
-24
12
40
-16
2
49
-15
6
53
-18
-17
66
-3
-43
67
9
-32
26
31
-18
-13
58
-15
-20
35
2
-18
0
38
-29
-20
31
-13
-18
-10
21
-27
-17
29
-28
-9
12
-12
-2
-3
9
-12
-7
5
3
-23
5
25
-38
8
23
-28
-13
44
-12
-19
46
-5
-34
21
12
-39
5
15
-14
-10
11
11
-20
0
27
-3
-21
20
29
-45
13
52
-47
-4
57
-2
-53
49
40
-81
29
60
-60
-7
58
-21
-36
43
6
-46
16
18
-12
-21
17
33
-54
4
59
-50
-13
56
-6
-69
52
33
-96
41
54
-71
-9
90
-46
-61
100
-7
-87
76
47
-81
22
61
-30
-41
58
10
-69
25
30
-48
-39
41
-9
-86
27
11
-68
-14
29
-35
-47
37
-2
-55
2
33
-55
-19
52
-30
-26
32
-17
-27
16
-4
-21
10
11
-26
-19
30
-6
-14
16
23
-5
-5
25
20
-13
12
46
-11
2
59
10
-31
56
45
-43
25
81
-37
-5
82
-11
-38
62
26
-47
30
25
-39
14
14
-24
9
17
-16
-2
36
-26
6
17
-4
-10
13
17
-29
22
-2
-38
6
28
-27
-21
43
-37
-53
39
-16
-37
25
-4
-34
15
13
-37
31
14
-40
14
14
-12
13
11
-9
3
6
-39
-8
33
-36
-9
42
-23
-1
1
-6
-10
-20
3
2
-26
-18
32
-31
-36
33
-21
-47
34
-11
-47
41
15
-56
19
32
-29
4
27
-31
-8
37
-32
-9
26
-13
-28
15
0
-47
22
7
-44
5
10
-27
-4
23
-17
6
24
2
3
6
5
7
11
9
30
13
-11
7
17
-20
12
21
-6
-4
23
7
-20
24
25
-13
15
31
-6
15
17
-3
14
17
-12
34
4
-25
30
-5
-22
12
11
-21
14
13
-47
-16
11
-39
-20
22
0
-17
21
0
-21
24
8
-14
16
24
15
14
17
11
4
4
0
11
9
2
41
-11
-2
37
-17
-25
24
24
-25
25
27
-26
15
21
-27
6
27
-26
-11
27
-30
-29
16
-22
-50
4
-12
-47
-3
-6
-48
-21
-6
-60
-22
21
-29
-25
12
-17
-40
5
6
-57
-22
-9
-60
-32
-1
-44
-48
-11
-41
-62
-29
-36
-56
-35
-14
-16
-33
-33
-7
-39
-45
1
-1
-27
-17
24
-22
8
57
22
20
54
51
-1
64
106
31
65
127
62
47
111
91
42
104
107
43
83
97
20
28
78
28
-3
66
32
-25
30
19
-22
42
22
-5
42
26
-20
31
18
-33
39
24
-21
19
11
-35
2
-7
-35
-9
-6
-40
-32
-11
-43
-31
-24
-49
-46
-37
-41
-24
-28
-33
-25
-39
-49
-25
-30
-55
-28
-30
-60
-35
-25
-68
-31
-16
-60
-35
-3
-25
-45
-9
-31
-55
0
-6
-50
-6
13
-30
-13
21
-23
-25
20
-1
-17
17
14
-19
-7
21
3
-14
38
4
-39
8
4
-43
-29
-2
-37
-37
7
-9
-49
-8
-18
-71
-31
-9
-59
-18
9
-34
4
8
-24
-5
3
-16
17
55
43
53
85
57
60
101
78
88
114
126
118
137
113
98
92
66
74
82
57
61
80
34
24
45
11
-4
59
36
-1
85
78
6
78
95
13
50
74
-13
23
61
-37
-25
-7
-108
-105
-84
-169
-157
-133
-215
-249
-187
-265
-310
-243
-305
-333
-283
-276
-274
-222
-190
-185
-154
-127
-76
-11
12
97
166
162
250
325
292
333
421
380
362
446
385
290
332
282
140
130
109
-10
-65
-41
-135
-194
-160
-204
-209
-157
-113
-83
-14
73
123
161
239
288
303
343
398
374
375
358
293
234
181
124
54
-5
-89
-178
-232
-316
-364
-431
-478
-533
-632
-721
-843
-1003
-1212
-1378
-1407
-1094
-735
-691
-715
-761
-874
-855
-674
-341
198
702
943
1200
1523
1652
1625
1547
1493
1560
1676
1713
1674
1475
884
331
-170
-616
-814
-1042
-1275
-1343
-1364
-1581
-1645
-1530
-1588
-1458
-1070
-639
-118
337
634
876
1133
1244
1439
1682
1766
1900
1980
1927
1769
1510
1141
715
392
131
-187
-383
-572
-882
-1181
-1414
-1642
-1848
-1836
-1769
-1614
-1360
-1081
-909
-720
-500
-359
-87
200
520
821
1041
1194
1260
1276
1119
991
880
698
606
457
198
-25
-335
-684
-898
-1049
-1222
-1291
-1277
-1347
-1292
-1219
-1173
-1043
-862
-673
-446
-126
94
282
486
631
770
905
972
1033
1065
1062
1020
952
827
699
560
378
284
181
50
-46
-148
-280
-340
-354
-438
-407
-334
-363
-268
-144
-139
-81
76
112
134
314
402
447
584
632
597
616
655
612
544
526
437
339
279
234
75
-157
-242
-369
-476
-391
-344
-456
-485
-483
-573
-570
-450
-427
-429
-295
-152
-78
0
106
56
-40
-16
-111
-362
-582
-732
-903
-774
-410
-365
-517
-678
-912
-1064
-972
-657
-317
72
479
701
931
1114
1141
1026
997
1145
1333
1446
1463
1328
865
384
-23
-426
-695
-842
-999
-1154
-1178
-1187
-1307
-1428
-1462
-1349
-996
-579
-126
355
668
802
943
1116
1213
1364
1576
1631
1654
1689
1546
1175
820
536
154
-106
-211
-323
-489
-671
-857
-1041
-1149
-1192
-1131
-972
-771
-458
-225
-65
128
269
306
431
620
675
765
859
793
691
610
365
64
-133
-345
-515
-615
-858
-1261
-1746
-2179
-2295
-2123
-1842
-1612
-1536
-1509
-1430
-1259
-937
-414
205
717
1209
1656
2026
2354
2480
2327
2146
2122
2080
2012
1881
1488
877
187
-501
-991
-1318
-1659
-1935
-2059
-2111
-2017
-1821
-1739
-1704
-1446
-954
-242
499
1083
1605
1928
2056
2158
2410
2539
2513
2514
2285
2057
1830
1397
674
64
-376
-889
-1136
-1255
-1382
-1614
-1886
-1993
-2019
-1861
-1670
-1393
-1025
-618
-167
144
391
609
716
814
1003
1244
1344
1247
1057
872
651
328
65
-148
-359
-548
-678
-851
-1043
-1199
-1428
-1581
-1491
-1383
-1377
-1388
-1489
-1701
-1680
-1369
-1046
-699
-438
-365
-255
-118
52
307
687
1019
1257
1505
1755
1938
1903
1721
1519
1327
1213
1123
1007
765
423
-42
-537
-857
-1102
-1321
-1415
-1426
-1400
-1238
-1017
-933
-718
-417
-187
176
735
1154
1363
1609
1734
1640
1595
1576
1457
1365
1289
1076
798
590
285
-77
-375
-579
-766
-880
-892
-855
-848
-862
-830
-834
-780
-548
-323
-203
31
220
180
240
353
322
379
443
409
362
418
344
167
77
-51
-190
-233
-219
-267
-346
-414
-528
-653
-670
-727
-776
-753
-803
-892
-933
-981
-1020
-993
-916
-814
-707
-571
-461
-373
-251
-112
40
246
450
662
882
1127
1215
1195
1164
1054
944
894
860
761
621
418
211
14
-171
-343
-517
-620
-642
-598
-504
-358
-202
-116
-39
115
284
456
698
891
999
1079
1124
1090
1040
937
805
665
490
327
137
-44
-251
-446
-641
-791
-811
-799
-840
-844
-810
-829
-781
-637
-497
-357
-195
-97
-61
39
121
116
110
90
103
139
153
118
22
-68
-168
-222
-252
-257
-312
-497
-712
-957
-1160
-1199
-1135
-1010
-883
-724
-702
-799
-739
-585
-357
24
431
736
1085
1380
1449
1481
1466
1388
1322
1255
1227
1200
1034
620
153
-272
-670
-947
-1086
-1156
-1175
-1136
-1086
-980
-764
-559
-376
-111
262
687
1043
1397
1661
1732
1680
1582
1503
1437
1321
1183
965
683
412
84
-285
-542
-725
-886
-913
-815
-742
-726
-716
-712
-643
-456
-236
0
212
351
452
481
486
531
481
297
247
286
168
112
27
-318
-553
-704
-948
-1019
-1001
-1103
-1181
-1144
-1152
-1178
-1186
-1305
-1381
-1281
-1049
-735
-450
-324
-264
-180
-186
-24
233
422
621
747
792
891
1039
916
748
679
555
452
445
395
239
63
-171
-387
-446
-438
-424
-393
-319
-176
-52
72
233
366
460
585
755
950
1140
1222
1181
1072
971
852
742
675
575
415
257
124
-55
-140
-287
-501
-597
-594
-576
-561
-476
-437
-430
-362
-265
-162
-45
56
90
138
231
274
296
274
224
129
12
-20
-62
-179
-265
-343
-517
-621
-640
-725
-797
-792
-837
-867
-757
-695
-698
-640
-590
-556
-432
-291
-164
-2
91
171
260
312
351
445
468
419
474
535
490
510
474
309
232
169
49
35
82
38
28
2
-68
-33
-47
-97
-40
42
90
198
290
314
412
470
439
500
599
567
602
642
592
597
596
467
392
393
277
217
214
166
104
86
63
40
57
55
6
-27
-22
-42
-62
-54
-22
-93
-156
-145
-196
-252
-275
-328
-394
-375
-411
-494
-482
-457
-516
-482
-395
-436
-474
-450
-513
-601
-569
-614
-735
-885
-1135
-1510
-1740
-1661
-1422
-1108
-869
-790
-884
-971
-974
-785
-348
262
813
1154
1430
1679
1862
1911
1827
1682
1548
1474
1394
1279
1136
797
206
-363
-782
-1069
-1211
-1267
-1305
-1276
-1203
-1162
-938
-566
-263
14
368
683
1092
1581
1882
2101
2234
2223
2091
2009
1952
1869
1755
1429
1087
823
504
123
-255
-599
-955
-1163
-1304
-1379
-1327
-1320
-1409
-1477
-1389
-1188
-903
-668
-454
-180
15
162
336
440
453
470
435
320
356
459
344
150
8
-188
-431
-559
-647
-787
-873
-957
-1095
-1178
-1306
-1791
-2394
-2521
-2069
-1412
-878
-638
-719
-900
-1096
-1139
-708
176
1059
1481
1554
1717
2126
2473
2414
2048
1661
1454
1410
1366
1387
1362
946
78
-831
-1376
-1553
-1551
-1661
-1859
-1849
-1657
-1431
-1057
-659
-406
-245
-110
107
623
1383
1922
2142
2211
2163
2076
2074
2102
2062
1910
1624
1243
1000
926
768
387
-166
-703
-1156
-1401
-1406
-1258
-1139
-1218
-1407
-1522
-1449
-1190
-907
-716
-552
-320
-44
282
670
897
939
867
758
774
977
1072
952
746
405
46
-216
-450
-671
-885
-1131
-1403
-1576
-1591
-1576
-1576
-1582
-1602
-1523
-1284
-983
-699
-585
-816
-1285
-1506
-1139
-435
162
382
241
-112
-521
-799
-733
-165
577
916
868
916
1287
1718
1898
1736
1512
1414
1358
1379
1545
1773
1720
1166
286
-346
-478
-537
-749
-1021
-1246
-1437
-1492
-1339
-960
-510
-327
-396
-426
-28
622
1130
1475
1649
1756
1798
1813
1847
1936
1897
1505
998
732
682
623
428
58
-359
-753
-1132
-1405
-1429
-1330
-1328
-1422
-1437
-1254
-943
-720
-618
-514
-407
-275
-54
295
710
1037
1106
950
817
768
692
580
438
326
248
117
-116
-356
-557
-813
-1093
-1302
-1413
-1410
-1410
-1547
-1636
-1705
-1894
-2118
-2158
-1916
-1487
-1041
-782
-644
-522
-451
-420
-202
295
851
1266
1446
1558
1804
2093
2126
2014
1890
1706
1472
1216
1005
874
764
427
-44
-444
-704
-917
-1106
-1265
-1321
-1212
-1096
-984
-747
-482
-293
-119
40
229
487
757
1038
1355
1564
1618
1641
1698
1789
1857
1739
1406
1144
1002
811
693
609
386
-7
-420
-767
-950
-1011
-1139
-1387
-1566
-1589
-1549
-1436
-1249
-996
-810
-642
-418
-168
156
490
706
848
1014
1159
1238
1284
1250
1116
888
529
123
-174
-338
-520
-719
-989
-1280
-1514
-1703
-1837
-1834
-1733
-1729
-1713
-1614
-1632
-1702
-1701
-1545
-1142
-597
-170
40
196
219
91
11
172
583
1051
1297
1311
1380
1577
1709
1707
1550
1347
1174
966
763
694
800
766
445
23
-344
-583
-745
-965
-1131
-1168
-1132
-1055
-883
-599
-285
-81
-60
-22
188
433
626
825
999
1145
1291
1341
1335
1359
1289
1081
875
800
793
782
707
572
392
195
-43
-284
-435
-532
-606
-675
-679
-614
-497
-403
-342
-296
-211
-93
-1
110
259
375
432
420
372
304
230
153
43
-62
-185
-357
-602
-808
-954
-1062
-1132
-1177
-1196
-1167
-1148
-1165
-1165
-1122
-1011
-879
-746
-693
-788
-980
-1073
-962
-679
-400
-304
-392
-557
-710
-770
-635
-276
115
297
334
407
719
1222
1620
1778
1757
1680
1618
1584
1663
1814
1905
1768
1395
958
641
443
215
-94
-452
-684
-833
-920
-839
-687
-607
-648
-778
-836
-676
-347
-70
75
243
379
487
582
707
895
1023
1030
949
933
1020
1132
1143
926
646
377
99
-115
-257
-408
-636
-938
-1208
-1340
-1274
-1151
-1168
-1296
-1381
-1321
-1183
-906
-545
-185
94
252
347
503
743
880
914
889
829
744
610
465
356
237
17
-307
-566
-719
-831
-872
-934
-983
-1030
-1076
-1067
-1029
-1027
-1200
-1415
-1440
-1191
-829
-512
-305
-253
-349
-519
-555
-283
202
609
758
795
1022
1465
1790
1928
1927
1754
1470
1225
1120
1153
1339
1299
902
512
274
71
-191
-471
-775
-952
-966
-899
-690
-351
-115
-103
-193
-249
-162
21
182
390
640
758
754
745
777
829
840
686
437
306
280
287
303
301
254
67
-232
-486
-568
-534
-550
-611
-703
-709
-622
-596
-622
-672
-781
-925
-976
-853
-586
-282
-84
-43
-23
75
154
187
213
229
218
185
180
208
219
137
-73
-335
-534
-617
-655
-676
-646
-617
-611
-578
-475
-319
-183
-180
-387
-764
-1038
-1017
-659
-180
130
145
-93
-398
-632
-693
-485
-123
259
461
589
932
1456
1914
2051
1940
1735
1599
1564
1627
1815
1970
1891
1527
1056
673
368
-20
-498
-906
-1184
-1334
-1352
-1276
-1142
-1025
-1119
-1378
-1478
-1351
-1092
-820
-585
-355
0
293
449
674
847
839
671
527
561
788
1049
1066
959
815
567
249
13
-49
-134
-332
-596
-720
-675
-636
-694
-881
-1112
-1216
-1218
-1140
-870
-441
-132
-18
69
183
340
517
597
625
717
804
816
824
839
754
493
146
-136
-266
-324
-408
-500
-565
-607
-663
-716
-715
-680
-718
-934
-1271
-1462
-1360
-975
-531
-224
-70
-128
-305
-471
-464
-250
166
645
925
1148
1474
1877
2216
2331
2195
1908
1682
1561
1536
1594
1629
1443
1010
494
-18
-416
-767
-1173
-1586
-1917
-2056
-1980
-1812
-1685
-1597
-1595
-1665
-1617
-1365
-973
-537
-168
79
294
536
761
979
1162
1241
1218
1128
1048
1057
1113
1039
799
491
180
-79
-315
-543
-715
-886
-1064
-1204
-1228
-1172
-1128
-1160
-1186
-1089
-883
-580
-194
174
484
716
832
903
1039
1228
1336
1396
1430
1403
1343
1234
1025
771
529
242
-34
-225
-354
-446
-589
-708
-770
-764
-727
-732
-760
-857
-1016
-1278
-1528
-1478
-1072
-543
-178
-55
-108
-248
-437
-595
-499
-88
457
860
1095
1391
1791
2037
1969
1671
1361
1159
1084
1080
1158
1250
1110
607
-122
-710
-1090
-1434
-1849
-2185
-2302
-2237
-2056
-1829
-1588
-1410
-1329
-1312
-1229
-827
-208
320
728
1039
1267
1412
1526
1578
1541
1450
1281
1124
1075
1123
1079
819
426
0
-360
-668
-893
-989
-1037
-1094
-1149
-1088
-928
-763
-680
-667
-582
-380
-70
303
718
1078
1314
1405
1401
1424
1484
1459
1367
1271
1180
1094
965
737
479
213
-151
-511
-742
-882
-992
-1079
-1155
-1131
-967
-758
-608
-519
-513
-683
-1069
-1471
-1527
-1059
-343
148
240
38
-305
-736
-1067
-1036
-631
-71
329
523
809
1321
1742
1737
1380
946
650
573
692
968
1216
1155
645
-88
-693
-1087
-1425
-1862
-2279
-2459
-2333
-1995
-1549
-1183
-1086
-1246
-1438
-1384
-910
-184
467
895
1202
1378
1512
1693
1781
1702
1403
1039
914
1121
1386
1384
1100
581
36
-370
-617
-677
-667
-725
-876
-936
-740
-387
-129
-125
-246
-260
-92
260
776
1298
1632
1701
1629
1635
1775
1881
1768
1492
1244
1126
1084
1020
832
459
-87
-669
-1034
-1131
-1086
-1149
-1407
-1632
-1617
-1380
-1063
-806
-728
-853
-1097
-1475
-1801
-1683
-1127
-456
-126
-206
-496
-777
-1013
-1265
-1272
-941
-405
52
332
721
1291
1716
1622
1222
871
736
859
1045
1179
1235
1028
431
-264
-696
-967
-1275
-1714
-2155
-2288
-2042
-1595
-1186
-934
-927
-1050
-1047
-784
-158
561
1040
1280
1432
1571
1721
1862
1808
1531
1164
857
819
1043
1199
987
524
-9
-426
-601
-632
-608
-613
-692
-778
-654
-321
8
172
126
37
136
460
887
1327
1642
1666
1577
1549
1616
1723
1666
1392
1039
786
611
463
306
30
-355
-757
-1074
-1219
-1225
-1233
-1387
-1567
-1579
-1370
-1026
-701
-498
-461
-530
-638
-797
-1116
-1457
-1530
-1198
-701
-421
-505
-863
-1304
-1764
-2042
-1866
-1207
-410
108
355
658
1156
1562
1539
1303
1130
1118
1278
1500
1708
1715
1291
434
-419
-929
-1138
-1349
-1704
-1986
-2015
-1800
-1459
-1126
-952
-948
-967
-792
-252
566
1308
1680
1821
1998
2169
2219
2248
2200
1864
1417
1137
1174
1360
1326
904
182
-415
-728
-875
-982
-979
-918
-1059
-1144
-892
-486
-219
-184
-252
-244
34
488
875
1176
1403
1483
1441
1528
1752
1774
1458
1049
755
593
495
358
104
-193
-531
-899
-1162
-1236
-1282
-1513
-1715
-1678
-1413
-1067
-780
-588
-534
-559
-607
-721
-963
-1411
-1855
-1821
-1148
-393
-218
-600
-1233
-1811
-2148
-2060
-1464
-555
213
484
631
1103
1723
1952
1593
1114
959
1192
1575
1900
2001
1609
723
-263
-854
-1012
-1132
-1545
-2021
-2161
-1892
-1452
-1062
-873
-972
-1152
-1022
-435
456
1336
1835
1965
1989
2042
2136
2206
2176
1909
1532
1305
1310
1385
1230
762
103
-514
-857
-879
-761
-686
-762
-928
-1018
-858
-545
-287
-98
66
233
466
777
1062
1233
1297
1353
1469
1688
1872
1811
1466
985
556
241
48
-75
-212
-469
-739
-982
-1201
-1427
-1739
-2033
-2137
-1981
-1671
-1298
-966
-762
-691
-647
-600
-548
-539
-698
-1070
-1506
-1636
-1260
-646
-388
-698
-1239
-1720
-1926
-1901
-1614
-992
-232
424
811
1178
1637
1914
1784
1389
1273
1579
2047
2363
2344
2002
1346
550
-169
-617
-852
-1178
-1554
-1696
-1505
-1197
-1020
-1057
-1224
-1252
-1016
-407
435
1191
1674
1872
1942
2007
2050
1996
1863
1739
1647
1613
1627
1543
1208
585
-101
-610
-840
-813
-710
-655
-746
-886
-992
-1021
-919
-719
-481
-215
105
377
552
676
790
886
966
1102
1269
1330
1263
1035
702
349
77
-137
-328
-406
-446
-560
-782
-1072
-1450
-1776
-1909
-1876
-1737
-1545
-1289
-1060
-885
-779
-695
-621
-623
-692
-783
-955
-1231
-1335
-1024
-497
-213
-416
-865
-1249
-1458
-1517
-1373
-834
-72
564
943
1225
1581
1727
1526
1184
1164
1521
1916
2155
2124
1875
1352
641
28
-367
-628
-968
-1240
-1249
-1024
-765
-715
-833
-984
-1015
-809
-285
426
1023
1317
1375
1536
1838
1945
1734
1475
1364
1294
1272
1362
1406
1212
692
71
-356
-424
-332
-427
-593
-683
-636
-634
-624
-531
-474
-446
-395
-209
-2
154
245
288
434
659
862
960
951
796
526
299
160
79
29
-10
-44
-107
-306
-640
-1023
-1328
-1519
-1564
-1467
-1304
-1185
-1119
-1055
-1012
-997
-977
-961
-978
-961
-863
-816
-949
-1193
-1295
-1104
-829
-745
-893
-1042
-1087
-1083
-1010
-677
-46
564
966
1141
1330
1548
1633
1557
1459
1573
1741
1839
1813
1695
1447
985
466
3
-316
-509
-602
-588
-497
-373
-357
-482
-616
-662
-518
-197
184
533
877
1236
1466
1471
1245
957
736
636
689
872
1096
1114
901
575
223
-79
-332
-480
-506
-464
-393
-342
-327
-421
-594
-738
-724
-607
-499
-452
-396
-229
-35
167
357
465
474
434
405
419
443
386
296
287
339
369
296
62
-281
-620
-890
-1016
-1006
-965
-972
-1017
-1047
-1020
-1013
-1061
-1133
-1149
-1073
-943
-713
-406
-179
-150
-392
-692
-764
-561
-286
-132
-87
-105
-173
-239
-216
-48
197
327
329
344
472
651
739
684
584
618
731
881
1017
1076
1046
911
773
726
788
892
934
869
749
580
373
200
43
-67
-146
-178
-155
-116
-60
-118
-373
-662
-870
-949
-860
-601
-239
41
183
145
20
-67
-93
-87
-82
59
306
543
702
708
598
403
183
-8
-67
11
140
267
388
481
482
369
156
-98
-252
-290
-233
-107
37
106
32
-80
-222
-429
-649
-779
-720
-525
-323
-199
-156
-146
-175
-219
-270
-318
-352
-340
-220
-45
141
257
246
168
29
-157
-339
-452
-454
-417
-358
-262
-234
-331
-549
-738
-827
-828
-810
-793
-669
-517
-427
-425
-444
-379
-243
-74
115
351
543
648
762
964
1234
1433
1492
1428
1335
1239
1083
948
799
605
385
212
106
-22
-207
-496
-773
-970
-1083
-1096
-1032
-884
-644
-362
-162
-92
-121
-223
-274
-158
116
448
716
851
863
815
764
734
664
570
487
459
566
731
835
784
620
398
187
63
37
60
76
93
82
46
-14
-101
-213
-322
-439
-522
-465
-293
-145
-65
-56
-51
-62
-97
-145
-174
-174
-180
-185
-205
-192
-179
-202
-297
-439
-564
-651
-711
-735
-780
-816
-799
-774
-745
-767
-836
-928
-1025
-1079
-1035
-944
-854
-778
-718
-690
-688
-657
-506
-229
61
263
387
575
858
1172
1405
1562
1658
1660
1559
1448
1426
1413
1326
1136
936
762
554
269
-71
-377
-610
-803
-917
-911
-816
-688
-589
-554
-587
-679
-704
-660
-487
-179
101
329
434
523
578
584
582
553
609
701
857
1039
1193
1256
1152
960
770
645
540
435
380
357
381
323
196
41
-185
-398
-549
-566
-538
-510
-446
-365
-259
-209
-189
-174
-141
-123
-108
-52
34
99
71
22
-60
-169
-319
-471
-521
-530
-544
-614
-739
-879
-999
-1109
-1200
-1250
-1250
-1235
-1232
-1198
-1190
-1212
-1223
-1203
-1124
-985
-790
-614
-480
-347
-203
5
257
551
817
1035
1210
1376
1522
1595
1595
1494
1375
1276
1200
1108
922
716
477
223
-34
-313
-535
-695
-797
-792
-642
-392
-169
-91
-128
-216
-192
-52
144
371
559
655
710
764
808
807
723
613
543
624
785
969
1113
1123
1015
845
686
555
448
353
291
269
281
271
191
32
-173
-356
-504
-601
-641
-655
-604
-517
-428
-367
-364
-410
-474
-495
-434
-326
-225
-164
-171
-215
-269
-384
-530
-650
-706
-719
-701
-672
-653
-652
-715
-799
-830
-801
-780
-819
-896
-929
-886
-790
-747
-759
-816
-890
-941
-933
-844
-711
-542
-383
-232
-86
80
311
594
885
1113
1268
1339
1404
1500
1617
1701
1644
1476
1299
1165
1037
831
530
192
-115
-308
-375
-327
-249
-250
-367
-488
-524
-425
-265
-143
-25
118
299
439
526
557
523
487
475
511
591
669
747
792
790
749
661
564
466
365
303
283
273
260
199
112
18
-73
-161
-274
-356
-400
-424
-406
-370
-305
-279
-300
-330
-360
-379
-369
-337
-295
-242
-198
-201
-255
-316
-417
-538
-648
-695
-695
-641
-606
-644
-699
-762
-782
-754
-706
-650
-609
-583
-555
-535
-524
-524
-559
-606
-616
-612
-606
-632
-659
-629
-556
-441
-276
-75
114
267
323
353
499
748
1013
1225
1359
1428
1462
1487
1466
1390
1235
1010
785
620
582
585
533
364
115
-130
-318
-423
-431
-417
-356
-271
-179
-95
-67
-85
-153
-205
-185
-75
76
191
270
358
420
418
370
359
394
468
553
633
675
657
558
446
376
312
242
141
43
16
41
19
-40
-151
-235
-276
-301
-270
-190
-99
-78
-55
-24
-13
-28
-79
-129
-181
-274
-411
-504
-503
-462
-475
-596
-759
-880
-942
-956
-918
-861
-843
-848
-818
-726
-586
-479
-478
-548
-607
-608
-577
-550
-502
-420
-343
-307
-302
-342
-363
-356
-304
-189
-3
179
281
347
395
468
561
671
768
811
812
782
770
770
786
772
705
658
592
504
396
266
148
68
31
5
8
20
4
-25
-72
-118
-112
-73
5
64
129
192
237
280
308
309
296
355
441
563
676
767
792
765
703
642
618
595
554
480
407
356
299
227
146
83
32
-28
-66
-41
-3
14
20
14
45
60
20
-67
-169
-292
-416
-478
-448
-407
-459
-606
-769
-851
-890
-917
-948
-984
-980
-930
-849
-722
-615
-571
-607
-662
-637
-541
-402
-279
-204
-172
-177
-214
-249
-254
-247
-224
-207
-233
-283
-342
-374
-355
-340
-329
-311
-281
-220
-151
-90
-1
110
206
308
408
519
648
755
809
796
760
714
661
640
647
597
507
398
288
178
54
-11
-51
-50
-17
11
34
32
15
-18
-40
-37
21
117
258
382
450
478
445
432
476
570
646
618
542
502
526
592
604
523
412
291
236
263
332
359
309
215
171
190
226
191
85
-45
-180
-241
-240
-191
-199
-330
-510
-631
-661
-644
-635
-653
-673
-702
-719
-686
-609
-542
-520
-517
-517
-507
-454
-391
-295
-218
-195
-196
-175
-139
-128
-119
-154
-233
-294
-317
-316
-290
-293
-376
-514
-634
-667
-591
-454
-356
-333
-341
-321
-239
-95
66
213
322
416
518
658
768
825
828
791
756
731
703
670
632
542
420
283
173
80
1
-87
-133
-138
-162
-206
-243
-254
-237
-173
-90
-1
63
74
86
141
218
291
333
362
427
519
594
623
593
570
544
562
613
619
567
487
441
454
479
485
431
296
155
51
2
-22
-49
-117
-225
-308
-364
-400
-464
-566
-647
-678
-672
-624
-551
-468
-409
-368
-345
-336
-352
-381
-374
-316
-226
-165
-153
-204
-263
-286
-307
-322
-353
-370
-367
-361
-384
-444
-544
-672
-751
-742
-659
-587
-586
-652
-724
-738
-662
-539
-404
-275
-179
-81
38
186
299
383
453
557
688
810
876
898
912
896
872
830
784
724
656
585
519
439
323
189
50
-45
-83
-62
-46
-39
-40
-64
-74
-49
-21
3
13
36
130
256
354
393
384
367
368
407
496
606
671
663
645
660
705
711
613
456
330
241
196
182
164
121
7
-146
-285
-364
-384
-405
-436
-497
-553
-547
-512
-479
-443
-417
-410
-403
-385
-332
-249
-159
-103
-95
-127
-150
-157
-194
-223
-238
-260
-299
-315
-304
-288
-301
-365
-408
-414
-398
-408
-440
-509
-610
-677
-709
-690
-660
-649
-667
-685
-685
-649
-551
-410
-290
-211
-135
-30
99
212
299
390
480
543
587
636
716
762
737
670
606
576
522
451
370
293
242
187
149
106
48
-25
-108
-165
-174
-120
-28
63
126
146
157
129
92
122
206
334
433
512
560
600
643
684
692
669
640
586
583
619
652
622
499
340
192
104
56
38
19
-33
-107
-167
-178
-154
-154
-196
-254
-290
-290
-266
-231
-216
-224
-240
-232
-180
-111
-96
-118
-164
-184
-179
-180
-173
-168
-188
-242
-295
-326
-346
-357
-361
-382
-379
-375
-405
-458
-510
-558
-593
-629
-655
-685
-690
-667
-635
-606
-594
-615
-619
-559
-442
-308
-212
-135
-89
-41
21
104
192
250
272
283
314
386
464
507
542
557
547
513
478
453
421
368
303
253
230
226
224
215
180
123
39
1
38
118
183
209
209
188
199
238
272
302
308
334
382
452
496
504
521
530
488
433
406
401
398
388
381
337
261
195
132
119
129
72
-3
-72
-117
-150
-197
-233
-291
-308
-303
-308
-300
-326
-345
-331
-289
-254
-215
-181
-176
-189
-209
-188
-142
-135
-170
-206
-220
-241
-286
-330
-365
-384
-426
-458
-478
-508
-547
-582
-602
-616
-635
-665
-682
-684
-649
-631
-609
-592
-545
-481
-394
-288
-209
-163
-155
-122
-31
111
260
381
467
519
590
673
718
733
702
644
610
618
618
606
537
431
337
251
199
171
136
95
66
41
34
56
80
100
124
124
143
174
208
265
325
391
425
422
397
387
408
447
500
516
499
469
429
402
403
398
365
305
244
211
193
162
105
10
-82
-156
-176
-175
-198
-241
-278
-310
-319
-302
-309
-333
-355
-344
-304
-255
-213
-207
-242
-271
-285
-298
-295
-297
-306
-320
-333
-363
-389
-421
-452
-468
-484
-502
-534
-587
-625
-643
-647
-640
-645
-645
-647
-641
-615
-572
-521
-493
-472
-442
-391
-313
-218
-124
-19
89
178
267
360
430
473
515
564
629
700
767
770
720
650
588
565
530
463
369
273
184
132
113
105
82
30
-17
-9
46
105
156
182
201
247
293
325
364
406
444
477
505
525
518
491
453
419
434
449
433
389
343
305
261
189
112
42
8
7
2
-3
-38
-85
-118
-138
-158
-189
-233
-263
-261
-198
-123
-103
-107
-151
-189
-207
-209
-197
-185
-195
-227
-257
-276
-309
-362
-413
-457
-465
-458
-452
-468
-503
-531
-546
-560
-585
-600
-600
-576
-529
-495
-487
-510
-556
-588
-572
-499
-404
-317
-268
-216
-154
-84
-18
34
86
117
172
246
345
439
459
426
391
397
422
428
415
394
363
309
255
225
219
200
146
101
107
150
170
176
179
179
187
190
225
268
314
353
380
412
434
446
453
474
501
515
522
525
520
512
494
461
395
321
284
255
242
230
190
134
91
50
21
-11
-59
-119
-146
-111
-78
-73
-91
-117
-141
-152
-159
-161
-172
-184
-200
-216
-234
-268
-306
-368
-413
-439
-437
-446
-467
-501
-553
-591
-619
-635
-663
-675
-694
-694
-663
-639
-634
-639
-665
-665
-629
-583
-525
-486
-449
-394
-319
-243
-191
-169
-170
-162
-94
30
168
277
309
303
293
311
360
433
460
455
445
443
486
540
546
508
450
397
383
406
446
460
434
417
401
387
362
331
304
295
322
352
386
387
387
395
399
413
433
454
475
484
484
495
483
458
441
421
390
357
325
294
276
250
202
132
65
-13
-86
-146
-164
-176
-217
-269
-328
-370
-419
-444
-456
-450
-437
-447
-478
-493
-488
-480
-471
-450
-435
-443
-443
-451
-455
-468
-501
-549
-574
-566
-559
-550
-564
-581
-600
-623
-621
-606
-582
-564
-527
-473
-415
-365
-313
-273
-235
-209
-195
-131
-37
77
178
239
266
283
303
339
389
422
436
422
405
401
422
440
447
421
375
349
345
369
400
403
403
394
390
394
384
381
363
344
343
357
380
401
400
374
351
340
338
331
325
326
321
321
342
342
316
271
216
162
116
85
74
72
74
54
18
-29
-85
-136
-159
-161
-175
-200
-229
-259
-290
-309
-328
-350
-381
-418
-426
-424
-417
-395
-387
-381
-377
-361
-351
-344
-328
-332
-346
-365
-366
-354
-324
-311
-315
-336
-380
-416
-443
-433
-409
-382
-355
-332
-306
-289
-273
-249
-217
-174
-132
-83
-11
71
153
193
223
252
299
347
375
383
375
370
362
375
383
384
356
324
306
292
293
289
271
242
226
236
258
266
249
221
203
194
203
216
247
273
282
292
300
305
296
269
251
242
243
247
248
241
207
161
96
48
13
-13
-42
-64
-61
-49
-54
-67
-92
-115
-122
-111
-107
-103
-100
-90
-86
-82
-84
-117
-148
-196
-237
-259
-256
-255
-277
-316
-343
-366
-381
-373
-386
-406
-414
-425
-421
-395
-361
-331
-330
-339
-355
-345
-314
-269
-224
-191
-165
-149
-118
-81
-54
-42
-40
-37
-25
11
65
123
148
170
185
209
245
284
319
328
329
322
328
340
358
368
371
360
342
316
307
306
291
263
242
222
213
214
199
167
140
120
109
99
104
116
123
130
126
116
99
96
85
75
75
71
66
57
45
11
-49
-99
-145
-168
-180
-186
-181
-193
-208
-231
-248
-259
-253
-257
-246
-230
-215
-185
-157
-135
-137
-155
-188
-209
-214
-210
-206
-195
-175
-170
-181
-204
-225
-239
-254
-252
-238
-216
-190
-159
-122
-84
-64
-70
-77
-65
-17
44
97
121
146
165
179
212
248
251
218
212
231
268
296
295
273
241
229
225
230
235
220
179
149
140
141
131
124
110
102
95
96
105
106
90
61
50
59
77
89
69
39
18
8
9
2
-6
-15
-14
-19
-18
-17
-31
-58
-79
-70
-64
-65
-75
-72
-71
-80
-110
-149
-162
-182
-183
-189
-182
-162
-154
-155
-146
-146
-132
-119
-111
-99
-80
-66
-57
-44
-37
-39
-62
-95
-124
-131
-140
-146
-139
-141
-148
-156
-177
-203
-227
-243
-232
-200
-158
-109
-64
-23
5
27
52
76
116
167
224
277
317
341
365
387
386
366
320
284
254
251
265
270
259
218
178
157
148
142
128
101
76
49
30
15
7
0
-1
-4
-3
-10
-6
7
19
20
8
7
-7
-35
-62
-81
-92
-94
-98
-98
-118
-142
-168
-177
-168
-159
-153
-155
-139
-121
-108
-101
-93
-84
-81
-74
-67
-58
-38
-9
15
24
30
23
12
25
18
21
17
17
19
8
7
-1
-20
-35
-59
-85
-114
-140
-152
-175
-203
-220
-226
-226
-223
-215
-208
-214
-211
-188
-163
-138
-101
-49
7
71
128
173
217
247
284
327
369
404
425
445
449
457
449
418
371
323
283
261
247
220
188
130
83
51
22
0
-33
-64
-74
-78
-79
-86
-98
-120
-143
-154
-139
-127
-124
-118
-120
-125
-125
-129
-140
-145
-175
-200
-222
-229
-242
-258
-265
-271
-267
-262
-256
-262
-251
-245
-228
-200
-162
-126
-92
-76
-71
-58
-54
-34
3
44
86
107
129
152
162
158
159
166
182
197
208
215
214
187
146
111
74
52
27
8
-8
-20
-50
-71
-93
-133
-170
-188
-173
-153
-129
-111
-102
-83
-54
-18
27
79
125
168
214
258
305
346
378
396
414
437
449
455
449
423
375
312
265
239
205
165
114
65
27
-30
-82
-132
-169
-199
-230
-237
-236
-232
-241
-247
-244
-222
-205
-198
-175
-156
-143
-131
-128
-136
-152
-171
-204
-231
-245
-252
-266
-272
-273
-291
-312
-334
-339
-333
-315
-275
-230
-181
-129
-82
-46
-26
-14
18
44
93
153
199
237
259
283
294
304
308
304
312
316
324
327
324
309
271
224
170
120
94
73
46
30
7
-26
-55
-79
-93
-111
-127
-132
-131
-124
-126
-123
-114
-96
-69
-37
-18
-1
26
43
64
88
116
136
161
177
191
206
210
204
187
175
161
145
127
115
94
62
20
-27
-63
-95
-127
-156
-180
-209
-233
-241
-242
-253
-273
-287
-301
-308
-294
-277
-255
-237
-222
-220
-218
-212
-206
-217
-220
-218
-208
-181
-166
-163
-164
-170
-175
-159
-136
-103
-57
-8
36
75
119
152
164
173
196
228
268
308
350
376
393
408
414
425
426
425
424
437
453
463
463
441
410
365
331
295
271
245
215
175
128
94
54
15
-36
-80
-121
-153
-173
-180
-193
-213
-224
-223
-218
-236
-250
-262
-258
-251
-236
-215
-192
-174
-177
-164
-150
-127
-110
-104
-93
-86
-87
-78
-68
-54
-48
-71
-86
-101
-127
-152
-160
-171
-185
-193
-194
-200
-190
-182
-183
-181
-183
-172
-160
-147
-132
-115
-104
-99
-91
-79
-80
-87
-93
-90
-75
-59
-48
-51
-55
-58
-46
-30
-7
22
40
61
95
132
162
191
207
213
235
267
300
335
349
349
350
351
363
361
354
349
351
357
367
374
366
343
317
294
263
234
209
182
154
129
99
69
35
-17
-60
-105
-139
-160
-182
-214
-242
-271
-287
-295
-300
-308
-330
-343
-340
-338
-317
-296
-286
-265
-243
-208
-169
-132
-114
-104
-92
-81
-70
-51
-29
-16
-15
-22
-29
-39
-39
-41
-44
-46
-47
-36
-35
-27
-17
-13
-2
8
19
24
33
33
32
37
44
53
54
49
49
43
42
38
43
58
59
69
75
79
82
89
94
95
94
104
121
134
143
147
144
134
131
143
163
185
198
198
192
188
183
177
168
150
138
136
144
150
134
103
79
58
44
38
35
28
7
-13
-35
-54
-77
-112
-149
-181
-197
-204
-214
-250
-283
-313
-337
-342
-341
-343
-354
-347
-333
-306
-288
-284
-280
-282
-276
-246
-206
-174
-149
-131
-121
-105
-79
-66
-50
-42
-42
-38
-30
-12
-5
2
3
2
15
30
51
70
77
94
110
128
153
179
185
191
204
213
219
231
228
231
223
211
196
196
193
176
175
171
161
145
130
125
131
123
126
132
139
146
145
144
147
153
152
156
171
178
174
168
158
150
135
125
100
80
66
53
47
31
1
-30
-58
-80
-90
-111
-133
-148
-160
-173
-182
-195
-210
-233
-254
-259
-254
-245
-241
-244
-248
-242
-229
-204
-187
-175
-176
-168
-143
-120
-89
-73
-66
-63
-68
-70
-56
-57
-59
-60
-69
-67
-61
-56
-55
-60
-52
-45
-32
-10
-1
9
14
24
35
48
71
94
117
138
156
176
199
205
205
206
202
210
222
225
209
186
157
132
102
84
66
46
31
13
-1
-20
-33
-52
-62
-76
-87
-82
-74
-71
-67
-55
-51
-45
-40
-30
-10
-4
3
12
16
29
28
32
27
19
18
19
26
32
26
11
-6
-17
-20
-23
-20
-28
-33
-32
-46
-52
-59
-66
-76
-86
-88
-89
-86
-85
-83
-81
-85
-82
-79
-98
-101
-92
-80
-66
-63
-59
-68
-67
-57
-46
-34
-23
-15
-12
8
20
29
35
34
39
52
61
73
80
83
92
91
91
100
108
99
106
126
140
159
168
171
164
153
155
153
151
158
163
142
130
120
113
107
84
59
42
27
22
14
-8
-27
-43
-56
-62
-64
-62
-63
-67
-70
-67
-73
-84
-86
-84
-83
-76
-71
-79
-81
-86
-91
-99
-100
-107
-105
-113
-126
-130
-131
-125
-139
-146
-160
-171
-162
-156
-155
-145
-142
-148
-149
-148
-128
-118
-108
-94
-94
-93
-80
-66
-46
-37
-26
-19
-20
-11
-1
14
32
45
53
66
80
86
84
98
104
113
130
134
129
136
139
140
148
167
176
184
203
208
204
203
205
204
208
220
224
226
228
219
201
178
158
145
141
135
127
111
97
85
67
48
31
10
3
-9
-21
-31
-51
-72
-96
-114
-141
-164
-173
-184
-195
-199
-203
-218
-230
-239
-238
-244
-243
-220
-196
-179
-170
-171
-171
-167
-166
-154
-135
-123
-116
-111
-105
-97
-97
-102
-114
-120
-115
-97
-84
-74
-69
-68
-67
-57
-42
-26
-2
13
26
46
65
81
85
90
95
96
109
128
154
176
190
186
205
212
227
237
231
237
238
239
245
245
238
230
209
194
183
176
172
165
157
146
139
132
133
127
117
98
95
99
90
78
63
40
15
3
-14
-23
-42
-65
-80
-108
-126
-142
-158
-181
-193
-201
-212
-209
-221
-228
-238
-251
-257
-266
-267
-265
-271
-272
-268
-264
-262
-268
-258
-253
-249
-231
-211
-186
-173
-155
-134
-109
-81
-62
-37
-29
-23
-21
-15
1
5
4
-2
7
17
33
35
34
26
11
14
17
27
44
64
75
98
123
134
147
155
160
168
181
207
228
236
241
239
241
246
253
264
267
276
274
273
265
246
229
220
210
192
188
170
158
143
133
122
105
88
74
65
63
66
74
70
63
59
54
39
21
16
7
-6
-25
-35
-54
-74
-91
-108
-131
-146
-161
-191
-221
-243
-255
-266
-275
-277
-290
-298
-304
-311
-306
-306
-313
-317
-312
-301
-291
-276
-260
-230
-207
-197
-182
-180
-169
-152
-135
-118
-102
-82
-67
-50
-39
-23
-10
-7
-1
3
13
27
39
41
38
37
37
40
44
50
66
73
80
93
113
127
138
146
150
164
178
193
202
207
216
209
207
217
225
234
246
253
258
258
259
257
254
247
242
237
236
231
221
210
194
181
167
162
145
127
113
96
85
77
66
62
60
42
24
4
-11
-31
-52
-63
-77
-99
-111
-121
-122
-136
-150
-159
-173
-167
-179
-192
-195
-203
-207
-204
-207
-205
-206
-212
-216
-219
-219
-219
-222
-233
-237
-236
-230
-220
-224
-227
-231
-229
-225
-212
-200
-195
-177
-166
-152
-133
-124
-111
-99
-85
-63
-39
-15
1
12
19
31
33
49
62
69
88
105
116
132
150
155
163
169
177
189
201
211
212
204
202
202
208
221
227
224
224
219
224
224
223
220
212
203
196
189
183
187
183
179
177
168
160
147
129
116
107
101
93
79
57
38
18
-3
-30
-53
-76
-103
-124
-149
-164
-180
-193
-209
-224
-229
-242
-254
-251
-247
-239
-227
-225
-215
-209
-187
-170
-155
-135
-125
-112
-98
-95
-91
-87
-90
-87
-82
-78
-84
-94
-105
-104
-104
-105
-99
-93
-92
-85
-79
-66
-60
-59
-46
-34
-16
-6
8
20
31
40
48
63
74
73
76
83
90
100
99
107
109
112
115
113
123
127
123
124
119
125
132
146
160
157
155
155
162
171
177
179
166
162
156
153
158
153
144
139
126
106
109
104
97
93
82
75
64
62
55
45
34
20
0
-14
-25
-42
-61
-85
-113
-139
-161
-180
-196
-209
-226
-235
-234
-234
-235
-230
-230
-227
-222
-209
-199
-193
-179
-167
-151
-129
-116
-92
-83
-70
-56
-48
-33
-25
-21
-19
-19
-14
-12
-6
-5
-5
2
9
9
11
7
9
8
6
15
19
28
32
32
26
30
31
32
33
27
32
38
41
42
37
44
46
40
40
44
47
52
57
55
58
54
57
61
65
71
81
90
103
112
112
114
111
114
117
128
139
147
151
152
146
151
156
155
164
166
167
165
162
161
154
139
120
102
85
69
49
30
12
-4
-19
-46
-67
-97
-116
-138
-155
-164
-168
-176
-189
-201
-212
-213
-210
-192
-181
-174
-175
-169
-158
-151
-147
-136
-128
-112
-97
-97
-89
-80
-76
-69
-70
-67
-58
-64
-58
-50
-49
-51
-52
-53
-50
-48
-39
-36
-29
-23
-24
-25
-30
-35
-31
-29
-25
-14
-3
1
1
3
4
11
29
40
54
66
70
74
73
69
74
78
81
88
83
86
86
87
91
85
87
83
78
77
77
78
92
94
101
107
100
103
102
98
100
101
107
112
105
104
90
82
66
56
45
36
29
12
-6
-19
-28
-39
-44
-52
-59
-66
-71
-71
-69
-65
-65
-67
-62
-54
-51
-43
-39
-36
-36
-40
-40
-44
-46
-43
-33
-22
-18
-17
-23
-20
-24
-25
-33
-32
-35
-35
-27
-28
-32
-38
-34
-36
-29
-15
-12
-4
-7
-15
-22
-25
-30
-38
-41
-46
-39
-40
-42
-49
-58
-55
-57
-48
-44
-37
-34
-39
-38
-35
-30
-29
-19
-14
-16
-16
-10
-9
-12
-10
-7
-2
-1
10
17
24
32
37
43
53
69
82
88
91
87
90
97
104
119
128
132
138
141
141
139
138
135
127
122
114
95
83
70
57
42
27
10
-8
-24
-27
-32
-36
-35
-40
-48
-57
-65
-68
-73
-75
-79
-80
-83
-85
-86
-91
-87
-85
-82
-90
-90
-91
-84
-81
-73
-62
-56
-60
-62
-49
-39
-35
-29
-16
-9
-1
0
9
15
16
21
16
16
11
2
0
-2
-9
-21
-35
-45
-56
-59
-67
-63
-66
-63
-68
-67
-58
-59
-56
-56
-43
-38
-25
-15
1
13
20
28
33
45
53
61
78
90
100
105
110
112
114
114
113
113
117
118
124
121
117
121
114
113
107
98
97
89
84
85
83
80
74
63
48
32
20
8
-10
-13
-18
-27
-42
-60
-68
-73
-74
-76
-70
-71
-69
-73
-68
-65
-59
-55
-57
-53
-52
-52
-49
-52
-47
-35
-30
-22
-23
-12
-11
-9
-13
-13
-6
-4
-6
-2
-1
-3
-1
-3
-10
-18
-27
-42
-43
-45
-41
-39
-37
-42
-53
-69
-83
-84
-87
-88
-90
-84
-90
-85
-89
-95
-97
-104
-99
-96
-85
-78
-69
-63
-55
-48
-40
-31
-19
-4
10
23
31
41
47
57
58
60
67
75
86
90
91
89
82
84
90
89
86
83
86
86
86
86
87
78
76
77
79
83
85
95
98
96
94
98
96
85
78
71
69
61
45
41
31
14
6
4
-9
-19
-21
-19
-18
-24
-26
-30
-31
-26
-21
-19
-5
-5
-8
-11
-15
-14
-15
-14
-10
-13
-12
-11
-13
-9
-11
-15
-25
-28
-25
-26
-27
-29
-31
-30
-43
-55
-61
-59
-64
-64
-58
-60
-56
-58
-63
-65
-67
-76
-73
-74
-71
-68
-65
-68
-55
-55
-51
-49
-47
-42
-37
-25
-18
-4
5
15
16
25
36
47
56
53
51
45
47
45
47
44
42
43
45
37
37
32
26
23
12
9
7
4
-2
-3
-5
-10
-10
-11
-17
-13
-16
-12
-6
-7
-9
-18
-17
-20
-7
-6
-7
0
-13
-6
-4
-6
-1
5
3
3
5
20
32
27
34
30
28
26
24
36
35
38
45
49
52
47
39
32
28
30
27
28
24
20
14
9
2
0
-3
-5
-9
-16
-17
-21
-25
-19
-17
-25
-32
-40
-39
-42
-40
-42
-41
-45
-46
-49
-50
-44
-40
-36
-30
-15
0
10
20
31
33
37
47
60
64
78
84
88
85
81
73
67
64
69
71
69
64
51
53
42
35
30
20
14
5
2
2
-3
0
-3
-9
-15
-22
-34
-47
-53
-68
-76
-87
-93
-102
-108
-109
-114
-114
-108
-107
-103
-93
-86
-79
-77
-68
-59
-46
-42
-33
-24
-22
-9
-7
0
3
11
13
23
32
41
49
53
56
57
59
62
64
61
63
65
61
56
47
39
31
30
25
21
16
5
-2
-8
-16
-28
-34
-40
-46
-54
-56
-55
-56
-55
-55
-54
-54
-52
-48
-39
-27
-28
-25
-24
-25
-23
-20
-13
-9
-9
0
2
4
14
12
18
18
15
16
19
18
24
34
48
49
54
57
61
65
60
69
74
78
84
88
89
91
83
75
65
55
52
42
34
29
20
14
1
-3
-19
-21
-21
-33
-30
-31
-26
-28
-27
-28
-31
-29
-26
-16
-11
-9
0
-6
-3
5
3
5
6
8
10
15
13
15
10
8
8
4
0
5
-2
-9
-13
-19
-21
-27
-26
-29
-32
-35
-30
-30
-32
-31
-27
-24
-23
-19
-19
-18
-21
-24
-29
-30
-26
-22
-14
-15
-10
-6
-7
-2
-1
1
10
10
11
14
13
12
9
8
10
4
3
3
-2
9
6
4
5
-3
0
-4
-6
-4
-5
-7
-7
-12
-17
-15
-12
-10
-8
-7
-18
-20
-20
-30
-34
-39
-45
-48
-52
-49
-53
-56
-58
-65
-68
-70
-61
-57
-48
-39
-38
-28
-24
-20
-14
-3
-1
5
6
14
18
23
33
40
43
48
57
60
75
86
95
102
107
106
106
106
104
105
106
104
103
100
95
91
83
75
74
72
79
81
76
80
73
75
66
56
40
22
10
3
-1
-5
-15
-30
-42
-56
-61
-66
-69
-75
-76
-78
-80
-74
-70
-67
-69
-75
-77
-79
-80
-80
-77
-72
-73
-77
-75
-82
-80
-81
-81
-77
-71
-68
-68
-58
-48
-40
-38
-28
-19
-16
-7
-11
-5
-9
-8
1
2
8
8
10
1
0
6
6
3
5
5
7
11
15
14
5
6
8
16
21
29
40
43
45
49
48
51
56
61
64
63
61
58
54
56
53
48
49
50
50
45
39
42
41
34
29
27
26
21
24
31
33
31
32
27
19
8
-2
-4
-11
-13
-19
-19
-27
-26
-32
-47
-46
-50
-53
-57
-55
-60
-62
-60
-66
-59
-61
-64
-64
-56
-52
-47
-41
-36
-30
-31
-29
-21
-13
-4
4
1
6
4
5
6
11
7
-2
0
-1
-1
2
4
2
10
9
5
4
-3
2
-5
-11
-13
-14
-15
-20
-20
-17
-17
-13
-11
-11
-9
-2
4
13
22
21
18
17
15
21
22
24
36
35
29
32
37
38
48
52
54
61
59
59
64
65
61
62
61
61
57
55
55
55
53
50
46
40
33
26
20
14
13
10
3
1
1
-2
-10
-16
-20
-25
-31
-29
-26
-24
-27
-22
-21
-19
-22
-18
-19
-19
-18
-23
-24
-28
-30
-28
-28
-36
-41
-46
-45
-48
-54
-51
-58
-59
-58
-58
-59
-61
-54
-51
-50
-46
-46
-50
-46
-50
-51
-45
-44
-41
-44
-45
-46
-40
-38
-36
-33
-33
-30
-27
-22
-14
-4
-2
4
10
17
24
25
29
30
38
33
34
43
44
44
47
55
63
68
70
80
84
89
87
89
91
97
101
98
101
94
99
94
90
84
76
71
60
62
58
50
45
38
28
20
14
1
-5
-16
-17
-21
-26
-32
-44
-51
-52
-60
-68
-68
-68
-62
-63
-62
-65
-67
-74
-81
-82
-84
-89
-91
-95
-96
-94
-95
-87
-85
-80
-78
-77
-76
-69
-60
-51
-37
-35
-25
-19
-8
-2
6
13
15
18
17
18
19
19
18
19
19
17
18
23
23
20
13
13
10
3
5
6
8
12
17
21
28
33
36
33
47
57
64
69
70
81
81
85
94
93
105
105
102
99
95
89
84
81
77
72
64
59
50
32
27
21
15
15
9
7
4
1
-6
-14
-16
-20
-27
-25
-29
-28
-35
-32
-38
-49
-57
-59
-56
-55
-58
-61
-63
-69
-73
-76
-81
-86
-84
-88
-89
-84
-86
-84
-79
-78
-79
-74
-69
-63
-51
-48
-44
-40
-31
-26
-21
-17
-8
-3
-1
0
0
6
14
16
20
26
23
29
36
43
46
48
47
48
47
43
36
29
22
16
11
5
-3
-7
-9
-15
-21
-28
-30
-34
-34
-27
-23
-21
-11
-6
-15
-8
-3
0
5
5
14
22
27
35
38
43
46
50
60
66
73
77
81
87
87
84
78
80
83
80
86
83
82
77
74
72
67
70
67
61
57
53
43
32
19
4
-12
-20
-30
-47
-51
-62
-73
-78
-81
-86
-90
-95
-97
-100
-108
-106
-114
-115
-111
-114
-108
-96
-91
-92
-84
-84
-79
-74
-67
-52
-42
-30
-16
-3
7
16
23
28
36
43
45
53
58
63
66
69
68
70
63
58
60
58
57
59
58
61
63
62
55
50
42
34
33
28
25
19
17
16
17
20
21
22
26
19
18
22
20
13
10
10
6
8
9
6
7
9
6
2
-5
-9
-12
-16
-13
-12
-18
-30
-34
-42
-47
-52
-59
-55
-56
-57
-49
-50
-53
-59
-55
-50
-51
-51
-45
-43
-43
-39
-42
-41
-39
-39
-40
-40
-35
-26
-27
-28
-31
-40
-42
-37
-35
-37
-39
-39
-39
-40
-37
-34
-31
-26
-22
-23
-18
-9
-7
3
14
19
31
39
42
43
45
50
56
60
58
59
59
65
65
68
66
67
60
50
52
52
50
49
48
44
43
41
39
33
33
30
19
19
13
10
9
11
14
19
23
18
19
20
21
27
26
32
28
30
27
25
20
13
12
11
15
12
14
13
13
10
5
0
-2
-7
-6
-2
-1
-4
-6
-2
-7
-10
-10
-12
-12
-11
-13
-15
-22
-25
-24
-25
-31
-35
-30
-36
-42
-44
-49
-49
-50
-56
-54
-56
-61
-57
-61
-59
-60
-63
-56
-56
-50
-46
-41
-35
-34
-29
-22
-18
-13
-12
-8
-9
-9
-5
-3
1
-4
-2
0
2
-1
1
0
-2
3
4
11
16
20
20
21
28
30
32
34
42
39
35
31
28
30
31
30
33
32
36
36
36
39
36
44
36
40
40
39
45
39
41
38
32
32
29
30
32
26
17
14
8
10
6
0
2
9
10
4
1
0
-1
-10
-14
-16
-18
-20
-29
-36
-47
-52
-60
-67
-68
-69
-68
-63
-61
-61
-65
-68
-66
-68
-65
-62
-62
-55
-47
-39
-36
-32
-27
-21
-10
-5
-3
1
8
10
17
23
28
28
32
37
37
46
56
60
63
65
64
67
77
75
75
82
89
90
93
94
93
92
92
87
81
76
68
59
51
47
43
37
32
24
14
7
-12
-21
-28
-34
-39
-49
-57
-62
-65
-65
-71
-75
-77
-75
-72
-73
-71
-68
-71
-71
-73
-62
-55
-53
-45
-43
-41
-35
-35
-29
-30
-28
-22
-25
-20
-18
-16
-16
-16
-19
-21
-24
-30
-29
-24
-18
-17
-11
-4
-1
6
12
19
23
33
39
38
35
32
23
18
15
8
1
-8
-13
-12
-11
-12
-13
-13
-19
-24
-16
-11
-7
0
-2
6
10
10
10
10
13
6
9
5
3
1
-4
-6
-3
-2
10
16
10
9
8
8
9
10
8
4
9
13
12
13
15
16
16
16
23
16
21
21
19
24
24
22
25
27
29
33
32
40
33
26
25
21
16
20
23
25
30
29
31
24
28
35
41
43
43
41
38
43
49
53
47
45
39
38
39
32
38
38
36
29
25
18
16
14
12
10
5
3
-6
-18
-21
-28
-36
-43
-52
-62
-69
-71
-79
-82
-90
-97
-100
-107
-108
-110
-110
-108
-106
-102
-103
-103
-101
-90
-83
-77
-75
-69
-64
-56
-54
-49
-38
-32
-22
-16
-7
-4
-1
6
11
16
18
17
26
30
35
43
49
52
53
60
63
66
71
66
66
60
57
56
54
50
50
50
51
50
52
52
44
49
42
41
38
37
39
29
28
26
21
10
5
4
4
4
12
16
11
7
5
5
1
4
8
5
3
2
-1
1
-2
-7
-9
-13
-19
-24
-24
-23
-27
-26
-29
-29
-36
-35
-30
-28
-24
-26
-29
-26
-21
-19
-18
-14
-14
-5
0
4
6
7
8
8
13
11
10
11
8
2
-1
0
-5
-3
-7
-6
-1
-2
-3
-10
-5
-8
-4
-2
0
2
0
1
1
5
5
1
3
1
2
4
7
10
8
10
6
3
0
-7
-9
-7
-8
-9
-5
-8
-16
-20
-21
-21
-21
-19
-18
-7
-5
-3
4
10
10
8
13
13
20
23
30
37
38
38
42
45
51
50
50
54
59
66
71
70
68
60
52
46
39
28
22
12
5
-3
-15
-21
-37
-43
-52
-56
-63
-71
-73
-82
-83
-85
-92
-92
-88
-95
-87
-84
-89
-81
-81
-77
-78
-78
-75
-72
-67
-60
-54
-51
-50
-41
-35
-31
-22
-20
-19
-17
-15
-19
-20
-13
-10
-6
1
8
14
17
26
23
28
40
40
51
57
54
61
64
70
79
80
86
83
85
84
79
84
87
95
97
91
94
92
90
88
82
76
70
64
66
67
70
65
63
61
52
44
37
31
25
15
7
3
1
2
-7
-10
-10
-10
-15
-19
-22
-25
-30
-31
-32
-37
-44
-48
-54
-58
-59
-58
-53
-53
-52
-49
-49
-51
-53
-56
-57
-62
-61
-58
-59
-65
-60
-63
-61
-57
-56
-54
-50
-43
-38
-34
-29
-26
-26
-24
-27
-22
-23
-24
-21
-18
-15
-11
-11
-13
-6
0
3
9
12
15
14
14
16
16
16
17
21
23
22
25
24
25
25
27
33
36
34
33
29
28
27
30
27
23
21
20
20
14
9
4
1
-2
-8
-6
-4
-5
-7
-7
-1
1
3
4
0
3
1
7
6
12
20
19
18
21
25
21
19
15
15
11
9
7
7
8
5
7
10
9
9
9
14
11
11
7
8
6
0
2
0
-5
-8
-8
1
4
3
2
-5
-7
-3
4
4
5
4
7
7
8
3
-1
-4
-12
-18
-20
-22
-27
-29
-29
-32
-38
-39
-36
-37
-39
-40
-37
-36
-34
-29
-28
-28
-30
-25
-19
-9
0
7
7
4
5
13
16
24
28
31
33
33
29
31
36
37
40
32
31
26
26
17
20
17
17
24
27
27
28
22
15
15
7
7
9
5
-1
-1
-3
-6
-4
-5
-10
-10
-7
-9
-2
-6
-10
-6
-11
-13
-9
-4
0
-1
-3
-3
-12
-17
-21
-29
-28
-33
-33
-31
-33
-34
-41
-43
-43
-40
-32
-27
-29
-26
-26
-19
-25
-24
-21
-25
-27
-23
-18
-16
-18
-15
-8
-10
-6
-2
3
0
1
2
8
11
12
12
17
24
28
34
39
36
37
38
39
40
40
41
37
38
37
31
30
32
32
29
31
33
33
34
27
27
27
29
27
22
25
15
20
19
18
15
11
8
-1
-11
-8
-10
-19
-20
-24
-25
-27
-25
-20
-21
-21
-20
-24
-16
-15
-17
-15
-13
-14
-20
-21
-18
-20
-20
-20
-17
-13
-13
-15
-13
-13
-14
-12
-15
-11
-12
-9
-5
-2
1
-4
-6
-6
-7
-7
-9
-11
-9
-10
-12
-11
-12
-10
-14
-14
-15
-11
-3
1
7
7
5
6
12
18
23
21
17
20
21
24
29
31
32
26
28
23
23
24
19
20
20
19
19
20
10
6
1
-3
-2
-7
-1
2
1
-2
-1
-7
-10
-10
-10
-5
-10
-9
-10
-10
-6
-6
-4
-5
-10
-12
-15
-13
-11
-13
-14
-14
-16
-18
-12
-12
-14
-7
-4
0
9
12
15
23
24
29
37
39
42
41
45
41
39
35
29
25
21
23
14
10
5
0
-6
-9
-10
-15
-17
-19
-18
-22
-21
-27
-35
-40
-44
-50
-55
-53
-52
-48
-47
-46
-48
-48
-51
-48
-42
-40
-38
-33
-30
-29
-29
-23
-20
-16
-15
-14
-8
-10
-4
1
2
7
7
10
16
21
24
28
30
34
38
41
44
44
43
41
41
36
33
30
27
25
26
29
31
32
36
36
32
29
30
28
24
23
19
18
12
10
12
2
0
0
3
2
5
5
1
-2
-1
-3
-8
-8
-8
-8
-10
-12
-12
-13
-17
-18
-17
-19
-18
-23
-21
-24
-29
-28
-29
-25
-26
-26
-26
-25
-22
-19
-15
-15
-16
-20
-17
-14
-14
-10
-9
-9
-9
-9
-6
-1
1
2
5
6
6
11
14
14
15
17
19
17
19
18
16
14
13
9
9
13
13
11
13
15
12
12
11
15
15
15
13
21
25
26
32
33
34
27
21
18
13
10
9
10
6
2
-6
-10
-14
-21
-24
-28
-27
-27
-33
-30
-31
-35
-33
-33
-35
-34
-33
-31
-28
-29
-26
-24
-22
-21
-18
-17
-19
-17
-15
-15
-14
-14
-9
-9
-5
-4
-3
-3
-1
3
5
8
13
15
11
12
12
12
11
14
16
21
22
21
24
23
21
22
22
24
25
22
24
24
22
23
23
22
25
24
23
27
28
30
33
33
33
32
27
25
20
17
18
15
11
10
3
2
0
-3
-9
-14
-12
-15
-20
-18
-19
-22
-24
-28
-26
-23
-24
-22
-25
-24
-18
-21
-16
-14
-15
-12
-14
-11
-16
-18
-15
-13
-12
-10
-10
-7
-8
-8
-7
-6
-6
-5
-3
0
3
5
4
5
1
-2
-6
-5
-5
-7
-4
-6
-4
-4
-7
-6
-7
-5
-6
-7
-7
-12
-10
-11
-6
-4
-1
1
0
0
6
4
7
9
11
12
11
13
12
12
8
7
5
3
-3
-7
-8
-11
-11
-11
-13
-15
-15
-17
-16
-16
-14
-14
-15
-11
-10
-9
-9
-11
-4
-4
-7
-5
-1
0
4
4
6
9
12
14
17
17
18
18
18
19
17
17
16
12
12
9
5
4
-1
-3
-6
-8
-4
-1
4
4
4
7
5
6
3
2
3
5
7
8
6
3
-3
-6
-7
-9
-10
-11
-14
-16
-17
-16
-14
-17
-12
-10
-11
-10
-11
-11
-9
-8
-5
-2
-4
-3
-3
-2
-3
4
7
11
13
16
20
21
25
26
31
32
35
40
42
44
48
49
49
46
39
41
39
39
40
41
41
38
42
38
35
32
29
26
22
21
16
11
7
2
-3
-8
-15
-19
-22
-24
-25
-31
-35
-38
-39
-41
-42
-45
-52
-52
-56
-56
-54
-54
-52
-45
-45
-43
-44
-45
-45
-49
-49
-46
-44
-45
-41
-39
-40
-38
-37
-38
-33
-29
-26
-21
-18
-15
-16
-13
-12
-11
-12
-10
-5
-2
1
4
9
11
14
17
20
23
27
29
34
37
39
39
39
37
38
37
35
35
34
35
31
32
31
28
24
27
28
28
28
28
26
21
19
17
15
11
11
11
9
8
2
4
3
0
-1
0
4
3
3
3
1
-2
1
4
2
2
-1
-2
-2
-2
2
1
0
-1
-4
-3
-1
-1
-3
-2
0
0
3
6
6
4
5
4
5
6
7
5
5
6
6
5
5
0
-3
-5
-6
-9
-12
-14
-17
-18
-19
-20
-20
-20
-19
-16
-16
-13
-14
-16
-14
-10
-12
-14
-18
-18
-17
-17
-17
-16
-16
-17
-19
-17
-12
-12
-11
-8
-7
-5
-4
-2
-5
-9
-12
-13
-11
-10
-9
-6
-5
-2
2
4
7
7
6
9
9
7
9
8
7
8
9
8
6
7
5
5
7
5
2
0
1
-3
-4
0
-3
-2
-1
1
4
3
2
1
3
5
8
7
6
6
3
3
5
7
7
8
9
8
8
11
12
12
13
13
12
10
10
7
10
8
3
2
0
3
1
1
1
-1
0
0
5
6
8
5
2
3
0
1
-2
-1
-1
-2
-4
-3
3
3
4
5
6
5
4
8
5
4
11
11
12
13
15
13
10
8
4
6
6
9
8
9
8
6
5
1
3
-1
-1
-5
-6
-10
-8
-8
-12
-10
-9
-12
-11
-8
-10
-10
-12
-10
-9
-6
-7
-6
-4
-5
-5
-4
-5
-7
-6
-8
-9
-8
-7
-11
-11
-12
-15
-11
-9
-10
-10
-11
-11
-10
-8
-6
-5
-6
-4
-6
-6
-2
-3
-3
-2
0
2
1
4
5
6
7
7
7
7
8
5
7
8
8
9
9
7
4
1
1
-1
-3
-3
-2
0
1
5
4
2
0
2
-1
-3
-3
-4
-3
-6
-6
-3
-6
-8
-9
-13
-14
-12
-10
-6
-6
-8
-8
-8
-7
-4
-6
-6
-2
-2
1
0
2
0
0
1
0
0
-2
-1
1
2
4
7
8
9
12
11
12
12
12
11
10
9
10
10
12
11
11
12
10
9
7
8
7
6
9
11
13
13
16
17
17
19
17
17
14
12
11
11
13
12
13
13
12
11
9
7
6
4
3
2
2
2
1
-2
-3
-6
-7
-7
-8
-7
-9
-8
-10
-10
-11
-13
-14
-18
-18
-18
-19
-21
-21
-23
-26
-29
-30
-31
-33
-33
-33
-31
-28
-24
-23
-20
-20
-17
-14
-12
-10
-9
-8
-6
-3
-2
-2
-1
0
4
5
5
7
9
7
7
8
6
7
8
13
13
13
13
12
10
10
8
6
3
0
-1
0
0
1
1
2
1
3
2
2
3
1
1
1
3
4
7
7
6
7
4
5
8
8
8
8
6
7
7
11
12
12
14
15
14
14
12
10
8
7
8
8
8
7
6
4
1
1
-1
-1
-2
-2
-1
-1
-3
0
-1
-3
-1
-3
-2
-2
-2
-2
0
2
2
2
2
-1
-1
-1
-4
-2
0
2
5
6
5
6
7
6
5
6
4
4
5
2
2
1
1
1
-2
-5
-5
-5
-5
-2
-3
-3
-2
-2
-4
-5
-6
-9
-9
-6
-9
-9
-8
-7
-7
-5
-7
-6
-5
-6
-6
-8
-5
-4
-3
-4
-2
-2
-4
-1
-3
-6
-6
-5
-5
-3
-2
-1
-3
-1
-2
-1
-1
-3
-1
-1
1
0
1
3
5
6
4
3
1
2
5
5
6
8
7
8
7
8
5
2
0
-6
-7
-7
-8
-9
-8
-9
-11
-12
-11
-11
-12
-12
-12
-9
-9
-8
-6
-4
-5
-3
-3
-4
-3
-3
-3
-4
-4
-2
-3
-1
0
-1
0
-3
-2
-2
-3
-1
-2
1
3
4
5
6
6
9
12
12
9
9
12
13
12
13
13
12
10
7
7
6
5
6
5
5
6
8
6
7
6
7
7
8
9
6
6
7
8
9
9
8
8
8
7
7
5
3
2
3
3
5
3
2
1
0
1
-2
-1
-3
-4
-5
-4
-6
-7
-6
-10
-9
-10
-10
-8
-9
-9
-8
-8
-7
-6
-6
-9
-10
-12
-11
-9
