1
2
1
0
0
1
0
-1
-1
0
-1
0
0
0
-1
0
1
1
1
0
0
0
-1
-2
0
-2
-1
-1
-2
-2
-2
-3
-2
-2
-4
-4
-5
-3
-3
-4
-3
-2
-3
-3
-3
-3
-3
-3
-2
-3
-3
-2
-2
-3
-2
-3
-2
-2
-2
-2
-1
0
1
1
2
1
2
2
3
2
3
3
2
3
3
4
3
3
4
5
6
6
5
6
6
6
5
5
3
3
3
3
3
3
3
3
2
2
2
2
2
0
1
0
1
0
0
0
-1
-1
-2
-2
-3
-3
-2
-4
-3
-4
-4
-5
-5
-4
-5
-5
-4
-5
-5
-4
-4
-3
-3
-3
-2
-2
-3
0
0
0
1
0
1
1
2
1
2
2
2
2
2
3
3
2
1
2
2
2
2
2
2
3
2
2
2
2
2
0
1
0
-1
0
-1
-1
-2
-1
-1
0
-1
-2
-2
-2
-1
-1
0
-1
-1
-3
-3
-3
-2
-3
-3
-4
-3
-4
-5
-4
-3
-3
-1
-3
-3
-2
-1
-1
-1
0
-1
-1
0
1
0
0
1
0
1
1
2
2
4
3
4
3
2
4
3
4
5
5
6
6
6
5
5
3
5
4
6
5
4
4
3
2
1
0
-1
-1
0
-1
0
0
-1
0
0
-2
-3
-1
-2
-2
-3
-2
-3
-3
-3
-2
-3
-2
-2
-2
-2
-2
-3
-3
-2
-2
-2
-4
-3
-2
-3
-2
-2
-3
-2
-2
-2
-2
-1
-2
-2
-2
-1
0
0
0
0
0
-1
1
-1
0
0
-1
0
0
-1
1
0
0
1
0
-1
-1
-1
-1
-2
-2
-1
-1
-2
-2
-2
-1
0
0
1
2
1
1
2
2
2
2
2
1
0
1
2
1
2
2
3
3
2
3
3
3
3
3
2
3
2
3
2
2
3
2
2
2
2
3
3
3
2
2
2
1
1
2
2
2
2
2
1
1
1
0
0
0
0
1
2
1
1
1
0
0
-1
-1
-1
0
-2
-2
-2
-2
-2
-1
0
0
1
1
-1
1
0
0
0
0
0
1
1
1
1
0
-1
1
0
0
-1
-1
-1
-3
-2
-3
-4
-3
-2
-2
0
-1
-3
-3
-2
-4
-3
-4
-4
-4
-5
-4
-4
-4
-3
-5
-5
-5
-4
-4
-3
-3
-4
-4
-5
-4
-3
-4
-3
-3
-3
-2
0
-1
-1
0
0
0
1
1
1
0
2
2
2
3
2
2
3
3
4
4
3
3
3
2
3
2
3
3
2
1
1
1
1
1
1
2
2
2
1
1
1
2
0
2
2
2
3
2
3
2
1
1
3
2
1
1
1
1
1
1
1
0
0
0
1
-1
-2
-2
-2
-2
-1
-2
0
-1
-1
-1
0
-2
-2
-2
-2
-1
-2
-1
0
1
1
1
2
2
3
2
2
1
1
2
2
2
2
2
1
0
1
2
1
3
1
1
1
0
0
0
0
0
1
0
1
1
1
1
0
-1
-1
-1
-1
-1
-1
-1
0
0
-1
-1
-2
-1
-1
-2
-1
-2
-1
-2
0
-1
-3
-2
-2
-3
-2
-1
-2
-2
-2
-2
-1
-2
-2
-3
-2
-2
-2
-2
-3
-1
0
0
0
0
0
0
-1
0
-1
-1
-1
-1
-1
-1
0
0
-1
0
0
1
0
0
1
1
1
0
1
0
0
1
1
2
1
0
1
0
0
0
-2
1
-2
-1
0
-1
-1
-1
-2
-2
-1
-1
-2
-3
-1
-1
-1
-1
0
0
-1
0
0
0
0
-1
0
1
2
2
2
1
2
2
2
3
3
2
3
4
3
4
3
3
4
5
3
2
3
3
4
4
3
3
3
2
2
3
4
3
3
2
2
2
2
3
3
1
2
2
3
3
3
2
1
1
1
1
1
0
0
-2
-1
-2
-2
-2
-2
-3
-3
-3
-4
-4
-4
-4
-4
-3
-4
-3
-4
-3
-3
-3
-3
-3
-3
-3
-4
-4
-4
-5
-4
-4
-5
-4
-4
-5
-5
-5
-3
-4
-3
-3
-2
-2
-1
0
0
1
1
2
1
2
2
1
2
2
2
1
2
2
3
3
1
2
1
1
1
1
1
1
1
1
0
1
1
0
0
1
1
1
1
1
1
2
1
0
1
0
-1
-1
-2
-2
-2
-2
-1
-1
-2
-2
-2
-1
-2
0
-1
-2
-2
-1
-1
0
-2
-1
-2
-1
0
0
-1
-1
0
0
1
0
1
3
2
2
3
4
5
5
5
5
5
4
5
5
4
3
3
4
4
3
3
2
3
3
2
2
2
2
1
1
0
0
1
0
-1
-1
-1
0
-1
-2
-2
-2
-2
-2
-2
-2
-3
-2
-2
-3
-4
-3
-4
-3
-3
-3
-2
-1
0
0
0
-1
-1
-1
0
2
1
1
1
1
2
2
3
3
3
3
3
2
4
3
3
3
2
4
2
2
3
2
2
2
2
2
0
2
1
0
0
1
0
-2
-2
-3
-1
-4
-5
-6
-6
-6
-5
-5
-7
-8
-8
-8
-9
-8
-7
-6
-6
-7
-6
-6
-5
-4
-3
-2
0
-2
-3
-1
0
0
-1
-2
-1
-2
-1
1
3
4
2
1
0
1
1
2
2
3
3
3
4
2
3
3
4
5
5
6
8
9
8
10
11
9
10
8
5
3
5
5
5
5
6
5
5
4
5
6
5
3
4
3
2
4
5
4
3
3
3
1
1
2
3
4
2
0
1
-1
-1
-3
-5
-5
-5
-4
-5
-5
-6
-7
-7
-7
-5
-5
-4
-5
-5
-5
-4
-5
-4
-5
-7
-7
-7
-7
-7
-5
-5
-3
-3
-3
-4
-5
-4
-1
-3
-2
-1
-1
-1
1
3
4
4
5
5
6
7
6
5
3
3
3
3
1
1
-2
-3
-3
-1
-1
-3
-3
-3
-3
-2
-4
-4
-3
-4
-3
-4
-5
-5
-6
-8
-9
-9
-10
-10
-9
-9
-8
-7
-6
-5
-6
-6
-6
-7
-7
-7
-4
-4
-2
-1
2
4
5
7
6
6
9
8
9
10
10
11
12
12
13
14
15
14
13
14
10
10
8
6
5
5
4
6
6
5
4
5
6
8
8
7
9
11
13
12
11
10
10
11
9
8
7
4
3
1
-2
-9
-19
-25
-27
-24
-23
-27
-32
-39
-43
-39
-36
-29
-25
-21
-17
-14
-7
-2
6
14
23
33
38
40
43
44
48
48
43
38
29
21
13
6
0
-6
-17
-27
-34
-38
-39
-36
-34
-29
-26
-19
-15
-11
-2
7
17
23
31
37
42
45
48
48
46
43
39
36
31
25
19
6
-10
-27
-37
-38
-44
-69
-104
-124
-106
-79
-79
-116
-153
-154
-128
-104
-95
-85
-62
-32
-11
4
27
63
95
120
149
173
180
165
158
169
190
185
149
102
64
35
10
-13
-42
-80
-130
-170
-182
-172
-164
-166
-173
-166
-137
-101
-73
-49
-17
28
76
117
152
171
188
215
251
279
277
254
222
198
193
190
166
123
68
12
-33
-63
-89
-121
-172
-213
-234
-251
-251
-257
-253
-241
-218
-199
-179
-152
-126
-92
-49
-4
37
63
72
83
94
111
123
119
110
92
63
40
21
2
-23
-54
-87
-105
-119
-143
-162
-169
-162
-150
-142
-138
-126
-101
-72
-40
-10
20
49
74
103
129
154
171
183
193
205
211
209
202
188
174
157
139
114
87
66
51
39
23
5
-22
-44
-57
-61
-63
-67
-71
-61
-50
-39
-28
-23
-17
-8
2
24
48
58
48
43
47
55
58
46
35
27
19
6
-8
-27
-47
-62
-77
-92
-106
-113
-113
-127
-143
-161
-174
-173
-170
-162
-161
-153
-155
-170
-187
-186
-168
-129
-88
-57
-28
-5
19
52
95
145
187
216
232
244
250
252
250
251
244
228
174
101
55
21
-6
-38
-79
-122
-161
-195
-209
-200
-168
-134
-122
-106
-61
-12
40
88
141
197
242
273
295
309
335
358
355
321
272
230
197
176
158
111
42
-30
-88
-129
-153
-181
-256
-346
-395
-351
-375
-526
-683
-633
-352
-220
-393
-684
-716
-462
-250
-227
-275
-203
-19
62
48
90
253
403
444
472
575
639
569
465
503
671
717
557
274
145
154
122
-10
-179
-249
-337
-486
-619
-609
-517
-516
-597
-597
-466
-350
-292
-241
-100
57
201
315
445
578
700
736
755
855
978
981
867
776
742
728
658
546
421
279
114
-31
-155
-233
-356
-534
-688
-739
-723
-778
-847
-869
-811
-722
-648
-574
-508
-408
-310
-217
-120
18
117
176
244
304
343
331
298
255
175
65
-19
-102
-177
-241
-319
-387
-461
-546
-610
-661
-630
-584
-568
-545
-497
-400
-295
-181
-51
96
231
359
471
597
710
792
863
905
941
938
898
818
741
684
625
539
400
265
102
-27
-109
-174
-232
-349
-438
-459
-418
-371
-365
-340
-276
-208
-149
-127
-51
33
108
155
207
331
435
423
344
305
331
374
359
286
173
76
28
2
-46
-112
-192
-286
-374
-416
-451
-540
-669
-787
-738
-575
-515
-624
-753
-742
-596
-483
-502
-523
-444
-276
-135
-70
-3
107
233
311
386
521
625
682
679
697
771
802
729
590
534
533
468
291
90
-31
-140
-226
-410
-560
-609
-584
-593
-694
-676
-591
-490
-453
-374
-251
-121
25
145
278
431
567
656
718
822
928
936
867
853
872
848
777
666
562
446
342
188
39
-27
-114
-285
-492
-606
-661
-754
-816
-839
-807
-778
-808
-787
-704
-525
-365
-356
-357
-274
-154
-92
-45
-33
-59
-33
88
169
-3
-303
-490
-348
-168
-225
-455
-580
-440
-225
-187
-246
-166
53
211
302
400
570
707
720
710
797
976
986
825
644
673
716
573
308
86
23
-55
-185
-338
-403
-406
-514
-644
-603
-449
-351
-401
-412
-298
-161
-42
13
113
259
376
411
403
474
592
612
567
543
524
475
393
321
277
245
172
28
-63
-133
-217
-359
-498
-498
-495
-538
-608
-661
-653
-621
-564
-486
-363
-239
-212
-167
-19
160
283
283
272
336
401
420
375
283
108
-175
-417
-298
166
297
-276
-1095
-1345
-925
-491
-541
-835
-847
-540
-340
-459
-494
-242
140
387
494
636
758
758
729
857
1160
1358
1178
767
501
555
685
551
242
10
-183
-410
-584
-562
-426
-500
-733
-910
-804
-594
-484
-474
-431
-189
75
175
187
277
459
634
761
906
1010
989
890
808
867
979
948
739
465
324
267
178
59
-78
-246
-476
-656
-699
-679
-682
-790
-871
-806
-678
-595
-579
-500
-264
-53
98
-66
-415
-784
-648
68
759
878
75
-899
-1255
-830
-316
-288
-588
-668
-519
-491
-766
-989
-746
-141
344
484
332
236
214
355
737
1260
1680
1479
908
374
354
770
1066
929
435
-63
-339
-438
-465
-511
-569
-586
-622
-725
-810
-824
-783
-704
-492
-106
184
123
-167
-222
198
715
1033
1005
791
691
750
1005
1258
1399
1293
930
568
493
687
811
618
230
-122
-305
-407
-542
-712
-837
-884
-946
-1040
-1150
-1179
-1128
-979
-765
-551
-433
-438
-418
-284
3
302
513
608
592
574
536
553
652
746
708
495
259
108
43
-131
-511
-955
-958
-455
-179
-635
-1574
-1996
-1537
-855
-721
-1090
-1231
-853
-421
-374
-470
-260
232
634
784
894
1058
1149
1060
1084
1474
1880
1834
1246
672
580
812
891
573
88
-229
-372
-501
-766
-889
-801
-770
-846
-892
-750
-640
-717
-746
-485
-13
349
396
327
376
624
905
1065
1160
1223
1142
1015
985
1121
1203
1012
713
472
439
443
332
104
-136
-344
-546
-682
-678
-609
-652
-848
-1007
-1008
-884
-799
-762
-698
-538
-388
-326
-250
-112
2
-74
-265
-350
-291
-243
-212
-168
2
-111
-672
-1277
-1302
-813
-509
-758
-1126
-1075
-705
-494
-592
-600
-275
199
467
534
657
843
1002
1173
1376
1634
1648
1418
1095
869
888
959
888
566
113
-259
-479
-564
-608
-700
-819
-848
-847
-880
-935
-903
-700
-432
-142
58
102
76
116
344
762
1073
1096
900
755
797
956
1105
1149
1099
946
682
434
329
373
409
239
-48
-293
-488
-660
-761
-785
-765
-818
-897
-966
-921
-819
-767
-706
-590
-349
-152
-123
-130
-35
187
393
474
459
497
574
574
410
292
355
445
352
87
-117
-256
-556
-920
-985
-438
23
-459
-1548
-2141
-1501
-581
-494
-1139
-1476
-1026
-433
-373
-549
-392
177
603
659
673
916
1161
1189
1211
1502
1911
1909
1433
938
898
1237
1401
1100
499
-4
-166
-204
-230
-350
-495
-769
-1074
-1114
-915
-720
-845
-1037
-918
-557
-294
-265
-290
-110
238
484
582
588
632
667
688
853
1116
1263
1015
577
393
564
807
746
387
57
-78
-160
-299
-462
-501
-551
-754
-972
-1065
-948
-809
-818
-849
-808
-636
-475
-381
-264
-112
48
143
202
213
142
44
30
-34
-105
-64
132
166
-288
-1012
-1373
-1156
-766
-729
-980
-1053
-880
-761
-900
-929
-509
158
550
558
457
575
881
1197
1487
1788
1900
1731
1322
1038
1065
1266
1358
1078
570
73
-146
-212
-297
-421
-538
-578
-664
-841
-1018
-1032
-848
-602
-486
-461
-438
-322
-214
-114
168
477
544
368
243
410
816
1044
979
760
679
710
675
650
673
713
562
232
-24
-166
-196
-281
-398
-429
-471
-621
-871
-985
-857
-630
-491
-481
-511
-496
-439
-336
-152
58
227
296
210
185
243
311
316
241
212
173
112
6
-43
-117
-551
-1077
-1177
-363
351
-154
-1453
-2111
-1372
-445
-506
-1272
-1410
-637
16
-230
-769
-631
131
746
860
824
960
1005
971
1067
1531
2043
1977
1359
705
655
1076
1300
996
337
-192
-331
-346
-397
-581
-691
-789
-975
-1067
-980
-837
-863
-920
-774
-380
-123
-143
-276
-181
246
641
767
628
550
628
723
904
1136
1239
1016
647
478
649
932
949
615
201
-2
-53
-154
-258
-271
-283
-527
-832
-930
-834
-736
-811
-868
-776
-582
-558
-765
-788
-450
-67
71
26
112
283
214
-62
-210
-41
157
131
73
76
-49
-473
-1018
-1071
-671
-462
-697
-1056
-1025
-721
-604
-677
-619
-234
247
419
346
362
647
1068
1316
1383
1409
1404
1323
1157
1063
1097
1125
931
492
59
-105
-123
-152
-291
-512
-629
-724
-795
-856
-825
-735
-659
-653
-511
-300
-154
-168
-213
31
347
544
531
510
703
958
1043
991
942
989
996
840
696
743
801
625
189
-130
-159
-77
-116
-351
-551
-657
-800
-964
-1042
-912
-686
-643
-780
-960
-953
-740
-474
-312
-228
-202
-214
-189
-158
-25
139
217
227
206
219
177
93
88
25
-373
-781
-746
11
356
-401
-1591
-1942
-1116
-413
-721
-1485
-1506
-764
-217
-539
-976
-748
33
659
844
814
928
938
1013
1273
1882
2417
2235
1532
930
1081
1657
1921
1465
663
147
96
155
31
-194
-382
-600
-826
-919
-637
-496
-773
-1123
-1020
-407
23
-137
-465
-430
87
577
633
530
519
641
714
817
1063
1242
1046
620
375
587
915
804
331
-81
-180
-152
-299
-524
-677
-708
-752
-913
-1097
-1135
-1078
-985
-892
-821
-771
-838
-884
-753
-435
-149
-24
-16
55
143
232
244
200
263
308
181
-172
-409
-236
172
98
-522
-1205
-1336
-1012
-835
-1005
-1251
-1172
-926
-886
-990
-855
-418
116
379
455
552
708
947
1239
1596
1972
2056
1784
1381
1217
1390
1599
1575
1211
652
191
9
-17
-57
-223
-418
-584
-722
-845
-989
-1008
-835
-585
-403
-408
-523
-561
-407
-32
329
507
546
467
421
486
767
1094
1229
1036
742
625
702
841
781
589
332
115
-32
-233
-417
-531
-546
-592
-842
-1153
-1344
-1296
-1172
-1128
-1124
-1016
-913
-862
-872
-726
-377
-57
7
-46
64
299
493
518
497
553
692
710
596
460
279
-190
-548
-488
208
492
-317
-1454
-1831
-1150
-586
-859
-1429
-1329
-760
-502
-902
-1092
-523
276
651
597
588
841
990
1164
1559
2185
2538
2141
1432
1120
1470
1945
1889
1277
644
263
109
13
-153
-361
-550
-754
-936
-1227
-1279
-1206
-1096
-998
-937
-720
-694
-802
-757
-331
196
470
371
166
132
356
755
1043
1102
944
555
328
384
657
798
561
255
-16
-226
-386
-525
-500
-360
-346
-623
-1007
-1108
-864
-625
-606
-669
-711
-643
-617
-552
-352
-78
153
161
-23
-109
44
368
635
550
252
-115
-161
17
-33
-235
-286
-17
29
-572
-1351
-1528
-973
-433
-628
-1223
-1365
-958
-521
-434
-430
-129
231
396
457
625
1008
1340
1493
1578
1746
1885
1790
1583
1525
1661
1731
1526
1095
692
504
435
287
-7
-283
-417
-531
-590
-672
-725
-832
-940
-945
-769
-544
-464
-548
-633
-506
-231
6
102
128
137
175
184
250
302
423
488
467
336
181
94
37
-4
-36
8
20
-115
-372
-582
-637
-561
-510
-588
-719
-749
-766
-752
-724
-600
-428
-345
-384
-429
-361
-162
30
136
103
83
144
220
276
340
458
451
288
-14
-183
-351
-329
-155
174
210
-402
-1087
-1271
-740
-240
-398
-884
-937
-537
-148
-226
-371
-132
338
639
691
680
905
1197
1449
1673
1826
1920
1794
1523
1405
1485
1568
1362
866
459
273
243
149
-178
-535
-676
-665
-692
-856
-967
-937
-837
-875
-852
-726
-587
-593
-585
-424
-200
-135
-230
-192
16
181
150
94
169
303
257
82
26
200
312
229
-27
-129
-97
-46
-59
-117
-149
-200
-367
-539
-502
-314
-197
-305
-484
-479
-328
-209
-148
-136
-55
-100
-210
-239
-57
231
292
86
-85
-46
70
107
5
-104
-291
-511
-530
-146
242
-36
-819
-1309
-962
-343
-261
-732
-970
-591
-119
-171
-504
-438
123
676
802
668
677
880
1159
1522
1832
1951
1749
1435
1262
1431
1706
1723
1357
796
401
242
296
314
114
-132
-406
-639
-842
-942
-839
-685
-722
-867
-966
-946
-912
-934
-750
-460
-312
-468
-716
-684
-373
-161
-77
-113
-64
-21
-148
-232
-93
241
433
244
-24
-29
123
189
64
-40
5
44
-59
-213
-243
-69
19
-46
-149
-188
-192
-213
-155
43
226
175
-91
-277
-171
92
273
246
134
57
-14
-41
87
305
375
91
-401
-644
-377
180
484
56
-681
-1051
-729
-176
-166
-650
-934
-640
-154
-72
-433
-520
-115
406
627
551
578
743
923
1139
1395
1611
1543
1172
908
1056
1376
1426
1067
528
187
117
212
200
-15
-305
-563
-660
-684
-678
-718
-824
-745
-697
-661
-840
-966
-779
-488
-281
-344
-489
-568
-452
-258
-90
11
71
35
-128
-257
-142
123
335
258
72
-41
17
110
71
50
119
180
80
-74
-67
77
156
133
60
20
12
24
51
149
161
92
15
-8
40
21
-2
45
169
194
21
-201
-235
-67
81
-26
-393
-572
-304
124
79
-480
-1041
-924
-388
-114
-417
-861
-790
-358
-125
-339
-477
-167
374
608
489
395
599
962
1314
1542
1623
1491
1218
1075
1183
1378
1394
1131
717
369
146
32
10
-122
-398
-690
-859
-867
-944
-1035
-1055
-971
-810
-911
-1155
-1255
-1047
-663
-450
-480
-580
-673
-668
-496
-253
-32
46
6
-35
-69
4
174
376
497
468
372
341
437
528
537
528
611
601
445
280
316
483
528
358
216
206
272
235
99
43
72
86
-4
-93
-101
-81
-110
-120
-151
-141
-148
-182
-140
-34
39
-103
-305
-443
-463
-328
-152
99
90
-307
-743
-822
-485
-204
-363
-677
-685
-403
-240
-451
-656
-372
162
497
380
60
87
445
911
1199
1206
1064
920
831
901
1036
1111
1020
717
418
192
72
54
10
-113
-250
-469
-671
-806
-855
-778
-707
-757
-844
-933
-928
-836
-722
-544
-486
-590
-711
-663
-479
-256
-189
-130
-80
-114
-178
-147
70
393
517
410
270
255
426
636
800
821
738
626
600
636
702
729
669
597
536
484
402
248
165
206
296
253
11
-265
-345
-183
-3
-16
-228
-423
-460
-410
-260
-163
-149
-218
-339
-429
-542
-493
-213
202
176
-375
-904
-807
-251
-47
-448
-835
-628
-99
-38
-492
-746
-292
393
615
257
-58
147
580
860
874
902
894
717
488
539
836
1026
776
261
-56
-41
90
54
-164
-317
-369
-477
-700
-895
-823
-573
-487
-663
-868
-848
-634
-523
-527
-491
-350
-241
-253
-340
-285
-78
131
172
77
54
128
208
252
339
473
547
462
361
425
591
708
665
553
536
559
517
462
472
543
584
518
411
283
200
215
292
276
123
-83
-180
-151
-88
-115
-239
-306
-294
-248
-263
-278
-235
-124
-50
-121
-281
-448
-522
-321
-55
161
33
-406
-704
-618
-298
-218
-537
-829
-686
-358
-268
-597
-897
-656
-111
148
-58
-406
-301
93
448
547
484
502
551
604
629
674
644
561
455
416
403
289
65
-124
-187
-74
-56
-249
-477
-557
-459
-380
-451
-557
-581
-460
-327
-312
-399
-478
-315
-109
-56
-216
-310
-278
-78
112
157
128
34
92
272
461
578
541
505
567
743
840
740
633
658
868
961
874
716
640
680
658
588
609
657
543
215
4
83
258
224
-38
-257
-346
-332
-344
-320
-284
-340
-400
-456
-462
-471
-501
-432
-372
-442
-522
-493
-264
-205
-501
-833
-793
-496
-451
-846
-1175
-910
-409
-356
-870
-1266
-938
-253
79
-167
-523
-447
-6
413
577
582
561
557
538
560
609
654
690
658
523
280
65
12
83
192
248
102
-273
-595
-540
-242
-39
-103
-244
-194
-137
-192
-267
-126
227
360
122
-266
-323
2
323
334
209
110
150
253
275
320
451
576
614
521
443
410
478
636
832
925
801
538
323
391
575
726
670
460
240
112
59
113
188
206
89
-136
-276
-292
-230
-258
-381
-418
-401
-437
-555
-644
-555
-423
-330
-412
-549
-617
-634
-557
-416
-253
-228
-449
-751
-811
-623
-452
-608
-953
-1012
-779
-575
-691
-966
-965
-626
-357
-401
-581
-539
-191
143
279
272
298
386
467
550
701
831
807
675
551
515
587
639
648
601
450
289
190
239
333
387
283
164
110
99
94
4
20
157
269
188
-115
-279
-122
151
247
125
-71
-101
21
160
246
285
371
402
365
354
414
552
696
716
645
562
518
567
597
599
528
403
313
249
230
196
143
109
75
-15
-159
-258
-258
-213
-225
-391
-528
-520
-438
-366
-419
-520
-643
-724
-672
-569
-513
-701
-935
-917
-660
-529
-809
-1178
-1261
-1016
-866
-1087
-1369
-1322
-997
-797
-942
-1149
-1017
-600
-276
-243
-312
-225
77
442
694
772
786
823
927
1076
1178
1216
1201
1173
1072
976
894
826
789
733
643
532
389
229
141
124
130
68
-7
-44
-40
-56
-73
-41
26
30
-36
-141
-109
-14
120
156
65
-2
17
130
233
292
296
268
256
270
271
317
363
409
419
379
268
220
320
435
481
355
226
207
246
234
131
121
197
186
-7
-227
-233
-58
16
-161
-424
-485
-334
-291
-477
-695
-688
-514
-448
-634
-846
-926
-905
-922
-1053
-1029
-796
-621
-802
-1200
-1284
-924
-569
-647
-958
-982
-644
-321
-362
-546
-478
-87
205
198
58
50
298
589
768
803
707
650
752
909
1021
992
900
829
807
802
693
580
536
571
500
292
103
69
140
183
176
130
83
28
32
86
173
216
107
35
80
162
137
10
-22
99
183
148
-17
-145
-101
44
157
150
34
-76
-76
38
179
253
241
216
208
182
187
244
330
323
245
169
132
137
148
145
158
110
7
-95
-97
-83
-127
-205
-292
-308
-373
-500
-629
-684
-627
-594
-657
-781
-907
-961
-948
-885
-841
-805
-754
-709
-735
-838
-840
-683
-492
-402
-434
-432
-349
-235
-151
-84
50
247
335
300
248
278
472
685
772
702
602
625
767
873
823
698
648
721
763
654
488
435
542
571
412
235
154
258
345
286
142
65
119
149
122
56
33
23
-19
-73
-131
-123
-121
-186
-238
-239
-248
-318
-376
-333
-189
-110
-195
-303
-270
-98
67
105
64
83
198
307
315
286
301
384
470
428
310
246
324
430
412
270
142
108
136
132
60
-51
-105
-160
-217
-327
-454
-481
-422
-369
-423
-551
-700
-766
-699
-541
-460
-537
-687
-724
-638
-498
-408
-399
-390
-361
-324
-347
-392
-350
-226
-132
-177
-270
-279
-190
-116
-128
-144
-107
-28
25
24
84
196
335
414
417
403
431
581
744
823
742
635
625
675
679
609
528
470
389
255
162
161
222
148
-56
-190
-157
-60
-130
-324
-387
-247
-114
-129
-254
-313
-243
-103
-32
-26
-51
-56
14
178
347
355
282
258
357
482
553
587
572
530
448
407
468
548
497
316
181
145
201
184
68
-47
-85
-96
-175
-260
-265
-234
-253
-345
-444
-471
-448
-442
-445
-450
-479
-523
-599
-627
-582
-497
-449
-455
-505
-541
-498
-434
-339
-275
-243
-280
-358
-361
-241
-111
-52
-96
-173
-214
-182
-112
-46
3
-2
5
-37
-54
-16
84
192
266
293
293
298
302
375
445
488
483
436
398
349
314
312
317
310
224
117
9
-76
-130
-72
14
-5
-166
-336
-320
-128
21
10
-88
-120
-89
-63
-22
68
236
356
322
183
149
293
446
506
463
441
443
404
337
284
359
435
421
299
197
159
148
143
155
189
146
38
-126
-163
-85
-34
-66
-125
-150
-164
-226
-326
-347
-292
-246
-263
-331
-375
-378
-396
-398
-384
-364
-367
-398
-440
-415
-368
-320
-289
-253
-214
-203
-201
-203
-170
-116
-67
-49
-31
-39
-62
-90
-87
-14
46
50
-19
-82
-84
-50
-5
19
19
3
-3
-12
4
38
56
42
88
148
134
65
15
80
172
187
98
37
58
103
91
65
85
163
155
44
-33
-3
92
134
98
53
55
74
88
126
202
241
229
133
102
201
302
336
276
231
260
316
351
380
405
407
350
263
206
220
274
286
233
139
34
-8
3
42
43
-31
-126
-210
-264
-250
-231
-226
-265
-335
-384
-385
-360
-344
-290
-250
-243
-256
-270
-275
-240
-179
-104
-46
-36
-89
-148
-109
3
46
-12
-122
-155
-115
-58
9
23
-41
-138
-194
-171
-108
-89
-107
-126
-146
-143
-161
-175
-144
-100
-43
-26
-18
-39
-74
-55
37
97
91
-8
-78
-66
-10
58
100
68
-57
-125
-100
-3
35
-35
-99
-109
-74
-45
-29
-2
30
46
4
-11
35
88
90
122
200
274
287
269
259
320
420
473
470
441
400
389
422
485
486
400
290
203
204
221
213
163
64
-39
-92
-128
-159
-192
-191
-165
-165
-173
-180
-214
-219
-135
-53
10
14
-34
-78
-49
42
115
144
84
21
-1
12
33
25
-55
-101
-121
-152
-198
-227
-194
-173
-200
-280
-315
-328
-327
-308
-288
-210
-147
-163
-237
-227
-126
-24
37
54
16
-23
-4
42
141
207
173
61
-17
-23
18
42
10
-40
-123
-188
-231
-221
-184
-202
-212
-239
-224
-235
-221
-177
-180
-140
-106
-63
-45
-15
54
115
162
159
163
189
219
297
331
288
279
293
319
345
318
286
254
221
195
192
186
180
162
108
52
45
58
64
76
60
65
72
61
47
46
53
61
79
83
79
57
36
75
113
91
54
45
74
39
-24
-100
-82
3
30
-45
-145
-181
-150
-106
-156
-175
-174
-178
-199
-218
-223
-203
-158
-163
-165
-132
-121
-112
-100
-76
-26
47
83
55
46
19
65
110
119
135
93
24
-16
-37
-41
-29
-39
-62
-114
-209
-293
-278
-225
-156
-149
-228
-292
-297
-252
-177
-131
-97
-62
-66
-85
-59
13
107
186
170
109
97
123
194
216
195
188
201
202
163
114
97
105
105
75
24
-5
28
36
26
24
53
110
95
82
60
98
190
205
166
145
183
215
192
111
55
66
136
146
71
-60
-89
-58
-61
-105
-178
-186
-193
-194
-231
-278
-242
-192
-167
-192
-193
-154
-92
-39
-43
-39
-10
29
89
101
122
177
163
162
216
277
320
273
225
234
273
302
275
240
224
201
126
71
39
44
19
-68
-152
-197
-209
-252
-294
-327
-322
-330
-356
-395
-412
-344
-275
-250
-271
-293
-255
-151
-111
-125
-144
-75
20
38
-2
-22
35
99
118
60
10
27
53
67
48
29
17
15
11
-19
25
38
25
4
38
74
76
66
68
119
153
155
140
118
129
156
144
156
126
107
115
87
69
36
36
47
19
-46
-103
-113
-87
-75
-105
-154
-171
-147
-144
-162
-125
-82
-45
-25
8
44
29
12
69
195
278
278
221
219
265
342
348
341
347
312
259
194
187
210
201
136
70
18
-56
-127
-164
-167
-150
-145
-218
-308
-344
-314
-261
-241
-253
-282
-251
-234
-220
-222
-200
-125
-84
-77
-110
-133
-101
-14
33
13
-14
-29
15
45
33
31
45
73
54
52
83
108
125
113
86
74
88
94
66
44
26
20
19
24
31
43
29
-33
-57
-46
-23
-37
-60
-97
-115
-86
-98
-158
-173
-190
-176
-121
-116
-151
-189
-189
-158
-109
-91
-87
-31
-38
-36
-14
25
121
165
149
121
138
185
266
293
311
289
310
301
280
335
358
332
266
211
169
182
176
153
134
69
23
-37
-61
-69
-80
-137
-160
-144
-153
-177
-213
-241
-221
-197
-222
-208
-219
-223
-189
-169
-169
-160
-140
-130
-120
-125
-89
-76
-46
-38
-81
-49
-25
40
72
58
60
53
68
90
117
145
155
154
176
186
177
162
174
205
206
186
129
97
122
113
96
86
76
9
-84
-146
-142
-55
-72
-184
-285
-293
-240
-227
-245
-281
-251
-254
-302
-334
-287
-188
-144
-176
-217
-162
-73
-27
-27
-26
22
93
149
187
193
216
218
233
298
320
274
258
255
305
355
309
250
210
208
257
227
156
119
99
105
68
55
56
28
-1
-20
-43
-51
-62
-104
-114
-91
-56
-73
-125
-199
-185
-117
-102
-129
-215
-231
-158
-129
-153
-203
-186
-131
-124
-139
-150
-114
-48
-14
-22
-14
10
37
38
51
68
85
97
75
59
78
116
104
97
80
61
54
54
38
17
5
17
12
-44
-85
-79
-73
-72
-99
-131
-137
-160
-176
-182
-160
-120
-99
-127
-159
-176
-167
-111
-62
-3
31
3
17
64
110
143
134
137
196
189
144
130
149
247
263
190
114
143
189
207
217
163
125
128
152
85
43
75
107
73
-4
-28
-25
33
46
-24
-63
-77
-74
-78
-133
-113
-84
-110
-151
-206
-217
-179
-138
-146
-164
-178
-180
-147
-149
-125
-91
-39
-37
-63
-54
-14
82
118
109
113
126
135
129
138
155
145
147
122
73
89
91
80
67
27
21
1
-44
-77
-79
-69
-60
-45
-77
-121
-121
-114
-120
-116
-67
-91
-101
-107
-97
-46
-41
5
-23
-42
-28
5
13
20
48
50
25
3
-12
-4
19
18
20
13
17
10
21
-4
-8
2
7
29
43
87
131
142
133
114
114
136
166
186
153
119
118
100
114
119
94
103
106
63
14
-27
-33
-10
-6
-53
-91
-112
-110
-103
-109
-123
-106
-105
-133
-171
-191
-149
-85
-84
-97
-99
-76
-66
-57
-45
-47
-1
-28
-55
-63
-24
14
9
0
-1
9
47
3
-36
-50
8
37
-20
-73
-76
-26
4
-3
-56
-53
-60
-30
-13
-43
-36
-17
-29
-44
-6
10
13
18
-12
3
28
29
20
18
-3
-3
11
36
34
5
-6
5
61
62
39
3
11
55
75
41
27
43
110
150
127
92
90
123
133
150
166
168
181
163
140
149
200
227
217
182
143
126
125
119
91
74
49
58
5
-50
-55
9
33
-22
-58
-123
-58
-2
-58
-107
-139
-126
-110
-116
-167
-160
-116
-125
-169
-221
-218
-187
-145
-156
-196
-206
-227
-214
-216
-186
-151
-169
-170
-190
-168
-152
-127
-105
-96
-103
-86
-50
-52
-52
-46
-21
1
28
3
10
32
63
92
73
99
77
76
59
37
61
93
75
63
64
60
93
84
103
55
73
97
108
139
107
143
163
158
177
139
151
155
129
149
172
158
122
85
89
127
120
101
48
53
74
74
50
-9
-4
-28
-12
-25
-49
-50
-67
-65
-46
-45
-53
-73
-97
-44
-60
-74
-55
-67
-67
-17
-24
-25
-9
-41
6
-20
-29
-18
-34
-55
-63
-41
-28
-45
-73
-62
-65
-76
-106
-131
-95
-67
-87
-81
-72
-65
-50
-66
-70
-47
-40
-25
-15
-24
-41
-45
-3
-17
-34
-1
-9
3
-7
-21
-16
-5
-44
-55
-23
-17
3
-14
-66
-44
31
37
19
-11
-38
2
41
40
41
39
50
68
62
55
44
52
67
96
96
117
100
107
119
122
74
85
146
127
135
121
76
115
117
105
104
84
67
41
62
45
44
57
52
67
43
-5
22
19
30
36
1
11
-15
-49
-39
-21
-13
-9
-48
-99
-58
-36
-62
-74
-83
-82
-91
-102
-150
-160
-148
-115
-93
-112
-170
-170
-178
-127
-106
-120
-124
-148
-126
-98
-91
-127
-95
-34
-79
-81
-93
-125
-68
-32
-20
-20
-58
-98
-123
-82
-58
-59
-48
-79
-114
-48
-47
-81
43
37
-3
10
52
56
106
171
163
235
214
205
224
234
291
345
263
229
260
217
283
314
248
230
223
227
153
163
219
105
101
103
89
41
43
18
-24
-3
-26
-36
-63
-48
-68
-103
-71
-108
-80
-78
-84
-92
-83
-97
-124
-81
-100
-125
-116
-174
-192
-104
-143
-156
-150
-214
-161
-96
-131
-170
-150
-122
-116
-75
-94
-116
-92
0
-7
-27
-30
-46
18
4
9
-5
9
98
65
2
6
31
33
29
0
-23
-41
-44
-67
-86
-66
-62
-97
-86
-78
-157
-137
-87
-54
-69
-102
-94
-88
-49
-12
12
36
25
54
110
111
127
166
173
189
206
270
259
279
253
200
245
253
266
252
214
226
203
148
137
110
85
141
123
68
70
32
33
31
5
-51
-41
-41
-120
-118
-99
-85
-115
-159
-116
-127
-144
-171
-220
-227
-198
-189
-199
-172
-195
-185
-230
-228
-212
-191
-192
-174
-166
-133
-96
-112
-46
-15
-9
-13
-2
9
67
74
52
73
79
97
134
116
108
111
51
99
59
35
94
81
46
18
11
2
23
-1
7
2
-31
-31
-12
38
-6
34
43
-7
-8
3
24
22
36
59
69
67
71
76
82
163
171
149
145
132
98
140
170
184
150
144
136
66
86
106
113
134
74
58
58
98
111
31
50
44
56
51
28
-65
-11
10
-5
-46
-107
-99
-120
-155
-144
-146
-207
-207
-226
-294
-303
-242
-231
-189
-239
-315
-271
-266
-299
-281
-245
-211
-197
-205
-174
-135
-123
-58
-42
-44
-38
-4
11
26
66
46
97
103
58
63
67
97
99
117
117
62
47
57
82
110
88
50
42
8
-6
23
39
35
69
65
0
-5
33
52
40
49
29
71
91
74
107
114
142
150
141
171
197
200
202
243
227
213
233
240
255
197
200
209
193
177
160
131
99
111
105
66
83
32
-11
12
4
-16
-73
-90
-75
-79
-101
-119
-120
-123
-171
-206
-230
-236
-405
-556
-374
-101
-78
-264
-403
-281
-97
-185
-363
-426
-277
-103
10
-95
-308
-270
-55
70
16
-114
-167
-129
-62
0
33
89
128
136
88
48
119
107
74
43
109
256
291
224
159
121
108
174
226
248
208
51
-49
28
94
46
5
-14
-55
-59
-41
-24
-51
-83
-153
11
54
-87
-88
-73
10
19
-36
40
12
-36
-58
37
87
-69
-250
-94
265
217
6
-5
184
186
87
122
210
226
212
274
247
84
33
256
329
190
7
115
131
-180
-202
-9
133
-38
-237
-259
-239
-263
-349
-263
-111
-200
-311
-141
-131
-247
-252
-126
16
44
117
-1
-114
-34
-38
35
33
-21
78
19
-114
-80
-36
59
-53
-73
126
109
4
-56
-103
-37
99
216
104
-30
-21
-22
38
85
88
61
154
104
26
10
68
18
-106
24
163
141
47
-83
-190
-87
32
73
-48
-116
-160
-164
-49
-15
-60
-133
-166
-119
7
42
-34
-87
-73
-21
74
129
107
16
-10
43
76
126
231
192
110
91
131
216
193
83
135
191
188
200
206
181
32
-4
88
159
42
-51
-34
-59
-92
-100
-82
-81
-119
-197
-164
-155
-187
-186
-204
-185
-146
-105
-98
-108
-141
-139
-100
-13
18
24
37
12
-38
-71
67
178
102
87
79
38
56
100
52
17
53
13
-9
28
13
-16
-54
-75
-33
-11
-33
-80
-102
-58
-13
-8
-31
-73
-67
-61
-41
-25
46
83
-67
-144
-87
-73
-64
-9
-1
-15
-8
-74
-125
-41
-5
-39
-6
44
64
-26
-87
-30
-22
-40
28
124
68
23
42
65
97
78
109
204
166
113
101
136
80
32
131
111
122
97
34
29
-27
-51
-21
13
87
73
-38
-75
-104
-82
-51
21
14
-49
-56
-9
-71
-151
-59
1
5
12
-6
0
19
-66
-9
64
74
42
19
78
55
73
59
45
91
112
125
114
86
69
23
23
76
118
123
77
-1
-38
11
8
41
6
-53
-66
-126
-89
-101
-113
-128
-140
-100
-114
-93
-126
-239
-236
-168
-145
-115
-136
-118
-109
-168
-142
-120
-151
-127
-103
-51
-38
-63
-60
-66
-44
-50
32
59
17
28
12
-45
-15
66
82
88
37
1
40
58
69
45
64
77
48
-1
20
44
75
136
126
71
46
96
120
104
121
175
184
182
201
182
177
175
188
210
257
221
160
142
132
115
79
81
42
16
32
27
22
-56
-93
-81
-97
-90
-118
-37
-31
-91
-112
-83
-47
-49
-26
20
8
-14
-43
-82
-82
-86
-51
-54
-92
-66
-108
-156
-169
-180
-136
-97
-195
-266
-199
-220
-227
-174
-162
-207
-175
-134
-129
-181
-188
-175
-93
-90
-138
-79
-58
-49
-45
-31
4
24
34
56
54
41
44
27
29
68
109
110
113
133
47
70
118
58
126
175
118
114
131
165
165
198
222
183
203
173
145
200
185
157
188
181
214
214
186
174
146
135
122
132
147
102
57
31
9
-32
5
8
-38
-46
-18
-85
-133
-81
-63
-84
-60
-68
-81
-76
-114
-127
-139
-129
-71
-44
-67
-143
-166
-85
-71
-95
-87
-55
-36
-88
-123
-157
-162
-102
-85
-112
-120
-77
-109
-164
-187
-191
-77
-8
-95
-147
-122
-105
-83
-86
-41
35
42
3
-2
4
4
-11
-11
10
49
49
10
-6
-5
-16
3
20
38
55
62
29
-21
0
30
44
14
27
96
107
84
79
69
84
87
115
141
131
177
182
156
163
135
143
126
94
117
111
131
95
43
46
57
86
30
-3
-7
-22
-40
-4
-16
-32
-37
-41
4
-21
-15
7
10
14
-26
-2
-2
8
3
6
22
24
-23
-53
-74
-89
-61
-52
-47
-110
-138
-123
-114
-117
-122
-102
-119
-136
-135
-136
-94
-114
-148
-108
-75
-96
-66
-34
-68
-76
-45
-28
-61
-45
-29
-8
-21
-16
-10
-51
-46
5
-7
6
40
25
4
4
19
48
51
69
58
42
103
94
79
84
136
154
147
148
151
170
175
159
142
141
148
168
152
138
124
115
111
77
47
43
77
54
35
28
23
-1
-28
-21
-36
-73
-13
6
-30
-39
-35
-40
-76
-57
-1
-14
-68
-72
-59
-82
-99
-65
-49
-44
-64
-91
-94
-97
-103
-103
-88
-46
-77
-91
-71
-91
-77
-90
-92
-70
-63
-34
-56
-68
-105
-98
-81
-82
-56
-59
-44
-42
-51
-72
-48
-27
-15
-39
-64
-42
-46
-73
-63
-38
-52
0
6
3
8
-15
-17
15
39
31
39
77
98
67
93
111
100
85
102
136
113
147
191
168
119
129
172
166
166
156
151
164
114
103
94
115
107
63
65
68
64
7
-14
-22
-36
-32
5
-11
-56
-43
-62
-67
-80
-86
-80
-81
-94
-98
-118
-98
-80
-93
-64
-100
-125
-112
-106
-98
-98
-86
-78
-63
-37
-46
-64
-71
-44
-13
7
7
46
47
18
17
8
13
21
24
27
50
81
71
37
42
17
-8
19
36
6
1
16
10
24
28
9
-9
-1
-7
-14
-26
-40
-20
1
27
7
4
30
28
15
2
-10
28
29
25
33
56
85
46
24
42
50
65
58
52
6
20
42
28
59
9
-5
1
-12
-29
-12
14
3
-27
-45
-40
-72
-76
-38
-38
-39
-53
-76
-80
-86
-93
-69
-51
-62
-66
-71
-87
-85
-77
-55
-40
-42
-55
-55
-36
-32
-74
-71
-28
-33
-25
1
11
-4
-17
-3
34
32
64
65
53
78
55
79
86
62
64
91
105
90
51
42
34
53
48
40
36
8
3
7
-4
-5
-6
2
19
-1
3
-26
-9
-2
-11
2
8
6
21
37
30
25
29
41
18
27
38
63
62
54
49
69
59
33
5
0
-4
-15
36
33
28
47
37
29
-7
-24
-22
6
0
-27
-13
-5
-7
-28
-34
-21
-51
-48
-35
-32
-24
-43
-24
-18
-47
-51
-55
-37
-15
-37
-47
-52
-67
-70
-81
-83
-68
-69
-68
-56
-43
-46
-77
-73
-63
-62
-65
-37
-19
-7
8
-20
-23
-16
-14
8
16
26
26
13
12
5
22
34
40
50
48
52
59
61
86
83
48
40
63
48
41
48
36
19
29
42
64
72
42
39
53
78
51
35
46
44
38
16
57
50
26
3
15
31
22
10
2
-4
-30
-19
-12
-1
9
9
-7
-5
-23
-44
-55
-65
-64
-60
-60
-65
-65
-68
-66
-44
-75
-82
-51
-66
-67
-61
-69
-71
-73
-66
-69
-74
-81
-67
-54
-47
-42
-50
-59
-49
-48
-34
-30
-33
-18
-29
0
41
52
9
14
28
34
36
40
68
60
68
71
55
71
73
79
91
92
99
112
109
92
83
103
119
109
114
110
123
92
83
69
84
86
72
64
49
54
42
9
18
25
24
15
15
0
-28
-27
-10
-11
-29
-17
-22
-42
-40
-47
-71
-87
-92
-68
-66
-55
-88
-96
-95
-80
-62
-64
-83
-88
-90
-90
-64
-70
-62
-58
-50
-32
-32
-31
-59
-70
-36
-41
-30
-24
-52
-31
-39
-49
-27
-30
-20
-30
-33
-32
-18
-28
-37
-40
-46
-24
-15
-9
-7
-5
2
2
5
11
2
0
-8
8
17
14
20
17
20
37
37
20
28
6
24
55
68
59
50
30
55
72
37
49
54
39
58
50
44
59
67
72
78
90
85
84
70
52
45
55
71
53
36
50
42
51
47
38
40
49
38
26
18
-9
-5
-25
-8
7
-4
-12
-25
-44
-40
-35
-35
-52
-59
-32
-35
-31
-18
-21
-30
-26
-2
-16
-40
-49
-60
-58
-49
-42
-41
-27
-32
-30
-32
-27
-55
-30
-8
-29
-22
-26
-27
-36
-45
-26
-28
-36
-37
-45
-24
-37
-41
-53
-60
-28
-37
-34
-14
-17
-18
-10
2
9
5
18
19
19
20
30
35
36
37
32
24
35
33
40
42
39
33
43
57
40
31
9
24
44
50
44
51
60
31
35
36
35
52
64
51
38
41
24
-7
-4
4
0
14
12
7
-8
-18
-16
-33
-37
-36
-36
-42
-32
-40
-42
-48
-42
-43
-39
-24
-34
-39
-36
-22
-24
-32
-21
-3
-10
-13
-12
-5
13
6
4
-10
-15
-15
-18
-13
-29
-19
-15
-8
-16
-35
-41
-48
-40
-62
-60
-46
-43
-34
-22
-20
-38
-44
-37
-19
-1
8
-6
-1
23
40
36
44
50
40
44
61
73
51
53
51
52
66
50
52
66
68
60
57
70
69
62
62
60
63
58
33
27
36
21
16
2
4
-9
-22
-6
-6
-15
-27
-30
-29
-46
-33
-38
-46
-29
-35
-41
-54
-68
-57
-48
-37
-38
-49
-50
-32
-25
-26
-32
-7
5
-16
8
23
8
-1
7
22
27
37
39
30
52
61
55
37
56
65
57
46
34
37
19
15
3
16
14
-6
0
-17
-21
-34
-42
-32
-46
-40
-34
-40
-51
-59
-51
-49
-39
-56
-51
-48
-55
-68
-71
-57
-59
-60
-68
-54
-45
-30
-46
-47
-23
-18
-3
3
-11
-8
11
-2
7
21
18
23
23
22
12
11
14
3
19
31
21
15
14
24
18
2
16
26
27
22
18
32
34
26
34
42
38
34
28
31
30
37
50
38
31
39
34
26
18
16
32
28
13
19
22
36
23
27
31
18
4
17
14
8
14
19
30
40
42
30
29
23
26
32
9
7
19
6
2
5
9
-4
-3
0
-15
-20
-20
-35
-27
-33
-33
-22
-26
-30
-31
-30
-29
-23
-44
-51
-49
-51
-47
-39
-40
-33
-39
-46
-36
-29
-20
-24
-25
-36
-40
-37
-36
-24
-35
-41
-40
-35
-34
-36
-21
-15
-10
-10
-11
-1
5
-11
-8
2
17
18
10
18
15
4
-6
-8
-3
3
2
4
12
6
-3
1
9
18
14
11
7
2
11
28
17
17
26
31
35
35
21
16
20
14
12
25
30
35
40
39
25
22
25
21
25
17
11
11
22
35
44
54
55
43
32
30
16
19
31
16
17
20
9
12
20
35
35
33
15
-2
0
-7
-12
-16
-31
-24
-15
-16
-4
-14
-19
-30
-33
-41
-41
-40
-53
-46
-42
-51
-54
-52
-45
-42
-43
-61
-62
-53
-52
-54
-45
-33
-29
-25
-31
-29
-40
-22
-16
-19
-6
-14
-8
-10
-28
-40
-31
-24
-26
-3
-5
-1
4
-9
-17
-14
-3
5
8
15
26
17
22
13
3
7
18
32
26
43
58
59
52
53
55
58
65
60
70
77
73
65
64
68
75
83
70
73
64
50
47
43
42
39
41
34
40
26
22
25
11
-1
10
6
-10
-17
-19
-21
-27
-24
-36
-41
-39
-48
-52
-47
-43
-38
-47
-44
-54
-58
-56
-66
-73
-74
-67
-60
-47
-60
-55
-48
-48
-58
-47
-44
-36
-33
-18
-23
-16
-9
-11
-2
-14
-8
-3
-1
-6
-8
-2
4
11
9
6
2
-9
-13
-9
-8
-14
-23
-13
3
0
6
6
16
3
-3
8
7
-1
7
17
14
31
31
37
37
39
31
34
46
30
45
36
47
56
45
67
52
56
57
64
78
70
69
65
56
44
34
32
42
28
20
9
-9
-16
-13
-13
-22
-14
-13
-29
-37
-29
-23
-39
-53
-53
-43
-45
-47
-54
-53
-49
-57
-46
-45
-46
-47
-38
-26
-20
-14
-23
-19
-15
-4
-1
5
13
15
10
8
9
-6
4
17
11
-1
15
5
-4
-4
-3
-2
13
22
14
4
-12
-17
-25
-18
-23
-14
-10
-18
-21
-9
-7
-12
-10
-24
-13
-8
-6
6
5
9
5
-3
-3
-7
1
-3
-5
10
8
17
42
56
56
45
51
45
49
52
53
57
50
32
43
35
26
35
29
16
10
11
2
-10
-5
-3
-7
-9
-10
-14
-4
-5
-22
-23
-25
-28
-35
-47
-45
-42
-43
-35
-44
-41
-31
-45
-51
-55
-57
-58
-54
-44
-44
-35
-18
-24
-24
-25
-11
-8
-11
-10
1
9
-1
13
29
32
46
52
47
38
37
26
20
24
25
25
23
25
21
15
9
11
7
-1
-1
2
-5
-8
-22
-21
-17
-11
-4
-1
2
4
-1
13
14
11
9
-1
5
13
21
25
30
24
21
21
37
43
51
51
54
49
48
65
59
61
53
52
41
34
28
12
12
7
1
-5
-6
-18
-33
-37
-34
-35
-30
-41
-50
-53
-57
-56
-65
-62
-64
-65
-68
-66
-71
-69
-63
-65
-56
-57
-47
-51
-53
-49
-46
-40
-28
-28
-18
-16
-14
-10
-11
0
-8
2
11
15
21
13
22
21
28
42
51
48
55
53
53
64
65
65
54
54
49
31
25
34
33
33
34
32
13
15
12
7
10
3
11
13
10
14
21
11
5
6
9
6
14
18
16
17
18
13
12
0
-6
-3
-3
5
6
6
-4
-15
-6
-1
-3
-6
-17
-11
-25
-29
-20
-16
-22
-36
-35
-34
-36
-31
-30
-30
-21
-13
-12
-21
-21
-17
-12
-19
-27
-26
-16
-13
-9
-14
-19
-7
-10
-18
-24
-22
-23
-23
-27
-25
-12
-4
-16
-8
-11
-24
-15
-23
-22
-17
-18
-15
-15
-2
0
-4
-4
8
23
28
24
22
25
26
14
6
13
26
35
33
44
44
51
39
26
31
34
33
41
33
31
31
30
32
30
30
31
30
25
22
23
23
27
28
26
16
16
14
-1
-12
-9
-5
-5
-4
-5
-9
-11
-12
-8
-8
-10
-14
-19
-22
-20
-23
-25
-21
-12
-10
-13
-10
-16
-13
-13
-11
-14
-8
-6
-6
-18
-27
-19
-15
-16
-20
-16
-16
-24
-21
-29
-26
-29
-34
-34
-23
-13
-25
-19
-29
-21
-22
-14
-11
-22
-21
-12
-6
-1
4
-1
-5
-9
-3
-2
5
-4
-6
-7
-7
6
7
3
2
-2
10
20
27
34
24
26
41
41
46
55
53
50
54
48
43
47
50
38
32
32
15
9
3
1
-2
6
-3
-11
-22
-25
-23
-38
-35
-37
-31
-24
-17
-18
-20
-27
-35
-39
-34
-30
-24
-16
-17
-14
-5
8
7
4
3
3
-7
3
12
8
4
0
13
11
9
12
15
20
11
12
16
8
11
6
9
9
7
4
5
14
17
14
6
8
4
1
-9
-20
-13
-21
-25
-20
-16
-12
-14
-17
-12
-16
-21
-14
-25
-16
-9
-10
-6
-2
-3
-2
6
12
9
11
15
19
23
26
33
29
37
37
42
46
51
51
42
44
43
41
35
28
25
20
23
16
9
12
11
6
1
-11
-15
-21
-21
-14
-21
-22
-28
-33
-29
-34
-37
-40
-38
-28
-31
-29
-26
-21
-26
-23
-26
-25
-22
-19
-16
-20
-23
-18
-22
-21
-20
-17
-17
-20
-13
-7
-7
0
-4
-3
-5
-7
-9
-10
-1
-2
1
12
7
15
11
1
0
-5
-7
-7
-11
-10
-6
-12
-15
-12
-11
-8
-8
-11
-8
-8
-2
-6
-2
-2
2
-1
-2
2
0
5
8
10
8
7
9
12
13
9
13
12
18
21
19
19
20
23
22
17
17
22
21
18
21
21
21
19
19
19
14
12
19
24
24
22
19
19
17
16
14
16
13
1
-1
2
4
7
14
11
14
9
9
8
4
5
6
10
10
15
16
17
18
12
14
11
12
6
5
5
5
-2
-5
-4
-7
-5
-7
-3
-11
-11
-13
-17
-13
-12
-14
-20
-26
-21
-14
-18
-21
-25
-32
-33
-38
-38
-39
-43
-41
-38
-31
-24
-26
-30
-30
-34
-30
-34
-31
-27
-26
-25
-27
-22
-19
-12
-11
-11
-6
-4
-3
2
3
5
7
8
11
11
14
12
12
13
13
10
14
14
14
15
16
14
18
22
13
15
12
11
9
16
19
10
8
5
5
12
8
3
4
6
0
-4
-4
-4
3
0
5
8
7
12
8
11
15
6
0
2
4
8
6
1
6
10
12
9
11
14
16
16
13
8
15
13
3
2
2
1
-2
-1
-2
-3
4
2
-1
1
7
3
5
7
10
14
14
15
12
14
13
8
8
12
10
14
17
12
7
5
6
-1
-3
-4
-5
-4
-4
-8
-5
-4
-9
-12
-14
-14
-14
-10
-11
-11
-7
-6
-13
-22
-20
-16
-21
-18
-8
-12
-13
-18
-21
-22
-20
-22
-18
-18
-14
-10
-5
-6
-4
-8
-14
-13
-16
-15
-11
-10
-12
-12
-16
-10
-10
-14
-8
-7
-9
-10
-6
-6
-2
3
5
10
8
10
9
7
6
5
7
8
9
10
11
12
15
10
15
15
15
10
11
11
8
13
16
16
10
13
14
9
14
10
6
2
3
0
1
-2
0
0
-6
-3
-5
-4
-4
-3
-3
-5
-8
-8
-9
-3
-4
-1
1
-3
0
-6
0
-3
0
7
7
5
8
7
10
8
8
8
7
19
18
13
12
13
8
8
6
6
13
12
16
8
6
7
0
3
3
6
10
14
15
14
12
6
1
1
-1
-4
-3
-2
0
-3
-7
-10
-9
-10
-12
-17
-21
-19
-20
-24
-21
-23
-19
-21
-14
-11
-12
-11
-8
-5
-4
-5
-5
-3
-4
-6
-2
5
2
2
6
5
1
-1
-3
-3
-1
-1
0
3
0
4
2
1
-2
-5
-6
-9
-8
-3
-2
1
-4
-4
-6
-11
-10
-9
-9
-6
-12
-16
-9
-11
-10
-7
-5
-5
-6
-5
-3
-1
3
0
1
5
6
2
5
8
6
8
9
9
9
4
7
6
6
4
8
9
8
13
11
12
15
14
13
12
13
9
6
7
4
4
4
3
7
8
6
6
3
3
1
1
0
4
2
6
9
7
3
1
2
-3
1
-1
4
7
5
2
-1
0
3
2
3
2
1
5
2
4
3
1
7
7
8
7
8
5
2
1
2
0
0
7
3
2
-1
-9
-10
-12
-11
-14
-12
-11
-14
-13
-16
-16
-17
-15
-13
-17
-18
-22
-20
-14
-11
-6
-3
-2
-6
-5
-4
-3
-1
-2
-1
-1
-3
-2
0
2
-2
-3
-3
-1
6
3
3
7
8
6
8
9
7
7
4
0
-3
2
2
4
4
2
2
-4
-4
-4
-5
-2
-3
-4
-3
-3
-5
-3
-5
-1
-1
-6
-5
-5
-1
-2
1
6
8
14
12
12
10
6
8
7
9
10
10
10
10
9
7
5
3
0
-4
-3
-4
-1
-1
-5
-6
-7
-8
-4
-4
-6
-6
-6
-7
-6
-8
-6
0
-5
-6
-9
-9
-6
-6
-3
0
-2
-1
2
4
3
9
10
9
11
9
8
9
8
9
9
6
7
12
11
15
14
13
15
13
14
13
9
5
11
9
5
8
6
5
3
1
-2
-3
-1
-1
-2
-7
-13
-10
-15
-17
-16
-15
-11
-15
-15
-14
-18
-20
-20
-19
-17
-17
-19
-16
-13
-9
-8
-9
-7
0
-1
2
0
4
5
6
8
1
3
1
5
3
2
4
0
2
6
9
10
11
15
14
8
5
7
4
3
2
-1
-1
2
3
3
0
0
-2
-3
-4
-6
-6
-4
-3
0
0
3
5
3
3
0
5
5
3
3
5
7
7
3
6
6
5
4
4
7
8
4
5
8
6
6
5
0
3
3
3
4
6
9
6
7
1
1
2
-3
-3
-4
-4
-3
-5
-8
-9
-9
-10
-11
-9
-10
-9
-10
-12
-10
-11
-11
-11
-12
-15
-15
-14
-15
-12
-12
-9
-8
-9
-11
-11
-9
-8
-8
-10
-7
-6
-3
4
6
6
9
11
11
8
8
8
7
5
2
5
9
12
14
12
11
9
6
7
7
6
3
6
7
6
8
5
4
2
2
1
1
3
0
2
1
2
2
4
2
1
4
6
5
4
2
1
3
0
2
2
4
4
5
6
6
3
2
1
1
3
2
8
9
9
11
9
9
11
9
4
1
0
-1
-1
-2
-2
-4
-7
-7
-7
-8
-8
-6
-7
-13
-10
-12
-12
-13
-13
-10
-12
-12
-10
-8
-7
-7
-6
-7
-6
-7
-7
-5
-6
-3
-3
-3
-4
-6
-5
-1
1
-2
-1
-1
-2
-1
1
-1
-3
-1
-1
-4
0
1
-1
-2
-3
-2
2
1
3
4
3
2
0
0
3
3
2
4
4
7
7
8
9
11
10
9
7
8
7
7
8
9
9
14
13
13
10
8
7
5
6
5
8
8
7
6
5
4
0
0
2
0
-1
-2
-8
-8
-11
-11
-11
-8
-12
-9
-9
-9
-8
-12
-9
-10
-7
-9
-7
-8
-6
-5
-6
-4
-3
-3
-5
-5
-7
-4
-6
-7
-6
-6
-4
1
2
1
-1
-4
-7
-8
-6
-3
-1
-1
2
1
1
0
3
4
4
7
7
6
5
3
2
2
3
5
8
6
4
6
8
6
4
6
6
7
7
5
6
4
6
7
6
6
6
3
5
5
6
3
4
5
5
5
5
6
4
0
2
3
3
6
5
7
7
5
2
2
2
2
2
1
0
0
-2
-3
1
0
-3
-7
-6
-8
-8
-8
-7
-9
-11
-12
-12
-9
-8
-8
-10
-10
-10
-12
-12
-10
-8
-9
-6
-5
-6
-5
-4
-3
-7
-4
-3
-2
-3
-4
-5
-2
1
1
-1
2
2
1
0
0
2
1
2
3
4
2
0
-2
0
2
2
3
3
2
-1
1
-1
0
1
2
4
1
6
7
5
5
4
7
7
7
5
5
8
7
9
7
8
9
6
4
7
6
4
4
4
7
4
4
2
0
0
-1
-6
-6
-3
-3
-5
-6
-4
-7
-7
-5
-8
-5
-5
-6
-3
-3
-1
-3
0
0
-1
-2
-1
-1
0
0
-2
-2
-2
-4
-4
-2
-2
0
0
2
-2
-3
-4
-7
-6
-5
-3
-5
-1
-1
-2
2
3
3
1
-1
-1
-1
0
1
3
5
6
5
3
3
2
1
0
1
3
3
2
1
2
1
-1
2
2
1
1
3
2
2
0
3
4
3
2
4
3
1
3
4
4
0
2
0
3
3
3
4
2
1
-1
-1
0
-3
-1
1
3
4
2
1
-1
2
-4
-3
-2
-1
-3
-5
-4
-4
-3
-5
-3
-3
-2
-4
-3
-3
-5
-4
-5
-4
-4
-5
-5
-3
-4
-4
-4
-5
-2
-2
-3
-3
-1
-2
-3
-3
0
2
3
0
-2
-1
-3
-1
-2
-2
-1
1
3
3
4
2
0
-3
0
0
2
2
2
2
3
5
6
5
4
4
5
2
5
6
6
5
5
4
5
5
1
0
0
1
0
-1
0
5
2
5
3
2
2
0
2
4
2
4
5
5
2
0
3
1
-2
-4
-3
-5
-4
-5
-5
-4
-4
-4
-5
-1
-2
-2
-2
-3
-2
0
-1
0
0
2
-2
-2
0
0
1
0
0
0
2
1
0
1
-1
1
0
-1
-3
-1
-1
-4
-3
-3
-2
-2
-2
-1
1
1
1
0
2
2
3
1
1
1
4
3
3
4
3
4
1
0
0
-3
-4
-4
-5
-5
-5
-2
-1
-2
-3
-5
-5
-4
-3
-2
-1
-3
-5
-6
-7
-9
-3
-1
-1
-1
2
1
1
1
-1
0
0
0
2
2
3
3
3
4
1
3
4
5
8
7
7
6
6
6
6
7
5
2
2
-1
-1
-1
-2
-2
-4
-5
-3
-3
-2
-1
-2
-1
0
0
0
1
1
-1
-2
-1
-1
-3
-2
-4
-5
-4
-5
-7
-5
-5
-6
-5
-4
-4
-4
-3
-2
2
1
4
3
3
4
2
4
3
4
3
4
4
3
5
4
4
2
4
4
4
6
7
7
6
5
3
3
3
2
3
4
3
4
4
4
2
0
0
-2
1
2
1
1
2
1
-3
-1
-2
-2
-2
-1
-1
-1
0
-2
-2
-1
0
0
2
0
-3
-3
-5
-3
-4
-3
-3
-3
-4
-6
-4
-5
-6
-5
-4
-3
-1
-2
-2
-3
-3
-3
-2
-1
-1
1
0
0
1
1
-2
-2
-4
-2
0
0
0
-1
1
1
3
3
2
1
1
-2
0
0
1
-2
-4
-2
-1
-4
-3
-4
-4
-1
-4
-2
-5
-1
0
-2
0
-1
-1
0
-1
0
0
-1
-3
-5
-5
-4
-2
1
1
0
2
1
0
1
0
4
3
4
5
3
2
3
1
1
2
4
3
3
3
2
2
2
0
2
3
2
3
2
4
1
1
2
4
4
4
3
2
4
2
3
3
3
4
2
2
3
2
1
3
1
4
2
0
0
-1
-3
-3
-2
0
0
1
3
3
3
4
4
4
2
3
5
6
7
6
6
4
3
2
1
2
3
1
1
0
-2
-4
-5
-5
-6
-3
-1
1
0
0
-1
-1
0
0
1
0
2
-2
-2
-2
-3
-4
-5
-6
-8
-6
-7
-3
-1
-1
-2
-3
-2
-4
-6
-5
-5
-7
-6
-5
-6
-5
-1
-4
-6
-7
-7
-7
-9
-5
-4
-5
-4
-8
-8
-6
-8
-8
-6
-7
-8
-4
-3
-3
-1
-1
0
0
-1
-1
-1
-1
-1
-1
0
0
-2
-1
-1
-1
0
1
0
2
2
4
7
8
7
6
5
5
4
5
6
7
7
8
8
7
6
4
4
4
4
5
5
6
7
5
7
5
5
7
9
8
10
8
7
8
6
6
5
6
6
6
4
4
5
4
3
4
4
5
4
4
2
-2
-3
-4
-2
-1
-2
-1
-1
-2
-5
-5
-5
-3
-2
-3
-2
-4
-3
-3
-3
-2
-4
-4
-4
-4
-3
-2
-3
-1
-1
-2
-2
-3
-1
0
-1
-3
-3
-3
-3
-2
-4
-4
-5
-6
-6
-6
-5
-5
-3
-3
-5
-6
-6
-7
-6
-6
-6
-4
-5
-4
-4
-5
-4
-3
-3
-3
-1
-1
0
2
0
-1
-1
0
-1
0
2
3
4
3
2
1
3
2
3
4
3
1
-2
0
0
-2
-1
0
0
2
4
2
1
2
2
3
3
4
4
4
5
5
3
2
2
3
5
6
6
8
6
6
4
4
3
2
1
2
1
1
0
0
-1
-4
-4
-3
-2
-2
0
0
0
-1
-1
-1
0
1
4
3
0
-1
-1
-3
-1
0
2
3
2
1
1
0
0
-1
-1
0
0
0
-1
0
0
-2
-2
-2
0
0
-1
0
2
1
2
-1
-3
-2
-3
-3
0
-1
0
0
-1
-2
-3
-1
-2
-3
-2
-5
-5
-4
-6
-6
-5
-2
-1
-2
-1
-2
-1
0
0
1
2
0
3
3
3
2
1
0
-2
0
-2
-1
-1
1
2
1
0
0
0
0
0
-1
-2
-2
-1
-1
1
2
1
0
-1
-1
-2
0
-1
1
2
2
2
0
0
-1
0
1
0
1
2
4
4
5
6
4
4
2
3
2
1
1
2
0
0
1
2
2
3
2
0
0
0
-1
-2
-1
-1
-2
-5
-5
-5
-6
-3
-3
-4
-3
-3
-6
-4
-4
-3
-3
-3
-3
-3
-3
-2
-1
-1
0
2
0
-3
1
2
1
0
0
-1
0
0
0
2
3
4
3
5
4
3
4
3
5
4
4
2
3
3
1
0
0
1
2
0
1
2
2
0
3
4
6
9
5
4
3
3
0
-1
0
1
0
0
1
-1
0
0
-2
-1
-2
-1
-1
1
1
0
1
0
-1
-1
0
0
1
0
1
1
0
-2
-3
-1
-1
-1
-1
-2
-3
-2
-1
-2
-1
-2
-4
-3
-4
-5
-4
-5
-5
-7
-7
-5
-3
-4
-3
-4
-5
-5
-5
-3
-3
0
0
-1
-1
0
-2
-1
-1
2
2
0
3
0
2
1
1
0
1
2
3
2
1
2
1
1
3
3
1
3
4
4
4
3
2
0
1
1
2
3
3
3
3
3
1
-1
-2
-2
-1
0
1
1
2
3
1
1
1
1
2
2
4
5
5
5
4
3
1
2
2
1
4
2
0
0
-1
-2
-2
-3
-2
-1
1
-1
0
-1
-3
-3
-3
-3
-3
-2
0
0
0
-2
-2
-1
-2
-1
-2
-1
-1
-1
0
-2
-3
-3
-3
-5
-4
-3
-3
-1
-3
-4
-5
-4
-3
-2
0
