3
3
2
1
2
1
1
2
3
4
2
2
1
2
2
1
2
2
2
1
1
1
3
3
3
4
4
4
4
5
5
5
6
5
5
4
3
3
3
3
2
3
4
1
1
2
0
-1
-2
-2
-2
-2
-2
-3
-3
-4
-3
-3
-3
-4
-3
-2
-1
0
-1
-1
-1
-2
-3
-3
-4
-3
-3
-2
-3
-3
-2
-3
-3
-4
-3
-3
-2
-2
-2
-2
-1
-1
0
0
0
2
2
2
2
1
1
1
0
1
1
1
2
4
2
2
2
1
1
2
3
5
3
3
3
3
3
1
1
0
1
0
0
0
-1
-1
-1
-2
-2
-2
-2
-2
-2
-1
0
0
1
2
2
2
1
0
0
-1
-1
-1
-1
-1
-1
-2
-2
-2
-3
-4
-3
-3
-5
-4
-5
-4
-4
-3
-2
-2
-2
-2
-1
-1
-1
-1
0
1
0
0
0
-1
-1
0
0
0
0
0
0
0
2
2
3
2
2
2
2
1
2
2
1
2
1
1
2
0
1
1
0
0
0
0
0
1
2
3
2
3
2
1
1
0
0
-1
0
0
1
-1
0
-1
-1
0
1
1
1
1
1
2
2
1
1
1
1
1
1
-1
-1
1
-1
0
1
1
1
2
2
1
1
0
1
0
0
0
-1
-1
-1
-2
-2
-2
-3
-3
-3
-3
-2
-1
0
1
1
2
1
2
3
3
3
4
4
4
3
4
3
3
2
2
1
0
-1
-1
-1
-2
-3
-1
-2
-2
-3
-3
-3
-3
-3
-3
-3
-2
-1
-1
-1
-1
-2
-1
-2
0
1
-1
-1
-1
-1
-1
-1
-1
-3
-3
-3
-3
-4
-3
-4
-3
-2
-2
0
-1
0
2
1
2
2
3
4
3
3
3
2
2
2
1
1
1
0
1
0
1
0
-1
-1
-1
-1
-1
-2
-2
-2
-3
-3
-3
-4
-2
-1
-2
-2
-1
-1
-2
-1
-1
0
0
1
0
1
1
1
1
1
0
1
1
1
0
0
0
0
-1
-1
0
0
1
1
1
-1
1
2
2
2
2
2
2
2
3
3
4
4
4
4
5
4
5
4
4
4
3
3
2
1
0
0
0
-1
-1
0
0
-1
0
1
2
1
2
3
3
2
3
3
2
2
0
0
-1
-1
0
-2
-2
-3
-3
-4
-3
-4
-4
-4
-4
-3
-3
-4
-3
-2
-3
-3
-2
-3
-3
-5
-3
-4
-3
-4
-3
-3
-3
-3
-3
-2
-3
-2
-1
0
1
1
2
2
2
2
1
1
0
1
1
0
1
1
2
1
2
1
2
2
1
1
0
0
0
0
1
1
1
1
1
2
2
2
2
3
3
3
3
3
4
4
3
4
2
3
3
1
2
1
1
0
0
1
0
0
-1
0
-1
0
-2
-2
-1
-1
-1
-1
-1
-1
-1
-1
0
0
0
-1
1
0
1
0
1
1
0
0
-2
-2
-2
-3
-3
-4
-3
-3
-3
-2
-1
-1
0
1
1
2
3
3
2
2
3
2
2
1
2
1
1
1
1
1
0
0
-1
-1
-2
0
-1
0
0
0
0
0
-1
-1
-1
-1
-1
-1
-2
-2
-3
-3
-1
-2
0
-1
0
1
1
1
1
0
1
-2
-1
-2
-3
-4
-3
-3
-2
-2
-2
-1
-1
0
-1
-1
0
0
0
0
1
1
1
2
2
2
1
0
0
-1
-1
-1
0
0
0
0
2
0
1
1
0
-1
-1
-2
-2
-2
-3
-2
-3
-2
-3
-3
-3
-1
-1
0
0
1
1
1
1
1
1
1
2
2
1
2
2
3
3
3
3
3
4
3
4
5
4
4
3
4
3
4
2
2
2
2
1
2
3
1
1
1
1
2
0
0
0
0
1
-1
-1
0
0
0
-1
-1
-1
0
-1
-1
0
0
-1
-1
-2
-3
-2
-2
-3
-3
-2
-2
-2
-3
-3
-3
-2
-2
-2
-2
-1
0
0
0
0
0
0
0
-1
-2
-1
1
0
1
-1
-1
-1
-1
-1
-2
-2
-1
-1
0
0
0
1
2
1
0
1
0
1
0
-1
-1
-1
-1
-1
-1
-1
0
1
1
2
2
2
2
1
0
0
0
1
0
0
1
2
2
2
1
2
0
2
1
1
1
1
2
2
1
1
1
1
1
1
-1
0
1
1
1
0
0
0
0
1
-1
0
0
0
0
0
0
-1
1
0
1
0
-1
-1
-2
-2
-2
-3
-2
-2
-2
-3
-3
-3
-4
-5
-5
-5
-4
-3
-3
-2
-1
-1
-1
0
0
-1
0
1
-1
0
0
0
-1
0
0
0
0
0
0
0
2
2
2
2
3
2
2
1
2
2
1
3
3
2
2
2
3
4
4
4
3
3
3
2
2
1
1
0
-1
-2
-2
-2
-3
-3
-3
-3
-3
-3
-2
-2
-2
-2
-2
-2
-1
0
0
0
-1
0
0
1
0
0
0
-1
-2
-2
-3
-3
-3
-2
-1
-1
-1
-1
0
0
0
0
0
0
-1
0
0
1
1
1
1
2
2
2
3
4
5
3
4
6
4
3
3
4
3
4
4
4
5
5
5
4
4
3
3
2
2
1
2
1
1
0
-1
-2
-2
-2
-4
-4
-3
-4
-4
-4
-5
-5
-6
-5
-4
-4
-3
-4
-5
-4
-3
-3
-3
-2
-1
-2
-2
-1
-1
-1
0
-2
-2
0
-1
0
0
1
1
1
1
2
2
3
3
2
2
3
3
3
2
2
2
2
2
2
2
2
2
2
0
0
-1
0
0
-1
0
0
0
0
0
0
1
2
1
1
1
0
1
0
2
0
0
0
-2
-1
-2
-2
-2
-3
-3
-2
-3
-2
-2
-2
-1
-1
0
-1
0
-1
0
0
-1
-1
-1
-1
0
0
-1
-1
0
0
0
0
0
-1
0
0
-1
0
0
0
1
1
1
2
2
1
1
2
2
1
0
-1
0
0
0
0
1
1
1
2
2
1
2
2
2
2
2
2
3
3
3
4
3
3
2
1
1
1
0
1
1
2
2
2
2
2
2
1
1
1
0
0
0
-2
-2
-1
-2
-2
-3
-3
-3
-4
-4
-4
-5
-4
-4
-4
-3
-3
-2
-2
-1
-1
0
1
0
1
2
2
2
1
1
2
1
1
1
1
0
-1
0
-1
-1
0
0
1
0
1
2
2
2
1
0
0
-1
0
1
-1
0
-1
-1
-1
-1
-1
-1
-2
-2
-3
-2
-3
-3
-3
-3
-2
-3
-2
-2
-2
-3
-3
-4
-5
-4
-4
-4
-3
-3
-2
-2
-2
-2
-2
-2
-1
-1
0
-1
-1
-1
-1
0
1
2
2
2
2
3
3
3
2
2
2
1
2
3
2
4
4
3
4
3
4
4
3
4
4
4
3
5
5
5
4
5
3
4
3
4
4
4
3
3
3
1
2
2
2
2
2
1
2
1
0
0
1
0
-2
-2
-2
-2
-3
-4
-4
-4
-4
-5
-3
-3
-3
-2
-1
-2
-2
-1
-2
-1
-1
-2
-2
-2
-1
-3
-2
-2
-3
-3
-3
-4
-3
-3
-4
-4
-3
-4
-3
-2
-1
-2
-1
-1
-1
-1
1
1
1
0
1
1
1
2
1
2
2
1
2
2
2
0
0
0
-1
0
2
0
0
0
-1
-1
-1
-1
0
2
1
1
1
0
-1
-1
-1
0
0
1
0
-1
-1
0
-1
0
0
0
1
2
2
2
3
1
0
2
1
1
1
0
-1
0
0
0
1
1
1
2
1
1
1
0
1
2
0
1
1
1
3
2
1
1
2
2
0
2
2
2
3
1
-1
-1
0
0
1
0
-1
-2
-3
-3
-2
-3
-3
-2
-3
-4
-3
-4
-3
-2
-2
-1
2
0
-1
0
1
2
2
3
3
2
1
3
1
1
3
2
2
0
0
0
0
0
0
0
3
2
2
2
3
1
-2
-1
-1
-1
-1
-1
0
0
-1
-2
-1
0
-1
0
0
-1
-1
0
-1
0
0
-3
-1
-1
-2
0
0
-1
-1
0
-3
-3
-2
-1
-3
-1
-1
-2
-2
-3
-2
1
0
1
3
2
1
1
0
0
0
0
-1
-3
-2
-2
-1
-2
-2
-3
-3
-2
-2
-1
-4
-4
-5
-3
-2
0
0
0
0
0
-1
-3
-1
0
0
2
-1
1
0
0
1
-1
1
1
1
1
1
0
1
0
1
0
0
1
4
4
5
5
4
3
4
6
4
4
7
4
5
4
2
2
3
1
-1
0
-1
-1
0
2
3
1
2
2
3
3
1
1
0
-1
0
-2
1
3
3
0
1
0
1
0
3
4
0
0
1
-1
-3
-2
-1
-4
-5
-4
-5
-7
-5
-2
-4
0
0
-3
-2
-1
3
0
2
-2
0
3
5
5
3
3
3
3
4
3
2
4
2
-1
-2
1
-3
-5
-3
-3
-4
-3
-2
-3
-2
-2
0
-3
-2
-2
-2
-2
0
2
3
2
-2
-2
-1
-4
0
-26
1
32
-19
-21
18
3
-26
0
9
-22
-19
22
6
-28
-3
14
-22
-24
29
5
-31
6
17
-16
-7
19
1
-16
7
14
-7
-6
12
5
-7
9
14
-3
1
14
-5
-16
10
18
1
2
15
1
-7
10
8
-9
-4
13
12
1
6
-22
-15
31
10
-3
11
19
1
9
16
-9
-14
10
24
-4
-4
5
2
2
11
1
-5
-9
-13
-9
-1
-17
-26
9
0
-24
1
6
-18
-2
19
-5
-8
17
21
2
7
25
-1
9
18
-6
-1
6
-3
-9
-1
-1
-16
0
8
-14
-10
12
-6
-18
-3
5
-9
-13
17
6
-36
25
5
-35
6
26
-45
-42
39
39
-28
-9
24
-7
-13
22
15
-45
-7
43
-9
-16
21
-6
-19
23
23
-55
-1
-10
-34
35
5
15
1
-1
13
-13
0
2
-22
13
39
21
-6
-3
19
-9
15
4
-28
-14
-3
11
-20
-44
27
-13
-48
16
-19
-39
2
-1
-15
12
20
33
19
15
4
9
-6
19
4
7
14
-6
-3
2
4
-26
6
7
-3
-9
5
-21
-21
16
2
-18
20
1
-23
3
-22
-18
11
32
8
14
-6
19
34
-3
30
0
10
16
25
0
-19
21
-14
19
3
-4
21
-26
-56
12
-9
-36
17
3
-21
-37
17
4
-50
-14
53
-16
-30
59
-13
-46
51
20
-36
31
38
-37
-5
35
-23
-20
16
27
-15
-39
42
-7
-77
46
24
-53
6
52
-36
-33
39
-12
-6
30
15
-13
-8
45
-6
-40
78
20
-65
69
41
-63
-5
48
-12
-46
40
46
-64
-10
32
-32
-27
44
-5
-63
50
6
-53
25
23
-56
16
38
-11
-5
-1
-36
29
-11
-17
46
-39
26
9
-2
-12
-10
-52
44
5
-35
32
6
-62
19
27
-27
-5
17
8
-31
-2
-5
-24
-42
36
14
-33
32
11
-41
-4
1
10
18
-13
30
-34
6
27
4
-11
10
65
-27
6
37
-10
-25
23
9
-6
-16
28
-8
-27
-9
19
-33
-1
26
-34
22
24
-36
3
-2
-8
-2
-4
17
-24
33
-7
3
1
59
-35
-38
44
-2
-44
13
12
-45
13
34
-4
-31
7
-2
17
10
-11
-36
41
27
-48
32
21
-22
-7
15
28
-3
-30
34
20
-44
12
-1
22
-4
-10
-15
24
-49
4
50
-35
27
-17
-2
73
10
-54
10
3
21
6
-4
19
-33
-41
39
16
-50
-44
42
-16
-32
28
-1
-10
-26
-14
3
-1
-28
29
-2
-28
38
-52
-18
58
42
3
24
-21
-46
-1
25
6
-59
30
24
-14
6
14
-67
-83
67
99
-42
-56
8
7
-7
18
59
-28
-45
19
31
27
-18
-29
10
35
43
-1
-12
-19
-19
28
32
-12
-18
27
-19
6
29
-60
-36
44
6
-37
-56
38
-17
-62
40
3
-30
2
39
-5
-23
2
13
22
15
31
15
20
-26
-27
47
27
-8
7
12
-19
11
-9
-10
-31
17
-23
20
53
-19
-53
-41
14
-14
16
34
-2
-41
21
14
24
-12
-7
8
44
7
-22
-2
-3
-4
3
13
56
7
-63
-3
-16
-45
12
22
-25
23
-3
-77
26
15
-72
19
48
21
-16
-5
28
2
-31
56
46
12
50
5
-25
6
14
-62
23
11
-15
-5
-4
-23
-15
-67
-12
22
-43
-49
7
-5
-66
8
16
0
-20
7
20
50
40
-18
-11
38
72
-37
-14
87
-8
-44
80
-3
-57
-49
5
-21
23
36
-24
-68
32
47
-82
6
65
-20
-72
91
43
-76
-28
33
9
1
25
25
-36
5
28
-46
5
55
-25
-49
48
112
-53
-81
70
15
-118
37
111
-7
-97
34
45
-92
-2
23
-59
23
70
-30
-65
7
10
-93
16
135
7
-144
77
53
-111
-3
63
-12
-13
85
32
-21
-40
6
-19
64
58
-4
-91
6
35
-92
24
19
-37
-26
-6
16
-36
-69
-14
-12
-11
107
17
-75
19
59
-58
41
123
41
-69
-21
62
-20
-30
16
9
-27
68
38
-43
-71
-16
-24
27
103
31
-64
-86
-33
2
6
11
25
35
-45
1
14
-77
-36
-1
53
95
56
15
-92
-87
24
11
39
95
74
-86
-73
46
-48
-162
11
65
43
47
20
-64
-151
-65
5
70
65
89
-65
-112
76
16
-55
5
58
61
67
51
10
-113
-66
-20
100
109
77
9
-117
-13
-1
-83
-41
81
31
2
12
38
-37
-142
-72
74
135
56
70
6
-51
-32
-38
25
82
100
-3
0
-3
-98
-111
15
21
27
59
71
-49
-129
-67
-56
-30
90
122
55
36
-63
-124
-51
59
-29
7
69
59
-85
-48
14
-49
-81
44
138
41
1
-18
-133
-47
48
66
48
34
-25
-70
-36
26
-1
-78
-47
-17
31
29
32
-68
-92
26
-17
14
47
13
-66
-62
45
49
22
-86
-29
34
7
32
-4
-21
-11
-42
-21
71
41
-21
-26
75
32
-5
31
41
27
-18
49
-10
-48
44
8
-47
6
-3
1
83
27
-52
-17
34
41
21
16
-12
-15
-45
31
71
-31
-64
-2
18
-4
40
7
-46
-73
-31
14
3
-23
-9
-59
-19
102
10
-12
-19
-20
21
81
74
-16
18
-22
-95
12
119
27
-73
-63
54
48
20
-42
-93
-37
70
49
-6
-46
5
-11
-83
49
98
9
1
3
-16
38
40
26
-40
-7
49
41
4
-49
-36
-3
-4
-8
13
52
9
-64
-43
-43
28
79
-15
-54
-50
-42
24
-54
-65
9
19
-51
11
48
-59
64
-16
-43
5
72
99
6
-60
10
10
-39
28
-25
-36
41
50
-27
-49
-29
-29
-130
-58
109
64
-15
-29
-10
-3
-53
24
10
-21
123
90
-52
-102
-26
2
-79
10
141
-2
-6
84
-27
-137
-89
50
31
58
43
-1
8
-7
-8
-37
-110
30
148
81
27
-49
-145
-58
106
68
-71
-34
126
98
-11
-85
-104
-73
-29
125
151
-4
-62
-86
-91
12
28
-50
57
-29
60
54
-31
0
-93
-46
22
176
87
-35
55
-42
-145
24
17
133
-22
-31
43
-24
3
17
-35
-84
-2
52
154
46
48
-206
-110
36
77
113
-15
6
19
3
14
-1
6
40
-48
35
111
42
27
-48
-62
-129
23
123
71
-6
-150
-105
-68
93
36
-126
-108
8
96
35
-55
-42
-80
-28
77
5
65
-42
32
20
-89
-61
31
75
55
-55
-47
40
7
43
-66
28
-26
-65
-30
55
18
-22
17
-77
-54
-34
83
17
-18
-38
-7
48
100
24
-26
-106
-15
101
78
117
-9
-68
-1
6
67
34
-60
-79
-22
82
29
-49
-5
11
-143
-109
-2
110
26
-13
-76
-112
16
63
32
-53
-49
-47
37
126
101
-72
-179
6
126
49
60
-10
-91
-39
55
46
-18
-50
-35
38
59
89
-99
-78
-7
-3
-60
27
53
70
-2
2
-64
-86
6
60
167
5
-31
-52
76
100
3
-124
-56
48
130
93
20
-29
-71
-20
-26
82
25
-12
-8
40
61
-10
-91
-78
8
46
91
28
-16
44
33
-48
-61
-28
0
88
107
-3
-89
-47
-9
-76
-117
43
60
-28
32
-37
-56
-105
-96
38
89
47
18
-7
-26
-41
14
-32
-2
53
28
58
28
-12
-83
-47
4
3
1
82
49
20
-77
-51
43
-12
-4
-35
24
3
54
38
-32
-46
-47
-66
-13
123
96
-27
-77
7
-3
-44
-72
35
61
52
43
-22
-106
23
37
-58
-25
39
22
10
70
-8
-132
-129
34
89
27
-23
-47
-77
-15
25
-59
-81
6
21
36
-17
-71
-22
17
-15
26
17
-18
11
41
12
-59
-7
-30
-43
44
181
31
-71
-48
-5
15
103
91
-54
-4
62
25
31
9
-101
-66
21
159
66
-19
-7
-31
-47
-27
21
45
78
50
-22
-64
-47
-52
4
67
72
-33
-30
34
39
-10
-39
-54
26
67
28
82
3
-109
-138
-26
90
83
8
35
23
-25
-52
-57
-18
14
66
38
21
44
5
-38
-49
-47
-25
81
141
81
-59
-151
-63
-1
30
45
17
40
103
-8
-56
-52
-88
-165
-68
101
154
62
-52
-129
-172
-55
44
75
43
31
34
29
9
-83
-145
-64
17
85
121
68
-51
-102
-67
-97
-47
17
91
115
58
1
-77
-119
-83
-18
-9
60
122
107
38
-31
-93
-83
-32
23
87
71
76
22
-13
-52
-124
-95
-7
124
109
24
8
-56
-116
-66
-1
17
48
55
38
13
46
-52
-111
-38
62
99
85
86
7
-72
-65
-64
-46
47
101
88
55
-18
-66
-44
-33
-58
-12
78
160
97
-41
-90
-101
-74
-30
22
90
98
36
10
-28
-12
-74
-114
-39
62
115
62
13
-28
-109
-104
-17
66
86
17
-3
41
14
-38
-76
-91
-72
9
110
78
24
-23
-65
-16
-15
-9
-3
-9
53
39
7
-34
-34
-56
-48
-7
-6
8
26
21
-59
-46
0
-18
50
69
29
2
18
31
-27
-61
-46
-11
3
47
24
-9
2
-14
-16
27
22
-18
44
41
-23
-11
12
22
28
9
6
-2
-1
30
8
32
18
7
24
45
54
-16
-33
20
4
25
44
-28
20
-12
-23
6
-1
3
-17
-8
-8
7
-20
-85
-32
10
-32
-34
-29
7
-44
-74
-39
-12
11
-8
-70
-63
-21
-13
-33
-1
29
-47
-67
-34
-8
38
21
-49
-33
-5
-25
56
47
9
23
-11
-8
20
54
16
-1
9
-6
-3
10
22
-13
-3
12
-4
14
32
0
-2
9
39
59
78
36
15
1
1
62
43
37
50
31
-5
5
-7
-6
-2
10
20
-10
-5
16
-33
-30
-18
28
56
23
7
-16
14
-26
-44
-19
31
16
26
45
7
-38
-84
-93
-61
-8
33
11
-2
7
-57
-86
-61
-53
-70
-48
52
42
-49
-92
-124
-129
-91
-19
-9
25
39
-12
-29
-14
-14
-30
17
57
26
27
61
50
10
-7
-9
45
114
90
64
71
33
18
50
84
73
103
129
105
91
82
83
64
50
57
101
115
72
58
51
63
55
22
59
80
73
44
-4
14
27
-25
-22
-21
5
13
20
17
-59
-69
-55
-79
-86
-86
-73
-66
-62
-94
-158
-122
-165
-139
-139
-147
-112
-102
-159
-190
-135
-142
-157
-167
-127
-122
-138
-132
-201
-209
-169
-205
-182
-206
-250
-261
-278
-288
-289
-261
-255
-231
-193
-183
-184
-156
-102
-49
58
195
265
310
355
434
538
657
756
813
850
815
831
786
766
731
652
583
554
493
369
258
140
12
-100
-164
-201
-202
-215
-243
-370
-411
-428
-391
-374
-282
-215
-126
-53
-29
32
0
34
104
160
199
253
320
310
246
185
175
169
118
70
65
55
-24
-167
-323
-347
-417
-488
-484
-471
-536
-698
-958
-1172
-1247
-1039
-643
-390
-510
-853
-996
-991
-845
-809
-710
-472
-61
281
309
121
-94
-98
189
712
1127
1305
1339
1265
1095
879
812
1025
1256
1385
1220
878
552
333
172
-50
-175
-218
-198
-182
-202
-376
-670
-836
-778
-704
-547
-306
-100
-54
-145
-301
-308
-79
207
475
599
640
578
510
471
552
628
667
775
812
706
527
419
284
133
16
-53
-42
-52
-226
-453
-677
-829
-808
-747
-720
-725
-761
-804
-788
-774
-810
-747
-598
-483
-535
-707
-921
-983
-731
-238
26
-122
-487
-791
-772
-632
-632
-622
-432
-49
286
278
41
-211
-172
229
737
1191
1455
1520
1385
1108
920
985
1210
1524
1670
1466
1027
664
402
180
21
-120
-202
-291
-288
-416
-654
-887
-1026
-986
-913
-735
-445
-190
-184
-290
-412
-393
-101
297
641
811
862
750
706
750
851
1049
1198
1163
957
793
679
591
497
359
233
102
-11
-126
-338
-583
-829
-909
-902
-891
-909
-982
-1006
-1080
-1112
-1041
-873
-718
-565
-447
-433
-547
-653
-829
-863
-645
-312
7
62
-161
-621
-937
-958
-788
-645
-509
-319
-94
-61
-250
-444
-474
-211
278
814
1151
1279
1187
981
805
837
1132
1533
1752
1646
1251
851
555
329
188
99
121
85
-20
-270
-580
-785
-931
-963
-856
-663
-454
-307
-285
-365
-399
-321
-75
262
520
706
800
868
870
887
1004
1167
1298
1329
1235
1105
1014
889
734
593
448
295
168
48
-201
-504
-739
-902
-1033
-1095
-1064
-1068
-1119
-1265
-1355
-1303
-1162
-969
-828
-739
-663
-596
-570
-470
-439
-468
-423
-423
-351
-263
-145
-53
-120
-274
-508
-707
-700
-524
-389
-363
-322
-275
-250
-227
-278
-208
114
552
869
967
994
1000
1018
1047
1186
1380
1510
1493
1282
971
710
534
427
390
288
89
-210
-430
-551
-565
-572
-634
-714
-760
-681
-561
-434
-317
-242
-181
-121
51
322
573
755
781
741
805
962
1115
1203
1201
1079
956
894
851
786
630
471
259
19
-185
-374
-499
-574
-704
-892
-1055
-1136
-1191
-1207
-1168
-1104
-1042
-1023
-984
-929
-837
-694
-495
-338
-252
-194
-227
-350
-459
-466
-367
-205
4
92
-64
-366
-635
-759
-694
-523
-417
-348
-268
-246
-339
-410
-413
-268
62
497
834
1030
1028
941
856
846
1058
1411
1634
1629
1378
1001
670
416
339
332
319
234
49
-225
-480
-668
-738
-745
-702
-549
-355
-232
-329
-379
-324
-153
50
320
557
693
750
762
810
830
880
932
998
1059
1095
1027
839
623
391
215
207
186
119
-52
-316
-608
-843
-911
-887
-830
-850
-952
-1068
-1144
-1092
-1013
-903
-774
-703
-648
-531
-411
-322
-284
-336
-454
-579
-613
-529
-350
-210
-194
-322
-536
-763
-842
-742
-611
-543
-533
-537
-543
-491
-422
-291
-141
50
323
618
842
928
944
929
989
1231
1509
1652
1596
1355
1048
836
759
801
816
691
401
18
-321
-508
-529
-463
-403
-413
-505
-577
-590
-550
-396
-200
1
162
300
369
414
461
496
593
744
876
939
941
907
810
687
601
560
625
670
548
296
57
-130
-298
-359
-380
-456
-598
-779
-906
-966
-977
-924
-921
-949
-925
-918
-893
-813
-710
-630
-556
-494
-453
-504
-598
-669
-671
-598
-429
-264
-179
-257
-490
-730
-811
-663
-471
-321
-211
-223
-323
-385
-351
-220
-9
267
500
675
746
730
745
811
993
1230
1469
1529
1360
1066
847
747
749
781
747
558
264
-29
-235
-311
-251
-242
-325
-360
-417
-397
-316
-176
-66
-13
51
138
216
327
393
460
530
571
687
801
840
767
637
607
636
679
674
546
370
157
-15
-144
-196
-258
-361
-545
-730
-858
-951
-929
-934
-973
-1043
-1088
-1073
-1029
-977
-889
-788
-695
-643
-608
-539
-507
-510
-515
-488
-367
-200
-135
-67
-148
-288
-379
-404
-341
-275
-275
-373
-446
-434
-342
-266
-181
-99
6
151
309
448
585
652
720
870
1073
1272
1321
1230
1087
960
926
975
1022
974
745
408
164
3
30
120
166
88
-112
-305
-418
-349
-204
-25
124
127
43
-11
43
156
273
414
562
656
637
565
510
485
532
627
715
698
578
348
150
27
-50
-50
-111
-250
-436
-579
-685
-750
-802
-821
-856
-904
-929
-954
-966
-892
-867
-837
-767
-682
-577
-536
-508
-508
-485
-501
-511
-454
-341
-306
-316
-341
-397
-490
-582
-605
-596
-587
-574
-549
-514
-456
-460
-446
-368
-151
91
283
420
497
577
708
889
1110
1281
1352
1295
1187
1154
1165
1187
1141
963
719
542
437
349
322
291
153
-51
-223
-273
-223
-146
-85
-98
-95
-103
-104
-50
-17
104
251
373
451
474
450
426
468
590
697
693
599
461
377
330
252
196
157
49
-115
-253
-390
-496
-552
-587
-633
-677
-685
-695
-737
-793
-786
-692
-588
-515
-481
-487
-446
-356
-319
-362
-425
-472
-446
-367
-281
-229
-278
-464
-642
-717
-670
-601
-583
-654
-741
-811
-781
-671
-551
-465
-399
-262
-98
45
190
361
547
749
932
1103
1171
1204
1158
1168
1228
1271
1263
1149
964
737
560
446
412
409
348
186
-42
-212
-332
-319
-181
-68
-54
-114
-213
-288
-252
-142
32
151
188
153
110
133
265
409
449
453
426
362
329
349
387
397
345
238
84
-29
-103
-143
-115
-99
-176
-326
-427
-486
-496
-469
-439
-456
-468
-479
-506
-499
-481
-426
-383
-417
-571
-680
-685
-586
-483
-470
-514
-597
-695
-778
-818
-823
-775
-784
-807
-807
-755
-688
-643
-576
-447
-307
-136
40
147
293
481
686
873
1054
1110
1084
1085
1162
1289
1342
1302
1100
876
735
702
671
609
511
325
128
-57
-175
-181
-125
-5
27
-17
-95
-187
-205
-126
21
168
253
248
211
177
184
316
396
450
454
426
430
454
483
418
343
270
227
199
192
148
50
-71
-161
-189
-201
-235
-316
-383
-459
-521
-526
-507
-481
-497
-524
-522
-495
-479
-516
-638
-726
-709
-587
-452
-423
-565
-791
-874
-836
-758
-736
-753
-854
-959
-973
-911
-804
-725
-676
-591
-461
-280
-130
-48
31
201
458
743
888
902
900
942
1060
1179
1303
1283
1107
896
770
796
818
744
570
373
262
180
120
34
-62
-93
-34
15
-17
-58
-123
-178
-113
45
200
240
195
141
169
278
397
470
457
442
439
476
532
555
509
405
319
278
272
284
232
116
-19
-105
-189
-272
-302
-321
-349
-387
-447
-516
-535
-529
-530
-511
-489
-482
-554
-640
-691
-672
-550
-453
-495
-689
-833
-798
-681
-640
-727
-922
-1057
-1046
-945
-866
-821
-816
-835
-791
-689
-562
-418
-296
-197
1
281
567
720
752
725
802
993
1243
1402
1352
1216
1088
1039
1092
1123
1031
877
704
589
511
391
268
164
141
213
243
189
41
-105
-175
-122
17
138
159
99
52
57
165
265
284
278
292
332
375
411
393
321
276
281
306
296
244
167
89
12
-54
-106
-131
-173
-213
-265
-325
-393
-471
-484
-459
-427
-396
-410
-477
-552
-635
-713
-756
-695
-579
-561
-658
-849
-965
-905
-822
-842
-993
-1136
-1135
-1015
-903
-873
-947
-1014
-927
-739
-557
-403
-274
-203
-85
152
450
674
759
801
880
1027
1132
1205
1214
1206
1116
1017
981
1010
972
828
652
500
419
372
301
241
186
154
109
72
49
12
6
-3
36
143
224
203
148
138
215
329
400
453
446
428
397
379
387
434
494
477
452
360
251
165
139
150
141
88
-10
-130
-213
-248
-301
-377
-416
-444
-453
-436
-426
-480
-541
-606
-678
-679
-681
-673
-679
-633
-644
-745
-928
-993
-908
-777
-749
-899
-1057
-1125
-1029
-920
-863
-857
-827
-743
-612
-452
-298
-170
-75
58
302
586
737
775
786
873
1020
1096
1155
1161
1164
1059
907
824
815
805
697
558
420
353
269
192
151
136
170
161
109
54
11
-6
15
91
154
184
152
114
127
203
293
283
286
301
336
352
373
418
400
339
294
296
274
283
269
215
158
85
12
-41
-60
-70
-89
-148
-230
-289
-318
-327
-344
-382
-425
-433
-440
-474
-515
-545
-611
-654
-631
-605
-606
-705
-849
-915
-880
-836
-888
-1005
-1080
-1053
-958
-886
-916
-965
-949
-830
-631
-426
-306
-242
-163
8
247
501
627
672
698
800
925
1012
1063
1029
997
932
870
825
801
760
648
503
373
313
275
239
223
180
128
75
26
23
64
106
167
229
258
207
178
199
283
372
444
440
407
395
412
471
523
533
502
436
380
357
357
389
374
305
206
126
84
56
23
-9
-94
-199
-287
-306
-243
-232
-293
-393
-464
-485
-452
-466
-496
-584
-706
-745
-727
-692
-707
-828
-958
-999
-980
-998
-1104
-1253
-1271
-1161
-1037
-1014
-1108
-1157
-1053
-817
-576
-380
-277
-213
-90
104
389
637
731
749
795
942
1092
1162
1087
1022
1034
1068
1022
875
764
741
704
561
413
327
293
260
215
227
189
104
31
36
150
261
240
144
107
182
297
337
333
344
357
379
380
390
458
491
449
400
411
399
344
283
238
223
186
145
76
27
-11
-82
-154
-202
-208
-235
-295
-352
-404
-408
-430
-461
-501
-520
-518
-554
-599
-634
-720
-817
-817
-762
-691
-771
-975
-1085
-1032
-970
-1000
-1135
-1187
-1086
-956
-948
-1007
-1022
-910
-669
-437
-263
-180
-124
-45
139
449
752
902
884
864
951
1096
1214
1195
1162
1154
1145
1033
843
719
687
671
587
445
287
159
94
115
222
259
166
25
6
132
261
296
232
212
269
350
362
352
375
389
424
456
480
495
482
445
416
423
412
354
282
246
269
291
242
95
-23
-64
-95
-115
-142
-156
-223
-305
-407
-444
-436
-463
-457
-451
-464
-511
-556
-615
-649
-696
-756
-753
-683
-625
-681
-878
-1093
-1102
-966
-863
-919
-1082
-1197
-1150
-1053
-976
-937
-893
-776
-616
-465
-349
-242
-159
-51
180
447
635
723
720
781
873
976
1010
988
1003
962
876
789
711
648
597
507
426
397
351
280
191
156
178
182
187
191
239
292
301
307
331
361
382
367
363
450
560
564
488
395
372
416
465
490
467
423
356
318
311
315
320
259
155
80
59
46
-2
-49
-104
-179
-248
-296
-313
-315
-304
-338
-396
-460
-490
-538
-560
-542
-561
-616
-769
-857
-866
-810
-778
-831
-950
-1019
-1020
-1044
-1126
-1205
-1226
-1127
-979
-925
-973
-988
-910
-722
-488
-309
-137
-45
20
136
341
580
744
812
878
959
1043
1044
1032
976
907
948
913
863
698
571
543
568
521
404
298
244
299
398
433
369
223
180
247
428
538
553
471
374
363
407
478
520
514
485
468
447
391
353
344
386
404
375
297
208
177
118
92
46
-8
-57
-107
-183
-246
-299
-376
-408
-440
-449
-465
-497
-507
-568
-638
-671
-661
-611
-573
-609
-688
-807
-914
-927
-840
-768
-813
-982
-1141
-1150
-1075
-1016
-1032
-1104
-1105
-1001
-914
-849
-807
-716
-554
-405
-281
-159
-29
122
283
467
657
782
819
841
928
1059
1161
1162
1047
925
919
947
951
834
696
648
663
636
559
444
374
402
494
536
517
423
365
363
423
518
539
461
352
351
413
456
442
388
329
254
238
287
364
407
351
189
45
-2
49
148
170
87
-63
-192
-283
-305
-231
-154
-173
-270
-387
-464
-482
-464
-440
-424
-450
-521
-574
-601
-574
-563
-585
-667
-790
-870
-899
-866
-844
-859
-911
-986
-1058
-1068
-992
-903
-898
-956
-1022
-978
-856
-736
-663
-609
-542
-451
-327
-196
-31
115
236
362
473
602
722
813
895
964
1032
1027
996
990
1038
1070
1000
873
807
805
797
751
680
652
657
622
567
532
540
572
576
568
539
487
425
378
412
474
467
369
247
216
242
276
260
228
184
125
79
60
67
92
99
65
-27
-101
-120
-113
-108
-84
-93
-168
-282
-367
-394
-342
-319
-337
-404
-508
-577
-624
-627
-605
-582
-636
-743
-843
-944
-966
-910
-883
-910
-997
-1047
-1043
-1035
-1047
-1022
-959
-923
-980
-1054
-1007
-875
-761
-700
-656
-577
-456
-329
-190
-53
69
206
342
493
635
760
858
939
1032
1099
1119
1131
1165
1177
1164
1070
1018
1037
1041
976
811
714
743
758
657
530
449
463
538
557
510
404
322
306
370
463
474
400
294
304
386
411
311
197
211
282
307
247
189
160
148
118
75
90
71
40
-17
-80
-140
-216
-319
-387
-340
-289
-347
-517
-680
-730
-719
-677
-700
-758
-816
-930
-1026
-1062
-1029
-951
-938
-1032
-1121
-1141
-1117
-1071
-1042
-970
-927
-957
-1006
-998
-866
-745
-714
-716
-669
-537
-433
-370
-328
-221
-50
75
154
237
375
518
672
768
870
956
1002
1080
1164
1237
1277
1231
1138
1125
1165
1131
1014
884
841
850
805
708
611
571
562
553
528
486
455
415
386
397
432
480
463
433
407
426
427
386
380
365
349
264
175
129
121
97
32
-50
-135
-172
-215
-257
-298
-335
-380
-447
-518
-578
-625
-667
-694
-719
-742
-776
-860
-917
-936
-928
-907
-886
-889
-900
-896
-908
-904
-845
-796
-789
-778
-784
-797
-803
-780
-714
-612
-606
-644
-649
-578
-476
-447
-473
-447
-336
-215
-160
-177
-165
-53
127
253
306
356
461
587
694
807
916
996
1053
1082
1111
1172
1217
1223
1224
1130
1095
1057
1031
1038
981
931
891
818
741
688
649
667
727
726
639
513
431
463
517
542
485
419
336
271
236
220
196
130
41
-56
-121
-155
-171
-227
-301
-364
-448
-502
-567
-589
-599
-652
-713
-773
-791
-803
-836
-866
-916
-903
-884
-873
-898
-910
-891
-898
-880
-849
-783
-781
-809
-815
-799
-737
-695
-671
-655
-633
-617
-621
-626
-554
-397
-309
-328
-384
-382
-287
-233
-249
-283
-212
-85
-43
-78
-89
17
190
300
361
418
526
628
721
828
941
1032
1068
1120
1187
1288
1352
1349
1338
1345
1355
1255
1207
1236
1305
1274
1086
953
925
901
821
693
632
633
587
455
301
192
180
186
164
126
55
-67
-220
-259
-226
-213
-289
-422
-482
-481
-513
-593
-666
-675
-671
-724
-830
-888
-906
-886
-901
-952
-955
-959
-979
-980
-961
-914
-895
-897
-909
-876
-825
-784
-775
-748
-683
-636
-627
-621
-571
-477
-414
-393
-375
-331
-268
-252
-236
-217
-134
-47
-45
-101
-151
-107
-23
31
10
-24
-9
42
106
132
161
209
280
393
499
591
662
751
839
945
1081
1199
1301
1363
1438
1473
1495
1496
1481
1467
1419
1372
1298
1211
1104
1056
1011
929
776
595
483
459
444
347
190
33
-72
-124
-152
-179
-260
-353
-433
-492
-525
-560
-617
-650
-667
-701
-757
-827
-879
-901
-892
-886
-880
-948
-1008
-1001
-983
-952
-960
-960
-947
-929
-910
-892
-849
-816
-784
-741
-694
-649
-589
-517
-453
-411
-346
-274
-202
-136
-127
-128
-115
-77
-41
-23
-17
9
-13
-51
-58
-37
15
19
-23
-39
16
94
100
37
1
67
185
280
283
287
366
484
593
672
753
855
990
1105
1203
1283
1334
1355
1392
1459
1505
1492
1416
1350
1292
1215
1144
1043
969
833
670
506
368
275
183
63
-69
-173
-239
-303
-400
-491
-539
-563
-602
-678
-759
-788
-801
-793
-781
-794
-827
-898
-948
-976
-941
-892
-887
-925
-929
-905
-879
-875
-861
-802
-750
-703
-663
-636
-593
-533
-479
-435
-388
-338
-288
-236
-184
-134
-122
-86
-62
-30
29
37
33
29
22
37
51
85
106
103
92
64
57
70
135
195
223
216
200
230
292
369
372
349
354
432
527
590
604
641
712
812
882
903
921
956
1001
1030
1052
1051
1068
1059
1034
1010
970
880
761
643
544
496
414
262
102
1
-54
-132
-269
-388
-426
-423
-473
-573
-655
-662
-630
-621
-669
-755
-788
-783
-772
-748
-737
-732
-763
-787
-777
-732
-724
-734
-750
-745
-732
-720
-696
-664
-599
-544
-523
-510
-501
-454
-410
-361
-305
-261
-235
-208
-138
-84
-61
-41
-22
24
57
101
156
196
228
219
229
248
296
319
363
403
434
436
408
424
456
508
516
519
539
555
545
522
551
601
621
549
441
435
507
546
497
402
383
464
518
503
460
458
476
492
485
478
478
471
460
456
457
412
331
228
170
157
95
-4
-158
-235
-233
-239
-307
-459
-550
-564
-568
-607
-666
-709
-745
-739
-773
-770
-787
-797
-794
-803
-756
-716
-727
-779
-747
-689
-630
-608
-631
-610
-561
-515
-476
-439
-400
-354
-339
-337
-289
-236
-169
-118
-117
-65
-2
61
111
171
243
289
311
339
421
486
519
537
552
605
639
647
639
658
702
713
716
709
704
696
680
652
611
600
583
552
542
484
449
402
359
302
229
147
88
85
65
8
-75
-99
-68
-52
-73
-110
-109
-72
-29
-22
-25
-1
11
36
56
81
96
78
53
-32
-66
-77
-97
-147
-213
-267
-305
-368
-457
-522
-575
-590
-601
-614
-664
-723
-762
-747
-687
-643
-647
-684
-691
-639
-561
-515
-503
-508
-496
-476
-454
-406
-347
-319
-305
-274
-205
-145
-90
-37
19
73
111
132
170
251
348
428
461
496
531
565
611
672
723
754
768
763
772
802
829
830
799
790
775
734
686
659
648
590
495
405
331
289
254
207
128
38
-77
-160
-177
-164
-202
-294
-353
-363
-333
-363
-426
-452
-400
-308
-271
-278
-297
-257
-183
-112
-53
-19
0
24
59
96
111
81
45
7
-4
-19
-71
-132
-189
-241
-309
-361
-396
-428
-452
-480
-523
-557
-576
-581
-572
-568
-545
-541
-529
-525
-512
-494
-463
-424
-395
-368
-335
-290
-240
-189
-145
-99
-57
-8
37
95
160
223
280
329
382
430
495
549
616
668
718
743
748
763
792
811
822
815
785
760
731
695
657
621
575
515
464
419
363
297
231
160
96
12
-61
-103
-135
-149
-190
-262
-340
-384
-379
-366
-386
-450
-505
-523
-503
-489
-500
-502
-476
-408
-365
-355
-347
-301
-217
-140
-91
-71
-52
-23
11
48
87
105
81
30
-8
-20
-19
-44
-95
-135
-197
-258
-292
-306
-321
-354
-396
-433
-444
-442
-435
-427
-427
-420
-411
-371
-319
-281
-264
-255
-221
-163
-97
-55
-11
53
130
197
249
307
372
457
526
545
583
630
655
673
676
711
755
785
764
726
712
706
699
668
639
611
588
538
476
423
359
302
236
181
135
89
43
-17
-58
-111
-149
-188
-251
-307
-353
-369
-389
-403
-439
-471
-499
-524
-528
-519
-514
-540
-550
-545
-530
-509
-492
-469
-443
-423
-400
-368
-342
-281
-234
-198
-158
-117
-59
-19
-7
-14
8
17
20
6
4
8
-19
-70
-135
-164
-180
-188
-208
-229
-235
-244
-246
-245
-230
-207
-191
-190
-167
-114
-55
-5
14
42
98
164
228
276
337
398
434
482
525
580
627
650
653
664
702
713
702
679
674
658
620
597
561
539
493
446
395
350
308
293
253
194
136
68
17
-13
-34
-80
-129
-185
-228
-253
-291
-317
-343
-349
-370
-415
-459
-472
-439
-405
-419
-464
-506
-515
-501
-484
-477
-518
-531
-512
-488
-469
-468
-466
-430
-354
-299
-278
-266
-225
-182
-137
-80
-63
-36
-14
9
33
60
69
52
39
35
48
41
28
6
-12
-8
-37
-64
-64
-32
10
7
0
17
56
111
161
202
249
286
328
356
378
412
426
432
441
455
470
471
479
478
483
479
465
468
457
446
419
412
396
382
343
291
256
232
216
170
127
98
63
25
3
-11
-53
-109
-171
-228
-247
-261
-288
-309
-319
-339
-338
-349
-352
-348
-353
-354
-362
-352
-345
-349
-350
-341
-331
-334
-366
-396
-395
-370
-350
-380
-419
-426
-414
-398
-390
-374
-360
-362
-366
-361
-313
-255
-196
-153
-140
-107
-56
-22
10
60
113
153
168
177
203
245
275
286
285
298
305
310
305
307
333
346
339
324
329
358
377
367
358
358
378
393
388
392
390
376
329
285
276
298
307
292
261
242
234
218
214
197
181
150
115
89
73
59
38
13
-35
-61
-81
-104
-128
-144
-167
-180
-190
-197
-209
-220
-212
-207
-228
-241
-245
-240
-232
-226
-226
-233
-226
-238
-230
-214
-199
-207
-201
-206
-210
-207
-211
-217
-256
-286
-318
-350
-370
-368
-390
-413
-431
-440
-417
-420
-409
-396
-376
-346
-306
-254
-190
-136
-80
-21
34
105
150
200
251
297
361
416
443
456
465
463
468
462
460
459
465
462
448
441
425
410
381
375
378
374
358
316
269
231
201
172
135
102
73
48
25
6
0
-1
4
-1
-4
-5
-6
-26
-37
-14
-20
-37
-44
-40
-34
-43
-55
-57
-46
-41
-49
-50
-49
-45
-31
-31
-45
-62
-78
-83
-83
-78
-82
-114
-137
-150
-147
-150
-171
-188
-212
-244
-278
-290
-300
-312
-323
-360
-392
-428
-463
-476
-493
-497
-495
-503
-529
-540
-522
-461
-410
-382
-340
-290
-217
-134
-52
25
93
152
224
308
388
472
543
599
637
645
646
660
695
712
688
650
596
565
550
515
473
425
380
318
263
221
197
164
128
81
31
-5
-36
-65
-93
-119
-136
-145
-162
-165
-159
-157
-174
-186
-188
-164
-144
-123
-112
-94
-81
-72
-53
-47
-29
-28
-33
-35
-32
-36
-38
-30
-28
-12
-7
-22
-42
-48
-42
-41
-38
-60
-86
-101
-119
-146
-177
-196
-222
-270
-295
-303
-307
-317
-345
-371
-368
-365
-374
-395
-401
-385
-375
-364
-353
-324
-298
-263
-229
-193
-156
-106
-65
-5
75
150
220
275
340
393
451
494
533
575
593
610
618
627
625
615
589
540
507
469
419
378
327
265
206
147
80
12
-20
-41
-59
-76
-96
-125
-146
-140
-139
-136
-149
-145
-147
-144
-144
-146
-134
-122
-112
-113
-121
-117
-101
-83
-61
-56
-30
-7
-7
-7
-13
-8
-15
-25
-24
-18
-5
-8
-28
-49
-67
-81
-103
-109
-107
-100
-113
-128
-141
-153
-184
-212
-223
-221
-213
-227
-227
-226
-221
-228
-245
-254
-245
-242
-230
-221
-195
-174
-163
-154
-144
-105
-74
-47
-39
-28
-4
32
68
108
138
158
183
193
207
241
286
309
323
338
354
367
374
373
351
328
308
304
291
278
265
239
217
180
148
131
130
121
113
81
37
8
-2
1
0
4
-11
-40
-51
-44
-35
-5
3
0
-8
-18
-26
-35
-52
-59
-47
-53
-59
-53
-40
-36
-37
-49
-60
-64
-74
-73
-69
-70
-70
-94
-113
-124
-124
-130
-136
-141
-145
-141
-144
-150
-150
-147
-147
-151
-166
-155
-143
-128
-133
-131
-116
-97
-72
-73
-76
-80
-74
-60
-54
-45
-42
-49
-57
-65
-64
-57
-73
-91
-100
-114
-112
-98
-87
-77
-65
-55
-42
-29
-9
10
30
41
64
80
97
117
141
167
167
170
171
179
189
202
204
199
195
188
196
214
221
200
191
200
198
182
166
149
137
137
132
122
110
110
111
100
85
69
61
55
47
38
27
12
-14
-28
-37
-46
-51
-69
-84
-90
-93
-92
-98
-97
-94
-88
-91
-87
-84
-81
-88
-96
-93
-87
-59
-44
-37
-37
-48
-44
-45
-34
-34
-28
-27
-20
-12
-8
-4
-8
-14
-40
-55
-64
-71
-75
-78
-88
-104
-114
-124
-152
-168
-186
-199
-205
-195
-177
-170
-167
-171
-168
-175
-181
-164
-145
-116
-100
-88
-68
-54
-26
-10
5
30
53
78
107
129
143
168
187
195
206
218
221
232
233
227
221
235
252
253
250
231
207
189
174
168
161
152
138
112
93
71
69
55
27
-12
-33
-31
-30
-34
-32
-35
-47
-57
-68
-74
-84
-80
-74
-63
-43
-31
-22
-16
-9
9
10
1
1
20
42
45
40
34
26
26
22
20
15
5
-8
-20
-36
-27
-25
-31
-60
-96
-109
-120
-116
-129
-137
-148
-159
-177
-196
-214
-236
-248
-260
-274
-274
-258
-257
-251
-250
-243
-231
-212
-191
-172
-146
-121
-86
-57
-27
5
35
52
67
85
106
126
142
170
196
214
230
243
254
254
253
263
273
273
289
296
300
300
276
266
246
239
218
186
159
141
118
98
85
71
50
21
-3
-12
-4
-12
-15
-16
-25
-25
-17
-26
-28
-25
-28
-15
-18
-11
-1
7
2
-6
-4
0
12
6
5
9
13
1
5
3
-1
-5
-19
-17
-30
-53
-76
-90
-103
-129
-148
-164
-171
-189
-199
-210
-216
-230
-255
-270
-279
-278
-277
-289
-291
-285
-277
-261
-239
-230
-205
-179
-166
-140
-107
-70
-23
-7
-2
16
31
51
63
84
101
108
129
137
149
158
150
140
145
141
145
158
164
170
186
193
198
196
176
155
137
139
137
147
143
127
134
135
132
126
118
120
128
130
130
119
115
116
102
78
66
57
48
41
30
21
24
28
9
-9
-12
-24
-28
-32
-39
-32
-21
-15
-22
-27
-39
-49
-56
-58
-53
-46
-59
-68
-62
-61
-66
-78
-87
-88
-89
-113
-129
-140
-152
-162
-176
-184
-184
-189
-192
-205
-215
-200
-183
-159
-143
-137
-129
-114
-107
-101
-86
-71
-53
-47
-30
-8
4
23
30
34
44
57
61
70
81
79
78
77
83
90
103
103
101
100
104
100
101
123
130
137
135
124
113
106
115
124
145
160
163
168
162
154
152
155
146
134
123
110
89
82
79
63
47
25
21
13
7
-11
-23
-26
-27
-26
-39
-45
-49
-63
-69
-79
-83
-84
-85
-85
-83
-79
-77
-84
-97
-106
-101
-92
-96
-102
-101
-97
-102
-107
-117
-116
-129
-138
-143
-136
-125
-131
-137
-135
-127
-125
-118
-120
-120
-113
-105
-104
-95
-78
-66
-40
-34
-31
-18
-13
-10
1
16
35
40
46
52
58
69
73
79
87
90
91
92
97
99
103
103
103
104
110
120
126
143
151
162
171
179
192
194
191
186
179
172
172
174
165
156
149
127
112
95
83
69
56
51
41
34
13
-4
-11
-26
-39
-49
-72
-78
-90
-108
-119
-136
-146
-156
-170
-174
-173
-172
-166
-168
-163
-153
-141
-133
-130
-138
-135
-134
-139
-137
-132
-126
-138
-142
-142
-137
-128
-124
-111
-96
-92
-83
-60
-48
-34
-21
-15
-10
9
33
64
84
90
103
109
120
122
133
139
145
145
137
129
122
131
134
134
130
123
112
107
104
100
106
103
97
86
78
74
68
61
57
67
69
73
69
73
71
61
54
43
40
38
35
29
13
-4
-15
-26
-31
-43
-57
-68
-87
-102
-111
-118
-123
-119
-124
-129
-134
-136
-128
-126
-114
-107
-103
-99
-103
-102
-98
-94
-98
-105
-104
-98
-95
-86
-99
-97
-98
-113
-118
-115
-96
-74
-51
-49
-47
-35
-34
-31
-10
8
21
22
27
41
48
63
72
73
83
89
94
100
104
116
125
128
126
131
148
147
143
140
147
155
152
152
157
153
142
136
115
116
120
119
124
120
115
100
72
49
35
24
10
-2
-20
-25
-25
-33
-37
-49
-53
-59
-58
-55
-54
-53
-59
-48
-43
-45
-49
-56
-66
-66
-65
-65
-65
-65
-69
-73
-68
-63
-64
-65
-66
-57
-43
-37
-32
-37
-49
-59
-76
-89
-101
-105
-107
-109
-111
-113
-120
-114
-105
-101
-98
-94
-89
-86
-63
-44
-25
-12
-10
1
6
9
10
17
19
20
17
10
15
15
7
4
6
13
25
38
45
60
74
83
84
85
94
107
129
150
166
182
188
187
171
162
155
149
143
129
138
135
127
108
82
63
42
11
-11
-38
-57
-67
-89
-105
-106
-107
-120
-128
-133
-132
-129
-121
-108
-93
-77
-68
-60
-61
-60
-53
-49
-34
-23
-11
3
11
9
2
1
-12
-16
-10
-10
-3
-4
-7
-17
-36
-46
-50
-56
-58
-66
-56
-47
-46
-46
-34
-22
-20
-16
-16
-16
-10
-2
3
-1
-1
-5
-11
-22
-20
-19
-21
-17
-2
14
29
47
64
86
101
114
126
140
160
176
193
214
218
211
204
196
186
184
184
178
177
177
172
170
153
131
114
88
62
39
9
-8
-33
-57
-83
-120
-152
-187
-213
-226
-247
-259
-255
-257
-250
-248
-249
-244
-256
-259
-251
-235
-219
-206
-186
-174
-168
-158
-148
-146
-138
-132
-118
-93
-80
-50
-20
4
22
31
32
28
34
48
54
65
78
82
85
77
75
73
72
75
74
76
78
93
105
110
105
97
91
83
84
89
95
94
93
88
90
82
82
86
92
108
126
139
157
167
174
185
177
180
180
181
189
181
188
181
160
147
132
117
105
88
67
50
36
9
-8
-22
-34
-57
-84
-108
-139
-155
-173
-186
-197
-201
-206
-226
-232
-244
-251
-252
-266
-269
-263
-254
-249
-241
-228
-212
-211
-203
-189
-170
-136
-121
-114
-99
-81
-60
-39
-26
-6
10
18
23
45
59
72
85
89
94
104
102
108
111
112
116
110
110
103
107
110
110
104
96
89
91
98
100
107
103
106
105
103
100
101
113
119
119
122
134
137
136
140
139
136
149
155
148
148
152
149
139
130
119
106
85
71
63
45
30
8
-13
-37
-53
-87
-116
-137
-165
-181
-194
-200
-216
-236
-247
-260
-272
-284
-286
-287
-281
-270
-260
-243
-239
-236
-222
-212
-190
-172
-173
-168
-155
-145
-140
-128
-123
-114
-103
-96
-79
-58
-44
-32
-13
10
34
58
74
92
115
134
144
158
167
174
186
190
193
189
186
189
178
193
205
217
222
223
232
232
238
238
236
239
237
227
227
228
218
211
204
189
182
163
141
134
126
117
108
100
91
67
49
44
41
37
24
12
3
-9
-30
-54
-74
-97
-113
-131
-148
-163
-178
-202
-222
-239
-251
-270
-283
-291
-303
-300
-299
-291
-289
-283
-278
-285
-276
-261
-246
-231
-216
-200
-184
-174
-166
-153
-145
-137
-123
-112
-112
-99
-98
-89
-79
-74
-61
-41
-20
4
23
39
61
63
74
85
103
120
131
151
154
164
177
184
180
197
209
220
228
231
241
253
265
273
289
304
304
289
286
290
284
276
271
264
249
230
207
191
162
135
117
90
71
54
55
51
44
29
15
-3
-25
-48
-67
-76
-95
-112
-120
-133
-146
-165
-186
-205
-223
-238
-243
-255
-259
-261
-256
-257
-263
-268
-274
-276
-275
-280
-275
-274
-269
-253
-250
-234
-222
-215
-207
-205
-197
-180
-157
-139
-124
-111
-107
-95
-78
-58
-42
-25
-8
10
25
40
54
66
78
83
101
119
133
145
156
176
190
208
225
236
245
255
265
284
291
303
304
310
318
316
335
334
332
333
340
331
323
315
308
308
289
278
260
242
229
206
186
160
136
104
70
40
11
-17
-44
-69
-92
-113
-144
-168
-198
-222
-242
-274
-293
-303
-316
-321
-333
-338
-342
-343
-355
-363
-362
-359
-352
-345
-331
-325
-316
-316
-315
-305
-294
-286
-276
-274
-257
-244
-229
-205
-188
-163
-132
-115
-90
-68
-62
-50
-34
-14
-3
13
31
47
63
83
95
110
133
152
168
176
187
201
212
225
245
262
280
292
302
315
327
333
339
337
335
332
337
336
329
325
309
300
288
275
270
267
253
248
238
224
206
192
177
166
159
132
116
95
80
74
51
18
-1
-28
-54
-78
-101
-122
-141
-168
-202
-223
-249
-273
-296
-311
-330
-339
-345
-356
-362
-363
-368
-368
-370
-373
-367
-362
-354
-345
-328
-317
-315
-306
-297
-286
-273
-262
-239
-217
-198
-180
-165
-155
-149
-138
-120
-96
-70
-43
-14
19
38
59
78
94
108
129
145
160
177
194
211
220
225
236
242
245
257
261
278
290
300
307
308
309
312
321
316
321
327
334
341
348
341
334
319
299
293
278
261
241
224
212
194
170
151
131
113
94
74
58
44
33
14
4
-14
-32
-56
-84
-108
-137
-164
-194
-224
-242
-258
-280
-307
-327
-343
-363
-374
-386
-393
-389
-386
-392
-392
-388
-385
-386
-383
-368
-359
-352
-339
-315
-299
-284
-262
-246
-235
-218
-195
-175
-148
-116
-88
-62
-40
-14
11
31
49
74
91
122
144
167
186
202
218
219
230
237
244
250
260
261
264
268
277
283
286
286
283
287
289
283
280
279
272
275
271
268
269
275
269
271
266
257
249
238
233
228
212
197
176
154
134
107
85
62
35
12
-13
-38
-61
-84
-100
-122
-142
-153
-169
-181
-194
-208
-223
-237
-249
-265
-281
-298
-315
-333
-341
-343
-353
-359
-369
-375
-373
-373
-371
-370
-357
-344
-331
-314
-292
-280
-270
-251
-223
-192
-164
-139
-103
-69
-40
-10
17
29
54
79
95
115
131
147
160
164
172
186
208
223
232
245
254
266
274
286
292
285
286
282
272
279
279
283
287
284
282
266
261
247
237
229
217
210
203
189
180
170
153
139
123
108
87
76
60
50
42
26
12
-11
-35
-55
-75
-93
-111
-130
-140
-141
-155
-159
-159
-174
-191
-209
-222
-231
-240
-251
-257
-255
-257
-257
-255
-266
-270
-272
-280
-284
-282
-268
-258
-246
-239
-243
-245
-241
-237
-227
-209
-191
-173
-159
-142
-118
-101
-79
-62
-50
-25
3
38
60
90
114
128
144
153
160
168
180
190
208
231
247
257
268
270
267
271
276
277
277
275
289
292
294
291
276
270
248
231
221
201
193
186
181
176
165
146
124
101
84
70
58
52
46
44
33
15
1
-14
-33
-51
-66
-80
-96
-106
-119
-138
-147
-161
-170
-179
-191
-199
-205
-211
-227
-231
-239
-241
-244
-245
-246
-236
-227
-220
-218
-205
-201
-199
-189
-190
-187
-188
-182
-190
-188
-178
-173
-158
-150
-138
-125
-118
-108
-102
-83
-67
-48
-30
-16
-4
5
16
32
54
72
91
113
137
156
170
190
209
223
236
249
260
272
275
281
280
288
293
292
290
283
277
262
265
261
255
245
226
209
186
163
142
126
115
96
85
69
55
45
31
10
-5
-27
-49
-67
-76
-87
-102
-102
-113
-121
-127
-133
-130
-135
-142
-145
-142
-142
-141
-144
-149
-154
-159
-166
-176
-190
-194
-194
-197
-192
-199
-195
-194
-191
-193
-193
-188
-187
-174
-161
-160
-153
-143
-133
-133
-126
-119
-104
-92
-80
-68
-61
-54
-48
-43
-37
-31
-21
-10
1
15
28
40
50
61
81
97
115
134
150
168
196
215
220
228
249
260
266
272
276
279
277
282
284
282
277
271
264
253
243
236
222
206
182
163
149
132
117
100
86
70
54
32
8
-11
-35
-60
-84
-99
-121
-148
-158
-166
-172
-175
-186
-187
-191
-195
-194
-195
-186
-188
-182
-186
-188
-187
-187
-188
-192
-190
-190
-177
-166
-165
-162
-158
-159
-156
-155
-148
-136
-121
-113
-101
-87
-83
-77
-64
-51
-43
-29
-16
3
10
19
27
41
41
40
43
42
47
56
59
71
85
93
109
116
129
137
137
146
153
166
174
175
188
204
214
217
214
210
213
221
217
212
211
202
197
184
166
151
141
122
103
86
77
62
44
26
7
-15
-39
-66
-86
-105
-120
-137
-149
-156
-164
-176
-187
-191
-198
-201
-200
-204
-203
-206
-205
-207
-216
-210
-204
-196
-187
-179
-174
-170
-162
-151
-143
-131
-119
-101
-88
-72
-61
-48
-35
-21
-10
0
13
26
32
38
52
49
57
71
68
72
80
87
88
94
98
102
111
116
124
121
121
127
136
143
147
148
149
145
144
143
149
156
159
158
153
151
148
152
144
145
141
132
125
116
104
88
81
67
53
41
29
19
17
15
2
-9
-27
-40
-52
-63
-75
-77
-82
-89
-93
-101
-115
-126
-129
-133
-137
-143
-143
-146
-153
-155
-159
-163
-167
-174
-178
-182
-176
-170
-158
-152
-153
-147
-147
-143
-138
-131
-118
-110
-100
-93
-76
-64
-58
-48
-29
-14
-6
7
21
30
38
50
53
59
65
73
79
83
88
89
94
94
99
106
113
117
129
140
150
157
153
149
147
141
139
135
124
124
122
122
123
121
113
102
100
85
76
67
58
49
35
30
27
22
20
19
11
4
-4
-5
-2
-6
-6
-4
-9
-9
-5
-9
-9
-17
-29
-37
-51
-61
-71
-83
-94
-102
-112
-113
-114
-116
-131
-132
-142
-155
-160
-166
-165
-167
-163
-163
-161
-157
-153
-144
-139
-135
-128
-125
-114
-105
-92
-80
-65
-46
-37
-25
-17
-8
8
21
25
44
58
68
89
94
101
111
117
123
130
143
160
170
177
190
192
198
197
197
197
198
204
208
204
205
193
188
180
174
166
157
149
134
126
111
107
97
85
72
55
34
19
3
-6
-16
-21
-38
-44
-56
-79
-95
-115
-123
-132
-141
-150
-155
-165
-177
-187
-199
-207
-214
-224
-226
-229
-224
-214
-209
-207
-208
-212
-208
-206
-201
-192
-185
-175
-166
-157
-150
-143
-131
-118
-99
-86
-76
-66
-65
-57
-56
-49
-41
-28
-14
-7
7
15
29
43
53
64
77
94
111
126
138
160
171
174
186
190
197
202
211
219
221
226
227
232
225
230
224
216
207
199
191
182
171
162
152
147
141
140
139
132
134
126
121
108
104
95
83
81
70
60
46
33
24
15
-7
-23
-43
-60
-76
-88
-97
-112
-129
-136
-145
-155
-162
-170
-176
-184
-191
-204
-212
-214
-217
-215
-213
-215
-216
-212
-213
-211
-206
-201
-193
-190
-183
-178
-164
-152
-142
-133
-128
-120
-120
-111
-101
-89
-77
-65
-53
-38
-27
-11
5
18
31
35
51
63
79
88
96
107
115
123
129
137
138
140
153
161
159
166
171
170
175
180
176
173
174
172
167
161
157
157
157
151
150
150
151
149
145
141
131
125
116
109
99
79
64
56
48
34
20
9
3
-12
-28
-41
-54
-68
-77
-81
-85
-87
-93
-94
-107
-118
-130
-140
-145
-150
-155
-155
-149
-152
-148
-153
-163
-180
-188
-192
-198
-197
-194
-186
-183
-177
-175
-169
-161
-159
-150
-134
-127
-103
-85
-68
-45
-34
-16
-8
3
22
39
57
69
78
91
90
90
91
94
92
91
89
93
97
103
107
110
116
118
127
131
137
145
145
149
152
150
151
146
143
138
134
131
135
132
137
136
128
131
132
130
122
119
115
112
110
105
98
88
76
61
49
34
10
-7
-15
-28
-38
-48
-59
-74
-84
-97
-105
-112
-118
-116
-116
-122
-129
-129
-136
-140
-150
-155
-160
-168
-169
-177
-178
-178
-181
-188
-191
-194
-187
-179
-176
-171
-165
-154
-147
-134
-131
-123
-112
-107
-98
-87
-67
-53
-35
-15
3
14
30
43
54
64
68
75
80
85
91
102
113
121
122
134
138
145
154
157
156
155
153
146
144
136
128
123
114
107
105
101
93
91
85
81
77
79
80
73
74
68
65
70
74
75
77
71
72
65
54
50
39
36
29
23
14
8
2
-12
-19
-33
-50
-65
-78
-88
-93
-101
-106
-118
-123
-126
-135
-133
-134
-142
-146
-155
-156
-158
-158
-154
-147
-143
-138
-133
-124
-115
-113
-105
-99
-95
-84
-79
-75
-62
-50
-38
-25
-17
-4
7
18
30
42
53
67
66
71
72
71
71
66
73
74
79
87
91
99
103
106
110
107
107
113
121
127
129
128
124
115
108
103
99
99
88
79
76
66
64
60
53
48
44
47
43
46
49
42
32
27
21
17
11
1
-3
-6
-11
-25
-34
-39
-53
-49
-52
-57
-55
-67
-70
-76
-75
-81
-89
-92
-99
-109
-114
-119
-122
-123
-126
-126
-130
-130
-129
-126
-126
-119
-105
-96
-90
-80
-72
-60
-53
-45
-40
-34
-30
-25
-19
-18
-7
-1
0
-2
-3
4
9
16
20
26
38
46
56
64
67
76
77
76
81
85
90
90
87
79
83
82
76
73
64
65
59
60
52
50
48
45
50
50
46
45
48
47
45
45
43
41
33
31
28
20
20
17
18
21
21
23
18
18
16
12
13
11
8
12
15
12
6
3
-1
-7
-14
-20
-26
-28
-39
-41
-48
-54
-64
-73
-78
-87
-89
-92
-89
-82
-73
-73
-70
-69
-74
-70
-71
-72
-67
-69
-66
-69
-75
-75
-74
-67
-58
-59
-47
-36
-32
-24
-17
-6
1
9
12
12
12
9
12
22
28
35
40
45
56
61
59
69
71
70
75
81
90
92
95
95
94
94
91
87
89
88
86
86
83
79
76
69
58
55
51
50
50
46
54
52
47
47
45
39
31
31
31
22
13
10
1
-12
-25
-36
-43
-49
-65
-73
-87
-95
-101
-106
-110
-111
-113
-125
-129
-132
-132
-128
-131
-124
-119
-116
-113
-113
-108
-108
-107
-105
-93
-90
-85
-76
-75
-67
-61
-55
-44
-38
-29
-20
-5
3
14
26
37
49
49
45
42
42
38
50
60
68
74
75
88
90
92
94
99
102
105
113
119
124
123
118
111
106
103
97
96
99
96
91
80
71
62
50
44
39
40
43
38
32
35
31
29
26
22
20
23
18
9
-1
-10
-16
-28
-36
-39
-49
-54
-68
-77
-80
-90
-92
-93
-95
-94
-97
-94
-97
-104
-103
-103
-98
-88
-78
-77
-73
-68
-64
-61
-58
-56
-54
-51
-42
-37
-32
-30
-29
-27
-21
-17
-10
-3
5
14
17
21
29
34
37
38
35
34
33
33
41
44
52
62
62
64
53
52
51
47
36
41
39
41
45
42
43
38
36
27
29
32
38
38
46
39
37
35
36
31
28
33
37
36
31
27
25
25
19
15
18
16
3
-1
-7
-13
-16
-18
-23
-28
-36
-36
-44
-53
-56
-63
-64
-59
-55
-50
-45
-50
-52
-57
-68
-66
-64
-60
-54
-49
-48
-50
-60
-66
-68
-68
-67
-61
-52
-39
-30
-24
-24
-17
-13
-7
-1
9
23
35
51
56
61
61
62
62
64
59
58
59
56
53
50
45
45
37
32
27
23
18
17
13
7
11
9
5
-7
-10
-7
-7
-5
-2
-3
4
1
8
18
16
19
20
24
24
25
26
22
20
23
21
23
20
23
27
27
27
22
23
23
17
15
9
4
3
-1
3
6
1
4
-2
-6
-8
-15
-17
-14
-21
-21
-19
-21
-18
-19
-22
-26
-30
-32
-28
-35
-37
-39
-41
-47
-49
-55
-58
-56
-58
-64
-66
-58
-58
-51
-44
-36
-25
-14
-11
-4
3
8
16
21
25
26
27
27
23
25
25
19
19
16
19
19
21
19
15
15
13
14
8
11
11
6
7
-2
-1
5
0
-4
2
5
5
2
9
18
20
23
25
25
25
33
32
33
29
27
34
36
38
43
41
37
32
24
18
9
5
1
-1
-6
-5
-8
-12
-14
-17
-21
-23
-31
-34
-35
-42
-34
-41
-38
-39
-45
-41
-46
-45
-41
-40
-36
-33
-34
-29
-32
-32
-34
-38
-37
-33
-27
-22
-14
-8
-2
8
10
18
21
23
28
24
30
26
35
35
32
36
37
37
32
33
39
43
46
47
48
53
44
42
40
35
32
31
29
25
23
21
20
24
23
25
24
22
19
17
18
18
16
20
18
10
12
7
5
1
-2
-1
-6
-12
-19
-19
-21
-24
-25
-27
-22
-19
-24
-21
-21
-27
-27
-29
-31
-33
-35
-38
-46
-54
-58
-64
-65
-74
-82
-80
-82
-78
-81
-80
-77
-75
-70
-69
-62
-57
-53
-46
-28
-19
-12
2
8
11
13
14
22
20
26
33
37
44
45
43
43
40
44
47
47
49
51
55
58
59
65
62
56
62
55
55
56
53
55
47
46
44
42
34
29
27
20
21
20
16
18
17
9
4
-3
-3
-7
-13
-11
-17
-20
-12
-12
-10
-13
-19
-18
-14
-17
-19
-18
-17
-15
-12
-16
-14
-14
-21
-22
-26
-24
-26
-21
-19
-24
-25
-24
-31
-34
-35
-35
-28
-26
-24
-19
-19
-17
-13
-9
-8
-6
-8
-7
1
1
3
7
8
10
14
19
18
25
30
36
37
36
35
32
29
21
17
13
13
15
11
9
3
-2
-2
2
0
0
6
9
13
14
13
7
4
-2
-4
-11
-15
-16
-16
-18
-12
-4
0
1
-1
3
2
2
4
6
11
11
12
12
9
10
8
6
4
7
1
-5
-7
-10
-6
-8
-10
-17
-13
-11
-17
-15
-20
-20
-15
-18
-21
-17
-23
-24
-30
-35
-40
-41
-40
-45
-43
-45
-41
-38
-35
-30
-27
-22
-18
-20
-22
-16
-17
-13
-11
-11
-7
-11
-13
-13
-15
-15
-16
-12
-4
-1
4
12
11
16
16
20
21
24
30
32
35
41
45
41
40
36
35
34
35
41
44
50
52
51
53
49
44
40
34
39
38
36
41
45
46
44
47
46
41
41
43
44
46
52
54
57
52
46
43
34
26
22
17
14
10
4
1
-6
-11
-25
-25
-29
-37
-40
-47
-49
-54
-57
-61
-69
-73
-78
-78
-78
-76
-77
-74
-74
-72
-72
-75
-70
-65
-64
-66
-58
-56
-60
-54
-50
-49
-44
-48
-43
-36
-33
-23
-14
-4
0
6
11
16
15
19
22
27
33
36
40
40
40
39
39
41
45
52
51
52
56
53
58
55
51
52
53
55
52
45
42
34
32
23
14
11
7
0
-4
-6
-7
-10
-10
-4
-2
1
3
-1
1
4
4
4
4
6
2
-1
-7
-10
-14
-19
-24
-21
-24
-20
-16
-15
-15
-16
-11
-12
-18
-24
-33
-37
-39
-43
-43
-42
-42
-45
-47
-47
-49
-52
-48
-50
-44
-35
-29
-22
-21
-18
-13
-9
-6
3
7
11
15
20
15
16
14
23
33
35
41
46
49
46
49
48
52
50
50
49
45
47
40
39
38
35
28
22
22
17
14
13
13
11
9
9
10
7
4
3
4
13
12
19
22
19
22
19
21
23
19
21
24
25
29
27
28
27
17
13
12
8
10
9
13
15
18
21
19
18
15
14
11
11
5
1
-4
-17
-26
-32
-44
-48
-51
-58
-62
-66
-71
-73
-84
-87
-92
-94
-99
-103
-99
-100
-93
-92
-93
-93
-93
-91
-89
-82
-75
-70
-61
-54
-41
-29
-28
-17
-9
-1
10
16
20
27
26
29
24
21
20
15
19
13
15
22
24
22
23
24
26
29
39
50
56
64
72
80
84
82
80
85
85
82
84
79
80
80
79
76
71
63
60
58
59
58
55
56
57
60
63
59
56
49
44
40
35
35
31
30
23
18
17
9
-2
-8
-15
-19
-19
-27
-29
-32
-41
-47
-53
-61
-70
-77
-83
-85
-85
-88
-87
-93
-93
-93
-90
-89
-89
-87
-79
-74
-73
-68
-60
-47
-43
-36
-33
-28
-30
-28
-27
-20
-11
-8
-2
0
3
5
9
8
6
11
14
21
27
32
34
33
26
24
22
22
27
28
40
43
49
50
50
54
51
52
54
50
51
51
50
47
43
36
29
28
19
21
20
21
24
17
18
20
21
23
21
23
19
16
17
14
8
3
1
-6
-10
-11
-15
-18
-23
-27
-24
-31
-33
-36
-40
-46
-51
-55
-61
-63
-74
-78
-76
-72
-70
-69
-62
-59
-51
-44
-43
-38
-34
-34
-36
-30
-24
-26
-21
-18
-16
-11
-7
-1
0
3
4
4
10
10
13
15
19
21
21
23
30
39
42
48
51
50
46
46
44
39
42
39
37
38
38
36
34
38
41
39
43
45
43
38
36
40
36
34
34
30
31
30
28
28
27
24
26
30
23
25
21
14
16
15
16
16
19
15
9
3
2
-7
-9
-10
-21
-23
-25
-27
-29
-29
-29
-36
-37
-40
-44
-47
-55
-59
-63
-66
-64
-64
-61
-57
-59
-52
-53
-53
-50
-49
-49
-44
-42
-45
-41
-43
-48
-46
-43
-45
-42
-39
-35
-28
-18
-21
-17
-16
-23
-22
-20
-13
1
13
17
21
25
26
25
31
38
41
45
44
46
46
44
41
45
47
47
48
53
57
60
66
63
64
59
60
61
57
57
54
57
63
62
65
62
58
56
57
54
49
47
44
45
44
33
30
20
9
4
0
-1
-11
-19
-30
-33
-33
-38
-44
-45
-49
-52
-52
-58
-61
-64
-68
-71
-70
-66
-70
-68
-73
-80
-80
-81
-75
-76
-80
-71
-75
-72
-70
-71
-62
-58
-52
-47
-39
-36
-30
-25
-17
-14
-11
-10
-4
-3
4
5
7
15
15
19
22
27
30
37
40
45
46
48
47
44
48
44
49
55
57
61
68
70
75
73
71
74
75
76
70
70
62
61
64
67
63
59
62
62
58
44
35
25
22
14
5
4
7
0
5
-2
-4
-3
-8
-5
-17
-18
-23
-25
-27
-34
-41
-51
-58
-60
-64
-65
-64
-67
-67
-70
-76
-75
-72
-75
-66
-66
-61
-59
-60
-56
-54
-52
-48
-48
-45
-42
-35
-32
-25
-22
-16
-16
-11
-2
-4
2
3
2
6
10
11
17
17
20
20
19
18
18
20
23
25
28
24
30
31
28
28
33
34
32
39
47
52
55
58
57
60
58
58
60
57
56
54
48
49
41
34
31
24
20
13
11
7
0
-3
-3
-3
-6
-9
-16
-14
-18
-17
-25
-30
-28
-30
-30
-31
-37
-36
-42
-46
-47
-52
-49
-49
-51
-48
-55
-60
-53
-56
-58
-51
-45
-45
-36
-34
-25
-18
-17
-13
-12
-10
-5
-5
-6
-1
4
5
4
8
12
18
22
23
22
22
18
20
22
21
18
25
30
30
30
28
31
27
24
27
33
35
35
37
38
35
31
37
33
34
33
29
34
34
33
33
32
35
32
24
25
21
20
19
15
14
7
2
5
0
-2
-5
-8
-7
-10
-14
-16
-14
-13
-17
-14
-16
-15
-11
-15
-19
-21
-17
-20
-19
-28
-29
-29
-31
-32
-36
-36
-36
-42
-48
-48
-56
-62
-59
-55
-50
-46
-43
-34
-32
-29
-24
-25
-29
-25
-26
-19
-11
-3
10
12
16
19
22
25
24
23
28
22
23
21
15
13
6
5
2
-2
-8
-7
-4
0
1
2
4
6
6
7
9
11
17
19
25
29
34
34
34
31
29
33
41
38
40
41
39
37
30
28
23
29
29
31
36
33
31
29
27
22
18
15
17
16
8
8
6
2
0
-5
-9
-14
-13
-15
-15
-15
-14
-17
-22
-22
-31
-34
-32
-29
-33
-31
-32
-34
-32
-30
-30
-30
-31
-32
-29
-28
-27
-26
-18
-19
-17
-19
-20
-20
-24
-21
-21
-16
-11
-9
-10
-13
-15
-16
-22
-19
-11
-5
-2
3
4
7
9
14
18
21
21
21
24
21
21
18
20
19
26
25
25
25
24
27
27
25
27
26
22
21
17
12
11
12
9
9
10
10
5
5
3
4
9
7
9
9
9
4
0
-2
-14
-18
-22
-23
-22
-22
-18
-22
-19
-22
-25
-28
-29
-28
-25
-24
-28
-29
-30
-31
-35
-35
-34
-29
-27
-23
-17
-14
-7
-3
3
8
12
17
22
21
24
24
26
28
29
32
30
27
26
24
23
20
21
27
26
33
33
32
33
30
27
25
30
32
29
27
26
20
17
17
7
4
-2
1
-1
-3
-3
-3
-2
-6
-6
-7
-10
-11
-16
-21
-23
-27
-27
-27
-29
-30
-27
-26
-28
-31
-22
-21
-16
-13
-13
-10
-12
-10
-16
-20
-23
-24
-22
-21
-21
-19
-15
-9
-6
-6
-7
-10
-7
-9
-8
-5
-5
-4
-7
-7
-8
-10
-16
-16
-15
-16
-16
-14
-13
-8
-13
-14
-9
-7
-1
-4
0
2
5
7
9
5
11
16
16
17
22
29
27
30
30
34
35
33
33
32
33
34
32
32
30
31
32
32
29
26
20
16
13
14
14
14
19
21
20
19
18
16
15
14
14
18
17
14
15
14
12
8
7
5
3
5
8
7
5
1
-2
-10
-16
-19
-23
-21
-23
-27
-26
-25
-29
-33
-31
-32
-33
-30
-31
-30
-27
-27
-25
-26
-23
-17
-18
-18
-17
-18
-21
-24
-24
-26
-27
-29
-32
-32
-32
-30
-27
-29
-31
-31
-29
-28
-25
-23
-18
-17
-14
-10
-10
-9
-8
-2
6
9
16
19
19
25
24
28
31
34
38
39
42
39
39
38
32
32
25
23
23
18
16
15
15
15
13
17
20
19
21
17
18
16
10
13
17
15
14
15
13
15
12
9
10
6
7
2
3
4
2
3
4
3
3
4
2
-2
-4
-4
-7
-4
-4
-4
-8
-10
-11
-14
-12
-13
-12
-10
-9
-11
-8
-11
-11
-14
-19
-19
-20
-21
-20
-19
-19
-17
-17
-19
-21
-21
-19
-19
-17
-13
-12
-10
-6
-7
-9
-8
-7
-9
-6
-1
-1
1
0
2
1
6
7
6
5
3
3
5
5
6
8
11
13
16
17
21
22
19
22
26
27
31
33
32
30
28
24
19
15
11
9
8
6
3
-1
-6
-10
-11
-13
-17
-15
-16
-17
-15
-16
-14
-14
-18
-17
-18
-17
-18
-19
-21
-25
-24
-25
-22
-21
-24
-21
-21
-24
-24
-26
-28
-26
-26
-26
-24
-23
-19
-14
-13
-17
-12
-12
-10
-8
-5
-2
-1
4
8
11
14
20
25
28
30
30
32
35
33
33
33
31
31
30
32
31
29
27
21
22
25
26
26
24
26
26
26
25
24
23
23
19
16
20
20
21
20
19
21
19
17
12
11
7
6
6
3
0
-3
-7
-13
-13
-16
-17
-21
-22
-23
-22
-22
-22
-24
-26
-24
-24
-24
-25
-22
-21
-21
-19
-16
-14
-13
-12
-11
-9
-9
-10
-12
-11
-14
-13
-11
-14
-16
-17
-15
-14
-16
-13
-16
-16
-11
-12
-12
-14
-13
-14
-14
-12
-13
-9
-6
-5
-4
-6
-6
-8
-7
-11
-12
-9
-5
-6
0
0
2
2
5
8
9
13
12
14
16
20
20
22
22
19
18
14
11
11
10
7
2
2
3
2
3
5
9
9
12
9
8
11
11
14
13
16
16
15
11
10
7
3
0
1
4
2
4
5
7
10
8
6
8
7
2
6
5
3
0
3
2
0
-1
2
1
-4
-5
-8
-9
-6
-6
-6
-3
-2
-1
-2
-1
0
-3
-3
-4
-3
-5
-7
-8
-6
-6
-9
-10
-6
-7
-7
-5
-6
-5
-4
-4
-3
-4
-4
-5
-3
-6
-4
-4
-4
1
0
1
-1
-2
-1
0
1
3
5
5
5
3
6
6
3
6
7
8
7
6
4
3
1
-1
-1
0
0
4
5
3
0
-1
-1
-3
-1
-2
0
2
1
2
0
1
-1
-2
-6
-7
-10
-10
-9
-11
-10
-13
-11
-13
-15
-10
-11
-10
-9
-10
-8
-7
-7
-6
-5
-7
-6
-8
-6
-5
-6
-3
-3
-6
-6
-8
-6
-5
-1
2
-1
0
2
1
1
0
0
2
0
2
-1
-4
-2
-3
-2
0
4
5
6
4
5
9
14
15
20
24
25
27
28
28
27
25
23
24
26
24
22
19
12
7
6
8
6
10
9
6
6
3
1
-1
2
4
3
5
5
4
3
2
2
0
0
0
2
0
0
-4
-5
-6
-8
-6
-6
-7
-6
-7
-10
-12
-14
-16
-15
-16
-17
-19
-18
-15
-16
-17
-19
-18
-18
-20
-16
-15
-12
-12
-14
-13
-13
-12
-13
-11
-10
-8
-5
-2
-1
-3
-1
0
3
4
4
7
6
8
8
6
5
6
7
6
7
8
7
7
6
7
6
3
1
-4
-2
-4
-5
-4
-5
-1
0
1
3
3
5
4
6
6
8
10
14
16
15
14
12
11
9
11
8
7
9
6
9
6
6
5
6
2
2
1
-3
-3
-5
-1
0
-1
-2
-2
-3
-4
-3
-3
-2
-2
-4
-4
-3
-2
-3
-4
-6
-8
-11
-10
-10
-11
-9
-10
-9
-11
-13
-13
-15
-15
-13
-14
-14
-15
-14
-14
-11
-7
-9
-6
-5
-1
-1
1
2
3
4
3
4
5
6
9
8
6
7
5
9
8
7
8
6
5
4
3
5
6
6
6
6
7
5
6
6
2
4
4
4
6
7
9
9
10
10
9
8
8
7
8
8
9
11
13
13
13
13
13
8
7
7
5
6
5
2
2
2
0
0
1
0
-1
-3
-3
-3
-4
-5
-6
-8
-10
-10
-14
-13
-13
-12
-8
-10
-12
-12
-11
-14
-11
-11
-10
-9
-11
-12
-12
-12
-11
-9
-10
-8
-8
-6
-8
-7
-9
-8
-6
-5
-5
-4
-2
-1
2
1
2
3
5
7
7
7
10
11
11
11
8
10
11
11
9
8
6
7
5
1
2
-1
2
2
-1
-2
-2
-3
-4
-5
-4
-2
-2
0
-1
1
-1
0
1
1
2
3
3
4
7
7
8
7
7
4
6
6
6
5
6
5
4
2
0
0
-4
-5
-7
-8
-7
-8
-6
-4
-6
-3
-4
-5
-4
-4
0
-1
-1
-3
-4
-4
-5
-4
-3
-3
-4
-3
-3
-3
-3
-1
0
0
-1
-3
0
2
1
1
3
2
3
4
3
6
4
6
6
5
5
6
3
5
5
3
5
4
4
5
6
5
6
5
5
4
2
4
5
3
4
4
3
2
0
1
0
-2
-1
-3
-4
-4
-4
-5
-5
-5
-6
-2
-3
-5
-3
-3
-2
0
1
1
0
-1
-2
-4
-6
-5
-6
-5
-6
-6
-5
-6
-4
-6
-5
-6
-4
-2
-2
-1
-3
-3
-3
-6
-8
-5
-6
-5
-5
-3
-4
-4
-4
-5
-3
-3
-2
-1
0
2
3
3
3
4
2
1
1
0
2
3
5
5
5
7
7
5
5
4
5
4
3
5
3
3
3
3
3
3
4
2
3
2
1
1
3
0
0
1
-1
0
-2
-2
-2
0
1
0
2
2
1
1
0
2
3
4
4
2
3
2
1
1
1
0
1
2
3
4
4
2
3
3
3
3
1
1
1
0
0
-1
0
-1
-3
-1
-1
0
-2
0
2
2
4
4
3
1
0
-2
-2
-3
-1
-1
-2
-4
-4
-3
-6
-4
-6
-6
-5
-6
-6
-6
-4
-2
-3
-3
-4
-3
-4
-4
-2
-2
-3
-3
-2
-2
-3
-3
-2
-3
-2
-2
-2
-1
-1
0
1
-1
1
0
-1
1
-1
2
3
5
5
5
5
3
3
2
2
2
2
4
4
4
6
6
6
4
4
2
1
2
1
2
3
4
4
3
1
0
-1
-3
-2
-1
-3
-2
-3
-2
-2
-2
-2
-3
-4
-3
-5
-5
-4
-5
-6
-6
-6
-6
-5
-6
-7
-6
-6
-6
-8
-8
-7
-5
-6
-5
-4
-3
-4
-2
-3
-3
0
-2
1
3
4
7
9
9
10
9
9
9
11
12
11
12
12
12
12
10
10
9
8
8
6
7
8
9
9
8
7
3
4
3
3
1
2
3
2
1
0
0
0
0
-2
-5
-5
-5
-6
-8
-8
-7
-6
-7
-6
-4
-6
-4
-4
-6
-7
-7
-6
-4
-5
-4
-3
-3
-4
-5
-6
-7
-6
-5
-4
-3
-2
1
1
1
-1
0
0
1
0
0
0
1
4
3
4
3
2
3
1
0
1
-1
-1
-1
-3
-4
-3
-4
-6
-5
-7
-6
-5
-4
-4
-2
-1
-2
-1
-1
-2
-2
-2
-1
2
2
4
6
5
6
6
6
4
4
5
4
2
3
0
-1
-4
-6
-5
-5
-5
-3
-2
0
1
-1
0
-1
0
0
1
2
3
4
3
4
3
3
2
1
1
0
0
0
0
0
0
0
-1
-1
1
0
1
1
-1
-1
0
-1
0
0
0
2
4
4
3
3
5
5
6
6
7
7
6
5
4
4
4
4
0
1
-1
-2
-1
-3
-1
-3
-2
-3
-4
-5
-6
-6
-5
-5
-5
-5
-3
-2
-2
-1
-1
-3
-3
-3
-3
-4
-3
-4
-4
-3
-3
-4
-3
-4
-3
-2
-1
-1
1
1
3
5
6
7
9
10
9
8
9
8
8
8
8
8
7
8
7
7
7
7
5
5
4
3
4
2
0
0
-1
-3
-3
-3
-2
-3
-3
-4
-5
-4
-4
-3
-4
-5
-6
-6
-4
-5
-6
-7
-7
-9
-9
-10
-8
-9
-11
-11
-12
-12
-13
-11
-11
-11
-9
-7
-6
-5
-5
-2
0
0
1
2
2
2
4
5
5
5
7
8
6
9
7
10
9
7
9
8
9
10
9
9
9
7
7
6
7
7
7
7
6
5
4
4
4
4
3
5
5
6
6
6
5
3
4
3
1
2
0
-1
-1
-3
-4
-5
-6
-6
-8
-9
-8
-10
-11
-11
-11
-14
-14
-14
-14
-14
-12
-13
-11
-11
-10
-11
-9
-9
-7
-6
-4
-3
-2
-2
-1
-2
-2
-2
2
2
3
3
3
5
5
4
5
6
6
7
7
7
7
8
8
7
8
8
8
6
8
8
8
9
10
9
10
11
11
10
10
10
8
6
4
5
4
3
2
1
-1
0
-4
-5
-4
-5
-5
-4
-3
-5
-4
-5
-4
-5
-4
-2
-4
-2
-2
-2
-1
0
0
-1
-2
-2
-3
-6
-7
-7
-5
-6
-5
-5
-6
-4
-4
-6
-3
-3
-3
-4
-4
-4
-3
-3
-4
-2
-2
-2
-2
-1
-1
1
1
3
3
3
3
1
1
-1
-1
-3
-4
-3
-3
-2
-3
-1
-1
-2
-1
-1
0
0
1
0
1
1
2
0
2
1
1
1
-1
0
0
-1
0
0
0
0
0
-1
0
0
1
3
2
2
1
3
1
2
3
1
4
5
5
5
7
8
7
8
7
7
6
5
6
4
5
5
4
3
3
2
1
0
1
2
3
3
3
1
0
-2
-1
-1
-1
0
-1
0
-1
-1
0
1
-2
-3
-4
-4
-3
-4
-3
-2
-3
-4
-3
-5
-4
-6
-4
-4
-4
-3
-3
-4
-4
-5
-6
-7
-3
-3
-1
-1
-2
0
-1
-3
-1
-2
-1
0
-1
0
0
-1
-1
-1
-2
-3
-2
-1
-2
1
0
2
3
4
4
4
5
6
6
7
5
6
6
8
7
8
8
7
6
6
5
4
5
4
5
3
4
4
3
3
3
2
0
0
-2
-3
-5
-6
-7
-8
-8
-9
-7
-8
-7
-8
-8
-8
-9
-10
-11
-10
-9
-11
-12
-11
-11
-11
-10
-10
-9
-9
-9
-8
-8
-8
-6
-5
-4
-3
-4
-1
0
1
1
1
2
5
3
4
6
6
6
7
7
8
10
10
11
11
11
12
11
11
11
11
11
10
9
9
10
10
9
9
8
9
8
7
8
9
8
6
7
7
6
6
4
4
3
3
3
1
3
4
4
4
2
2
1
2
1
-1
-1
-1
-3
-2
-5
-5
-6
-8
-8
-7
-7
-7
-7
-6
-6
-6
-7
-7
-10
-8
-9
-10
-10
-9
-9
-10
-9
-9
-9
-8
-6
-6
-6
-5
-4
-3
-2
-2
-1
-1
-3
-2
-2
-3
-3
-5
-3
-5
-4
-5
-6
-5
-5
-5
-4
-3
-2
-1
-1
0
2
3
3
2
1
0
-1
1
1
1
1
2
2
3
2
4
4
3
4
3
4
5
5
4
3
2
2
1
2
2
2
4
3
4
4
4
5
4
4
4
5
3
3
4
4
4
5
5
6
6
6
7
6
5
4
3
2
3
0
1
0
0
0
0
1
-1
-1
0
0
-2
-1
-1
-2
-1
-1
-1
-1
-1
0
0
0
0
0
2
0
0
2
1
1
0
-2
-2
-1
-2
-2
-2
-3
-2
-3
-3
-2
-2
-1
-1
-1
0
-1
-1
-1
0
0
-1
0
-1
0
0
0
0
2
0
2
4
4
5
5
5
5
4
3
3
2
2
1
1
0
-2
-1
-2
-2
-2
-2
-2
-2
-3
-3
-2
-2
-1
-2
-1
0
-1
-2
-3
-2
-3
-1
-1
-1
-3
-4
-5
-6
-6
-6
-4
-5
-4
-4
-4
-4
-5
-6
-7
-6
-9
-9
-8
-8
-6
-7
-8
-8
-8
-7
-7
-7
-6
-5
-5
-4
-2
0
1
2
3
4
5
6
9
7
8
9
8
10
8
9
8
8
8
7
7
8
7
6
6
5
7
6
8
7
8
