-5
-6
-6
-6
-5
-4
-4
-2
-1
-1
-2
-1
-1
-2
-1
1
1
1
1
1
0
1
1
0
1
1
3
4
5
5
5
4
4
3
3
1
4
5
2
4
5
4
1
2
3
1
1
3
2
0
-1
1
0
-2
-1
0
-1
-1
-2
0
-1
-1
-2
-2
-1
-2
-2
-1
1
0
0
0
2
-1
-1
1
0
-1
-1
2
1
-1
1
2
1
0
2
2
1
1
1
1
1
0
1
2
0
1
1
1
2
3
2
3
2
3
1
2
2
2
2
2
1
2
1
-1
1
-1
-2
-1
0
-1
-2
1
0
-2
-2
0
0
-4
1
1
-1
-2
2
2
-1
-1
1
0
-5
-4
-1
-5
-7
-2
0
-4
-4
0
-2
-7
-2
-2
-6
-5
-2
-4
-5
-1
0
-4
-1
0
-2
-2
3
2
0
1
4
2
-1
2
3
-1
-1
4
5
1
3
4
1
0
1
2
1
-1
3
2
2
3
4
2
3
0
0
0
0
0
-1
0
1
2
-1
2
2
-1
1
1
-1
-1
-3
0
-3
-5
-2
0
-2
-3
-1
2
-1
-3
4
-1
-3
2
0
-3
2
0
-5
-1
3
-3
-3
3
4
-2
1
5
-1
-1
4
2
0
0
4
4
-2
3
7
0
0
7
5
2
7
6
1
2
4
-2
-2
3
-1
-1
3
3
0
0
2
1
-1
-1
0
-1
-5
0
0
-3
-1
0
0
-3
3
0
-3
1
-2
-2
-5
0
-3
-7
0
-4
-10
-1
-1
-10
-2
-1
-10
-4
-2
-6
-9
2
-7
-8
1
-6
-5
-1
1
-2
-3
5
-2
-1
4
-1
0
2
2
0
1
7
1
0
5
-2
1
10
2
-5
10
11
-8
3
17
-1
-4
13
6
-3
5
6
0
3
5
-4
3
0
-3
4
3
-3
1
2
-4
1
4
-1
-5
4
3
-8
1
3
-9
0
0
-9
0
-4
-7
0
-4
-8
1
1
-5
-3
5
2
-3
6
3
-6
1
4
-4
-1
-1
1
0
-3
3
5
-1
0
5
6
0
3
6
1
-4
3
5
-4
-1
7
2
-5
6
1
-2
0
5
-3
-3
0
4
-3
-5
3
0
-1
-3
4
1
-6
-2
7
-1
-8
8
6
-11
1
7
-3
-7
3
5
-8
0
6
-4
-4
5
0
-5
2
2
-2
-3
5
0
-6
5
5
-7
1
6
0
-7
5
4
-3
-4
0
8
-4
-9
7
5
-12
-7
12
-5
-16
8
6
-13
0
13
-7
-1
10
-1
-3
8
-2
-9
7
6
-13
1
11
-4
-4
7
7
4
1
8
9
1
1
0
8
-5
-1
5
2
-6
4
1
-4
5
-2
-3
3
3
-7
-5
5
-3
-8
-4
4
-6
-16
2
2
-10
-13
5
2
-23
2
4
-9
-7
2
4
-9
0
3
-5
3
3
-9
8
1
-10
5
3
-4
-4
4
-3
-8
0
4
-5
1
-1
-1
7
-3
1
5
-1
0
3
-5
5
-9
2
5
-7
4
0
4
-3
2
7
0
4
8
5
4
6
5
4
5
12
-1
5
8
3
-1
0
12
-3
-1
11
5
-2
1
11
7
-10
3
12
-11
1
3
3
-7
0
10
-11
-2
11
0
-14
10
16
-21
-6
23
-7
-22
14
12
-22
-5
20
-1
-26
14
5
-23
4
11
-16
-11
16
-4
-22
7
13
-17
-8
15
-1
-16
8
3
-10
-5
3
2
-16
8
-4
-16
6
-1
-15
-5
8
-9
-20
13
5
-24
4
15
-9
-11
17
3
-14
7
8
-9
12
5
-9
9
14
-6
-4
21
-5
-8
14
4
-10
10
10
-9
0
15
-3
-6
14
0
-8
17
4
-11
8
13
-9
-3
17
-4
-17
8
8
-16
0
14
-7
-8
9
7
-17
7
4
-2
-4
-3
5
-7
6
-15
3
13
-16
-4
13
-7
-10
6
3
-13
4
12
-27
10
11
-26
5
3
-1
-12
7
-4
-9
2
-3
-11
-4
6
-11
-7
6
-16
1
2
-3
-2
-11
14
-11
-6
4
3
-8
-5
8
-9
8
-8
0
10
-10
5
-3
12
-5
-3
12
9
-4
0
16
7
-7
15
13
-1
10
0
22
-5
7
13
8
-2
18
2
9
8
9
3
3
19
-4
2
5
20
-15
9
11
-4
-10
19
-2
-2
-2
10
-4
-10
19
-16
-11
22
-12
-22
16
0
-17
-6
10
-4
-29
19
-2
-24
5
-12
-4
-5
-13
-2
-5
3
-11
-4
1
-4
-1
-8
2
-4
-3
-10
7
-3
-19
3
3
-17
-12
16
-16
-15
7
0
-22
-6
10
-17
-6
-1
3
-7
-7
0
-1
-4
0
-15
13
2
-28
22
2
-17
-6
17
5
-12
0
23
-5
-9
5
12
10
-24
7
25
-5
-18
9
17
-10
-8
1
14
4
-27
19
12
-18
-10
26
13
-27
11
30
-4
-14
19
2
11
7
-17
38
9
-25
26
10
-5
-6
8
24
-24
12
4
12
3
-9
-1
33
-6
-29
40
12
-19
2
25
4
-16
10
21
6
-17
16
27
-15
-1
7
30
1
-23
36
19
-21
14
-1
1
3
-22
0
14
-18
-20
10
-3
-22
-13
7
-12
-28
15
-21
1
-33
6
3
-30
-17
16
3
-45
8
16
-29
-13
15
-12
-29
21
-8
-34
18
-19
-13
13
-22
-9
6
-1
-25
-5
9
-28
-9
26
-32
-25
43
-13
-44
27
10
-19
-2
21
-18
8
27
-36
22
18
-6
-10
35
-8
-1
9
18
-19
9
6
3
-12
13
20
0
-13
2
35
-18
-13
48
-3
-4
15
47
-22
2
39
14
-26
14
30
-2
-1
-2
4
27
-17
-20
32
14
-38
15
27
-25
-5
18
1
-25
14
0
-1
-10
-3
8
3
-32
12
19
-36
3
34
-38
4
27
-14
-7
12
21
-7
-7
7
11
-4
-11
-4
28
-4
-55
48
17
-65
27
36
-35
-20
43
9
-50
23
14
-7
2
2
16
-16
24
-17
11
15
-18
19
5
-16
-1
8
-19
1
-9
9
-7
-20
12
-3
-31
-9
9
-20
-47
17
2
-64
11
16
-48
-31
40
-37
-20
1
4
4
-22
-1
24
-2
-43
22
29
-39
-24
52
0
-59
28
50
-53
-18
44
14
-48
15
28
11
-44
26
24
1
-12
14
31
2
-15
31
18
-8
-17
53
5
-38
39
21
-21
-17
58
-25
-19
33
18
-32
12
26
-5
-13
20
18
-29
14
14
11
-20
15
10
5
-17
10
37
-53
15
36
-30
-18
27
18
-36
-4
24
-3
-15
-19
33
-11
-21
-9
36
-29
-41
51
-4
-63
29
30
-44
-29
62
-30
-34
38
-22
21
-31
25
-21
-9
15
-18
-6
7
-21
10
18
-43
20
14
-15
-19
49
-8
-30
22
44
-73
36
43
-41
-20
51
8
-58
32
13
-39
32
5
-35
32
-26
13
-11
-19
6
25
-41
-8
22
11
-16
-21
38
-4
-43
39
11
-41
5
38
-35
5
17
11
-7
11
29
-13
-9
35
-1
-20
14
31
19
-48
41
21
-26
-5
61
-59
9
33
-10
3
-16
34
-21
12
-12
39
-4
-46
6
75
-108
-11
93
-74
-70
109
-50
-64
55
-3
-30
-28
64
-49
-10
34
3
-52
45
21
-73
33
16
-29
26
-53
56
-39
-20
10
5
-39
6
17
-33
-7
32
-21
-37
-9
38
-5
-26
6
42
-23
-33
64
-55
-2
24
15
-33
-10
58
-41
-19
51
-12
-22
43
0
-35
47
-28
-22
30
-14
10
10
-20
19
-20
4
44
-62
36
13
-36
52
5
-37
19
20
0
-41
79
-37
-31
75
-11
-74
112
-9
-86
72
62
-52
-31
45
41
-91
46
22
-14
41
-41
73
-13
-16
19
13
-34
36
-6
-25
20
52
-80
-12
31
64
-86
-67
143
-26
-74
-18
86
15
-126
57
80
-69
-11
44
-35
18
-32
35
-30
1
48
-66
21
22
-31
18
-27
20
40
-68
2
53
-32
-19
-33
44
23
-101
94
-16
-62
34
55
-123
51
5
-51
14
39
-36
-62
68
-12
-32
-70
69
-19
-59
3
3
-19
-45
55
-66
-23
71
-38
-50
49
22
-42
-14
34
-10
-7
-3
3
10
39
-67
27
66
-71
13
41
-24
31
-64
25
26
-42
46
-66
48
95
-141
35
118
-78
-42
102
-33
29
6
8
4
24
34
-56
34
77
-93
41
96
-56
45
-34
11
84
-60
-29
75
-14
-3
-5
28
16
-62
53
-19
19
6
-45
64
-36
-17
99
-142
39
99
-54
-85
83
29
-39
-123
163
-5
-138
85
-7
7
-49
8
15
-52
53
-16
-78
81
-26
-34
-12
21
-14
-1
-50
22
39
-44
-82
119
41
-167
51
119
-78
-73
89
-30
3
-29
-37
53
-44
-14
5
12
-5
-26
-9
28
-17
-5
-13
1
55
4
-84
26
98
-56
-97
92
9
-83
55
-23
-4
25
13
-63
49
53
-65
-39
112
66
-166
50
144
-37
-165
106
134
-147
-89
186
-1
-94
30
36
54
-56
30
-16
104
-47
-11
23
59
-2
-33
19
6
92
-131
60
41
-16
-20
44
35
-54
40
-8
15
6
-47
-31
114
-96
22
15
-4
-42
-45
102
-120
8
65
-87
22
82
-180
68
24
-62
-41
0
27
-55
-26
63
-70
-49
72
-33
-100
-2
145
-147
-57
158
-69
-64
-14
120
-30
-121
103
-30
41
-23
-77
124
-13
-76
33
31
-39
-71
49
8
-61
-1
26
-55
92
-85
-95
174
-7
-129
27
138
-64
-61
87
-34
42
11
-107
144
65
-179
34
193
-128
-68
196
-78
-43
150
-8
-105
184
-8
-121
126
54
-111
52
126
-119
15
164
-109
-8
100
-22
-25
11
75
-60
35
-17
3
35
-15
-80
162
-81
-51
11
84
-56
-88
98
20
-108
-8
98
-97
43
-29
35
-42
90
-92
-1
58
14
-114
102
24
-104
47
80
-102
-15
123
-118
52
-20
-54
-8
54
-126
-6
78
-102
-27
87
-128
-18
46
-77
-16
-6
14
-109
106
-42
-133
90
37
-155
90
-3
-39
-10
51
-128
89
28
-109
80
73
-83
-43
206
-117
-43
94
12
-30
-21
70
-58
61
-12
-58
69
30
-77
42
40
-68
26
81
-87
63
18
-75
110
9
-83
0
134
-77
-90
94
61
-217
186
11
-156
91
49
-111
34
43
-102
70
45
-89
16
113
-150
29
128
-127
-25
127
-40
-80
88
79
-117
108
40
-82
95
13
-87
112
-19
-65
70
68
-140
68
61
-44
-17
8
74
-35
-45
63
44
-54
36
-21
94
-20
-99
81
117
-135
9
131
24
-96
10
139
-43
-78
131
-32
-5
27
-8
-5
35
-10
-57
122
-54
-40
33
40
-38
-40
-35
85
-80
-20
13
-40
-22
-37
-31
18
-58
-121
119
-88
-52
6
-19
2
-76
-28
26
-74
23
-67
-9
88
-133
-20
49
-14
-149
82
40
-100
18
72
-89
78
8
-33
69
15
6
29
6
39
4
7
-24
29
19
-66
60
-17
-52
72
-33
-48
90
-52
-61
58
101
-127
44
84
-62
41
12
-63
99
5
-88
67
30
-41
-3
52
-1
-16
14
-20
37
24
-102
54
95
-103
-26
86
-14
-133
119
-4
-86
72
0
-84
66
-25
-68
-5
55
-62
-48
131
-136
51
52
-95
63
35
-59
8
16
20
-89
54
76
-177
67
66
-77
-4
30
13
2
-7
33
32
-27
30
46
24
-45
71
40
-39
-26
111
6
-53
29
115
-68
4
48
-3
46
-63
49
60
-35
3
73
-88
82
-40
-22
-3
-3
-12
-38
36
-29
-81
67
-21
-64
36
2
5
-44
59
-23
-33
78
-19
-33
43
-6
-54
38
31
-61
6
55
-35
-69
139
-62
-60
52
-5
-27
-28
31
-28
-77
73
-42
-40
35
-33
-35
30
-79
-50
25
-114
17
-34
-37
25
-54
-12
30
-21
-14
-36
-5
96
-147
60
95
-117
70
25
-39
63
-45
10
49
-29
40
8
2
2
22
49
-65
3
97
-44
-16
94
-17
-53
96
-60
32
9
-69
122
-21
-47
22
5
51
-85
0
86
-82
-13
48
-38
20
-9
-7
9
-23
35
-39
13
41
-84
50
21
-49
55
-26
34
15
26
-18
-14
95
-34
-7
72
-7
-8
57
-4
14
23
-36
74
1
-2
29
-12
77
-58
9
62
-33
-2
35
6
10
-24
41
-49
19
-30
2
3
-30
24
-32
77
-75
34
42
-54
-56
83
-15
-70
8
15
9
-83
9
18
-99
-27
45
-46
-60
47
4
-34
-9
10
-39
-4
-3
-56
26
-21
-19
35
-23
8
-21
21
-16
-31
53
-29
-13
14
6
-21
25
21
2
-8
20
8
-14
-2
-11
37
-20
4
-34
101
-17
-59
101
-12
-81
109
-40
-55
84
-13
-12
7
-5
-21
20
-49
3
-15
9
-79
0
52
-76
-82
82
-16
-113
41
48
-31
-48
90
-23
-31
-6
39
-21
-20
51
-36
17
22
-64
11
9
-19
-28
18
-24
-1
39
-49
29
9
7
-11
-4
44
-55
-21
78
-60
-59
99
-47
-57
53
-5
-2
-41
19
8
-21
-30
68
0
-61
10
84
-26
-38
52
54
-57
-17
103
-11
-49
57
55
-27
12
79
-21
68
15
17
95
-21
55
55
-28
76
42
-8
44
49
40
4
-3
88
19
-25
48
2
-5
-13
23
-11
15
-28
56
-3
-35
33
-10
-43
-7
9
-34
-43
-2
8
-57
-21
-24
9
-56
-22
-24
41
-64
-35
52
-19
-27
-18
33
-52
-30
22
-21
-68
63
-72
-48
12
-52
-54
-32
-37
-32
-59
-37
18
-62
-22
-32
-9
43
-127
29
21
-68
14
-8
11
-5
10
-29
59
-55
15
24
-17
-26
69
-37
-21
89
-61
-18
56
5
-26
49
-16
13
7
-9
15
-19
-6
29
-1
-18
26
41
-43
42
58
-9
16
58
49
-20
34
26
29
30
-5
41
58
-29
23
57
4
10
27
-3
58
-26
13
22
-6
21
-4
-8
43
-20
-25
31
10
-19
-14
46
8
-26
23
17
-32
42
-54
36
29
-72
70
-19
7
-18
-11
5
1
-32
1
36
-34
15
-7
13
-26
-1
2
-29
-5
17
-5
5
11
15
-10
-18
0
-22
-1
-39
25
12
-71
36
1
-48
6
-1
-27
-20
-21
-29
0
-8
-25
-10
-4
16
-46
-20
81
-76
-1
97
-70
-9
67
1
-33
54
40
-37
31
47
-29
25
39
-21
12
42
-46
26
3
-43
46
-39
-18
7
-21
-57
13
-45
-49
-1
-19
-36
-20
-27
-19
-24
-81
-5
-18
-49
-51
23
-50
11
-28
-5
14
-33
13
9
7
-11
29
-6
19
10
-10
22
13
-31
27
-13
6
46
-23
12
54
-14
-17
51
-4
1
10
56
-31
59
8
-11
52
8
-30
3
26
-4
-7
34
22
-4
-9
19
-18
-5
-16
8
-13
2
11
-19
6
1
-2
-17
-1
-12
36
-40
25
45
-2
-46
37
48
-44
-4
39
36
-23
-36
89
4
-71
30
62
-37
-28
79
-16
2
45
43
-31
38
52
-33
8
85
-27
17
76
-17
37
26
12
36
8
-11
37
4
-21
18
33
-33
22
9
-16
-53
12
5
-47
8
1
-16
-31
-35
3
-17
-55
-20
24
-47
-28
26
-3
-19
14
-37
10
16
-52
-3
4
13
-64
-1
8
-33
-20
-8
16
-34
-10
-17
22
-23
-44
65
-9
-71
39
-10
-57
12
-39
0
-26
-5
-5
-6
-48
5
5
-71
7
30
-30
-35
43
-22
-61
13
9
-23
-36
39
33
-88
42
64
-96
-31
103
-55
-32
29
75
-24
-32
83
4
-27
73
-18
25
49
-8
84
20
10
72
35
7
18
57
-29
52
9
13
44
-3
26
7
23
17
-15
31
53
-51
14
76
-32
-33
59
-36
-7
-9
-22
41
-21
5
3
21
-15
-29
-5
5
-13
-9
-19
15
-25
-42
-2
-27
-16
-43
-28
15
-34
-15
2
21
-30
-3
18
-37
15
-8
-36
27
8
-29
-31
38
-35
-21
-10
57
-27
-53
76
-11
-64
27
-4
-22
-47
14
12
-57
9
14
-46
-12
14
-29
10
-9
-50
42
0
-66
35
34
-34
-58
87
-9
-96
20
103
-131
3
132
-68
-53
77
35
-109
54
38
-53
-48
100
-34
-62
66
6
-5
-10
8
60
-50
12
16
-16
27
-5
5
37
-15
19
-22
60
1
-59
66
39
-58
29
82
-34
-13
79
61
-36
46
57
8
10
-14
52
-2
-7
19
39
-34
-62
169
-78
-110
166
-12
-118
45
88
-112
-4
122
-71
-29
102
-62
-69
126
-99
-29
124
-50
-1
19
78
-90
-30
78
-61
-27
15
9
-52
13
83
-111
-14
82
-34
-114
75
47
-184
73
47
-63
-91
96
-18
-132
67
0
-123
85
-1
-127
72
21
-130
25
34
-147
22
63
-116
-27
135
-85
-36
109
-78
-55
149
-60
-51
100
-16
-27
93
-46
-36
90
0
-34
48
-26
26
-28
13
66
-71
-4
125
-81
-21
79
-35
-39
76
-1
-48
68
65
-103
97
-22
-74
86
-11
-20
1
79
-31
-1
0
50
-128
104
40
-54
45
54
11
-37
-4
-22
-33
20
-6
20
43
-40
-5
52
-12
-20
59
71
-14
38
-7
3
-34
63
-8
3
101
-18
-40
19
-25
-78
5
3
-3
19
-35
24
-101
0
25
-94
76
-46
76
-25
20
-48
-1
-50
66
-34
-54
58
-54
52
-41
49
-31
-23
29
-18
29
-1
-52
11
33
-55
-3
-50
-40
57
-4
-127
33
-1
-83
-45
7
42
-93
5
64
-85
-39
33
-23
-40
-18
56
84
-52
-6
-14
-48
-32
83
-24
6
24
0
-39
27
13
-73
60
32
0
5
5
-89
34
14
-36
64
33
11
-40
48
26
-27
15
6
14
77
28
92
82
-60
19
25
-4
-5
-17
-15
22
-35
20
44
-103
8
-31
-64
30
-29
-37
-44
35
-18
-15
42
26
-66
50
38
20
46
35
22
38
103
62
-11
108
21
-73
65
24
-19
-17
25
-6
-72
-44
-13
-51
-42
-60
0
14
-11
-63
-23
-20
-4
24
25
-10
72
58
-169
16
93
82
59
90
116
-86
-44
37
1
14
31
132
40
-45
-73
-46
-28
-55
-9
-11
-39
-61
-15
-84
-9
0
-41
-47
-88
-33
12
-67
10
53
-70
-77
15
31
-27
-2
16
-79
-52
-4
-54
-24
-15
-75
-18
-1
-68
-140
-29
-3
-52
-1
45
47
-30
-30
51
4
42
63
31
72
108
70
11
78
39
-34
57
94
57
54
57
7
6
36
14
-27
9
34
-19
-33
54
2
-64
72
55
17
74
108
8
41
29
0
7
12
25
7
20
26
12
-22
-6
-40
-17
-4
-40
-24
-59
-23
55
64
4
41
21
-32
6
37
22
29
74
40
10
56
4
-90
-20
-27
-71
-72
-48
-30
-69
-49
10
12
-40
-20
17
-7
-26
-3
-26
-29
-16
-3
38
6
-30
-49
-51
-71
-89
-15
-31
-41
11
-28
-28
24
-26
-15
-6
40
45
1
32
33
-11
-12
24
-5
-20
9
30
-6
-44
-14
-36
-55
0
13
2
-4
-16
-97
-108
-72
-73
-89
-78
-43
-90
-128
-90
-110
-186
-150
-106
-93
-68
-27
-38
-99
-26
11
21
98
125
135
153
203
221
215
256
274
255
262
295
233
172
177
155
101
100
78
46
51
0
8
8
-36
-91
-82
-67
-79
-44
-12
4
-19
8
2
65
45
24
159
119
143
221
209
122
153
170
64
-18
-145
-374
-720
-844
-545
-94
-70
-500
-887
-1035
-1053
-1027
-957
-785
-331
63
170
-13
-206
-232
22
470
916
1227
1360
1400
1204
899
813
935
908
819
798
770
540
141
-316
-744
-946
-876
-740
-679
-768
-1032
-1321
-1298
-1023
-913
-854
-544
-260
-105
-26
174
243
265
429
903
1340
1453
1462
1374
1223
1139
1235
1299
1237
1149
940
646
384
77
-216
-494
-612
-608
-692
-933
-1140
-1368
-1544
-1469
-1124
-828
-643
-520
-407
-382
-427
-380
-349
-378
-369
-201
307
933
850
24
-670
-800
-623
-467
-331
-184
0
120
-67
-502
-940
-880
-227
516
872
937
913
781
552
217
272
693
1118
1165
871
564
280
22
-377
-684
-602
-266
81
81
-369
-925
-1044
-839
-670
-484
-153
51
120
132
1
17
171
290
435
846
1203
1221
1081
850
646
697
960
1191
1203
1050
700
305
69
-142
-237
-219
-222
-306
-566
-932
-1138
-1262
-1339
-1160
-837
-574
-408
-460
-540
-561
-380
-9
422
795
934
958
957
768
110
-602
-790
-53
924
1198
430
-702
-1285
-1514
-1637
-1782
-1525
-789
-61
68
-715
-1638
-1863
-1173
-308
393
1051
1451
1417
1003
417
178
701
1490
1916
1775
1519
1300
866
159
-490
-663
-231
391
503
-4
-822
-1409
-1660
-1610
-1255
-701
-373
-461
-637
-752
-715
-537
-310
-7
543
1140
1463
1393
982
665
732
1214
1723
1971
1810
1359
865
480
299
268
255
182
58
-259
-667
-973
-1256
-1471
-1425
-1170
-798
-635
-788
-1041
-1100
-757
-282
202
585
754
737
588
319
-253
-689
-499
586
1618
1430
118
-1165
-1569
-1494
-1301
-1164
-814
-137
251
-303
-1419
-2096
-1722
-567
463
1029
1261
1227
888
308
-91
199
1152
2110
2245
1639
844
323
-26
-374
-529
-245
412
778
288
-797
-1719
-1934
-1472
-901
-486
-106
75
-254
-975
-1304
-907
-147
456
824
1110
1266
1089
694
452
628
1157
1809
2165
1908
1224
545
153
226
527
771
744
311
-375
-1030
-1419
-1470
-1221
-961
-865
-920
-1038
-1254
-1505
-1512
-1161
-416
334
640
420
84
0
162
565
1119
1610
1680
1384
706
-338
-1264
-1137
68
1148
1050
-250
-1560
-2125
-2159
-2199
-2018
-1258
-212
273
-384
-1582
-2234
-1713
-456
727
1438
1712
1768
1503
849
381
715
1697
2570
2734
2125
1263
670
225
-266
-543
-320
335
603
18
-1159
-2077
-2277
-1881
-1325
-885
-494
-361
-735
-1619
-1916
-979
424
1045
1011
1057
1128
926
614
758
1365
2030
2442
2399
1860
1011
385
170
425
892
1079
691
-63
-787
-1404
-1633
-1396
-1007
-824
-988
-1264
-1479
-1562
-1591
-1489
-1048
-286
415
562
226
-16
90
524
1129
1742
1928
1539
654
-316
-890
-573
512
1224
820
-475
-1641
-2143
-2174
-2095
-1914
-1346
-526
-216
-876
-1998
-2515
-1798
-344
755
1244
1277
1062
736
329
248
921
2057
2698
2519
1754
834
266
56
80
166
434
808
744
-120
-1346
-2105
-1916
-1076
-338
-70
-182
-487
-849
-1364
-1509
-847
345
1322
1433
1004
650
518
316
342
1007
1940
2411
2127
1435
598
-90
-175
303
848
1131
919
154
-732
-1246
-1302
-1110
-752
-458
-474
-767
-1067
-1203
-1210
-1068
-732
-279
213
466
236
-92
-88
250
638
904
1006
883
584
395
489
616
570
155
-660
-1340
-1170
-411
88
-185
-1120
-1921
-2137
-1975
-1792
-1622
-1247
-612
-318
-737
-1421
-1543
-792
275
1046
1233
1262
1253
1152
994
1047
1516
2129
2392
2025
1277
640
429
469
506
345
79
-42
-160
-635
-1251
-1549
-1263
-709
-491
-644
-799
-754
-757
-833
-730
-160
404
550
428
405
605
785
869
1002
1256
1506
1491
1246
906
617
642
740
860
854
617
135
-421
-662
-630
-536
-538
-645
-905
-1206
-1472
-1497
-1236
-919
-775
-748
-583
-334
-254
-232
-117
140
519
885
1116
1154
931
693
687
815
710
157
-622
-804
-179
360
0
-1147
-2042
-2164
-1906
-1743
-1632
-1353
-968
-879
-1283
-1859
-1807
-807
412
1024
991
781
836
1095
1320
1433
1674
2225
2654
2397
1575
849
730
1046
1161
945
638
432
127
-462
-1090
-1295
-929
-464
-413
-803
-1283
-1520
-1385
-1061
-796
-467
-38
237
157
-94
-131
61
475
1034
1469
1539
1340
1020
750
689
886
1018
1014
909
630
206
-163
-451
-627
-582
-546
-610
-748
-924
-1081
-1173
-1173
-1050
-772
-507
-374
-306
-311
-234
-24
216
383
556
800
870
722
541
436
382
393
473
479
416
219
-70
-584
-1270
-1667
-1410
-687
-301
-627
-1392
-1970
-2093
-1882
-1575
-1282
-888
-333
-55
-339
-788
-796
-160
784
1580
1852
1703
1434
1243
1229
1485
1926
2343
2365
1870
1068
447
359
551
538
154
-308
-550
-708
-1066
-1444
-1560
-1379
-1051
-751
-680
-931
-1237
-1351
-1253
-708
136
892
903
453
152
279
554
874
1336
1601
1663
1362
1058
801
733
835
906
898
761
578
273
-136
-526
-585
-403
-255
-355
-625
-880
-990
-959
-877
-777
-717
-616
-476
-393
-430
-498
-374
-162
-75
-44
141
344
444
384
217
121
236
424
393
263
-28
-403
-877
-863
-311
165
-14
-796
-1434
-1626
-1421
-1206
-932
-654
-345
-274
-580
-958
-959
-301
630
1290
1248
833
593
711
1024
1311
1586
1736
1595
1128
572
333
491
739
762
415
-78
-423
-583
-647
-670
-635
-549
-542
-637
-815
-891
-697
-317
-134
-155
-149
16
155
160
237
488
770
762
645
573
664
774
783
746
778
715
496
317
282
290
254
175
86
-112
-354
-507
-553
-605
-619
-591
-663
-738
-769
-722
-605
-469
-379
-419
-529
-541
-357
-68
155
211
127
89
145
252
240
200
204
304
404
396
256
65
-62
-71
-34
-127
-365
-580
-697
-563
-458
-443
-486
-671
-932
-1121
-1006
-645
-275
-171
-248
-445
-616
-468
-1
487
749
715
558
415
560
851
998
1052
1073
1119
994
763
509
416
470
541
530
357
140
28
-53
-141
-101
43
45
-189
-373
-341
-130
77
72
-24
-125
-194
-271
-236
-59
132
215
191
115
31
-31
-94
-42
33
134
221
248
177
1
-177
-144
102
324
288
23
-249
-363
-309
-169
8
159
143
-91
-349
-447
-310
-97
4
44
92
75
-143
-387
-402
-208
12
110
89
7
-158
-430
-628
-564
-263
-32
9
-130
-356
-555
-671
-657
-494
-196
41
49
-123
-250
-318
-297
-131
110
261
275
256
118
-64
-121
28
289
518
550
344
83
-16
35
170
331
484
569
515
258
-27
-118
71
414
639
600
375
128
-7
23
155
295
352
295
233
190
111
-9
-44
-9
84
159
128
-10
-202
-328
-464
-520
-412
-236
-124
-232
-401
-563
-644
-543
-363
-165
34
159
143
16
-84
-57
115
312
498
655
628
380
133
87
218
399
407
254
106
-39
-228
-422
-471
-342
-239
-257
-396
-541
-613
-596
-565
-524
-465
-396
-296
-152
-38
-44
-116
-138
-46
115
292
455
595
526
319
217
372
604
714
618
421
329
252
122
33
86
174
130
-7
-154
-257
-262
-224
-240
-209
-85
63
88
0
-45
50
221
295
280
272
286
307
351
342
298
209
103
26
-28
-88
-168
-323
-478
-622
-710
-714
-638
-596
-722
-859
-872
-734
-537
-374
-284
-279
-291
-218
-97
85
281
363
380
416
456
453
446
452
400
333
279
304
325
218
62
-52
-103
-139
-154
-209
-302
-364
-346
-268
-252
-247
-244
-250
-192
-48
59
164
258
276
268
289
435
573
577
518
498
555
656
700
638
509
367
264
283
343
396
267
21
-194
-189
-59
-11
-51
-128
-178
-200
-163
-137
-113
-67
-10
-11
-43
-40
29
105
86
39
29
48
34
-5
-54
-75
-160
-284
-372
-449
-509
-531
-493
-464
-465
-534
-634
-679
-688
-655
-504
-291
-167
-262
-413
-421
-300
-213
-158
-68
84
166
143
89
-15
-77
-46
84
233
297
230
110
93
90
-30
-130
-59
148
261
242
129
0
-47
9
83
150
233
287
270
211
151
96
168
333
467
464
444
444
399
315
277
383
499
503
408
272
176
161
199
232
226
185
102
53
-4
-84
-120
-82
20
44
43
43
33
-32
-141
-154
11
244
344
246
62
-77
-158
-172
-109
3
28
-9
-124
-316
-446
-432
-321
-250
-231
-267
-316
-367
-474
-553
-497
-322
-151
-106
-195
-336
-425
-434
-390
-318
-214
-112
-47
-78
-225
-373
-418
-275
-47
74
68
21
-92
-202
-241
-183
-69
97
182
81
-51
-136
-122
-79
-6
84
120
169
153
79
51
77
181
280
331
323
315
319
343
403
493
517
469
435
403
399
456
467
394
262
139
190
344
437
310
93
-14
22
140
241
282
262
158
6
-34
21
128
202
189
133
61
-39
-156
-183
-153
-42
44
43
-51
-252
-425
-467
-338
-186
-125
-171
-292
-475
-624
-633
-500
-334
-274
-341
-415
-433
-443
-419
-336
-224
-143
-110
-116
-147
-163
-174
-172
-100
4
81
97
42
-28
-98
-110
-46
16
28
-17
-29
-61
-135
-180
-168
-37
89
108
52
-28
-50
7
77
158
253
312
352
257
132
115
226
386
481
475
393
324
299
338
399
379
296
243
255
252
212
179
187
176
92
59
132
238
231
116
35
34
87
123
144
176
192
130
59
3
-39
-55
-54
-32
7
24
-33
-131
-253
-368
-378
-264
-138
-109
-190
-312
-373
-437
-501
-442
-255
-114
-147
-261
-344
-396
-425
-416
-308
-163
-67
-113
-247
-355
-371
-272
-129
-9
32
54
5
-59
-107
-115
-24
85
140
116
58
-25
-65
-66
-27
45
90
104
62
-5
-29
37
134
213
247
256
221
208
221
217
230
269
301
242
166
154
148
145
159
167
184
240
239
172
88
48
69
145
238
267
209
144
147
177
183
167
200
219
225
247
212
176
136
107
106
96
110
75
-6
-87
-156
-207
-225
-194
-197
-253
-284
-292
-343
-387
-388
-380
-390
-435
-437
-362
-308
-330
-409
-459
-413
-293
-248
-257
-261
-253
-257
-232
-180
-106
-80
-22
31
42
41
50
62
69
82
118
167
163
141
90
93
126
125
86
47
52
105
101
53
49
104
170
197
186
143
100
126
190
224
223
196
139
65
44
74
143
198
162
66
54
91
112
135
166
195
217
211
222
253
275
249
226
254
309
315
292
229
157
126
114
164
176
147
82
-46
-151
-193
-178
-157
-177
-214
-233
-213
-224
-337
-448
-473
-391
-293
-284
-353
-431
-456
-440
-404
-380
-355
-285
-165
-125
-231
-343
-328
-204
-134
-127
-125
-36
32
-29
-173
-237
-187
-76
67
126
106
16
-76
-95
-41
26
66
100
161
192
151
121
126
164
194
246
271
292
303
238
184
167
233
332
366
302
188
126
108
136
161
147
113
122
142
131
72
13
15
91
176
248
243
178
116
98
123
195
279
306
269
206
203
176
143
131
124
88
71
78
66
-5
-117
-188
-217
-196
-180
-205
-284
-339
-388
-426
-437
-442
-407
-360
-349
-381
-445
-496
-452
-337
-246
-240
-229
-180
-128
-162
-263
-261
-127
22
84
90
70
46
17
-19
-12
67
162
191
130
34
-25
-28
-2
27
66
69
69
73
34
-42
-64
-10
65
106
100
95
77
67
78
104
129
169
218
240
233
189
167
146
161
191
247
287
247
171
86
53
72
125
167
151
71
-19
-78
-61
-31
-1
35
47
65
43
0
-23
12
34
50
81
126
149
117
82
87
126
116
57
-20
-46
-48
-50
-79
-135
-149
-178
-213
-275
-328
-340
-299
-252
-280
-331
-367
-349
-340
-355
-319
-219
-130
-69
-77
-132
-171
-165
-92
-13
41
89
140
130
41
-35
-28
81
185
210
137
67
6
-61
-99
-60
22
76
93
36
-5
2
13
-9
-3
65
174
268
272
243
186
125
172
270
357
425
454
402
308
251
261
281
279
240
188
155
129
90
35
-52
-125
-123
-71
-54
-116
-200
-226
-188
-149
-140
-128
-140
-164
-184
-176
-103
-38
-11
-54
-107
-120
-86
-34
12
10
-39
-67
-60
-51
-50
-44
-73
-96
-96
-98
-100
-136
-210
-289
-307
-247
-150
-106
-154
-270
-350
-323
-237
-135
-111
-134
-149
-135
-120
-88
-53
13
50
37
46
76
115
107
60
60
128
211
225
158
69
50
115
173
204
171
144
108
117
147
129
120
134
137
124
138
195
236
197
141
152
227
291
288
242
220
227
242
259
244
170
105
78
65
78
81
34
-8
-49
-98
-134
-139
-134
-152
-192
-180
-151
-167
-220
-272
-271
-220
-130
-74
-81
-112
-144
-167
-157
-103
-43
-32
-43
-100
-141
-140
-103
-58
-58
-95
-135
-133
-132
-135
-193
-272
-296
-249
-155
-101
-145
-220
-247
-245
-232
-196
-108
-52
-40
-40
-29
33
115
176
170
163
217
290
339
374
376
338
272
223
210
223
246
245
210
133
89
79
58
21
-14
-19
4
30
2
-27
-12
43
103
106
81
67
117
182
215
196
157
179
209
216
200
188
196
221
220
187
159
131
73
3
-26
8
41
34
-40
-192
-261
-234
-143
-103
-131
-197
-253
-267
-291
-324
-310
-259
-213
-205
-281
-342
-355
-335
-305
-287
-261
-228
-221
-240
-310
-361
-325
-255
-179
-165
-174
-184
-223
-238
-199
-89
32
113
93
7
-35
14
150
293
367
347
280
235
229
252
299
333
321
297
268
197
152
111
68
55
63
75
81
38
-10
-22
5
37
64
87
90
80
78
93
120
134
136
129
142
168
187
178
126
86
97
148
161
131
89
60
50
59
56
71
68
59
55
18
10
31
39
35
36
50
57
14
-66
-127
-127
-58
-13
-57
-167
-265
-278
-249
-254
-300
-374
-410
-398
-389
-384
-400
-405
-411
-393
-352
-303
-227
-175
-173
-179
-155
-67
49
127
159
177
197
233
255
245
247
274
330
334
288
207
166
134
110
116
118
122
90
22
-51
-97
-84
-47
-12
-22
-62
-77
-63
1
62
81
90
112
132
142
129
121
125
150
178
186
181
149
109
80
68
65
50
9
-33
-47
-76
-83
-59
-52
-105
-174
-216
-178
-122
-91
-95
-104
-76
-76
-80
-96
-93
-42
13
45
64
31
4
-44
-67
-34
14
62
40
-55
-168
-219
-162
-68
-38
-63
-115
-147
-140
-110
-109
-93
-63
-1
44
60
40
17
56
94
127
162
195
221
213
167
158
195
234
222
170
94
42
46
41
23
6
6
3
0
-68
-152
-178
-170
-120
-103
-103
-121
-140
-147
-128
-107
-60
13
60
67
60
64
86
109
138
158
147
165
162
136
100
69
62
53
62
87
90
69
-12
-92
-113
-86
-45
-31
-68
-125
-147
-142
-117
-108
-99
-113
-121
-102
-82
-57
-46
-59
-74
-79
-29
44
61
17
-59
-106
-93
-69
-54
-59
-83
-102
-82
-72
-79
-113
-137
-111
-47
37
57
50
30
11
35
99
184
230
208
160
136
149
189
214
195
140
87
49
38
6
-16
-20
-37
-60
-100
-134
-171
-171
-152
-130
-127
-115
-88
-85
-94
-86
-35
24
64
119
151
161
177
199
222
236
235
231
231
224
204
200
182
125
71
54
44
23
-24
-90
-114
-108
-109
-122
-146
-180
-194
-197
-156
-114
-115
-142
-173
-161
-96
-55
-56
-100
-134
-130
-76
-21
-5
-21
-58
-61
-44
-47
-52
-25
-22
-47
-89
-81
-41
-27
-23
-56
-83
-57
-12
31
29
-2
-7
27
103
138
145
139
126
139
160
169
173
157
113
97
99
104
99
70
21
-35
-71
-89
-95
-111
-136
-160
-177
-174
-165
-145
-105
-53
-7
-33
-57
-61
-39
30
102
163
188
168
164
173
177
192
211
212
210
207
214
219
195
138
78
44
41
54
23
-15
-68
-129
-155
-187
-204
-214
-231
-221
-197
-200
-225
-248
-267
-244
-189
-100
-53
-34
-29
-64
-73
-31
46
122
176
163
136
120
116
133
144
132
132
140
147
110
58
17
6
8
-8
-35
-46
-72
-112
-138
-137
-93
-31
-24
-57
-81
-71
-67
-65
-55
-24
3
17
36
34
28
16
11
14
36
37
17
-39
-108
-122
-145
-155
-134
-104
-90
-56
5
23
6
-13
-21
-30
-10
37
90
141
157
142
137
128
109
44
-25
-51
-44
-6
63
124
172
158
117
22
-25
-7
-9
4
20
58
93
98
64
46
18
-29
-79
-134
-144
-129
-105
-80
-66
-40
-9
12
-9
-20
7
51
127
160
156
157
145
141
148
143
147
133
86
42
11
14
2
-7
-8
-38
-91
-97
-118
-119
-95
-77
-100
-121
-106
-100
-103
-99
-102
-107
-102
-97
-66
-31
1
2
-11
-17
-25
-43
-72
-75
-68
-59
-22
13
7
-62
-117
-108
-89
-83
-57
-48
-73
-51
6
16
37
61
36
23
38
67
86
111
144
156
147
154
71
5
18
45
56
85
87
56
27
-13
-17
-27
-26
-48
-42
-21
-3
-16
-24
-2
-30
-76
-82
-31
-13
19
74
44
-57
21
10
-12
8
66
63
74
163
110
-25
2
18
-57
11
69
23
-40
7
-14
-18
-109
-17
-36
-127
-52
2
-61
-51
68
-35
-73
106
24
-60
18
66
-18
45
49
78
55
-23
15
-32
-95
3
40
-126
29
35
-128
-77
47
-215
-23
82
-39
-10
85
-62
19
127
-107
-3
220
15
-14
252
94
-56
88
80
11
170
137
141
24
-10
-45
41
-44
-37
74
-39
-44
9
-97
-215
-51
-131
-166
-70
-4
-93
-61
-92
-103
-159
-125
10
-31
-69
16
50
-128
-93
17
-86
-53
176
90
-106
48
63
-90
-12
36
48
79
76
14
113
-16
-12
63
67
41
87
118
-7
57
46
-32
41
118
9
37
97
131
-36
-5
38
-56
45
16
122
53
-6
-42
-28
-32
-29
63
88
-31
-65
110
-122
-191
74
19
-168
163
84
-161
43
94
-86
35
148
9
-6
89
10
-10
80
28
12
-16
13
-42
-18
-4
-65
-28
-76
-74
-51
-11
-42
-82
-108
-88
-183
-76
-89
-196
-102
14
-95
-90
-58
-72
-203
-188
17
-74
-46
72
-33
-172
-70
32
-121
-49
215
-44
-62
107
22
-84
110
87
13
57
156
58
-48
121
74
50
104
166
22
-13
151
-50
13
174
60
82
95
83
7
70
216
3
-20
233
-118
-17
115
22
-71
63
88
-100
-63
48
-43
-147
130
39
-31
58
112
-92
-112
117
29
-138
76
316
-42
71
234
42
-42
132
190
-82
260
154
-12
75
8
-63
3
172
-97
-56
92
-41
-266
-123
-58
-163
-64
-49
-42
-137
-210
-66
-192
-179
-186
-69
-92
-186
10
-153
-144
-29
-146
-128
-56
-118
-121
16
-37
-153
54
-65
-88
-64
17
25
7
8
10
-25
-109
26
90
46
-54
96
-93
-92
21
-107
-30
106
-11
-21
146
-95
-32
121
24
31
180
223
8
134
193
27
27
236
198
88
138
240
64
0
275
90
-12
159
126
-39
46
66
-31
2
11
21
-5
-48
-62
-11
39
-98
25
-28
-8
12
26
44
42
-9
36
76
-94
142
109
-83
81
78
-55
-48
95
-2
-119
-29
-23
-216
-107
-5
-169
-148
-138
-175
-57
-151
-90
-59
-131
-10
-137
-77
-16
1
-125
-37
82
-74
-171
84
-48
-285
38
74
-118
-42
24
-60
-144
12
-45
-8
37
-36
-72
86
-40
-143
77
-24
-92
15
111
-33
92
88
38
20
169
137
101
128
180
69
137
167
131
136
167
153
39
270
117
79
28
176
7
36
131
113
-138
79
128
-105
34
-48
-8
-166
-29
57
-135
-53
65
-106
-230
31
33
-183
-110
160
-176
-211
220
-64
-297
144
53
-229
4
144
-149
-115
141
-42
-175
83
164
-125
23
170
32
-113
68
58
-56
-49
245
-12
-56
74
16
-164
-30
49
-166
-91
70
-119
-287
47
-102
-303
-27
36
-200
-213
116
-167
-351
181
-4
-249
132
137
-186
-124
169
-30
-136
103
158
-21
-27
164
-119
3
67
47
-8
125
92
3
11
110
-23
49
116
83
-10
61
92
121
47
159
68
61
131
56
57
131
142
33
91
155
91
75
58
33
103
-1
106
39
79
-42
56
32
-3
59
-62
2
-32
-87
-44
-78
3
-38
-90
-60
-38
-37
-85
-73
-70
-14
-14
-12
-30
-44
-95
-63
-35
13
19
-68
-102
-22
-103
-77
-98
-7
0
-185
-95
4
-180
-60
-54
-130
-32
-105
-74
-35
-68
-179
21
13
-58
-27
126
-35
32
-14
72
4
114
125
3
113
81
75
1
85
3
29
46
96
-30
29
2
34
-38
53
49
-75
41
-24
-78
43
153
-30
24
197
-70
51
174
-6
171
173
96
89
96
133
-3
92
163
32
111
-13
-68
12
-131
-48
-9
-52
-81
-99
-155
-106
-245
-152
-17
-177
-132
38
-115
-203
100
-16
-232
67
140
-200
3
196
-81
-79
40
71
-79
60
118
23
-117
50
63
-207
-46
139
-59
-167
124
-48
-261
-45
87
-156
-65
136
-53
-50
-16
20
-13
4
98
88
63
137
-15
129
152
1
114
168
-53
57
152
15
1
112
110
-101
-13
57
-88
36
36
-67
28
7
-17
2
-13
-12
112
2
68
98
68
17
139
203
-14
134
326
-23
9
237
52
-27
130
150
-68
-50
26
-10
-83
-64
-31
-178
-203
-41
-129
-162
-146
-165
-89
-213
-144
-99
-169
-73
-77
-98
-44
-19
19
-32
-83
63
48
-40
72
87
-58
52
48
6
-24
-19
36
-132
-67
-12
-135
-64
-6
-96
-131
18
-50
-64
-25
17
-74
4
51
-36
31
62
-23
-10
63
18
36
14
63
-23
43
21
13
101
27
41
-15
26
-4
-52
90
99
-19
69
31
-46
54
-44
66
108
19
112
23
72
94
30
90
130
-7
89
75
24
57
97
34
-50
104
2
-55
68
61
-160
-8
97
-94
-99
85
-111
-154
11
-88
-99
18
-3
-187
43
12
-133
36
-7
-17
65
-72
7
168
-38
-59
170
69
-57
89
144
-130
-15
156
-147
4
65
-82
-115
-48
9
-103
-80
-52
-112
-12
-73
-85
-6
-105
-63
-24
-29
-41
-47
-83
84
-3
-116
136
126
-94
32
181
-27
49
179
13
5
189
55
-9
155
162
-34
122
126
-26
103
1
42
6
13
34
55
25
-79
-16
16
-63
-12
38
11
-52
26
-62
-31
24
-23
-15
-31
-27
-102
-5
-25
-97
-73
63
-98
-85
11
-97
-123
-61
-25
-107
-25
30
-125
-164
68
-116
-154
51
-73
-68
-24
42
-146
-11
55
-81
-40
118
-19
-93
46
-69
9
-34
75
99
28
-45
54
43
-51
55
97
69
-72
172
-1
6
60
98
-59
65
146
16
31
11
126
-38
62
90
113
-15
30
55
30
30
68
149
-90
119
-34
28
122
-51
52
30
43
23
52
-5
39
-44
91
-20
53
90
-134
78
-32
-24
-2
87
12
1
2
-19
-27
-15
-84
-37
57
-190
67
-33
-73
-119
38
-75
-135
34
-32
-65
-13
0
-120
-42
-21
-14
-72
-43
73
-76
-50
-25
-44
-120
-37
-55
-54
-94
-25
-22
-172
-37
1
-101
-39
64
-119
33
40
-65
-29
77
7
-96
91
72
-56
91
106
-37
6
111
10
-5
118
34
-26
84
85
-51
-3
148
4
0
132
89
-65
109
128
-105
125
143
4
27
146
18
-49
148
84
-57
98
179
-76
80
59
17
10
60
-9
-82
111
5
-98
-1
25
-81
-32
29
-84
-36
-16
-37
-141
-39
-27
-187
19
-49
-35
-127
60
-72
-121
-71
-18
-79
-163
27
-188
-12
-91
-135
-82
-48
-139
-133
55
-27
-105
-75
107
-109
-68
117
-102
24
66
66
19
74
96
-8
-7
60
10
-25
129
40
-31
34
37
-19
-17
27
85
38
33
194
5
-2
122
15
79
65
134
80
94
107
35
77
139
83
7
201
75
49
109
17
50
-30
42
-9
-38
-30
37
-69
-77
34
-91
8
-54
-31
-65
35
-100
-31
70
-98
-36
-10
74
-70
32
47
-63
-33
14
-27
-46
12
-55
45
-71
-55
-94
-99
-101
-137
-43
-73
-48
-88
-101
-106
-103
-98
-30
-64
-109
22
-65
-62
-68
12
-74
-12
55
-59
41
27
-23
3
44
-39
38
76
25
-58
79
102
-115
16
104
-64
-13
74
18
-17
22
46
16
66
17
56
52
139
40
48
191
62
92
135
102
80
91
97
91
83
134
79
65
108
13
60
59
-8
93
72
-9
31
16
13
-105
-26
88
-63
-15
99
-27
-108
36
-18
-74
25
-30
6
-9
-52
-81
0
-97
-47
-39
-21
-60
-94
-120
-73
-140
-154
-71
-69
-167
-172
-9
-179
-190
-72
-144
-134
-146
-53
-91
-121
-47
-76
-84
-48
-56
-78
-38
16
-52
-36
52
-1
-62
19
92
-56
30
128
1
7
120
65
-36
94
109
54
52
175
93
27
196
66
102
126
104
110
213
50
89
163
88
18
177
102
48
179
56
44
79
89
-5
70
93
-26
33
81
2
-30
71
-11
-47
74
-98
10
-57
-44
-72
-11
-58
4
-129
-13
30
-123
-25
25
-36
-81
0
-30
-59
-14
18
-132
-4
-34
-103
-128
24
-121
-119
-87
-19
-118
-145
-43
-39
-155
-59
-29
-76
-106
-55
-41
-154
-12
-31
-105
-9
53
-143
-36
84
-64
-99
68
17
-76
34
73
-36
-12
83
30
7
125
80
26
63
146
6
-4
166
104
22
74
109
67
37
119
69
19
146
82
42
82
83
37
34
73
116
-58
85
122
-40
6
111
10
-15
56
-30
38
-53
-41
45
-6
-102
-13
49
-129
-30
-7
-59
-58
-48
-35
-123
-15
-72
-100
-41
-33
-13
-82
-44
-17
-75
-75
-1
-33
-21
-50
-8
-24
-86
14
-37
-68
-25
38
-106
-35
68
-117
-72
32
-10
-79
63
-30
-47
29
-18
-37
32
24
-6
106
29
27
44
78
19
67
51
70
92
16
117
75
-36
72
125
-43
25
85
33
-92
73
41
-68
36
61
-61
8
23
-5
15
23
26
32
77
13
7
96
21
-17
129
45
1
77
61
-35
-15
-19
65
-18
-29
-15
-3
-40
-55
-89
49
-89
-70
7
-60
-89
-41
-45
-80
-20
-34
-65
-63
-28
-98
-40
-8
-67
-47
1
-105
-66
-26
-52
-111
-12
-54
-71
-109
-53
-51
-146
-56
-41
-91
-91
-27
-34
-111
-18
27
-58
6
33
50
-10
26
100
-7
40
136
116
82
105
172
83
66
127
137
46
148
144
85
71
118
67
47
120
49
101
92
61
69
89
22
102
36
52
76
25
7
43
26
-41
80
7
-61
-16
37
-78
-41
4
-40
-84
22
-88
-71
-19
-35
-57
-102
-39
-47
-94
-110
-12
-109
-88
-12
-19
-122
-66
11
-119
-68
19
-91
1
-35
-58
-36
-33
-84
-64
-53
-76
-73
-80
-68
-93
-84
-135
-84
-31
-98
-103
-9
-68
-75
-54
-34
-40
-25
12
-25
37
44
40
33
94
94
45
115
141
96
113
100
164
145
95
174
171
127
88
191
163
66
143
156
67
58
134
82
51
80
107
14
67
102
0
-15
24
24
-16
-40
-12
51
-115
-75
-1
-25
-92
-78
-17
-65
-94
-65
-46
-104
-93
-62
-62
-74
-52
-97
-78
-72
-82
-97
-63
-47
-86
-102
-33
-62
-71
-71
-51
-32
-89
-37
-8
-49
-28
-57
-37
10
-36
-63
-32
-9
-38
-37
-63
-21
-57
-68
-34
21
-35
-38
21
-37
-5
9
-32
22
83
-12
-15
126
69
-45
159
100
2
116
129
102
60
154
129
120
139
158
101
107
157
87
85
130
131
84
68
53
121
13
24
97
-15
30
6
9
-18
-47
-8
-55
-22
-38
-52
-53
-90
-64
-33
-118
-64
-10
-90
-119
-31
-49
-100
-101
3
-99
-61
-65
-56
-79
-74
-59
-73
-23
-85
-43
-76
-56
-91
-129
-8
11
-45
-5
36
13
-17
-22
-26
13
-19
-18
37
28
-66
-21
-52
-7
-3
-18
-17
6
-48
-31
-8
-6
10
-6
29
16
56
37
41
96
72
48
82
101
111
66
132
115
80
113
118
75
103
85
62
26
63
56
9
41
49
6
10
10
32
-12
-24
-15
-12
-3
-49
-7
-2
8
-8
-12
9
12
-27
8
35
15
28
11
11
-12
-38
-40
-4
-25
-75
-20
-45
-94
-94
-48
-91
-125
-58
-38
-107
-101
-26
-84
-103
-51
-40
-59
-25
-14
-35
-69
-42
-36
-60
-46
-27
-16
-45
-31
-42
-42
-88
-65
-39
-66
-77
-42
-1
-102
-46
26
-51
-39
29
37
-19
47
79
57
45
100
129
93
128
142
117
139
127
135
146
88
111
143
93
81
117
86
53
65
63
41
28
46
73
44
18
61
55
15
8
49
39
9
41
48
70
4
18
50
27
3
23
22
21
-13
-31
1
-46
-61
-79
-53
-98
-99
-73
-111
-146
-124
-102
-145
-117
-82
-100
-137
-98
-110
-108
-77
-74
-76
-51
-75
-98
-53
-77
-91
-34
-34
-54
-46
-32
-21
-60
-51
-3
-18
-44
-19
-13
-15
12
18
23
25
74
35
13
45
41
32
67
38
53
99
39
75
87
81
81
75
95
103
84
61
98
68
48
64
79
46
49
56
13
18
42
34
-21
24
54
4
-21
20
5
4
-3
4
28
3
11
-26
-15
17
-19
-40
-10
7
-48
-48
3
-31
-70
-20
-54
-52
-39
-42
-62
-84
-10
-36
-91
-52
0
-82
-78
-3
-31
-46
25
24
-50
-39
45
-33
-55
25
41
5
-2
29
18
-27
24
24
-19
16
43
-1
-16
15
12
-15
-12
6
18
-5
7
31
19
12
2
37
17
3
34
41
40
35
24
5
37
24
12
33
73
27
39
61
31
23
44
67
55
50
46
56
42
12
38
35
10
13
14
-11
-9
13
-7
-49
-16
28
-39
-38
27
2
-42
-10
4
-48
-52
-23
-24
-43
-51
-8
-43
-66
-45
-44
-71
-71
-40
-62
-69
-61
-32
-95
-77
-47
-56
-76
-50
24
-46
-59
1
-7
-83
-26
17
-38
-22
41
-15
-38
19
-17
-25
-13
23
-4
-18
13
-14
-48
-21
-18
-57
-22
-18
-35
-27
-15
-13
-23
19
-1
5
18
-12
16
25
23
34
48
54
56
71
78
85
86
97
96
80
76
98
75
82
104
93
78
76
93
69
38
74
64
22
66
66
25
31
44
30
16
36
15
-7
5
13
-12
-27
-1
-32
-20
-13
-19
-24
-34
-25
-43
-39
-39
-49
-53
-37
-64
-71
-63
-59
-84
-68
-40
-55
-54
-50
-32
-31
-39
-25
4
-19
-34
-4
-17
-20
-18
-3
-5
-28
-14
-8
-14
-16
-2
-17
-29
-7
-18
-24
-29
-9
-18
-33
8
-23
-27
-4
8
-28
-18
27
-12
-7
14
28
-1
29
34
27
44
44
37
31
52
40
23
39
53
18
30
45
22
-6
18
37
18
13
45
47
-7
10
0
-5
-10
-6
3
-26
15
-22
-36
-22
-42
-28
-53
-28
-19
-45
-22
-18
-55
-18
-17
-35
-19
-8
-7
-14
-2
3
-28
-29
-3
-4
-29
4
23
-6
-21
1
4
-4
-8
24
17
2
9
12
21
23
17
24
19
35
29
10
20
10
2
11
1
-5
6
-4
-13
4
12
9
4
7
43
28
11
62
37
16
44
37
34
20
37
40
23
37
52
28
26
58
43
13
29
19
20
21
19
8
9
-9
-20
-19
-23
-39
-35
-23
-31
-41
-31
-13
-31
-23
-14
-4
-13
-11
-14
-4
-12
-26
-3
4
-24
-20
-25
-29
-38
-35
-20
-26
-32
-21
-33
-46
-39
-24
-29
-58
-41
-35
-59
-63
-44
-54
-52
-32
-40
-32
-47
-38
-26
-32
-23
-8
-13
-21
-22
8
-16
3
5
4
-2
-7
1
3
15
-1
13
13
13
23
33
33
30
32
51
40
52
56
43
65
49
55
59
76
67
50
76
73
56
65
60
52
44
63
45
31
59
40
19
12
24
23
7
3
6
-3
-23
-9
-15
-31
-16
-29
-22
-25
-23
-29
-29
-28
-36
-30
-28
-31
-23
-15
-27
-24
-9
-14
-28
-28
-17
-40
-34
-12
-27
-47
-25
-28
-44
-28
-14
-26
-38
-29
-25
-34
-24
-15
-19
-18
-24
-26
-28
-23
-24
-31
-4
-4
-21
-5
0
-10
-13
4
6
-7
10
18
-2
0
32
20
10
20
26
18
10
34
44
37
39
57
53
26
40
49
31
43
56
41
24
40
27
21
18
32
24
6
16
6
2
16
-1
-4
15
5
0
18
11
0
5
17
13
-1
10
16
1
-6
9
1
-6
-4
-9
-17
-27
-15
-19
-25
-30
-30
-37
-39
-27
-14
-22
-23
-7
-24
-24
-21
-14
-16
-9
-16
-22
-18
-23
-13
-10
-20
-6
-30
-27
-28
-27
-10
-23
-24
-11
-8
-31
-7
-4
-16
-1
0
-12
-12
1
-11
-19
-20
0
-12
-12
3
4
12
3
10
20
10
16
31
33
35
43
32
39
30
21
26
30
32
36
39
41
36
28
41
8
10
38
28
2
23
19
-4
-12
-3
7
-16
-4
15
-23
-37
1
-17
-48
-29
-9
-34
-24
-17
-15
-34
-37
-22
-23
-10
-16
-21
-21
-22
-33
-42
-23
-14
-33
-23
-5
-29
-38
-24
-16
-36
-26
7
0
-3
14
16
-5
7
28
10
5
31
34
6
16
29
22
21
33
32
16
29
34
20
33
37
18
21
33
17
21
26
21
16
28
32
18
15
31
26
11
23
18
8
25
23
28
22
15
14
20
12
13
19
12
17
20
0
0
15
10
-4
-4
8
2
-13
2
-18
-32
6
-19
-27
-25
-27
-31
-37
-43
-37
-37
-46
-35
-40
-43
-51
-47
-55
-58
-61
-67
-57
-67
-64
-59
-56
-54
-53
-45
-45
-48
-26
-24
-31
-7
-10
-12
-19
-16
-10
-7
7
-5
6
22
22
14
18
41
11
15
49
41
19
30
42
25
19
28
40
14
26
44
26
13
41
33
15
36
36
35
31
41
43
27
36
41
31
26
42
43
29
40
32
22
26
34
19
24
31
12
19
16
16
13
6
1
9
6
-1
9
6
2
-6
-8
-6
-5
-12
-12
-16
-7
-6
-19
-6
-25
-17
-24
-31
-30
-31
-32
-49
-23
-34
-27
-30
-36
-25
-17
-25
-11
-12
-19
-6
-4
-12
-3
0
-14
-8
-5
-8
-18
-11
-6
-20
-10
-6
-10
-5
-16
-21
-27
-21
-14
-27
-20
-13
-10
-15
-7
10
-9
-14
12
13
5
30
26
19
21
30
22
14
21
26
20
14
23
15
35
33
31
44
34
36
27
24
26
19
15
17
22
-11
-1
11
-6
-15
-11
-9
-12
-13
-10
-10
-5
0
6
1
7
8
-3
-2
-10
-10
-9
-16
-15
-7
-19
-22
-15
-24
-20
-18
-21
-26
-20
-25
-32
-21
-23
-29
-22
-15
-20
-21
-20
-21
-34
-34
-21
-21
-18
-9
-6
-6
-6
1
-6
-8
6
-2
0
3
9
3
-3
13
4
9
7
10
18
11
15
23
21
23
31
19
25
20
21
23
29
35
24
33
32
24
21
29
30
28
24
25
30
17
23
25
15
26
26
24
26
25
21
7
9
11
9
3
5
4
-4
-7
-9
-12
-26
-19
-28
-40
-30
-28
-42
-29
-21
-29
-30
-28
-28
-32
-32
-26
-20
-22
-26
-21
-16
-32
-15
-13
-12
-10
-1
5
-14
4
14
-1
-1
6
2
0
2
1
2
4
8
2
2
5
7
-1
3
9
2
-6
7
-4
-18
3
-2
-8
1
-1
-12
-11
-4
1
-9
1
4
-5
-7
-7
0
-10
3
2
3
3
7
18
23
17
28
31
18
22
14
15
15
8
12
21
9
10
13
9
8
3
11
5
7
9
3
3
7
5
-7
-7
-1
-2
-10
-14
-1
-8
-5
-1
3
-5
0
6
-6
-1
4
12
3
6
8
5
5
12
9
-3
6
13
7
2
6
1
-5
-12
-9
-10
-10
-9
-16
-15
-11
-19
-18
-15
-18
-24
-21
-13
-18
-22
-9
-11
-18
-12
-14
-11
-12
-10
-11
-17
-5
-3
-7
-6
3
7
5
9
17
11
7
16
9
12
21
20
24
22
19
7
11
13
4
4
7
0
1
10
4
3
0
3
-8
-7
-4
-5
-5
-3
1
-8
-10
3
-4
-5
-6
2
-1
-7
0
2
3
-1
-4
-7
-12
-10
-9
-6
-7
-8
-1
-4
-1
0
6
7
5
4
6
2
4
11
5
3
9
6
-6
2
-2
-9
-4
-4
-3
-10
-2
-2
-7
-2
0
1
3
5
1
2
6
2
-2
0
1
-3
-6
7
6
0
3
9
7
4
10
10
11
8
13
14
14
14
10
11
10
12
11
12
13
11
3
8
7
6
-1
2
8
3
1
8
3
-8
-7
-10
-13
-11
-9
-16
-16
-9
-9
-13
-8
-10
-13
-9
-8
-5
-15
-8
-4
-6
-6
-6
-9
-4
-4
-9
-11
-9
-9
-9
-6
-6
-8
-10
-5
-4
-7
-8
-4
-4
-7
-10
-10
-10
-11
-8
-12
-12
-11
-8
-3
-5
-5
1
2
-3
-1
-3
3
4
5
8
9
15
16
13
11
14
11
14
18
20
13
15
13
9
14
12
7
9
11
12
6
6
11
10
4
10
13
13
14
14
19
18
18
16
19
14
15
20
13
14
19
15
12
8
0
4
-6
-6
-7
-11
-9
-12
-15
-15
-18
-21
-20
-18
-19
-18
-19
-18
-17
-16
-9
-11
-11
-8
-12
-15
-14
-14
-18
-14
-10
-12
-8
-11
-7
-14
-12
-10
-13
-13
-13
-10
-11
-7
-6
-4
-8
-4
-3
-4
-2
5
2
8
7
7
7
6
6
1
3
-1
-1
-1
-5
0
-2
-6
-6
-3
-5
-1
3
0
2
4
3
1
3
7
4
6
10
6
3
8
8
5
12
16
11
6
8
10
9
9
13
11
8
7
8
4
0
4
2
1
4
8
2
6
8
6
4
8
10
9
9
9
7
6
8
5
6
3
0
6
6
6
5
7
2
0
4
0
0
2
2
7
3
7
12
7
8
7
1
0
0
-1
2
-1
0
0
2
2
0
3
2
-1
-1
0
-9
-6
-2
-10
-10
-13
-13
-18
-15
-15
-17
-19
-20
-19
-23
-21
-22
-18
-15
-9
-9
-8
-2
-4
3
4
6
4
4
10
6
6
5
7
9
10
10
6
5
5
4
0
-1
-4
-1
-11
-11
-13
-17
-15
-14
-12
-21
-12
-11
-21
-13
-10
-10
-9
-2
-1
-5
-1
-1
-2
3
2
2
1
-3
-1
-4
-7
-3
-4
-3
-1
-5
-3
-1
-4
1
1
4
5
6
9
7
1
2
3
3
4
5
6
4
8
6
5
6
6
4
7
7
10
7
8
13
12
13
13
11
13
10
10
10
8
13
12
11
11
9
10
7
9
7
7
6
9
9
10
13
13
15
14
14
11
11
10
10
9
8
9
6
6
0
3
8
3
-2
-3
-2
-7
-10
-7
-8
-4
-5
-6
-4
-6
-3
-1
-8
-6
-5
-7
-12
-8
-6
-12
-11
-8
-9
-15
-15
-11
-15
-14
-12
-8
-12
-11
-7
-11
-7
-7
-5
-4
0
-4
-6
-4
-5
-6
-7
-9
-13
-13
-9
-10
-10
-9
-6
-8
-9
-4
-5
-6
-7
-7
-7
-8
-7
-5
-5
-4
-4
0
-1
1
-2
-2
3
2
-1
0
-3
-3
4
5
-3
-1
1
-3
-4
2
2
-4
1
6
3
-2
4
7
6
10
13
10
10
11
11
6
12
9
9
8
11
11
9
10
7
6
7
10
6
4
6
2
2
4
-1
2
2
1
3
4
4
2
2
5
3
3
1
2
5
4
7
8
6
5
7
5
6
11
8
12
14
10
10
13
10
7
8
8
8
6
2
2
-3
-3
-1
-2
1
-2
-2
0
-4
-3
-4
-7
-6
-6
-8
-9
-8
-9
-8
-6
-1
-2
-2
-3
-3
-6
-3
-5
-5
-3
-4
-7
-4
-3
-2
-1
-1
-1
-1
1
1
-4
-7
-2
-5
-7
-7
-6
-10
-8
-7
-8
-11
-11
-6
-13
-14
-9
-8
-9
-5
-6
-6
-5
-6
-4
-6
-4
-4
-7
-6
-4
-6
-3
-5
-7
-3
-1
-2
-3
1
0
-2
2
1
0
2
4
4
-4
-4
1
1
-1
2
2
0
0
0
-4
-1
0
-1
0
-1
1
2
0
1
1
6
6
6
5
6
8
8
6
5
6
5
7
6
6
6
6
7
9
14
14
13
14
16
16
12
13
15
13
12
12
6
9
10
7
9
8
7
4
2
0
0
-2
-5
-3
-4
-6
-5
-5
-5
-8
-3
-4
-7
-8
-5
-6
-5
-3
-3
-6
-5
-5
-6
-3
0
0
-2
1
-2
-4
-3
-1
-1
0
-2
-1
2
2
0
-3
-2
0
-2
-4
-3
-6
-6
-8
-4
-5
-6
-3
-3
-3
-6
-5
-5
-8
-8
-3
-4
-4
-2
-1
1
1
4
3
-3
1
-2
-1
1
1
5
4
3
4
4
3
4
4
5
5
7
6
6
6
1
-2
2
0
-2
0
2
2
2
4
2
4
1
3
2
1
0
-1
0
0
-3
-3
-3
-4
-4
-5
-4
-3
-2
-2
2
-4
-3
-3
-4
-6
-7
-6
-6
-5
-6
-6
-6
-4
-3
-1
-1
-2
2
4
0
1
0
1
0
1
2
-1
-2
-1
-2
2
1
-1
2
3
1
3
0
0
2
0
2
1
0
2
2
2
1
3
4
3
7
5
6
6
5
4
4
4
1
2
5
5
5
4
7
5
6
6
4
3
5
6
3
2
4
2
-2
-1
0
-2
-2
-1
-1
-2
-1
-2
-1
0
-1
-2
-3
-4
-1
0
-1
-1
-2
-4
-6
-4
-2
-5
-5
-3
-1
-6
-3
-2
2
0
0
5
0
4
2
2
0
2
2
-1
0
0
1
-2
-3
-4
-6
-4
-4
-5
-5
-3
-5
-6
-8
-7
-7
-8
-9
-7
-8
-9
-8
-10
-11
-9
-9
-8
-4
-5
-6
-5
-4
-1
-2
-2
0
0
2
2
2
3
1
4
4
3
5
6
4
7
7
6
10
10
9
8
10
10
11
10
7
7
8
7
9
9
7
6
5
3
2
0
-1
0
-3
0
1
2
1
2
0
2
1
0
0
0
-1
-3
-1
-1
-4
-2
-3
-4
-4
-5
-5
-7
-3
-5
-6
-5
-6
-6
-5
-8
-6
-5
-4
-3
-3
-1
0
0
1
2
3
3
3
5
7
8
5
7
8
8
7
6
8
7
6
5
5
5
3
3
3
3
2
5
4
4
6
4
4
6
1
1
2
2
2
2
2
2
1
3
2
-3
-2
-2
0
-1
-3
-2
-2
-4
-3
-4
-5
-4
-4
-6
-7
-6
-9
-8
-7
-10
-10
-9
-10
-11
-5
-6
-7
-8
-7
-8
-9
-9
-9
-11
-7
-8
-8
-7
-6
-5
-5
-5
-5
-5
-4
-2
0
-1
1
0
1
0
0
2
0
3
3
2
4
4
6
7
9
8
7
8
7
6
7
8
9
9
8
8
8
6
7
5
8
4
4
7
6
7
6
7
7
6
3
5
5
3
4
3
3
1
2
2
-1
1
0
1
-2
0
1
-2
-2
-2
-4
-4
-1
-1
-5
-5
-1
-5
-7
-4
-6
-7
-8
-7
-8
-8
-9
-8
-9
-7
-7
-8
-7
-7
-7
-5
-5
-4
-3
-4
-1
1
1
2
1
3
2
2
4
2
4
2
1
3
2
2
1
6
6
6
7
5
4
6
5
7
8
7
7
6
8
7
6
5
4
5
4
3
2
2
0
-1
0
-1
0
-1
-1
1
-1
-4
0
-1
-2
1
-3
-5
-6
-4
-5
-5
-8
-7
-6
-5
-2
-4
-3
-5
-5
-4
-3
-2
-1
-2
0
0
1
-1
2
1
-1
0
0
-1
-1
0
-3
-1
1
-1
-3
-2
-4
-5
-5
-4
-6
-5
-5
-7
-5
-4
-3
-3
-4
0
0
1
-1
4
2
2
4
3
3
3
4
1
2
1
2
0
1
0
-1
0
-1
1
0
1
1
4
2
1
2
3
4
4
2
4
5
3
5
3
4
4
3
5
3
5
5
4
5
3
4
5
4
5
5
5
5
4
5
5
6
6
7
9
8
4
6
6
3
4
5
3
4
1
1
-1
-2
-2
-3
-5
-7
-8
-10
-10
-10
-10
-10
-10
-9
-8
-7
-10
-11
-10
-9
-7
-8
-7
-8
-7
-6
-7
-8
-8
-11
-8
-8
-7
-5
-5
-3
-1
0
-1
0
1
3
2
2
1
1
1
0
1
1
-1
-1
1
2
3
5
6
8
7
5
4
5
5
3
5
6
5
7
6
5
4
5
4
4
3
2
1
2
4
4
3
2
3
2
1
-1
-1
0
0
1
0
1
1
-2
-2
-1
-1
0
1
0
1
0
1
2
2
2
1
0
1
0
-1
-1
1
1
0
3
3
1
1
1
2
1
0
1
1
-1
-4
-2
-4
-4
-6
-6
-6
-5
-7
-6
-5
-6
-5
-3
-1
-1
-3
-2
-1
-3
0
-3
-3
-3
-3
-1
-1
0
1
1
1
4
2
2
3
3
4
4
3
4
5
4
4
5
6
3
2
2
2
1
0
2
2
2
3
4
5
5
2
3
1
1
0
-2
-4
-2
-3
-6
-6
-5
-7
-6
-5
-4
-4
-5
-6
-5
-3
-5
-3
-1
-1
-2
0
1
0
0
-1
-1
-3
-4
0
0
1
1
0
0
-1
0
0
1
3
3
6
6
5
6
3
3
2
1
1
3
3
4
4
3
3
2
0
1
0
-1
0
0
0
1
0
1
2
0
2
1
3
3
0
2
0
-2
-1
0
-1
-1
0
0
-1
0
0
1
1
1
0
2
1
1
2
1
1
1
0
-1
-2
-2
-1
1
2
1
2
1
0
0
0
1
-1
-2
-2
-3
-3
-3
-2
-3
-3
-4
-3
-2
-2
-3
-3
-4
-5
-4
-4
-3
-2
-3
-3
-5
-5
-5
-6
-5
-4
-6
-6
-4
-4
-3
-2
-2
-2
-3
-2
-1
-2
-2
-1
0
0
2
0
1
0
2
1
2
1
2
1
3
2
2
2
3
2
2
2
3
3
2
4
4
5
5
4
5
6
6
6
4
5
5
4
4
5
5
5
5
5
6
5
4
6
4
4
4
5
6
4
5
5
5
4
3
4
4
4
3
3
3
2
0
-1
-2
-3
-5
-4
-4
-5
-5
-7
-6
-5
-7
-6
-7
-7
-5
-6
-6
-5
-8
-5
-7
-6
-5
-6
-4
-5
-5
-4
-5
-4
-3
-4
-4
-3
-2
-1
-2
-1
-2
-2
-2
-3
-3
-3
-3
-1
-1
-1
0
-1
-1
1
1
-2
1
0
1
0
-1
0
-1
-1
-1
0
-1
0
1
2
1
1
3
3
2
4
3
4
3
3
5
2
3
2
1
2
0
1
0
2
1
1
3
2
4
3
4
4
4
5
3
4
2
4
2
2
1
2
2
2
2
0
0
0
0
0
0
-1
0
0
-1
-2
-4
-3
-4
-4
-3
-4
-5
-6
-6
-3
-5
-5
-4
-3
-2
-1
-1
0
1
2
2
1
4
4
4
4
3
3
4
3
5
6
5
4
4
3
1
2
2
1
3
4
3
2
2
2
1
1
0
1
0
0
0
0
-1
-2
-1
-2
-2
-2
-3
-2
-2
-1
-1
-1
-2
0
-1
-2
-1
-3
-4
-4
-4
-5
-4
-3
-3
-4
-2
-3
-4
-2
-2
-2
-1
-2
-1
-1
0
1
0
0
-2
-2
-3
-3
-2
-5
-5
-4
-5
-4
-3
-3
-3
-3
-4
-3
-3
-2
-1
-3
-3
-2
-2
-1
-2
-2
0
-1
0
2
0
2
2
2
2
3
4
5
4
5
5
4
5
4
4
3
4
2
1
1
2
1
0
1
1
0
3
2
3
6
4
6
7
7
7
8
7
6
6
4
5
6
6
4
4
4
3
2
3
2
1
0
2
1
-1
-2
0
0
-1
0
0
0
0
0
-1
-1
-2
-3
-1
-2
-2
-1
0
0
-2
-1
-1
-3
-2
-3
-4
-4
-2
-2
-2
-2
-1
-2
-4
-4
-4
-3
-2
-3
-2
-2
-1
-2
-2
-3
-2
-2
-2
-2
-3
-2
-2
-2
-1
-2
-2
-2
-3
-2
-1
-2
-1
-1
-2
-2
-1
0
0
1
1
0
2
3
2
2
0
0
-1
-1
-1
-1
0
-1
-2
-3
-3
-3
-3
-2
-1
-1
0
0
0
-2
0
-1
-3
-1
0
0
1
1
1
2
-1
0
0
0
-1
0
0
-2
-2
-2
-1
-2
-1
0
0
-2
-3
-2
-2
-3
-1
-1
0
-1
0
1
0
2
0
1
1
2
2
3
3
3
2
2
2
1
1
3
2
1
3
5
5
4
4
2
4
3
3
4
4
6
4
4
3
5
5
6
6
7
7
7
7
7
8
6
5
6
5
4
5
3
2
0
0
-1
-1
0
-1
0
-1
-1
-1
-1
-2
-3
-2
-4
-4
-4
-3
-3
-2
-2
-2
-2
-1
-2
-1
-1
-1
-2
-2
-3
-3
-3
-4
-5
-6
-4
-5
-5
-6
-6
-7
-6
-7
-6
-7
-6
-5
-6
-5
-4
-3
-2
-3
-1
-3
-1
-2
-1
-2
-1
-2
-1
-2
-3
-3
-4
-2
-2
-3
-2
-1
-1
0
0
1
1
1
2
2
1
1
2
1
0
2
2
2
2
2
4
4
4
4
3
5
5
6
4
4
5
5
5
4
3
3
2
3
1
1
2
2
1
1
2
2
0
0
1
0
1
2
2
1
2
4
2
3
2
