-1
-1
-1
-1
-2
-1
-2
-1
-1
-2
-2
-2
-3
-2
-2
-1
-3
-2
-3
-3
-4
-4
-3
-3
-3
-2
-3
-2
-1
-1
-2
-2
0
-1
0
0
0
0
0
2
1
1
1
1
2
2
1
2
0
1
-1
0
1
1
1
1
1
1
1
1
0
1
0
1
1
-1
0
0
-1
-1
-1
-2
-2
-2
-2
-1
0
0
0
0
0
1
1
0
-1
-2
-1
-2
-2
-2
-3
-2
-3
-1
-2
-3
-1
-3
-2
-3
-2
-1
-2
-1
-1
-1
1
1
1
3
2
3
2
2
3
3
2
3
3
3
3
2
2
1
0
0
1
1
0
-1
0
1
1
0
1
1
1
1
1
1
2
1
2
2
3
3
2
1
1
1
0
0
0
2
0
0
0
-1
0
1
1
1
1
1
0
1
0
0
1
0
-1
-2
-3
-1
-2
-2
-1
-2
-2
-2
-2
-1
-2
-1
0
0
-1
1
1
-1
0
1
1
1
2
2
1
1
1
1
1
1
2
1
0
1
1
0
1
0
-1
0
-1
0
-1
-1
-1
-2
-1
-2
-2
-2
-1
-1
-2
-3
-3
-3
-4
-5
-4
-5
-4
-6
-5
-5
-5
-4
-5
-3
-3
-2
-3
-2
-1
0
-1
0
0
2
1
2
2
3
3
3
4
4
5
6
6
6
6
6
6
7
7
6
5
5
5
5
5
4
4
2
2
1
0
-2
-1
-1
-3
-2
-3
-4
-4
-4
-5
-5
-5
-5
-6
-6
-6
-8
-6
-6
-6
-6
-6
-6
-5
-5
-6
-4
-3
-2
-1
-1
0
0
0
2
2
2
2
2
3
3
2
2
3
3
4
5
5
5
5
5
6
7
6
8
8
8
7
7
6
7
6
5
4
3
3
2
1
0
-1
-1
-2
-2
-2
-3
-3
-2
-2
-2
-3
-2
-3
-4
-3
-3
-4
-4
-4
-3
-2
-3
-2
-2
-3
-3
-2
-2
-1
-3
-1
-1
-1
-1
-2
-2
-2
-1
-1
-2
-2
-2
-2
-2
0
-1
0
0
1
1
1
3
2
3
3
2
3
2
2
2
2
3
2
2
1
1
1
1
1
1
1
0
0
0
0
-1
0
0
0
0
-1
0
1
0
-1
-1
0
0
0
-1
0
0
0
0
0
1
0
0
1
1
1
1
1
2
0
1
0
0
0
-1
-2
-1
0
-1
-2
-2
-3
-2
-3
-2
-1
-2
-2
-1
-1
-1
-1
-1
-1
-1
1
-1
-1
0
0
0
-1
-1
-1
-1
0
-1
-1
0
0
0
0
0
0
-1
0
-1
0
-1
0
-1
-2
-2
-3
-3
-3
-4
-3
-3
-3
-2
-1
-1
-2
-1
0
0
1
1
1
2
1
2
1
2
2
2
2
3
2
3
2
2
1
1
1
2
2
2
3
3
4
4
3
3
2
3
4
3
5
4
4
5
4
4
3
3
3
3
3
3
2
2
1
1
0
0
0
-1
0
-1
-1
-2
-1
-2
-2
-4
-3
-3
-3
-3
-3
-3
-3
-3
-3
-4
-3
-3
-3
-2
-3
-3
-2
-3
-2
-1
-1
-1
1
0
1
0
1
1
1
1
0
1
1
1
0
0
-1
-1
-2
-1
-1
-1
-2
0
-1
-2
-2
-1
-2
-3
-3
-3
-3
-4
-3
-2
-3
-4
-4
-3
-2
-3
-2
-1
-1
-1
-1
-1
-1
0
0
1
2
3
2
2
1
1
2
3
4
4
3
5
4
5
4
3
3
2
2
2
1
2
1
1
0
-1
-1
-1
-2
-1
-3
-3
-3
-3
-2
-2
-2
-1
0
1
0
1
0
0
1
0
2
1
1
1
2
1
1
2
1
0
0
1
0
1
0
2
2
2
3
3
3
3
4
4
4
3
3
3
3
1
0
2
0
0
1
2
1
2
2
1
2
3
1
2
1
1
1
1
0
0
0
0
-1
-1
-2
-3
-2
-3
-3
-4
-3
-3
-4
-3
-4
-4
-5
-4
-4
-4
-5
-4
-4
-4
-4
-5
-4
-4
-5
-4
-3
-2
-2
-2
-1
-3
-1
-3
-1
0
-1
0
0
0
1
0
0
1
0
0
1
1
1
1
1
0
0
0
-1
-2
-1
0
-1
0
0
0
0
-2
-2
0
0
-1
1
1
1
1
-1
0
-1
1
1
0
0
2
2
2
3
2
2
2
2
2
1
2
1
2
3
2
2
2
1
1
2
1
1
0
0
1
0
0
-1
0
0
-1
0
0
-1
1
0
0
1
1
1
1
1
1
2
1
3
2
2
4
3
5
4
4
5
5
6
6
5
6
6
6
5
6
6
6
6
6
6
4
5
3
2
2
1
0
-1
0
-1
-2
-3
-4
-4
-5
-5
-6
-7
-7
-8
-9
-9
-10
-10
-9
-9
-9
-9
-9
-9
-9
-8
-9
-8
-8
-8
-7
-6
-6
-5
-5
-3
-3
-3
-1
-1
-1
0
1
2
2
2
3
2
4
3
3
4
3
4
4
4
4
4
4
4
2
4
3
2
2
3
4
3
3
2
1
1
0
-1
0
1
0
-1
-2
-1
-1
-1
-3
-2
-3
-2
-3
-3
-4
-3
-3
-3
-2
-2
-1
0
-1
1
0
1
2
2
3
4
4
4
5
5
5
5
7
6
6
6
7
7
7
7
6
7
6
6
5
6
5
4
4
4
4
4
3
3
2
3
2
1
1
0
-1
-1
-2
-2
-2
-3
-3
-4
-4
-4
-4
-4
-6
-5
-6
-5
-5
-5
-4
-4
-3
-4
-4
-4
-4
-3
-3
-3
-4
-3
-2
-3
-1
-2
-1
-1
-1
-2
0
0
0
-1
1
0
-1
-1
-1
-1
-2
-2
-3
-2
-3
-4
-3
-4
-2
-3
-4
-3
-3
-3
-2
-3
-3
-2
-1
-2
-1
-2
-1
0
0
0
1
2
3
3
4
5
4
4
4
5
4
4
4
4
5
5
5
4
3
3
3
4
3
2
2
2
2
2
2
2
2
2
1
3
2
3
3
1
1
1
2
1
1
1
2
2
0
0
-1
-1
-2
-2
-3
-4
-4
-3
-4
-4
-4
-4
-4
-6
-6
-6
-6
-6
-6
-6
-6
-6
-5
-5
-4
-5
-3
-4
-3
-3
-2
0
-1
-1
0
1
0
1
2
2
3
3
3
2
2
3
3
2
2
2
3
3
3
3
2
3
2
3
3
3
3
2
2
1
1
2
1
1
0
2
3
1
1
1
3
3
3
4
3
4
4
4
5
4
5
5
4
5
5
4
4
4
3
4
2
3
3
2
1
1
1
1
0
0
-1
-2
-2
-2
-2
-2
-3
-2
-2
-4
-4
-3
-5
-4
-4
-4
-4
-4
-4
-3
-3
-4
-4
-6
-6
-6
-5
-4
-5
-4
-5
-4
-4
-3
-3
-3
-2
-3
-1
0
-1
0
0
0
0
1
1
1
0
0
0
-1
-1
-1
-1
-2
-3
-2
-2
-3
-4
-2
-2
-3
-3
-4
-4
-4
-4
-2
-3
-2
-3
-2
-2
-2
-2
-1
-1
-2
-1
0
-1
0
0
0
0
0
1
3
3
4
3
4
4
6
5
6
6
6
6
6
6
6
6
6
7
5
6
5
5
5
5
4
2
2
2
0
1
-1
-2
-1
-2
-2
-3
-3
-4
-4
-4
-4
-4
-5
-3
-4
-3
-3
-3
-3
-3
-4
-3
-2
-3
0
1
1
2
3
5
6
8
7
9
10
10
12
12
11
12
12
11
12
11
13
11
10
10
9
6
5
5
5
3
1
1
1
0
-2
-3
-4
-5
-6
-6
-7
-10
-9
-9
-9
-10
-11
-11
-12
-12
-14
-14
-14
-13
-14
-14
-13
-14
-13
-13
-12
-10
-11
-11
-10
-10
-11
-10
-10
-9
-9
-9
-9
-8
-8
-7
-6
-6
-6
-6
-5
-6
-5
-5
-4
-2
-2
-1
0
1
2
3
3
4
5
7
9
8
10
10
10
11
12
13
13
14
14
14
15
16
15
17
17
18
18
18
18
18
18
18
18
18
18
18
18
17
16
18
17
15
14
14
13
11
9
8
5
4
3
0
-2
-5
-6
-9
-10
-13
-14
-16
-18
-19
-21
-21
-23
-24
-24
-26
-27
-27
-27
-28
-27
-27
-27
-26
-26
-23
-24
-23
-22
-21
-20
-20
-19
-18
-17
-15
-16
-14
-13
-12
-11
-10
-9
-5
-5
-3
0
2
3
4
7
8
10
11
13
15
18
19
20
22
23
25
27
29
32
34
36
37
39
39
40
41
42
42
43
42
42
40
39
37
35
33
30
28
26
24
21
19
16
12
10
6
3
-2
-6
-10
-12
-16
-20
-22
-26
-29
-32
-34
-35
-36
-38
-39
-39
-40
-41
-41
-42
-44
-44
-44
-44
-45
-45
-45
-45
-44
-43
-40
-39
-37
-35
-33
-29
-27
-24
-21
-20
-18
-17
-17
-16
-16
-16
-20
-24
-29
-29
-32
-33
-34
-31
-29
-24
-18
-10
-1
7
13
18
25
29
35
39
44
45
50
55
59
67
73
81
87
95
102
109
113
115
118
118
116
114
110
103
97
90
83
78
71
67
62
57
49
44
38
31
25
17
11
1
-9
-19
-30
-42
-51
-60
-67
-74
-81
-87
-91
-94
-96
-96
-97
-97
-98
-98
-100
-101
-99
-99
-98
-99
-98
-97
-95
-90
-87
-84
-81
-76
-70
-65
-60
-53
-49
-41
-36
-32
-27
-23
-21
-19
-24
-27
-37
-47
-54
-59
-63
-69
-70
-66
-53
-38
-25
-10
7
22
38
50
60
70
74
79
83
86
94
98
103
109
117
129
145
158
173
183
192
201
206
206
204
198
188
178
166
154
137
117
98
82
72
56
41
30
26
21
16
10
0
-8
-21
-30
-38
-56
-74
-90
-102
-118
-130
-131
-134
-135
-132
-124
-114
-109
-98
-94
-90
-89
-87
-89
-94
-99
-106
-109
-118
-123
-123
-122
-117
-114
-103
-95
-86
-76
-66
-61
-57
-54
-56
-59
-60
-59
-60
-62
-57
-52
-46
-38
-27
-13
1
14
32
47
55
64
66
67
62
48
28
-3
-33
-51
-49
-43
-40
-43
-41
-21
12
51
79
94
96
97
104
114
122
123
117
108
102
102
109
116
123
125
136
154
176
194
196
194
186
185
185
181
171
154
138
122
109
98
89
69
49
37
30
25
11
-2
-16
-25
-36
-52
-68
-87
-107
-123
-136
-150
-165
-183
-197
-204
-206
-198
-189
-189
-188
-188
-180
-168
-154
-141
-136
-135
-132
-126
-122
-110
-103
-95
-89
-82
-76
-67
-54
-44
-34
-25
-14
-4
2
6
14
19
22
23
28
29
36
36
40
46
55
62
67
76
83
97
107
118
124
129
125
122
119
111
102
87
64
25
-23
-56
-68
-69
-81
-105
-127
-135
-113
-80
-56
-46
-48
-51
-48
-37
-22
-14
-11
-13
-19
-10
4
22
35
34
36
50
74
103
123
133
137
146
159
170
185
183
174
158
148
144
137
121
94
70
50
33
13
-8
-25
-36
-42
-54
-67
-82
-94
-104
-110
-117
-126
-132
-148
-155
-157
-149
-136
-124
-117
-107
-95
-76
-50
-24
-5
5
18
31
46
52
58
62
54
54
53
57
64
68
70
68
73
78
83
84
82
74
66
57
49
43
32
19
9
3
-3
-10
-17
-23
-24
-21
-18
-17
-15
-17
-19
-16
-18
-21
-33
-42
-59
-90
-119
-158
-184
-201
-206
-215
-230
-239
-237
-219
-188
-164
-145
-132
-117
-99
-78
-54
-30
-16
-5
6
14
27
42
55
61
67
76
94
118
141
151
160
174
193
210
223
236
236
233
226
228
225
219
205
179
163
145
128
104
85
72
51
36
17
4
-6
-14
-21
-30
-38
-49
-61
-72
-76
-70
-68
-70
-70
-75
-74
-69
-54
-43
-31
-22
-20
-20
-15
-9
-8
-14
-25
-32
-38
-47
-49
-52
-55
-59
-62
-63
-60
-56
-57
-51
-49
-42
-40
-39
-38
-40
-40
-38
-40
-37
-40
-41
-33
-30
-26
-18
-14
-3
4
12
22
26
26
20
10
-6
-13
-33
-61
-94
-117
-124
-133
-140
-152
-162
-163
-149
-131
-113
-97
-88
-79
-70
-55
-35
-17
2
14
19
24
28
36
40
41
45
57
70
85
100
107
119
134
150
171
187
204
218
238
250
261
264
263
257
250
248
235
217
200
177
154
136
119
103
83
64
46
41
39
39
27
16
11
9
8
10
1
-6
-11
-16
-24
-23
-32
-44
-55
-67
-76
-87
-94
-108
-117
-130
-146
-159
-172
-174
-182
-192
-200
-210
-220
-225
-225
-225
-226
-224
-216
-210
-193
-178
-172
-161
-157
-148
-138
-131
-128
-121
-111
-102
-92
-81
-66
-52
-34
-15
-2
15
29
39
47
58
56
48
38
20
18
13
-4
-21
-36
-47
-57
-56
-53
-43
-36
-34
-31
-27
-14
5
24
33
43
50
60
73
89
109
126
138
160
187
205
230
251
273
291
312
327
351
372
385
395
394
391
391
385
366
345
324
298
267
235
198
168
132
102
75
56
36
9
-8
-27
-50
-74
-97
-112
-125
-142
-159
-172
-181
-182
-194
-208
-216
-225
-230
-252
-262
-279
-301
-318
-330
-335
-335
-335
-338
-336
-333
-321
-320
-315
-299
-281
-263
-248
-226
-207
-188
-173
-151
-134
-121
-112
-100
-86
-81
-75
-72
-60
-49
-34
-14
6
33
49
75
106
128
153
168
183
192
196
194
194
171
155
132
113
89
52
18
-5
-23
-42
-55
-67
-64
-57
-48
-46
-35
-12
14
45
74
111
147
174
193
216
240
256
273
288
302
312
324
338
349
351
349
335
328
330
327
318
306
291
273
257
228
205
168
131
82
38
-4
-46
-88
-134
-167
-205
-237
-251
-267
-278
-292
-306
-304
-301
-283
-263
-250
-243
-233
-223
-221
-216
-216
-213
-221
-237
-253
-254
-250
-257
-254
-247
-227
-214
-198
-177
-150
-123
-105
-80
-69
-51
-38
-26
-11
-1
14
23
32
43
52
63
76
86
93
97
108
124
135
141
154
158
174
179
187
198
203
214
216
215
215
202
182
160
129
92
49
11
-39
-105
-166
-214
-255
-293
-322
-330
-316
-299
-282
-258
-216
-162
-101
-37
29
81
125
162
193
214
230
240
233
226
219
215
213
199
197
198
198
195
196
205
226
234
234
236
235
233
203
154
113
88
41
-14
-69
-118
-165
-200
-234
-253
-260
-267
-261
-255
-233
-207
-185
-160
-123
-93
-69
-39
-14
7
27
34
40
48
42
33
27
9
-3
-9
-20
-26
-45
-46
-49
-48
-59
-69
-77
-74
-67
-64
-56
-43
-38
-29
-31
-27
-8
4
20
30
38
50
50
49
45
26
12
-12
-29
-33
-38
-47
-50
-44
-36
-34
-31
-25
-19
-24
-37
-78
-130
-178
-222
-291
-365
-442
-488
-496
-512
-521
-518
-470
-392
-314
-234
-143
-49
54
159
262
361
438
481
501
521
538
539
536
511
481
456
428
427
423
422
423
414
425
452
479
484
461
444
424
398
354
276
180
92
23
-68
-171
-260
-310
-340
-360
-381
-367
-319
-271
-222
-178
-130
-80
-21
8
48
79
86
66
37
16
-8
-37
-82
-124
-146
-154
-166
-177
-176
-167
-160
-177
-199
-221
-246
-273
-315
-341
-345
-344
-350
-332
-311
-283
-248
-225
-198
-170
-121
-72
-34
-12
5
27
32
41
35
28
20
-6
-26
-17
8
18
21
22
52
72
83
74
47
-6
-94
-182
-256
-319
-426
-554
-649
-664
-636
-615
-595
-527
-390
-230
-93
45
198
359
521
671
806
923
971
965
926
893
866
802
707
597
508
452
413
376
341
305
268
261
291
312
329
305
266
244
222
185
99
-24
-128
-218
-291
-360
-417
-475
-529
-525
-478
-411
-349
-286
-182
-78
17
105
181
252
270
253
230
197
135
72
-26
-117
-182
-242
-292
-353
-401
-428
-438
-440
-446
-431
-405
-387
-383
-379
-343
-302
-270
-238
-200
-155
-113
-70
-13
40
94
132
161
187
210
216
208
187
155
107
66
28
-12
-47
-66
-79
-72
-35
0
70
152
204
253
271
241
115
-86
-268
-369
-454
-668
-956
-1144
-1133
-1005
-922
-860
-712
-428
-100
178
409
655
907
1107
1240
1349
1429
1412
1238
990
816
703
564
362
157
32
-36
-89
-106
-60
14
47
50
90
200
288
243
100
0
-12
-43
-150
-312
-414
-444
-419
-378
-344
-268
-188
-52
63
171
282
356
388
351
287
239
159
70
-83
-255
-396
-475
-533
-579
-615
-628
-586
-533
-445
-374
-291
-247
-216
-166
-106
-44
-42
-67
-70
-27
26
64
111
155
202
228
255
302
332
321
259
175
105
52
-21
-120
-231
-312
-344
-386
-380
-370
-315
-247
-194
-127
-23
115
258
358
447
560
693
730
709
572
254
-168
-512
-636
-776
-1123
-1575
-1805
-1598
-1238
-1005
-859
-611
-120
370
717
953
1170
1353
1431
1422
1404
1378
1189
804
395
201
161
132
-22
-160
-172
-103
4
99
241
344
294
203
189
265
260
6
-311
-443
-400
-328
-422
-550
-509
-286
38
287
456
583
686
829
900
900
822
658
433
110
-185
-411
-558
-696
-860
-981
-948
-815
-676
-570
-494
-374
-252
-150
-109
-96
-93
-162
-180
-198
-179
-149
-146
-128
-96
40
146
219
253
286
302
276
178
47
-62
-192
-307
-453
-525
-525
-519
-503
-447
-314
-160
-46
37
169
332
422
459
436
462
529
565
539
504
508
511
455
256
-95
-558
-914
-1080
-1173
-1388
-1743
-1894
-1704
-1221
-800
-536
-229
179
706
1077
1306
1442
1535
1531
1443
1344
1272
1117
746
360
103
72
63
-3
-119
-202
-169
-135
-70
6
26
-87
-300
-407
-338
-254
-339
-521
-546
-313
-3
209
326
496
769
1046
1281
1395
1359
1203
975
775
512
252
-80
-452
-780
-1093
-1227
-1249
-1169
-1112
-1061
-955
-747
-453
-235
-145
-132
-71
33
134
159
171
165
181
239
289
383
387
375
316
232
202
123
11
-164
-352
-463
-535
-587
-625
-630
-612
-565
-445
-297
-167
-81
1
97
200
203
191
185
201
220
215
226
227
305
411
495
584
648
685
629
447
93
-524
-1173
-1619
-1776
-1931
-2307
-2621
-2491
-1857
-1053
-444
52
587
1272
1848
2133
2209
2132
1969
1613
1223
957
770
404
-99
-483
-486
-260
-84
-29
-44
29
108
143
112
57
-113
-465
-817
-918
-730
-566
-562
-514
-144
510
1116
1475
1660
1856
2088
2225
2099
1721
1186
613
58
-473
-893
-1209
-1440
-1640
-1784
-1709
-1424
-1041
-765
-623
-509
-329
-89
58
86
27
5
42
151
322
481
572
592
631
711
741
613
330
-31
-343
-581
-807
-1026
-1239
-1316
-1278
-1143
-938
-668
-379
-146
33
205
365
441
429
326
264
250
247
177
143
196
334
447
472
480
517
540
519
460
421
420
367
165
-285
-999
-1720
-2188
-2240
-2142
-2279
-2453
-2312
-1472
-308
606
1175
1550
1997
2413
2543
2343
1933
1453
886
412
200
218
170
-127
-425
-341
66
461
527
275
20
-206
-393
-598
-768
-947
-1223
-1417
-1267
-648
93
595
863
1306
2019
2638
2802
2502
2069
1627
1259
773
144
-540
-1206
-1593
-1807
-1763
-1542
-1343
-1187
-1192
-1041
-745
-425
-255
-339
-489
-533
-290
51
309
433
585
800
1068
1257
1315
1156
731
244
-229
-537
-909
-1316
-1725
-1965
-1828
-1537
-1161
-875
-565
-238
67
283
377
414
289
95
-62
-43
62
157
227
372
698
1005
1178
1114
1024
952
793
505
56
-263
-460
-563
-621
-627
-518
-473
-708
-1278
-1773
-1822
-1421
-1203
-1430
-1629
-1257
-195
799
1385
1632
1874
2234
2420
2364
2073
1743
1249
675
226
116
155
-45
-479
-792
-686
-473
-389
-551
-730
-883
-1040
-1088
-1016
-712
-492
-431
-302
219
1110
1806
2035
1981
2129
2390
2403
1972
1265
673
141
-288
-703
-1028
-1287
-1551
-1690
-1695
-1432
-1090
-950
-1040
-1191
-1125
-810
-526
-362
-275
-118
249
708
1170
1478
1559
1533
1363
1189
926
565
10
-674
-1201
-1471
-1471
-1514
-1561
-1516
-1317
-964
-582
-295
-132
-47
-10
-7
-2
85
152
150
141
274
592
905
1038
1011
1002
1005
923
663
253
-143
-459
-695
-861
-870
-742
-502
-272
55
406
718
832
556
-111
-1173
-2029
-2356
-2106
-1994
-2153
-2099
-1337
204
1622
2506
2779
2859
2942
2764
2204
1390
586
-186
-869
-1235
-1026
-590
-352
-382
-359
-60
269
369
13
-514
-1099
-1491
-1609
-1427
-958
-565
-235
260
1193
2287
2929
2916
2604
2348
2068
1550
643
-298
-966
-1225
-1211
-1116
-947
-752
-640
-573
-531
-399
-386
-659
-1102
-1527
-1492
-1057
-420
126
549
1016
1617
2185
2456
2302
1786
1038
253
-433
-989
-1466
-1911
-2216
-2165
-1725
-1015
-460
-151
-91
3
133
113
-49
-362
-662
-826
-767
-417
98
550
874
1093
1366
1623
1660
1277
597
-21
-453
-772
-1085
-1352
-1359
-1147
-751
-314
178
593
785
825
715
675
483
-66
-1173
-2397
-3043
-2716
-1881
-1371
-1063
-600
581
2020
3059
3359
3061
2519
1877
1147
405
-187
-696
-1144
-1368
-1035
-220
510
661
337
66
-122
-319
-753
-1248
-1702
-2002
-1992
-1516
-420
770
1547
1907
2266
2895
3322
3069
2185
1218
505
-1
-502
-999
-1241
-1195
-897
-602
-269
-103
-117
-521
-1048
-1505
-1629
-1562
-1600
-1535
-1279
-518
563
1602
2315
2569
2469
2250
1906
1403
670
-222
-1087
-1678
-1787
-1581
-1256
-1039
-900
-688
-379
-76
-62
-298
-715
-1037
-1106
-997
-688
-301
-19
254
557
993
1412
1475
1168
682
308
138
31
-186
-454
-573
-519
-340
-191
-78
-20
-64
-217
-272
-164
35
-9
-88
-191
-246
-636
-1509
-2206
-2189
-1359
-784
-630
-521
291
1599
2559
2848
2701
2452
2112
1462
721
264
50
-204
-659
-777
-346
258
324
-267
-779
-1068
-1171
-1451
-1759
-1875
-1798
-1472
-896
111
1246
2066
2397
2515
2760
2966
2676
1927
1117
561
85
-424
-886
-1036
-987
-898
-894
-937
-921
-990
-1079
-1407
-1656
-1647
-1286
-817
-425
-47
460
1215
1974
2448
2412
2001
1581
1198
739
179
-387
-853
-1172
-1330
-1221
-991
-781
-819
-958
-1025
-906
-661
-610
-703
-776
-640
-310
56
350
530
507
431
426
529
590
481
286
116
144
298
448
433
252
-60
-356
-568
-615
-583
-605
-691
-705
-439
-124
216
334
168
-524
-1625
-2445
-2497
-1658
-992
-726
-558
276
1749
2944
3327
2997
2420
1878
1256
565
163
22
-15
-219
-211
222
707
678
-79
-982
-1694
-2116
-2461
-2618
-2459
-2061
-1443
-590
687
2100
2997
3148
2873
2663
2611
2263
1579
861
395
208
44
-81
-224
-493
-764
-1187
-1495
-1884
-2134
-2234
-2331
-2132
-1609
-736
132
689
930
1064
1401
1862
2059
1816
1288
998
1024
1072
974
655
235
-350
-913
-1297
-1507
-1624
-1902
-2103
-2029
-1499
-749
-269
-21
145
326
416
304
112
-87
-244
-317
-219
81
442
757
954
1025
1014
926
655
300
-81
-354
-591
-735
-778
-578
-329
-270
-258
-415
-397
-429
-567
-1183
-2196
-2987
-2997
-1950
-781
-38
387
1077
2149
2989
3089
2688
2140
1585
976
415
373
785
1268
1261
1042
1024
1085
697
-449
-1762
-2695
-3103
-3228
-3117
-2586
-1757
-900
-177
537
1344
1872
1894
1654
1588
1824
2013
2096
2216
2439
2500
2047
1181
221
-532
-1189
-1900
-2534
-2859
-2735
-2257
-1667
-1106
-673
-379
-235
-256
-386
-499
-345
59
586
1091
1595
2109
2456
2418
2013
1417
785
104
-649
-1317
-1658
-1586
-1405
-1259
-1177
-1059
-919
-923
-1024
-1124
-1080
-905
-663
-347
20
398
691
795
781
664
528
373
265
291
407
564
700
852
917
759
378
-51
-335
-461
-643
-983
-1235
-1249
-1044
-1022
-1621
-2589
-3188
-2677
-1469
-513
-126
200
1123
2242
2921
2982
2738
2476
2102
1537
1178
1408
1959
2107
1642
1121
1009
909
148
-1191
-2433
-3032
-3065
-2847
-2447
-1930
-1424
-1032
-629
-5
549
709
512
517
1083
1878
2474
2857
3169
3294
3037
2271
1325
111
-871
-1642
-1962
-2314
-2567
-2331
-1926
-1606
-1688
-1547
-1434
-1209
-1262
-1370
-1268
-517
603
1381
1547
1719
2106
2224
1844
1366
1060
752
329
-4
-113
9
-13
-516
-1164
-1555
-1436
-1479
-1769
-1877
-1486
-997
-647
-235
194
430
324
145
37
196
425
515
538
682
1143
1471
1465
1242
996
642
171
-165
-328
-271
-206
-287
-502
-699
-753
-1065
-2067
-3378
-3989
-3271
-1814
-744
-281
82
1029
2055
2410
2114
1711
1602
1510
1309
1377
2049
2917
3157
2575
1764
1212
703
-246
-1456
-2311
-2572
-2453
-2172
-1739
-1246
-1050
-1283
-1586
-1483
-1116
-900
-695
-180
869
1937
2593
2881
3012
3014
2550
1687
789
321
260
240
74
-80
-251
-528
-1031
-1669
-2157
-2410
-2414
-2276
-1986
-1586
-971
-244
365
677
675
546
548
717
973
1252
1543
1733
1733
1559
1315
1075
640
-23
-742
-1176
-1194
-985
-837
-877
-1035
-1183
-1262
-1312
-1289
-1174
-960
-713
-391
57
529
875
1006
991
904
924
984
998
962
909
877
725
583
386
71
-405
-865
-1166
-1439
-2070
-3015
-3618
-3121
-1669
-578
-493
-860
-591
202
696
622
466
803
1375
1828
2229
2797
3358
3253
2425
1665
1449
1295
497
-620
-1194
-1020
-677
-694
-971
-1269
-1669
-2207
-2544
-2205
-1419
-1023
-1098
-850
185
1397
1886
1706
1578
1740
1782
1450
1083
1069
1235
1324
1170
852
550
109
-499
-1178
-1524
-1467
-1307
-1233
-1324
-1410
-1458
-1264
-869
-608
-589
-594
-314
211
692
1061
1330
1484
1505
1336
1132
981
891
726
468
323
293
138
-263
-649
-863
-1020
-1203
-1342
-1316
-1201
-1062
-947
-767
-551
-331
-224
-182
8
376
711
891
1024
1185
1237
1102
852
601
393
161
-133
-393
-692
-1266
-2346
-3264
-3101
-1727
-445
-231
-731
-799
-132
435
365
-29
-27
395
763
1063
1593
2329
2600
2101
1495
1464
1666
1212
109
-691
-617
-110
158
148
32
-239
-778
-1299
-1324
-900
-629
-824
-984
-526
257
618
435
201
375
657
751
642
611
752
914
979
821
649
425
103
-234
-372
-135
216
325
-38
-590
-879
-732
-421
-408
-717
-968
-883
-609
-426
-416
-370
-187
13
152
334
641
880
932
884
904
992
892
521
-5
-402
-552
-576
-688
-881
-999
-998
-963
-898
-838
-836
-852
-811
-677
-446
-220
19
241
476
693
830
902
882
903
803
550
257
56
-191
-886
-1997
-2877
-2568
-1134
123
269
-390
-669
-272
142
76
-245
-236
47
324
630
1116
1675
1717
1207
775
959
1487
1536
918
289
174
444
624
571
488
331
42
-235
-172
90
61
-379
-824
-809
-484
-278
-311
-398
-285
-76
27
-54
-156
-61
283
684
931
983
875
701
523
402
393
535
557
273
-201
-501
-440
-293
-374
-776
-1116
-1133
-986
-944
-1062
-1090
-870
-579
-298
-3
348
636
747
788
853
978
954
638
263
28
-62
-112
-245
-478
-751
-1001
-1121
-1108
-991
-807
-663
-650
-633
-461
-139
141
223
171
219
400
592
730
787
820
776
598
348
101
-296
-979
-1692
-1802
-1072
-103
238
-148
-545
-482
-88
53
-196
-455
-396
-97
239
517
727
785
639
496
606
940
1177
1188
1061
919
864
837
779
665
439
163
-12
56
282
372
96
-339
-620
-634
-515
-536
-619
-625
-516
-407
-379
-382
-311
-111
119
308
433
540
661
752
715
587
502
474
413
237
-6
-216
-276
-277
-371
-543
-755
-918
-1000
-954
-829
-681
-569
-424
-213
26
262
475
625
672
667
671
708
699
608
419
187
40
-91
-268
-526
-770
-875
-848
-730
-630
-629
-670
-662
-525
-350
-207
-140
-93
-27
74
221
409
591
696
705
644
541
403
203
-104
-436
-615
-509
-272
-120
-171
-350
-499
-549
-516
-516
-598
-697
-743
-680
-558
-382
-222
-117
12
194
431
679
924
1068
1049
940
933
1029
1075
987
757
503
340
268
186
46
-70
-121
-141
-192
-226
-153
-6
87
96
44
39
104
153
240
296
342
396
485
555
580
603
588
548
420
181
-94
-296
-366
-375
-401
-478
-567
-651
-721
-727
-635
-546
-512
-528
-453
-223
70
232
189
116
115
235
330
340
297
164
13
-122
-192
-270
-466
-734
-914
-869
-707
-572
-539
-488
-390
-291
-262
-298
-249
-202
-167
-126
9
235
442
597
652
658
590
409
108
-164
-220
-52
150
180
7
-211
-297
-253
-216
-290
-450
-563
-576
-499
-370
-234
-212
-261
-237
-61
280
635
845
899
875
862
949
1071
1073
923
638
348
180
156
142
-4
-281
-575
-721
-640
-432
-238
-144
-104
-16
107
193
203
210
250
311
342
332
348
387
429
412
409
413
400
310
136
21
10
29
-71
-254
-413
-486
-528
-526
-491
-398
-286
-208
-137
-22
131
176
126
65
88
179
199
167
114
110
126
113
65
-19
-116
-215
-294
-387
-432
-450
-475
-491
-513
-511
-502
-484
-435
-397
-362
-351
-326
-250
-90
104
213
243
198
182
200
177
107
-41
-154
-132
-27
10
-49
-172
-290
-366
-401
-348
-279
-247
-312
-404
-406
-292
-149
-39
6
62
207
442
660
755
720
635
627
698
769
773
663
431
217
122
169
223
115
-120
-312
-298
-112
75
167
183
160
147
190
309
431
458
382
250
192
214
233
177
68
24
58
101
126
156
157
126
36
-107
-278
-444
-598
-696
-681
-572
-448
-334
-240
-158
-100
-95
-129
-125
-78
0
88
146
187
184
138
99
69
75
108
167
180
118
55
18
-3
-130
-365
-631
-770
-776
-712
-639
-615
-551
-436
-278
-120
2
125
188
193
188
255
374
467
419
258
99
58
154
169
44
-184
-364
-424
-382
-335
-323
-381
-524
-642
-637
-482
-252
-86
-37
29
243
594
852
898
744
562
473
479
513
474
359
206
137
232
400
478
412
223
28
-48
1
88
105
33
-38
-36
16
71
74
64
62
40
47
52
109
168
159
135
152
228
325
389
394
350
287
204
81
-83
-281
-418
-453
-422
-425
-480
-522
-466
-323
-231
-228
-278
-246
-152
-29
63
80
117
148
143
200
333
470
486
319
100
-44
-125
-250
-456
-660
-748
-768
-786
-786
-769
-718
-683
-644
-548
-420
-232
-46
136
246
310
420
518
584
587
454
241
14
-117
-107
-45
-49
-232
-483
-653
-659
-561
-523
-568
-600
-534
-385
-208
-25
131
240
330
463
678
897
991
871
652
516
539
623
605
464
294
239
321
451
521
471
319
135
66
107
183
202
87
-74
-124
-47
42
-6
-120
-144
-20
172
276
259
176
130
153
255
386
480
484
395
264
161
89
-12
-159
-348
-503
-544
-516
-465
-413
-381
-393
-413
-456
-487
-466
-358
-219
-108
-39
-18
2
16
69
180
298
366
310
146
-15
-134
-258
-391
-535
-654
-711
-718
-656
-576
-511
-510
-553
-563
-485
-363
-225
-55
131
308
461
545
574
591
593
601
586
514
299
6
-219
-300
-237
-240
-383
-611
-732
-645
-497
-371
-311
-292
-262
-212
-131
38
245
452
577
669
784
878
867
746
574
422
388
412
463
438
351
308
312
334
294
143
-39
-161
-209
-224
-226
-183
-126
-95
-80
-58
-21
-3
-16
-8
73
204
287
283
239
238
323
421
445
357
191
20
-83
-107
-78
-69
-125
-214
-297
-300
-247
-255
-342
-436
-482
-455
-390
-303
-190
-131
-112
-108
-42
96
221
258
183
82
33
34
21
-53
-128
-235
-366
-497
-552
-492
-432
-443
-532
-619
-613
-518
-413
-328
-263
-179
-31
125
303
451
562
613
621
607
606
605
529
324
10
-273
-406
-347
-247
-243
-369
-511
-574
-552
-472
-355
-202
-107
-59
11
159
294
351
312
266
295
362
419
430
431
460
483
474
464
410
283
127
17
20
51
42
6
-36
-7
61
115
154
174
193
135
41
-47
-80
-48
-3
92
239
400
505
507
404
297
232
204
159
129
112
102
87
70
80
55
-41
-211
-356
-410
-368
-299
-284
-290
-324
-363
-351
-291
-189
-82
-13
7
5
-16
-22
-48
-63
-61
-87
-142
-246
-323
-336
-318
-342
-468
-589
-652
-629
-596
-573
-538
-515
-434
-306
-138
6
114
202
288
373
415
429
400
374
334
304
332
356
339
225
7
-244
-441
-513
-448
-333
-292
-356
-417
-362
-200
-42
-1
-57
-135
-166
-175
-155
-50
97
255
366
462
604
715
727
568
370
266
265
303
306
304
305
329
334
335
315
265
192
58
-65
-92
-52
53
146
218
271
294
316
351
402
439
474
475
443
376
301
273
267
245
170
53
-69
-152
-189
-216
-255
-299
-330
-362
-393
-405
-422
-429
-407
-353
-292
-238
-165
-108
-33
17
25
-15
-117
-203
-305
-320
-290
-261
-270
-342
-425
-500
-594
-683
-731
-729
-657
-588
-527
-439
-302
-156
-27
35
56
83
132
198
265
341
410
457
429
377
342
333
285
198
124
99
103
45
-93
-245
-293
-239
-151
-144
-245
-426
-558
-538
-378
-171
-41
15
63
114
200
251
233
198
171
182
236
345
448
488
458
382
333
337
368
342
251
158
138
205
266
268
208
135
131
172
246
298
346
383
382
398
435
464
451
423
398
360
298
196
95
14
-6
-3
1
-32
-94
-175
-289
-353
-382
-365
-372
-426
-436
-370
-247
-141
-93
-96
-122
-169
-207
-205
-160
-116
-127
-184
-216
-260
-338
-422
-506
-535
-531
-506
-485
-502
-539
-583
-554
-485
-410
-349
-285
-183
-37
128
286
378
411
417
402
367
294
218
159
128
152
208
249
273
272
236
165
64
-20
-86
-190
-339
-476
-481
-322
-146
-74
-135
-217
-252
-202
-88
36
158
205
202
161
108
106
108
87
9
-25
30
141
259
309
323
320
325
342
339
321
304
264
193
165
159
142
154
184
247
324
356
395
430
474
490
424
333
278
293
303
282
252
244
197
68
-46
-102
-116
-143
-231
-316
-339
-310
-269
-199
-172
-180
-212
-261
-228
-128
-14
13
-73
-163
-207
-206
-190
-210
-261
-303
-298
-285
-326
-456
-618
-715
-729
-681
-642
-632
-579
-451
-281
-129
2
113
172
201
192
216
233
206
148
94
43
1
-28
-87
-113
-128
-127
-123
-112
-61
-4
80
148
196
210
204
174
120
58
-24
-101
-126
-60
71
182
161
42
-53
-55
8
35
-11
-97
-176
-226
-218
-183
-101
6
102
210
345
519
633
611
490
375
320
355
413
431
405
362
330
353
394
390
337
259
221
262
362
444
482
449
356
247
142
113
122
108
41
-65
-134
-168
-171
-203
-228
-244
-233
-204
-197
-186
-160
-110
-86
-105
-144
-189
-217
-239
-255
-285
-316
-328
-354
-372
-418
-440
-474
-505
-507
-497
-463
-462
-480
-509
-474
-357
-215
-101
-52
-47
-27
49
124
163
151
89
-6
-97
-183
-208
-182
-176
-176
-175
-123
-39
10
37
77
108
129
148
206
292
360
403
422
423
388
343
284
242
203
134
-7
-164
-256
-264
-228
-241
-323
-440
-491
-425
-267
-81
47
74
60
26
27
72
137
220
286
338
384
443
489
473
393
300
253
270
324
365
373
346
322
305
272
219
180
167
185
234
282
352
384
372
297
191
98
40
17
34
99
139
117
71
17
-26
-15
17
43
7
-66
-173
-269
-289
-298
-317
-388
-463
-500
-477
-419
-380
-405
-457
-499
-513
-458
-377
-302
-253
-208
-165
-102
-112
-125
-130
-117
-84
-112
-156
-186
-173
-206
-223
-238
-234
-210
-215
-198
-159
-80
-19
12
46
80
108
124
142
171
212
261
272
255
234
229
230
201
152
98
61
7
-29
-41
-43
-22
-41
-70
-135
-185
-173
-99
-6
-4
-68
-112
-104
-25
83
143
135
73
-8
-63
-73
-33
7
57
112
182
251
284
275
227
194
192
252
337
394
426
437
423
399
347
311
258
211
203
223
261
300
316
304
271
223
217
233
275
298
299
280
207
97
-49
-193
-306
-356
-335
-287
-283
-333
-391
-404
-380
-355
-351
-367
-392
-418
-390
-311
-203
-142
-127
-141
-164
-182
-182
-177
-180
-203
-255
-293
-316
-331
-343
-351
-355
-350
-351
-347
-348
-313
-230
-149
-94
-50
28
108
157
165
146
148
143
121
122
108
69
25
14
33
81
124
132
130
115
114
111
131
151
169
178
195
229
282
293
193
34
-102
-119
-37
69
97
33
-52
-89
-62
18
76
65
-15
-122
-197
-204
-116
-12
69
136
215
294
375
414
398
377
366
366
368
370
368
338
293
264
265
276
277
272
257
242
253
289
311
271
173
97
61
47
52
42
16
-20
-86
-163
-259
-337
-390
-416
-390
-376
-381
-366
-344
-303
-306
-304
-277
-243
-213
-222
-239
-215
-184
-192
-252
-337
-380
-388
-367
-342
-332
-360
-382
-399
-405
-384
-325
-256
-212
-150
-100
-57
-33
-34
-40
-32
23
79
111
145
180
210
203
179
160
149
138
120
119
141
161
162
161
170
207
249
275
292
297
316
336
334
330
332
319
283
229
158
75
-29
-149
-263
-305
-269
-212
-232
-286
-337
-324
-259
-190
-124
-68
-44
-39
-33
-10
55
126
157
153
172
219
298
375
399
419
426
405
371
321
249
194
139
110
122
174
214
206
182
168
178
193
202
167
122
79
40
11
15
32
38
-9
-72
-127
-158
-154
-178
-171
-156
-155
-169
-216
-260
-290
-277
-272
-309
-345
-370
-385
-406
-424
-419
-404
-373
-335
-306
-274
-232
-190
-183
-183
-167
-157
-158
-148
-118
-74
-24
-17
-21
-37
-43
-49
-64
-81
-71
-15
62
116
149
180
206
235
257
275
275
263
258
285
311
339
331
317
305
274
249
210
153
94
46
-9
-52
-71
-64
-84
-124
-137
-150
-189
-243
-266
-213
-155
-129
-148
-183
-183
-143
-91
-38
-6
3
-5
-43
-71
-72
-49
-9
19
51
100
163
232
275
285
282
306
346
371
350
315
262
218
207
209
208
171
140
148
190
238
276
284
275
251
212
155
96
62
40
7
-39
-92
-153
-238
-308
-337
-339
-334
-350
-381
-377
-333
-267
-224
-220
-235
-265
-288
-275
-246
-207
-171
-150
-130
-121
-106
-106
-139
-195
-253
-298
-331
-352
-356
-313
-242
-179
-120
-62
-20
32
98
163
228
287
342
374
405
411
416
406
373
327
292
278
240
198
139
86
40
3
-10
-26
-28
-18
-16
-17
-9
-8
-22
-40
-41
-27
-36
-48
-71
-127
-195
-246
-251
-196
-134
-118
-136
-194
-225
-197
-153
-109
-100
-97
-94
-76
-40
18
83
135
166
168
184
225
249
240
225
222
251
278
254
234
224
225
227
225
215
215
214
202
177
153
139
128
122
105
67
17
-12
-30
-22
-5
-13
-53
-102
-146
-166
-166
-148
-137
-148
-166
-161
-140
-106
-92
-109
-157
-232
-297
-357
-382
-388
-391
-399
-426
-432
-399
-364
-311
-244
-176
-110
-61
-9
50
108
132
150
177
204
218
209
215
208
204
191
165
171
180
168
147
133
131
147
139
117
84
77
91
108
125
124
116
86
65
83
110
122
105
60
44
55
68
69
34
-13
-53
-69
-82
-124
-173
-203
-202
-177
-164
-189
-232
-282
-324
-321
-270
-221
-188
-164
-155
-141
-111
-73
-31
13
75
126
147
182
235
278
305
298
265
220
191
160
116
94
76
71
69
62
61
68
82
97
130
166
202
226
227
243
264
273
262
244
246
219
146
59
-2
-49
-67
-110
-166
-214
-262
-307
-344
-343
-311
-271
-249
-244
-248
-231
-206
-191
-172
-134
-87
-64
-49
-32
-4
8
-9
-48
-92
-114
-112
-89
-58
-35
-7
4
9
38
43
37
41
52
65
84
74
60
48
33
11
-11
-23
-42
-37
-27
-17
-15
-12
-6
0
25
58
83
102
107
107
108
101
89
57
14
-41
-67
-93
-131
-170
-223
-239
-233
-208
-186
-206
-209
-191
-179
-132
-71
-1
38
29
4
-28
-14
19
46
79
115
154
186
196
171
132
113
105
106
111
117
120
128
155
187
223
223
209
214
223
251
277
315
346
361
339
289
242
193
140
73
6
-49
-70
-99
-134
-170
-190
-200
-207
-194
-183
-159
-128
-97
-74
-74
-78
-91
-92
-89
-93
-81
-65
-62
-57
-53
-58
-64
-59
-61
-60
-45
-44
-50
-58
-70
-63
-59
-57
-49
-50
-49
-55
-23
20
49
54
52
41
42
66
75
66
57
55
54
50
44
27
2
-34
-55
-65
-57
-73
-116
-148
-171
-160
-165
-168
-176
-181
-183
-186
-176
-157
-149
-133
-136
-175
-209
-215
-210
-200
-192
-172
-160
-160
-179
-191
-164
-124
-71
-36
-28
-19
-4
9
41
58
91
142
160
180
218
285
342
365
360
359
372
395
400
377
353
321
310
319
314
291
263
229
215
208
205
204
192
162
143
137
141
142
133
111
58
11
-12
-13
4
4
-16
-36
-47
-50
-62
-82
-102
-115
-149
-180
-195
-199
-189
-191
-213
-237
-242
-246
-246
-231
-206
-165
-159
-170
-174
-159
-123
-91
-64
-37
-13
20
66
105
125
109
79
63
70
87
98
74
38
0
-39
-77
-110
-132
-155
-186
-207
-198
-180
-142
-129
-141
-154
-153
-117
-87
-55
-35
-28
-35
-45
-53
-69
-72
-60
-63
-78
-96
-127
-157
-177
-198
-204
-200
-199
-197
-197
-196
-169
-108
-53
-11
20
56
74
92
111
139
181
204
230
247
272
285
295
317
328
333
327
325
324
335
344
342
321
323
321
302
307
317
320
335
351
352
346
322
298
268
237
225
216
199
155
60
-16
-74
-131
-171
-206
-243
-277
-295
-297
-303
-306
-322
-347
-352
-344
-325
-318
-309
-284
-250
-222
-199
-191
-190
-179
-166
-143
-137
-129
-130
-128
-126
-121
-106
-114
-121
-133
-138
-145
-162
-179
-182
-180
-155
-115
-81
-61
-56
-60
-59
-43
-28
-11
-10
-7
-4
-4
12
29
37
43
60
73
71
66
70
71
72
75
61
52
69
77
67
52
34
17
6
5
15
33
41
48
35
44
60
73
72
66
68
81
84
83
94
91
109
135
142
139
132
130
150
173
203
224
241
265
283
304
314
323
306
285
289
289
299
296
287
281
245
197
161
117
64
23
-20
-42
-63
-94
-136
-191
-240
-277
-307
-321
-317
-297
-268
-241
-211
-178
-152
-146
-136
-142
-155
-157
-140
-130
-124
-126
-138
-158
-180
-183
-188
-190
-203
-210
-218
-229
-228
-227
-228
-224
-201
-182
-160
-143
-129
-122
-120
-112
-82
-56
-27
0
19
33
23
10
-1
2
-1
-4
-15
-17
-23
-25
-28
-25
-1
15
27
48
67
82
102
99
103
119
132
150
163
149
131
106
104
113
115
102
78
76
76
87
83
80
59
35
42
72
99
126
141
135
139
156
189
219
245
260
275
296
318
330
321
291
261
245
241
244
237
220
199
181
165
145
109
69
14
-31
-69
-88
-76
-83
-85
-83
-99
-107
-118
-137
-150
-175
-202
-215
-209
-206
-209
-205
-196
-191
-210
-220
-222
-217
-224
-232
-243
-248
-245
-258
-263
-270
-273
-258
-243
-245
-222
-208
-192
-178
-174
-162
-128
-99
-90
-78
-82
-94
-78
-59
-36
-25
-25
-27
-46
-38
-26
-16
-10
1
14
31
56
77
87
86
90
113
149
190
219
216
209
213
223
234
214
175
157
136
117
100
75
42
18
-1
-5
5
19
27
16
30
51
86
115
148
178
184
191
193
181
159
147
132
123
122
116
119
131
148
176
192
183
162
136
122
110
107
99
72
37
11
1
-2
11
7
4
1
6
4
-5
-11
-12
-24
-46
-60
-79
-97
-125
-134
-141
-149
-156
-181
-202
-208
-223
-233
-240
-263
-282
-298
-290
-288
-279
-268
-265
-260
-258
-242
-229
-211
-200
-192
-175
-144
-111
-106
-113
-114
-112
-110
-105
-88
-67
-51
-44
-38
-16
3
13
30
39
55
79
106
123
138
160
172
194
221
234
240
239
228
228
218
218
214
198
181
180
170
153
124
90
65
52
50
52
56
48
55
81
104
127
142
133
125
126
132
146
152
144
139
123
119
113
112
104
94
76
45
43
33
-1
-28
-45
-47
-47
-67
-86
-90
-87
-78
-73
-65
-65
-56
-57
-35
-14
-2
5
-2
0
-16
-26
-33
-48
-74
-89
-93
-106
-121
-152
-166
-187
-195
-206
-221
-228
-222
-212
-200
-192
-190
-192
-185
-177
-158
-130
-126
-136
-140
-140
-127
-121
-122
-128
-143
-130
-119
-98
-79
-68
-51
-26
-8
1
18
26
45
70
83
106
138
164
161
151
144
136
136
128
118
129
143
163
190
200
203
183
149
125
109
99
90
89
98
104
115
125
139
144
134
133
149
156
162
158
149
139
112
93
82
78
75
60
52
45
23
-2
-22
-40
-56
-66
-73
-88
-95
-93
-85
-63
-45
-31
-27
-27
-22
-19
-12
-18
-21
-39
-35
-21
-12
3
9
6
-13
-24
-41
-40
-39
-42
-45
-42
-42
-49
-66
-69
-71
-65
-59
-63
-53
-61
-71
-71
-76
-81
-102
-139
-161
-160
-152
-153
-169
-184
-198
-199
-180
-179
-165
-169
-165
-155
-143
-121
-106
-86
-66
-41
-21
10
23
25
34
38
40
31
24
23
29
46
55
77
99
109
110
111
113
113
109
106
98
99
102
100
104
112
118
122
136
151
163
177
192
203
222
225
222
216
206
200
192
172
150
134
98
59
30
12
-18
-32
-56
-64
-65
-71
-62
-64
-56
-52
-46
-45
-48
-58
-72
-80
-92
-96
-99
-100
-108
-114
-111
-123
-130
-127
-121
-114
-102
-86
-78
-73
-61
-46
-22
-8
5
7
22
37
38
40
38
37
26
9
-14
-26
-38
-47
-63
-72
-73
-59
-53
-43
-39
-39
-45
-66
-71
-63
-56
-49
-34
-32
-26
-17
-13
5
18
23
28
41
37
36
41
34
29
19
9
0
-6
2
4
2
-5
-11
-14
-26
-28
-24
-14
-12
-1
13
37
66
73
70
61
60
60
66
87
107
125
147
160
166
172
176
175
154
116
83
69
72
54
31
18
1
-16
-30
-32
-44
-46
-50
-41
-32
-18
-4
-7
-9
-17
-23
-37
-43
-45
-55
-67
-82
-81
-84
-88
-74
-73
-71
-72
-74
-74
-67
-65
-65
-69
-79
-70
-61
-47
-32
-26
-30
-29
-31
-35
-27
-26
-28
-38
-45
-50
-53
-45
-26
-20
-9
3
13
27
30
26
12
-2
-5
-5
4
19
15
19
18
18
16
20
25
28
35
36
34
22
9
-2
-12
-20
-31
-31
-31
-39
-44
-45
-39
-31
-31
-19
-8
-1
10
0
5
14
30
49
71
85
100
117
125
137
147
161
159
152
142
124
109
99
89
72
63
57
44
43
44
37
24
10
4
14
18
30
40
39
46
36
27
7
-15
-38
-51
-56
-63
-71
-75
-89
-90
-90
-89
-100
-110
-104
-98
-88
-102
-108
-110
-113
-99
-92
-97
-92
-86
-86
-83
-79
-74
-82
-91
-85
-79
-68
-58
-58
-58
-55
-38
-18
-3
8
11
25
33
37
38
32
29
30
29
32
37
48
55
52
59
57
55
58
66
76
78
80
78
74
81
85
68
53
37
19
8
8
-2
-6
-14
-27
-35
-41
-40
-41
-41
-38
-35
-30
-10
17
35
54
63
68
73
77
79
72
71
71
77
77
75
73
66
60
56
43
33
30
25
29
32
27
20
9
11
12
11
0
-6
-12
-21
-17
-14
-13
-21
-24
-20
-26
-34
-40
-48
-61
-59
-59
-61
-69
-80
-83
-86
-89
-94
-101
-104
-106
-106
-109
-114
-120
-121
-123
-119
-107
-110
-105
-102
-100
-83
-73
-70
-58
-42
-32
-28
-17
-6
5
10
8
16
31
36
56
65
83
84
91
111
118
131
130
140
136
142
142
149
147
133
132
126
124
129
129
125
113
96
86
70
55
37
23
19
16
17
10
3
8
5
9
7
6
7
0
5
10
16
9
4
2
-9
-9
-7
-12
-26
-39
-49
-62
-68
-75
-76
-74
-78
-81
-89
-91
-84
-83
-87
-86
-79
-64
-58
-54
-50
-54
-48
-37
-34
-28
-20
-12
0
-3
-2
-11
-16
-24
-22
-13
-12
-13
-14
-19
-28
-35
-43
-50
-49
-43
-51
-57
-60
-68
-63
-70
-82
-85
-84
-82
-71
-71
-81
-76
-73
-71
-70
-72
-65
-60
-59
-51
-38
-23
-6
0
12
31
60
88
105
121
134
147
152
156
155
173
181
189
199
189
195
193
179
169
151
139
125
115
109
98
103
94
77
61
50
44
40
41
45
41
38
44
40
39
35
24
18
6
-8
-10
-19
-28
-42
-55
-64
-69
-84
-91
-92
-98
-99
-104
-99
-104
-108
-111
-116
-109
-102
-91
-87
-83
-72
-66
-68
-69
-70
-70
-71
-59
-55
-60
-52
-56
-50
-50
-50
-45
-36
-26
-9
8
7
15
16
30
27
30
29
30
33
30
32
12
8
-11
-16
-25
-38
-42
-43
-46
-49
-49
-59
-70
-86
-92
-91
-85
-82
-84
-70
-49
-43
-29
-30
-30
-30
-23
-8
14
33
42
57
72
92
93
92
92
85
85
95
109
123
134
130
130
128
124
122
109
104
99
95
91
93
97
100
103
100
94
84
76
65
45
38
44
38
34
21
5
-5
-16
-21
-34
-32
-37
-48
-55
-55
-65
-67
-71
-82
-92
-88
-84
-76
-64
-54
-57
-53
-55
-66
-60
-63
-49
-46
-49
-51
-46
-33
-27
-26
-22
-23
-25
-24
-23
-16
-7
-1
0
5
3
6
3
4
5
1
1
1
-3
-1
-4
-15
-21
-24
-28
-41
-42
-50
-45
-39
-33
-38
-45
-53
-69
-69
-71
-65
-59
-55
-47
-42
-26
-18
-15
-14
-18
-12
1
3
12
11
13
20
19
26
31
32
45
55
71
75
82
92
89
96
96
102
112
122
120
128
135
138
135
127
124
122
120
126
119
107
95
79
69
50
42
32
22
15
0
-17
-28
-40
-45
-46
-61
-62
-65
-72
-75
-92
-100
-114
-117
-106
-105
-103
-105
-106
-101
-104
-98
-94
-91
-85
-77
-76
-67
-57
-52
-54
-56
-48
-42
-33
-26
-18
-11
-5
1
8
6
10
2
-1
4
0
-1
-2
-3
-3
-2
-6
-5
-1
7
13
14
12
14
15
18
13
11
5
-2
-7
-14
-23
-22
-22
-19
-5
-6
-6
-9
-8
-11
-23
-28
-28
-23
-21
-15
-18
-12
-16
-21
-14
-13
-3
1
10
18
28
45
51
56
70
76
85
92
99
106
126
142
152
160
160
158
156
153
150
150
143
135
125
122
108
95
90
85
81
76
66
56
49
34
23
12
-7
-15
-18
-28
-31
-44
-63
-76
-90
-101
-113
-108
-106
-108
-106
-108
-108
-123
-132
-140
-150
-149
-144
-143
-140
-135
-129
-123
-123
-113
-107
-111
-100
-87
-78
-69
-66
-67
-68
-67
-75
-74
-76
-79
-67
-55
-43
-35
-30
-29
-25
-19
-13
-5
12
26
30
34
44
46
45
46
51
48
46
54
53
55
56
56
55
61
48
42
33
24
28
30
26
27
30
29
27
30
32
33
39
34
38
35
41
42
49
49
46
56
68
71
78
88
85
99
96
94
93
94
102
104
106
107
99
95
89
81
79
83
75
67
61
59
58
50
44
31
19
5
-9
-24
-35
-45
-49
-54
-59
-62
-65
-66
-76
-74
-67
-68
-61
-59
-57
-51
-53
-51
-53
-64
-65
-70
-77
-80
-78
-73
-79
-89
-93
-95
-88
-91
-89
-82
-89
-88
-95
-90
-80
-77
-72
-67
-64
-52
-44
-33
-20
-16
-14
-11
-11
-7
-2
1
3
2
-2
-3
-6
1
1
4
5
7
5
10
13
15
17
14
13
16
14
21
29
33
27
26
30
34
40
39
33
28
28
25
26
23
28
41
45
48
58
57
57
65
69
80
92
102
100
95
97
94
83
80
77
82
83
87
86
73
68
61
54
54
46
40
37
20
14
8
-5
-13
-18
-24
-31
-33
-46
-54
-62
-68
-65
-58
-55
-52
-52
-56
-57
-68
-68
-83
-85
-87
-91
-87
-94
-93
-86
-91
-99
-92
-90
-84
-80
-71
-67
-57
-47
-52
-56
-49
-48
-34
-31
-22
-10
-9
1
7
10
3
8
17
23
36
43
49
56
54
50
48
49
49
55
62
63
59
58
55
52
48
46
42
33
33
25
19
23
17
7
-1
-11
-10
-9
-9
-3
-7
-10
-9
-12
-9
-5
-6
5
5
6
10
8
13
20
27
33
27
28
32
28
27
27
25
28
34
45
42
44
46
44
49
45
46
52
54
50
50
51
50
36
32
32
25
19
22
25
20
22
17
8
2
0
-21
-27
-31
-42
-47
-51
-52
-59
-55
-55
-67
-68
-67
-72
-74
-69
-73
-81
-82
-88
-83
-78
-74
-77
-86
-94
-92
-90
-90
-86
-77
-70
-65
-60
-65
-63
-65
-65
-54
-47
-44
-36
-28
-24
-21
-16
-10
-4
1
11
20
31
35
34
40
41
47
48
43
46
47
35
40
45
46
48
37
39
38
40
43
44
44
41
45
46
47
47
54
59
66
76
79
82
81
75
75
73
73
70
66
63
59
53
53
54
50
45
42
44
44
48
52
56
55
46
51
47
43
39
33
35
24
17
11
7
5
0
-5
0
-2
-9
-11
-20
-31
-36
-42
-41
-47
-64
-73
-76
-82
-83
-83
-85
-90
-96
-98
-99
-95
-93
-83
-80
-76
-70
-68
-67
-72
-77
-78
-73
-70
-72
-70
-74
-67
-59
-58
-55
-53
-57
-58
-45
-38
-34
-22
-18
-12
-3
10
20
28
28
31
37
35
38
27
25
30
26
31
25
27
29
34
36
34
38
40
39
39
47
48
43
40
43
41
41
45
45
44
46
55
52
50
41
39
34
34
39
38
36
28
27
19
16
13
14
8
6
12
11
16
14
22
26
28
33
36
34
35
27
24
27
18
24
21
17
9
4
3
-1
-1
3
-2
-3
-9
-9
-12
-17
-22
-25
-20
-23
-22
-26
-31
-36
-34
-24
-23
-24
-23
-23
-28
-36
-35
-37
-46
-51
-55
-48
-47
-45
-52
-63
-71
-79
-75
-69
-61
-51
-49
-48
-44
-32
-28
-30
-27
-23
-18
-20
-11
-5
-7
-6
-7
-7
-12
-5
-7
-11
1
8
11
16
18
18
21
27
38
41
46
56
61
69
76
82
82
81
79
73
76
78
69
67
65
65
70
64
60
53
54
46
47
46
40
39
38
40
32
34
27
17
11
7
-2
-6
-19
-29
-28
-24
-26
-30
-37
-45
-41
-38
-39
-45
-49
-46
-46
-46
-48
-50
-51
-50
-52
-56
-66
-65
-67
-68
-61
-52
-44
-30
-30
-28
-20
-20
-10
-8
-8
-5
-5
-6
-2
0
2
0
2
1
-3
-2
-9
-11
-14
-15
-12
-10
-11
-4
1
-1
1
-3
1
3
4
7
7
5
1
-11
-14
-21
-25
-29
-23
-21
-24
-24
-21
-14
-14
-16
-11
-3
-8
-8
4
9
18
22
22
28
22
17
24
18
29
28
30
34
30
35
30
27
31
33
34
36
40
43
39
50
47
48
52
54
59
56
54
64
66
63
67
68
56
51
46
37
34
43
42
43
42
32
32
25
13
13
2
-7
-12
-21
-16
-23
-30
-32
-35
-41
-39
-47
-46
-51
-46
-37
-37
-40
-39
-41
-40
-35
-36
-34
-39
-45
-43
-47
-50
-52
-63
-63
-66
-63
-66
-71
-61
-57
-53
-49
-45
-46
-53
-52
-48
-42
-34
-33
-33
-29
-29
-26
-28
-25
-17
-16
-4
3
0
1
-3
-2
-5
-3
5
7
21
29
36
35
41
41
42
45
43
48
48
49
48
49
44
38
35
34
30
33
38
42
44
39
39
41
39
33
38
31
27
27
27
25
19
20
14
7
4
3
11
14
16
19
20
21
17
19
24
21
19
14
11
8
12
6
-3
-6
-11
-6
-10
-17
-25
-28
-31
-37
-44
-40
-39
-39
-29
-22
-15
-9
-4
1
5
12
15
22
16
13
13
8
4
1
6
0
-3
-3
-9
-6
-10
-4
-5
-8
-5
-11
-12
-18
-19
-20
-23
-16
-20
-19
-23
-21
-18
-21
-25
-21
-19
-24
-32
-31
-28
-36
-26
-30
-27
-25
-22
-12
-6
-5
0
1
4
9
13
19
25
18
14
17
10
10
8
8
9
9
9
10
12
13
13
14
14
8
10
2
4
12
13
18
10
8
1
0
-1
-3
-3
3
7
3
6
8
8
9
15
22
26
34
38
29
28
25
22
9
4
-2
-8
-13
-22
-22
-33
-31
-34
-31
-30
-35
-30
-27
-23
-16
-10
-8
-8
-12
-11
-18
-16
-18
-12
-2
-7
-5
-7
-17
-16
-13
-12
1
4
9
7
6
11
10
6
12
12
13
18
23
24
21
19
14
14
2
-5
-3
3
2
7
12
12
22
26
28
26
21
16
21
28
31
32
26
13
6
-4
-16
-16
-13
-16
-20
-12
-11
-13
-9
-6
-4
-10
-17
-13
-9
-2
0
-3
-4
-8
-20
-26
-25
-22
-19
-20
-21
-13
-6
-7
-4
-6
-4
-5
0
3
6
10
16
17
17
20
12
6
3
0
3
13
19
23
21
21
23
22
22
21
25
24
24
23
22
17
14
14
15
9
11
8
12
11
2
-1
-9
-10
-8
-7
-9
-17
-16
-16
-13
-8
-1
-1
-1
-7
-11
-10
-11
-15
-13
-8
-8
-6
-11
-15
-19
-23
-22
-28
-28
-26
-26
-22
-17
-6
-6
-10
-10
-10
-10
-11
-10
-7
-10
-7
-1
-2
2
-3
-10
-7
-6
-12
-12
-11
-7
-10
-3
-8
-8
-7
-12
-3
-5
0
0
-6
-9
-11
-11
-7
-13
-8
-12
-18
-16
-20
-16
-17
-16
-14
-14
-13
-17
-9
-7
-3
-1
5
5
9
6
8
17
9
10
3
9
13
15
24
29
35
43
37
39
41
47
47
47
53
59
62
55
56
49
41
44
46
45
39
40
40
32
30
21
18
17
9
11
13
11
8
8
3
0
-4
-8
-9
-10
-9
-5
-12
-13
-19
-29
-30
-41
-36
-33
-28
-25
-22
-20
-17
-15
-16
-15
-14
-11
-9
-11
-10
-10
-12
-14
-11
-9
-7
-3
-2
1
5
3
-1
0
-5
-6
-6
-7
-4
-8
-15
-12
-17
-17
-21
-18
-11
-16
-15
-26
-31
-41
-51
-51
-52
-61
-63
-65
-65
-68
-71
-62
-66
-61
-53
-48
-36
-31
-29
-24
-22
-20
-25
-23
-26
-25
-14
-5
-3
-1
0
6
9
20
22
26
33
37
50
53
59
60
57
63
65
62
57
59
61
63
69
64
72
68
64
63
56
51
45
39
37
48
47
47
41
42
28
16
19
10
11
11
13
16
18
17
13
-1
-3
-4
-5
-4
0
12
5
8
10
3
-1
-1
-6
-5
-2
-2
6
-1
-5
-7
-14
-21
-18
-16
-16
-9
-2
-1
-2
-4
-5
-5
-10
-8
-10
-17
-23
-30
-41
-43
-42
-43
-46
-47
-45
-46
-50
-53
-54
-53
-50
-50
-42
-41
-37
-37
-42
-45
-50
-45
-44
-44
-39
-30
-33
-29
-21
-13
-13
-8
-8
-7
3
2
4
12
10
12
17
15
17
15
24
28
27
36
39
32
32
33
31
32
29
34
33
36
38
38
38
36
33
30
29
24
26
30
33
30
27
16
11
10
6
3
0
6
3
2
0
-2
-5
-6
-3
-5
-8
-3
-6
-4
-2
1
2
1
-4
-7
-5
-5
1
7
7
13
16
20
20
13
15
16
8
4
0
0
2
3
5
7
1
2
1
3
6
1
1
1
-1
-3
-9
-17
-28
-36
-36
-39
-36
-40
-47
-42
-50
-50
-46
-53
-51
-52
-47
-43
-36
-35
-30
-27
-25
-26
-24
-22
-20
-16
-15
-16
-20
-25
-23
-18
-17
-10
-3
-3
4
11
13
22
21
26
27
38
39
40
42
43
49
49
47
50
44
48
53
54
61
65
62
61
65
66
60
58
57
57
57
58
56
52
55
45
41
41
34
28
16
18
13
5
5
5
5
-2
-8
-8
-21
-34
-36
-37
-36
-40
-42
-42
-51
-54
-58
-62
-61
-61
-62
-53
-51
-44
-46
-46
-44
-53
-53
-51
-47
-43
-35
-34
-34
-27
-23
-27
-25
-23
-22
-18
-21
-17
-18
-14
-14
-15
-11
-12
-11
-13
-7
-12
-14
-8
-7
0
8
7
5
10
7
2
0
0
-3
-8
-7
-3
-7
-7
-8
-11
-6
-7
-7
-9
-7
-7
-9
-2
-5
0
2
6
11
11
9
8
13
16
20
21
27
31
29
29
29
29
34
34
39
43
49
60
64
77
80
81
82
76
75
78
70
69
69
62
61
52
48
43
35
33
27
24
20
18
19
20
19
17
12
1
-2
-9
-14
-18
-22
-25
-24
-24
-22
-23
-30
-34
-38
-41
-45
-51
-52
-53
-45
-44
-50
-54
-58
-62
-58
-52
-51
-53
-52
-52
-48
-43
-42
-37
-38
-36
-35
-30
-29
-33
-32
-32
-31
-30
-25
-18
-20
-18
-17
-14
-21
-21
-15
-19
-15
-17
-17
-12
-15
-12
-11
-12
-10
-12
-5
-3
-1
2
-1
-2
-2
-1
-2
7
7
7
10
18
20
20
19
19
21
23
27
32
41
38
44
41
46
43
35
38
38
43
40
37
38
39
38
33
34
33
33
31
31
33
34
31
33
29
29
27
26
28
25
31
26
21
19
13
11
11
6
-2
-5
-5
-8
-11
-15
-14
-24
-30
-32
-30
-32
-31
-31
-31
-27
-26
-21
-24
-24
-21
-17
-24
-24
-17
-19
-19
-19
-16
-12
-12
-8
-5
-3
-6
-2
-1
-2
-6
-4
-5
-5
-3
-5
1
1
0
-3
-4
0
-2
-2
-3
-6
-3
-5
-5
-7
-5
-8
-12
-17
-23
-23
-21
-19
-17
-17
-15
-16
-15
-19
-19
-22
-18
-13
-17
-14
-11
-4
-2
0
6
5
10
13
13
14
13
15
17
19
19
23
24
28
30
27
28
26
29
31
33
34
32
26
28
24
28
27
29
27
27
30
27
32
26
24
23
20
19
16
15
15
12
11
6
4
5
0
-2
-7
-9
-16
-19
-24
-23
-26
-30
-31
-37
-37
-41
-39
-40
-43
-42
-47
-48
-44
-48
-48
-45
-44
-43
-41
-42
-40
-43
-39
-37
-34
-28
-26
-22
-18
-13
-7
-4
-4
1
0
6
5
9
13
11
13
13
18
16
16
21
20
22
22
22
22
22
20
16
17
12
15
12
16
17
15
17
20
23
24
24
29
26
26
27
26
23
24
22
22
21
21
20
20
20
20
17
17
13
4
5
5
5
5
-1
-1
-2
0
0
-2
2
2
6
7
13
16
20
19
24
22
23
20
20
23
18
15
12
8
4
4
2
2
3
2
2
-5
-10
-13
-16
-14
-17
-18
-15
-18
-24
-29
-29
-30
-32
-32
-30
-30
-30
-29
-33
-35
-38
-38
-37
-35
-29
-28
-27
-32
-32
-33
-29
-26
-27
-25
-27
-25
-22
-21
-19
-16
-17
-15
-8
-7
-3
-1
-3
-6
-7
-9
-8
-9
-8
0
-1
-6
-5
-2
-3
-4
2
5
7
12
18
18
20
22
21
20
24
23
25
30
31
31
28
25
22
21
21
24
27
32
32
28
24
22
21
19
17
20
20
25
26
26
26
23
24
18
20
19
16
16
19
20
20
19
17
16
14
17
17
20
23
22
18
14
8
9
7
-1
-2
-3
-5
-4
-6
-6
-6
-7
-7
-14
-16
-17
-19
-20
-27
-29
-33
-37
-37
-39
-44
-50
-51
-52
-49
-45
-44
-39
-36
-41
-36
-34
-34
-29
-27
-26
-25
-22
-19
-15
-17
-15
-12
-9
-8
-7
-2
1
1
5
5
8
7
5
7
8
12
15
19
21
18
19
21
20
19
17
17
23
22
27
22
18
21
19
21
20
19
19
19
17
16
16
12
14
13
11
10
7
5
6
8
6
4
3
-3
-5
-6
-8
-5
-8
-4
-2
-3
2
4
5
3
1
1
5
5
6
7
3
4
4
6
6
8
6
8
10
9
7
6
6
6
4
0
-1
-4
-1
-2
-4
-3
-5
-7
-7
-8
-8
-9
-10
-10
-14
-12
-10
-14
-12
-13
-16
-19
-22
-23
-24
-23
-23
-23
-20
-21
-23
-19
-14
-14
-15
-14
-17
-19
-18
-19
-19
-17
-16
-13
-13
-8
-9
-6
-5
-4
-1
6
7
5
7
11
10
8
12
14
19
18
21
21
20
22
23
23
23
23
24
25
24
25
27
28
28
24
25
21
18
20
22
21
19
22
17
10
10
8
5
6
9
10
7
7
7
4
5
7
8
9
8
7
7
4
1
1
-6
-7
-6
-10
-7
-8
-9
-14
-13
-11
-14
-14
-17
-17
-15
-15
-16
-14
-12
-13
-12
-14
-14
-15
-15
-16
-15
-16
-15
-18
-20
-15
-16
-14
-17
-15
-20
-19
-19
-16
-15
-14
-13
-11
-8
-8
-8
-9
-11
-12
-9
-11
-11
-10
-7
-6
-6
-3
-3
0
4
3
7
7
7
7
7
6
7
9
7
7
7
10
9
5
2
3
3
0
5
6
4
5
6
7
6
3
3
3
3
8
9
7
10
7
6
7
5
8
7
11
9
8
6
5
6
3
5
5
7
6
4
5
6
9
7
11
11
12
11
14
15
11
14
14
13
16
15
18
17
19
18
15
14
10
11
9
8
8
7
6
3
2
1
2
1
0
1
-3
-2
-6
-6
-9
-9
-9
-10
-11
-11
-10
-14
-11
-9
-11
-15
-16
-15
-18
-18
-18
-18
-19
-21
-20
-21
-20
-21
-20
-18
-21
-20
-20
-18
-15
-15
-15
-14
-13
-11
-8
-10
-8
-9
-7
-7
-8
-6
-2
-1
3
3
4
7
9
10
10
12
11
11
12
14
16
16
15
16
15
12
15
15
13
14
9
9
9
10
6
7
6
7
8
5
7
4
5
5
1
3
1
1
-2
-4
-2
-5
-6
-4
-5
-7
-7
-8
-7
-10
-6
-5
-6
-5
-3
-4
-6
-3
-7
-4
-5
-4
-4
-2
0
-3
0
2
2
1
-2
0
3
5
4
7
8
9
10
9
8
7
8
8
9
10
10
9
11
8
8
6
6
1
3
3
5
3
4
2
0
0
-1
-3
-7
-8
-8
-7
-8
-6
-8
-8
-7
-8
-7
-6
-6
-9
-9
-11
-9
-5
-6
-5
-4
-4
-4
-7
-5
-7
-6
-5
-6
-6
-6
-3
-1
-1
-1
2
4
6
7
8
9
5
4
2
4
4
5
8
4
7
7
7
7
6
7
7
6
5
6
9
8
6
4
3
4
2
5
4
1
3
2
-1
0
1
0
-1
-1
-4
-3
-1
-1
2
3
2
2
0
-2
-1
-3
-5
-4
-3
-1
-4
-3
-3
-3
-7
-8
-7
-7
-8
-7
-4
-5
-7
-8
-6
-8
-7
-6
-6
-6
-6
-8
-10
-9
-7
-7
-5
-5
-4
-1
-1
1
0
2
-1
0
1
0
-2
-1
1
-1
-2
-2
-3
-5
-4
-3
-4
-5
-5
-1
0
1
3
3
3
5
6
8
9
11
8
8
9
7
7
7
7
4
6
8
7
5
5
9
6
6
6
5
5
5
7
7
6
5
3
2
3
3
1
1
4
3
5
4
3
1
-1
-1
-2
-3
-1
0
-1
-2
1
1
0
0
1
1
3
3
4
3
4
5
3
4
2
3
4
4
4
4
1
1
0
4
3
3
1
0
-1
-3
-2
-1
-1
0
-3
-3
-3
-5
-7
-7
-6
-5
-4
-3
-2
-1
-3
-4
-5
-8
-9
-10
-11
-10
-11
-11
-14
-17
-18
-20
-19
-19
-18
-18
-17
-16
-14
-14
-12
-12
-11
-11
-11
-8
-7
-5
-2
-2
-4
-4
-4
-5
0
2
4
3
5
7
7
10
8
10
12
11
10
13
14
13
12
12
12
11
10
10
11
10
11
12
11
10
11
11
12
15
14
12
12
12
11
10
10
8
7
8
9
8
9
6
6
5
6
6
5
5
6
3
4
3
2
0
-2
-1
-2
-2
-4
-5
-6
-6
-7
-7
-6
-7
-7
-6
-7
-6
-5
-8
-7
-6
-6
-6
-4
-4
-4
-5
-2
-2
0
0
0
-2
0
-2
-3
-1
-2
-4
-4
-2
-4
-4
-4
-3
-5
-3
-3
-2
-1
-2
-1
-3
-4
-4
-3
-4
-4
-4
-4
-5
-5
-3
-3
-4
-3
-3
-2
-3
-2
-2
0
0
-2
-1
-1
2
0
3
1
2
1
-3
-1
-2
-1
0
0
1
-1
-1
-2
-2
-3
-4
-2
-3
-3
-2
-2
-1
0
0
0
-1
-3
-2
-2
-2
0
-1
0
2
2
1
2
2
3
3
3
1
5
5
6
5
5
4
4
5
4
5
3
2
4
3
3
4
4
4
1
2
-1
2
4
2
4
4
4
3
6
7
5
4
4
3
3
3
-1
0
-2
-1
-4
-3
-2
-1
-1
-1
-1
-1
-3
-4
-3
-4
-3
-3
-5
-3
-3
-3
-3
-3
-2
-2
-1
-3
-1
-1
-1
0
0
0
-1
-1
-1
-1
0
1
3
4
3
4
2
2
3
4
3
3
2
3
2
2
2
3
3
3
4
3
3
3
4
4
4
5
6
4
4
3
2
3
3
1
2
2
2
3
4
2
5
4
5
4
3
3
2
0
-1
-3
-3
-3
-7
-7
-7
-8
-8
-8
-7
-8
-10
-7
-8
-7
-8
-7
-7
-9
-6
-5
-6
-7
-7
-6
-5
-7
-7
-7
-8
-7
-6
-6
-6
-4
-4
-2
-2
-1
1
1
3
3
3
2
-1
-2
-1
0
1
1
0
2
1
2
2
2
3
2
2
1
2
4
2
4
3
3
3
1
-1
-1
-1
-2
0
-1
-1
0
-4
-4
-4
-5
-6
-5
-4
-5
-4
-4
-2
-2
-1
0
0
0
1
3
2
2
3
3
3
4
4
5
6
7
7
10
10
10
9
9
9
10
11
11
11
10
11
10
11
11
10
9
7
8
7
8
5
6
6
6
4
3
3
2
1
1
0
2
-1
-2
-2
-3
-3
-4
-3
-4
-5
-6
-7
-6
-3
-4
-6
-4
-4
-5
-4
-6
-6
-5
-6
-7
-7
-7
-8
-9
-10
-10
-10
-10
-10
-9
-7
-6
-8
-6
-8
-7
-6
-6
-3
-2
0
2
2
2
1
1
1
0
1
1
1
