0
1
1
1
0
1
1
0
0
0
0
0
1
1
1
1
1
1
1
2
1
2
2
1
2
2
1
2
1
2
2
2
2
2
2
1
1
1
1
1
0
0
1
-1
-1
-1
0
1
0
0
-1
0
0
0
0
2
1
1
1
0
0
2
2
2
3
2
2
1
1
0
0
0
-1
0
-1
0
1
1
0
2
1
2
0
0
0
1
1
1
0
2
1
0
0
0
-2
0
-1
-1
-2
-3
-2
-3
-3
-3
-2
-2
-2
-3
-3
-2
-2
-3
-1
-1
-2
-1
-2
-2
-3
-3
-3
-1
-1
-1
0
0
-1
-1
-1
-1
-1
-1
-1
0
-1
0
-1
0
0
0
0
0
0
-1
-1
-1
-2
-2
-1
-2
-1
-2
-3
-3
-4
-3
-3
-2
-1
-2
-1
-1
0
0
1
2
1
1
3
2
3
3
4
4
3
3
2
2
3
3
2
2
1
2
0
1
0
1
1
1
1
1
0
-1
-1
-1
0
-1
1
1
1
0
0
0
0
0
1
1
1
1
1
2
2
2
2
2
3
3
4
3
3
3
2
2
1
1
1
2
1
1
2
1
1
1
1
-1
-1
-1
-2
-1
0
0
-1
0
0
0
-1
0
0
-1
-2
-1
-1
-1
0
0
-1
-1
-2
-2
-2
-1
-2
-2
-2
-3
-2
-2
-1
0
0
-1
1
0
-2
-1
0
0
0
1
1
2
1
1
1
2
2
1
2
2
1
2
0
0
0
0
-1
0
-1
-1
-2
-3
-3
-5
-3
-4
-5
-5
-5
-4
-3
-3
-3
-5
-4
-5
-3
-3
-3
-3
-2
-1
-2
-1
-1
-1
-2
-1
-1
-1
0
0
0
0
-1
0
0
0
2
1
1
1
2
2
3
3
3
3
3
2
3
3
3
3
2
3
2
1
2
2
2
2
2
3
1
2
2
3
4
3
2
3
2
3
3
2
2
2
1
2
2
2
2
1
1
1
1
-1
1
0
0
-1
0
-1
0
0
-1
0
0
-1
0
-1
1
1
0
2
1
2
1
1
2
2
0
-1
-2
-2
-1
-2
-1
-2
-2
-3
-3
-3
-4
-3
-3
-3
-3
-3
-2
-2
-2
-2
-1
0
0
0
0
0
1
1
1
1
2
1
1
0
-1
0
-1
0
1
-1
0
0
-1
-1
0
-1
-1
-1
-1
-3
-1
-1
-3
-3
-3
-2
-3
-3
-3
-3
-2
-2
-1
-1
-1
0
-1
-1
-1
0
-1
-1
-1
-2
-1
-3
-3
-1
-2
-2
-2
-1
-1
-1
-1
-1
-1
-1
-2
0
-1
-2
-2
-2
-2
-1
-1
-1
-1
-2
-2
0
1
0
0
1
2
1
2
2
2
3
2
3
4
5
5
6
5
6
6
8
8
8
8
7
7
8
6
6
5
5
3
4
4
4
4
4
3
3
3
3
2
2
1
1
2
1
1
0
1
-1
0
-1
-1
-2
-2
-1
-2
-3
-3
-4
-3
-3
-2
-3
-4
-2
-3
-3
-2
-3
-3
-4
-3
-4
-5
-4
-4
-3
-3
-4
-3
-4
-4
-4
-4
-4
-3
-3
-4
-3
-3
-2
-1
-1
0
-1
-1
-1
-1
0
0
0
1
0
-1
-1
-2
-1
-2
-1
-1
-1
0
0
1
0
1
0
0
0
-1
-1
0
-1
0
-1
1
0
-1
0
-1
0
-1
0
1
0
1
1
-1
1
0
0
1
1
2
1
1
1
2
1
2
3
3
3
2
3
3
1
1
2
3
3
3
4
5
4
3
4
3
3
3
3
2
3
1
1
1
1
0
0
1
0
0
-1
-1
-2
0
0
-1
0
-1
0
0
-1
-2
-2
-1
-2
-1
-2
-1
-1
-1
-2
-2
-4
-3
-3
-2
-1
-1
0
-1
0
0
-1
0
0
-1
-1
1
1
1
1
0
0
0
0
0
0
-1
-1
-1
-2
-1
-1
-1
-2
-1
-1
-2
-2
-2
-3
-2
-2
-2
-2
-2
-2
-3
-1
-1
-1
0
1
1
1
1
1
2
1
1
3
2
3
2
2
1
2
2
1
2
1
2
1
0
1
1
0
0
0
1
0
-1
-2
-2
-2
-2
-2
-1
-1
-1
-1
-1
-1
-1
-2
0
-1
-1
-1
-2
-1
-1
-1
-2
-2
-2
-2
-2
-1
-2
-1
0
-2
-1
0
-1
0
0
1
2
2
2
2
2
2
1
2
2
2
2
2
2
2
1
1
2
3
3
3
3
3
2
1
2
2
2
2
1
2
1
0
1
2
1
1
1
1
1
1
1
1
1
0
1
1
0
-1
1
0
0
0
-1
-2
-3
-3
-3
-2
-2
-2
-2
-1
-2
-2
-3
-3
-2
-1
-1
-2
0
-1
-2
-1
-1
-2
-2
-1
-1
1
0
1
0
-1
1
2
2
2
2
3
3
3
3
3
3
3
5
3
3
3
3
4
2
5
3
3
3
3
2
2
2
1
1
1
-1
-1
-2
-3
-3
-3
-3
-2
-2
-2
-1
-2
-2
-3
-2
-2
-3
-3
-3
-3
-4
-2
-3
-3
-3
-4
-4
-2
-4
-5
-5
-4
-4
-3
-3
-4
-3
-4
-4
-4
-3
-4
-3
-2
-1
0
0
0
1
0
0
1
2
2
2
2
2
4
3
3
4
3
4
5
5
5
4
4
4
3
3
2
1
1
1
2
1
0
0
2
1
1
1
2
2
2
2
2
1
0
1
1
1
0
0
1
0
0
-1
-1
-1
-2
-1
-1
-2
-1
-1
-2
-2
-2
-2
-2
-3
-4
-4
-4
-3
-1
-1
-1
0
0
0
-1
0
-1
0
0
0
1
0
0
0
0
0
-1
0
0
-1
0
1
0
2
1
2
2
1
2
2
3
3
2
2
2
2
2
1
1
1
0
1
0
0
-1
-1
0
0
0
-1
0
0
0
0
1
1
0
-1
0
-1
-1
-2
-2
-2
-1
0
0
-1
-1
-1
-1
0
0
0
1
-1
1
0
0
0
1
1
1
1
1
0
0
1
0
0
0
-1
-1
0
0
-1
0
-1
-1
-1
0
1
0
0
0
1
1
1
2
2
2
2
3
4
3
2
3
3
3
3
2
3
1
2
1
2
2
1
1
1
1
1
0
0
-1
-2
-1
-2
-2
-2
-3
-2
-2
-3
-3
-3
-2
-4
-3
-2
-4
-3
-4
-3
-3
-3
-2
-2
-3
-2
-3
-3
-1
-1
-1
-1
-1
0
0
0
0
1
0
0
0
-1
1
-1
0
-1
-1
0
0
1
0
0
0
1
1
2
1
1
1
0
1
0
-1
0
0
0
1
0
1
1
0
0
-1
2
1
1
1
2
2
1
1
1
0
1
0
1
1
1
2
2
0
0
0
0
0
0
0
0
1
1
1
0
1
1
1
1
1
1
0
1
1
0
1
1
0
0
-1
0
-1
-1
-1
-1
-1
0
0
0
1
0
1
0
1
2
2
3
2
2
2
1
1
2
1
1
1
1
0
-1
1
0
1
1
1
0
0
0
-2
-1
-1
-1
0
-2
-2
-1
-2
-3
-2
-2
-2
-2
-4
-3
-4
-2
-2
-2
-2
-2
-3
-3
-2
-3
-2
-3
-3
-3
-4
-4
-3
-2
-2
-2
-2
-1
-2
-1
1
0
0
0
0
2
2
1
0
1
0
1
2
2
2
2
2
3
3
3
3
2
1
1
3
2
3
3
1
2
2
3
2
1
1
1
1
1
0
0
0
1
1
1
1
1
0
1
2
1
3
3
2
2
3
2
2
3
2
2
1
0
0
0
1
0
-1
-2
-2
-2
-2
-1
-1
-1
0
-2
-2
-2
-2
-3
-2
-2
-2
-2
-2
-1
0
-1
-1
-2
-1
-1
-1
0
0
0
0
-1
0
0
-1
-1
-2
-1
-1
-1
-1
-1
0
0
0
0
0
0
0
-1
-1
-1
0
0
1
0
0
0
0
-1
-2
-1
-2
-1
0
-1
0
-1
1
0
1
1
1
1
2
1
1
1
2
2
2
2
2
3
3
2
3
3
2
3
1
2
1
1
1
1
0
-1
-1
-1
-1
-2
-1
-1
-2
-1
-1
-2
-1
0
0
-1
2
1
1
1
1
2
2
1
0
0
0
-1
-2
-2
-3
-3
-2
-3
-2
-1
-3
-2
-2
-1
-1
-1
-1
-2
0
-1
0
1
0
1
0
0
-1
-2
-1
-2
-1
-1
-1
-1
-1
-1
-2
0
-2
-2
-2
-2
-2
-1
-1
0
-1
0
1
1
1
2
2
2
3
3
4
4
4
4
3
4
3
3
3
3
3
3
2
3
3
4
4
4
3
2
3
3
4
3
4
4
5
5
5
3
2
1
0
-1
-1
-1
-1
-2
-3
-3
-4
-5
-5
-4
-4
-4
-4
-4
-4
-5
-4
-5
-6
-6
-7
-7
-5
-7
-6
-6
-7
-6
-5
-4
-3
-3
-3
-2
-1
-2
-1
-1
1
0
1
2
1
2
3
2
1
1
1
2
1
3
2
2
2
2
2
2
1
3
2
2
2
2
3
3
3
3
3
3
3
3
4
2
1
1
1
0
0
1
1
1
1
1
-1
-1
-1
-1
-2
-2
-3
-5
-6
-7
-6
-7
-6
-7
-7
-7
-5
-6
-3
-3
-2
-3
-3
-1
-2
-1
-1
1
0
0
0
0
1
1
1
1
0
1
2
2
3
3
4
5
6
6
7
7
7
8
8
8
8
9
10
10
9
7
6
5
7
6
5
4
4
3
2
1
2
0
0
0
1
1
2
2
2
2
2
2
0
1
1
2
1
0
1
-1
-1
0
-1
0
-1
-3
-4
-3
-3
-5
-5
-6
-7
-9
-8
-9
-9
-10
-10
-10
-10
-11
-8
-8
-8
-8
-9
-9
-10
-11
-9
-8
-8
-9
-11
-11
-11
-11
-9
-7
-8
-8
-6
-4
-4
-3
0
0
0
1
3
4
5
4
4
4
4
5
6
6
8
7
8
8
11
11
12
13
13
14
14
13
14
13
13
13
12
12
12
11
11
10
9
7
6
6
5
6
6
7
7
5
5
4
4
4
2
2
-1
-2
-3
-4
-6
-7
-9
-9
-9
-9
-10
-10
-10
-11
-10
-11
-11
-13
-14
-13
-14
-14
-16
-15
-15
-15
-14
-16
-16
-17
-18
-19
-18
-18
-17
-16
-15
-14
-13
-12
-11
-8
-5
-4
-2
2
3
6
8
9
12
13
15
17
18
19
21
24
26
27
28
31
30
32
32
32
31
30
28
26
24
22
20
19
18
16
14
12
12
11
8
9
7
6
6
5
5
5
4
5
5
4
4
2
2
0
-2
-5
-6
-7
-10
-11
-14
-16
-19
-21
-23
-25
-27
-27
-28
-31
-31
-32
-34
-35
-36
-36
-37
-37
-36
-37
-36
-36
-37
-36
-38
-39
-40
-42
-44
-45
-45
-44
-44
-43
-40
-37
-37
-33
-31
-26
-21
-17
-11
-4
3
10
17
23
31
39
47
54
61
67
74
79
83
85
88
89
88
87
86
84
79
75
69
62
57
51
47
42
38
34
30
26
23
21
18
16
17
14
13
14
13
14
14
15
16
16
15
15
12
10
6
5
1
-4
-9
-15
-21
-29
-34
-41
-47
-53
-59
-65
-69
-73
-75
-76
-77
-77
-77
-76
-74
-72
-69
-67
-64
-63
-61
-60
-59
-60
-61
-62
-63
-67
-73
-75
-80
-86
-91
-94
-97
-98
-98
-94
-89
-81
-69
-54
-37
-19
4
29
55
80
108
134
159
184
204
223
239
246
250
251
247
241
230
217
201
180
161
138
114
90
65
43
23
3
-14
-28
-40
-48
-54
-58
-58
-58
-53
-46
-37
-27
-17
-7
3
13
21
27
34
36
36
32
25
13
-1
-17
-35
-54
-74
-96
-115
-134
-154
-168
-183
-191
-197
-201
-199
-194
-186
-174
-160
-143
-126
-113
-95
-80
-64
-52
-41
-32
-26
-24
-26
-28
-33
-43
-55
-64
-74
-85
-95
-106
-111
-116
-118
-116
-106
-90
-75
-51
-24
8
45
82
125
171
215
256
300
334
363
386
402
412
413
411
400
385
361
330
294
259
216
177
138
103
72
43
20
1
-16
-29
-37
-39
-40
-36
-30
-20
-9
-1
7
14
23
25
33
33
34
31
23
15
-6
-22
-42
-64
-88
-110
-136
-161
-185
-206
-230
-249
-263
-273
-280
-289
-290
-287
-282
-274
-259
-240
-220
-202
-183
-159
-138
-120
-103
-86
-71
-58
-49
-38
-37
-33
-38
-48
-61
-76
-89
-99
-113
-124
-134
-147
-154
-165
-168
-168
-164
-158
-150
-137
-120
-97
-68
-34
0
40
89
135
182
235
284
332
376
416
456
484
511
527
540
547
547
541
524
509
477
442
407
371
328
285
246
205
171
134
101
77
48
23
0
-16
-27
-38
-44
-45
-45
-51
-55
-59
-61
-63
-67
-65
-64
-65
-75
-77
-78
-92
-104
-112
-119
-133
-147
-157
-171
-194
-217
-231
-252
-270
-278
-282
-290
-297
-303
-309
-310
-310
-298
-286
-275
-248
-227
-212
-202
-185
-167
-159
-142
-130
-114
-105
-105
-99
-103
-105
-111
-118
-122
-136
-147
-150
-160
-168
-174
-179
-170
-170
-162
-152
-136
-119
-100
-72
-43
-2
39
86
138
188
239
289
336
387
432
479
522
561
593
619
639
647
643
633
617
594
567
530
488
443
390
326
271
214
164
115
65
32
0
-32
-59
-76
-99
-114
-126
-137
-145
-151
-150
-142
-135
-132
-117
-102
-88
-82
-67
-58
-46
-46
-45
-44
-48
-71
-83
-98
-127
-152
-171
-197
-237
-255
-277
-297
-317
-321
-332
-328
-331
-321
-310
-299
-286
-268
-249
-226
-204
-192
-164
-143
-128
-107
-94
-77
-69
-61
-50
-60
-58
-58
-61
-70
-77
-84
-90
-107
-118
-126
-126
-133
-138
-131
-128
-128
-114
-93
-73
-44
-9
32
70
117
163
215
260
303
344
387
431
460
485
503
511
520
519
508
499
486
465
436
403
362
319
275
227
181
142
99
61
16
-24
-60
-97
-126
-153
-179
-191
-211
-214
-218
-228
-211
-198
-181
-159
-140
-97
-84
-54
-17
1
38
46
63
83
93
93
78
80
79
35
16
15
-21
-58
-70
-92
-126
-145
-171
-181
-200
-207
-190
-199
-172
-181
-150
-145
-129
-131
-115
-76
-92
-82
-59
-65
-87
-75
-79
-89
-123
-113
-113
-153
-172
-167
-176
-197
-217
-221
-229
-253
-266
-260
-257
-260
-249
-219
-205
-186
-162
-123
-82
-50
1
46
93
150
206
256
302
340
381
419
438
457
472
481
483
476
469
441
410
379
339
303
260
219
184
136
96
66
37
2
-31
-61
-87
-122
-138
-147
-158
-160
-154
-149
-146
-135
-104
-93
-71
-40
-9
37
54
71
131
147
142
162
179
177
139
143
152
120
70
86
59
3
-29
-43
-61
-123
-127
-115
-139
-172
-145
-131
-145
-161
-135
-117
-131
-128
-115
-93
-117
-116
-99
-99
-118
-123
-123
-135
-164
-173
-165
-186
-213
-215
-217
-252
-263
-278
-289
-296
-306
-300
-303
-290
-287
-273
-253
-232
-194
-157
-121
-82
-31
10
50
94
136
177
208
241
281
318
335
357
386
387
400
403
390
378
357
335
303
269
239
206
174
139
101
62
38
8
-29
-40
-51
-65
-62
-54
-42
-39
-22
3
16
28
78
100
130
155
193
217
232
231
255
279
248
262
271
245
216
196
185
132
83
94
37
-34
-26
-54
-93
-124
-108
-136
-181
-163
-156
-183
-208
-169
-181
-207
-230
-173
-176
-219
-207
-152
-172
-232
-208
-165
-211
-251
-205
-196
-228
-254
-216
-227
-266
-274
-257
-269
-307
-303
-293
-320
-331
-317
-311
-311
-302
-290
-269
-248
-233
-208
-177
-155
-128
-81
-39
-13
18
65
90
125
156
200
226
243
282
302
317
322
339
357
357
356
366
374
368
350
343
329
309
286
273
256
238
213
212
201
178
190
175
180
172
175
192
191
178
213
233
232
246
276
292
261
263
321
281
224
284
268
187
191
183
157
95
85
78
7
-26
-22
-82
-99
-94
-186
-151
-179
-227
-240
-240
-262
-312
-326
-305
-354
-386
-347
-369
-417
-412
-389
-416
-421
-417
-400
-422
-435
-423
-439
-452
-449
-450
-460
-465
-460
-456
-447
-443
-433
-409
-395
-390
-353
-328
-308
-269
-223
-195
-174
-110
-65
-34
16
70
110
154
201
261
306
342
386
434
465
481
516
533
560
554
549
562
551
538
515
506
481
440
419
408
358
325
317
280
253
220
222
208
199
196
200
201
189
222
236
219
245
296
246
273
310
279
264
262
283
219
205
207
180
103
86
67
17
-25
-92
-86
-140
-182
-237
-201
-277
-326
-288
-334
-364
-401
-372
-411
-445
-448
-425
-470
-482
-472
-483
-497
-513
-459
-530
-515
-504
-520
-531
-545
-499
-541
-527
-487
-489
-491
-463
-450
-429
-404
-365
-325
-306
-262
-240
-200
-156
-138
-94
-49
-7
37
76
126
173
208
247
289
315
357
404
428
449
496
519
531
567
585
585
592
621
610
605
609
600
573
556
553
522
496
459
448
410
365
353
312
290
280
224
212
236
189
138
162
201
149
106
201
184
136
134
173
164
82
133
103
69
54
25
1
-4
-98
-90
-125
-166
-216
-258
-256
-336
-371
-387
-418
-456
-472
-505
-506
-558
-508
-562
-578
-563
-561
-578
-584
-533
-560
-584
-525
-505
-525
-485
-462
-417
-477
-401
-370
-371
-344
-323
-255
-255
-242
-180
-171
-150
-110
-83
-49
-46
2
30
46
65
94
131
136
153
187
208
234
256
297
326
355
388
423
449
476
496
523
545
566
588
569
585
599
587
575
563
568
542
515
507
481
443
398
378
351
278
252
239
186
141
109
106
54
24
29
4
-22
-22
-29
-31
-52
-62
-44
-55
-82
-100
-54
-85
-146
-106
-145
-172
-220
-245
-228
-294
-311
-340
-323
-348
-418
-382
-366
-463
-419
-374
-393
-422
-418
-324
-398
-399
-305
-319
-343
-317
-293
-256
-309
-296
-226
-219
-212
-222
-179
-153
-159
-183
-101
-124
-125
-80
-41
-76
-56
-14
20
-7
21
84
61
96
86
126
115
127
118
145
128
150
147
149
163
158
191
204
230
243
270
282
300
302
330
351
351
372
409
405
418
433
439
431
417
407
397
363
336
287
265
224
165
141
89
69
-3
9
-32
-68
-74
-66
-109
-134
-81
-127
-103
-129
-92
-103
-87
-108
-75
-74
-87
-88
-72
-50
-153
-84
-88
-131
-164
-152
-140
-182
-219
-182
-161
-263
-229
-199
-217
-280
-217
-201
-255
-250
-227
-200
-220
-233
-190
-155
-206
-199
-131
-140
-221
-104
-114
-155
-142
-72
-96
-132
-67
-30
-92
-64
11
-38
-42
-44
34
0
-27
23
46
-2
11
9
22
-34
-32
10
-40
-45
-40
-17
-26
-33
-9
16
11
42
90
134
159
208
252
272
289
345
361
352
400
406
377
388
407
359
345
340
300
258
229
226
149
106
111
69
-6
-6
-24
-28
-92
-72
-80
-94
-95
-82
-40
-88
-33
-3
-24
29
55
21
110
53
66
127
79
117
70
97
139
28
84
55
-1
-33
4
-37
-78
-91
-83
-119
-122
-171
-134
-145
-217
-139
-206
-147
-196
-193
-174
-194
-180
-180
-184
-136
-222
-217
-90
-195
-186
-188
-76
-200
-219
-91
-147
-225
-148
-132
-207
-217
-210
-162
-279
-268
-253
-261
-342
-302
-309
-314
-320
-295
-236
-230
-204
-117
-73
-44
9
56
139
147
215
288
308
328
405
413
417
421
457
424
406
426
403
348
324
316
267
239
180
177
122
88
63
40
15
-3
-24
-39
-3
0
-24
57
88
66
132
170
183
239
251
339
274
315
381
298
337
343
337
331
264
269
258
139
176
125
57
17
-11
-33
-70
-147
-144
-130
-187
-212
-176
-163
-250
-258
-138
-227
-259
-207
-140
-229
-243
-163
-196
-291
-226
-227
-304
-240
-338
-261
-342
-361
-361
-339
-408
-395
-383
-368
-409
-439
-371
-452
-424
-431
-407
-447
-427
-390
-398
-382
-353
-303
-277
-234
-149
-108
-69
12
88
104
189
282
319
362
433
482
491
524
552
574
530
546
550
502
459
437
424
375
349
309
279
230
199
159
112
131
110
79
72
87
102
68
97
127
123
149
238
258
205
295
298
293
279
349
329
294
302
284
228
202
181
97
86
57
24
-71
-66
-101
-155
-212
-198
-211
-267
-282
-258
-303
-283
-278
-306
-257
-279
-315
-252
-274
-295
-257
-225
-237
-284
-180
-222
-286
-307
-231
-284
-344
-303
-280
-363
-390
-329
-366
-449
-481
-416
-475
-512
-499
-418
-474
-501
-423
-390
-419
-362
-265
-197
-196
-114
17
30
77
188
279
326
371
481
528
526
577
608
598
611
640
633
612
590
567
527
475
425
397
359
331
298
245
235
199
174
138
117
95
100
111
109
133
131
167
184
187
243
200
200
293
258
253
307
343
256
255
287
266
93
181
155
52
41
5
19
-94
-120
-153
-119
-299
-209
-285
-255
-315
-377
-315
-349
-368
-385
-305
-356
-302
-426
-290
-389
-313
-323
-386
-295
-354
-391
-329
-413
-409
-371
-433
-380
-465
-449
-446
-502
-500
-560
-572
-589
-592
-501
-497
-535
-565
-532
-534
-446
-409
-301
-239
-141
-91
-16
54
131
280
377
473
554
648
682
717
734
813
861
856
859
851
823
738
696
659
577
513
484
460
394
324
278
233
151
144
173
136
82
100
104
102
149
197
190
146
173
199
239
223
262
288
269
293
322
299
238
228
166
198
140
102
92
26
-88
-133
-124
-197
-254
-303
-264
-432
-356
-399
-387
-359
-447
-417
-411
-359
-430
-419
-411
-398
-410
-361
-395
-305
-361
-444
-291
-432
-388
-384
-357
-300
-420
-329
-328
-462
-494
-424
-407
-458
-538
-571
-544
-419
-275
-383
-518
-580
-499
-417
-394
-285
-197
-81
-53
-5
65
124
251
389
506
626
701
741
719
741
843
875
912
899
866
806
748
725
611
524
509
509
452
354
299
218
91
55
84
76
64
27
-6
-80
-86
-57
5
71
62
57
30
93
144
138
165
212
238
246
246
261
210
198
179
169
226
195
86
27
-20
-152
-160
-135
-149
-197
-254
-254
-317
-396
-328
-377
-361
-272
-361
-403
-402
-383
-356
-363
-397
-281
-280
-319
-346
-369
-365
-317
-302
-276
-274
-310
-282
-372
-350
-340
-361
-311
-439
-599
-593
-378
-197
-299
-551
-679
-656
-528
-469
-442
-336
-189
-84
-140
-141
-4
124
281
453
599
716
754
730
738
828
938
1002
979
922
867
795
731
651
594
545
469
391
268
175
104
67
4
-24
8
0
-68
-153
-184
-178
-103
-28
29
-38
-96
-111
-42
75
143
209
203
232
242
266
273
277
291
352
367
386
361
273
167
127
140
122
187
142
3
-166
-228
-199
-194
-240
-309
-355
-466
-554
-556
-451
-559
-551
-457
-498
-470
-430
-385
-444
-515
-353
-206
-247
-214
-230
-249
-281
-256
-168
-219
-268
-384
-589
-668
-436
-94
-154
-548
-914
-889
-679
-607
-686
-590
-402
-282
-293
-379
-350
-207
54
291
495
629
688
660
684
879
1082
1177
1169
1050
964
929
922
816
680
616
609
518
349
188
59
-37
-151
-131
-28
57
-35
-269
-367
-283
-158
-12
81
37
-81
-135
-35
83
185
186
174
242
315
326
275
277
293
384
498
550
504
373
244
189
188
290
331
236
109
-36
-154
-182
-169
-162
-220
-307
-342
-411
-401
-486
-545
-513
-497
-442
-465
-483
-515
-523
-504
-400
-333
-230
-238
-294
-324
-263
-179
-212
-240
-212
-245
-452
-695
-709
-292
-16
-278
-848
-1102
-898
-641
-662
-748
-664
-419
-296
-393
-479
-368
-62
244
463
631
699
679
657
732
968
1180
1226
1117
968
891
861
807
695
541
506
521
409
174
-16
-104
-160
-183
-120
-59
-148
-380
-516
-467
-254
-46
15
-33
-183
-269
-197
-49
140
222
213
231
295
371
357
349
383
516
700
789
720
562
455
459
523
618
657
577
420
232
133
152
178
133
-1
-134
-231
-278
-332
-442
-481
-475
-466
-482
-527
-623
-701
-713
-686
-592
-505
-486
-533
-601
-578
-465
-354
-302
-352
-384
-453
-679
-873
-742
-242
72
-287
-964
-1249
-964
-628
-636
-783
-672
-356
-217
-411
-582
-467
-114
301
592
660
623
559
572
745
1069
1365
1389
1154
939
867
897
885
710
599
594
571
434
142
-136
-231
-203
-109
-59
-55
-176
-388
-571
-544
-253
50
173
10
-195
-264
-137
37
172
235
235
286
358
377
336
297
320
482
716
847
730
531
424
412
548
732
750
573
360
217
200
228
250
180
34
-123
-258
-301
-331
-409
-499
-504
-495
-542
-623
-736
-783
-750
-679
-645
-629
-638
-657
-725
-707
-499
-376
-417
-504
-486
-446
-606
-907
-874
-332
184
-58
-853
-1342
-1077
-533
-426
-648
-691
-384
-186
-352
-617
-525
-63
382
598
665
634
556
550
709
1054
1388
1478
1264
972
885
917
935
861
722
675
651
551
254
-44
-173
-137
10
85
-8
-189
-422
-590
-542
-300
-19
38
-65
-279
-427
-340
-84
101
132
108
141
207
214
212
233
357
496
688
803
705
516
377
440
635
791
816
636
364
195
174
285
355
301
90
-138
-237
-261
-271
-345
-423
-444
-438
-511
-639
-759
-796
-756
-710
-626
-596
-648
-734
-776
-708
-543
-363
-277
-383
-486
-432
-357
-463
-770
-755
-191
361
51
-854
-1391
-1050
-396
-234
-508
-668
-439
-240
-373
-616
-539
-84
439
637
579
516
508
612
814
1123
1442
1509
1227
843
748
882
963
908
760
636
551
396
107
-191
-267
-176
-93
-67
-163
-354
-578
-721
-593
-319
-78
-82
-230
-377
-436
-295
-49
143
194
180
173
197
251
321
376
447
612
829
881
687
469
456
621
829
925
835
646
455
341
367
460
441
312
115
-55
-127
-184
-215
-297
-378
-385
-430
-529
-667
-742
-762
-737
-706
-711
-759
-849
-902
-885
-780
-608
-483
-503
-654
-711
-576
-464
-610
-904
-885
-323
205
-71
-936
-1403
-962
-260
-128
-515
-692
-487
-254
-315
-487
-414
-10
477
657
578
462
474
600
813
1148
1457
1513
1208
846
776
979
1124
1018
801
651
547
371
69
-157
-128
-16
-3
-126
-282
-425
-568
-667
-553
-292
-48
-81
-360
-561
-466
-175
11
82
125
150
94
106
227
395
435
515
649
780
793
621
505
557
788
996
935
715
540
516
535
485
432
396
280
111
-72
-154
-140
-116
-190
-309
-377
-427
-495
-654
-737
-689
-582
-609
-755
-856
-880
-844
-788
-690
-571
-535
-642
-781
-778
-614
-516
-690
-980
-830
-158
239
-244
-1138
-1376
-748
-103
-179
-649
-771
-482
-217
-266
-458
-390
27
461
599
517
419
415
556
890
1295
1523
1438
1054
753
825
1096
1229
1050
739
609
582
403
82
-130
-60
35
-10
-196
-366
-434
-555
-657
-582
-288
-78
-239
-527
-607
-421
-220
-74
89
131
48
-11
55
260
400
467
533
631
733
734
625
535
676
913
1006
823
623
602
622
598
516
437
386
321
163
-3
-90
-46
8
-109
-289
-396
-415
-497
-657
-701
-612
-546
-642
-842
-934
-897
-840
-813
-758
-665
-653
-736
-857
-836
-673
-579
-805
-1059
-860
-249
26
-488
-1240
-1388
-783
-190
-279
-703
-842
-554
-213
-219
-392
-383
0
477
702
606
433
459
693
1089
1437
1556
1390
1078
863
962
1228
1287
1043
750
645
605
425
127
-83
-2
120
32
-178
-287
-333
-494
-642
-513
-165
43
-96
-434
-568
-430
-148
92
197
134
-12
-88
77
327
482
499
515
650
743
737
614
606
775
980
1011
861
680
572
575
602
609
550
453
267
3
-162
-145
-45
-67
-236
-444
-549
-543
-581
-744
-814
-709
-644
-751
-993
-1073
-968
-884
-882
-856
-749
-728
-824
-946
-954
-757
-558
-615
-909
-1003
-625
-128
-181
-804
-1278
-1006
-395
-174
-508
-882
-747
-271
-5
-203
-436
-195
393
762
641
454
551
843
1094
1276
1445
1494
1342
1119
1063
1238
1323
1146
821
624
590
492
242
-15
-54
-25
-122
-282
-326
-376
-515
-699
-651
-353
-153
-231
-433
-487
-409
-246
-13
116
56
-51
-84
82
340
515
505
463
576
713
768
730
702
799
910
948
860
738
692
690
716
667
562
457
356
197
-8
-68
10
44
-157
-400
-521
-485
-490
-667
-794
-749
-673
-750
-900
-975
-950
-882
-846
-848
-801
-738
-786
-922
-977
-789
-544
-529
-818
-1065
-834
-243
-18
-498
-1121
-1119
-518
-149
-419
-895
-836
-279
28
-217
-526
-362
179
571
568
459
518
734
907
1092
1374
1550
1435
1138
1026
1204
1324
1195
937
778
720
556
313
103
30
5
-95
-234
-308
-350
-484
-680
-714
-468
-204
-233
-398
-518
-478
-381
-171
61
108
-10
-73
61
281
435
490
499
495
597
674
708
695
685
794
851
797
688
660
722
717
603
457
396
412
303
74
-81
-21
74
-43
-307
-464
-442
-446
-600
-728
-685
-641
-744
-916
-1010
-959
-909
-898
-924
-864
-777
-792
-904
-957
-849
-605
-403
-457
-791
-1119
-935
-257
198
-161
-915
-1202
-778
-305
-356
-681
-669
-294
0
-123
-383
-335
61
505
765
847
796
731
774
1031
1427
1686
1636
1357
1067
1016
1165
1273
1153
827
546
467
505
340
-44
-333
-317
-111
-68
-298
-614
-804
-771
-535
-274
-221
-318
-482
-555
-438
-183
67
98
1
20
136
278
383
453
455
458
579
737
821
712
575
621
709
801
797
727
655
490
330
318
423
433
242
-3
-106
-69
-53
-166
-338
-420
-431
-487
-605
-682
-681
-701
-819
-869
-873
-881
-939
-954
-861
-774
-777
-818
-884
-875
-778
-603
-464
-515
-793
-1024
-846
-263
173
-95
-808
-1195
-888
-365
-219
-462
-573
-355
-42
-40
-304
-389
-31
554
888
882
721
635
763
1003
1359
1662
1674
1332
921
864
1141
1326
1132
646
347
401
460
214
-222
-448
-338
-136
-156
-395
-676
-810
-727
-476
-212
-180
-361
-541
-526
-317
-123
-5
100
121
111
131
250
424
512
518
525
680
887
878
686
564
691
921
960
866
741
618
523
450
459
489
460
273
31
-56
-12
-1
-147
-330
-409
-398
-425
-585
-734
-785
-742
-686
-781
-927
-1026
-1008
-935
-849
-796
-821
-862
-833
-748
-662
-644
-589
-489
-410
-471
-710
-776
-404
130
130
-481
-1073
-928
-366
-107
-361
-608
-477
-128
-26
-229
-345
-112
370
701
773
708
637
673
837
1184
1514
1557
1257
923
830
964
1064
929
639
406
337
306
124
-212
-409
-397
-271
-221
-345
-526
-656
-675
-587
-414
-259
-166
-214
-290
-351
-201
82
270
301
240
270
358
439
506
580
658
753
784
747
675
629
686
764
817
778
677
536
392
290
298
369
381
248
45
-100
-174
-195
-214
-218
-237
-347
-535
-677
-712
-690
-658
-706
-793
-855
-890
-917
-936
-885
-787
-692
-664
-687
-705
-701
-652
-523
-345
-238
-404
-767
-849
-421
154
123
-480
-963
-813
-345
-183
-443
-630
-439
-64
35
-177
-288
-43
450
781
812
777
760
788
863
1095
1426
1511
1252
863
698
855
1021
880
476
193
194
235
56
-306
-532
-490
-331
-236
-320
-545
-789
-843
-645
-360
-169
-156
-244
-338
-323
-158
79
273
367
363
317
331
482
566
579
643
793
950
909
731
620
641
763
873
911
809
548
318
269
391
545
511
260
-33
-167
-139
-93
-131
-258
-391
-455
-484
-558
-681
-791
-834
-776
-736
-774
-913
-1003
-943
-824
-718
-708
-663
-624
-626
-662
-619
-437
-207
-164
-391
-706
-758
-435
42
175
-205
-716
-892
-656
-400
-407
-525
-462
-242
-115
-218
-342
-272
40
457
709
787
687
559
609
854
1235
1433
1267
951
724
740
814
724
539
316
201
148
36
-192
-442
-522
-416
-256
-216
-349
-538
-636
-558
-376
-154
-7
34
-42
-124
-97
72
308
504
566
523
485
480
564
647
781
918
944
902
751
664
666
756
875
901
806
597
374
290
345
411
363
181
28
-28
-102
-245
-394
-456
-394
-367
-488
-676
-840
-904
-890
-839
-812
-858
-931
-990
-987
-908
-830
-718
-623
-580
-582
-609
-530
-411
-280
-207
-263
-490
-710
-585
-83
286
8
-625
-1006
-852
-470
-351
-435
-439
-292
-150
-252
-405
-311
42
464
679
727
708
666
718
850
1112
1347
1338
1078
773
645
701
682
508
289
183
153
51
-227
-527
-610
-453
-256
-227
-348
-529
-598
-500
-360
-239
-104
38
133
37
-95
-68
180
543
690
584
484
507
600
651
762
928
1033
1011
849
726
720
794
859
852
803
697
589
444
307
236
211
226
201
67
-147
-360
-467
-486
-496
-524
-562
-645
-793
-949
-1049
-979
-854
-787
-794
-844
-884
-895
-854
-752
-591
-479
-400
-356
-333
-335
-372
-323
-160
-13
-74
-374
-603
-461
2
209
-156
-730
-979
-764
-482
-485
-569
-479
-271
-228
-426
-540
-336
103
464
567
515
493
559
639
748
921
1056
1048
862
620
515
507
470
322
175
140
124
36
-174
-349
-405
-364
-318
-251
-126
-49
-123
-279
-320
-127
201
434
429
294
252
354
533
663
715
756
818
869
897
893
872
822
801
879
960
977
875
712
599
512
445
442
487
486
311
7
-237
-252
-107
-47
-186
-466
-675
-747
-763
-778
-784
-803
-850
-941
-1043
-1015
-908
-870
-917
-947
-843
-664
-566
-651
-741
-646
-445
-262
-207
-179
-126
-99
-167
-214
-161
-52
7
-124
-319
-389
-202
-15
-90
-400
-652
-634
-424
-279
-379
-471
-365
-138
1
-75
-209
-146
125
401
471
386
345
373
476
563
592
551
465
390
346
349
322
228
128
62
52
49
31
12
-13
-12
-15
57
146
210
255
253
251
272
405
604
757
783
683
612
638
790
899
867
790
718
696
685
635
549
508
530
495
363
168
61
76
105
63
-72
-179
-227
-232
-283
-358
-412
-409
-380
-390
-428
-438
-399
-419
-512
-554
-490
-370
-350
-460
-565
-552
-463
-415
-474
-507
-450
-403
-436
-512
-503
-353
-235
-240
-360
-404
-312
-199
-145
-168
-143
-76
-78
-155
-219
-163
-44
18
-22
-119
-136
-106
-97
-96
-73
-35
-66
-179
-261
-240
-166
-142
-186
-260
-326
-348
-303
-252
-208
-180
-174
-120
-71
-32
40
136
240
319
336
348
388
464
593
664
635
582
576
607
638
594
558
584
653
664
551
403
392
511
585
508
349
305
369
435
412
362
341
363
334
253
211
222
238
227
224
231
169
58
-40
-73
-50
-54
-100
-127
-140
-176
-250
-361
-392
-338
-265
-253
-310
-397
-457
-465
-412
-294
-259
-279
-326
-345
-306
-272
-213
-164
-157
-194
-250
-254
-187
-119
-142
-242
-270
-195
-135
-160
-268
-362
-319
-225
-185
-234
-329
-368
-401
-400
-387
-372
-387
-470
-541
-527
-432
-368
-393
-471
-482
-405
-332
-310
-333
-258
-113
16
45
-3
33
163
326
383
368
397
511
599
585
553
587
636
641
646
625
629
629
598
560
526
523
505
457
449
427
355
312
340
360
321
227
162
177
254
242
199
136
100
159
190
238
152
38
7
65
100
121
-7
-65
-101
-143
-108
-121
-87
-138
-176
-156
-104
-134
-109
-213
-280
-265
-140
-31
-55
-63
-65
-131
-223
-298
-267
-97
35
47
-95
-201
-252
-257
-300
-268
-127
-22
3
-141
-216
-289
-299
-326
-345
-297
-168
-125
-292
-448
-548
-447
-557
-622
-569
-360
-251
-380
-563
-613
-501
-417
-377
-418
-295
-167
-109
-112
-120
-7
0
-40
-73
93
357
487
426
303
340
393
413
384
462
605
631
543
474
526
603
544
386
331
453
647
690
549
400
355
351
315
294
314
409
439
338
229
169
190
210
195
160
131
141
109
92
74
-7
-101
-104
-160
-78
14
8
8
-101
-182
-273
-216
-116
-22
-72
-116
-113
-16
-4
-123
-224
-295
-200
-94
-42
-114
-130
-131
-237
-403
-511
-376
-209
-173
-283
-392
-387
-300
-347
-435
-479
-384
-208
-202
-259
-314
-375
-400
-390
-404
-363
-365
-391
-364
-363
-386
-474
-560
-632
-610
-547
-422
-337
-272
-249
-306
-343
-378
-287
-65
187
348
379
449
600
690
672
648
756
944
1064
1077
1041
1049
1088
1035
873
743
670
642
590
493
398
310
218
109
42
-11
-41
-106
-136
-57
36
75
-22
-127
-70
94
239
252
191
198
240
298
349
409
444
396
321
284
295
283
171
41
42
104
115
-38
-253
-405
-425
-391
-409
-469
-540
-574
-618
-675
-713
-693
-671
-674
-660
-596
-491
-406
-408
-455
-447
-377
-309
-263
-239
-221
-194
-214
-251
-267
-282
-331
-393
-436
-490
-625
-791
-931
-932
-765
-603
-587
-717
-886
-983
-981
-922
-751
-466
-168
65
227
344
466
606
712
824
1014
1245
1402
1447
1478
1561
1669
1647
1427
1124
869
746
699
688
618
486
302
57
-145
-293
-371
-437
-468
-480
-415
-356
-336
-379
-398
-337
-182
-15
140
281
351
421
517
669
770
783
726
724
864
1089
1161
1060
888
731
643
549
427
290
162
46
-63
-202
-368
-533
-660
-780
-869
-893
-883
-869
-889
-891
-888
-862
-815
-730
-639
-545
-448
-402
-383
-355
-255
-178
-122
-125
-140
-142
-141
-138
-173
-207
-243
-306
-407
-477
-453
-401
-488
-794
-1197
-1501
-1471
-1154
-818
-684
-762
-908
-1027
-1073
-1078
-1003
-772
-350
107
428
578
674
888
1162
1372
1412
1339
1300
1400
1631
1867
1968
1905
1717
1430
1085
734
483
323
291
205
5
-212
-337
-352
-408
-543
-738
-878
-906
-843
-710
-541
-379
-214
-80
7
77
118
177
312
472
633
743
834
940
1064
1160
1143
1068
942
833
770
743
661
536
427
346
247
65
-152
-320
-427
-515
-623
-776
-893
-931
-878
-764
-701
-695
-754
-800
-770
-676
-549
-431
-349
-287
-247
-193
-106
-28
8
-34
-128
-221
-200
-134
-77
-74
-165
-254
-331
-374
-438
-586
-826
-1141
-1385
-1434
-1284
-1051
-875
-825
-850
-882
-947
-1062
-1132
-1017
-661
-160
291
604
810
1039
1310
1564
1671
1618
1540
1556
1685
1850
1966
1969
1893
1700
1390
982
589
289
55
-150
-386
-597
-745
-774
-735
-701
-776
-948
-1117
-1175
-1132
-1012
-839
-617
-359
-119
81
262
425
534
608
678
792
877
944
1005
1104
1201
1259
1246
1181
1068
891
642
407
242
164
99
-16
-143
-249
-335
-496
-682
-887
-1017
-1044
-1003
-937
-892
-868
-816
-713
-559
-383
-234
-183
-218
-272
-259
-146
-7
105
192
225
193
141
63
-9
-82
-170
-258
-331
-397
-438
-466
-448
-435
-500
-687
-1022
-1382
-1589
-1525
-1225
-917
-804
-816
-805
-712
-618
-619
-598
-421
-92
238
462
682
1057
1540
1910
1986
1870
1757
1695
1634
1560
1589
1677
1637
1384
1021
733
605
442
121
-304
-698
-954
-1126
-1227
-1235
-1109
-993
-927
-886
-840
-747
-696
-664
-581
-431
-212
31
310
615
879
1056
1139
1170
1175
1127
1046
1019
1056
1095
1072
999
896
812
677
510
314
118
-74
-262
-420
-546
-635
-723
-791
-833
-826
-808
-796
-808
-811
-809
-786
-692
-528
-316
-160
-87
-75
-56
1
41
88
88
42
-4
-76
-142
-163
-148
-154
-223
-354
-476
-562
-589
-592
-604
-623
-657
-691
-777
-897
-1086
-1254
-1237
-1018
-756
-638
-584
-505
-312
-210
-248
-323
-178
139
420
592
724
998
1322
1595
1688
1684
1669
1662
1540
1331
1183
1168
1200
1074
784
434
206
40
-131
-329
-560
-820
-1105
-1285
-1297
-1187
-1044
-938
-856
-725
-585
-436
-262
-143
-18
151
349
553
737
920
1117
1274
1348
1363
1373
1395
1372
1281
1147
1015
896
788
668
516
320
188
92
0
-157
-380
-578
-711
-833
-981
-1079
-1105
-1041
-975
-934
-862
-728
-602
-510
-405
-302
-222
-161
-147
-141
-70
53
146
127
46
14
3
-31
-127
-243
-344
-461
-568
-598
-564
-542
-614
-716
-759
-700
-605
-552
-625
-777
-1006
-1159
-1102
-899
-666
-531
-408
-277
-190
-181
-204
-169
20
254
423
491
572
783
1092
1390
1536
1571
1561
1520
1393
1205
1056
995
943
769
522
331
184
64
-91
-302
-503
-724
-900
-987
-1005
-983
-942
-831
-662
-454
-264
-98
60
208
351
478
599
765
916
1046
1166
1222
1269
1318
1370
1400
1395
1302
1134
929
768
660
530
337
139
-45
-211
-343
-474
-583
-701
-826
-981
-1148
-1256
-1280
-1232
-1192
-1117
-1060
-901
-723
-576
-447
-310
-135
-45
-93
-156
-137
-26
50
2
-38
-81
-64
-73
-135
-233
-326
-407
-503
-575
-624
-630
-603
-590
-644
-643
-552
-399
-333
-415
-598
-765
-768
-680
-564
-487
-366
-189
-12
85
160
232
343
414
444
517
646
855
1038
1227
1400
1512
1535
1452
1348
1246
1150
1041
830
536
286
89
-49
-197
-313
-427
-558
-714
-897
-1002
-1053
-1036
-980
-867
-728
-580
-377
-117
117
226
305
443
665
885
1008
1059
1126
1226
1284
1265
1227
1238
1288
1272
1116
911
761
656
469
182
-107
-273
-389
-536
-695
-815
-848
-925
-1070
-1220
-1273
-1207
-1160
-1141
-1106
-984
-781
-617
-505
-389
-208
-33
67
91
119
175
187
104
20
-5
24
60
24
-56
-137
-180
-204
-250
-317
-386
-453
-501
-536
-535
-490
-399
-313
-262
-226
-234
-314
-463
-567
-550
-461
-352
-284
-184
-62
64
136
166
197
286
388
438
481
538
698
907
1079
1126
1108
1118
1111
1026
882
726
601
458
299
122
-18
-125
-269
-402
-540
-647
-727
-810
-840
-809
-727
-631
-527
-434
-306
-129
48
215
412
602
731
830
901
981
1002
987
979
1039
1103
1077
994
882
774
636
492
320
150
-32
-238
-433
-574
-631
-681
-759
-874
-941
-993
-1026
-1032
-1000
-921
-844
-758
-702
-616
-489
-312
-120
34
169
259
303
304
283
247
256
270
281
233
153
90
38
-17
-104
-178
-254
-318
-388
-415
-382
-367
-395
-433
-435
-400
-332
-279
-279
-325
-417
-506
-521
-441
-353
-272
-199
-97
17
67
54
70
167
318
448
501
582
715
862
962
996
976
947
885
804
752
707
605
401
174
-23
-169
-325
-477
-593
-623
-641
-707
-804
-852
-806
-724
-616
-512
-376
-181
3
167
295
416
570
687
749
751
760
789
820
841
845
835
803
732
620
497
380
273
148
-11
-165
-303
-424
-533
-619
-652
-699
-748
-791
-827
-834
-802
-726
-632
-545
-491
-407
-289
-147
20
180
344
468
543
551
509
494
519
557
557
485
383
291
188
70
-45
-107
-146
-197
-281
-372
-436
-476
-493
-500
-485
-480
-463
-452
-421
-338
-258
-155
-89
-42
-77
-173
-267
-298
-237
-197
-179
-177
-133
-80
-52
-40
-29
-30
-44
-34
-25
-7
7
69
177
300
349
327
293
295
348
390
403
414
401
347
260
163
119
84
41
-61
-145
-148
-152
-174
-189
-133
-43
28
60
114
179
206
199
217
301
377
387
357
368
442
542
583
553
497
482
472
417
345
270
185
84
-35
-102
-126
-134
-194
-337
-455
-495
-481
-482
-517
-557
-549
-519
-490
-443
-348
-205
-98
-61
-69
-71
13
153
276
317
312
312
284
238
171
144
151
150
96
9
-18
-4
-3
-60
-162
-239
-284
-336
-400
-423
-421
-423
-482
-599
-715
-790
-782
-729
-652
-586
-544
-497
-416
-311
-192
-121
-79
-17
80
214
361
494
575
624
624
628
649
676
718
714
647
525
406
287
181
70
-36
-92
-141
-239
-336
-374
-319
-252
-239
-301
-328
-295
-207
-80
53
178
243
259
298
381
486
586
618
598
588
598
618
621
606
590
526
433
347
303
268
185
33
-140
-231
-278
-313
-363
-415
-455
-497
-540
-560
-546
-518
-472
-436
-405
-378
-307
-187
-63
27
68
87
142
204
273
319
320
304
281
247
224
223
215
180
109
53
20
-21
-75
-166
-235
-267
-301
-338
-421
-494
-530
-538
-552
-547
-541
-527
-516
-501
-498
-514
-534
-526
-482
-450
-411
-354
-280
-207
-163
-103
-7
69
154
219
309
387
473
594
700
774
794
784
759
732
691
646
592
507
429
340
217
110
22
-46
-120
-216
-296
-363
-411
-435
-432
-386
-324
-257
-173
-58
81
215
291
336
408
487
564
604
626
616
611
627
653
669
663
601
479
367
254
149
31
-85
-190
-329
-457
-558
-604
-651
-722
-797
-817
-775
-733
-687
-612
-474
-321
-193
-130
-67
47
178
272
307
351
405
452
477
471
446
380
296
224
180
137
47
-64
-188
-289
-361
-419
-477
-543
-602
-662
-708
-756
-801
-860
-919
-975
-966
-915
-815
-692
-548
-399
-275
-151
-35
106
268
438
559
634
688
781
884
954
970
960
955
939
886
792
692
613
480
310
123
-33
-143
-279
-427
-557
-625
-643
-638
-599
-529
-459
-389
-302
-189
-47
92
185
239
317
408
488
568
654
743
810
824
797
756
712
642
553
461
367
263
138
-23
-181
-303
-380
-441
-513
-604
-659
-680
-677
-647
-641
-633
-623
-587
-517
-425
-281
-134
-4
116
213
303
398
486
545
566
554
533
489
423
354
272
180
68
-44
-131
-187
-219
-270
-343
-414
-457
-494
-537
-576
-606
-613
-627
-637
-608
-529
-416
-327
-269
-234
-211
-169
-124
-94
-78
-83
-74
-48
20
90
137
138
114
122
155
234
293
339
376
390
403
417
440
460
485
499
484
454
392
331
297
231
124
21
-70
-125
-166
-179
-182
-170
-154
-188
-196
-182
-121
-43
3
28
78
157
224
271
324
373
418
460
454
416
353
297
233
168
105
52
4
-53
-114
-166
-188
-222
-268
-331
-398
-424
-444
-468
-460
-443
-388
-334
-279
-199
-118
-37
42
133
195
212
226
250
293
317
318
277
234
185
132
60
-20
-75
-120
-158
-211
-254
-277
-280
-291
-322
-374
-404
-407
-397
-392
-401
-389
-358
-323
-307
-310
-317
-305
-288
-254
-230
-190
-132
-93
-42
38
138
246
345
438
521
589
605
579
563
566
573
537
496
425
392
362
320
287
240
189
91
-14
-98
-142
-179
-243
-316
-338
-328
-285
-211
-155
-97
-41
31
93
134
177
227
292
337
344
332
349
365
386
368
327
272
207
117
-5
-90
-158
-221
-288
-364
-412
-423
-410
-422
-443
-441
-421
-389
-372
-335
-281
-193
-94
1
87
168
227
266
284
303
336
356
341
301
274
235
174
119
44
-34
-96
-175
-228
-261
-293
-326
-371
-400
-417
-424
-438
-459
-457
-465
-469
-473
-485
-475
-430
-372
-293
-203
-103
-23
24
73
120
182
232
271
310
332
382
436
478
497
500
504
517
491
422
338
243
163
97
29
-28
-65
-84
-86
-79
-94
-102
-98
-92
-58
-42
-14
-12
2
43
107
171
229
297
359
411
437
446
443
418
384
334
291
274
237
187
119
50
0
-61
-160
-268
-344
-374
-384
-432
-491
-517
-503
-461
-414
-358
-294
-227
-166
-102
-20
61
126
151
168
188
236
281
293
279
240
204
168
118
58
3
-48
-109
-179
-256
-314
-348
-384
-413
-436
-463
-496
-519
-547
-553
-523
-459
-385
-323
-258
-187
-119
-48
0
51
100
149
223
320
414
488
544
568
575
554
508
428
356
272
193
120
45
-37
-103
-150
-187
-219
-276
-333
-381
-413
-415
-381
-341
-303
-228
-129
11
144
248
312
362
430
509
562
567
545
512
520
525
515
499
444
386
323
244
160
82
8
-79
-168
-254
-315
-356
-385
-397
-396
-380
-363
-352
-335
-302
-252
-193
-150
-131
-117
-81
-33
19
62
95
132
199
233
247
246
217
182
140
93
44
-13
-68
-114
-150
-171
-207
-232
-245
-270
-280
-300
-294
-273
-268
-257
-257
-237
-214
-189
-170
-144
-105
-52
13
85
168
240
301
343
366
363
350
332
300
269
246
248
259
238
187
144
106
47
-25
-115
-183
-245
-296
-335
-373
-395
-412
-414
-381
-318
-258
-190
-126
-64
8
84
163
243
298
356
426
458
496
525
548
554
537
496
425
345
269
195
107
17
-59
-130
-199
-271
-324
-345
-358
-366
-372
-374
-369
-336
-302
-274
-226
-179
-126
-92
-88
-67
-27
20
53
88
106
96
85
83
100
109
111
75
12
-48
-107
-157
-199
-232
-259
-306
-348
-366
-363
-345
-341
-335
-320
-288
-244
-194
-129
-40
79
194
292
364
425
500
563
604
613
620
620
593
554
492
419
343
252
147
36
-59
-143
-223
-302
-386
-454
-499
-522
-525
-521
-513
-470
-396
-313
-233
-160
-61
23
112
194
265
334
387
452
503
525
532
516
487
444
396
340
273
198
129
62
-1
-46
-104
-162
-218
-274
-325
-359
-379
-386
-393
-372
-331
-268
-213
-158
-94
-26
37
69
111
139
163
175
188
196
172
152
147
138
120
63
-18
-89
-145
-196
-257
-322
-384
-428
-463
-490
-494
-459
-415
-402
-391
-355
-290
-233
-151
-76
4
101
196
264
324
395
460
525
562
591
618
664
686
673
637
588
529
451
373
279
184
77
-45
-160
-252
-327
-384
-436
-483
-509
-528
-522
-488
-447
-418
-402
-393
-361
-279
-172
-88
-33
32
111
203
278
326
356
381
379
366
340
318
292
233
162
88
17
-55
-121
-186
-221
-239
-249
-265
-265
-241
-231
-226
-213
-205
-180
-133
-87
-45
0
44
94
152
183
198
199
192
187
187
173
135
91
53
21
-1
-17
-50
-92
-134
-152
-172
-197
-221
-283
-329
-365
-375
-367
-350
-302
-241
-168
-93
-8
90
192
286
373
451
506
534
552
558
574
586
582
555
507
468
430
383
315
237
161
73
-30
-128
-223
-276
-317
-368
-397
-416
-424
-422
-418
-399
-364
-303
-244
-196
-144
-99
-41
12
59
97
140
158
165
164
170
179
180
175
149
120
77
27
-14
-56
-107
-157
-221
-273
-319
-349
-366
-364
-354
-346
-329
-313
-278
-224
-156
-102
-67
-37
9
65
97
127
148
176
216
237
236
226
217
181
130
71
24
-29
-88
-139
-190
-223
-237
-260
-280
-305
-302
-276
-251
-224
-197
-157
-113
-71
-20
48
139
237
307
364
423
511
598
647
681
692
695
664
622
571
504
439
356
262
167
70
-15
-98
-181
-256
-311
-337
-363
-371
-371
-355
-318
-284
-250
-187
-107
-25
40
112
179
231
264
273
269
265
243
207
170
125
90
40
-9
-57
-111
-160
-221
-278
-324
-375
-424
-459
-473
-477
-467
-486
-487
-454
-408
-343
-295
-250
-193
-142
-100
-68
-39
0
39
60
53
58
84
92
73
56
49
40
30
7
-24
-43
-54
-63
-95
-138
-162
-184
-191
-194
-187
-166
-126
-74
-27
14
74
149
230
317
382
441
499
552
599
645
696
742
760
754
729
677
615
551
488
395
275
164
48
-55
-148
-219
-292
-362
-416
-456
-469
-462
-440
-408
-349
-292
-234
-166
-113
-71
-21
46
118
181
229
253
280
295
302
293
260
204
145
87
1
-68
-135
-202
-259
-321
-382
-438
-473
-497
-521
-536
-516
-489
-470
-443
-413
-377
-338
-290
-235
-186
-127
-49
26
68
102
137
150
132
97
74
43
13
-32
-75
-116
-148
-183
-226
-252
-269
-281
-277
-262
-248
-227
-206
-162
-98
-25
56
131
216
301
395
476
532
583
619
661
680
695
714
722
701
656
584
517
454
389
318
236
163
85
7
-60
-113
-151
-187
-235
-257
-264
-247
-216
-185
-130
-56
15
78
124
162
206
225
235
239
224
207
161
114
78
19
-19
-70
-127
-200
-264
-306
-340
-362
-372
-366
-360
-344
-332
-316
-295
-269
-230
-172
-127
-63
0
39
70
88
99
97
88
62
26
-21
-64
-105
-155
-217
-270
-324
-376
-427
-485
-531
-573
-605
-617
-615
-610
-595
-560
-503
-429
-351
-264
-174
-98
-5
91
193
291
366
437
494
541
579
597
616
634
637
635
609
595
567
529
484
424
358
287
218
152
87
38
2
-29
-43
-45
-46
-38
-38
-13
19
45
91
140
190
228
264
310
352
371
379
369
356
341
318
291
260
213
149
64
-29
-109
-184
-260
-341
-413
-465
-501
-522
-541
-528
-502
-461
-418
-377
-331
-279
-228
-162
-96
-24
58
109
155
189
224
239
240
236
209
178
124
61
3
-67
-134
-220
-300
-369
-431
-484
-544
-587
-617
-634
-648
-637
-620
-594
-560
-513
-459
-389
-302
-206
-98
0
96
190
267
337
401
454
488
517
529
537
534
523
513
486
449
404
347
284
215
148
99
65
26
1
-23
-39
-50
-51
-33
-17
17
44
86
133
175
226
276
301
332
350
363
375
365
360
355
348
337
311
261
213
152
91
17
-62
-129
-193
-255
-299
-337
-368
-385
-390
-388
-376
-334
-281
-233
-191
-159
-120
-80
-43
-18
11
38
57
85
110
130
136
144
147
145
130
106
68
20
-21
-66
-112
-148
-186
-216
-243
-268
-297
-321
-337
-349
-381
-388
-395
-401
-385
-370
-348
-314
-284
-248
-208
-174
-138
-101
-63
-32
12
40
58
72
104
139
160
165
159
165
169
167
170
172
174
162
149
141
141
139
135
130
112
101
105
120
141
156
179
202
216
218
219
229
226
221
207
194
187
188
187
176
157
148
140
127
122
102
78
52
14
-7
-25
-40
-57
-76
-83
-95
-93
-87
-71
-53
-49
-48
-46
-41
-34
-27
-22
-28
-28
-28
-29
-37
-23
-22
-37
-47
-66
-73
-75
-77
-69
-71
-76
-79
-84
-90
-100
-95
-85
-89
-106
-110
-105
-108
-101
-99
-109
-110
-117
-123
-125
-131
-146
-158
-171
-182
-190
-184
-174
-160
-150
-133
-104
-76
-64
-48
-33
-28
-11
11
39
73
102
121
135
147
156
179
189
184
185
166
149
143
122
127
121
99
84
67
57
33
18
20
17
11
4
3
10
19
29
37
67
86
96
98
107
127
141
148
141
132
131
128
133
133
129
126
127
125
118
121
115
114
105
89
60
41
21
0
-23
-41
-67
-101
-110
-118
-115
-115
-118
-124
-125
-132
-130
-131
-123
-117
-118
-117
-120
-114
-104
-94
-92
-87
-84
-71
-63
-56
-57
-60
-63
-74
-84
-91
-91
-96
-99
-103
-113
-126
-142
-157
-169
-172
-177
-179
-180
-178
-172
-164
-154
-140
-116
-99
-73
-47
-32
-10
23
43
56
76
90
90
98
100
108
110
111
116
113
114
116
115
105
95
101
99
103
95
99
89
71
56
42
51
65
88
111
133
150
182
190
200
218
230
237
236
234
225
232
232
234
233
218
216
218
229
212
194
179
160
131
105
73
58
46
23
5
-15
-25
-47
-66
-102
-137
-163
-185
-221
-244
-261
-277
-291
-315
-336
-339
-333
-332
-326
-321
-308
-289
-274
-251
-218
-190
-169
-150
-128
-110
-90
-71
-56
-45
-25
-12
-15
-30
-30
-16
-15
-16
-30
-45
-55
-68
-90
-97
-107
-112
-112
-116
-106
-90
-67
-51
-49
-34
-19
9
39
63
90
110
144
170
193
212
229
237
225
210
194
183
172
155
145
124
93
61
41
19
4
-5
-26
-29
-25
-17
-9
-3
16
49
74
108
149
182
218
240
268
290
310
336
345
349
359
357
342
331
303
267
224
169
109
55
9
-35
-77
-120
-160
-198
-238
-261
-291
-322
-349
-361
-366
-366
-368
-363
-348
-338
-314
-287
-242
-206
-175
-150
-117
-81
-45
-15
7
21
29
35
38
47
58
50
43
42
25
14
-4
-25
-52
-77
-96
-124
-142
-158
-163
-157
-151
-142
-125
-107
-93
-72
-43
-5
33
66
87
108
119
132
145
154
154
155
153
142
134
111
100
75
52
17
-14
-30
-51
-63
-88
-99
-110
-111
-101
-81
-56
-39
-20
-9
8
36
84
132
170
206
255
300
329
360
384
408
404
400
390
369
337
303
261
219
170
124
79
29
-9
-52
-102
-138
-176
-213
-248
-276
-289
-312
-322
-324
-320
-311
-306
-301
-285
-265
-240
-215
-198
-178
-162
-151
-133
-119
-112
-112
-107
-101
-93
-79
-74
-77
-70
-57
-63
-56
-51
-42
-35
-34
-22
-15
-5
17
46
70
80
94
105
125
139
150
169
168
164
160
159
160
158
155
143
133
123
107
96
83
73
56
47
37
19
3
-5
-14
-20
-22
-30
-33
-34
-27
-24
-19
-17
-14
1
5
12
31
43
64
82
94
103
115
115
117
117
117
120
133
146
156
165
164
167
152
139
119
88
58
28
-9
-42
-64
-97
-118
-138
-163
-180
-196
-210
-219
-219
-218
-221
-223
-224
-217
-210
-196
-183
-173
-164
-162
-143
-138
-138
-131
-129
-133
-125
-114
-103
-89
-79
-56
-37
-39
-29
-13
10
35
57
82
87
93
108
132
147
152
156
151
157
157
159
166
162
153
134
111
81
67
46
25
2
-17
-31
-49
-47
-54
-49
-45
-47
-46
-52
-53
-54
-40
-25
-20
-13
3
20
36
49
64
74
78
80
73
84
76
76
61
52
51
37
34
25
12
1
0
-11
-15
-17
-17
-22
-26
-20
-21
-4
18
31
33
37
42
46
40
36
32
28
35
18
2
-8
-7
-15
-21
-28
-31
-37
-30
-40
-42
-31
-33
-33
-34
-38
-32
-27
-27
-27
-31
-31
-35
-29
-33
-23
-8
4
12
20
20
23
22
26
30
27
22
29
32
27
33
39
48
51
57
60
58
47
33
25
12
-1
-26
-39
-51
-65
-74
-76
-79
-93
-93
-101
-117
-122
-123
-122
-109
-111
-110
-102
-86
-64
-50
-35
-23
-13
-3
0
4
21
31
24
21
16
4
-7
-13
-29
-40
-52
-67
-70
-76
-78
-71
-68
-70
-60
-51
-44
-40
-36
-16
-1
12
40
70
105
127
152
173
193
205
200
196
192
174
155
138
115
98
78
65
51
45
32
22
5
-8
-20
-20
-18
-19
-5
7
23
36
44
42
50
69
76
84
93
98
102
112
110
107
107
92
71
51
36
25
14
-3
-15
-26
-41
-53
-61
-78
-83
-85
-94
-106
-116
-114
-121
-125
-128
-134
-145
-153
-154
-149
-144
-143
-142
-137
-137
-134
-141
-139
-127
-117
-109
-99
-92
-81
-74
-56
-47
-40
-30
-17
-3
0
14
23
25
28
28
31
37
31
28
27
19
17
28
36
35
30
25
25
27
31
37
42
52
59
56
59
79
94
95
112
123
127
125
121
121
120
120
117
119
115
107
113
110
106
106
112
110
107
98
96
105
104
102
96
96
85
72
66
62
55
35
24
9
-4
-25
-40
-51
-68
-76
-94
-115
-128
-141
-157
-166
-176
-176
-180
-188
-196
-204
-195
-198
-189
-187
-187
-179
-164
-154
-150
-137
-133
-130
-142
-148
-133
-133
-127
-129
-126
-109
-97
-84
-71
-61
-53
-42
-32
-14
0
15
29
48
62
80
93
113
131
148
160
172
192
196
201
203
194
185
171
163
149
136
131
117
99
87
73
68
65
48
34
28
17
9
13
16
30
41
54
74
101
118
142
158
172
187
200
212
220
225
231
221
207
207
177
158
138
119
89
49
20
-11
-34
-67
-95
-131
-153
-178
-186
-201
-205
-206
-221
-221
-218
-224
-223
-223
-219
-216
-217
-214
-224
-227
-222
-213
-201
-194
-188
-180
-176
-167
-165
-161
-151
-145
-150
-152
-145
-149
-154
-153
-156
-155
-151
-147
-130
-107
-88
-59
-38
-17
14
34
64
85
112
132
154
183
199
226
238
249
251
261
258
254
251
240
240
226
220
204
187
165
141
117
94
72
45
28
15
2
-5
-9
-9
-19
-17
-12
-7
7
20
41
60
99
123
139
163
190
198
201
207
211
207
195
189
177
155
135
112
86
58
26
1
-17
-41
-67
-95
-112
-140
-158
-172
-194
-219
-236
-246
-253
-251
-246
-233
-233
-220
-214
-212
-202
-183
-168
-156
-151
-147
-133
-125
-114
-111
-112
-115
-121
-124
-135
-138
-140
-143
-137
-130
-123
-112
-101
-87
-74
-58
-36
-17
8
35
56
73
87
99
107
117
132
144
165
180
187
196
203
211
219
221
210
199
194
187
179
164
153
139
129
113
100
93
76
62
42
19
6
-13
-27
-39
-42
-51
-55
-48
-49
-49
-48
-43
-34
-23
-16
-1
14
32
44
50
58
66
71
81
91
90
90
80
77
67
59
52
33
6
-18
-35
-52
-64
-70
-83
-90
-108
-126
-129
-137
-145
-148
-152
-155
-152
-148
-143
-141
-132
-129
-116
-108
-97
-80
-70
-57
-49
-43
-35
-33
-30
-33
-33
-35
-41
-43
-42
-42
-37
-38
-29
-14
-9
-5
-4
1
0
1
2
9
24
38
45
57
74
82
92
104
114
121
128
128
128
123
125
123
117
116
114
114
122
120
111
99
94
74
61
52
41
32
18
16
7
-5
-16
-20
-26
-42
-42
-45
-53
-50
-47
-51
-54
-50
-45
-34
-31
-22
-15
-9
-1
-1
6
10
14
22
28
25
31
23
28
28
18
21
20
12
3
-4
-22
-31
-39
-48
-54
-58
-65
-68
-72
-79
-80
-77
-77
-65
-65
-64
-60
-68
-68
-63
-58
-51
-45
-38
-26
-18
-6
-5
-1
4
5
8
3
0
-3
-8
-9
-8
-14
-14
-13
-6
5
9
16
12
11
10
3
10
9
10
14
19
23
18
22
22
28
31
40
48
57
64
68
69
71
78
79
79
74
76
76
74
68
67
53
48
46
34
24
6
-6
-13
-13
-21
-26
-39
-54
-61
-77
-84
-86
-83
-78
-78
-80
-75
-62
-51
-52
-45
-38
-33
-15
2
12
24
32
44
56
61
71
76
73
64
61
48
36
27
20
10
-2
-11
-21
-28
-47
-52
-60
-63
-60
-55
-45
-41
-34
-31
-24
-19
-17
-6
2
6
13
20
33
36
40
39
36
31
25
18
19
19
21
16
12
2
-8
-16
-32
-32
-37
-27
-18
-19
-16
-21
-17
-9
-9
-2
8
8
15
10
10
17
23
29
25
20
19
20
25
28
28
31
30
21
10
7
1
-1
-14
-20
-21
-22
-17
-18
-13
-18
-27
-35
-42
-46
-56
-55
-58
-59
-53
-47
-39
-32
-30
-23
-16
-10
-7
1
9
12
19
18
14
7
1
7
10
13
14
29
32
29
27
31
44
43
47
52
47
45
44
48
49
51
50
48
54
52
42
43
36
31
24
22
15
8
7
1
-8
-15
-24
-31
-41
-54
-62
-63
-67
-73
-72
-71
-67
-72
-67
-64
-60
-60
-52
-38
-39
-19
-4
1
5
11
18
28
31
29
31
21
22
21
21
23
12
7
-2
2
8
13
22
16
8
-1
5
1
9
10
6
10
17
25
27
30
35
38
34
32
32
30
31
29
22
17
11
3
-3
-15
-31
-33
-43
-51
-60
-69
-72
-80
-79
-78
-73
-63
-67
-56
-46
-38
-29
-12
2
24
41
52
57
69
75
77
84
81
89
86
78
72
68
67
54
45
37
34
21
18
8
2
-11
-26
-35
-46
-46
-41
-38
-40
-41
-43
-50
-49
-42
-33
-28
-22
-15
-11
-14
-8
3
7
17
21
24
27
28
25
18
14
8
1
8
6
18
16
14
13
10
10
9
11
5
11
15
21
19
21
25
33
33
35
37
41
40
37
33
26
18
12
7
3
-1
-9
-24
-32
-35
-43
-53
-68
-74
-89
-97
-101
-112
-117
-123
-127
-131
-132
-126
-117
-109
-98
-85
-68
-54
-39
-23
-11
2
12
29
35
48
55
63
67
62
63
59
50
49
49
41
44
34
27
28
29
36
29
34
36
33
37
36
43
47
45
42
44
37
39
40
37
31
26
25
21
17
17
11
9
9
3
-2
-4
-9
-15
-18
-23
-29
-36
-33
-27
-24
-16
-12
-4
8
20
35
36
49
57
61
61
62
72
72
71
74
71
72
63
54
46
36
20
16
7
-4
-18
-27
-25
-33
-35
-39
-45
-52
-47
-40
-42
-45
-50
-48
-44
-49
-51
-53
-52
-52
-49
-50
-45
-36
-30
-35
-41
-38
-41
-37
-35
-34
-25
-27
-30
-35
-46
-49
-45
-42
-44
-46
-45
-43
-37
-36
-31
-24
-20
-13
-3
14
20
28
42
53
62
66
68
71
65
66
67
67
70
67
61
46
41
33
29
18
14
5
0
2
0
0
-3
-8
-8
-10
-14
-15
-19
-18
-12
-1
2
5
3
2
-2
-1
11
25
34
42
46
48
53
51
50
45
42
37
26
21
17
13
6
2
-12
-18
-23
-33
-33
-38
-43
-45
-50
-51
-45
-40
-40
-33
-33
-33
-24
-26
-22
-22
-28
-30
-38
-40
-42
-42
-43
-46
-42
-43
-49
-43
-41
-54
-53
-56
-58
-57
-65
-65
-63
-59
-55
-52
-47
-44
-44
-40
-30
-20
-7
-2
15
35
57
69
71
84
99
110
126
133
142
147
151
153
155
157
149
144
127
119
114
111
98
89
80
68
60
45
41
33
28
25
14
5
1
-13
-21
-22
-39
-46
-55
-62
-64
-67
-64
-55
-48
-46
-42
-34
-33
-36
-36
-31
-25
-25
-29
-32
-36
-50
-55
-59
-63
-65
-72
-76
-80
-82
-80
-83
-88
-87
-92
-90
-90
-78
-73
-65
-54
-49
-38
-39
-30
-29
-29
-22
-22
-25
-25
-28
-28
-29
-35
-37
-38
-40
-37
-33
-32
-26
-23
-22
-25
-24
-23
-19
-9
0
3
11
21
35
46
51
62
71
80
85
98
106
112
118
126
129
133
139
133
137
135
134
131
128
121
110
101
88
77
70
67
59
54
48
44
40
37
30
17
14
7
-5
-10
-16
-22
-29
-35
-37
-43
-45
-45
-46
-48
-50
-50
-43
-39
-43
-43
-49
-48
-46
-44
-39
-33
-31
-39
-46
-51
-56
-56
-57
-58
-60
-54
-55
-58
-55
-57
-52
-56
-53
-57
-57
-54
-52
-44
-39
-41
-38
-28
-26
-21
-16
-14
-8
-10
-10
-10
-11
-9
-14
-9
-10
-20
-18
-15
-17
-12
-12
-12
-13
-14
-13
-13
-12
-9
-10
-3
8
19
22
31
36
40
46
54
64
77
90
89
87
86
87
85
87
81
78
76
69
64
56
52
48
40
32
33
25
17
16
14
15
20
17
21
26
22
26
25
23
21
14
4
-6
-13
-25
-32
-35
-38
-42
-45
-46
-52
-56
-59
-63
-67
-67
-69
-73
-75
-71
-63
-62
-63
-59
-56
-49
-50
-44
-37
-37
-30
-30
-23
-15
-18
-16
-16
-13
-9
-9
-3
-3
-7
-7
-7
-8
-3
0
-1
-1
2
7
8
13
20
27
25
29
30
36
42
45
48
50
48
49
49
44
42
44
45
48
49
37
40
35
37
32
28
36
35
36
39
41
41
41
42
42
39
37
34
33
36
33
32
30
27
25
24
25
14
10
4
1
-3
-13
-14
-15
-26
-26
-25
-28
-35
-41
-47
-50
-56
-59
-59
-64
-74
-76
-78
-77
-75
-76
-74
-66
-69
-65
-61
-62
-50
-48
-47
-42
-45
-44
-44
-37
-34
-38
-30
-24
-20
-13
-12
-12
-8
-8
1
3
10
18
25
30
29
31
27
27
30
22
22
27
27
29
34
34
36
38
39
42
45
48
44
43
45
44
48
35
34
33
27
25
24
27
27
31
33
33
24
17
13
7
5
14
15
8
6
4
5
5
7
11
8
5
5
6
5
4
4
-5
-8
-8
-8
-5
-5
-5
4
4
3
-3
-12
-17
-22
-28
-36
-35
-35
-40
-43
-43
-44
-39
-49
-47
-42
-48
-40
-39
-33
-27
-20
-21
-19
-17
-18
-10
-12
-7
-5
0
0
5
6
8
8
10
7
11
16
11
13
11
19
24
26
22
17
22
26
29
37
41
44
42
44
46
48
40
44
34
32
30
21
18
11
4
-2
1
-3
-5
-5
-6
-10
-16
-15
-13
-15
-10
-6
-7
-11
-8
-3
-3
0
-1
2
-7
-20
-20
-20
-17
-14
-14
-17
-20
-16
-26
-24
-24
-25
-24
-22
-24
-25
-24
-28
-27
-37
-34
-32
-33
-30
-29
-29
-27
-25
-29
-27
-25
-24
-15
-11
-9
-3
0
7
10
9
4
-1
1
3
-2
-2
3
8
14
18
17
19
21
18
18
17
18
20
19
18
17
19
29
28
28
30
29
25
29
30
29
37
34
36
40
44
49
52
59
63
59
54
49
47
41
34
25
14
13
5
-5
-10
-16
-20
-29
-31
-34
-39
-33
-29
-21
-18
-19
-15
-12
-8
-4
-1
0
-2
2
8
9
17
17
17
14
9
8
1
-7
-13
-18
-27
-37
-34
-37
-39
-43
-46
-49
-52
-47
-47
-44
-47
-48
-37
-33
-28
-18
-11
-11
-14
-5
-4
0
6
5
7
2
4
5
3
2
1
2
-1
-6
-13
-18
-18
-23
-23
-16
-16
-10
-9
-2
3
2
4
3
6
10
11
15
18
21
19
21
25
20
27
28
31
28
25
21
21
20
18
16
18
17
11
12
5
6
11
9
9
9
9
5
2
9
1
0
-4
-6
-10
-7
-10
-10
-11
-16
-16
-15
-13
-14
-13
-15
-15
-16
-19
-23
-23
-28
-29
-27
-30
-34
-28
-23
-25
-24
-23
-19
-19
-7
0
3
12
15
18
16
20
22
28
32
35
36
41
38
38
34
29
26
25
31
24
26
35
42
28
7
1
14
31
35
29
15
12
5
10
20
18
15
12
9
9
0
1
5
15
25
25
25
17
13
12
18
26
21
5
-5
-12
-9
-8
-10
-14
-29
-43
-47
-44
-44
-44
-38
-46
-46
-42
-42
-34
-31
-22
-21
-18
-15
-16
-12
-20
-21
-18
-21
-15
-14
-19
-25
-21
-23
-26
-20
-24
-25
-29
-24
-30
-27
-23
-20
-11
-19
-22
-21
-13
-14
-14
-12
-9
-5
-1
5
4
3
14
17
15
18
19
15
22
22
19
16
13
15
11
11
16
21
24
29
31
30
34
36
38
41
44
43
35
37
37
43
45
43
42
46
42
45
45
40
37
26
22
24
24
23
20
11
8
0
-5
-11
-15
-15
-22
-23
-28
-31
-31
-32
-30
-34
-39
-35
-32
-33
-33
-36
-35
-39
-38
-38
-38
-30
-26
-24
-24
-21
-21
-22
-23
-19
-25
-21
-20
-18
-12
-6
-9
-12
-13
-14
-14
-10
-1
-1
6
5
3
6
14
17
19
18
18
19
19
24
25
21
21
17
19
21
14
17
16
10
10
13
11
3
2
-2
-5
-7
-2
-7
-7
-5
-13
-7
-5
-2
0
-4
-2
-4
-1
2
0
0
-3
1
4
4
9
9
7
8
3
1
-2
-7
0
-3
-8
-15
-18
-24
-14
-5
-1
1
3
8
9
14
10
17
17
19
26
25
16
13
13
18
22
25
20
15
11
4
6
2
0
-5
-7
-7
-11
-13
-10
-16
-14
-24
-28
-28
-25
-22
-24
-16
-12
-9
-11
-9
-10
-2
-4
-4
-5
-2
0
0
0
5
5
4
5
-2
-3
-4
2
1
6
10
10
16
9
6
5
-1
2
3
-4
-4
-4
-14
-13
-12
-9
-3
-4
-4
0
-1
-1
-1
8
9
7
4
1
4
6
10
6
10
9
8
6
5
15
12
15
14
4
8
8
12
15
17
10
3
-2
0
2
2
4
3
7
-2
-3
-2
-2
4
-4
-5
-4
-8
-9
-8
-7
-16
-20
-23
-24
-23
-24
-23
-25
-17
-17
-12
-11
-13
-6
-11
-10
-6
-3
1
1
3
7
9
10
16
22
28
27
30
30
25
26
24
28
24
24
26
19
13
15
12
9
13
11
13
10
4
0
0
-2
-3
-1
-4
0
-3
-4
-4
-8
-9
-9
-6
-6
-4
-3
-3
4
4
3
2
3
2
-6
-8
-13
-13
-16
-18
-20
-23
-26
-26
-23
-30
-27
-24
-26
-26
-31
-28
-28
-27
-22
-25
-25
-26
-28
-26
-22
-23
-22
-16
-15
-16
-15
-10
-9
-2
-2
4
4
-3
1
4
7
10
18
15
14
17
18
15
12
13
13
12
12
16
18
24
25
25
20
23
26
28
30
30
24
21
26
23
21
18
21
16
13
14
11
12
7
5
7
9
8
8
9
13
11
8
8
6
8
9
5
1
-9
-17
-22
-23
-25
-24
-29
-29
-29
-27
-28
-34
-37
-36
-35
-36
-30
-30
-27
-23
-19
-8
-2
3
6
7
6
9
10
11
14
12
13
15
12
8
4
7
2
7
14
22
29
23
27
23
27
28
26
22
29
30
26
32
36
36
37
30
28
23
24
22
14
13
10
10
11
9
5
5
-2
-7
-10
-9
-10
-12
-13
-17
-16
-17
-16
-16
-18
-20
-18
-20
-20
-25
-26
-25
-36
-28
-28
-31
-31
-35
-29
-29
-27
-23
-28
-29
-29
-26
-22
-16
-15
-16
-16
-16
-7
-9
-4
-1
4
0
-1
-1
-7
-8
-11
-17
-23
-26
-21
-17
-17
-15
-15
-15
-11
-2
-1
3
5
6
5
6
7
5
10
9
7
8
13
16
19
15
19
23
21
21
28
32
34
36
36
37
29
25
25
29
30
31
30
26
23
15
18
15
16
20
23
19
18
21
15
19
19
20
23
24
27
30
22
15
17
12
4
1
5
-2
0
-5
-13
-16
-19
-24
-31
-33
-37
-37
-43
-37
-38
-37
-34
-32
-28
-24
-29
-28
-35
-34
-32
-33
-29
-29
-25
-26
-20
-22
-19
-18
-18
-15
-13
-6
-8
-9
-7
-10
-5
-3
-4
2
1
3
3
5
7
9
10
14
19
17
19
20
27
25
24
21
21
23
19
17
14
10
9
10
14
8
9
7
7
9
6
11
18
18
13
18
18
18
19
22
26
26
18
18
25
23
25
22
18
14
9
9
5
2
3
-1
-5
-6
-11
-14
-13
-15
-13
-20
-20
-17
-17
-16
-15
-15
-19
-22
-22
-22
-21
-19
-14
-17
-16
-21
-22
-24
-25
-28
-30
-35
-39
-38
-40
-37
-40
-34
-38
-34
-32
-29
-25
-25
-27
-23
-17
-16
-12
-10
-7
-7
-3
0
8
10
13
14
19
18
26
28
26
30
28
26
27
29
28
29
31
34
31
30
26
26
30
27
29
27
27
27
23
30
32
34
34
39
36
34
32
34
34
30
29
26
26
24
24
27
27
27
26
17
16
16
12
9
6
7
3
6
5
-1
-9
-12
-16
-22
-22
-27
-30
-33
-34
-36
-35
-34
-39
-37
-34
-35
-36
-33
-32
-35
-36
-39
-38
-36
-35
-34
-37
-38
-40
-39
-39
-40
-39
-36
-34
-29
-23
-21
-14
-12
-5
0
3
6
6
9
6
9
13
10
15
14
13
12
10
16
17
19
16
18
16
18
17
18
18
7
2
-1
-1
-2
-4
-7
-9
-9
-7
-6
-2
-4
-6
-3
-6
-2
2
7
9
15
20
17
21
25
24
25
25
23
24
21
19
20
18
17
18
13
14
14
8
6
3
6
4
2
8
8
11
10
7
9
7
5
1
0
-2
-7
-5
-8
-8
-7
-7
-7
-8
-10
-11
-12
-15
-12
-15
-11
-10
-11
-8
-8
-8
-10
-12
-10
-8
-3
-1
0
0
3
7
7
9
8
8
10
10
7
13
6
7
11
8
10
7
9
7
8
7
9
8
9
10
4
4
4
2
1
5
5
2
-1
-2
-6
-10
-15
-18
-17
-18
-21
-23
-20
-20
-21
-22
-23
-19
-13
-13
-14
-12
-10
-10
-10
-5
-1
-1
0
2
0
4
3
8
10
10
8
5
5
5
5
2
1
-1
-2
-4
-5
-9
-8
-9
-10
-10
-12
-11
-15
-14
-14
-15
-12
-13
-9
-10
-13
-12
-12
-10
-8
-6
-3
-2
3
0
2
4
4
6
4
6
8
8
11
15
12
16
14
15
17
17
16
14
20
13
14
18
19
17
18
17
16
15
16
19
21
21
20
21
19
15
14
15
16
14
12
9
11
7
5
5
2
2
0
-1
-5
-9
-12
-9
-8
-10
-9
-9
-11
-14
-10
-12
-12
-10
-8
-10
-10
-8
-9
-8
-8
-5
-5
-1
0
1
4
2
6
6
8
5
3
1
2
-2
-3
-4
-4
-7
-9
-7
-7
-6
-5
-6
-6
-5
-7
-8
-14
-13
-17
-19
-17
-16
-15
-14
-14
-14
-11
-13
-12
-13
-13
-9
-7
-6
-3
-3
1
3
4
5
8
8
12
12
10
11
8
7
3
2
-2
0
0
-3
-3
-3
1
4
6
10
11
13
11
10
10
8
7
1
-1
0
-5
-8
-13
-10
-11
-16
-16
-18
-20
-19
-21
-16
-18
-20
-20
-20
-17
-14
-11
-5
-4
0
2
3
7
8
10
15
16
16
16
20
19
22
22
20
19
20
18
16
15
14
13
11
16
14
12
13
15
14
16
18
16
18
16
16
17
15
15
14
14
10
8
2
0
-3
-5
-3
-7
-7
-9
-11
-11
-8
-8
-9
-8
-7
-8
-7
-4
-3
-3
1
2
6
3
3
6
3
4
6
7
7
6
6
5
5
5
7
7
5
2
-2
-1
-2
-5
-8
-8
-9
-13
-12
-15
-19
-20
-20
-19
-21
-22
-21
-23
-23
-21
-20
-18
-18
-15
-17
-18
-18
-16
-18
-15
-12
-16
-10
-13
-10
-8
-9
-5
-8
-8
-8
-8
-6
-2
1
0
0
3
7
8
8
6
9
10
10
12
11
7
8
5
5
6
6
7
4
5
5
7
3
4
4
4
4
0
1
4
4
4
5
4
0
1
0
1
1
4
5
2
4
5
8
8
8
11
12
12
14
17
18
15
16
17
15
11
14
13
12
13
12
12
9
11
12
12
13
10
10
14
10
10
7
7
4
1
-1
1
-1
-2
-3
-7
-8
-10
-11
-13
-13
-11
-9
-8
-9
-9
-5
-4
-3
-4
-5
-6
-6
-9
-9
-8
-11
-9
-10
-10
-11
-11
-9
-10
-10
-10
-10
-8
-7
-4
-3
0
-1
-2
-1
-3
0
-1
-4
-4
-3
0
-1
0
1
-1
0
-2
-4
0
0
1
0
-1
0
-5
-6
-5
-7
-6
-4
-3
-2
-2
-6
-4
-5
-5
-6
-3
-1
0
2
3
3
6
5
4
3
2
1
1
4
3
6
4
4
4
2
1
1
1
-1
-1
-4
-6
-8
-4
-4
-2
-4
-4
-4
-4
-2
-2
-1
-2
-3
-4
-1
2
2
4
4
4
4
4
2
4
6
4
4
3
2
4
6
8
10
9
10
8
7
7
7
8
9
8
9
9
11
10
13
16
15
15
14
11
11
10
12
12
8
7
7
5
2
0
-1
-3
-5
-5
-6
-4
-5
-5
-7
-6
-9
-11
-10
-11
-10
-11
-10
-14
-14
-14
-14
-13
-13
-12
-10
-9
-9
-10
-10
-8
-8
-8
-9
-8
-6
-5
-6
-3
-2
-2
-2
-2
-3
-2
1
-2
-3
-3
-2
-3
-2
-1
-1
-3
-3
-4
-3
-3
-2
1
-1
1
3
3
4
4
4
4
4
3
4
5
4
5
7
7
7
8
7
7
7
7
8
9
8
7
9
8
8
7
6
3
1
1
2
1
0
1
4
4
4
4
6
7
5
7
8
6
6
4
3
1
0
1
1
1
0
-2
-2
-6
-6
-6
-6
-7
-8
-11
-13
-15
-18
-19
-17
-16
-14
-11
-10
-10
-9
-9
-6
-3
-3
-1
0
0
-1
0
-2
-3
-2
-1
-1
-1
1
1
0
0
1
0
1
1
1
2
1
1
0
1
4
1
3
4
4
7
7
10
13
13
12
11
8
8
8
8
7
6
5
3
1
1
0
2
2
1
2
1
0
2
4
3
5
6
8
11
8
9
9
7
7
8
8
8
7
7
6
4
1
2
1
0
-1
-2
-2
-3
-4
-6
-7
-8
-9
-10
-10
-7
-10
-11
-13
-14
-14
-15
-12
-14
-12
-12
-12
-13
-13
-13
-14
-12
-10
-10
-9
-7
-9
-9
-9
-6
-7
-7
-7
-8
-8
-7
-6
-6
-5
-3
-1
1
3
4
4
5
5
6
5
7
5
5
6
5
6
8
9
10
9
9
9
11
12
12
13
11
11
13
13
12
11
10
9
8
7
6
7
8
7
6
5
5
5
3
3
2
4
4
