0
0
0
0
0
0
0
0
0
0
-1
0
-1
0
0
0
0
1
0
0
0
0
0
0
0
0
0
0
-1
1
-1
-1
0
0
0
0
0
0
0
1
0
1
0
0
0
0
-1
0
0
0
0
0
0
0
0
0
0
-1
0
0
0
0
1
0
0
1
0
0
0
0
0
0
0
0
0
0
-1
-1
-1
-1
0
0
0
0
0
-1
0
0
0
0
0
-1
0
-1
0
1
0
0
1
0
0
-1
0
-1
0
0
0
-1
0
1
-1
0
0
0
0
-1
0
1
0
-1
1
1
0
1
-1
0
0
1
0
0
-1
1
0
0
0
0
0
0
0
1
0
0
0
0
1
0
-1
0
-1
0
1
0
0
-1
0
1
0
0
0
0
0
-1
0
0
0
0
0
0
0
0
0
0
-1
0
1
0
1
0
-1
0
0
1
0
0
0
0
0
0
-1
0
-1
0
0
0
0
0
0
0
1
0
1
0
0
0
0
0
-1
0
0
0
0
0
-1
0
0
0
0
0
0
1
0
0
0
0
1
0
0
0
0
0
0
0
0
0
-1
0
1
0
0
0
0
0
0
0
0
0
0
0
0
0
0
0
-1
1
0
0
0
-1
0
0
0
1
0
0
0
-1
0
0
0
0
1
1
0
1
0
0
-1
0
-1
0
0
0
0
0
0
0
0
0
0
0
0
0
1
0
0
0
0
0
0
0
0
0
0
0
0
0
0
0
0
0
0
1
0
0
0
1
0
0
0
0
0
0
0
0
1
1
0
0
1
0
-1
0
0
0
1
0
0
-1
1
0
0
-1
0
0
0
0
0
1
0
1
0
0
0
1
0
-1
0
-1
0
0
-1
0
0
0
-1
0
0
0
0
0
0
0
0
1
-1
1
0
0
0
-1
0
0
0
0
0
1
0
0
0
0
0
0
0
0
1
1
0
0
0
0
0
0
0
1
0
1
0
-1
0
0
0
0
0
-1
0
-1
0
0
1
0
1
1
1
0
0
0
0
0
0
0
0
0
0
0
0
-1
0
0
0
-1
-1
-1
0
0
0
0
0
0
0
-1
1
0
1
0
0
0
0
1
1
0
-1
0
1
-1
0
0
0
0
0
0
0
0
0
0
0
0
0
1
-1
0
0
0
0
0
0
0
-1
0
-1
0
0
0
0
0
-1
0
1
0
0
0
1
0
0
0
0
0
0
0
0
0
0
1
0
0
0
1
0
1
0
-1
-1
-1
0
0
0
0
0
0
0
-1
0
0
1
-1
0
1
0
0
0
1
0
0
0
-1
0
0
0
0
0
0
0
-1
0
0
0
0
0
0
0
-1
0
0
0
0
0
0
1
1
1
0
0
0
1
1
0
-1
1
0
-1
0
0
-1
0
0
0
0
-1
0
0
0
0
1
0
0
0
1
0
0
1
-1
-1
0
0
0
0
0
-1
0
1
0
0
0
1
-1
0
0
0
0
0
0
0
0
0
1
0
-1
0
0
-1
-1
0
0
0
0
-1
-1
-1
0
0
0
0
0
0
0
0
0
1
0
0
0
1
0
1
0
0
0
-1
0
1
0
1
0
0
-1
1
0
0
0
0
0
0
0
0
-1
0
1
0
0
0
0
0
0
0
0
0
0
-1
1
0
0
1
0
0
0
0
0
0
0
0
0
0
0
0
0
0
0
1
0
0
0
0
-1
1
0
0
0
0
0
0
0
0
0
0
0
0
-1
0
0
0
-1
0
0
1
1
0
0
0
-1
-1
0
1
0
-1
0
0
0
0
-1
0
0
0
0
0
-1
-1
0
0
0
0
1
0
0
0
0
-1
0
0
0
1
0
0
0
0
1
0
-1
0
0
-1
0
-1
0
0
0
0
0
0
0
0
0
1
0
0
0
0
-1
-1
0
0
0
0
0
-1
0
0
0
0
0
1
-1
0
0
-1
0
0
0
-1
0
0
-1
0
0
-1
1
-1
0
0
0
0
0
0
0
0
0
0
1
0
0
-1
1
1
0
0
0
0
0
0
0
0
0
0
0
0
0
0
0
0
-1
0
0
-1
0
0
1
0
0
1
0
0
0
1
0
0
0
0
0
0
1
-1
0
0
0
1
0
-1
0
0
0
0
0
-1
0
0
0
0
1
0
0
1
0
0
0
1
0
0
0
0
0
1
0
0
1
0
0
0
0
1
0
0
0
0
-1
0
0
0
-1
0
-1
0
0
0
1
0
0
0
0
-1
1
0
1
0
0
1
0
1
0
0
1
1
0
0
1
0
0
-1
0
0
0
-1
0
0
1
0
0
0
0
1
0
1
0
0
0
0
-1
0
0
0
0
0
0
0
0
0
1
1
0
0
-1
0
0
1
0
0
-1
1
0
0
-1
0
-1
0
0
0
0
0
0
0
0
0
0
0
1
0
0
0
-1
0
1
0
0
1
-1
0
-1
-1
0
0
0
0
0
0
0
0
-1
0
-1
1
0
1
0
0
0
0
0
0
0
0
0
0
0
0
0
0
0
1
0
-1
0
0
0
-1
0
0
-1
0
0
-1
0
0
0
0
0
0
0
1
1
0
0
0
0
0
0
0
-1
0
0
0
0
0
0
-1
-1
0
0
0
0
0
1
0
1
-1
0
0
-1
0
0
0
1
0
0
0
0
0
0
0
1
0
1
0
0
0
-1
-1
0
0
0
0
1
0
-1
0
0
0
0
1
0
-1
0
0
0
0
0
1
1
0
0
0
0
0
0
0
0
0
1
0
0
0
0
0
0
0
0
1
0
0
0
0
-1
-1
0
0
-1
0
0
0
-1
0
0
-1
0
0
0
0
0
0
0
0
0
0
0
0
0
0
0
0
0
-1
0
0
1
0
0
-1
1
0
0
0
0
0
0
0
0
0
0
-1
1
0
0
-1
0
0
0
1
0
-1
0
0
0
0
0
0
0
1
-1
0
-1
0
-1
-1
0
0
0
1
0
0
0
0
0
1
0
-1
-1
0
0
0
0
0
0
0
-1
0
-1
0
1
0
0
0
0
1
0
0
0
0
0
-1
-1
0
0
0
0
-1
0
1
0
1
0
0
0
0
-1
0
0
0
-1
0
0
0
0
0
0
0
0
-1
0
0
0
1
0
1
0
-1
0
1
0
0
-1
0
0
0
0
0
0
1
0
1
0
0
0
0
0
1
0
1
0
0
0
1
0
0
0
0
0
-1
0
0
0
0
0
0
0
0
0
-1
0
0
0
0
0
0
0
0
0
0
1
0
1
0
0
1
0
0
1
0
0
1
0
0
1
0
0
0
0
0
0
0
0
0
0
0
1
0
0
-1
0
0
-1
0
-1
0
0
1
0
0
0
0
-1
0
0
0
0
0
0
1
0
0
-1
0
0
0
0
-1
0
1
0
0
0
0
0
0
0
0
1
0
0
0
0
1
0
0
0
0
0
-1
0
0
0
0
0
1
0
0
0
0
0
0
0
1
0
-1
0
-1
1
0
0
0
0
-1
0
-1
0
0
0
-1
-1
1
0
0
0
1
0
-1
0
1
1
0
-1
0
0
1
0
0
0
0
0
-1
0
0
0
0
0
-1
0
0
-1
0
0
0
0
0
1
1
0
0
0
-1
-1
0
0
0
1
0
0
0
0
0
0
1
0
0
-1
0
0
1
0
0
0
0
0
1
0
0
-1
0
0
0
0
0
0
0
0
1
0
0
0
0
0
0
0
0
1
0
0
0
0
0
0
-1
0
0
0
0
1
0
0
1
0
0
0
1
-1
0
-1
0
0
0
1
0
0
0
0
0
0
1
0
0
0
1
0
0
0
0
0
-1
0
0
0
1
0
0
0
1
1
0
0
0
0
0
0
0
0
0
1
0
1
0
-1
0
0
-1
0
0
0
-1
0
0
0
-1
0
-1
0
-1
1
0
0
0
0
0
1
0
1
0
0
0
0
0
0
0
0
0
0
0
1
0
0
-1
0
0
0
0
0
0
0
0
0
0
-1
0
0
1
0
0
-1
0
0
0
0
0
0
0
0
-1
0
1
0
-1
0
0
1
0
0
0
0
0
-1
0
0
-1
0
0
0
0
0
0
0
0
0
0
0
1
1
1
1
0
0
-1
1
0
0
0
0
0
0
0
0
0
1
0
0
1
0
0
0
0
1
0
0
1
0
0
0
0
1
0
0
0
0
0
1
1
0
0
-1
0
-1
-1
0
0
0
1
1
0
-1
0
1
0
0
0
0
1
0
1
-1
0
1
0
0
0
-1
0
0
0
1
0
-1
0
-1
-1
0
0
1
0
0
0
1
1
0
0
1
1
-1
0
-1
0
0
0
1
0
0
0
0
-1
0
0
-1
0
0
-1
-1
1
0
0
0
0
-1
0
1
0
0
0
-1
1
0
1
0
1
-1
0
0
0
-1
0
0
0
0
0
0
0
0
0
0
0
0
0
0
0
0
0
1
0
0
0
0
1
0
0
0
0
-1
0
0
-1
-1
0
0
0
0
0
0
0
0
0
0
0
1
0
0
0
0
-1
0
0
1
0
0
0
0
0
-1
0
0
0
0
0
0
-1
0
0
-1
0
0
0
-1
0
0
0
0
-1
0
0
0
0
0
0
0
0
0
0
0
0
0
0
0
-1
0
0
0
-1
0
-1
0
-1
0
0
0
0
1
0
0
0
0
-1
1
0
0
0
0
0
1
0
0
0
0
0
0
1
0
0
0
0
-1
0
-1
0
0
0
0
0
0
0
0
0
0
0
0
0
0
0
0
0
1
0
1
1
0
1
0
0
0
0
0
1
0
1
0
0
0
1
0
0
0
0
0
1
0
0
0
0
0
0
-1
-1
1
0
0
1
0
0
1
0
0
0
-1
1
1
0
0
0
0
0
-1
0
0
0
0
0
0
0
0
0
0
0
0
0
0
0
0
0
0
0
0
-1
1
-1
0
0
0
0
0
0
0
0
0
-1
1
0
0
0
0
0
-1
0
-1
0
-1
0
0
0
0
-1
0
-1
0
1
0
0
0
0
0
0
1
0
0
0
0
0
0
-1
0
0
0
0
0
0
0
0
1
0
1
1
0
0
0
0
0
1
0
0
1
0
1
0
1
0
0
0
0
0
0
0
1
0
0
0
1
0
1
1
0
0
1
0
-1
0
0
1
0
0
0
0
0
0
0
0
0
0
0
1
0
-1
0
0
0
0
0
0
0
0
0
-1
0
1
0
0
0
0
0
0
0
-1
1
0
0
0
1
0
1
0
0
0
0
0
0
0
-1
0
1
0
0
1
1
0
0
0
0
-1
1
1
0
0
1
1
0
0
0
0
0
0
0
-1
0
0
0
0
1
0
0
0
0
0
0
-1
-1
1
0
0
1
0
0
-1
1
-1
1
0
1
0
0
0
0
1
-1
0
0
0
0
0
0
0
0
0
0
0
0
0
0
-1
0
0
0
0
1
0
0
0
0
0
0
0
0
-1
0
0
0
-1
0
0
1
0
-1
0
0
0
0
1
1
1
0
1
-1
0
0
-1
0
0
0
0
-1
0
0
0
0
1
0
1
0
0
0
0
0
1
0
0
0
0
0
0
0
-1
0
-1
0
-1
0
0
0
1
0
0
1
1
0
0
1
1
0
0
1
0
1
-1
0
-1
-1
-1
-1
-2
-1
-1
-1
-2
-1
-2
-1
-1
-2
-1
0
-1
-2
-3
-3
0
-3
-2
-2
-3
-5
-6
-3
-1
-5
-8
-6
-3
-8
-6
-2
-5
-5
-8
-2
-2
-1
-1
-1
2
0
3
8
5
7
6
8
8
8
11
11
7
10
9
5
8
7
3
4
5
5
-1
1
-1
-3
1
-2
-2
-3
-5
-2
-5
-4
-4
-4
-3
-5
-8
-3
-3
-11
-8
-9
-15
-16
-21
-21
-26
-28
-36
-48
-44
-47
-60
-69
-73
-65
-83
-107
-100
-92
-103
-124
-130
-117
-136
-150
-135
-135
-156
-162
-149
-151
-170
-159
-148
-156
-169
-169
-151
-148
-159
-154
-150
-149
-144
-144
-142
-136
-131
-137
-143
-123
-109
-128
-142
-116
-100
-118
-116
-101
-103
-107
-92
-77
-79
-71
-58
-54
-44
-32
3
26
23
33
47
88
134
149
158
169
212
254
260
296
343
370
360
372
434
470
487
495
501
523
532
556
584
596
584
569
580
591
606
602
586
579
555
557
550
537
542
505
479
449
436
437
400
386
331
285
283
250
218
162
137
115
38
4
-22
-54
-97
-153
-192
-225
-265
-312
-315
-339
-432
-455
-397
-443
-585
-524
-412
-537
-659
-555
-449
-581
-653
-516
-495
-563
-589
-545
-496
-481
-494
-540
-491
-417
-427
-476
-473
-360
-324
-412
-483
-355
-200
-341
-457
-334
-187
-281
-433
-301
-200
-247
-333
-361
-247
-233
-289
-343
-315
-230
-282
-349
-367
-302
-233
-322
-401
-373
-263
-274
-390
-353
-237
-207
-307
-332
-180
-87
-81
-119
-57
49
76
147
228
295
352
396
455
511
600
703
732
740
746
808
901
924
939
951
933
904
932
973
956
905
894
866
779
747
788
775
682
586
556
561
530
483
440
394
357
322
304
293
296
297
228
183
186
219
221
155
122
135
135
111
65
32
33
60
21
-122
-121
42
3
-267
-278
-1
-26
-347
-394
-39
-54
-348
-478
-248
-14
-334
-612
-402
-105
-239
-686
-604
-222
-299
-625
-695
-450
-336
-526
-680
-677
-376
-314
-687
-777
-463
-231
-454
-779
-631
-241
-280
-772
-725
-264
-259
-609
-800
-441
-259
-557
-733
-563
-373
-558
-698
-568
-438
-519
-702
-611
-512
-560
-570
-598
-598
-526
-545
-622
-558
-457
-499
-481
-493
-486
-292
-268
-357
-325
-165
-46
-77
-29
133
227
262
274
383
573
671
643
676
854
970
985
1037
1081
1150
1206
1150
1194
1277
1296
1187
1089
1102
1160
1090
951
933
876
795
697
656
641
568
472
406
394
372
379
395
274
219
288
310
253
252
246
287
200
116
203
277
165
-27
93
179
12
-54
77
-29
-115
-51
-31
-44
-161
87
-111
-121
-17
-135
50
-21
-124
-254
96
-18
-324
-90
-139
-206
-244
-426
-268
-39
-432
-690
-229
-53
-701
-615
-17
-305
-780
-277
-48
-498
-562
-126
-39
-552
-512
-22
-76
-461
-544
-247
-41
-473
-662
-277
-329
-550
-567
-427
-634
-687
-464
-602
-846
-746
-602
-707
-840
-925
-790
-678
-848
-997
-765
-802
-890
-776
-798
-826
-743
-661
-712
-711
-560
-435
-442
-459
-337
-183
-117
-61
57
155
221
346
464
568
624
709
866
877
873
1009
1155
1078
1031
1062
1098
1033
1010
996
962
942
677
619
697
708
596
437
462
461
450
473
467
394
415
467
461
471
558
701
635
442
503
743
665
564
697
600
375
453
444
415
333
268
280
119
141
348
252
-25
65
208
-34
132
233
8
107
64
-21
-162
139
115
-72
-189
-196
203
-111
-383
-74
116
-318
-476
32
164
-214
-484
15
128
-319
-250
55
139
-122
-438
-37
125
-247
-367
-221
-146
-430
-332
-356
-460
-505
-654
-558
-494
-814
-777
-510
-613
-983
-852
-671
-779
-875
-978
-769
-935
-930
-865
-1042
-1013
-877
-904
-1029
-987
-941
-915
-985
-1013
-947
-794
-893
-955
-655
-695
-832
-566
-417
-530
-420
-214
-113
-39
-16
117
268
294
460
628
755
656
767
935
893
827
902
1066
892
786
862
842
711
632
683
621
560
582
614
603
446
480
535
463
489
553
768
656
529
746
745
861
652
706
935
744
654
596
579
643
465
271
328
372
533
229
20
375
301
69
148
196
377
93
135
328
129
186
346
196
-23
276
303
211
122
25
-9
295
67
-172
-41
362
45
-342
107
159
68
38
-53
9
73
92
-23
-195
116
-12
-301
-175
-93
-202
-167
-430
-586
-275
-440
-611
-429
-497
-788
-702
-373
-670
-866
-594
-534
-794
-811
-775
-669
-796
-864
-976
-933
-801
-900
-995
-1082
-1055
-1145
-1127
-1066
-1213
-1154
-1013
-1161
-1189
-1091
-1126
-1022
-955
-1008
-879
-622
-686
-726
-535
-500
-406
-162
-11
14
99
320
365
386
529
569
662
756
750
751
894
857
765
768
777
755
862
886
785
622
662
726
754
612
682
817
564
752
664
1029
826
666
1046
881
783
733
1022
933
615
599
680
739
675
523
304
670
490
118
418
352
574
423
-4
302
441
499
221
218
345
665
330
195
391
643
511
-56
324
536
399
171
66
289
475
171
62
128
373
332
110
195
196
303
216
284
47
145
318
42
51
-43
52
42
-180
-285
-170
-183
-369
-585
-430
-424
-518
-792
-703
-533
-717
-942
-886
-686
-930
-987
-982
-968
-1019
-1132
-1254
-1060
-1112
-1354
-1333
-1348
-1145
-1416
-1575
-1460
-1382
-1283
-1390
-1551
-1412
-1179
-1371
-1471
-1249
-1061
-1015
-1097
-1080
-829
-668
-654
-710
-506
-377
-203
-26
52
14
136
376
381
390
550
633
661
665
687
795
785
888
865
890
761
667
954
1019
890
766
982
1121
872
867
937
1139
1166
1066
1140
1131
1330
1080
1007
1238
928
1004
1039
1001
838
763
1050
638
359
601
632
610
319
266
640
610
-198
128
797
408
-183
108
736
318
144
291
307
246
41
328
352
201
5
480
467
-285
108
709
443
-349
219
970
280
-293
459
618
193
-19
143
735
121
-349
120
500
-204
-789
259
306
-1013
-784
88
-215
-1145
-837
-371
-741
-943
-988
-787
-936
-1079
-971
-926
-1104
-1197
-997
-970
-1349
-1177
-820
-995
-1257
-1212
-893
-1226
-1168
-977
-1210
-1095
-980
-941
-1203
-1198
-972
-955
-1044
-1271
-929
-633
-947
-1096
-846
-637
-753
-864
-622
-306
-277
-357
-275
-147
-99
-85
129
266
336
248
350
550
549
611
616
703
684
731
858
966
954
940
860
868
820
887
1134
1149
961
1062
1033
991
1063
943
1220
974
821
1134
1091
983
886
841
802
653
803
695
949
504
400
714
406
395
418
231
252
556
129
152
719
149
69
252
405
143
191
475
205
299
-21
230
474
189
116
-169
50
630
178
-157
317
230
-122
-5
112
342
148
-226
-55
520
108
-283
111
17
-294
-72
-16
-117
-175
-256
-407
-396
-375
-531
-295
-266
-867
-740
-101
-454
-1057
-754
-268
-800
-1123
-476
-522
-843
-997
-832
-693
-804
-923
-930
-647
-925
-1250
-808
-820
-1158
-1063
-748
-997
-1507
-934
-690
-1136
-1393
-1166
-800
-891
-1070
-1096
-780
-697
-1083
-987
-590
-428
-394
-306
-307
-439
-178
-55
-97
203
245
303
325
345
597
611
596
571
564
751
848
1018
1145
1009
819
796
889
952
1068
1279
1152
987
941
1137
1131
785
1047
896
906
1024
931
894
1002
823
22
923
866
373
547
616
749
101
359
144
430
567
-258
82
417
692
185
-407
417
675
81
-397
293
988
361
-508
-261
1327
676
-795
-103
893
529
-496
-118
659
642
-174
-180
311
424
182
-391
355
321
9
192
70
88
189
27
-358
-131
307
-86
-495
26
-23
-551
-336
-219
-354
-477
-527
-80
-370
-796
-471
-266
-746
-822
-501
-359
-613
-1024
-506
-444
-957
-1072
-718
-586
-1077
-1032
-643
-921
-1136
-1185
-922
-911
-1317
-1142
-865
-975
-1325
-1179
-969
-1036
-1133
-1041
-765
-811
-931
-794
-594
-780
-679
-308
-157
-266
-250
-176
32
48
25
293
319
399
410
446
619
807
504
388
783
804
761
811
986
1017
644
564
775
892
884
966
866
762
749
695
793
906
714
481
866
743
649
759
654
953
406
-50
778
1175
302
176
863
617
51
235
497
646
195
129
588
385
305
68
640
253
-381
496
566
124
112
424
391
-245
164
606
-199
39
316
19
296
217
134
109
21
8
114
417
-95
-54
559
187
-493
34
705
-217
-417
269
-9
-174
-50
0
-446
-266
-9
-543
-243
-225
-133
-407
-704
-517
-207
-260
-965
-556
-92
-653
-843
-574
-430
-733
-1043
-813
-635
-606
-855
-1106
-928
-716
-1154
-1255
-829
-877
-1077
-1211
-1110
-1055
-1071
-1192
-1084
-936
-1031
-943
-897
-842
-737
-703
-864
-632
-418
-422
-262
-123
-73
-124
-165
43
260
232
259
589
556
292
511
603
889
556
329
863
933
659
639
922
831
487
639
768
749
844
833
606
577
667
908
721
540
524
969
847
163
921
1071
547
198
785
1002
408
553
862
688
358
438
680
532
540
372
348
429
452
409
241
424
277
-196
321
571
131
-69
197
427
-11
-311
221
486
-165
-390
361
323
-112
15
-26
251
97
-276
66
548
139
-348
165
306
169
-186
-117
187
181
-131
-405
429
162
-689
-368
224
-139
-495
-301
-111
-331
-780
-178
-346
-796
-620
-416
-507
-997
-867
-172
-573
-1314
-1127
-460
-740
-1248
-1021
-591
-818
-1408
-988
-873
-1016
-1201
-981
-828
-1118
-1003
-804
-777
-1008
-1053
-719
-604
-800
-647
-426
-440
-569
-493
-468
-160
-103
-319
36
108
37
22
38
168
389
290
306
311
532
530
297
553
497
665
483
459
798
879
668
620
779
769
693
603
1098
1155
737
593
914
1022
785
782
945
1152
737
589
861
1097
760
606
626
785
686
541
695
455
401
493
490
-50
464
590
0
-99
443
447
-340
-144
435
274
-456
-296
556
430
-567
-534
514
330
-296
-322
218
733
-498
-288
784
53
-273
238
295
-11
129
292
114
-126
-151
499
212
-557
-210
684
135
-925
-101
528
-233
-994
-150
420
-613
-652
-161
-310
-896
-447
-124
-742
-803
-339
-521
-817
-753
-621
-588
-880
-853
-617
-549
-1107
-991
-487
-946
-1089
-925
-688
-608
-926
-1291
-846
-540
-836
-1115
-762
-567
-820
-824
-771
-616
-647
-642
-435
-433
-474
-447
-326
-209
-114
-117
-205
95
75
33
79
229
244
260
437
276
406
442
536
627
530
558
642
704
685
844
873
783
677
691
792
873
950
797
1015
807
463
955
785
980
619
597
1208
468
493
788
990
178
455
907
228
544
490
628
257
127
361
276
643
-45
-32
426
136
52
102
503
-393
-191
460
255
-299
207
543
-115
-74
21
378
719
31
-439
458
776
-89
-168
323
726
-176
-246
439
339
243
-355
-136
231
315
-9
-128
-81
-410
6
68
-409
-275
6
-208
-1005
-188
-241
-426
-230
-1002
-519
-506
-519
-646
-884
-311
-1166
-758
-628
-869
-592
-1086
-1062
-869
-619
-961
-1150
-765
-656
-1379
-1137
-519
-923
-1232
-896
-824
-762
-876
-1047
-768
-578
-706
-838
-648
-246
-169
-585
-505
-338
-38
-133
-308
168
116
68
-121
208
307
117
320
564
423
202
518
579
761
602
435
771
885
462
634
887
969
806
592
722
912
983
556
606
1021
952
735
355
940
1220
279
335
855
965
428
401
764
829
406
185
572
620
577
83
656
735
-127
183
765
220
108
260
520
225
184
332
187
408
260
92
411
517
4
509
178
270
257
60
33
426
603
-211
-201
486
372
-576
-30
512
272
-525
0
45
8
-202
-393
62
-183
-270
-475
-91
-173
-531
-543
-256
-711
-369
21
-923
-913
-335
-326
-1058
-961
-199
-585
-1278
-1074
-549
-308
-1106
-1528
-377
-463
-1787
-879
-225
-1043
-1389
-1109
-385
-1268
-1228
-456
-697
-1218
-1450
-562
-395
-1046
-1075
-395
-508
-1053
-745
-195
-495
-757
-311
-411
-638
-155
184
-179
-449
-7
93
-146
93
575
582
192
77
482
812
334
505
947
855
568
649
1030
1005
775
553
897
926
774
1254
1199
760
497
641
932
769
558
1157
921
438
498
723
684
318
496
783
855
191
574
1015
492
-146
-15
1145
802
307
455
698
782
-494
409
857
731
270
368
753
304
587
48
53
729
720
-208
85
1182
428
-395
-375
781
153
121
687
-136
147
34
52
-330
142
525
-176
-100
10
-125
-102
23
-435
-645
580
-151
-885
-94
142
-467
-1154
-417
-75
-335
-864
-691
-177
-858
-1324
-636
-109
-999
-1312
-534
-545
-1468
-1019
-388
-1032
-1678
-1067
-372
-992
-1494
-1080
-875
-1330
-1381
-998
-550
-1237
-1344
-836
-1150
-1531
-856
-333
-957
-1256
-786
-740
-956
-694
-418
-552
-554
-197
-116
-102
-434
-189
351
247
-79
543
973
342
209
647
863
524
708
1267
1044
688
850
1081
940
668
802
1233
1005
590
1062
1192
636
269
569
933
704
653
918
916
333
277
506
710
538
605
1039
569
414
365
726
745
70
1075
974
470
525
472
1345
292
188
621
1050
762
149
943
802
-89
-14
1030
448
447
397
632
304
-397
372
833
177
-227
475
628
-281
-271
490
308
-322
-178
114
281
212
-531
-35
17
-509
49
-239
-6
-155
-212
-525
-815
-366
28
-793
-613
-206
-634
-1187
-553
-375
-995
-1179
-613
-455
-1196
-932
-833
-1156
-1157
-1019
-684
-948
-1346
-1032
-794
-1280
-1573
-1007
-644
-1249
-1538
-1105
-978
-1257
-1435
-1462
-912
-1026
-1507
-1103
-690
-1039
-1484
-1126
-678
-256
-363
-744
-756
-178
-291
-319
212
508
511
38
-10
563
916
978
807
964
1053
497
750
1587
1531
843
659
995
1090
1010
1247
1068
654
515
759
954
841
789
606
651
424
444
749
964
719
277
425
869
662
508
930
824
718
247
602
1135
917
794
443
722
656
398
1012
668
524
690
376
283
713
919
134
251
704
683
-82
237
972
467
-365
263
525
249
52
92
721
73
-576
-192
768
347
-436
-77
369
28
-355
-469
309
609
-526
-772
235
-180
-640
-183
-233
-458
-529
-776
-742
-129
-546
-1104
-938
-698
-711
-1027
-987
-1012
-925
-1033
-1063
-1143
-1171
-950
-1188
-1319
-1202
-1290
-1183
-1002
-1287
-1896
-1576
-997
-1033
-1539
-1774
-1134
-1139
-1441
-1518
-988
-1004
-1369
-911
-386
-601
-995
-747
-477
-268
-148
214
388
183
-53
146
570
862
922
1092
1190
820
696
1102
1326
1306
1247
1107
1117
1051
1103
1161
896
593
620
813
1055
914
476
341
315
248
343
475
875
822
105
84
231
347
652
863
1045
409
128
571
708
748
562
874
721
343
625
613
788
353
178
377
662
846
492
268
-24
208
646
340
200
812
453
-491
-212
640
448
-22
297
372
-297
-101
376
539
-26
-334
215
600
385
-435
-46
592
-26
-347
545
623
-445
-625
-97
214
-43
-33
-289
-512
-584
-518
-544
-531
-426
-385
-1077
-1304
-726
-584
-1200
-1168
-749
-1058
-1422
-1222
-730
-1419
-1699
-1313
-1024
-1094
-1462
-1600
-1181
-1528
-1703
-1184
-1033
-1304
-1674
-1095
-1176
-1297
-834
-810
-982
-1224
-874
-337
-305
-215
-252
-328
-252
54
415
732
961
628
681
695
825
1312
1670
1468
1192
1193
1198
1270
1452
1508
1234
1065
853
933
1058
923
869
789
411
290
439
471
536
488
465
-65
-92
406
390
414
374
305
128
156
372
468
400
444
479
430
197
182
744
692
296
133
554
448
484
650
246
415
422
299
446
418
523
300
76
152
208
448
360
-26
-110
450
387
-262
-249
580
254
-354
47
312
355
16
-225
-46
204
194
-104
244
62
-168
-80
-116
-106
-73
59
-444
-652
135
30
-780
-799
-309
-474
-912
-699
-251
-406
-1132
-1378
-991
-554
-1032
-1210
-824
-924
-1317
-1660
-1229
-1073
-1300
-1314
-1331
-1263
-1323
-1338
-1213
-1125
-1014
-1203
-1183
-986
-760
-568
-596
-524
-713
-483
-425
-70
441
446
498
234
206
522
914
1293
1375
1352
901
875
1244
1501
1610
1228
1199
1006
911
1349
1254
697
611
615
648
735
596
493
265
202
76
195
279
426
85
-161
-17
57
248
0
74
102
-59
-22
200
255
218
66
-87
3
216
416
382
281
92
-65
125
389
474
332
277
183
-4
51
148
256
265
68
47
57
-32
12
48
-8
-213
122
246
59
-24
-72
223
-73
120
438
224
162
161
273
98
-87
183
286
174
18
-175
47
-175
-306
-217
-5
-165
-647
-535
-285
-495
-716
-537
-665
-798
-878
-723
-768
-979
-1137
-1146
-1104
-1094
-928
-1122
-1383
-1428
-1366
-1210
-1160
-973
-885
-1166
-1530
-1424
-863
-670
-588
-710
-554
-632
-861
-502
33
481
269
331
390
399
570
893
1193
1282
1307
1246
1187
1227
1360
1479
1362
1204
1276
1150
1170
1081
651
458
758
924
821
222
108
323
264
158
-6
295
226
-59
-326
-245
55
-29
207
-41
-135
-260
-222
305
213
8
49
259
168
-98
200
622
493
95
320
410
312
376
379
454
397
336
155
139
180
368
112
78
132
-186
-113
16
18
-135
-223
-237
-118
-153
-110
28
-170
-297
-2
101
48
155
17
-40
-177
29
416
154
99
-95
-178
-160
70
408
-95
-282
-314
-328
-305
-223
-104
-324
-763
-985
-504
-368
-866
-942
-923
-821
-1092
-1191
-983
-1077
-1148
-1366
-1049
-1130
-1047
-970
-972
-1186
-1333
-841
-673
-471
-560
-525
-555
-733
-254
19
373
513
507
436
222
668
982
1257
1355
1343
1307
924
1054
1413
1655
1301
1036
1160
1171
993
910
721
532
505
645
779
423
49
-77
17
202
222
56
2
-167
-247
-200
-168
167
86
-169
-267
-218
121
151
193
52
-56
91
274
290
289
307
299
409
323
279
517
692
349
108
429
683
392
101
275
303
175
195
147
-44
-151
-98
-24
-157
-200
-121
-243
-385
-419
-273
-132
-163
-274
-395
-343
-192
-119
-205
-340
-437
-204
-157
-64
-251
-371
-372
-455
-186
-34
-163
-533
-502
-332
-341
-299
-354
-514
-609
-815
-689
-565
-542
-663
-990
-1060
-1185
-1001
-736
-832
-1051
-1361
-1329
-1038
-789
-576
-1069
-1431
-1129
-790
-298
-296
-562
-530
-765
-450
76
584
666
140
167
531
894
941
1215
1385
1230
1051
1063
1453
1658
1484
1231
1019
1160
1258
1231
1071
642
560
608
755
700
364
68
-88
68
305
156
-18
-217
-247
-324
-338
55
68
14
-424
-496
-184
0
160
-44
-4
-88
-31
100
185
279
182
341
408
312
294
529
670
337
455
608
612
586
431
337
323
505
543
300
83
127
86
73
20
62
31
-68
-155
-294
-47
-74
-248
-136
-95
-211
-260
-145
-223
-285
-266
-252
-208
-292
-312
-349
-284
-248
-366
-395
-373
-471
-350
-280
-383
-505
-676
-494
-527
-547
-618
-864
-985
-945
-632
-846
-1120
-1223
-1273
-1259
-1298
-960
-1051
-1202
-1247
-1270
-1052
-1174
-1091
-851
-655
-656
-775
-603
-423
-405
-264
105
422
497
479
586
877
997
989
1274
1622
1694
1491
1199
1465
1702
1628
1585
1420
1485
1273
1200
1157
963
827
716
877
642
247
21
103
334
74
-139
-194
-235
-325
-232
-141
-274
-456
-369
-206
-461
-327
-207
-70
-88
-480
-256
95
344
92
-4
346
414
468
272
556
805
789
625
451
957
916
589
480
559
823
662
481
280
179
175
142
135
176
135
-114
-191
-127
-176
-110
-46
-78
-182
-385
-273
-122
-177
-200
-269
-302
-269
-265
-123
-231
-328
-294
-317
-237
-292
-377
-400
-437
-495
-399
-336
-495
-696
-778
-708
-767
-628
-789
-1212
-1164
-1204
-1221
-1226
-1234
-1313
-1551
-1532
-1535
-1096
-929
-1188
-1477
-1657
-1167
-820
-455
-638
-964
-866
-887
-302
77
272
305
257
297
493
1040
1152
1149
1269
1370
1331
1300
1587
1660
1437
1221
1318
1507
1508
1186
945
945
742
767
851
706
209
-88
134
230
134
-144
-250
-405
-368
-293
-292
-223
-423
-445
-595
-438
-329
-322
-96
-374
-395
-296
-48
202
-9
30
240
466
389
411
675
779
870
768
848
1096
1158
1070
858
922
1016
951
1000
943
664
451
428
553
569
392
305
257
119
8
75
146
51
-90
-123
-85
-245
-281
-245
-300
-305
-390
-349
-394
-579
-421
-321
-413
-475
-491
-453
-522
-427
-364
-436
-525
-517
-486
-558
-680
-721
-708
-854
-969
-1057
-994
-1020
-1367
-1429
-1562
-1421
-1296
-1507
-1383
-1368
-1319
-1684
-1846
-1257
-987
-800
-1039
-1010
-859
-980
-735
-335
360
253
58
365
473
669
792
1176
1547
1516
1373
1199
1445
1736
1672
1553
1360
1448
1537
1310
1128
933
810
740
755
703
313
-2
-4
19
-56
-202
-339
-380
-507
-660
-721
-409
-211
-462
-742
-947
-587
-231
-12
-186
-421
-279
-374
-56
312
462
427
307
439
384
586
999
1274
1151
913
826
957
1342
1400
1212
1040
940
1017
981
818
822
756
557
441
427
503
438
165
-47
80
287
283
69
-123
-130
-214
-88
78
-15
-144
-338
-354
-315
-290
-174
-151
-213
-399
-364
-355
-322
-213
-232
-236
-523
-449
-386
-474
-519
-754
-687
-939
-1010
-896
-1087
-1107
-1388
-1500
-1522
-1557
-1483
-1616
-1646
-1481
-1484
-1550
-1869
-1850
-1421
-1088
-893
-1077
-1113
-1078
-1086
-605
-214
234
257
129
208
317
731
1013
1337
1522
1328
1245
1308
1664
1745
1572
1487
1379
1461
1440
1242
1033
749
663
647
610
495
99
-159
-242
-267
-330
-519
-530
-650
-888
-1047
-973
-645
-583
-766
-994
-1098
-741
-423
-239
-246
-444
-313
-272
-105
198
438
749
468
328
529
856
1177
1242
1250
1056
1021
1102
1390
1496
1255
1104
951
996
1034
948
844
703
461
413
530
517
369
113
131
119
178
235
176
117
-58
-73
-44
78
81
39
-37
-149
-78
-235
-98
127
78
-7
-279
-250
-156
-91
39
-265
-375
-380
-434
-392
-637
-697
-808
-991
-968
-1132
-1142
-1261
-1501
-1579
-1666
-1596
-1689
-1765
-1553
-1494
-1422
-1613
-1924
-1676
-1329
-915
-790
-905
-838
-942
-850
-525
31
589
536
402
288
500
863
1178
1580
1638
1502
1265
1304
1550
1667
1733
1532
1380
1278
1256
1164
925
729
569
477
396
314
124
-113
-378
-578
-639
-528
-487
-626
-857
-1151
-1077
-955
-659
-560
-679
-744
-885
-625
-335
-40
7
-13
94
-57
37
368
976
1135
762
553
825
1212
1259
1243
1323
1398
1205
961
961
1239
1275
987
707
483
643
608
529
358
131
133
2
3
-12
-35
-40
-105
-135
-263
-182
-13
30
-88
-241
-163
-18
41
15
-102
-132
-17
43
61
114
6
-180
-202
-105
-8
-132
-258
-338
-468
-602
-667
-698
-722
-860
-1151
-1284
-1273
-1265
-1307
-1450
-1613
-1853
-1843
-1601
-1252
-1026
-1225
-1750
-1940
-1475
-799
-400
-396
-458
-669
-877
-535
100
770
977
782
659
594
730
1122
1668
1956
1732
1348
1308
1553
1619
1611
1450
1320
1330
1197
1086
804
563
427
198
116
62
-21
-116
-360
-746
-1026
-1023
-817
-617
-657
-918
-1166
-1183
-1025
-830
-714
-576
-434
-382
-403
-477
-330
81
304
331
351
468
643
604
700
927
1068
1220
1173
1212
1135
989
1101
1216
1215
959
838
869
789
529
330
385
324
193
61
77
99
-172
-369
-355
-100
76
-70
-196
-196
-154
-105
-58
74
156
120
79
-10
-3
24
18
145
222
188
-75
-193
-96
-103
-118
-227
-182
-186
-316
-443
-711
-780
-760
-724
-767
-956
-1109
-1236
-1381
-1443
-1359
-1408
-1521
-1676
-1664
-1421
-1326
-1286
-1440
-1541
-1437
-1253
-858
-524
-432
-562
-672
-551
-242
175
524
667
660
629
612
725
1040
1393
1505
1381
1224
1207
1307
1344
1336
1252
1128
1011
918
833
640
461
358
283
91
-86
-157
-163
-196
-419
-496
-511
-561
-577
-501
-269
-337
-509
-550
-462
-305
-282
-181
-117
-139
-250
-348
-151
75
112
8
-109
-61
69
221
364
343
287
266
310
460
580
737
712
606
510
502
698
810
884
679
461
493
515
691
719
668
501
284
406
477
574
624
491
420
315
361
457
479
507
406
351
342
274
289
365
397
311
215
192
187
206
155
132
142
84
12
-44
-61
-144
-301
-271
-272
-441
-537
-628
-656
-716
-864
-963
-1079
-1057
-1072
-1132
-1163
-1270
-1386
-1442
-1328
-1260
-1295
-1357
-1427
-1363
-1306
-1208
-1170
-1170
-1105
-1121
-998
-774
-640
-634
-662
-459
-233
-157
-46
29
130
233
302
471
554
567
561
519
586
553
507
622
666
613
432
268
246
299
416
398
260
188
160
157
218
241
205
166
139
105
132
279
339
234
33
-4
37
152
282
201
159
76
46
88
144
275
261
285
274
223
320
452
526
456
473
550
597
616
613
648
660
682
724
757
777
762
720
748
761
751
822
927
939
844
791
837
868
833
852
873
880
839
718
673
635
631
598
458
442
371
207
95
97
124
-5
-124
-262
-346
-423
-546
-559
-579
-540
-664
-838
-907
-1014
-1037
-1094
-1089
-1011
-1056
-1151
-1300
-1363
-1323
-1319
-1324
-1301
-1319
-1381
-1373
-1361
-1335
-1344
-1327
-1296
-1286
-1233
-1191
-1085
-1029
-1052
-964
-764
-644
-657
-645
-524
-351
-206
-100
21
118
141
140
210
327
464
539
562
537
447
433
470
583
643
539
378
308
340
376
348
323
323
249
179
92
103
170
124
116
103
32
31
143
137
13
-61
32
112
142
234
226
227
278
343
363
351
445
608
661
652
705
794
874
872
841
858
882
941
982
1063
1097
982
876
868
922
903
888
909
877
832
883
786
677
686
666
686
645
652
579
465
526
479
525
446
276
422
364
220
145
189
220
26
87
131
19
-204
-426
-371
-292
-289
-460
-497
-567
-859
-1001
-989
-921
-1077
-1231
-1273
-1396
-1328
-1356
-1549
-1650
-1713
-1771
-1818
-1649
-1503
-1586
-1633
-1691
-1738
-1643
-1501
-1289
-1127
-1020
-961
-861
-713
-624
-410
-226
-53
125
249
388
494
627
663
754
902
925
995
1035
1034
938
853
874
828
822
805
691
464
246
213
178
146
102
-40
-193
-371
-420
-386
-385
-357
-394
-413
-441
-429
-287
-167
-59
-23
-12
56
191
427
648
741
798
839
848
940
1087
1152
1115
1106
1108
1156
1252
1252
1125
945
801
733
803
862
807
724
527
338
281
290
330
324
261
100
-43
15
143
207
165
29
-79
-129
-55
80
144
141
17
-82
-31
-13
-20
-23
-139
-225
-248
-224
-202
-199
-193
-445
-639
-662
-666
-625
-732
-856
-1051
-1233
-1264
-1288
-1299
-1423
-1538
-1578
-1607
-1599
-1601
-1624
-1723
-1832
-1834
-1705
-1549
-1363
-1113
-901
-775
-681
-491
-262
-80
101
331
588
782
935
1061
1143
1320
1570
1680
1681
1651
1568
1516
1548
1491
1299
1162
1049
928
834
717
504
243
-5
-228
-310
-402
-515
-633
-820
-1013
-1151
-1069
-925
-883
-918
-1012
-1019
-931
-783
-551
-346
-173
-28
84
286
429
591
817
959
1070
1042
1104
1252
1316
1390
1337
1283
1159
1025
1022
969
924
775
637
614
508
378
241
161
98
-10
-57
-106
-90
-40
2
37
-41
-81
-56
-28
12
78
162
129
85
135
216
317
293
182
112
49
38
4
-25
-91
-225
-295
-383
-441
-544
-685
-756
-912
-1066
-1267
-1333
-1274
-1326
-1387
-1525
-1528
-1560
-1586
-1580
-1637
-1612
-1699
-1715
-1682
-1498
-1117
-732
-410
-311
-269
-147
80
388
576
676
726
816
1044
1286
1553
1671
1728
1771
1768
1706
1534
1387
1226
1046
849
702
678
733
697
560
275
27
-74
-94
-125
-331
-535
-693
-673
-602
-557
-525
-515
-498
-508
-502
-447
-379
-257
-109
-35
-17
6
280
524
724
754
682
652
565
677
707
748
645
445
382
376
412
300
205
201
111
61
10
-15
-21
-94
-45
-72
-36
-35
2
38
-23
30
32
123
133
51
-77
-123
-54
-46
-81
-136
-274
-379
-369
-295
-266
-399
-478
-593
-576
-529
-509
-501
-560
-568
-642
-669
-672
-706
-716
-691
-644
-613
-685
-645
-623
-620
-662
-737
-674
-695
-664
-766
-791
-646
-409
-87
115
294
368
387
510
657
802
822
769
789
811
971
1056
1147
1249
1301
1340
1187
1041
818
555
297
119
83
29
-6
-17
-35
-20
-21
10
79
65
-65
-298
-360
-318
-267
-263
-238
-100
-20
45
110
198
236
188
143
89
70
78
93
200
305
360
350
381
448
373
263
115
-28
-177
-306
-360
-403
-413
-453
-434
-308
-202
-148
-162
-172
-177
-215
-237
-237
-175
-123
-57
24
62
92
137
212
236
139
-49
-234
-327
-403
-539
-669
-740
-698
-646
-617
-637
-692
-684
-696
-704
-724
-739
-733
-749
-704
-658
-599
-491
-412
-297
-262
-253
-228
-216
-147
-168
-142
-77
1
60
58
152
290
437
549
650
801
936
1028
1078
1155
1277
1371
1403
1368
1373
1390
1423
1428
1388
1395
1387
1376
1244
1033
818
618
481
284
58
-157
-318
-372
-367
-329
-273
-228
-220
-251
-271
-255
-246
-287
-386
-511
-576
-540
-412
-227
-118
-67
-41
24
123
175
179
124
59
25
15
56
125
167
196
224
250
246
172
48
-118
-263
-357
-419
-464
-528
-586
-593
-550
-478
-416
-375
-357
-372
-432
-495
-522
-491
-431
-405
-380
-365
-321
-267
-233
-206
-247
-336
-490
-659
-776
-866
-917
-966
-962
-899
-792
-682
-622
-581
-576
-567
-584
-623
-668
-744
-787
-843
-842
-786
-687
-557
-528
-552
-602
-589
-507
-481
-487
-511
-443
-304
-158
20
243
541
813
1016
1162
1316
1483
1581
1604
1569
1590
1661
1727
1763
1749
1802
1893
1962
1934
1777
1597
1384
1146
885
615
406
218
48
-63
-87
-4
96
144
138
77
21
-29
-89
-171
-312
-435
-486
-468
-411
-348
-221
-25
168
267
252
208
228
291
308
255
157
121
164
252
362
444
546
603
570
467
337
280
221
109
-76
-275
-354
-340
-294
-306
-371
-410
-410
-394
-434
-544
-688
-820
-919
-991
-1034
-1068
-1071
-1053
-1022
-1009
-1019
-1022
-1018
-1027
-1103
-1241
-1353
-1363
-1275
-1160
-1046
-909
-726
-522
-349
-256
-221
-193
-178
-203
-287
-376
-416
-392
-315
-252
-218
-215
-230
-252
-265
-243
-236
-255
-263
-192
-40
138
315
472
643
804
918
979
1026
1116
1185
1188
1143
1116
1178
1285
1376
1386
1321
1261
1220
1175
1059
876
687
547
450
342
209
105
84
121
136
79
-5
-35
6
72
66
-29
-137
-192
-221
-307
-439
-520
-509
-446
-393
-337
-218
-31
135
196
176
158
144
104
35
-24
-23
26
91
157
261
424
572
633
625
618
640
638
580
493
422
373
310
229
177
173
182
153
66
-56
-170
-260
-357
-495
-675
-868
-1036
-1167
-1266
-1343
-1397
-1432
-1477
-1535
-1578
-1587
-1558
-1490
-1412
-1358
-1300
-1171
-974
-786
-655
-563
-475
-382
-313
-289
-278
-236
-180
-132
-59
68
215
334
425
510
602
705
801
867
914
966
1021
1066
1123
1195
1240
1221
1141
1038
953
897
833
744
666
635
650
677
690
684
654
587
477
322
158
30
-35
-49
-31
20
109
219
323
401
426
374
253
100
-48
-177
-284
-374
-451
-512
-554
-576
-563
-512
-466
-460
-484
-514
-542
-559
-556
-563
-619
-727
-831
-853
-756
-600
-477
-410
-324
-166
36
227
378
494
579
629
658
701
775
844
859
823
779
758
759
767
757
707
598
438
273
146
34
-125
-344
-567
-728
-823
-911
-1018
-1106
-1130
-1132
-1183
-1267
-1298
-1257
-1203
-1192
-1211
-1212
-1168
-1095
-1012
-915
-811
-739
-702
-637
-509
-357
-236
-139
-24
152
375
599
801
1009
1226
1396
1484
1531
1587
1635
1610
1491
1343
1261
1247
1213
1114
1008
962
947
889
782
686
649
621
523
368
255
249
290
284
232
210
254
321
369
414
473
513
496
433
372
322
248
124
-23
-154
-267
-370
-438
-456
-456
-485
-540
-575
-572
-562
-591
-682
-806
-930
-1039
-1129
-1193
-1234
-1267
-1286
-1260
-1165
-1009
-832
-668
-530
-416
-315
-222
-130
-46
12
39
60
100
155
210
257
297
317
303
252
188
123
41
-75
-209
-325
-410
-485
-569
-648
-693
-696
-688
-696
-715
-724
-712
-697
-688
-678
-654
-615
-585
-582
-592
-582
-543
-506
-493
-488
-447
-361
-257
-149
-9
182
392
568
709
855
1018
1151
1208
1216
1226
1244
1228
1165
1107
1094
1103
1088
1056
1039
1037
1014
959
911
897
876
803
698
634
633
649
638
621
642
693
730
736
741
758
760
710
617
515
416
303
168
27
-89
-179
-261
-333
-385
-407
-405
-396
-396
-413
-437
-465
-503
-564
-644
-727
-797
-844
-872
-881
-867
-838
-788
-708
-596
-476
-382
-327
-284
-227
-173
-140
-120
-92
-68
-80
-121
-131
-86
-40
-74
-185
-293
-345
-385
-474
-607
-722
-798
-869
-953
-1019
-1027
-997
-977
-972
-943
-868
-767
-681
-614
-548
-470
-389
-320
-270
-242
-226
-208
-181
-150
-119
-87
-42
16
80
156
262
393
520
613
676
741
817
884
919
913
876
818
751
691
641
594
548
510
488
467
443
436
463
500
497
444
399
415
473
521
544
596
706
841
946
1022
1104
1184
1213
1162
1063
955
837
685
507
347
225
126
32
-47
-99
-135
-179
-232
-292
-364
-466
-589
-704
-796
-883
-976
-1053
-1081
-1060
-1024
-990
-939
-856
-754
-663
-590
-522
-457
-403
-358
-309
-246
-182
-132
-91
-41
27
92
137
157
157
138
89
13
-77
-175
-284
-410
-548
-674
-775
-844
-895
-934
-961
-964
-938
-891
-837
-785
-730
-667
-595
-529
-477
-431
-376
-309
-244
-193
-141
-69
29
132
228
330
453
602
752
883
992
1087
1167
1221
1239
1224
1174
1097
1003
909
824
745
674
618
581
546
500
447
401
355
288
194
100
33
4
0
18
77
179
307
440
569
690
796
871
906
906
870
798
707
616
538
452
353
250
166
103
43
-28
-101
-171
-240
-313
-391
-463
-534
-608
-683
-749
-800
-840
-863
-861
-838
-805
-765
-701
-610
-520
-465
-441
-414
-372
-341
-346
-374
-391
-388
-376
-370
-354
-322
-288
-275
-284
-302
-325
-364
-426
-508
-598
-691
-776
-841
-881
-900
-903
-887
-846
-781
-701
-615
-523
-431
-349
-281
-225
-176
-135
-105
-80
-55
-31
-2
46
117
206
296
389
500
623
736
817
875
922
951
944
907
864
828
785
730
682
668
682
695
696
699
714
726
716
691
670
657
635
605
587
600
636
680
726
779
836
891
937
978
1007
1018
1006
973
925
855
767
665
553
417
259
102
-35
-152
-266
-374
-459
-510
-544
-581
-619
-646
-671
-714
-776
-831
-859
-877
-902
-920
-900
-841
-771
-713
-658
-600
-550
-529
-536
-553
-573
-612
-670
-730
-769
-788
-807
-829
-848
-856
-867
-889
-915
-940
-969
-1009
-1052
-1084
-1100
-1107
-1107
-1093
-1057
-1003
-935
-855
-757
-643
-526
-407
-286
-161
-45
55
141
221
291
353
409
469
533
599
666
738
818
893
949
979
988
973
924
845
748
640
523
398
285
200
145
110
89
93
128
180
235
296
369
452
530
599
673
762
859
945
1021
1104
1195
1287
1368
1440
1508
1566
1600
1609
1594
1557
1490
1383
1241
1079
902
718
531
351
185
35
-92
-190
-266
-336
-402
-460
-512
-570
-635
-695
-742
-775
-804
-822
-812
-767
-706
-651
-600
-541
-480
-439
-430
-437
-452
-479
-531
-599
-665
-718
-773
-840
-912
-970
-1011
-1050
-1092
-1128
-1151
-1164
-1171
-1171
-1166
-1153
-1136
-1121
-1109
-1093
-1066
-1028
-984
-935
-876
-800
-707
-602
-496
-394
-295
-194
-100
-19
54
132
212
291
367
451
550
657
752
823
877
920
937
913
851
769
669
545
408
277
163
69
-13
-74
-103
-98
-67
-22
41
125
216
305
399
502
599
683
761
836
907
971
1028
1082
1131
1171
1197
1211
1219
1211
1179
1124
1056
977
885
786
693
608
527
458
411
380
356
339
323
304
278
239
191
136
74
0
-78
-151
-211
-266
-323
-373
-411
-449
-493
-534
-572
-612
-657
-704
-750
-794
-833
-871
-912
-955
-996
-1039
-1081
-1122
-1157
-1188
-1212
-1218
-1211
-1192
-1156
-1104
-1048
-988
-922
-852
-788
-728
-667
-611
-555
-497
-432
-365
-292
-215
-137
-61
13
86
151
208
261
306
342
379
417
448
475
500
526
542
548
551
546
527
499
464
423
378
329
278
229
188
154
126
112
118
139
168
213
278
354
427
502
579
649
701
737
764
776
773
757
731
702
670
631
582
537
495
441
379
326
277
228
179
147
133
127
130
147
174
206
235
256
271
282
279
262
236
211
180
139
94
56
14
-41
-100
-158
-222
-296
-372
-446
-515
-580
-640
-695
-739
-775
-813
-852
-888
-923
-968
-1019
-1062
-1101
-1135
-1161
-1167
-1156
-1128
-1084
-1022
-947
-862
-768
-674
-579
-483
-386
-295
-206
-115
-23
65
155
245
332
411
488
555
609
649
679
689
681
660
629
584
530
478
427
379
340
313
296
291
296
305
318
332
347
353
353
355
356
353
351
362
380
402
430
465
502
533
554
566
564
549
518
473
421
367
311
251
202
163
130
98
75
64
52
37
23
15
6
-6
-18
-26
-32
-37
-44
-51
-52
-53
-60
-68
-71
-74
-83
-96
-105
-115
-133
-156
-182
-210
-247
-291
-338
-386
-434
-483
-530
-572
-605
-636
-664
-686
-701
-717
-736
-755
-772
-793
-819
-841
-859
-874
-883
-882
-870
-843
-805
-754
-692
-617
-536
-450
-365
-276
-189
-108
-32
41
109
170
227
281
330
373
411
443
465
480
484
476
457
432
399
363
326
294
271
257
258
274
304
351
409
477
551
630
708
783
849
908
956
991
1014
1026
1026
1012
989
954
910
858
797
729
656
579
500
418
337
258
185
116
54
1
-43
-78
-104
-118
-124
-125
-117
-107
-93
-80
-68
-60
-55
-56
-64
-79
-99
-123
-150
-179
-209
-238
-265
-289
-313
-335
-357
-379
-406
-437
-474
-513
-559
-610
-663
-718
-769
-818
-860
-900
-929
-951
-968
-979
-986
-990
-990
-990
-987
-981
-970
-951
-923
-885
-835
-772
-695
-607
-510
-406
-298
-188
-81
20
114
199
275
339
393
439
476
505
526
540
545
543
534
516
491
459
421
380
337
295
258
226
204
194
197
214
244
286
344
409
483
561
641
722
801
870
929
980
1019
1044
1055
1049
1034
1010
976
929
877
823
768
710
647
585
526
466
405
341
277
217
158
99
41
-12
-58
-98
-136
-171
-201
-226
-251
-279
-311
-343
-374
-410
-447
-484
-513
-537
-553
-563
-562
-549
-529
-505
-479
-453
-429
-413
-408
-412
-424
-447
-481
-522
-564
-607
-652
-696
-738
-774
-804
-833
-861
-883
-900
-913
-925
-932
-930
-914
-891
-860
-817
-758
-684
-603
-518
-425
-325
-222
-123
-31
57
146
228
296
353
407
459
502
530
550
569
585
591
587
574
564
552
532
503
474
448
426
398
370
349
338
334
331
336
352
380
412
445
481
524
568
605
635
659
682
697
702
700
697
693
686
674
664
657
650
639
624
607
590
566
531
492
451
409
361
307
255
208
162
115
67
19
-23
-68
-119
-174
-228
-277
-327
-382
-432
-471
-497
-519
-536
-543
-536
-519
-502
-490
-475
-456
-439
-435
-440
-450
-458
-473
-500
-532
-562
-587
-615
-651
-686
-714
-737
-763
-789
-812
-825
-828
-829
-826
-810
-781
-741
-696
-644
-581
-506
-428
-350
-269
-186
-102
-22
49
118
184
240
288
326
356
382
397
400
397
392
381
361
337
312
288
261
231
201
176
155
135
114
101
98
102
111
122
144
178
218
257
296
342
392
438
478
512
547
581
608
625
639
653
667
674
674
672
672
669
657
638
616
592
566
531
490
451
413
374
331
287
247
210
171
129
89
50
14
-24
-64
-101
-133
-162
-189
-214
-234
-249
-261
-274
-285
-293
-301
-311
-323
-337
-349
-366
-386
-405
-426
-445
-469
-495
-520
-545
-572
-600
-630
-657
-680
-703
-725
-742
-750
-753
-751
-745
-731
-709
-680
-648
-611
-569
-521
-469
-414
-357
-295
-228
-160
-94
-27
39
105
166
218
263
301
333
353
364
366
361
352
335
312
287
262
236
210
182
158
137
120
106
97
93
95
104
116
135
160
190
224
262
302
341
383
421
459
492
522
547
568
584
595
601
605
604
600
593
585
574
561
547
530
511
490
466
441
412
380
346
310
272
231
191
148
108
66
26
-14
-52
-89
-124
-157
-189
-219
-247
-272
-295
-317
-334
-348
-360
-369
-375
-377
-379
-378
-378
-376
-377
-378
-381
-387
-394
-404
-414
-426
-438
-450
-463
-474
-484
-493
-501
-506
-510
-510
-509
-507
-500
-491
-478
-460
-441
-416
-387
-352
-315
-274
-230
-184
-136
-89
-42
3
45
84
121
152
179
201
218
233
242
247
249
247
242
234
224
212
200
185
172
159
149
140
136
134
137
144
157
172
192
214
238
262
288
313
336
357
376
392
406
417
425
432
437
440
441
441
441
440
436
431
425
417
407
396
383
367
348
329
308
284
256
226
193
158
119
76
32
-15
-64
-116
-167
-218
-266
-312
-354
-393
-425
-452
-471
-485
-494
-495
-491
-482
-471
-454
-436
-416
-393
-370
-347
-325
-302
-280
-260
-241
-224
-208
-195
-184
-176
-169
-165
-164
-163
-164
-163
-165
-165
-164
-161
-157
-152
-144
-135
-124
-111
-98
-84
-67
-52
-36
-18
-2
16
32
48
65
79
92
104
115
123
128
131
131
128
123
116
107
95
84
72
62
51
43
38
35
35
39
46
54
66
82
100
120
142
166
190
216
241
267
290
315
338
358
376
392
404
414
421
425
426
423
417
410
399
386
371
354
335
311
285
256
226
191
153
113
71
26
-23
-71
-121
-170
-219
-267
-313
-357
-397
-434
-466
-495
-517
-535
-548
-554
-556
-553
-546
-531
-515
-496
-472
-446
-420
-390
-360
-330
-300
-270
-242
-212
-185
-158
-132
-107
-84
-60
-38
-16
4
25
44
64
82
98
114
129
143
155
167
176
185
192
197
200
202
204
204
202
199
196
192
189
184
179
174
171
166
162
158
155
152
151
148
146
144
142
142
139
139
138
137
137
137
136
136
138
139
140
142
146
151
152
157
160
166
169
171
174
176
179
178
177
172
168
162
154
143
130
117
101
83
62
41
19
-6
-32
-61
-90
-119
-149
-181
-213
-245
-277
-306
-338
-367
-395
-420
-443
-464
-482
-497
-504
-511
-515
-513
-508
-495
-483
-464
-446
-422
-395
-368
-341
-314
-283
-255
-226
-200
-175
-150
-128
-107
-90
-70
-54
-36
-21
-8
9
25
45
60
80
99
121
143
164
186
208
232
252
270
286
301
317
324
332
334
337
337
333
327
318
312
303
295
283
274
267
259
254
246
243
241
243
243
243
245
247
253
253
255
257
258
261
257
256
252
251
245
238
231
222
217
206
195
182
173
161
148
135
117
105
91
76
57
40
24
8
-8
-29
-46
-64
-80
-98
-120
-136
-154
-171
-192
-212
-232
-251
-269
-293
-313
-336
-354
-375
-396
-416
-435
-449
-464
-475
-487
-493
-493
-494
-489
-485
-470
-455
-436
-418
-395
-368
-341
-312
-286
-257
-228
-199
-172
-150
-125
-102
-79
-61
-44
-27
-11
6
17
29
40
54
67
77
87
97
111
121
132
140
151
162
170
177
182
192
198
203
206
209
215
218
221
220
224
227
231
232
231
235
235
239
238
237
237
238
238
233
232
227
227
222
216
210
203
201
194
189
181
176
174
167
163
155
155
150
148
143
138
136
132
129
120
117
111
107
100
89
81
71
63
49
35
21
6
-7
-28
-45
-67
-85
-105
-128
-150
-173
-192
-214
-234
-255
-271
-285
-298
-307
-318
-320
-320
-318
-314
-307
-293
-280
-261
-246
-226
-206
-183
-163
-144
-124
-106
-86
-73
-60
-49
-39
-29
-25
-19
-18
-13
-11
-11
-11
-11
-7
-7
-6
-4
-1
3
5
11
13
19
25
29
33
37
44
48
53
56
60
65
68
74
75
79
82
87
90
92
94
97
102
102
103
104
104
105
101
100
95
95
90
86
78
73
69
62
57
48
44
39
35
31
26
25
23
23
21
22
23
25
28
29
32
34
38
40
40
42
41
42
38
35
30
24
17
7
-4
-16
-27
-41
-56
-71
-86
-99
-114
-128
-140
-151
-159
-166
-171
-174
-174
-173
-168
-164
-154
-144
-133
-119
-105
-90
-75
-60
-44
-30
-16
-4
9
18
28
34
41
46
50
53
54
55
54
53
52
51
50
49
46
46
43
44
42
43
43
43
43
43
44
45
46
46
47
48
48
49
50
51
51
51
51
53
53
54
55
56
57
58
59
60
60
60
59
60
59
57
55
51
48
43
38
31
26
18
12
5
-4
-11
-18
-26
-32
-38
-43
-47
-51
-53
-54
-54
-54
-52
-51
-47
-45
-41
-37
-34
-30
-26
-24
-22
-22
-21
-22
-24
-26
-29
-33
-37
-43
-48
-53
-58
-63
-68
-72
-73
-76
-77
-77
-76
-74
-71
-66
-60
-54
-47
-40
-31
-23
-14
-6
4
12
20
27
35
40
46
51
55
58
60
61
63
63
62
62
61
60
57
55
53
50
47
44
40
37
34
30
27
22
19
16
12
9
4
1
-1
-4
-6
-8
-10
-12
-12
-14
-14
-13
-13
-12
-11
-8
-6
-3
-2
0
3
5
7
9
11
11
12
12
12
12
10
9
7
5
3
-1
-4
-8
-11
-13
-17
-19
-22
-24
-26
-28
-29
-28
-29
-29
-28
-28
-25
-23
-21
-19
-16
-12
-9
-6
-3
0
4
7
10
12
15
18
19
21
22
22
23
23
22
21
21
19
17
15
11
10
7
5
2
-1
-3
-5
-8
-10
-11
-13
-14
-15
-15
-15
-14
-13
-12
-11
-9
-7
-5
-3
-1
2
4
7
8
10
12
12
13
15
15
14
15
13
13
11
10
8
7
5
3
0
-2
-5
-6
-8
-10
-12
-14
-14
-15
-16
-17
-16
-16
-15
-14
-14
-12
-11
-10
-8
-6
-4
-2
-1
1
1
2
3
4
5
5
5
5
6
4
4
3
2
1
-2
-2
-4
-7
-9
-11
-13
-16
-18
-20
-22
-25
-27
-28
-30
-30
-31
-30
-29
-27
-26
-23
-21
-18
-14
-9
-5
0
5
10
13
18
23
27
30
33
36
37
39
39
39
39
39
37
36
35
34
32
30
31
29
28
28
28
28
29
30
32
33
34
36
37
40
40
41
41
42
41
41
40
38
36
34
31
30
26
24
21
18
15
12
10
7
4
1
-1
-4
-7
-9
-11
-15
-18
-20
-24
-26
-29
-33
-35
-38
-40
-41
-42
-43
-43
-42
-40
-38
-36
-33
-30
-28
-24
-21
-18
-15
-14
-13
-12
-13
-16
-19
-23
-28
-35
-43
-50
-60
-70
-80
-88
-98
-106
-114
-121
-126
-128
-130
-130
-128
-124
-118
-112
-102
-93
-81
-69
-57
-44
-31
-19
-6
7
18
28
38
46
54
61
67
72
75
80
85
87
91
94
97
101
105
109
112
117
123
126
129
133
136
138
140
140
140
140
137
134
129
124
117
109
101
93
83
75
65
55
46
36
27
18
9
2
-5
-12
-17
-23
-28
-32
-37
-40
-44
-46
-48
-50
-52
-54
-54
-55
-54
-54
-53
-52
-49
-46
-44
-40
-37
-34
-30
-27
-23
-20
-18
-17
-17
-17
-19
-22
-25
-31
-37
-44
-54
-61
-72
-82
-91
-100
-109
-119
-126
-134
-139
-142
-145
-146
-144
-143
-138
-133
-127
-119
-110
-100
-90
-78
-67
-56
-45
-34
-24
-13
-3
6
16
23
32
41
49
56
64
73
81
88
96
105
115
123
132
140
149
157
165
172
178
182
186
189
190
190
188
185
180
174
167
158
148
137
125
113
101
87
73
60
47
34
22
11
-1
-11
-20
-29
-36
-42
-48
-52
-55
-59
-60
-60
-60
-59
-57
-54
-51
-48
-43
-39
-34
-29
-24
-19
-15
-10
-6
-3
1
3
6
7
7
7
7
4
2
-1
-5
-10
-15
-20
-26
-31
-38
-45
-51
-57
-63
-69
-75
-79
-85
-89
-93
-96
-100
-103
-106
-107
-110
-109
-110
-112
-112
-112
-110
-110
-110
-108
-106
-105
-103
-101
-98
-96
-93
-90
-86
-82
-78
-73
-68
-63
-58
-52
-46
-40
-34
-28
-22
-16
-10
-3
4
10
17
23
29
35
41
47
51
56
61
65
69
73
77
79
81
82
83
84
84
84
83
83
80
79
77
73
72
68
65
62
59
56
53
48
46
44
41
38
36
34
34
32
32
31
31
31
32
33
35
36
38
41
42
46
48
51
54
57
59
62
65
65
68
70
71
71
71
71
70
68
66
64
60
56
51
47
41
35
30
22
16
9
2
-5
-11
-19
-25
-32
-39
-44
-50
-54
-59
-63
-66
-69
-71
-71
-71
-71
-71
-68
-67
-64
-60
-57
-53
-48
-43
-38
-33
-27
-22
-18
-13
-8
-3
1
6
9
13
15
17
19
20
22
21
22
21
20
18
18
16
13
10
7
4
1
-3
-7
-10
-15
-18
-22
-27
-30
-34
-38
-41
-45
-48
-53
-56
-60
-62
-66
-69
-73
-75
-78
-79
-81
-84
-86
-87
-89
-89
-90
-89
-89
-89
-88
-85
-83
-80
-75
-72
-66
-62
-55
-49
-42
-35
-26
-18
-10
-1
9
18
28
37
46
56
64
74
80
88
95
101
106
110
113
115
117
117
117
115
112
108
104
98
92
85
77
69
60
52
43
33
24
15
6
-2
-9
-16
-24
-29
-33
-38
-41
-43
-43
-44
-43
-42
-39
-35
-30
-25
-18
-13
-6
1
8
15
24
31
37
44
50
55
60
64
66
69
70
71
70
69
66
62
58
52
47
41
34
26
18
10
3
-5
-14
-22
-29
-37
-43
-50
-56
-58
-64
-67
-70
-71
-71
-71
-70
-68
-65
-62
-58
-53
-48
-43
-37
-30
-24
-17
-11
-4
1
7
13
18
24
28
31
34
38
39
41
42
42
43
41
40
39
37
33
31
27
24
21
18
14
10
6
3
0
-3
-7
-9
-12
-14
-18
-18
-20
-22
-22
-23
-23
-24
-23
-24
-23
-22
-22
-22
-20
-20
-19
-18
-16
-16
-13
-12
-11
-11
-9
-7
-6
-5
-3
-2
-1
1
3
3
5
8
8
10
12
13
15
16
18
19
20
21
22
23
24
23
24
24
24
22
22
21
20
18
15
13
11
8
5
2
0
-4
-7
-10
-14
-15
-19
-22
-23
-26
-28
-29
-30
-30
-32
-31
-30
-30
-28
-27
-24
-22
-20
-17
-14
-10
-7
-3
0
3
8
11
15
18
20
23
25
27
28
30
30
30
30
29
27
27
25
22
21
18
15
11
8
5
2
-2
-5
-7
-10
-12
-16
-17
-19
-22
-23
-23
-23
-23
-24
-22
-21
-19
-18
-16
-15
-13
-9
-7
-5
-2
0
2
4
6
8
10
11
12
14
14
15
14
16
15
14
13
12
11
10
8
6
5
4
1
0
-2
-3
-4
-5
-6
-7
-9
-8
-9
-9
-8
-8
-8
-8
-7
-7
-6
-5
-4
-3
-2
0
1
1
2
3
4
4
5
5
5
5
6
5
5
5
5
4
4
4
3
2
2
1
0
0
-1
-1
-2
-2
-2
-3
-2
-3
-3
-3
-2
-2
-2
-2
-2
-1
-2
-1
0
0
0
-1
0
0
0
0
0
1
0
0
-1
0
0
1
0
0
0
1
1
0
0
0
0
0
0
0
0
1
0
1
0
0
-1
0
0
0
-1
-1
0
0
0
0
1
0
0
0
0
0
0
0
0
0
0
0
0
0
0
0
0
1
1
1
1
-1
0
0
0
0
0
0
1
-1
-1
0
0
0
0
0
1
0
-1
0
0
0
0
0
0
0
0
-1
0
0
0
0
1
0
0
0
0
0
-1
1
1
0
0
0
0
1
0
0
0
0
0
0
0
0
0
0
0
0
1
0
0
0
0
0
0
1
0
0
0
0
0
0
0
0
0
0
0
0
-1
0
0
0
0
-1
0
0
0
0
0
0
-1
0
0
-1
0
0
0
-1
1
0
0
0
0
0
0
0
0
0
0
0
0
0
-1
0
-1
0
0
0
0
0
0
0
0
0
1
0
0
0
0
0
0
0
0
0
0
0
1
0
0
0
0
0
0
0
0
0
-1
0
0
1
0
0
0
0
0
0
0
1
0
0
0
0
0
0
-1
0
1
0
0
0
0
0
0
0
0
-1
0
0
0
0
0
0
0
0
1
0
-1
0
1
0
0
-1
0
0
0
0
0
0
0
0
0
1
0
0
0
0
0
0
0
0
-1
0
0
0
0
0
0
0
0
0
1
0
0
0
0
0
1
0
0
1
0
1
-1
0
0
0
0
0
0
0
0
-1
0
-1
-1
0
0
0
0
0
0
0
0
0
0
-1
0
-1
0
0
0
0
0
0
-1
0
0
0
0
0
0
0
0
0
0
0
0
0
0
0
0
0
1
1
0
-1
0
0
0
0
0
0
0
0
0
0
0
0
0
0
0
0
1
0
0
0
0
0
1
0
0
0
0
0
0
0
-1
-1
0
0
0
0
0
-1
-1
0
0
0
-1
1
0
0
-1
0
0
0
0
0
0
0
0
0
0
0
0
0
0
0
0
1
0
0
-1
0
0
0
0
0
1
1
0
0
-1
-1
0
0
0
0
-1
0
0
0
0
0
1
0
0
0
0
1
0
0
0
0
0
0
-1
0
0
0
0
0
0
1
0
0
0
0
0
0
-1
-1
0
-1
0
0
0
0
0
0
0
0
0
0
0
0
0
0
-1
0
0
0
0
1
0
0
0
0
0
0
0
0
0
0
-1
1
-1
0
0
0
0
0
0
0
0
1
0
1
0
0
0
1
-1
0
0
0
0
0
0
0
0
0
0
-1
0
0
0
0
1
1
0
1
0
0
0
1
0
0
0
0
0
0
-1
-1
-1
-1
0
0
0
0
0
-1
0
0
0
0
0
-1
0
-1
0
1
0
0
1
0
0
-1
0
-1
0
0
0
-1
0
1
-1
0
0
0
0
-1
0
1
0
-1
1
1
0
1
-1
0
0
1
0
0
-1
1
0
0
1
0
0
0
0
1
0
0
0
0
1
0
-1
0
-1
0
1
0
1
-1
0
1
0
0
0
0
-1
-1
0
0
0
0
0
0
0
0
0
0
-1
0
1
0
1
0
-1
0
0
1
0
0
0
0
0
0
-1
0
-1
0
0
0
0
0
0
0
1
0
1
0
0
0
0
0
-1
0
0
0
0
0
-1
0
0
0
0
0
0
1
0
0
0
0
0
-1
0
0
0
0
0
0
0
0
-1
0
0
0
0
0
0
0
0
0
0
0
0
0
0
0
0
0
-1
0
0
0
0
-1
0
0
0
1
0
0
0
-1
0
0
0
0
1
1
0
1
0
0
-1
0
-1
0
0
0
0
-1
0
0
0
0
0
0
0
0
1
0
0
0
0
0
0
0
0
0
0
0
0
0
0
0
0
0
0
1
0
0
0
1
0
0
0
0
0
0
0
0
1
1
0
0
1
0
0
0
0
0
1
0
0
-1
1
0
-1
-1
0
0
0
0
0
1
0
0
-1
0
0
0
0
-1
0
0
0
0
-1
0
0
0
-1
0
0
0
0
0
0
0
0
1
-1
1
0
0
0
-1
0
0
0
0
0
1
0
0
0
0
1
0
0
0
1
0
0
0
0
0
0
0
0
0
0
1
0
-1
0
0
0
0
0
-1
0
0
0
0
1
0
1
1
1
0
0
0
0
0
0
0
0
0
0
0
0
-1
0
0
0
-1
0
-1
0
0
0
0
0
0
0
-1
1
0
1
0
0
0
0
1
1
0
-1
0
1
-1
0
0
0
0
0
0
0
0
0
0
0
0
0
1
-1
0
0
0
0
0
0
0
-1
0
-1
0
0
0
0
0
-1
0
1
0
0
0
1
0
0
0
0
0
0
0
0
0
0
0
0
0
0
1
0
1
0
-1
-1
-1
0
0
0
0
0
0
0
-1
0
0
1
-1
-1
1
0
0
0
0
0
0
0
-1
0
0
0
0
0
0
0
0
0
0
0
0
0
0
0
-1
0
0
0
0
0
0
1
0
1
0
0
0
1
0
0
-1
1
0
-1
0
0
-1
0
0
0
0
-1
0
0
0
0
1
0
0
0
1
0
0
1
-1
0
0
0
0
0
0
-1
0
1
0
0
0
1
-1
0
0
0
-1
0
0
-1
-1
0
1
0
-1
0
0
-1
-1
0
0
0
0
-1
-1
-1
0
0
0
0
0
0
0
0
0
1
0
-1
0
1
0
0
0
0
0
-1
0
0
0
0
0
0
-1
1
0
0
0
0
1
0
0
0
-1
0
1
0
0
0
0
0
0
0
0
0
0
-1
1
-1
0
1
0
0
0
0
0
0
0
0
0
0
0
0
0
0
0
1
0
0
0
0
-1
1
0
-1
0
0
0
0
0
0
0
0
0
0
-1
0
0
0
-1
0
0
1
1
0
0
0
0
-1
0
1
0
-1
0
0
0
0
-1
0
1
0
0
0
-1
-1
0
0
0
0
1
0
0
0
0
-1
0
0
0
0
0
0
0
0
1
0
-1
0
0
-1
0
0
0
0
0
0
0
0
0
0
0
1
0
0
0
0
-1
-1
0
-1
0
0
0
-1
0
0
0
0
1
1
-1
0
0
-1
-1
0
0
-1
0
0
-1
0
0
-1
1
-1
0
0
-1
0
0
0
0
0
0
0
1
0
0
-1
1
1
0
0
0
0
0
0
0
0
0
1
0
0
0
0
0
0
0
0
0
-1
0
0
1
0
0
1
0
0
0
1
0
0
0
0
0
0
1
-1
0
0
0
1
0
-1
0
0
0
0
0
-1
0
0
0
0
1
0
0
0
0
0
0
1
0
0
0
0
0
1
0
0
0
0
0
0
0
1
0
0
0
0
-1
0
0
0
-1
0
-1
0
0
0
1
1
0
0
0
-1
1
0
1
0
0
1
0
1
0
0
1
1
0
0
0
0
0
-1
0
0
0
-1
0
0
1
0
0
0
0
1
0
1
0
0
0
0
-1
0
0
0
0
0
-1
0
0
0
1
1
0
0
-1
0
0
1
0
0
-1
1
0
0
-1
0
-1
0
0
0
0
0
0
0
0
0
0
0
1
0
0
0
-1
0
1
1
0
1
-1
0
-1
-1
0
-1
0
0
0
0
0
0
-1
0
-1
1
0
1
0
