0
-1
0
-1
0
-1
0
0
1
0
0
1
0
0
0
0
0
0
0
0
0
1
0
0
0
0
1
0
0
0
1
0
0
0
0
0
0
0
-1
-1
0
0
0
1
0
-1
0
0
-1
0
0
0
-1
0
0
1
0
0
0
0
0
0
1
-1
0
0
0
1
0
0
0
1
1
0
0
0
0
0
0
1
0
1
0
0
0
1
0
0
0
-1
0
1
0
-1
0
0
0
0
0
0
0
0
0
0
0
1
0
1
0
0
0
0
0
-1
0
1
0
0
-1
0
-1
0
0
-1
0
0
0
0
0
0
0
0
0
-1
0
0
0
0
0
0
0
0
0
0
0
0
0
0
0
0
0
0
0
0
0
0
0
-1
0
0
0
0
0
0
0
-1
0
0
0
0
-1
0
0
0
0
0
0
0
0
0
0
0
0
0
0
0
0
0
1
-1
0
0
0
0
0
0
0
1
0
0
0
0
0
-1
0
0
0
0
0
0
0
0
0
0
-1
-1
-1
-1
0
-1
0
0
0
0
0
0
-1
-1
0
-1
0
0
0
-1
0
0
0
0
0
0
0
1
0
0
0
0
0
0
0
0
0
0
1
1
0
0
0
0
0
0
0
0
0
0
0
1
0
0
0
0
0
1
1
0
0
0
0
0
-1
0
0
0
0
0
1
1
0
0
1
0
0
0
1
0
0
1
0
1
1
0
0
0
0
0
0
0
0
0
0
1
0
1
1
-1
0
0
0
0
0
0
0
0
0
0
0
1
0
0
1
0
0
0
1
0
0
0
-1
0
0
0
0
0
0
0
0
0
0
1
0
0
0
-1
-1
0
0
0
0
0
0
0
0
0
0
-1
0
1
0
0
0
0
0
0
0
-1
0
1
0
0
0
0
-1
0
-1
-1
0
0
0
0
1
0
0
0
0
0
0
0
0
1
1
0
1
-1
0
0
0
0
0
0
0
0
0
0
0
0
0
0
0
0
0
0
0
0
0
0
0
0
0
0
0
0
-1
1
0
1
0
0
1
0
0
0
0
0
1
-1
0
0
0
0
0
1
0
0
-1
0
0
0
-1
1
0
0
1
-1
-1
0
0
0
0
0
0
0
0
0
0
0
-1
0
-1
0
0
0
0
0
0
1
0
-1
-1
0
0
0
-1
0
0
0
0
0
-1
0
0
0
0
-1
0
0
0
0
0
0
0
0
0
0
0
0
0
0
-1
0
0
0
0
0
0
0
0
0
1
0
0
0
0
0
0
0
0
0
0
0
0
0
0
0
0
0
0
0
0
0
-1
0
0
0
0
0
0
0
0
0
0
0
0
0
1
0
0
0
0
0
0
0
1
0
0
0
1
1
0
0
0
-1
1
1
0
0
0
0
0
0
0
1
0
0
0
1
0
0
0
0
0
-1
0
0
0
0
1
0
0
0
1
0
0
-1
-1
0
0
0
0
-1
0
0
0
0
0
0
0
0
0
1
0
1
0
0
0
0
0
0
1
-1
0
1
-1
0
0
0
0
0
0
0
-1
0
0
0
-1
0
-1
0
0
0
0
0
-1
0
0
1
0
0
0
-1
0
0
0
0
0
0
0
0
-1
-1
0
0
0
0
0
1
0
0
1
0
0
-1
0
0
0
0
0
0
0
0
0
1
0
1
0
0
1
-1
1
0
0
0
-1
-1
0
0
0
-1
0
-1
0
0
0
-1
0
0
0
0
1
0
0
0
0
0
0
1
0
1
0
0
0
0
0
0
1
0
0
0
1
1
0
0
0
0
0
0
0
0
-1
1
0
0
0
0
0
0
0
1
0
0
-1
0
0
0
-1
-1
0
0
1
0
-1
0
0
0
0
0
0
-1
-1
0
0
-1
1
0
1
0
0
0
0
0
0
1
0
-1
0
-1
0
0
0
0
0
1
-1
0
0
0
0
0
0
0
0
0
0
0
0
0
0
0
0
-1
0
0
-1
0
0
-1
0
0
0
0
0
0
0
0
1
0
0
-1
1
0
0
-1
-1
0
0
0
1
-1
0
0
0
-1
1
0
0
0
1
-1
0
0
0
0
0
0
0
0
0
0
0
-1
0
0
0
0
0
0
0
1
0
0
1
-1
0
0
-1
1
0
0
0
0
0
0
0
0
0
0
0
0
0
0
-1
0
0
0
0
0
0
0
-1
0
0
0
-1
0
0
-1
0
0
0
0
0
0
1
1
-1
0
0
0
0
0
0
0
0
0
0
1
0
0
0
0
-1
0
0
0
1
0
0
0
0
0
0
1
0
0
0
0
0
-1
0
-1
1
0
1
0
0
1
0
0
1
0
0
0
1
-1
-1
1
0
0
0
-1
0
0
1
0
0
0
0
0
0
-1
1
0
0
-1
0
0
1
1
-1
0
0
0
0
0
0
0
0
0
-1
1
0
0
1
0
0
0
0
1
-1
0
0
0
0
-1
0
0
0
-1
0
0
0
0
-1
-1
0
-1
1
0
0
1
0
0
0
0
0
0
0
0
-1
0
0
0
1
0
1
0
0
0
0
-1
0
0
1
1
0
0
0
-1
-1
0
0
0
-1
0
0
1
0
1
0
0
1
0
0
1
0
0
0
0
0
0
0
0
0
0
0
-1
1
0
0
0
0
0
0
0
0
-1
0
-1
0
-1
0
0
0
0
0
-1
0
0
0
0
0
0
0
0
0
-1
0
0
0
-1
1
1
-1
0
0
0
0
0
0
0
0
0
0
0
0
0
0
0
0
0
0
0
0
0
0
-1
0
0
0
0
-1
0
-1
0
0
0
0
0
-1
0
0
-1
0
0
0
1
0
0
0
0
0
0
1
0
0
0
0
0
1
0
0
0
1
1
0
0
0
0
0
0
0
0
1
1
1
0
0
-1
0
0
0
-1
-1
0
0
0
0
1
0
0
0
0
0
0
0
0
0
0
0
0
0
0
0
0
1
1
1
0
-1
0
0
0
0
0
0
1
-1
-1
0
0
0
0
0
1
0
-1
0
0
0
0
0
0
0
0
-1
0
0
0
0
1
0
0
0
0
0
-1
1
1
0
0
0
0
1
0
0
0
0
0
0
0
0
0
0
0
0
1
0
0
0
0
0
0
1
0
0
0
0
0
0
0
0
0
0
1
0
-1
0
0
0
0
-1
0
0
0
0
0
0
-1
0
0
-1
0
0
0
-1
1
0
0
0
0
0
0
0
0
0
0
0
0
0
-1
0
0
0
0
0
0
0
0
0
0
0
1
0
0
0
0
-1
0
-1
0
0
0
0
1
0
0
0
0
0
0
0
0
0
-1
0
0
1
0
0
0
0
0
0
0
1
0
0
0
0
0
0
-1
0
1
0
0
0
0
0
0
0
0
-1
0
0
0
0
0
0
0
0
1
0
-1
0
1
0
0
-1
0
0
0
0
-1
0
0
0
0
1
0
0
0
0
0
0
0
0
-1
0
0
0
0
0
0
0
0
0
1
0
0
0
0
0
1
0
0
1
0
1
-1
0
0
0
0
0
0
0
0
0
0
-1
-1
0
0
0
0
0
0
0
0
0
0
-1
0
-1
0
0
0
0
0
0
-1
0
0
0
0
0
0
0
0
0
0
0
0
0
0
0
0
0
1
1
0
-1
0
0
0
0
0
0
0
0
0
0
0
0
0
0
0
0
1
0
0
0
0
0
1
0
0
0
0
0
0
0
-1
-1
0
0
0
0
0
-1
-1
0
0
0
-1
1
0
0
-1
0
0
0
0
0
0
0
0
0
0
0
0
0
0
0
0
1
0
0
-1
0
0
0
0
0
1
1
0
0
-1
-1
0
0
0
0
-1
0
0
0
0
0
1
0
0
0
0
1
0
0
0
0
0
0
-1
0
0
0
0
0
0
1
0
0
0
0
0
0
-1
-1
0
-1
0
0
0
0
0
0
0
0
0
0
0
0
0
0
-1
0
0
0
0
1
0
0
0
0
0
0
0
0
0
0
-1
1
-1
0
0
0
0
0
0
0
0
1
0
1
0
0
0
1
-1
0
0
0
0
0
0
0
0
0
0
-1
0
0
0
0
1
1
0
1
0
0
0
0
0
0
0
0
0
0
-1
-1
-1
-1
0
0
0
0
0
-1
0
0
0
0
0
-1
0
-1
0
1
0
0
1
0
0
-1
0
-1
0
0
0
-1
0
1
-1
0
0
0
0
-1
0
1
0
-1
1
1
0
1
-1
0
0
1
0
0
-1
1
0
0
1
0
0
0
0
1
0
0
0
0
1
0
-1
0
-1
0
1
0
1
-1
0
1
0
0
0
0
0
-1
0
0
0
0
0
0
0
0
0
0
-1
0
1
0
1
0
-1
0
0
1
0
0
0
0
0
0
-1
0
-1
0
0
0
0
0
0
0
1
0
1
0
0
0
0
0
-1
0
0
0
0
0
-1
0
0
0
0
0
0
1
0
0
0
0
1
-1
0
0
0
0
0
0
0
0
-1
0
1
0
0
0
0
0
0
0
0
0
0
0
0
0
0
0
-1
1
0
0
0
-1
0
0
0
1
0
0
0
-1
0
0
0
0
1
1
0
1
0
0
-1
0
-1
0
0
0
0
0
0
0
0
0
0
0
0
0
1
0
0
0
0
0
0
0
0
0
0
0
0
0
0
0
0
0
0
1
0
0
0
1
0
0
0
0
0
0
0
0
1
1
0
0
1
0
-1
0
0
0
1
0
0
-1
1
0
-1
-1
0
0
0
0
0
1
0
1
0
0
0
1
0
-1
0
-1
0
0
-1
0
0
0
-1
0
0
0
0
0
0
0
0
1
-1
0
0
0
0
-1
0
0
0
0
0
1
0
0
0
0
0
0
0
0
1
1
0
0
0
0
0
0
0
0
0
1
0
-1
0
0
0
0
0
0
0
0
0
0
1
0
1
0
1
0
0
0
0
0
0
0
0
0
0
0
0
-1
0
0
0
-1
0
-1
0
0
0
0
0
0
0
-1
1
0
1
0
0
0
0
1
1
0
-1
0
1
-1
0
0
0
0
0
0
0
0
0
0
0
0
0
1
-1
0
0
0
0
0
0
0
-1
0
-1
0
0
0
0
0
-1
0
1
0
0
0
1
0
0
0
0
0
0
0
0
0
0
0
0
0
0
1
0
1
0
-1
-1
-1
0
0
0
0
0
0
0
-1
0
0
1
-1
0
1
0
0
0
0
0
0
0
-1
0
0
0
0
0
0
0
0
0
0
0
0
0
0
0
-1
0
0
0
0
0
1
1
2
3
2
2
2
2
2
1
0
0
-1
-1
-1
0
-2
-2
-2
-3
-3
-4
-4
-5
-7
-7
-7
-10
-11
-12
-11
-10
-9
-9
-13
-15
-13
-10
-7
-7
-7
-6
-3
-2
-2
-1
1
5
3
0
-4
-5
-4
2
7
14
20
22
18
11
4
2
2
3
3
5
5
5
4
2
4
6
6
4
0
-4
-7
-5
-1
7
15
20
14
4
-5
-7
-5
0
5
11
18
24
28
28
25
24
26
29
27
17
3
-3
2
12
21
21
17
15
12
8
2
-5
-5
-2
-2
-9
-21
-35
-42
-40
-31
-23
-19
-26
-34
-36
-32
-27
-27
-31
-32
-26
-20
-21
-27
-28
-20
-9
-6
-15
-23
-21
-8
7
18
21
19
17
9
2
-2
-4
-1
2
4
4
4
2
0
1
6
9
5
-5
-16
-20
-17
-8
1
6
8
5
-2
-9
-11
-8
-2
6
14
17
17
18
22
32
43
50
54
51
41
28
20
23
33
40
39
30
26
30
41
49
52
49
42
29
5
-20
-34
-31
-17
-9
-12
-20
-27
-31
-25
-18
-10
-10
-21
-39
-52
-53
-43
-33
-30
-32
-36
-39
-41
-39
-25
0
22
26
11
-11
-25
-25
-14
-4
3
4
-1
-9
-16
-11
-1
7
8
-1
-14
-22
-23
-19
-13
-7
-4
-9
-18
-34
-44
-45
-35
-20
-10
-8
-9
-5
4
12
10
0
-8
-8
4
16
26
34
43
47
47
42
34
26
24
30
41
54
59
57
53
56
61
58
40
15
2
3
8
4
-5
-5
7
22
24
12
-6
-12
-8
-4
-6
-15
-25
-35
-40
-43
-40
-29
-15
0
10
10
-1
-16
-22
-14
7
21
15
-7
-28
-37
-29
-14
-2
3
2
-3
-15
-24
-26
-16
2
16
11
-14
-47
-70
-70
-56
-39
-30
-35
-41
-44
-37
-21
2
21
24
6
-26
-59
-71
-58
-26
12
39
48
40
24
13
18
32
50
59
56
44
26
11
8
26
56
82
88
75
54
35
21
9
5
10
25
37
37
25
16
18
29
37
32
16
-8
-30
-46
-53
-43
-20
7
26
29
17
1
-12
-17
-15
-14
-17
-26
-41
-54
-58
-47
-20
12
33
27
-1
-39
-62
-64
-44
-19
0
0
-13
-38
-64
-79
-77
-55
-21
11
24
15
-9
-34
-48
-45
-30
-13
0
4
-1
-12
-21
-26
-16
4
32
59
75
75
55
24
-4
-18
-12
8
32
52
68
76
77
65
46
34
34
40
38
24
5
0
14
39
60
66
56
37
17
-5
-25
-31
-24
-3
18
27
19
3
-6
-7
-6
-11
-29
-49
-62
-61
-47
-27
-6
7
8
-9
-39
-70
-89
-84
-61
-31
-10
-9
-24
-44
-57
-59
-51
-41
-33
-31
-31
-30
-29
-29
-30
-24
-13
6
15
8
-13
-33
-42
-35
-23
-9
10
39
72
92
81
40
-12
-41
-36
-5
31
58
71
73
65
48
28
19
27
52
76
81
61
33
16
16
33
52
60
53
36
15
1
-1
13
40
67
81
76
50
11
-28
-56
-62
-49
-21
6
20
22
18
13
7
-3
-20
-37
-47
-51
-54
-61
-69
-71
-55
-26
0
11
3
-18
-43
-69
-90
-103
-98
-72
-33
1
17
10
-11
-35
-52
-65
-72
-70
-56
-33
-10
6
13
13
13
11
6
-5
-16
-26
-25
-16
0
18
36
52
61
60
46
23
3
-9
-2
23
60
94
108
98
65
25
-6
-16
-4
24
57
82
92
84
58
34
22
31
51
64
55
22
-19
-46
-48
-25
14
52
76
79
55
9
-41
-74
-76
-50
-17
0
-9
-36
-60
-66
-55
-32
-9
1
-5
-28
-66
-104
-124
-111
-69
-17
18
19
-9
-50
-86
-101
-91
-63
-27
3
14
5
-20
-46
-58
-48
-19
18
45
53
37
8
-20
-35
-28
-2
31
60
75
74
61
42
27
25
38
63
81
81
62
34
11
6
19
44
71
88
92
81
54
26
5
4
18
34
39
24
1
-16
-19
-5
14
29
31
17
-14
-46
-72
-77
-59
-27
3
12
-6
-41
-78
-98
-96
-73
-46
-31
-33
-51
-71
-80
-73
-52
-27
-12
-16
-37
-69
-96
-100
-76
-28
20
45
36
2
-39
-62
-57
-30
12
51
74
75
53
19
-8
-11
10
43
70
76
65
48
39
45
62
83
99
104
94
68
37
12
8
23
49
71
80
72
57
43
32
27
27
28
25
13
-3
-20
-27
-25
-15
-5
-3
-8
-22
-41
-58
-67
-65
-53
-39
-31
-37
-52
-68
-77
-79
-75
-69
-65
-62
-61
-65
-69
-70
-60
-39
-18
-9
-16
-34
-52
-60
-56
-42
-23
-2
14
24
21
10
3
6
24
42
53
50
37
23
21
29
46
67
84
88
78
56
32
20
28
53
79
95
94
76
51
28
16
19
31
45
49
38
17
-2
-12
-6
11
26
31
22
2
-24
-45
-55
-53
-38
-25
-21
-30
-45
-59
-63
-56
-42
-29
-23
-28
-40
-58
-73
-79
-75
-60
-42
-29
-26
-27
-30
-30
-24
-18
-10
-7
-9
-16
-24
-27
-22
-7
14
31
41
40
31
18
10
9
16
29
42
49
50
42
35
31
33
40
45
46
40
31
21
18
21
32
43
48
44
30
12
-3
-9
-5
2
10
11
4
-7
-16
-18
-15
-6
1
3
-6
-20
-34
-44
-45
-39
-29
-23
-21
-25
-31
-33
-29
-21
-12
-7
-10
-18
-31
-41
-43
-36
-22
-8
1
4
1
-3
-6
-5
1
7
12
13
9
4
1
2
9
18
27
30
26
19
10
5
8
17
28
36
39
33
23
10
2
0
7
14
20
18
11
3
-1
0
8
15
20
17
8
-6
-19
-25
-21
-10
1
6
2
-10
-22
-28
-25
-13
2
12
13
2
-14
-29
-37
-32
-18
-4
4
5
-3
-11
-16
-13
-5
6
12
11
5
-5
-13
-14
-7
4
14
16
9
-3
-11
-12
-3
10
22
30
28
18
2
-12
-19
-18
-8
4
13
15
13
7
2
-1
-1
1
2
3
1
-2
-7
-12
-12
-8
0
5
6
3
-3
-8
-11
-11
-8
-2
4
7
5
-1
-8
-10
-5
2
11
11
6
-4
-14
-17
-12
1
16
27
30
22
8
-8
-15
-14
-4
7
11
10
5
1
2
7
13
16
13
5
-3
-8
-7
-2
6
11
6
-5
-17
-20
-14
4
20
26
19
3
-15
-25
-26
-17
-6
0
-1
-6
-11
-10
1
17
26
18
-4
-31
-48
-45
-21
12
38
45
28
0
-28
-38
-29
-4
22
33
22
-4
-28
-36
-20
10
35
44
29
0
-27
-35
-25
-1
24
34
21
-4
-29
-37
-22
10
39
52
36
2
-33
-50
-43
-16
16
37
38
23
0
-17
-20
-9
8
20
17
3
-13
-20
-13
3
19
24
18
5
-8
-14
-10
2
14
21
16
3
-11
-18
-15
-2
13
22
23
19
11
5
0
-4
-8
-10
-8
-3
5
15
23
24
21
12
0
-11
-16
-14
-8
-3
0
1
2
4
7
8
3
-5
-15
-21
-22
-19
-14
-9
-9
-11
-16
-20
-20
-13
-4
1
-3
-15
-29
-40
-39
-30
-18
-8
-5
-7
-11
-13
-13
-10
-8
-9
-16
-27
-35
-35
-25
-8
9
15
11
-4
-18
-25
-24
-15
-6
-3
-6
-14
-22
-25
-19
-10
1
6
3
-7
-18
-25
-23
-18
-13
-13
-17
-22
-24
-17
-7
4
12
13
3
-9
-22
-28
-26
-15
-2
8
11
12
13
15
19
22
21
17
11
5
2
4
12
22
33
40
40
38
34
32
32
33
31
28
22
17
15
18
24
31
38
42
42
37
29
22
17
14
13
12
10
9
12
15
21
27
29
28
26
19
13
9
7
9
10
11
11
10
11
16
22
29
34
31
25
16
9
6
7
11
16
18
16
12
10
12
18
24
27
23
11
-4
-14
-19
-14
-6
2
4
-2
-12
-20
-24
-19
-12
-5
-8
-18
-33
-45
-50
-46
-34
-24
-18
-23
-32
-42
-44
-40
-31
-22
-20
-24
-34
-44
-48
-43
-32
-21
-15
-15
-21
-27
-29
-25
-18
-11
-10
-13
-20
-26
-28
-27
-21
-16
-14
-15
-18
-19
-16
-14
-11
-11
-16
-23
-29
-32
-32
-29
-28
-27
-30
-30
-30
-24
-17
-11
-10
-15
-25
-33
-38
-36
-30
-23
-19
-17
-18
-17
-12
0
11
17
18
9
-2
-11
-14
-9
2
12
19
21
21
24
31
42
52
55
49
37
23
14
13
21
33
43
48
48
46
47
54
62
67
66
56
40
24
16
18
31
45
56
59
57
50
47
47
54
59
58
50
35
20
12
16
29
45
58
62
56
42
30
24
24
28
32
29
20
7
-1
-3
4
17
29
33
26
9
-11
-29
-37
-36
-30
-24
-21
-27
-36
-43
-45
-39
-30
-24
-26
-37
-58
-80
-94
-98
-89
-75
-59
-52
-52
-59
-64
-66
-61
-52
-47
-47
-60
-76
-92
-97
-90
-72
-49
-30
-19
-19
-25
-31
-31
-24
-16
-11
-11
-20
-32
-40
-38
-26
-5
17
34
40
38
31
26
25
30
37
39
36
29
21
19
22
33
50
64
73
75
72
66
61
58
58
57
57
54
49
46
45
47
51
55
61
64
64
61
56
48
41
33
30
30
30
31
30
24
16
9
5
4
7
9
7
2
-11
-20
-28
-27
-21
-13
-9
-15
-28
-43
-57
-62
-58
-49
-41
-41
-46
-55
-61
-59
-48
-34
-25
-27
-40
-59
-76
-83
-78
-65
-52
-44
-45
-48
-50
-45
-30
-14
-2
-3
-15
-35
-51
-59
-53
-38
-23
-12
-8
-9
-8
0
14
29
38
36
23
4
-12
-16
-12
3
16
26
28
28
30
37
48
59
60
53
37
19
8
8
17
30
39
40
34
28
26
33
43
52
50
37
16
-2
-9
-3
15
30
36
26
8
-10
-19
-13
1
14
16
3
-18
-36
-42
-31
-9
9
15
3
-23
-49
-64
-62
-47
-28
-18
-23
-36
-49
-54
-44
-27
-11
-5
-14
-35
-56
-70
-71
-61
-46
-35
-33
-34
-35
-32
-24
-15
-9
-9
-14
-23
-31
-34
-34
-32
-31
-28
-24
-16
-6
7
16
18
14
8
4
3
9
14
15
10
0
-7
-6
7
26
43
53
49
38
26
21
27
38
47
46
35
19
8
9
24
47
65
74
66
47
30
23
28
40
51
52
42
27
14
12
24
45
65
74
69
51
28
12
6
12
25
37
41
35
23
11
10
17
34
50
57
50
30
3
-19
-26
-18
3
24
34
29
12
-8
-17
-10
10
30
38
26
-3
-33
-53
-51
-30
-2
16
16
-2
-26
-41
-40
-21
0
12
4
-19
-47
-65
-63
-46
-24
-9
-12
-27
-44
-53
-48
-32
-16
-12
-23
-44
-63
-70
-62
-44
-27
-20
-26
-40
-51
-52
-43
-29
-20
-21
-35
-52
-63
-62
-50
-34
-20
-16
-18
-27
-32
-32
-28
-21
-20
-22
-28
-34
-35
-31
-23
-15
-10
-7
-6
-5
-2
1
1
-1
-7
-11
-11
-6
1
9
13
11
7
5
5
11
20
27
29
28
24
19
17
20
25
30
34
32
28
25
24
25
29
35
42
46
48
49
45
39
34
30
28
30
34
38
40
40
38
37
39
42
46
48
47
40
32
23
18
20
25
32
37
38
37
34
30
27
24
22
18
13
10
10
11
15
18
19
17
14
12
11
12
11
6
-2
-12
-20
-22
-17
-7
5
13
12
3
-11
-22
-27
-25
-17
-10
-9
-16
-28
-38
-41
-35
-22
-7
2
-1
-15
-34
-49
-55
-48
-33
-16
-8
-10
-23
-39
-48
-45
-34
-19
-8
-8
-20
-37
-51
-56
-45
-27
-8
2
-1
-14
-29
-39
-40
-32
-19
-9
-6
-12
-22
-29
-31
-23
-10
1
7
7
-1
-9
-16
-18
-17
-10
-2
2
4
4
2
0
1
3
7
12
15
15
11
6
1
-1
2
9
16
22
23
20
16
13
13
17
20
22
19
14
9
8
13
20
25
27
23
16
11
11
16
23
27
24
14
3
-2
2
14
28
34
30
16
0
-8
-5
10
25
34
28
12
-5
-15
-11
6
23
33
28
9
-10
-22
-18
-2
17
27
21
6
-12
-21
-17
-4
10
16
9
-5
-18
-24
-17
-3
8
9
1
-11
-20
-20
-11
-1
4
-3
-17
-28
-32
-22
-6
8
9
-1
-19
-32
-34
-22
-4
9
6
-11
-33
-46
-43
-23
3
19
16
-3
-27
-43
-42
-23
1
15
11
-10
-35
-48
-41
-18
10
26
21
-1
-27
-41
-38
-17
6
18
13
-7
-29
-38
-29
-7
18
29
21
1
-20
-31
-25
-7
11
20
14
-1
-16
-22
-13
4
20
26
20
5
-9
-15
-11
1
12
16
13
6
-1
-2
2
9
15
16
14
9
6
4
4
5
5
6
8
11
15
16
14
9
5
3
5
11
17
17
14
5
-4
-5
2
14
22
23
16
4
-7
-8
0
13
22
21
12
-2
-10
-10
1
14
22
19
9
-5
-13
-10
2
13
19
14
2
-9
-13
-8
3
13
15
8
-3
-12
-13
-6
5
12
11
4
-7
-11
-10
-2
7
9
5
-4
-10
-13
-7
2
7
8
1
-6
-11
-9
-2
4
5
3
-4
-9
-11
-6
0
6
5
1
-6
-8
-7
-1
3
5
2
-3
-6
-7
-2
3
5
3
-1
-6
-5
-2
2
5
5
0
-5
-7
-4
3
7
7
3
-4
-9
-9
-2
6
9
7
-1
-8
-11
-6
2
11
12
7
-3
-12
-12
-7
5
12
12
5
-6
-13
-12
-3
8
13
12
2
-8
-14
-13
-4
7
13
11
3
-6
-10
-8
-1
6
10
7
0
-7
-9
-7
-1
5
7
6
1
-1
-3
-2
0
1
1
-1
-2
-1
0
2
1
0
-2
-2
1
4
6
5
0
-7
-10
-8
-2
5
10
8
3
-4
-8
-8
-1
6
10
8
-1
-9
-13
-10
-2
7
12
11
3
-4
-7
-7
-3
4
5
4
0
-5
-7
-5
-1
4
7
6
4
1
-2
-3
-4
-4
-3
-2
1
1
2
2
1
-1
-1
0
2
4
3
1
-4
-8
-8
-5
1
6
8
6
2
-3
-5
-3
-1
2
3
1
-3
-6
-6
-4
1
7
9
8
4
0
-4
-6
-5
-3
1
2
2
0
-3
-3
-2
2
5
9
7
2
-4
-9
-11
-7
0
6
9
6
0
-5
-6
-3
5
11
10
4
-6
-14
-16
-10
2
12
16
10
1
-8
-12
-6
2
9
13
5
-6
-15
-17
-10
2
13
18
13
3
-7
-13
-11
-4
5
9
7
0
-8
-12
-10
-2
8
15
15
8
-3
-11
-14
-12
-4
5
9
8
2
-5
-8
-5
1
9
12
10
1
-8
-14
-14
-7
3
10
12
6
-1
-6
-5
-2
6
8
5
-1
-9
-12
-9
-1
5
9
8
2
-2
-2
0
4
5
3
-5
-10
-12
-7
1
9
13
8
0
-6
-8
-3
5
11
8
-1
-10
-18
-15
-4
8
18
18
10
-3
-13
-14
-7
4
11
10
3
-8
-15
-14
-4
9
18
19
10
-2
-13
-17
-12
-3
7
11
8
0
-8
-9
-6
2
11
14
9
0
-10
-15
-14
-5
5
11
12
5
-2
-8
-7
-2
5
9
7
0
-8
-13
-10
-3
7
12
10
4
-5
-8
-7
-1
6
7
5
-2
-9
-9
-5
2
9
10
6
-2
-7
-8
-4
2
7
7
3
-3
-7
-7
-2
2
6
6
2
-3
-5
-3
0
4
4
3
-1
-4
-3
-2
-1
2
1
1
1
2
3
3
1
-1
-4
-5
-3
-1
3
3
2
-1
-3
-2
2
5
7
4
0
-7
-10
-9
-3
4
8
7
3
-2
-4
-3
1
5
5
2
-4
-8
-9
-5
2
7
9
6
2
-2
-5
-3
1
2
1
-3
-5
-6
-3
3
7
9
5
0
-5
-6
-4
0
2
2
-1
-4
-4
-3
2
6
8
5
-1
-5
-8
-6
-3
1
3
3
1
0
0
1
2
3
1
-1
-3
-3
-2
-1
0
0
1
1
3
4
4
2
-2
-7
-7
-5
2
6
7
4
-1
-5
-5
-1
5
8
6
-1
-8
-11
-9
-1
9
13
10
2
-7
-11
-7
0
7
10
4
-5
-11
-11
-4
7
14
13
5
-6
-14
-13
-4
6
11
9
1
-8
-11
-6
3
12
14
7
-4
-13
-15
-8
2
11
13
7
-3
-10
-10
-2
6
11
9
1
-9
-14
-11
-2
8
13
10
3
-5
-10
-8
-1
4
6
3
-2
-6
-7
-2
4
7
6
3
-1
-3
-4
-3
-1
1
0
-1
-1
0
3
4
4
1
-3
-6
-4
0
4
4
1
-1
-5
-5
0
5
8
7
1
-6
-9
-9
-2
5
8
7
3
-4
-7
-6
0
6
8
5
-2
-7
-10
-5
0
6
9
7
1
-6
-6
-5
-1
4
5
2
-1
-5
-6
-2
2
5
6
3
-2
-5
-7
-4
-1
3
5
4
2
-2
-4
-3
0
3
5
4
1
-4
-7
-7
-3
3
8
9
6
-2
-8
-10
-6
1
9
11
6
-2
-11
-13
-7
4
12
15
9
-3
-14
-17
-10
3
14
18
11
-3
-14
-18
-11
4
17
19
10
-5
-18
-19
-10
6
18
19
9
-6
-18
-19
-8
7
18
18
8
-8
-19
-17
-5
9
18
15
4
-10
-17
-15
-3
10
17
13
1
-11
-17
-12
1
12
16
10
-3
-14
-16
-8
4
14
16
7
-6
-15
-15
-6
8
16
14
5
-9
-16
-14
-3
9
18
14
4
-11
-17
-15
-2
11
19
15
3
-11
-19
-16
-4
11
19
16
4
-11
-19
-17
-4
10
19
17
5
-10
-20
-18
-6
9
19
18
7
-8
-18
-18
-8
6
17
18
10
-4
-15
-18
-11
3
14
18
12
-1
-13
-17
-12
-1
10
17
13
3
-9
-16
-13
-4
7
15
14
6
-6
-13
-13
-7
4
12
13
7
-3
-10
-12
-6
2
9
11
7
-1
-7
-9
-7
0
6
7
4
0
-4
-6
-3
0
2
2
0
0
-1
0
1
2
0
-3
-4
-2
1
5
6
4
-2
-8
-9
-4
3
9
11
7
-3
-11
-14
-7
3
13
15
8
-3
-13
-17
-9
2
14
17
11
-2
-14
-19
-11
2
15
18
12
-1
-14
-18
-11
1
13
17
12
0
-12
-16
-11
-1
10
14
10
1
-8
-12
-9
-2
7
11
9
1
-6
-10
-8
-1
4
8
6
1
-4
-6
-5
-1
4
5
3
-1
-3
-5
-2
0
4
3
1
-2
-4
-3
1
4
5
3
-1
-5
-6
-3
2
6
8
3
-3
-8
-9
-4
3
9
10
5
-3
-10
-11
-6
3
11
13
6
-3
-12
-13
-8
3
12
14
9
-2
-12
-15
-9
2
12
15
10
-1
-12
-14
-10
1
11
15
9
-1
-11
-14
-10
0
9
13
8
-2
-10
-13
-8
1
10
11
7
-2
-10
-12
-6
3
10
9
4
-4
-11
-10
-2
6
11
8
1
-8
-12
-8
1
9
13
9
-2
-11
-14
-8
3
13
15
9
-4
-15
-16
-8
5
17
18
9
-6
-17
-19
-10
5
19
20
10
-5
-19
-21
-11
6
20
21
11
-6
-19
-20
-11
5
19
21
11
-4
-18
-20
-12
5
19
20
11
-5
-17
-19
-10
5
16
17
9
-5
-15
-16
-7
5
14
13
6
-5
-12
-12
-4
5
11
10
3
-6
-10
-8
0
7
10
5
-1
-8
-8
-3
4
8
7
1
-5
-8
-7
1
7
9
5
-1
-9
-10
-5
4
10
11
4
-5
-12
-11
-4
6
12
11
4
-7
-13
-12
-3
8
13
11
3
-8
-14
-11
-3
8
14
11
2
-8
-14
-11
-2
8
14
10
2
-8
-13
-10
-2
8
12
10
2
-8
-11
-10
-2
7
10
9
2
-6
-9
-8
-2
5
8
8
2
-5
-9
-7
-2
4
8
7
2
-4
-7
-7
-3
2
6
6
3
-1
-5
-5
-3
1
4
5
3
0
-4
-4
-3
0
3
4
3
1
-2
-3
-2
0
2
3
2
1
-1
-2
-1
0
1
2
2
0
-1
-1
0
0
1
1
0
0
0
0
1
2
1
-1
-2
-3
-1
2
3
3
1
-1
-4
-5
-2
2
5
5
1
-3
-5
-6
-1
3
7
6
2
-4
-9
-7
-3
4
8
7
2
-5
-9
-9
-3
5
9
9
3
-5
-10
-9
-2
5
11
9
3
-5
-11
-9
-2
5
10
9
3
-5
-10
-8
-3
5
9
8
2
-4
-8
-7
-2
4
7
6
2
-3
-6
-5
-1
2
4
4
2
-2
-4
-4
-2
2
2
3
1
0
-1
-1
0
0
0
0
0
2
1
1
-1
-2
-3
-2
0
2
3
2
0
-3
-5
-4
-1
4
5
5
0
-4
-6
-5
-1
6
7
6
0
-5
-7
-5
1
6
8
5
0
-5
-8
-5
0
5
7
5
0
-6
-7
-4
0
5
6
5
0
-5
-6
-4
0
4
5
3
-1
-4
-4
-3
1
3
3
1
-1
-3
-2
0
0
2
1
1
-1
-1
0
1
1
0
-1
-2
-1
1
3
2
1
-1
-2
-3
0
2
3
3
0
-2
-5
-3
0
3
5
4
-1
-3
-5
-3
-1
3
6
4
0
-4
-5
-4
0
4
5
4
0
-4
-5
-4
0
4
5
4
0
-4
-4
-3
0
3
4
2
0
-3
-4
-3
0
3
4
3
0
-2
-3
-1
0
1
1
2
0
-1
-1
-1
-2
-1
-1
1
2
1
2
1
-1
-4
-2
1
3
3
4
2
-2
-6
-8
-2
7
8
4
2
-3
-11
-10
-2
8
14
9
-1
-8
-10
-11
-4
10
17
11
-3
-11
-12
-12
-1
14
17
6
-3
-9
-16
-13
5
17
10
0
0
-4
-13
-11
2
10
7
7
6
-4
-12
-11
-5
-1
13
21
5
-14
-13
-7
-9
2
20
17
1
-15
-14
-4
2
3
11
13
-5
-12
-1
2
-3
-4
8
9
-5
-8
6
9
-11
-11
5
7
3
-1
-3
5
6
-15
-18
15
19
-5
-11
9
16
-15
-31
6
26
-2
-2
22
-7
-29
-8
3
6
23
22
-8
-26
-22
0
15
10
16
8
-22
-21
5
3
-1
26
10
-33
-15
28
9
-30
-5
26
5
-12
-6
13
5
-14
-19
9
35
2
-32
-16
12
15
-8
11
12
-13
-27
-9
17
16
21
9
-39
-35
12
33
-8
4
43
-13
-61
-21
43
23
-22
15
30
-19
-55
0
42
-12
-16
35
40
-33
-62
7
25
-11
3
51
33
-54
-61
-9
34
25
10
37
1
-73
-48
37
38
-11
25
35
-37
-79
2
84
9
-68
8
87
-22
-110
18
104
-17
-99
28
107
-28
-96
-1
72
1
-44
24
31
-30
-34
9
8
8
53
-22
-71
4
59
8
-53
14
65
-17
-102
-11
140
1
-113
19
84
-18
-87
14
68
15
-45
-53
68
53
-63
-78
20
109
-7
-82
9
95
-18
-175
19
185
32
-128
-51
108
-9
-116
-2
139
85
-137
-87
72
44
-45
-41
78
50
-35
-62
-40
64
33
-44
-45
62
113
-96
-130
74
119
-66
-123
124
117
-111
-168
45
204
-37
-159
70
155
-53
-219
34
205
-15
-170
3
180
-23
-184
19
159
31
-129
-2
100
-57
-106
41
76
-36
26
71
-77
-91
65
103
-65
-96
120
89
-192
-131
198
123
-141
-42
129
43
-160
-81
150
61
-123
-30
127
-12
-134
40
129
-36
-108
44
125
-80
-172
92
169
-120
-118
140
138
-130
-152
121
121
-137
-121
115
130
-83
-96
66
90
-58
-91
75
75
-63
-103
50
67
-80
-31
108
97
-78
-112
94
16
-118
10
81
-4
-65
16
62
-1
-32
23
52
-32
-82
22
20
-51
-21
65
61
-55
-44
139
10
-137
-2
79
-24
-116
10
108
-22
-29
78
6
-65
20
81
-77
-114
76
83
-100
-79
91
167
-90
-160
131
167
-121
-198
49
154
-65
-112
35
148
59
-127
-88
76
112
-63
-136
15
163
-49
-203
68
222
20
-167
-36
149
-54
-105
29
25
-8
14
42
-51
-39
135
71
-155
-95
132
49
-185
-63
201
106
-132
-108
85
206
-114
-246
126
215
-114
-288
66
291
-21
-217
48
270
-79
-216
34
88
5
-117
-10
125
17
-61
-51
58
56
18
-63
-55
119
-23
-184
-9
147
35
-11
33
-20
19
-56
-97
68
60
12
-82
-80
129
72
-172
8
208
12
-172
-60
136
30
-184
25
147
-11
-63
-18
30
12
44
-54
-93
58
129
-65
-204
123
230
-140
-182
149
186
-153
-184
80
166
-105
-189
150
151
-88
-56
54
15
-7
-20
-62
36
12
-44
89
-71
-23
140
6
-96
-48
82
43
-162
-33
113
-8
-41
100
65
-94
-69
135
40
-192
-9
161
-14
-243
-13
322
42
-320
6
309
74
-412
-130
515
95
-530
-103
464
84
-404
-29
435
77
-421
-75
309
-79
-243
31
213
93
-139
18
69
-109
-46
42
87
-58
-44
153
-31
-199
18
140
3
-97
15
92
-8
-87
-18
73
50
-112
20
146
-138
-6
126
-94
-125
112
87
-83
-111
27
222
12
-305
-1
382
-63
-471
167
475
-197
-467
278
388
-269
-340
216
373
-315
-319
354
152
-321
-41
301
32
-330
174
219
-223
-153
124
232
-221
-218
338
117
-345
-38
276
15
-254
-18
276
-38
-228
133
187
-91
-251
111
138
-75
-38
-62
215
43
-295
78
46
22
-16
-114
103
160
-77
-195
81
159
-100
-82
35
179
100
-377
-136
375
-1
-294
55
253
-18
-170
-5
107
17
-82
-15
121
-87
-4
39
-203
152
175
-107
-154
211
106
-290
-77
100
78
63
-70
23
46
-27
6
-176
57
297
-101
-311
20
414
-172
-401
191
370
-205
-363
408
202
-447
-85
423
6
-339
28
227
-80
-120
124
55
-57
-28
91
-11
-273
128
263
-213
-44
229
-11
-268
21
248
-149
-110
152
49
-109
-19
24
31
-185
130
90
-127
32
-18
168
-169
-45
135
33
-34
-151
167
95
-164
-42
116
-50
-16
62
-18
35
-5
-33
23
-133
55
212
-226
-139
345
32
-333
16
211
-102
-175
77
228
-73
-153
97
47
-96
-104
235
-39
-179
206
121
-218
17
118
10
-136
-191
338
88
-225
2
43
102
-92
-343
337
333
-390
-177
268
142
-342
-172
322
192
-320
-94
302
109
-366
-93
373
-95
-227
245
46
-90
-5
-6
186
-143
-189
277
3
-174
25
44
217
-123
-317
289
90
-314
-60
282
215
-477
-35
460
-250
-163
166
-11
19
-108
-10
104
-20
47
-73
82
80
-121
-62
67
44
-56
-59
178
175
-240
-155
174
100
-171
-185
407
28
-449
54
356
-14
-375
103
276
-206
-232
195
96
34
-252
114
259
-242
-42
-47
222
-18
-293
248
170
-120
-157
60
255
-245
-94
226
-89
-1
76
-118
97
3
-142
54
-33
133
-126
-31
188
-202
-44
94
24
14
-121
161
-18
-225
221
19
-164
104
-26
99
-39
-46
203
-188
-111
115
168
-111
-198
289
-59
-134
188
-140
58
53
-300
128
129
-87
36
25
-11
-70
-20
-71
122
103
-202
-34
240
-156
2
70
25
78
-265
124
115
-127
103
-97
36
249
-323
13
129
63
-191
-44
300
-234
93
-81
-84
295
-282
-4
206
-240
107
67
-70
-35
4
83
-51
16
29
-28
-73
-53
189
87
-192
46
147
-29
-214
-11
201
67
-256
65
186
-96
15
18
-161
79
71
-383
363
345
-475
-198
366
35
-400
126
403
-130
-270
93
134
-165
-143
353
59
-366
200
217
-348
-21
241
10
-80
-45
-35
8
207
-115
-308
285
294
-376
-197
432
43
-479
42
442
-206
-256
204
206
-230
-25
281
-311
-165
383
43
-432
212
409
-295
-292
269
97
-283
52
361
-117
-324
364
-27
-407
101
296
-143
-116
378
-31
-345
-38
79
124
-19
-65
89
-115
46
134
-161
-98
272
-11
-350
334
-25
-223
118
96
13
-253
224
167
-318
-34
281
-18
-412
213
448
-392
-314
401
139
-175
-302
165
419
-283
-274
475
-5
-685
230
541
-175
-340
164
240
-85
-262
-56
379
-18
-472
206
329
-104
-247
-21
382
-151
-299
54
368
-43
-367
112
162
-57
-105
115
20
-195
51
208
-79
-217
130
153
-235
-106
214
143
-321
-73
335
-13
-222
-151
234
178
-465
-3
219
-23
63
-155
39
-30
-60
-45
-113
195
104
-194
-135
66
113
-247
-28
269
-70
-126
33
-95
-120
118
121
-139
-84
308
-68
-419
139
352
-219
-161
432
-72
-341
48
118
77
0
94
128
-263
22
255
-141
18
145
97
-182
110
311
-315
-54
441
68
-356
-6
434
-2
-393
296
322
-244
-59
253
-3
-169
79
203
125
-6
-123
-122
144
161
-134
-50
348
102
-452
-51
393
-139
-211
325
268
-328
-356
279
245
-224
-205
433
97
-584
134
273
-309
-116
294
41
-236
-95
166
-66
-207
146
-10
-143
17
-3
-36
-144
109
-29
-282
58
35
-59
-128
-73
42
-100
-70
-25
-23
-55
-186
-82
135
-32
-191
38
-63
-134
-77
-44
79
-95
-124
-37
46
-25
-200
37
93
-130
-87
101
112
-118
-187
77
148
-79
-23
155
14
-185
71
264
-181
-161
316
195
-216
133
420
-215
-309
229
253
37
168
117
-1
56
-45
93
86
38
126
78
212
96
-53
-39
113
154
-62
95
210
-38
21
135
72
-22
-20
44
-20
29
85
-1
56
119
-43
-84
-66
26
88
-119
35
157
-43
-105
9
25
-244
-108
191
45
-86
-88
-33
-34
-147
30
-27
-42
-11
-127
56
-42
-178
-98
46
26
-88
-52
-47
-146
-83
-11
-80
-66
5
67
-64
-166
-131
24
10
-166
-83
146
41
-193
-160
61
9
-202
-139
118
66
-230
-17
156
24
-208
-110
58
-47
-42
86
89
41
-35
-36
-121
-46
146
15
80
105
-38
-32
129
70
-53
52
97
-82
37
281
70
-68
80
157
30
-105
46
170
103
48
77
114
73
-14
-42
95
104
20
55
104
92
29
-68
7
124
39
-101
59
190
-85
0
222
51
-95
40
148
-50
-26
114
47
24
91
-14
-144
14
5
-91
141
155
-93
-87
94
-16
-187
3
126
-101
-146
115
56
-219
-60
17
-131
-214
-41
85
-114
-122
-103
-48
-149
-195
-48
-89
-14
-38
-163
-63
-38
-251
-384
-153
20
-168
-262
-89
-84
-297
-228
-84
-120
-271
-387
-329
-249
-171
-264
-227
-114
-265
-297
-212
-157
-106
-129
-129
-133
-53
-42
-45
-19
-60
54
92
113
223
218
296
394
430
386
413
504
444
543
715
775
758
699
782
816
751
822
806
824
897
915
844
682
757
653
505
509
600
479
224
421
417
37
48
123
-48
-117
-109
-78
-285
-272
-201
-352
-338
-390
-449
-422
-424
-475
-494
-418
-401
-542
-526
-482
-522
-551
-519
-456
-531
-527
-558
-629
-730
-740
-589
-726
-839
-781
-786
-902
-1043
-950
-919
-1198
-1113
-1044
-1099
-1148
-1295
-1083
-1085
-1149
-1107
-1210
-1105
-1127
-1105
-833
-853
-86
653
1038
715
-243
35
692
1400
1955
2268
2411
1538
1272
1912
2112
2062
1777
2216
2551
1930
1886
1744
1536
820
170
367
347
619
482
-279
-1019
-1766
-1728
-1435
-1670
-1809
-2088
-1720
-1369
-1425
-1143
-1366
-1531
-1228
-471
374
1598
2353
1908
470
266
1876
2654
2648
2778
3114
2474
1052
1835
3029
2243
668
626
2514
2016
29
-486
52
280
-1159
-1394
-423
-630
-1669
-2634
-1881
-1332
-2016
-2046
-2030
-1707
-1792
-1966
-1268
-911
-781
-963
-1106
-334
231
171
-414
-695
21
148
-292
-308
-267
-625
-1355
-1358
-654
-734
-1359
-1715
-1757
-1578
-1990
-1901
-11
781
265
-1709
-2139
-453
42
704
1285
1854
1451
42
970
1756
1748
1839
1829
3196
2900
2121
2197
1879
1947
808
423
938
1087
1315
337
-908
-1990
-2489
-1488
-1394
-1983
-2496
-2932
-2424
-2175
-1907
-1610
-2220
-2207
-1484
-460
303
164
561
1391
1447
1445
1366
2431
3032
2453
2575
3266
4039
3083
1673
2374
3213
2741
1604
1447
2194
1294
-14
226
1023
589
-1254
-1471
-228
-258
-1377
-2039
-1131
-808
-2067
-2475
-1869
-1252
-1831
-2708
-1757
-672
-552
-1213
-1606
-741
-191
-463
-735
-243
384
-151
-735
-744
-574
-823
-1281
-1185
-1006
-1214
-1437
-1729
-1704
-2128
-1451
491
1091
372
-1881
-1591
1
710
1550
2051
2455
738
-273
1304
2395
2468
1813
2408
3313
2056
1483
1773
2155
1530
197
483
971
878
203
-823
-1669
-2535
-2363
-1330
-1445
-2202
-3187
-3312
-2493
-2277
-1746
-1572
-1768
-1652
-1303
-422
24
-118
350
885
1683
2218
2362
2343
1808
1797
2315
3337
4200
3471
2196
1512
1897
2356
1698
1226
1215
1118
781
346
337
-125
-1072
-1224
-571
-136
-544
-905
-763
-1406
-2497
-2490
-1391
-732
-1741
-2632
-1943
-969
-739
-1221
-1390
-962
-888
-685
2
469
96
-1077
-1113
-488
-217
-441
-821
-969
-1315
-1676
-1436
-799
-982
-270
596
1001
257
-1216
-271
834
1672
2183
2562
2855
992
175
959
2158
2774
2244
2712
2629
1160
647
777
1415
811
-225
-112
140
38
-980
-2266
-2902
-3199
-2591
-2013
-2133
-2773
-3646
-3816
-3242
-2456
-1716
-1356
-1498
-1244
-751
-180
256
358
1054
1872
2493
2709
2533
2284
2230
2508
3132
3889
4132
3458
2131
1515
1645
1956
1945
1524
1453
1013
342
-216
-717
-747
-725
-339
-50
-420
-953
-1383
-1292
-1500
-1956
-1530
-955
-970
-1789
-2176
-1439
-769
-737
-924
-679
-406
-367
-431
-231
4
-118
-230
-490
-475
-738
-943
-1072
-1345
-1261
-1223
-1088
-1327
-261
816
847
-563
-2000
-318
1296
2128
2133
2135
2263
530
181
1286
2719
2936
2201
2433
2200
987
446
713
1339
854
-195
-421
-443
-588
-1400
-2424
-3070
-3227
-2322
-1966
-2475
-3505
-4069
-3593
-2889
-2079
-1425
-1249
-1615
-1528
-867
154
915
1309
1684
1801
2434
2978
3069
2556
1978
2595
3511
4311
4167
2924
1627
856
1192
1967
2147
1873
1022
-27
-783
-793
-197
-204
-566
-647
-474
-771
-1537
-1560
-955
-936
-1352
-1520
-1162
-1068
-1702
-1896
-1247
-200
40
-322
-686
-853
-839
-685
25
408
58
-694
-1249
-1406
-1312
-896
-799
-1126
-1840
-1802
-1415
-231
898
794
-162
-1624
-717
1023
2457
2936
2470
2017
894
949
2216
3486
3626
2836
2720
2871
1849
1120
1278
1996
1707
195
-444
-559
-733
-1494
-2483
-3178
-3390
-2895
-2664
-3046
-4115
-4619
-4487
-3711
-2657
-1879
-1768
-2501
-2564
-1830
-583
494
1235
1759
1967
1962
2026
2627
3050
3589
3252
3317
4214
4414
3289
1305
1744
3056
2937
1544
833
1421
489
-1157
-966
312
536
-1103
-1958
-1430
-1658
-2114
-1895
-807
-792
-2109
-2519
-2192
-1806
-2168
-2035
-846
-257
-570
-1229
-1104
-623
-331
-154
198
506
352
-135
-914
-1127
-449
164
27
-789
-1390
-1491
-1760
-821
1134
1789
804
-1773
-1470
161
1587
2560
2483
2582
940
139
1274
2963
3808
3195
2912
2862
1940
1494
1967
2465
2132
914
487
304
-346
-728
-1394
-2005
-2670
-2636
-2280
-2660
-3539
-4012
-3932
-3580
-2804
-2249
-1993
-2718
-2809
-2048
-1136
-148
293
1040
1630
1439
1182
1325
2161
3318
3134
3179
3608
3736
2889
1321
2072
3325
3288
2138
1219
1503
590
-453
177
1068
863
-947
-1534
-953
-1493
-1960
-1612
-352
-435
-2082
-2762
-2474
-1999
-1990
-1661
-835
-668
-1359
-1885
-1697
-841
63
26
-303
-775
-606
-462
-1014
-1023
-651
-156
-541
-980
-1367
-1429
-1916
-1387
700
1561
1236
-1417
-1649
-529
724
2141
2601
3041
1207
-191
492
2065
3449
3668
3604
3249
1735
1172
1910
2770
2914
1641
1013
526
-54
-267
-704
-1027
-1952
-2335
-2154
-2358
-3079
-3516
-3553
-3303
-3029
-2659
-2132
-2634
-2743
-2427
-1347
-289
203
659
895
1105
877
1154
1722
3110
3309
3007
2958
2911
2863
1673
2241
3440
3367
2097
918
1477
1401
303
358
1126
1137
-615
-1724
-1025
-1039
-1548
-1735
-810
-543
-2164
-3000
-2738
-2119
-1942
-1750
-1036
-1150
-1907
-2146
-1479
-586
56
57
-239
-696
-818
-321
-426
-389
-260
-37
-27
-923
-1017
-1116
-1015
-1313
-530
1202
1394
42
-2187
-1727
-337
1120
2230
2478
1854
-159
-925
197
2257
3378
3548
3082
2159
812
699
1864
3092
3323
2044
918
-319
-550
-7
396
45
-921
-1382
-1889
-2438
-3046
-2664
-2340
-2142
-2156
-2218
-2254
-2934
-2490
-1700
-648
-280
-142
907
941
414
-256
803
2661
2983
2510
2280
2604
2029
1125
2004
3765
3720
1896
739
1213
1302
796
1494
2683
1905
-827
-2024
-898
45
-418
-689
-164
-606
-2405
-3399
-2405
-1291
-1059
-1481
-1689
-1833
-2320
-2245
-1710
-782
-59
-63
-709
-1346
-1098
-461
-349
-438
-261
102
-31
-757
-886
-849
-661
-741
-653
-319
283
603
32
-947
-1598
-433
547
1459
1607
1301
457
-941
-217
1249
2507
2359
2273
2211
1240
-56
413
2400
3292
2582
835
2
-863
-828
147
919
714
-669
-1497
-2258
-2775
-2594
-1561
-818
-952
-1719
-2359
-2821
-2634
-1153
17
255
-457
-459
239
440
485
974
1815
1989
1388
1273
2177
2697
2446
1627
1701
2259
2274
1912
1424
1609
1527
1451
1532
1507
872
-135
-432
-146
9
-282
-214
-182
-848
-2147
-2628
-1611
-430
-622
-1842
-2472
-2035
-1467
-1381
-1161
-512
-288
-1065
-1740
-1256
-122
286
-180
-279
71
-14
-535
-656
-42
360
-5
-71
17
-119
-810
-1026
-471
-162
209
128
118
-652
-1177
-729
-131
453
511
686
209
-609
-646
206
918
1078
1106
824
-31
-1057
-509
746
1523
1360
558
-300
-1468
-1258
194
1526
1201
-144
-1091
-1450
-1639
-1116
227
1074
761
-790
-1429
-1351
-451
652
1149
1117
252
2
-43
148
443
1214
2076
1899
764
-243
-88
601
1381
1704
1957
1705
616
-356
-485
510
1499
1816
1475
383
-649
-917
-69
962
1009
427
-88
-262
-610
-946
-613
169
470
-142
-804
-867
-608
-580
-452
-109
67
-298
-763
-843
-656
-164
161
291
-97
-634
-806
-638
-286
-174
-121
-216
-608
-972
-879
-537
-153
-216
-333
-468
-768
-743
-629
188
445
177
-401
-997
-716
-566
-115
66
127
-263
-1158
-1409
-1090
-237
162
233
-128
-608
-935
-727
-87
277
680
712
353
-561
-820
-31
902
1225
1049
857
377
-347
-565
215
1133
1590
1120
189
-912
-997
181
1348
1459
514
-113
-545
-606
-155
1109
1834
1131
-80
-761
-443
55
946
1431
1187
370
-109
102
319
638
1015
1349
960
347
105
357
711
876
879
558
297
100
109
152
219
372
291
-132
-654
-731
-350
-112
-132
-279
-501
-683
-871
-870
-741
-620
-432
-571
-850
-1022
-968
-689
-583
-395
-303
-499
-555
-389
-61
-105
-230
24
70
-143
-499
-401
-109
-188
-331
-387
-294
-447
-701
-764
-726
-619
-491
-357
-493
-804
-1023
-826
-649
-497
-332
-206
-226
-497
-383
-137
363
652
655
388
62
310
686
971
857
806
895
800
587
487
641
926
1028
843
470
106
290
565
602
364
213
330
-15
-261
-214
270
557
333
101
-122
-84
13
190
393
561
678
552
122
-102
209
774
940
582
386
379
352
155
93
290
430
288
35
-256
-359
-290
-207
-197
-464
-515
-639
-747
-908
-955
-777
-761
-647
-620
-592
-606
-611
-455
-408
-353
-177
147
314
113
-159
-221
-108
69
265
401
326
135
-26
-19
-27
-10
58
148
203
-14
-266
-414
-318
-176
-218
-177
-87
-66
-328
-548
-335
77
284
25
-256
-316
-134
1
-36
-47
78
332
230
-128
-325
-59
352
386
262
201
293
239
24
-118
27
386
494
259
-168
-291
-122
74
154
103
147
41
-248
-403
-142
441
729
472
42
-223
39
449
689
712
656
704
447
121
121
577
935
769
396
204
187
95
49
102
152
-75
-438
-598
-581
-600
-704
-691
-530
-527
-754
-878
-837
-689
-595
-425
-112
-32
-192
-485
-557
-292
19
398
553
388
0
-228
98
501
610
500
441
402
129
-172
-14
409
560
205
-314
-389
-251
-51
11
3
33
-158
-384
-599
-511
-107
153
71
-405
-644
-401
-56
12
-214
-228
-10
67
-119
-248
46
464
404
-5
-280
-14
332
334
128
-122
-67
26
81
-89
-280
-115
45
1
-276
-161
227
257
-85
-318
6
369
344
127
175
398
389
99
-22
227
528
612
385
197
126
239
355
286
144
20
57
28
-122
-238
-202
-167
-264
-400
-385
-261
-283
-426
-512
-339
-121
-114
-234
-311
-220
-137
-106
-16
147
314
256
68
63
290
529
507
455
563
668
471
106
91
430
717
581
236
23
-34
-69
-105
32
265
281
-93
-566
-680
-363
-13
-3
-260
-440
-445
-515
-629
-581
-255
58
-1
-344
-574
-370
60
264
112
-58
44
265
224
-22
-108
132
405
252
-119
-250
14
190
-54
-252
-41
273
153
-271
-435
-192
83
126
46
25
-1
-184
-383
-319
67
443
409
22
-330
-336
10
320
403
211
-54
-133
-154
-85
-37
42
64
-114
-312
-425
-265
-121
-137
-214
-226
-164
-250
-320
-256
-68
37
-25
-59
-26
52
45
47
210
380
422
310
247
388
470
422
350
401
529
452
308
218
255
324
274
241
183
132
81
29
36
37
70
76
-57
-246
-282
-157
-74
-167
-297
-255
-174
-197
-328
-322
-81
115
77
-199
-327
-153
141
266
133
6
-31
-39
-152
-162
90
376
290
-173
-387
-180
155
235
114
2
-105
-189
-176
-36
98
97
-86
-282
-395
-257
-11
81
-36
-297
-335
-231
-87
-48
-142
-167
-166
-114
-118
-169
-222
-226
-163
-91
-37
-42
-113
-231
-258
-153
31
148
119
-16
-184
-216
-70
157
301
245
71
-68
-65
55
178
254
306
337
213
-18
-113
55
297
307
178
98
89
-8
-159
-89
143
270
142
-58
-109
-93
-52
49
155
207
85
-42
-72
-28
108
232
317
213
73
80
218
330
308
302
311
300
247
287
367
356
233
125
172
240
286
211
61
-65
-69
54
126
79
-58
-186
-259
-252
-154
-38
-73
-242
-410
-427
-331
-240
-174
-209
-329
-491
-476
-289
-124
-159
-321
-367
-334
-266
-235
-158
-90
-107
-185
-244
-187
-103
-23
7
21
-2
-24
-19
4
35
52
116
168
152
61
-10
38
148
185
111
10
15
83
80
24
-25
3
-12
-85
-102
-79
-54
-121
-192
-182
-168
-138
-167
-224
-258
-248
-119
-75
-129
-214
-198
-59
-4
-7
-21
61
148
149
111
150
268
354
331
293
381
465
475
350
349
473
558
505
357
390
464
502
366
230
211
288
393
355
245
85
20
-32
-17
39
133
138
-40
-235
-398
-315
-176
-10
-50
-264
-433
-509
-382
-338
-276
-235
-262
-380
-556
-564
-405
-213
-143
-230
-371
-422
-406
-271
-180
-98
-22
-30
-66
-215
-237
-118
112
269
210
83
-31
-29
41
137
236
286
219
77
-35
-16
99
169
130
14
-62
-93
-89
-105
-113
-108
-106
-121
-204
-276
-282
-205
-151
-161
-227
-264
-232
-199
-182
-172
-97
-39
-42
-66
-44
56
122
170
168
165
195
249
333
312
293
321
392
416
330
378
505
561
426
226
278
476
605
510
348
282
254
228
206
289
407
409
239
-2
-121
-27
218
295
119
-96
-199
-143
-140
-176
-142
-117
-200
-382
-441
-385
-301
-238
-298
-384
-462
-409
-298
-292
-311
-315
-223
-166
-209
-248
-248
-153
-40
15
19
-12
-5
54
87
111
165
189
168
91
43
101
166
113
20
-72
-101
-60
-64
-95
-148
-161
-160
-209
-267
-328
-323
-273
-254
-233
-303
-411
-379
-323
-285
-250
-177
-78
-123
-194
-195
-99
67
133
173
111
-2
23
88
208
230
277
371
258
104
65
255
421
375
346
348
337
199
94
233
397
465
384
210
114
128
261
382
387
285
198
207
165
110
190
333
367
151
-133
-128
9
87
52
-37
-72
-180
-219
-208
-221
-153
-150
-148
-179
-282
-276
-236
-183
-185
-221
-140
-101
-159
-206
-141
19
102
94
41
18
-4
4
124
219
194
103
-32
-70
-47
-36
36
70
15
-155
-244
-140
-101
-127
-206
-283
-249
-296
-271
-202
-318
-387
-369
-286
-221
-251
-182
-171
-195
-183
-176
-38
46
37
17
-84
-81
38
147
181
104
66
91
98
97
166
176
139
129
152
199
135
92
84
80
88
88
149
110
61
96
83
113
124
89
191
224
187
126
117
206
184
166
146
108
161
108
74
114
32
147
198
64
-10
-13
83
31
24
111
48
-27
-94
-101
-41
-65
-14
58
38
20
-6
33
-7
-42
66
92
89
60
-10
13
-32
-47
-15
-83
-114
-150
11
37
-139
-121
-166
-182
-212
-244
-67
-81
-220
-257
-340
-340
-264
-95
-56
-221
-259
-253
-221
-88
-37
3
15
-34
-48
-143
-104
11
76
156
128
46
-25
-121
-78
215
317
92
13
120
65
-56
16
125
148
-11
-110
30
13
-89
-11
76
7
-107
-63
17
40
119
104
93
22
-64
10
73
89
53
121
119
21
42
118
169
122
23
85
196
92
71
168
216
80
7
62
39
-27
4
189
265
118
56
131
90
31
-3
108
259
266
204
44
-60
-98
-59
-16
12
102
41
-78
-131
-256
-217
-94
-131
-174
-150
-229
-298
-253
-194
-268
-386
-342
-267
-147
-156
-316
-206
-165
-160
-65
-108
-36
-49
-96
-44
-95
-22
59
109
127
22
7
-108
-143
124
251
168
53
158
163
-103
-119
90
58
0
2
157
76
-212
-59
98
137
-243
-239
219
6
-66
113
145
4
-249
-57
73
-126
-74
184
184
-88
-51
125
-4
-59
152
166
25
174
135
105
222
161
101
-41
115
148
10
296
417
197
52
191
180
42
-14
378
429
171
88
290
258
-165
-145
115
196
70
83
201
3
-344
-195
97
-15
-191
-93
-2
-242
-193
-125
-238
-292
-186
-4
-205
-439
-206
26
-262
-308
1
151
-275
-307
2
-25
-384
-80
214
51
12
-178
-43
-84
-254
10
216
115
-47
-13
-127
-241
77
148
-59
-4
128
-57
-210
-147
21
116
-144
31
111
-20
-54
-256
19
59
-213
-130
132
219
-155
-188
11
-25
-112
-155
191
235
-93
-98
104
167
-91
-124
192
204
28
141
152
20
-9
145
211
93
103
282
127
-9
104
245
444
49
49
121
50
46
236
407
88
-61
8
206
-54
-67
244
240
10
-168
72
-26
-139
186
-8
-62
16
-171
-243
141
175
-361
-346
171
12
-453
-104
155
-10
-168
-396
-64
7
-81
-169
105
33
-348
-189
-35
46
-91
-65
9
69
-202
-206
44
-31
-130
103
88
-203
22
161
-81
-180
-36
330
-102
-322
-37
371
44
-346
163
71
-175
-204
10
243
141
-186
-170
-30
164
-109
-23
202
143
-165
-197
230
-46
-226
196
422
-209
-88
229
-66
-68
10
168
229
-94
272
239
-130
-142
117
218
116
235
5
145
105
-163
129
338
22
-141
-16
481
-47
-302
369
343
-226
-223
335
66
-302
75
398
14
-412
-106
341
38
-336
-148
70
82
-238
-125
238
-40
-547
-161
319
-106
-259
-43
50
-93
-186
-358
223
48
-408
-137
156
12
-188
40
-82
-300
18
195
19
-172
-164
111
-61
58
92
123
-46
-348
-134
238
92
-261
371
289
-401
-349
-4
263
78
-150
76
308
-90
-443
146
165
-270
211
187
-23
-39
-164
78
177
12
-215
149
279
-275
47
348
160
-165
-181
245
22
-16
180
320
-49
-153
21
82
129
-34
113
94
16
-63
17
258
-78
-138
246
20
-212
11
310
136
-268
-35
267
26
-363
47
308
-94
-21
-39
159
92
-246
-206
271
102
-306
-17
405
-144
-205
38
-178
18
36
47
-85
-108
58
-116
-261
244
-89
-302
342
-80
-293
-222
324
67
-437
232
76
-272
-196
169
196
-261
-77
68
-48
-6
14
-103
-10
153
-164
-293
105
254
-85
-186
210
-3
-432
-141
383
123
-473
120
375
-186
-423
118
224
-213
-42
120
83
12
-195
104
113
-130
71
-25
67
92
-34
59
104
16
65
56
-143
95
88
81
-73
69
555
-320
-409
486
119
-404
73
610
-93
-513
273
531
-330
-288
222
190
-90
-68
294
151
-62
-174
49
75
-32
96
230
80
-59
-168
149
138
-160
139
187
-191
-154
325
144
-243
29
34
-115
53
13
32
-30
-8
-33
-92
107
-269
-43
353
-94
-326
-12
286
-171
-386
241
212
-107
-234
-39
229
-334
-150
452
-41
-290
-56
119
-13
-214
52
131
-117
-156
-75
211
-30
-344
243
100
-549
-41
577
-200
-463
201
283
-291
-265
151
162
-48
-331
184
175
-238
12
166
-13
-317
82
238
-135
93
180
-184
-164
94
141
-54
-43
265
-29
-282
87
184
-70
-85
139
53
-147
21
124
31
-103
-63
71
111
-46
2
73
-15
-109
-60
296
-18
-127
26
71
93
-156
78
71
-25
-50
-23
397
-217
-373
413
170
-335
-100
382
-58
-181
80
68
60
-167
-184
372
139
-512
167
349
-213
-180
163
-11
-32
73
13
-1
3
-4
-4
100
-129
39
215
-283
53
337
-260
158
35
-184
-67
108
237
-4
-69
23
14
-168
10
225
72
-111
10
48
-39
47
-138
201
98
-264
144
-1
64
-83
18
82
-96
-5
36
116
-131
-94
125
38
-151
98
78
-232
-2
136
-68
-141
139
48
-255
64
91
-208
-109
219
96
-298
-149
303
-215
-155
192
10
-230
-26
251
-282
-142
14
204
-44
-309
136
128
-266
-269
324
94
-277
-96
97
114
-136
-236
-36
290
-125
-186
143
154
-246
-243
325
13
-238
143
161
-88
-143
-20
246
1
-263
322
132
-314
-61
272
232
-169
-43
136
43
-153
-11
297
228
-167
-213
262
169
-297
53
410
37
-337
116
386
-88
-265
183
372
-165
-258
354
348
-411
-67
487
-44
-319
210
248
-124
14
35
27
-78
102
95
-49
-80
-2
-2
-6
45
19
-76
-54
-12
-131
87
72
-170
-82
92
3
-187
-125
210
42
-376
111
235
-427
-173
444
-117
-296
106
-9
-141
-74
53
-34
-150
60
-100
-167
164
-43
-207
-75
152
-135
-275
176
216
-334
-116
331
-156
-264
54
186
-56
-160
171
237
-210
-157
146
62
-188
113
266
21
-60
40
-51
-54
94
-18
173
58
28
45
-184
171
125
-238
12
429
-107
-261
331
50
-270
259
243
-272
0
209
-88
-22
361
-39
-105
52
130
-49
-159
145
218
-75
-46
195
5
-310
12
186
-152
56
174
17
-296
-42
140
-229
-30
254
-98
-126
46
-91
-137
29
103
-127
-47
215
-84
-291
-3
207
-163
-56
278
-64
-314
64
78
-195
147
-14
-25
-127
-24
126
-104
-136
30
92
-210
-25
212
-19
-228
-23
264
-239
-169
420
8
-384
173
161
-91
-39
240
38
-177
-29
100
100
-32
121
211
-135
-180
184
158
-328
3
538
-80
-269
163
163
-252
-167
281
273
-303
-8
243
63
-337
-19
486
-113
-366
217
356
-267
-193
224
399
-312
-330
325
215
-282
-209
430
232
-580
10
401
-159
-421
178
458
-378
-378
354
326
-616
-169
554
-10
-683
91
567
-315
-271
174
203
-218
-254
85
184
-71
-185
146
172
-158
-299
153
210
-167
-196
241
136
-361
35
177
-32
-183
-4
230
-80
-256
58
181
12
-171
12
248
-106
-346
162
359
-263
-120
411
55
-439
91
269
-137
-3
217
43
-173
81
14
-13
12
225
-11
-256
149
157
-202
-157
467
86
-367
-16
165
-13
-187
87
301
-19
-340
59
315
-202
-266
278
196
-163
-150
128
165
-181
-71
89
-7
125
-175
-74
259
-39
-240
68
168
-68
-191
-26
186
43
-208
-78
227
42
-300
-13
207
-35
-250
83
269
-147
-182
35
168
-79
-201
130
269
-275
-233
340
162
-340
-56
371
-204
-224
193
99
-48
-76
99
46
-155
-77
88
76
50
-196
70
274
-230
-182
107
252
-167
-255
338
150
-303
-159
305
155
-373
-17
300
-28
-228
16
247
-116
-140
97
122
9
-309
89
259
-131
-190
236
105
-233
-33
67
82
-66
-39
38
76
-54
-128
211
45
-250
-59
206
91
-215
11
244
-46
-240
-56
250
19
-199
119
110
-135
-65
19
63
132
-122
-113
112
16
-127
41
171
7
-127
-116
102
91
-143
17
125
1
-104
10
69
-20
-88
-49
197
-25
-82
7
68
-61
-42
4
62
130
-149
-112
75
141
-166
-52
309
-20
-292
-63
247
-38
-129
135
105
-62
-178
80
24
-81
67
97
-77
54
-37
-166
107
137
-69
-126
151
10
-173
55
57
93
-67
-101
97
-23
-84
88
3
13
-42
-5
95
-64
-33
-53
67
122
-173
3
148
-112
-24
102
12
-112
-45
108
-27
15
49
-29
-70
23
105
-132
-76
170
81
-172
-32
101
34
-75
-12
73
-134
89
122
-157
-110
205
91
-210
-17
73
108
-131
-126
215
118
-229
-161
268
140
-229
-151
213
145
-269
-95
240
122
-131
-199
158
166
-271
-134
335
105
-277
1
143
27
-185
-87
249
9
-113
5
114
-93
-61
58
-22
91
-92
-33
129
39
-188
-49
254
-109
-121
116
173
-152
-215
91
155
29
-105
1
152
-103
-268
86
325
-30
-270
77
183
-66
-286
155
206
-107
-138
98
127
-174
-62
123
110
-65
-157
31
96
-59
79
1
-41
-28
0
8
-16
32
12
-45
29
83
-94
-59
48
137
-142
-149
289
18
-240
110
122
-124
-95
121
108
-113
-63
82
27
-14
-57
60
77
-76
-74
22
131
-71
-131
249
13
-237
67
115
-99
-42
92
98
-108
-163
147
153
-160
-149
238
-6
-215
38
122
2
-63
29
-35
-61
34
-26
-41
71
68
-93
-80
29
66
2
-173
74
96
-104
-21
44
-7
19
-1
-85
-5
31
21
-51
112
-38
-101
89
11
-77
69
64
-121
-4
129
-12
-95
90
81
-66
-66
61
70
-35
-76
146
90
-174
31
199
-103
-158
149
120
-188
60
173
-47
-45
-19
2
24
-52
54
88
-82
-13
99
-22
-113
46
13
-78
29
30
12
36
-42
-98
-5
61
-69
-67
59
85
-127
-69
112
-43
-52
12
-52
-75
32
19
-34
41
46
-70
-115
-19
69
-39
-17
76
-29
-69
83
21
-115
-6
100
-21
-155
76
208
-31
-124
32
112
-73
-133
132
111
-38
-18
64
40
4
11
-71
5
113
4
-90
144
147
-89
-105
96
40
-141
79
101
-16
30
42
-20
-68
27
24
-28
-71
75
101
-71
-57
71
23
-84
-86
-46
88
67
-106
-7
89
-44
-147
-29
51
-25
4
-35
-57
13
54
-24
-116
-10
74
-93
-164
91
179
-63
-141
66
10
-111
-51
84
19
-17
13
9
6
-47
52
14
-104
8
118
45
-105
6
210
-21
-224
80
223
-127
-118
169
120
-61
-15
89
7
-69
-32
63
127
-33
-22
123
5
-112
0
129
-52
-61
114
25
-51
-3
55
34
-77
-88
83
71
-147
-6
168
-22
-155
-18
104
-44
-173
60
141
-64
-157
47
88
-115
-80
98
-17
-136
36
18
-75
22
100
-93
-121
70
-38
-64
82
6
-23
-19
-20
-22
34
4
-38
31
9
-74
18
121
5
-65
-29
75
2
-82
96
86
-58
-40
84
2
-1
53
-24
46
23
-107
50
193
-45
-111
66
79
-46
-60
73
103
-23
-101
1
108
18
-58
-28
103
31
-170
-35
159
45
-123
-9
86
-26
-101
3
66
-25
-46
-4
28
10
-86
-26
77
2
-132
-9
109
-28
-100
-11
98
-48
-90
56
41
-64
-90
54
61
-39
-30
0
58
-38
-82
12
73
41
-73
-26
46
4
-3
7
25
12
-49
-18
41
30
21
27
3
-55
-41
64
38
2
17
42
-45
-96
74
74
-8
7
3
12
-74
-33
87
68
-45
-26
57
-35
-67
44
54
-15
-45
20
26
-33
-7
40
0
-46
-25
31
15
-7
-6
5
-14
-23
16
-1
18
3
-43
-7
3
13
8
6
24
-31
-48
-4
38
1
-1
28
-42
-5
32
-23
-10
40
7
-63
1
37
-17
14
41
1
-66
-15
39
1
-24
-12
61
34
-74
-15
34
19
-29
-50
53
29
-19
-8
16
-16
-39
50
2
-34
40
5
-32
-39
39
35
-40
35
40
-79
-39
45
1
-15
54
19
-53
7
13
-39
-21
18
61
2
-56
9
36
-5
-46
-6
30
13
12
-23
-17
18
-3
-16
33
14
-36
7
0
-26
-7
19
39
28
-30
-51
13
-12
-2
42
10
-16
-7
3
-20
-6
24
19
1
-25
-19
-23
35
36
5
0
-40
-22
23
-2
-23
37
44
-33
-23
-11
0
18
9
6
-19
-16
2
37
-4
-39
30
29
-41
-35
49
12
-42
18
15
-4
-15
8
23
-16
-23
-13
12
35
10
-41
3
59
-43
-75
65
52
-59
-18
53
-1
-31
-7
26
14
-36
-5
16
8
12
-39
3
45
-13
-39
13
38
-30
-31
33
15
-14
7
12
-22
-18
16
-2
4
12
-5
-13
0
7
10
-14
-6
32
-14
-47
16
54
-8
-56
42
27
-74
-4
64
0
-51
18
43
-36
-20
19
5
20
-25
-17
23
5
0
-27
22
42
-68
3
49
-22
-28
4
55
-24
-47
50
3
-24
-4
4
26
-22
-19
27
30
-52
-32
94
-7
-105
65
54
-66
-25
45
22
-41
5
20
-15
15
-40
4
67
-34
-42
16
60
-49
-68
99
25
-79
-1
44
0
-59
40
44
-52
0
15
-19
5
22
-10
-18
28
8
-55
7
62
-13
-46
16
36
-25
-36
43
19
-36
-8
31
0
-38
22
15
-23
13
0
-9
7
5
-15
-7
28
-2
-18
11
4
-24
-6
43
-7
-32
24
4
-32
9
22
-6
5
2
-19
-11
12
26
-12
-5
18
-21
-19
14
29
-8
-18
18
-6
-17
-2
11
32
-15
-29
13
13
-20
-2
34
-7
-28
12
4
-7
-1
4
10
-4
-11
-7
10
17
-18
-14
24
5
-27
2
37
-23
-36
46
11
-47
20
30
-31
-18
35
-6
-30
42
2
-41
19
14
-24
3
27
-6
-30
22
9
-32
0
39
-2
-31
12
11
-21
1
20
-2
-5
6
-13
-8
15
-8
-1
18
0
-18
-7
7
7
-4
1
10
-2
-8
-3
-3
9
6
-9
5
12
-15
-18
19
9
-18
3
21
-4
-20
-6
11
9
-9
2
19
-7
-24
-1
15
5
-8
7
12
-10
-22
-2
23
11
-14
-2
14
-8
-27
4
31
3
-21
7
17
-26
-21
27
19
-16
-3
9
-3
-16
-6
13
15
-5
-8
5
-2
-15
1
13
7
-2
-6
-4
2
-6
-6
12
16
-9
-13
6
4
-17
-2
25
1
-21
8
11
-24
-8
25
1
-12
14
5
-22
-6
10
2
3
8
1
-7
-7
-8
3
14
7
-8
1
5
-19
-17
27
19
-19
-4
22
-16
-30
15
29
-8
-11
12
4
-26
-9
20
13
-8
2
3
-9
-7
1
3
15
5
-15
-4
12
-13
-13
19
16
-14
-7
8
-2
-14
2
12
6
-3
-5
-2
2
-6
-10
12
20
-13
-16
16
1
-26
7
29
-7
-14
12
-1
-20
1
16
3
-3
5
-5
-13
-1
8
2
5
8
-6
-14
0
3
1
6
7
-1
-7
-9
-1
6
3
0
8
0
-15
-7
9
5
-5
3
11
-7
-16
3
14
-7
-8
16
7
-19
-5
14
-1
-11
7
13
-6
-11
2
4
-5
-2
6
7
0
-9
-4
8
0
-11
8
16
-13
-17
12
8
-15
3
22
-5
-19
6
8
-11
-1
15
2
-12
-1
4
-5
-2
9
5
-6
-4
1
-1
-5
4
9
-4
-8
6
2
-12
1
15
-5
-11
8
6
-13
-1
14
-3
-10
7
4
-9
0
5
-2
0
3
-4
0
5
-7
-4
10
1
-10
7
9
-13
-5
14
-2
-11
9
6
-12
-2
9
-6
-4
9
-2
-8
6
3
-10
2
11
-6
-9
9
4
-10
-1
10
-1
-9
1
7
-2
-7
2
8
-3
-10
4
10
-8
-8
13
5
-13
0
13
-4
-10
9
4
-8
1
5
-6
0
7
-5
-5
12
1
-13
6
12
-12
-9
15
3
-16
4
14
-7
-9
9
3
-8
0
4
-2
-1
0
-3
3
5
-7
-4
12
0
-14
5
14
-10
-11
14
6
-15
-1
14
-2
-12
5
9
-5
-6
6
5
-5
-5
5
5
-6
-5
9
3
-11
0
11
-3
-9
6
8
-8
-5
8
2
-7
0
5
0
-4
-1
3
2
-6
-3
8
2
-11
2
12
-6
-11
10
9
-13
-4
14
-1
-12
5
9
-6
-5
5
3
-3
-1
0
3
2
-5
-2
8
0
-9
3
9
-4
-8
7
6
-7
-4
6
3
-4
-4
4
5
-5
-5
7
5
-9
-5
11
2
-12
1
11
-3
-9
5
7
-6
-4
4
3
-3
-4
2
4
-1
-6
3
7
-5
-7
8
4
-9
-2
9
0
-8
2
6
-3
-5
3
4
-2
-3
1
4
-1
-4
2
5
-2
-4
3
3
-4
-2
4
1
-3
-1
3
1
-3
0
2
0
-2
1
1
-1
-1
0
1
-1
0
0
1
0
-1
0
0
0
1
-1
0
1
0
0
0
0
0
0
0
2
1
-2
0
3
1
-2
-1
3
0
-4
1
4
-2
-3
2
4
-3
-4
3
4
-3
-3
3
2
-4
-2
4
1
-5
-2
5
1
-5
0
5
0
-6
1
6
-2
-6
1
6
-2
-5
4
5
-3
-5
4
5
-4
-4
5
3
-6
-3
7
3
-6
-1
6
2
-7
0
7
1
-6
1
6
-1
-7
1
6
-3
-6
4
5
-4
-4
5
4
-4
-3
5
3
-6
-3
4
2
-5
-1
6
1
-6
-1
5
0
-5
1
5
-2
-4
3
4
-2
-3
3
3
-3
-3
2
3
-2
-2
3
1
-3
-2
4
0
-4
0
4
-1
-3
1
3
-1
-2
2
1
-1
-1
1
2
-1
-1
1
2
-1
-1
2
1
-2
-1
2
-1
-2
1
1
-2
-1
1
0
-1
0
0
-1
-2
0
0
0
-1
0
1
0
-2
0
1
0
-1
2
1
-2
-1
2
0
-1
1
2
-2
-1
-1
0
0
1
1
0
0
-1
-1
2
0
-1
1
1
-2
-2
1
1
0
2
2
-1
-1
-1
0
1
2
2
0
0
-2
-2
1
2
0
1
1
-2
-3
0
2
1
1
2
-1
-2
-1
0
0
2
2
-1
-1
-2
-2
-1
2
1
0
1
-1
-4
-1
2
1
1
1
-1
-3
-2
0
1
2
3
0
-2
-1
-2
-1
2
3
1
-1
0
-4
-2
1
2
1
2
0
-3
-2
1
0
3
3
0
-2
-1
-2
-2
2
4
1
0
-1
-3
-2
1
2
1
2
1
-3
-2
0
1
1
4
1
-2
-2
-1
-2
1
3
2
-1
-1
-3
-4
0
2
2
2
1
-3
-3
-2
0
2
3
2
-2
-3
-1
-3
0
4
2
0
0
-2
-4
-1
3
2
2
2
-1
-4
-1
1
1
3
3
-1
-2
-2
-2
0
3
3
1
0
-1
-3
-2
2
2
2
2
-1
-4
-2
0
1
3
3
0
-3
-2
-1
-1
3
4
1
0
-2
-4
-2
1
3
3
2
0
-4
-3
1
2
3
3
1
-3
-4
-1
-1
2
4
2
-1
-2
-3
-3
1
3
2
1
-1
-3
-3
-1
2
3
3
1
-3
-3
-1
0
2
3
2
-2
-2
-2
-2
1
3
2
0
0
-3
-2
0
2
2
2
0
-3
-3
-1
1
2
3
1
-2
-2
-2
-1
0
3
3
0
-2
-2
-2
1
2
2
1
0
-2
-3
-1
1
2
1
1
-1
-2
-1
0
1
3
1
0
-1
-2
-1
0
2
2
1
-1
-2
-1
-1
1
2
1
1
-1
-2
0
1
1
2
0
-1
-2
-1
-1
1
2
2
0
-1
-2
-2
0
1
1
1
-1
-1
-2
0
1
1
1
0
-1
-1
-1
1
1
1
0
-1
-2
-1
0
1
1
1
0
-1
-1
-1
1
2
2
1
0
-1
-1
0
2
2
1
0
-1
-2
0
1
1
2
1
-1
-2
-1
0
1
1
1
0
0
-2
-1
0
2
1
0
-1
-1
-2
0
1
2
2
0
0
-2
0
0
2
1
0
0
-2
-1
-1
0
1
1
0
-2
-2
-1
0
1
1
1
-1
-1
-1
-1
1
1
1
0
-2
-2
-1
0
1
1
1
0
-1
-1
-1
1
1
1
0
0
-1
-1
0
1
1
0
-1
-1
-1
0
1
1
0
0
0
-1
0
0
0
2
0
0
-1
0
0
1
2
2
0
-1
-1
0
0
1
1
1
0
-1
-1
-1
0
1
1
0
-1
-1
-2
0
0
1
1
0
-1
-1
-1
1
1
1
1
-1
-1
0
1
1
1
0
0
0
-1
-1
0
1
1
0
0
-1
-1
0
0
1
0
0
0
-2
0
0
0
0
0
0
-1
-1
0
0
0
0
0
-1
0
-1
0
1
0
0
-1
0
0
0
1
1
0
0
0
-1
0
0
1
0
0
0
0
0
1
0
-1
0
-1
0
0
0
0
0
0
0
-1
0
0
1
0
0
1
0
0
0
0
0
0
0
-1
0
0
0
0
0
0
0
0
0
0
0
0
0
0
0
0
0
0
0
0
0
0
1
0
1
0
0
0
1
0
0
-1
1
0
-1
0
0
-1
0
0
0
0
-1
0
0
0
0
1
0
0
0
1
0
0
1
-1
0
0
0
0
0
0
-1
0
1
0
0
0
1
-1
0
0
0
0
0
0
0
-1
0
1
0
-1
0
0
-1
-1
0
0
0
0
-1
-1
-1
0
0
0
0
0
0
0
0
0
1
0
-1
0
1
0
0
0
0
0
-1
0
0
0
0
0
0
-1
1
0
0
0
0
1
1
0
0
-1
0
1
0
0
0
0
0
0
0
0
0
0
-1
1
-1
0
1
0
0
0
0
0
0
0
0
0
0
0
0
0
0
0
1
0
0
0
0
-1
1
0
-1
0
0
0
0
0
0
0
0
0
0
-1
0
0
0
-1
0
0
1
1
0
0
0
0
-1
0
1
0
-1
0
0
0
0
-1
0
0
0
0
0
-1
-1
0
0
0
0
1
0
0
0
0
-1
0
0
0
1
0
0
0
0
0
0
-1
0
0
-1
0
0
0
0
0
0
0
0
0
0
0
1
0
0
0
0
-1
-1
0
0
0
0
0
-1
0
0
0
0
1
1
-1
1
0
-1
0
0
0
0
0
0
0
0
0
-1
1
-1
0
0
0
0
0
0
0
0
0
0
1
0
0
-1
1
1
0
-1
0
0
0
0
0
0
0
1
0
0
0
0
0
0
-1
0
0
-1
0
0
1
0
0
1
0
0
0
1
0
1
0
0
0
0
1
-1
0
0
0
1
0
-1
0
0
0
0
0
-1
0
0
0
0
1
0
0
1
0
0
0
1
0
0
0
0
0
1
0
0
0
0
0
0
0
0
0
0
0
0
-1
0
0
-1
-1
0
-1
0
0
0
1
0
0
0
0
-1
1
0
0
0
0
1
0
1
0
0
1
1
0
1
1
0
0
-1
0
0
0
0
0
0
1
0
0
0
0
1
0
1
0
0
0
0
-1
0
0
0
0
0
-1
0
0
0
1
1
0
0
-1
0
0
1
0
0
-1
1
0
0
-1
0
-1
0
0
0
0
0
0
0
0
0
0
0
0
0
0
0
-1
1
1
0
0
1
-1
0
-1
-1
0
0
0
0
0
1
0
0
0
0
-1
1
0
1
0
0
0
0
0
0
0
0
0
0
-1
0
0
0
0
1
0
-1
0
0
0
-1
0
0
-1
0
0
-1
0
0
0
0
0
0
0
1
1
0
0
0
0
0
0
0
-1
0
0
0
0
0
0
-1
-1
0
0
0
0
0
1
0
1
-1
0
0
-1
0
0
0
1
0
0
0
0
0
0
0
1
0
1
0
0
0
-1
-1
0
0
0
0
1
0
-1
0
0
0
0
1
0
-1
0
0
0
0
0
1
0
0
0
0
0
0
0
0
0
0
1
0
0
0
0
0
0
0
0
0
0
0
0
0
0
-1
0
0
0
0
0
0
-1
0
0
-1
0
0
0
0
0
0
0
0
0
0
0
0
0
0
0
0
0
-1
0
0
1
0
0
-1
1
0
0
0
0
0
0
0
0
0
0
-1
1
0
0
-1
0
0
0
1
0
-1
0
0
0
0
0
0
0
1
-1
0
-1
-1
-1
-1
0
0
0
1
0
0
0
0
0
1
0
-1
-1
0
0
0
0
0
0
0
-1
0
-1
0
1
0
0
0
0
1
0
0
0
0
0
-1
-1
0
0
0
0
-1
0
1
0
1
0
0
0
0
-1
0
0
0
-1
0
0
0
0
0
0
0
0
-1
0
0
0
1
0
1
0
-1
0
1
0
0
-1
0
0
0
0
0
0
1
0
1
0
0
0
0
0
1
0
1
0
0
0
1
0
1
0
0
0
-1
0
0
0
0
0
0
0
0
0
-1
0
0
0
0
0
0
0
0
0
0
1
0
1
0
0
1
0
0
1
0
0
1
0
0
1
0
0
0
0
0
0
0
0
0
0
0
1
0
0
-1
0
0
-1
0
-1
0
0
1
1
0
0
0
-1
0
0
0
0
0
0
1
0
0
-1
0
0
0
0
-1
0
1
0
0
0
0
0
-1
0
0
0
0
0
0
0
1
0
0
0
0
0
-1
0
0
0
0
0
1
0
0
0
0
0
0
0
1
0
-1
0
-1
1
0
0
0
0
-1
0
-1
0
0
0
-1
-1
1
0
0
0
1
0
-1
0
1
1
0
-1
0
0
1
0
0
0
0
0
-1
0
0
0
0
1
-1
0
0
-1
0
0
0
0
0
0
1
0
-1
0
-1
-1
0
0
0
1
0
0
0
0
0
0
1
0
0
-1
0
0
1
0
0
0
0
0
1
0
0
-1
0
0
0
0
0
0
0
0
1
0
0
0
0
0
0
0
0
1
0
0
0
0
0
-1
-1
0
-1
0
0
1
0
0
1
0
0
0
1
-1
0
-1
0
0
0
0
0
0
0
0
0
0
1
0
0
0
0
0
0
0
0
0
-1
0
0
0
1
0
0
0
1
0
0
0
0
0
0
0
0
0
0
1
0
1
0
-1
0
0
-1
0
0
0
-1
0
0
0
-1
0
-1
1
-1
1
0
0
0
0
0
1
0
1
0
0
0
0
0
0
0
0
0
0
0
0
0
0
-1
0
0
0
0
0
0
0
0
0
0
-1
0
0
1
0
0
-1
0
0
0
0
0
0
0
0
-1
0
1
0
0
0
0
1
0
0
0
0
0
-1
0
0
-1
0
0
0
0
0
0
1
0
0
0
0
1
1
1
1
0
0
-1
1
0
0
0
0
0
0
0
0
0
0
0
0
1
0
0
0
0
1
0
0
1
0
0
0
0
1
0
0
-1
0
0
1
1
0
0
-1
0
-1
-1
0
0
0
1
1
0
-1
0
1
0
0
0
0
1
0
1
-1
0
1
0
0
0
-1
0
0
0
1
0
-1
0
-1
-1
0
0
1
0
0
0
1
0
0
0
1
1
-1
0
-1
0
0
0
1
0
0
0
0
-1
0
0
-1
0
0
-1
-1
1
0
0
0
0
-1
0
1
0
0
0
-1
1
0
1
0
1
-1
0
0
0
-1
0
0
0
0
0
0
0
0
0
0
0
0
0
0
-1
0
0
1
0
0
0
0
1
0
0
0
0
-1
0
0
-1
0
0
0
0
0
0
0
0
0
0
-1
0
1
0
0
0
0
-1
0
0
1
0
0
0
0
0
-1
0
0
0
0
0
0
-1
0
0
-1
0
0
0
-1
-1
0
0
0
-1
0
0
0
0
0
0
0
0
0
0
0
0
0
0
0
-1
0
0
0
-1
0
0
0
-1
0
0
0
0
1
0
0
0
-1
-1
1
0
0
0
0
0
1
0
0
0
0
0
0
1
-1
0
0
0
-1
0
-1
0
0
0
0
-1
0
0
0
0
0
0
0
0
0
0
0
0
1
0
1
1
0
1
0
0
0
0
0
1
0
1
0
0
0
1
0
0
-1
0
0
0
0
-1
0
0
0
0
-1
-1
1
0
0
1
0
0
1
0
0
0
-1
1
0
0
0
0
0
0
-1
0
0
0
0
0
0
0
0
0
0
0
0
0
0
0
0
0
0
0
0
-1
0
-1
0
-1
0
0
0
-1
0
-1
0
-1
1
0
0
0
0
0
-1
0
-1
0
-1
0
0
0
0
-1
0
-1
0
1
0
0
0
0
0
0
1
0
0
0
0
0
0
-1
0
0
0
0
-1
0
0
0
1
0
1
1
0
0
0
0
0
0
0
0
0
0
1
0
1
0
-1
0
0
0
0
0
1
0
0
0
0
0
1
1
0
0
0
0
-1
0
0
0
0
0
0
0
0
0
0
0
0
0
0
0
0
0
0
0
0
0
0
0
0
0
0
-1
0
1
0
0
0
0
0
0
0
-1
1
0
0
0
1
0
1
0
0
0
0
0
0
0
-1
0
1
0
0
0
1
0
0
0
0
-1
1
1
0
0
1
1
0
0
0
0
0
0
0
-1
0
0
0
0
1
0
0
0
0
0
0
-1
-1
1
0
0
1
0
0
-1
0
-1
0
0
1
0
0
0
0
1
-1
0
0
0
0
0
0
0
0
0
0
0
0
0
0
-1
0
0
0
0
1
0
0
0
0
0
0
0
0
-1
0
0
0
-1
0
0
1
0
-1
0
0
0
0
0
1
1
0
0
-1
0
0
-1
0
0
0
0
-1
0
0
0
0
1
0
1
0
0
0
0
0
1
0
0
0
0
0
0
0
-1
0
-2
0
-1
0
0
0
0
-1
0
0
0
0
0
0
0
0
0
1
0
0
0
0
0
0
0
0
0
0
0
0
0
0
-1
0
0
0
1
0
0
0
0
-1
0
-1
0
1
0
0
1
0
0
0
0
0
0
0
0
0
0
1
-1
0
-1
0
0
-1
0
0
0
1
-1
0
0
0
0
0
1
0
0
0
0
0
0
0
-1
1
0
0
0
0
0
-1
0
0
0
0
0
0
-1
0
-1
0
-1
0
0
1
0
0
0
0
0
0
0
0
0
0
0
0
1
0
0
0
0
1
1
0
0
1
0
0
0
0
0
0
0
-1
-1
0
0
0
1
0
-1
0
0
-1
0
0
0
-1
0
0
1
0
0
0
0
0
0
1
0
0
0
0
1
0
0
0
1
1
0
0
0
0
0
0
1
0
1
0
0
0
1
0
0
0
-1
0
1
0
-1
0
0
0
0
0
0
0
0
0
0
0
1
0
1
0
0
0
0
0
-1
0
1
0
0
-1
0
-1
0
0
-1
0
0
0
0
0
0
0
0
0
-1
0
0
0
0
0
0
0
0
0
0
0
0
0
0
0
0
0
0
0
0
0
0
0
-1
0
0
0
0
0
0
0
-1
0
0
0
0
-1
0
0
0
0
0
0
0
0
0
0
0
0
0
0
0
0
0
1
-1
0
0
0
0
0
0
-1
1
0
0
0
0
0
-1
0
0
0
0
0
0
0
0
0
0
-1
-1
-1
-1
0
-1
0
0
0
0
0
0
-1
-1
0
-1
0
0
0
-1
0
0
0
0
0
0
0
1
0
0
0
0
0
0
0
0
0
0
1
1
0
0
0
0
0
0
0
0
0
0
0
1
0
0
0
0
0
1
1
0
0
0
0
0
-1
0
0
0
0
0
0
1
0
0
1
0
0
0
1
0
0
0
0
1
1
0
0
0
-1
0
0
0
0
0
0
1
0
1
0
-1
0
0
0
0
0
0
0
0
0
0
0
1
0
0
1
0
0
0
1
0
0
0
-1
0
0
0
0
0
0
0
0
0
0
1
0
0
0
-1
-1
0
0
0
0
0
0
0
0
0
0
-1
0
1
0
0
0
0
0
0
0
-1
0
1
0
0
0
0
-1
0
-1
-1
0
0
0
0
1
0
0
0
0
0
0
0
0
1
1
0
1
-1
0
0
0
0
0
0
0
0
0
0
0
0
0
0
0
0
0
0
0
0
0
0
0
0
0
0
0
0
-1
1
0
1
0
0
1
0
0
0
0
0
1
-1
0
0
0
0
0
1
0
0
0
0
0
0
-1
1
0
0
1
-1
-1
0
0
0
0
0
0
0
0
0
0
0
0
0
0
0
0
0
0
0
0
1
0
-1
0
0
0
0
-1
0
0
0
0
1
-1
0
0
0
0
-1
0
0
0
0
0
0
0
0
0
0
0
0
0
0
-1
0
0
0
0
0
0
0
0
0
1
0
-1
0
0
0
0
0
0
0
0
0
0
0
0
0
0
0
0
0
0
0
-1
0
0
0
0
0
0
0
0
0
0
0
0
0
1
0
0
0
0
0
0
0
1
0
0
0
1
1
0
0
0
-1
1
1
0
0
0
0
0
0
0
1
0
0
0
1
0
0
0
0
0
-1
0
0
0
0
0
0
0
0
0
0
-1
-1
-1
0
0
0
0
-1
0
0
0
0
0
0
0
0
0
1
0
1
0
0
0
0
0
0
1
-1
0
1
-1
0
0
0
0
0
0
0
-1
0
0
0
-1
0
-1
0
0
0
0
0
-1
0
0
0
0
0
0
-1
0
0
0
0
0
-1
0
0
-1
-1
0
0
0
0
0
1
0
0
1
0
0
-1
0
0
0
0
0
0
0
0
0
1
0
1
0
0
1
-1
1
0
0
0
-1
-1
0
0
0
-1
0
-1
0
0
0
-1
0
0
0
0
1
0
0
0
0
0
0
1
0
1
0
0
0
0
0
0
1
0
0
0
1
1
0
0
0
0
0
0
0
0
-1
1
0
0
0
0
0
0
0
1
0
0
-1
0
0
0
-1
-1
0
0
1
0
-1
0
0
0
0
0
0
-1
-1
0
0
-1
1
0
1
0
0
0
0
0
0
1
0
0
0
0
0
0
0
0
0
1
-1
0
0
0
0
0
0
0
0
0
1
0
0
0
0
0
0
-1
0
0
0
0
0
-1
0
0
0
0
0
0
0
0
1
0
0
0
1
0
0
-1
-1
0
0
0
1
-1
0
0
0
-1
1
0
0
0
1
-1
0
0
0
0
0
0
0
0
0
0
0
-1
0
0
0
0
0
0
0
0
0
0
1
-1
0
0
-1
1
0
-1
-1
0
0
0
0
0
0
0
0
0
0
0
-1
0
0
0
0
0
0
0
-1
0
0
0
-1
0
0
-1
-1
0
0
0
0
0
1
1
-1
0
-1
0
0
0
0
0
0
0
0
1
0
0
0
0
-1
1
0
0
1
0
0
0
0
0
1
1
0
0
0
0
0
-1
0
-1
1
0
1
0
0
1
0
0
1
0
0
0
1
-1
-1
1
0
0
0
-1
0
0
1
0
0
0
0
0
0
-1
1
0
0
-1
0
0
1
1
-1
0
0
0
0
0
0
0
0
0
-1
1
0
0
1
0
0
0
0
1
-1
1
0
0
0
-1
1
0
0
0
0
0
0
0
0
-1
0
-1
1
0
0
1
0
0
0
0
0
0
0
0
-1
0
0
0
1
0
0
0
-1
0
0
-1
0
0
1
1
0
0
0
-1
-1
0
0
0
-1
0
1
1
0
1
0
0
1
0
0
1
0
0
0
0
0
0
0
0
0
0
0
-1
1
0
0
0
-1
0
0
0
0
0
0
-1
0
-1
0
0
0
0
0
-1
0
0
0
1
0
0
0
0
0
0
0
0
0
-1
1
1
-1
0
0
0
0
0
0
0
-1
0
0
0
-1
0
-1
0
0
0
0
0
0
0
0
-1
0
0
0
0
0
0
-1
0
0
0
1
0
0
0
0
0
0
1
0
1
0
0
0
0
0
0
1
0
0
-1
0
0
1
0
0
0
1
0
0
0
0
-1
0
0
0
0
1
1
1
0
0
-1
1
0
0
0
-1
0
0
0
0
1
0
0
0
0
0
1
0
0
0
0
0
0
0
0
0
0
1
0
0
0
-1
0
0
0
0
0
0
1
-1
-1
0
0
0
0
0
1
0
-1
0
0
0
0
0
0
0
0
-1
0
0
0
0
1
0
0
0
0
0
-1
1
1
0
0
0
0
1
0
0
0
0
0
0
0
0
0
0
0
0
1
0
0
0
0
0
0
1
0
0
0
0
0
0
0
0
1
0
1
0
-1
0
0
0
0
-1
0
0
0
0
0
0
-1
0
0
-1
-1
0
0
-1
1
0
0
0
0
0
0
0
0
0
0
0
0
0
-1
0
0
0
0
0
0
0
0
0
0
0
1
0
0
0
0
-1
0
-1
0
0
0
0
1
0
0
0
0
0
0
0
-1
0
-1
0
0
1
0
0
0
0
0
0
0
1
0
0
0
0
0
0
-1
0
1
0
0
0
0
0
0
0
0
-1
0
0
0
0
0
0
0
0
1
0
-1
0
1
0
0
-1
0
0
0
0
-1
0
0
0
0
1
0
0
0
0
0
0
0
0
-1
0
0
0
0
0
0
0
0
0
1
0
0
0
0
0
1
0
0
1
0
1
-1
0
0
0
0
0
0
0
0
0
0
-1
-1
0
0
0
0
0
0
0
0
0
0
-1
0
-1
0
0
0
0
0
0
-1
0
0
0
0
0
0
0
0
0
0
0
1
0
0
0
0
0
1
1
0
-1
0
0
0
0
0
0
0
0
1
0
0
0
0
0
0
0
1
0
0
0
0
0
1
0
0
0
0
0
0
0
-1
-1
0
0
0
0
0
-1
-1
0
0
0
-1
1
0
0
-1
0
0
0
0
0
0
0
0
0
0
0
0
0
0
0
0
1
0
0
-1
0
0
0
0
0
0
1
0
0
-1
-1
0
0
0
0
-1
0
0
0
0
0
1
0
0
1
0
1
0
0
0
0
0
0
-1
0
0
0
0
0
0
1
0
0
0
0
0
0
-1
-1
0
-1
0
0
0
0
0
0
0
0
0
0
0
0
0
0
-1
0
0
0
0
1
0
0
0
0
0
0
0
0
0
0
