0
-1
1
0
0
1
0
0
0
0
0
0
0
0
0
0
0
0
0
0
0
1
0
0
0
0
-1
1
0
0
0
0
0
0
0
0
0
0
0
0
-1
0
0
0
-1
0
0
1
1
0
0
0
0
-1
0
1
0
-1
0
0
0
0
-1
0
0
0
0
0
-1
-1
0
0
0
0
1
0
0
0
0
-1
0
0
0
1
0
0
0
0
1
0
-1
0
0
-1
0
0
0
0
0
0
0
0
0
0
0
1
0
0
0
0
-1
-1
0
-1
0
0
0
-1
0
0
0
0
1
1
-1
0
0
-1
-1
0
0
-1
0
0
-1
0
0
-1
1
-1
0
0
0
0
0
0
0
0
0
0
1
0
0
-1
0
1
0
-1
0
0
0
0
0
0
0
1
0
0
0
0
0
0
-1
0
0
-1
0
0
1
0
0
1
0
0
0
1
0
0
0
0
0
0
1
-1
0
0
0
1
0
-1
0
0
0
0
0
-1
0
0
0
0
1
0
0
1
0
0
0
1
0
0
0
0
0
1
0
0
0
0
0
0
0
1
0
0
0
0
-1
0
0
-1
-1
0
-1
0
0
0
1
1
0
0
0
-1
1
0
0
0
0
1
0
1
0
0
1
1
0
1
0
0
0
-1
0
0
0
-1
0
0
1
0
0
0
0
1
0
1
0
0
0
0
-1
0
0
0
0
0
-1
0
0
0
1
1
0
0
-1
0
0
1
0
0
-1
1
0
0
0
0
-1
0
0
0
0
0
0
0
0
0
0
0
1
0
0
0
-1
1
1
1
0
1
-1
0
-1
-1
0
0
0
0
0
0
0
0
-1
0
-1
1
0
1
0
0
0
0
0
0
0
0
0
0
-1
0
0
0
0
1
0
-1
0
0
0
0
0
0
-1
1
0
-1
0
0
0
0
0
0
0
1
1
0
0
0
0
0
0
0
-1
0
0
0
0
0
0
-1
-1
0
0
0
0
-1
1
0
1
-1
0
0
-1
0
0
0
1
0
0
0
0
0
0
0
1
0
1
0
0
0
-1
-1
0
0
0
0
1
0
-1
0
0
0
0
1
0
-1
0
0
0
0
0
1
0
0
0
0
0
0
0
0
0
0
1
0
0
0
0
0
0
0
0
0
0
0
0
0
-1
-1
0
0
0
0
0
0
-1
0
0
-1
0
0
0
0
0
0
0
0
0
0
0
0
0
0
0
0
0
-1
0
0
1
0
0
-1
1
0
0
0
0
0
0
0
0
0
0
-1
1
0
0
-1
0
0
0
1
0
-1
0
0
0
0
0
0
0
1
-1
0
-1
-1
-1
-1
0
0
0
1
0
0
0
0
0
1
0
-1
-1
0
0
0
0
0
0
0
-1
0
-1
0
1
0
0
0
0
1
0
0
0
0
0
-1
-1
0
0
0
0
-1
0
1
0
1
0
0
0
0
-1
0
0
0
-1
0
0
0
0
0
0
0
0
-1
0
0
0
1
0
1
0
-1
0
1
0
0
-1
0
0
0
0
0
0
1
0
1
0
0
0
0
0
1
0
1
0
0
0
1
0
0
0
0
0
-1
0
0
0
0
0
0
0
0
0
-1
0
0
0
0
0
0
0
0
0
0
1
0
1
0
0
1
0
0
1
0
0
1
0
0
1
0
0
0
0
0
0
0
0
0
0
0
1
0
0
-1
0
0
-1
0
-1
0
0
1
1
0
0
1
-1
0
0
0
0
0
0
1
0
0
-1
0
0
0
0
-1
0
0
0
0
0
0
0
-1
0
0
0
0
0
0
0
1
0
0
0
0
0
-1
0
0
0
0
0
1
0
0
0
0
0
0
0
1
0
-1
0
-1
1
0
0
0
0
-1
0
0
0
0
0
0
-1
1
0
0
0
1
0
-1
0
1
1
0
-1
0
0
1
0
0
0
0
0
-1
0
0
0
0
1
0
0
0
-1
0
0
0
0
0
1
1
0
0
0
-1
-1
0
0
0
1
0
0
0
0
0
0
1
0
0
-1
0
0
0
0
0
0
0
0
1
0
0
-1
0
0
0
0
0
0
0
0
1
0
0
0
0
0
0
0
0
1
0
0
0
0
0
0
-1
0
0
0
0
1
0
0
1
0
0
0
1
-1
0
-1
0
0
0
1
0
0
0
0
0
0
1
0
0
0
0
0
0
0
0
0
-1
0
0
0
1
0
0
0
1
0
0
0
0
0
0
0
0
0
0
1
0
1
0
-1
0
0
-1
0
0
0
-1
0
0
0
-1
0
-1
0
-1
1
0
0
0
0
0
1
0
1
0
0
0
0
0
0
0
0
0
0
0
0
0
0
-1
0
0
0
0
0
0
0
0
0
0
-1
0
0
1
0
0
-1
0
0
0
0
0
0
0
0
-1
0
0
0
0
0
0
1
0
0
0
0
0
-1
0
0
-1
0
0
0
0
0
0
0
0
0
0
0
1
0
1
1
0
0
-1
1
0
0
0
0
0
0
0
0
0
0
0
0
1
0
0
1
0
1
0
0
1
0
0
0
0
0
-1
0
-1
0
0
1
1
0
0
-1
0
-1
-1
0
0
0
1
1
0
-1
0
1
0
0
0
0
0
0
1
-1
0
1
0
0
0
-1
0
0
0
1
0
-1
0
-1
-1
0
0
1
0
0
0
1
1
0
0
1
1
-1
0
-1
0
0
0
1
0
0
0
0
-1
0
0
-1
0
0
-1
-1
1
0
0
0
0
-1
0
1
0
0
0
-1
1
0
1
0
1
-1
0
0
0
-1
0
0
0
0
0
0
0
0
0
0
0
0
0
0
0
0
0
1
0
0
0
0
1
0
0
0
0
0
0
0
0
0
0
0
0
0
0
0
0
0
0
0
0
1
0
0
0
0
-1
0
0
1
0
0
0
0
0
-1
0
0
0
0
0
0
-1
0
0
-1
0
0
0
-1
0
0
0
0
-1
0
0
0
0
0
0
0
0
0
0
0
0
0
0
0
-1
0
0
0
-1
0
0
0
-1
0
0
0
0
1
0
0
0
0
-1
1
0
0
0
0
0
1
0
0
0
0
0
0
1
0
0
0
0
-1
0
-1
0
0
0
0
0
0
0
0
0
0
0
0
0
0
0
0
0
1
0
1
1
0
1
0
0
0
0
0
1
0
1
0
0
0
1
0
0
0
0
0
1
0
-1
0
0
0
0
-1
-1
1
0
0
1
0
0
1
0
0
0
-1
1
0
0
0
0
0
0
-1
0
0
0
0
0
0
0
0
0
0
0
0
0
0
0
0
0
0
0
0
-1
0
-1
0
0
0
0
0
0
0
-1
0
-1
1
0
0
0
0
0
-1
0
-1
0
-1
0
0
0
0
-1
0
-1
0
1
0
0
0
0
0
0
1
0
0
0
0
0
0
-1
0
0
0
0
0
0
0
0
1
0
1
1
0
0
0
0
0
0
0
0
0
0
1
0
1
0
0
0
0
0
0
0
0
0
0
0
0
0
1
1
0
0
0
0
-1
0
0
1
0
0
0
0
0
0
0
0
0
0
0
0
0
0
0
0
0
0
0
0
0
0
0
-1
0
1
0
0
0
0
0
0
0
-1
1
0
0
0
1
0
1
0
0
0
0
0
0
0
-1
0
1
0
0
0
1
0
0
0
0
-1
1
1
0
-1
1
0
0
0
0
0
0
0
0
-1
0
0
0
0
1
0
0
0
0
0
0
-1
-1
1
0
0
1
0
0
-1
0
-1
0
0
1
0
0
0
0
1
-1
0
0
0
0
0
0
0
0
0
0
0
0
0
0
-1
0
0
0
0
1
0
0
0
0
0
0
0
0
-1
0
0
0
-1
0
0
1
0
-1
0
0
0
0
1
1
1
0
0
-1
0
0
-1
0
0
0
0
-1
0
0
0
0
1
0
1
0
0
0
0
0
1
0
0
0
0
0
0
0
-1
1
-1
0
-1
0
0
0
0
0
0
0
0
0
0
0
0
0
0
1
0
0
0
0
0
0
0
0
0
0
0
0
0
0
-1
0
0
0
1
0
0
0
0
-1
0
-1
0
1
0
0
1
0
0
0
0
0
0
0
0
0
0
1
-1
0
-1
0
0
-1
0
0
0
0
-1
0
0
0
0
0
1
0
0
0
0
0
0
0
-1
0
0
0
0
0
0
-1
0
0
0
0
0
0
-1
0
-1
0
0
0
0
1
0
0
0
0
0
0
0
0
0
0
0
0
1
0
0
0
0
1
0
-1
0
1
0
0
-1
0
0
0
0
-1
-1
0
0
0
1
0
-1
0
0
-1
0
0
0
-1
0
0
1
0
0
0
0
0
0
1
0
0
0
0
1
0
0
0
1
1
0
0
0
0
0
0
1
0
1
0
0
0
1
0
0
0
-1
0
1
0
-1
0
0
0
0
0
0
0
0
0
0
0
1
0
1
0
0
0
0
0
-1
0
1
0
0
-1
0
-1
0
0
-1
0
0
0
0
0
0
0
0
0
-1
0
0
0
0
0
0
0
0
0
0
0
0
0
0
0
0
-1
0
0
0
0
0
0
-1
0
0
0
0
0
0
0
-1
0
0
1
0
0
0
0
0
0
-1
-1
0
1
0
1
0
-1
0
1
0
0
0
1
0
0
-2
-2
-1
-1
-1
0
2
1
2
2
0
-1
-2
-1
-2
-3
-1
2
3
2
0
-1
-1
-1
-2
-2
0
1
0
0
1
1
3
4
0
-4
-3
-2
-3
-2
-2
-1
-1
0
2
3
2
2
2
4
5
3
0
-4
-9
-13
-12
-3
8
10
8
9
10
6
-4
-13
-16
-16
-10
3
12
21
30
20
3
-10
-21
-33
-39
-35
-12
17
39
52
48
31
6
-22
-37
-44
-39
-18
-2
12
25
22
13
8
0
-3
-5
-7
-2
0
4
15
14
5
-4
-17
-23
-21
-14
0
10
17
24
20
12
2
-15
-21
-21
-11
14
22
11
6
1
-5
-12
-17
-3
4
-5
-4
2
-2
0
5
7
8
7
13
11
9
15
-1
-21
-21
-23
-20
0
2
-17
-44
-57
-27
49
132
171
139
64
-42
-167
-239
-215
-120
9
113
161
159
118
69
36
5
-30
-89
-159
-186
-136
-15
119
201
211
136
-4
-121
-168
-181
-147
-41
83
161
197
181
91
-20
-100
-167
-200
-152
-66
5
76
144
159
129
80
5
-64
-88
-100
-103
-45
33
54
44
50
26
-47
-82
-63
-49
-2
91
139
128
98
27
-80
-145
-135
-113
-96
-33
42
83
122
141
92
17
-31
-61
-83
-79
-48
-23
-8
33
56
49
60
59
6
-44
-92
-135
-132
-51
76
180
217
169
29
-82
-106
-111
-79
-16
-15
-58
-80
-54
10
111
213
239
142
8
-110
-194
-170
-76
0
60
55
-13
-39
21
97
103
50
21
0
-57
-120
-163
-119
11
87
131
172
145
63
-45
-132
-143
-109
-89
-102
-98
-16
76
83
88
130
153
140
62
-77
-220
-279
-195
-79
-15
52
124
129
66
32
50
75
20
-81
-120
-82
-20
-11
-51
-4
123
163
50
-59
-97
-94
-82
-52
50
154
157
83
-6
-12
4
-16
-25
-33
-16
18
18
-14
-20
32
25
-11
9
25
36
28
23
9
-35
19
88
43
-7
19
12
-85
-146
-113
3
101
84
30
-66
-107
-76
-23
107
185
156
55
-72
-151
-218
-182
-86
3
44
23
68
55
1
22
57
111
88
-74
-206
-192
-111
-38
43
29
11
-11
6
127
133
123
91
-42
-95
-159
-193
-161
-125
14
164
251
299
267
127
-40
-158
-219
-258
-246
-137
-17
87
209
270
304
302
221
49
-207
-359
-404
-349
-47
248
303
276
202
78
-30
-99
-108
-129
-135
-73
-70
-13
113
112
81
105
90
36
-22
-76
-117
-157
-168
-145
-75
71
169
156
121
66
-13
-133
-197
-155
-80
9
36
0
40
75
26
0
38
39
-32
-91
-107
-148
-154
-18
87
107
148
147
80
44
-24
-132
-155
-80
11
40
6
19
-55
-100
75
190
206
199
107
8
-57
-136
-178
-159
-87
39
100
129
231
196
121
15
-151
-133
-111
-134
-54
-12
77
173
145
143
181
149
82
-45
-233
-332
-333
-191
-8
56
91
85
98
210
237
155
65
-74
-251
-340
-315
-234
-109
42
164
224
215
109
25
-41
-101
-159
-232
-208
-114
16
172
193
155
130
35
-116
-124
-94
-150
-138
-101
-24
74
202
271
95
21
45
-63
-110
-137
-95
-10
87
148
52
-37
-106
-196
-95
99
197
219
219
163
94
23
-26
-77
-147
-97
-42
-39
32
63
103
167
92
-49
-150
-130
-59
-17
90
235
274
206
66
-77
-210
-257
-211
-166
-111
-45
46
206
263
144
-19
-145
-194
-223
-206
-135
-112
-72
48
138
228
274
146
-64
-161
-258
-301
-188
-34
110
169
166
124
39
28
22
-67
-61
115
103
-116
-138
-144
-81
40
-19
-31
85
141
85
-28
22
142
100
-7
-26
-71
-147
-166
-112
27
130
99
70
102
110
173
132
-19
-96
-85
5
87
16
-93
-103
-35
40
128
135
100
39
-73
-119
-144
-56
136
108
27
173
230
139
0
-151
-228
-299
-340
-255
-136
33
168
214
180
72
-44
-117
-207
-228
-98
9
119
194
145
126
14
-180
-215
-182
-68
51
41
49
69
80
92
13
-54
49
183
130
16
-32
-104
-129
-183
-198
-150
-54
52
172
347
368
262
128
-90
-208
-312
-347
-325
-275
29
360
531
506
288
10
-198
-270
-236
-135
6
41
5
25
135
234
203
65
-47
-144
-209
-233
-191
-19
110
148
142
92
52
59
15
-17
-7
-71
-107
-123
-204
-111
23
8
-50
-32
-22
-60
47
75
-33
-77
-64
-6
46
95
188
112
-37
-153
-200
-121
26
76
178
240
167
57
-70
-66
-93
-177
-145
-172
-64
226
262
120
14
-89
-196
-182
-115
-35
52
147
212
218
203
129
13
-158
-260
-291
-343
-224
35
298
521
474
235
20
-168
-278
-324
-338
-198
-58
56
337
517
399
214
43
-183
-299
-280
-203
-24
73
89
78
14
-32
-22
-8
12
-64
-200
-189
-170
-84
98
154
103
63
61
26
13
21
-25
-14
-51
-64
-105
-228
-245
-156
89
318
408
295
72
-126
-186
-45
-14
-96
-63
-67
-20
90
169
173
60
50
65
59
-18
-80
-127
-179
-59
78
88
139
79
-54
-219
-303
-280
-203
76
298
368
310
157
-83
-296
-301
-166
-5
127
177
180
170
122
-18
-184
-234
-231
-239
-206
-13
154
243
383
428
221
26
-100
-242
-301
-208
-55
-23
97
188
146
88
-15
-66
28
140
130
-26
-241
-317
-211
-84
-6
53
92
125
87
30
41
37
-60
-102
-155
-110
-37
1
195
250
208
195
68
-174
-328
-327
-238
-86
21
148
200
90
27
14
109
185
125
49
-24
14
36
42
-29
-147
-104
-63
-38
60
59
-21
-100
-220
-191
-13
215
318
251
101
-63
-211
-219
-204
-235
-167
-71
61
196
227
219
229
189
64
-107
-260
-365
-229
-49
70
199
184
44
-46
-39
-9
-5
-61
-42
39
154
200
118
152
157
63
24
-38
-191
-267
-257
-281
-212
12
228
312
218
75
-9
-136
-257
-205
-138
-66
102
152
201
236
154
45
-107
-275
-232
-177
-130
107
226
235
221
89
-29
-130
-201
-216
-43
57
34
84
58
74
55
101
114
39
25
-68
-123
-88
-4
64
25
60
-14
-122
-139
-60
31
-72
-156
-160
-100
65
224
253
178
171
52
-97
-92
-144
-187
-196
-94
67
109
188
250
223
225
88
-125
-429
-532
-300
-5
267
338
234
68
-47
-72
-78
-11
7
-54
-115
-171
-12
177
273
239
132
46
-155
-337
-428
-235
23
164
342
235
96
-30
-222
-116
33
66
-39
-163
-108
13
288
419
340
158
-144
-342
-399
-313
-178
19
106
80
140
122
73
92
121
117
12
-131
-271
-322
-256
-114
37
93
90
161
291
282
241
226
52
-176
-276
-311
-278
-121
-34
-5
31
49
193
172
125
210
138
45
-71
-188
-252
-276
-228
-62
150
285
295
155
-46
-143
-166
-57
71
33
-62
-131
-92
7
82
92
54
-42
-92
-114
-69
99
192
154
106
20
-90
-106
-78
-55
-35
20
124
147
122
86
5
0
-38
-186
-254
-202
-166
-76
32
162
228
185
121
11
-19
-18
-109
-163
-114
58
128
77
46
-30
-37
-87
-91
-139
-99
81
164
228
242
193
64
-105
-221
-291
-232
-154
-155
-123
68
341
384
386
340
156
-130
-389
-499
-416
-129
100
203
220
157
100
48
-1
-47
-172
-329
-374
-248
-20
293
438
504
447
215
-34
-318
-433
-349
-173
42
147
167
65
-35
-57
-139
-53
19
78
161
107
24
-25
-28
15
-9
-3
10
-68
-158
-159
-108
-35
71
142
191
210
179
82
-10
-45
-158
-267
-276
-269
-133
1
126
285
251
194
159
-11
-92
-97
-67
-20
1
65
121
105
101
12
-174
-286
-377
-365
-124
142
354
432
299
134
-76
-198
-181
-106
55
168
90
-40
-176
-238
-188
18
192
163
81
-26
-75
8
81
65
28
53
60
-7
-40
-55
-79
-230
-304
-196
-18
209
311
309
268
115
-9
-121
-141
-70
-88
-136
-171
-97
-25
106
223
132
93
-43
-193
-198
-255
-9
240
263
250
34
-79
-110
-172
-116
37
216
183
115
28
-127
-225
-379
-280
23
208
291
162
32
-7
27
66
-17
-72
-113
-121
-38
40
87
55
-24
-64
-38
62
112
112
37
-15
-12
-69
-145
-178
-135
45
148
101
-76
-194
-10
211
323
274
66
-87
-221
-334
-276
-141
31
102
154
260
220
91
20
-67
-59
-12
-40
-123
-213
-175
-94
-30
73
169
208
147
32
-57
-88
-48
-22
-1
23
134
161
5
-63
-54
-63
-115
-178
-156
-124
-20
69
95
172
170
165
141
42
-64
-145
-39
-28
-152
-48
31
92
168
60
-69
-131
-185
-210
-95
64
138
173
141
172
139
-36
-149
-184
-95
-36
-84
-125
-92
39
113
149
241
247
114
-58
-193
-218
-67
92
124
-15
-120
-71
-116
-156
-100
7
115
138
136
105
106
150
86
12
-19
-89
-162
-174
-205
-188
-97
-104
-76
85
222
313
317
156
61
76
-16
-139
-230
-270
-183
-130
-90
34
115
228
288
174
127
17
-140
-86
-106
-147
-88
-66
-52
-100
-10
155
121
102
27
-124
-160
-137
-71
-12
126
258
282
282
129
-67
-182
-178
-120
-205
-152
-57
-65
-35
-71
3
185
314
319
172
44
-110
-260
-290
-98
89
91
74
-102
-196
-95
-39
95
162
222
191
-53
-88
-43
-58
2
-2
-92
-141
-81
-14
-22
-2
107
163
112
126
142
60
-50
-148
-267
-269
-55
114
238
288
92
-161
-304
-232
-134
-42
151
200
226
200
44
-67
-142
-148
-154
-93
-2
16
47
81
193
269
244
87
-145
-282
-405
-311
-101
85
313
368
367
188
-99
-191
-271
-302
-224
-82
61
158
216
260
324
238
61
-91
-263
-380
-377
-191
65
215
224
134
9
-101
-123
-107
-38
83
166
175
59
-41
-64
-121
-129
-72
-96
-131
-2
177
244
207
145
33
-181
-335
-360
-289
-76
160
248
220
165
4
-119
-92
-36
27
6
9
37
36
47
-44
-93
-36
6
41
92
145
17
-78
-52
-77
-93
-75
35
59
116
277
301
223
-6
-270
-385
-302
-113
36
224
254
198
138
79
161
46
-131
-244
-356
-296
-169
20
228
324
322
203
-7
-130
-121
-161
-192
-177
-171
-79
92
268
341
314
233
68
-243
-492
-428
-279
-148
-62
31
169
192
211
232
166
32
-97
-226
-377
-329
-135
68
224
249
269
165
17
-107
-198
-164
-120
-6
73
105
146
70
-53
-102
-49
-36
-72
3
82
206
262
131
-125
-287
-195
-4
169
244
246
185
83
-46
-202
-228
-166
-75
5
29
124
112
52
60
81
126
55
-57
-164
-241
-196
-102
29
178
318
339
170
-63
-189
-210
-246
-202
-124
-94
-21
7
128
288
281
133
-145
-329
-338
-296
-169
-27
104
191
154
182
236
213
137
-87
-332
-415
-353
-142
128
304
271
72
-127
-232
-184
-105
13
148
212
197
146
118
-30
-234
-196
-20
116
161
148
84
-6
-73
-153
-41
126
110
12
-86
-50
23
77
203
214
53
-135
-252
-229
-120
47
161
255
303
189
56
32
47
-32
-152
-188
-186
-177
-88
42
159
163
70
-49
-98
-37
-14
-14
69
101
38
-51
-94
-27
29
6
-15
7
50
48
-42
-122
-91
0
92
135
40
-25
-33
-59
-70
-132
-146
-125
-197
-181
-24
146
252
292
251
170
127
58
-55
-109
-117
-151
-251
-302
-265
-147
48
216
264
213
179
64
-74
-141
-173
-210
-212
-151
36
294
431
366
227
65
-183
-458
-571
-505
-312
27
358
503
419
248
79
-139
-336
-401
-345
-202
-18
212
360
329
228
92
-86
-195
-255
-256
-128
89
228
202
143
45
-70
-104
-91
-103
-185
-166
-46
40
182
285
265
207
81
-20
-45
-71
-47
-34
-36
-23
29
68
66
90
75
-6
-28
-14
19
32
53
86
40
22
-11
-48
-53
-44
24
76
166
204
118
37
-72
-155
-187
-138
-20
-1
43
110
104
125
74
-24
-58
-44
-45
-101
-125
-74
17
92
101
52
-68
-143
-139
-129
-89
-11
89
137
125
90
-21
-136
-219
-278
-189
19
149
153
150
78
26
-72
-252
-308
-257
-154
-30
128
282
317
318
190
-95
-308
-358
-348
-340
-184
15
172
309
319
307
193
-14
-157
-244
-208
-173
-55
55
14
45
65
58
119
110
89
32
48
71
10
36
26
-15
-75
-96
-25
23
148
154
60
77
20
40
64
16
15
28
65
88
57
-22
-87
2
149
258
217
103
27
-81
-120
-141
-153
-49
98
225
322
274
142
16
-125
-164
-127
-108
-14
90
128
112
47
-46
-83
-144
-191
-64
70
143
265
281
218
78
-123
-278
-356
-248
-168
-135
39
183
220
183
112
39
-109
-285
-430
-421
-256
14
267
337
319
179
-61
-194
-238
-224
-254
-217
-131
-149
-114
-47
69
154
113
89
44
-33
-160
-275
-231
-134
-29
-34
-35
7
-84
-65
-17
-9
69
4
-101
-104
-5
26
-34
21
62
-19
-136
-183
-159
-132
-38
30
125
180
143
121
-2
-13
-14
-90
-92
-149
-88
70
157
165
111
86
-24
-53
12
9
18
19
22
-27
-61
-46
15
154
189
211
212
147
108
3
-104
-212
-197
-109
-59
105
274
353
302
99
-25
-41
-70
-47
37
39
29
29
24
77
98
90
26
-62
-58
-27
31
130
202
207
132
38
-11
-28
-114
-147
-72
7
62
89
85
48
40
42
42
96
94
34
-59
-102
-26
4
13
12
1
66
123
63
-56
-133
-123
-55
-18
38
150
161
107
31
-129
-247
-217
-104
9
98
208
255
121
6
-63
-168
-194
-240
-282
-172
5
138
165
172
154
123
63
-52
-149
-234
-233
-211
-227
-101
107
226
127
-11
-51
-89
-62
-34
-51
-32
24
-43
-154
-96
-111
-156
-78
-5
91
156
158
43
-164
-277
-279
-197
-70
51
119
157
133
42
47
36
-90
-230
-277
-179
-109
-39
64
121
165
129
21
-41
-60
-50
-11
-21
-53
10
55
29
-7
-27
-32
-68
-60
3
82
154
137
82
34
12
68
43
-112
-189
-130
-2
93
115
112
73
57
55
73
135
114
71
39
-41
-89
-115
-98
-13
67
122
176
167
58
-66
-162
-121
20
103
131
80
84
155
102
27
-23
-55
-97
-137
-65
17
51
88
79
74
54
-72
-161
-56
82
145
162
108
42
-80
-174
-112
-47
-55
-78
-13
143
170
123
11
-120
-86
-33
9
95
79
-1
-57
-69
-64
-45
-18
-26
-23
-10
25
28
26
52
68
104
64
-48
-120
-120
-22
17
39
44
-32
-84
-116
-46
71
151
177
113
29
-94
-172
-170
-156
-17
64
67
93
132
137
68
-29
-125
-151
-122
-104
-7
131
204
71
-93
-90
-90
-44
14
57
137
127
5
-178
-246
-99
21
69
82
17
-67
-6
86
97
108
36
-109
-219
-231
-108
2
128
250
259
243
78
-170
-362
-476
-356
-86
141
281
304
236
145
92
13
-32
-56
-168
-236
-222
-112
66
179
178
118
81
6
-86
-156
-162
-5
115
179
165
36
-41
-68
-59
-96
-130
-45
24
92
145
160
124
36
9
-47
-111
-138
-161
-143
-22
142
168
150
119
18
-4
8
5
-66
-136
-109
-86
-71
-51
9
103
154
185
119
12
-79
-155
-119
-12
69
85
54
7
-55
-136
-161
-112
-96
-13
157
169
106
39
-5
10
-38
-60
21
33
0
-82
-161
-120
-50
28
121
158
158
77
-43
-96
-119
-99
-72
-80
0
60
-40
-49
48
139
197
134
21
-75
-141
-105
-58
-20
67
96
11
-40
-31
-31
20
64
42
13
11
14
-14
-108
-172
-91
27
107
190
202
145
24
-109
-164
-153
-92
-1
100
150
148
87
-45
-151
-202
-181
-106
7
124
185
231
171
54
-52
-132
-126
-177
-207
-77
59
157
224
237
128
-19
-165
-256
-216
-125
48
169
174
153
67
-20
-94
-139
-133
-100
-59
-69
1
86
169
235
167
55
-65
-146
-169
-141
-16
56
46
18
42
88
54
11
-49
-104
-150
-133
-101
-90
21
143
226
263
194
132
15
-104
-154
-197
-203
-152
-88
-52
16
85
171
255
230
142
-18
-201
-279
-263
-144
8
115
150
155
149
109
13
-120
-158
-89
8
74
52
16
30
11
-47
-54
-35
-43
-67
-40
57
65
38
68
40
3
-2
-43
-90
-81
-4
75
90
71
51
-19
-28
41
-1
-83
-119
-100
-49
-43
-24
29
104
189
184
111
39
-52
-167
-210
-189
-146
-60
73
186
214
190
137
18
-64
-103
-187
-229
-144
-8
102
189
244
172
15
-70
-170
-273
-249
-89
91
171
189
190
151
89
-19
-147
-220
-181
-115
-32
105
178
198
135
26
-44
-122
-154
-159
-155
-73
22
80
122
191
188
112
22
-63
-101
-143
-145
-95
-23
107
167
110
-1
-93
-91
-52
-38
-68
-54
52
142
149
102
51
-19
-100
-135
-105
-34
0
3
18
57
114
93
13
-45
-75
-74
-67
-46
-3
27
98
156
103
12
-61
-99
-118
-151
-136
-64
66
199
221
209
162
-22
-246
-327
-208
-19
113
147
111
94
103
49
-60
-113
-120
-153
-156
-52
66
152
225
212
113
-17
-114
-115
-108
-68
-6
-30
-52
-52
-72
-40
52
146
151
89
89
83
17
-44
-114
-171
-146
-64
-29
-41
-1
64
103
171
197
90
-27
-107
-186
-161
-31
62
40
-33
-40
3
43
118
151
110
36
-106
-199
-151
-80
-45
-30
32
138
191
166
46
-80
-58
5
-26
-125
-186
-120
-14
77
188
210
100
-12
-85
-130
-102
-24
4
-24
-6
119
190
61
-92
-136
-103
-27
-20
-54
1
63
81
107
135
129
40
-98
-173
-158
-102
-84
-103
-61
78
225
257
158
22
-70
-87
-64
-42
-33
-61
-115
-119
-38
59
134
193
182
88
-51
-164
-165
-127
-118
-58
27
88
142
171
172
130
44
-44
-146
-258
-307
-225
-40
130
251
309
228
44
-88
-107
-110
-147
-125
-55
-35
36
185
235
198
97
-96
-258
-333
-277
-88
65
201
318
312
221
38
-149
-215
-231
-201
-129
-46
61
123
139
137
102
66
14
-43
-107
-182
-158
-32
93
153
131
74
6
-38
-39
-77
-101
-41
19
40
37
16
-5
-23
-7
-3
-57
-58
-4
27
91
166
170
102
-23
-128
-184
-194
-141
-77
-25
59
150
200
204
153
21
-146
-230
-212
-149
-42
75
134
162
170
116
3
-71
-49
-54
-117
-120
-116
-99
13
124
169
169
144
54
-100
-141
-67
-29
-19
-43
-100
-123
-77
49
143
166
191
154
31
-84
-142
-134
-90
-73
-48
55
139
127
77
9
-75
-160
-192
-121
-47
14
113
158
171
231
231
104
-84
-271
-351
-309
-219
-57
134
251
328
320
185
12
-147
-266
-298
-213
-58
37
80
157
196
145
49
-65
-150
-146
-75
-1
52
67
63
66
69
60
22
-14
-15
-47
-137
-206
-179
-74
55
176
239
188
65
-14
-54
-119
-163
-125
-30
39
65
125
171
119
34
-28
-90
-162
-201
-169
-81
37
112
149
225
215
75
-63
-127
-144
-163
-141
-85
-44
62
165
157
85
29
7
26
71
57
-21
-79
-125
-166
-132
-23
41
7
14
66
64
37
20
16
16
29
54
37
-4
-11
-39
-87
-58
11
30
40
19
-38
-37
-24
-20
-24
-43
-21
13
47
95
47
10
80
84
32
-21
-114
-144
-105
-91
-51
3
83
122
69
68
94
74
73
12
-106
-161
-139
-105
-132
-61
112
189
168
96
-19
-103
-117
-61
-32
9
102
97
85
113
74
-6
-93
-146
-145
-173
-128
-42
18
125
188
188
166
70
-40
-113
-180
-187
-144
-29
101
124
138
179
155
53
-58
-131
-180
-214
-171
-102
21
172
232
216
132
-23
-112
-132
-142
-131
-83
63
175
147
83
21
-42
-65
-118
-98
27
109
109
21
-68
-75
-65
-37
11
54
44
-37
-55
-30
-17
27
63
94
109
93
37
-69
-127
-116
-109
-71
-12
33
116
153
69
-22
-70
-75
-2
-4
-59
-40
24
64
17
37
88
10
-75
-75
-76
-23
48
82
49
80
74
-34
-79
-53
-15
-26
-80
-80
-52
-24
33
6
56
163
207
161
36
-106
-160
-195
-190
-122
-22
110
197
164
79
43
16
-13
-100
-147
-102
-23
25
29
7
54
72
6
-34
-52
-63
-64
-49
45
179
232
163
4
-75
-78
-123
-166
-146
-75
8
36
-6
-36
12
100
146
131
84
10
-76
-93
-36
10
42
37
10
19
6
-33
-63
-98
-113
-94
-63
6
66
108
118
84
47
31
-8
-10
36
57
61
-9
-143
-178
-122
-58
-3
2
41
66
92
147
90
0
-23
-60
-69
-98
-123
-71
13
114
127
95
94
32
-72
-126
-108
-41
23
52
40
29
35
21
-12
-37
-32
-24
-2
-4
-42
-50
-15
25
44
60
35
-38
-43
35
108
124
49
-45
-134
-154
-76
-2
57
83
55
10
-40
-36
15
38
13
-52
-99
-92
-43
7
61
115
126
104
49
-10
-53
-72
-33
3
11
26
11
-8
-33
-72
-99
-105
-52
12
39
57
50
32
19
27
72
95
88
48
-24
-89
-82
-17
-4
-32
-21
15
24
-3
-35
-103
-149
-88
7
75
129
162
136
51
-20
-80
-102
-54
-11
-7
-15
17
57
59
75
89
73
14
-100
-203
-228
-165
-69
12
111
189
205
163
59
-70
-138
-122
-79
-40
25
91
90
54
43
39
27
-1
-57
-103
-97
-67
-73
-76
0
80
92
68
61
64
40
-4
-44
-71
-77
-85
-71
8
106
145
114
61
4
-54
-88
-86
-66
-28
21
47
40
33
39
12
-56
-114
-129
-118
-72
14
98
165
222
229
136
-4
-104
-165
-193
-153
-91
-29
78
190
183
43
-42
-48
-92
-140
-137
-89
-47
-8
51
100
177
222
159
55
-27
-89
-149
-145
-60
14
58
59
22
-17
-36
-47
-85
-93
-42
32
97
103
59
-5
-43
-50
-64
-29
47
109
125
85
34
-24
-49
-43
-64
-75
-53
-18
-8
-30
-32
-21
-5
13
9
18
54
91
91
62
27
-12
-42
-66
-94
-108
-73
0
61
104
116
96
64
19
-48
-129
-145
-79
-3
27
5
-21
-34
-28
26
100
133
91
15
-53
-96
-80
-25
19
61
120
135
40
-81
-120
-87
-36
-13
-37
-73
-68
-31
2
53
110
115
79
42
1
-37
-39
-25
-35
-24
47
94
61
-15
-87
-112
-87
-37
-4
21
64
80
58
26
-9
-38
-58
-59
-42
-19
17
37
32
27
35
69
91
63
-14
-88
-100
-62
-15
29
65
76
34
-68
-190
-248
-177
2
169
235
212
150
96
43
-40
-128
-154
-107
-60
-46
-9
55
95
92
54
-9
-64
-55
-19
-28
-70
-93
-77
-22
76
177
197
133
27
-79
-133
-103
-16
34
3
-48
-52
-6
43
65
63
34
-20
-68
-68
-15
21
-13
-53
-33
14
21
11
35
62
54
37
34
43
26
-20
-68
-82
-49
-19
-22
-41
-52
-31
23
79
110
101
54
-16
-79
-111
-118
-73
18
94
104
53
-7
-13
45
88
40
-36
-55
-47
-55
-56
-28
-7
-9
-11
-13
1
44
52
-3
-51
-43
-17
14
95
169
131
13
-62
-63
-62
-94
-101
-55
9
54
71
55
-7
-70
-67
-28
-18
-32
-9
44
76
103
140
143
87
-7
-109
-208
-247
-172
-39
67
112
115
108
86
43
-2
-22
-35
-78
-105
-60
15
57
59
35
5
8
35
19
-27
-35
-39
-67
-49
36
80
39
5
16
22
0
-39
-64
-39
17
39
17
4
4
-9
-15
-9
-18
-32
-18
20
48
58
57
51
31
-20
-81
-99
-75
-37
4
54
89
70
-5
-88
-108
-34
62
98
69
23
-10
-33
-41
-31
-10
11
20
19
8
-21
-36
3
49
30
-21
-26
-20
-45
-47
7
42
11
-38
-37
19
89
118
89
42
-3
-60
-113
-130
-110
-64
15
96
124
104
66
11
-43
-70
-96
-145
-154
-61
79
199
259
214
77
-49
-107
-145
-160
-109
-41
-10
12
40
34
21
43
40
-8
-10
35
34
-1
4
11
-7
-8
-3
-43
-62
-4
58
69
64
24
-70
-131
-97
-46
-39
-25
35
113
158
124
34
-19
-13
-23
-62
-73
-65
-69
-41
31
82
66
-9
-105
-138
-39
114
182
131
19
-95
-156
-127
-41
49
116
134
75
-18
-76
-107
-128
-100
5
103
102
37
1
10
11
-27
-74
-98
-82
-39
14
75
131
139
77
-16
-81
-106
-113
-112
-83
-16
53
86
93
88
37
-49
-94
-76
-58
-63
-35
43
127
148
72
-65
-159
-167
-137
-108
-61
11
82
120
116
79
23
-49
-114
-142
-138
-129
-89
11
101
112
63
-1
-76
-136
-150
-122
-62
29
96
82
17
-44
-80
-75
-35
-15
-33
-28
15
38
26
26
33
5
-37
-53
-42
-17
29
91
129
120
80
59
71
69
13
-60
-79
-44
4
77
164
201
155
75
2
-50
-54
3
71
113
128
108
63
45
87
150
184
172
128
85
68
63
72
126
207
246
213
133
58
29
35
45
74
153
228
236
209
190
161
108
62
21
-32
-67
-51
8
76
110
111
117
130
95
32
23
61
51
-23
-94
-109
-60
35
125
157
112
2
-128
-202
-188
-134
-96
-75
-70
-94
-129
-138
-118
-93
-81
-104
-175
-264
-330
-346
-307
-245
-205
-204
-207
-195
-191
-190
-177
-182
-229
-283
-313
-328
-314
-250
-179
-159
-185
-215
-224
-192
-130
-93
-107
-163
-256
-363
-401
-319
-185
-94
-76
-90
-94
-95
-104
-108
-110
-141
-185
-183
-131
-82
-31
52
138
185
183
112
-25
-128
-108
-24
40
101
195
269
290
291
274
212
125
70
59
79
132
217
292
341
382
410
380
301
218
166
146
168
235
320
409
500
560
555
494
403
299
226
237
328
410
431
438
451
425
357
302
279
239
170
132
147
169
168
153
140
117
64
-10
-60
-74
-79
-94
-106
-95
-88
-120
-173
-199
-172
-138
-150
-191
-229
-261
-254
-156
-15
42
-15
-100
-158
-220
-294
-335
-331
-295
-242
-191
-153
-138
-146
-182
-235
-269
-267
-250
-247
-261
-275
-271
-248
-253
-311
-374
-377
-322
-266
-241
-253
-300
-363
-422
-446
-407
-338
-307
-340
-397
-444
-499
-545
-541
-508
-495
-507
-522
-513
-472
-416
-376
-396
-482
-581
-637
-619
-523
-358
-146
35
110
96
60
37
53
118
237
397
540
636
708
766
793
766
710
693
704
691
666
659
658
647
630
627
575
425
289
247
223
165
122
123
108
25
-107
-253
-410
-527
-560
-513
-369
-185
-87
-68
-37
28
82
104
141
240
390
556
673
735
828
935
958
932
926
890
795
731
777
845
824
784
785
749
662
594
557
482
365
303
326
308
205
125
119
124
70
-31
-133
-227
-328
-431
-542
-634
-647
-589
-507
-438
-406
-404
-417
-441
-437
-380
-314
-286
-269
-230
-202
-236
-279
-269
-242
-238
-253
-299
-398
-493
-503
-427
-332
-253
-206
-225
-320
-405
-413
-399
-443
-509
-521
-482
-467
-509
-577
-646
-702
-735
-764
-802
-849
-905
-957
-984
-998
-1005
-988
-939
-873
-823
-769
-685
-601
-538
-465
-365
-235
-85
69
244
440
617
767
881
947
987
1017
1046
1060
1031
990
981
1014
1076
1106
1053
953
820
658
532
488
483
446
348
207
24
-192
-385
-545
-668
-700
-667
-648
-635
-603
-572
-546
-498
-399
-274
-150
-13
123
238
366
502
618
732
818
845
810
735
674
674
713
764
833
929
1004
981
910
901
938
958
982
1025
1054
1046
1025
994
877
657
447
329
260
178
95
66
105
172
243
277
215
58
-101
-168
-143
-125
-162
-194
-202
-242
-335
-447
-541
-595
-593
-564
-554
-529
-431
-297
-191
-85
55
175
202
128
18
-83
-180
-313
-477
-618
-693
-704
-665
-592
-531
-530
-581
-638
-684
-744
-828
-896
-904
-864
-825
-811
-829
-892
-1006
-1151
-1281
-1349
-1356
-1336
-1271
-1154
-1068
-1106
-1204
-1219
-1158
-1090
-969
-768
-577
-448
-320
-170
-37
102
293
493
636
749
855
947
1042
1166
1290
1350
1301
1159
998
892
839
800
774
778
785
728
579
391
242
137
19
-123
-280
-473
-673
-804
-876
-964
-1039
-1026
-966
-923
-867
-785
-696
-550
-292
13
283
509
688
780
801
806
823
835
839
857
897
913
858
776
721
680
653
685
756
776
756
776
859
983
1118
1207
1194
1081
914
751
641
574
526
515
528
467
322
221
216
230
238
290
357
360
298
257
255
235
157
61
-24
-121
-223
-288
-325
-365
-361
-292
-241
-266
-317
-347
-362
-341
-251
-115
-11
4
-45
-92
-124
-198
-323
-455
-590
-738
-865
-928
-918
-840
-750
-723
-760
-815
-886
-971
-1044
-1113
-1171
-1160
-1092
-1060
-1081
-1098
-1127
-1206
-1294
-1350
-1389
-1413
-1416
-1428
-1457
-1460
-1394
-1240
-1028
-841
-706
-561
-385
-221
-50
189
463
689
853
977
1083
1183
1273
1340
1394
1406
1327
1194
1116
1109
1086
1003
915
869
823
694
488
309
196
66
-120
-312
-500
-711
-925
-1099
-1230
-1296
-1284
-1245
-1225
-1170
-1029
-822
-568
-266
37
290
500
672
789
893
1026
1116
1069
952
881
840
738
604
541
551
577
603
641
684
733
807
881
925
982
1061
1083
1037
1048
1157
1202
1088
929
823
736
660
654
702
733
766
841
894
862
796
765
738
652
539
463
417
347
257
188
136
62
-28
-115
-200
-248
-224
-204
-290
-411
-437
-380
-337
-313
-267
-225
-235
-284
-334
-380
-444
-530
-600
-616
-598
-616
-690
-769
-801
-808
-848
-956
-1085
-1170
-1205
-1214
-1198
-1163
-1167
-1237
-1314
-1348
-1342
-1323
-1308
-1336
-1422
-1513
-1551
-1550
-1540
-1503
-1428
-1356
-1290
-1150
-901
-661
-530
-424
-208
89
385
719
1113
1429
1576
1647
1691
1641
1534
1508
1538
1496
1403
1356
1315
1174
938
711
600
601
574
401
166
-13
-172
-374
-578
-764
-981
-1227
-1463
-1671
-1803
-1787
-1673
-1556
-1422
-1200
-914
-610
-261
162
598
946
1141
1216
1278
1353
1375
1331
1273
1198
1059
886
734
605
476
356
271
251
310
398
486
617
796
943
1009
1038
1061
1057
1027
1020
1044
1052
1016
951
893
860
847
849
869
902
931
924
880
846
853
844
756
615
478
327
147
-8
-120
-253
-428
-580
-657
-672
-640
-576
-519
-472
-409
-330
-253
-173
-95
-46
-29
-27
-48
-101
-155
-191
-246
-362
-516
-654
-750
-817
-872
-930
-999
-1072
-1128
-1159
-1180
-1217
-1270
-1324
-1375
-1441
-1548
-1695
-1829
-1880
-1845
-1819
-1871
-1965
-2017
-1997
-1922
-1810
-1690
-1578
-1425
-1172
-873
-601
-315
62
474
832
1163
1501
1750
1834
1863
1952
2016
1935
1780
1682
1609
1456
1259
1115
1002
823
590
420
360
344
282
158
3
-186
-449
-771
-1066
-1273
-1423
-1574
-1722
-1829
-1862
-1788
-1607
-1352
-1037
-647
-191
268
684
1066
1412
1680
1828
1849
1764
1603
1418
1232
1020
761
481
225
-1
-184
-269
-252
-198
-106
96
385
608
707
781
886
966
1011
1082
1138
1081
957
897
890
853
820
880
992
1050
1069
1123
1196
1207
1136
1023
896
746
571
382
194
9
-172
-349
-513
-638
-689
-682
-682
-707
-690
-587
-468
-392
-301
-134
45
152
221
312
371
320
186
37
-125
-321
-520
-672
-766
-818
-858
-948
-1105
-1246
-1305
-1364
-1491
-1585
-1554
-1480
-1469
-1465
-1403
-1362
-1409
-1510
-1619
-1746
-1859
-1915
-1934
-1914
-1827
-1711
-1612
-1440
-1101
-725
-430
-90
379
802
1074
1386
1803
2060
2048
1997
2032
1940
1643
1388
1293
1192
964
765
729
751
679
509
379
370
361
234
47
-57
-156
-425
-822
-1165
-1399
-1614
-1816
-1922
-1893
-1730
-1458
-1122
-761
-352
136
637
1057
1374
1617
1785
1856
1817
1658
1404
1113
822
499
149
-160
-406
-589
-682
-660
-570
-435
-227
-8
170
354
566
717
769
874
1050
1146
1118
1091
1138
1158
1150
1200
1281
1326
1345
1432
1527
1517
1455
1403
1328
1139
867
592
302
40
-176
-372
-586
-754
-780
-739
-737
-757
-711
-573
-429
-286
-89
159
371
458
462
457
467
454
367
227
85
-40
-179
-349
-533
-726
-926
-1113
-1264
-1392
-1482
-1524
-1538
-1538
-1517
-1475
-1479
-1528
-1556
-1568
-1582
-1578
-1513
-1458
-1469
-1490
-1545
-1652
-1729
-1691
-1612
-1506
-1148
-606
-244
-83
244
807
1186
1315
1518
1793
1833
1584
1396
1350
1207
902
607
478
421
352
335
402
485
467
441
576
770
752
451
147
-56
-344
-762
-1114
-1292
-1430
-1551
-1548
-1412
-1185
-863
-466
-76
310
734
1121
1386
1550
1677
1730
1648
1427
1092
694
292
-41
-307
-522
-657
-703
-689
-666
-589
-446
-319
-203
-53
111
177
192
310
454
500
498
625
847
929
926
1052
1339
1542
1536
1532
1618
1668
1586
1463
1373
1211
949
634
323
71
-106
-214
-348
-485
-523
-479
-422
-398
-338
-223
-118
-11
131
314
477
587
679
760
800
760
665
546
373
125
-148
-404
-657
-903
-1098
-1241
-1398
-1550
-1655
-1765
-1871
-1922
-1882
-1820
-1766
-1635
-1486
-1407
-1384
-1359
-1314
-1310
-1302
-1344
-1541
-1755
-1774
-1630
-1515
-1227
-578
-3
181
329
871
1437
1594
1677
1897
1942
1592
1176
992
765
334
-103
-316
-352
-451
-542
-386
33
389
481
592
852
954
648
174
-122
-360
-703
-1013
-1134
-1155
-1174
-1062
-771
-402
7
438
830
1117
1372
1615
1721
1652
1475
1235
987
764
511
152
-242
-478
-539
-593
-649
-623
-484
-325
-254
-215
-138
-22
83
131
151
145
124
98
82
113
241
486
725
846
904
1033
1265
1414
1388
1297
1227
1103
796
421
176
24
-177
-408
-560
-640
-648
-582
-485
-374
-173
122
305
369
542
822
1023
1113
1189
1228
1185
1075
885
619
367
217
82
-41
-56
-139
-379
-688
-939
-1128
-1360
-1488
-1479
-1482
-1526
-1580
-1563
-1509
-1408
-1236
-1160
-1264
-1389
-1313
-1134
-999
-864
-808
-861
-953
-993
-1013
-966
-541
-3
184
251
662
1333
1714
1819
1967
1938
1509
862
392
146
-172
-566
-832
-896
-903
-856
-507
20
268
120
-1
145
236
-12
-468
-773
-900
-1123
-1412
-1495
-1260
-948
-740
-455
4
553
1077
1424
1609
1745
1824
1748
1504
1225
983
780
681
585
302
-43
-215
-245
-256
-272
-271
-258
-225
-196
-222
-190
62
351
413
333
316
341
335
335
408
527
616
646
643
700
876
1008
968
862
797
714
529
308
119
-131
-449
-675
-817
-999
-1194
-1258
-1136
-928
-646
-290
66
459
916
1294
1462
1456
1367
1271
1186
1078
913
666
411
229
105
60
10
-134
-287
-501
-737
-968
-1206
-1391
-1536
-1490
-1356
-1361
-1424
-1362
-1174
-1069
-1026
-947
-896
-942
-1021
-989
-974
-1014
-950
-813
-664
-560
-265
337
780
1013
1260
1791
2367
2471
2428
2444
2200
1500
699
373
178
-252
-620
-644
-554
-674
-764
-502
-121
-154
-531
-697
-596
-606
-1060
-1510
-1535
-1474
-1504
-1490
-1313
-1020
-796
-620
-275
233
718
984
930
800
796
855
967
1011
891
819
832
893
825
471
100
-195
-427
-757
-1126
-1191
-768
-226
-122
-110
285
981
1336
1163
1189
1316
1072
581
343
449
387
203
251
510
713
804
960
1137
1126
823
379
-76
-594
-1057
-1309
-1299
-1291
-1405
-1480
-1504
-1372
-1053
-691
-392
-208
90
524
809
963
1211
1431
1405
1135
835
736
611
380
305
171
-28
-225
-589
-959
-1128
-1197
-1362
-1561
-1576
-1272
-879
-514
-191
-134
-180
-192
-324
-593
-845
-1104
-1406
-1680
-1740
-1554
-1440
-1350
-1183
-485
526
825
733
981
1712
2189
2133
2226
2341
2051
1506
1299
1425
1359
1013
639
561
490
284
256
574
782
252
-514
-814
-772
-851
-1221
-1393
-1307
-1292
-1436
-1379
-986
-686
-771
-1039
-1094
-855
-478
-134
-40
-10
184
636
1210
1575
1698
1664
1492
1203
756
217
-221
-448
-694
-997
-1148
-866
-154
108
-140
-67
486
832
666
546
670
502
-40
-125
355
690
858
1184
1513
1412
1265
1472
1660
1224
316
-393
-834
-1250
-1652
-1885
-1800
-1500
-1264
-1181
-1099
-991
-806
-623
-621
-635
-377
71
406
541
895
1560
1855
1565
1117
846
715
316
-349
-907
-1148
-1261
-1445
-1462
-1246
-991
-819
-688
-593
-522
-361
-263
-421
-752
-848
-735
-676
-623
-496
-332
-244
-350
-590
-799
-948
-862
-110
654
698
420
613
1303
1641
1769
2154
2233
1651
815
551
708
606
352
313
434
397
259
638
1413
1647
1016
454
404
521
314
-145
-379
-454
-536
-728
-812
-638
-636
-1082
-1689
-1853
-1439
-984
-749
-593
-289
296
949
1445
1560
1421
1230
1033
672
132
-271
-352
-200
-104
-130
26
540
909
799
388
182
242
212
-52
-141
79
234
141
123
559
927
935
889
858
702
506
422
321
-72
-508
-631
-689
-917
-1206
-1164
-1237
-1522
-1846
-2112
-2182
-2029
-1632
-1348
-1114
-587
230
995
1409
1609
1736
1734
1461
779
227
-2
-314
-622
-991
-1298
-1454
-1538
-1399
-1253
-1226
-1083
-1004
-1026
-900
-755
-483
-210
-212
-173
26
301
342
112
-79
-367
-756
-1239
-1539
-1255
-57
1074
1206
864
1021
1481
1298
1044
1177
1197
607
-177
-287
243
615
636
877
1146
1148
725
651
1107
1167
649
235
360
679
703
552
601
630
335
-224
-730
-1053
-1288
-1609
-1838
-1663
-1178
-486
155
419
327
292
504
747
658
451
548
810
1039
1167
1094
956
823
467
319
50
-19
149
-169
-260
-30
498
760
670
807
941
890
770
855
852
850
899
839
574
342
484
673
492
29
-549
-1005
-1261
-1638
-1898
-2077
-2101
-2035
-2202
-2233
-1968
-1693
-1154
-613
-299
53
275
511
519
471
630
607
325
79
-62
-179
-159
-358
-537
-660
-789
-1000
-1360
-1519
-1448
-1530
-1678
-1584
-1359
-984
-725
-582
-540
-494
-389
-227
39
193
252
107
-27
-109
690
1795
2005
1335
798
1041
854
685
729
1132
1162
414
251
341
605
431
406
651
320
-164
-306
517
1258
1183
829
1064
1702
1564
1008
744
844
582
-330
-1164
-1389
-1288
-1513
-1689
-1520
-969
-492
-343
-299
-438
-272
3
169
202
227
578
1084
1545
1483
1295
1272
1198
896
653
593
636
556
233
122
74
240
516
738
792
781
859
881
1003
1003
1067
1067
860
658
422
400
439
189
-233
-670
-996
-1218
-1404
-1558
-1775
-1845
-1705
-1668
-1797
-1790
-1636
-1348
-1028
-803
-423
-123
-28
111
151
230
157
-105
-281
-407
-719
-1050
-1212
-1338
-1390
-1627
-1661
-1442
-1205
-948
-680
-421
-246
-242
-561
-662
-627
-646
-848
-962
-818
-556
-293
-239
-169
269
1521
2407
2241
1549
1311
1142
398
99
330
833
676
370
633
1111
1334
879
719
596
171
-341
-159
1056
1772
1436
1013
1093
1177
665
-12
-365
-336
-418
-827
-1098
-1098
-977
-1124
-1375
-1356
-1024
-365
-54
-70
-22
348
827
978
876
796
766
702
525
188
118
273
443
680
496
541
864
1002
813
314
268
335
177
-42
128
654
1131
1495
1820
2150
2232
2082
1668
1189
772
560
358
-75
-489
-771
-964
-1324
-1754
-2273
-2571
-2464
-2281
-1997
-1771
-1433
-1076
-843
-580
-467
-79
261
313
175
84
174
10
-112
-375
-518
-481
-557
-731
-1005
-1113
-1213
-1326
-1548
-1734
-1792
-1524
-1041
-768
-448
-274
-340
-613
-899
-910
-825
-784
-760
-537
-55
1045
2440
3164
2694
1774
1526
1246
917
796
976
1050
424
208
293
495
478
251
372
373
145
-156
266
1242
1714
1626
1431
1306
1144
736
370
236
112
-6
-245
-499
-710
-827
-1241
-1845
-2196
-2182
-1582
-1234
-1081
-706
-183
479
783
776
914
1140
1240
997
574
295
540
1097
1280
969
456
195
251
263
332
405
223
116
195
356
415
532
870
1094
1110
1241
1566
1536
1197
1034
983
722
157
-368
-544
-499
-566
-816
-1132
-1359
-1685
-2043
-2303
-2326
-1971
-1484
-1103
-1010
-984
-819
-658
-602
-676
-753
-689
-578
-457
-320
-176
-71
-125
-222
-491
-897
-1222
-1518
-1633
-1487
-1212
-964
-908
-877
-739
-769
-864
-994
-1113
-1094
-1130
-1052
-796
137
1639
2480
2194
1312
1353
1717
1756
1737
1821
2189
1783
1400
1305
1169
796
136
169
342
289
90
125
585
756
714
600
508
479
122
-274
-16
507
823
597
186
-22
-472
-890
-1129
-1154
-957
-746
-701
-947
-1016
-891
-607
-265
-191
-3
140
327
459
485
635
793
780
729
692
623
637
804
1093
1184
954
616
392
178
99
293
520
520
298
343
675
907
827
622
418
195
159
247
474
411
339
400
118
-582
-1374
-1637
-1630
-1626
-1467
-1062
-611
-348
-312
-551
-754
-840
-917
-1044
-1128
-1036
-1003
-855
-683
-715
-841
-902
-830
-823
-901
-951
-946
-1002
-1063
-995
-859
-818
-878
-945
-1016
-966
-930
-897
-1025
-1211
-1144
-786
136
1081
1435
971
407
533
798
1092
1258
1555
1882
1793
1979
2047
1781
1352
1263
1645
1577
1144
969
1427
1899
1725
1288
966
887
723
209
-159
-35
241
65
-460
-712
-469
-298
-637
-990
-849
-272
31
-262
-561
-384
86
328
212
50
150
257
247
253
142
-13
-92
34
361
743
1115
1129
843
426
259
399
232
-38
-36
234
478
325
310
481
438
569
715
546
122
-184
-131
1
12
-63
-276
-654
-987
-1077
-1146
-1281
-1401
-1418
-1383
-1533
-1538
-1182
-702
-621
-865
-935
-769
-462
-348
-462
-483
-550
-719
-822
-834
-749
-785
-813
-717
-787
-849
-837
-789
-712
-715
-623
-573
-631
-705
-671
-519
-697
-1012
-1112
-1013
-426
513
1222
1199
456
76
318
703
951
929
1017
834
607
810
1188
1222
760
659
863
975
921
792
1025
1247
1316
1262
1205
1328
1244
1144
880
643
521
249
-46
-338
-293
-167
-420
-819
-812
-266
178
103
-406
-748
-653
-489
-281
-156
109
347
447
700
807
688
334
81
250
572
884
893
818
801
764
736
434
254
312
500
601
541
630
756
778
703
508
286
233
119
-116
-165
-78
-169
-511
-844
-966
-1058
-1158
-1141
-975
-724
-677
-892
-1116
-1138
-1147
-1267
-1282
-1117
-887
-620
-523
-537
-568
-802
-1145
-1504
-1444
-1177
-1106
-963
-709
-314
37
65
-326
-668
-662
-661
-747
-935
-932
-728
-427
-244
-361
-486
-476
13
605
755
409
151
417
710
839
925
918
861
794
1026
1435
1500
1120
710
855
1197
1455
1499
1475
1543
1363
923
495
370
439
551
669
663
569
468
274
-23
-146
-16
99
-112
-356
-263
-42
84
-298
-607
-474
-287
-123
-47
153
202
142
149
152
114
-135
-380
-353
-53
362
647
585
332
-22
-84
13
-58
-145
-52
520
1093
1157
931
876
891
716
260
-4
-44
52
232
442
420
-97
-553
-851
-903
-986
-1041
-947
-878
-932
-1149
-1243
-1125
-926
-739
-605
-587
-704
-841
-805
-729
-680
-539
-517
-775
-1093
-1071
-728
-713
-923
-972
-949
-873
-995
-1045
-800
-633
-552
-592
-586
-530
-336
-122
-169
-427
-590
-289
384
958
929
638
359
212
340
634
850
875
784
895
1117
1190
866
385
347
557
840
1074
1241
1365
1395
1290
1145
989
808
645
549
399
400
601
520
52
-242
-188
-91
-171
-407
-413
-129
162
73
-122
-273
-337
-365
-145
298
490
418
251
294
368
187
-75
31
372
666
723
561
260
-113
-228
-134
-131
-392
-486
-109
357
509
370
200
77
-116
-199
-16
158
290
266
285
291
146
-121
-533
-743
-835
-871
-1040
-1255
-1191
-872
-464
-283
-476
-630
-651
-601
-628
-589
-350
-244
-162
-221
-330
-569
-672
-582
-491
-404
-507
-648
-807
-980
-1159
-1175
-934
-651
-563
-582
-700
-908
-1045
-893
-593
-410
-320
-161
303
852
1143
924
549
455
636
921
1157
1229
1134
1138
1271
1332
1177
820
465
397
594
808
880
973
1154
1302
1366
1225
904
601
438
267
184
331
399
156
-143
-165
-10
16
-70
-40
61
95
-116
-503
-736
-651
-335
-31
294
648
930
965
712
332
-115
-288
-88
328
744
934
892
684
449
208
22
-198
-389
-398
-226
115
465
671
480
82
-123
-32
21
-144
-287
-274
-160
-206
-434
-693
-824
-823
-727
-670
-633
-625
-627
-643
-817
-1010
-1212
-1199
-1127
-1045
-861
-643
-532
-628
-616
-641
-762
-912
-984
-887
-777
-738
-795
-796
-662
-583
-574
-514
-543
-791
-1025
-1011
-1002
-1070
-1027
-824
-610
-458
-204
121
533
977
1161
875
482
474
770
1136
1372
1441
1298
964
641
559
756
885
825
790
905
1097
1232
1322
1239
956
707
488
401
520
725
757
638
524
250
-82
-371
-414
-258
-60
139
180
205
235
102
-277
-639
-748
-670
-426
-53
310
479
540
620
626
472
297
214
202
345
591
866
893
739
713
729
479
-17
-185
45
324
415
492
530
294
-47
-195
-144
-174
-249
-154
60
126
4
-174
-326
-530
-657
-679
-635
-593
-642
-646
-751
-835
-965
-1072
-1009
-952
-812
-690
-574
-573
-752
-913
-1040
-1107
-1177
-1004
-665
-538
-673
-947
-980
-904
-842
-791
-786
-759
-758
-691
-638
-676
-743
-735
-754
-855
-845
-506
142
778
1139
1034
661
384
371
559
731
963
1281
1426
1413
1295
1242
1169
976
936
1082
1402
1562
1587
1502
1290
1072
779
624
534
571
634
600
577
446
299
70
-198
-271
-174
18
33
-53
20
97
-35
-439
-740
-789
-635
-416
-271
-149
-32
85
103
64
19
-63
-101
80
371
564
514
370
324
318
349
299
160
19
21
234
470
476
276
37
-15
59
164
384
512
525
282
-23
-228
-423
-532
-562
-330
-51
84
20
-183
-377
-593
-764
-956
-1076
-1109
-1049
-818
-646
-638
-850
-1176
-1465
-1696
-1681
-1447
-1174
-989
-818
-628
-550
-596
-715
-777
-747
-700
-674
-651
-562
-509
-622
-791
-944
-947
-792
-652
-481
-166
285
617
627
540
554
624
739
860
996
1057
1099
1136
1146
1201
1258
1403
1567
1694
1660
1555
1456
1253
1041
853
706
511
335
312
462
707
883
777
438
71
-106
-98
-142
-213
-271
-105
155
103
-226
-561
-697
-671
-558
-322
-133
-75
-111
-238
-382
-500
-454
-362
-147
237
724
918
633
398
339
357
141
-122
-67
248
561
772
838
692
317
-95
-230
-306
-210
35
323
363
160
91
-35
-407
-879
-1003
-850
-662
-459
-164
212
332
16
-434
-703
-771
-888
-1005
-905
-762
-697
-794
-913
-1042
-1185
-1228
-1174
-1172
-1245
-1171
-938
-724
-769
-829
-756
-698
-708
-640
-471
-495
-628
-681
-574
-427
-338
-250
-173
10
223
323
288
226
253
366
586
878
1130
1166
1157
1228
1321
1407
1378
1354
1391
1491
1695
1874
1859
1669
1428
1216
1003
794
758
821
845
834
728
535
265
19
-51
-13
54
111
71
23
23
-142
-377
-556
-618
-565
-492
-281
-88
69
160
107
-100
-365
-480
-543
-409
-76
477
805
629
342
89
-22
-169
-258
-159
6
123
288
523
677
668
408
116
-164
-298
-137
137
264
73
-148
-180
-264
-445
-478
-336
-341
-485
-533
-398
-370
-612
-714
-726
-714
-778
-788
-651
-618
-628
-701
-824
-1105
-1382
-1426
-1218
-962
-851
-801
-824
-868
-953
-1025
-1053
-1149
-1234
-1112
-823
-662
-672
-707
-700
-759
-900
-859
-613
-294
-37
151
243
205
137
185
384
620
850
949
1011
1122
1239
1295
1259
1265
1295
1278
1309
1457
1562
1567
1525
1435
1299
1073
898
838
818
850
797
678
482
240
81
50
37
-7
-62
-151
-140
-186
-240
-312
-350
-274
-208
-88
-21
23
-2
-25
-38
-82
-5
104
202
235
336
441
377
299
259
320
340
306
342
439
576
608
589
497
307
78
-47
5
95
190
324
401
244
4
-122
-234
-369
-434
-386
-401
-499
-494
-423
-397
-538
-667
-671
-589
-504
-551
-635
-662
-571
-492
-492
-629
-890
-1056
-1061
-914
-780
-818
-966
-1131
-1206
-1134
-918
-760
-838
-962
-907
-666
-561
-721
-998
-1180
-1144
-1008
-826
-555
-236
-12
-19
-134
-209
-183
-10
270
545
725
870
943
963
889
852
980
1093
1155
1243
1488
1654
1567
1394
1313
1334
1263
1123
1042
1040
1005
830
572
310
125
-2
5
56
112
270
361
316
104
-151
-361
-467
-400
-194
84
322
449
485
481
326
19
-210
-253
-209
-82
159
410
448
367
327
239
95
7
79
172
209
209
299
426
349
267
303
343
284
159
145
93
-67
-177
-136
-176
-373
-504
-538
-526
-600
-568
-478
-472
-582
-716
-683
-669
-610
-485
-385
-377
-478
-580
-620
-645
-727
-746
-730
-726
-736
-808
-790
-785
-844
-859
-798
-705
-673
-607
-539
-538
-668
-830
-914
-908
-773
-575
-381
-210
-78
8
23
-12
-88
-164
-134
38
241
355
506
721
910
920
798
744
734
779
848
938
1024
1116
1250
1317
1239
1022
783
665
644
681
748
754
566
236
-21
-77
-103
-210
-232
-159
-23
76
38
-115
-297
-383
-343
-255
-96
40
62
96
93
65
109
215
290
342
352
441
573
544
379
129
47
88
65
66
181
368
546
689
667
540
332
133
80
105
156
118
114
129
94
-52
-351
-638
-791
-758
-686
-532
-381
-336
-458
-643
-699
-717
-693
-666
-698
-730
-691
-672
-645
-602
-547
-483
-542
-602
-543
-423
-391
-539
-699
-692
-605
-550
-539
-555
-522
-489
-474
-511
-588
-603
-572
-492
-419
-298
-85
106
113
29
74
227
422
605
804
911
898
845
813
886
989
1022
1009
1088
1201
1301
1388
1397
1272
1041
922
869
746
626
579
618
575
394
248
140
-39
-148
-158
-136
-123
-146
-105
-129
-255
-412
-577
-670
-608
-422
-113
193
258
197
87
-27
-54
-46
-46
-6
125
355
550
543
442
287
192
182
102
59
91
155
270
398
442
379
180
-52
-190
-223
-184
-209
-242
-237
-244
-322
-472
-677
-825
-810
-766
-764
-778
-742
-682
-610
-532
-505
-555
-618
-636
-616
-528
-484
-588
-755
-811
-768
-703
-558
-404
-320
-299
-289
-322
-457
-614
-660
-623
-536
-433
-389
-365
-398
-433
-415
-399
-318
-159
-30
76
207
286
259
215
311
463
497
477
540
698
891
1025
1082
1108
1043
972
1014
1115
1216
1251
1176
1061
968
903
836
728
639
552
452
356
225
127
38
-149
-346
-399
-289
-126
-44
-91
-197
-261
-311
-363
-358
-337
-337
-270
-75
148
367
534
484
299
213
226
242
336
530
662
697
697
597
366
168
90
56
9
0
115
266
321
254
148
77
-55
-231
-322
-336
-422
-635
-793
-842
-857
-828
-703
-583
-614
-718
-778
-801
-843
-884
-872
-842
-838
-767
-568
-389
-387
-500
-566
-566
-581
-618
-579
-473
-380
-327
-284
-309
-438
-523
-564
-633
-701
-664
-587
-558
-504
-477
-459
-426
-409
-363
-201
-19
2
22
205
436
620
778
861
868
955
1094
1119
1087
1082
1099
1179
1333
1455
1463
1431
1377
1335
1328
1290
1141
927
785
644
495
423
391
284
97
20
37
29
-24
-105
-179
-211
-197
-291
-462
-533
-511
-446
-374
-325
-300
-208
-70
-31
-9
65
115
122
155
176
142
180
241
276
374
488
486
376
285
197
151
181
139
30
-26
-20
-70
-119
-105
-146
-210
-206
-135
-90
-143
-296
-534
-706
-753
-706
-630
-605
-629
-670
-647
-615
-632
-651
-668
-714
-804
-810
-710
-621
-594
-602
-577
-563
-587
-605
-559
-450
-390
-374
-404
-483
-557
-558
-484
-447
-448
-494
-579
-654
-681
-610
-443
-214
-66
-69
-102
-65
70
224
365
460
465
457
529
692
826
944
1099
1205
1219
1165
1093
1021
1023
1113
1178
1185
1103
977
911
917
877
720
547
365
191
80
7
-64
-148
-244
-354
-369
-271
-194
-156
-152
-193
-262
-292
-295
-288
-188
-72
-7
87
245
358
371
370
337
293
329
386
372
350
461
599
610
530
447
392
362
396
427
371
277
221
211
176
108
-1
-172
-371
-536
-573
-498
-425
-440
-492
-497
-501
-542
-644
-819
-1008
-1106
-1070
-991
-899
-794
-716
-677
-647
-608
-618
-667
-710
-710
-649
-594
-600
-604
-501
-358
-315
-348
-381
-403
-437
-492
-554
-566
-476
-367
-311
-266
-209
-182
-181
-161
-146
-111
22
254
531
786
929
884
767
743
782
778
743
765
858
993
1138
1239
1288
1310
1294
1190
1015
850
762
770
806
786
715
663
608
468
275
109
-45
-224
-368
-401
-356
-313
-318
-343
-356
-360
-378
-423
-473
-476
-410
-338
-316
-268
-92
139
255
219
150
152
225
300
323
309
316
345
342
315
311
332
339
318
264
171
66
-30
-100
-113
-90
-114
-188
-223
-218
-264
-356
-457
-612
-802
-885
-837
-776
-703
-541
-391
-394
-502
-613
-726
-816
-807
-738
-684
-614
-505
-438
-457
-493
-493
-481
-479
-461
-398
-292
-180
-115
-139
-238
-352
-410
-407
-391
-396
-422
-463
-475
-388
-207
-17
105
161
167
144
142
204
316
415
466
526
644
775
871
957
1037
1048
1004
1010
1061
1065
1027
1028
1050
1046
1043
1040
960
786
612
482
372
282
216
139
42
-30
-68
-100
-144
-223
-338
-422
-407
-348
-341
-380
-403
-392
-335
-226
-99
5
75
95
76
121
269
375
349
315
354
355
266
208
238
264
235
200
176
153
133
103
35
-74
-188
-274
-312
-318
-312
-312
-370
-528
-715
-812
-815
-809
-819
-796
-722
-650
-642
-697
-768
-834
-899
-905
-771
-577
-481
-490
-483
-435
-408
-416
-426
-437
-412
-312
-186
-132
-166
-216
-219
-193
-205
-275
-336
-329
-297
-295
-302
-264
-174
-57
47
93
86
70
89
188
381
573
646
629
664
793
939
1045
1111
1155
1184
1201
1205
1225
1278
1325
1319
1266
1192
1100
1005
930
881
847
794
675
483
298
202
188
185
132
35
-31
-43
-83
-207
-335
-376
-372
-372
-348
-272
-182
-126
-107
-107
-106
-96
-92
-84
-12
137
282
314
226
123
102
151
188
190
196
213
177
66
-65
-166
-253
-343
-394
-386
-380
-440
-534
-605
-654
-715
-787
-835
-829
-771
-717
-738
-847
-976
-1053
-1053
-1002
-943
-870
-758
-639
-588
-614
-660
-707
-748
-715
-582
-460
-463
-549
-604
-587
-506
-381
-262
-207
-204
-198
-188
-216
-294
-373
-402
-383
-342
-275
-152
3
121
164
155
147
176
271
414
543
624
702
813
913
952
953
961
981
1026
1109
1186
1195
1181
1229
1288
1240
1091
957
871
765
635
547
525
525
500
432
335
253
205
161
89
-4
-95
-184
-253
-261
-159
23
170
210
197
199
186
115
50
55
67
31
63
263
488
551
512
521
532
449
355
348
371
356
332
303
204
51
-19
23
9
-169
-353
-375
-327
-375
-474
-525
-594
-731
-836
-855
-889
-999
-1092
-1072
-985
-938
-943
-930
-904
-914
-912
-835
-773
-821
-870
-801
-717
-726
-722
-610
-500
-483
-498
-484
-465
-459
-470
-473
-423
-350
-351
-391
-365
-292
-235
-175
-135
-163
-161
-48
60
65
52
91
179
342
548
699
777
810
798
796
852
902
903
924
974
1001
1004
990
967
1000
1086
1113
1037
900
731
591
560
571
520
437
379
325
238
100
-49
-99
-43
3
4
9
5
1
42
54
-28
-90
-49
18
67
99
97
95
146
195
217
254
265
206
179
245
321
374
396
335
240
217
222
164
75
13
-40
-101
-185
-265
-265
-243
-345
-553
-709
-760
-752
-727
-745
-800
-811
-785
-790
-832
-898
-980
-1037
-1065
-1092
-1031
-828
-636
-575
-553
-513
-509
-552
-608
-645
-599
-489
-431
-415
-351
-294
-301
-283
-212
-169
-162
-180
-239
-283
-252
-225
-231
-159
9
166
260
294
286
331
468
575
584
591
629
664
741
866
929
891
837
810
814
855
878
846
836
875
880
854
851
799
639
452
300
149
28
-1
31
87
152
159
108
91
93
13
-129
-225
-235
-151
19
165
211
210
221
240
257
247
171
80
92
201
303
349
365
364
339
302
290
294
273
232
216
224
212
135
1
-127
-189
-217
-263
-293
-291
-328
-432
-570
-693
-756
-746
-746
-822
-887
-900
-947
-1009
-1006
-974
-990
-1037
-1045
-974
-831
-710
-694
-717
-713
-737
-779
-761
-676
-566
-439
-324
-284
-280
-224
-124
-44
-40
-129
-237
-257
-186
-100
-54
-29
24
142
309
438
469
433
403
430
514
628
738
794
803
840
925
973
916
836
841
920
997
1017
1015
1058
1106
1067
934
777
665
634
673
687
605
495
425
379
319
232
139
75
44
29
33
53
44
1
23
126
211
220
173
116
94
129
174
163
118
98
118
182
241
229
168
123
115
116
142
205
235
182
66
-67
-157
-184
-203
-244
-305
-368
-440
-506
-539
-566
-615
-679
-767
-886
-1018
-1120
-1153
-1138
-1118
-1132
-1155
-1128
-1091
-1107
-1174
-1230
-1220
-1135
-1016
-924
-898
-903
-897
-877
-816
-710
-601
-536
-498
-428
-342
-290
-272
-273
-261
-218
-176
-168
-192
-187
-129
-52
30
119
250
433
551
488
319
245
339
517
715
903
1016
1038
1012
983
964
964
984
994
978
968
999
1057
1073
1023
1012
1066
1055
910
759
695
614
450
326
331
402
429
391
324
225
93
14
58
157
174
131
159
241
284
281
288
306
299
301
346
380
348
274
247
309
398
452
473
471
433
345
265
243
251
250
221
145
18
-83
-60
32
11
-163
-366
-501
-598
-698
-767
-805
-854
-898
-875
-795
-789
-934
-1128
-1245
-1294
-1328
-1340
-1299
-1237
-1170
-1080
-991
-947
-948
-943
-908
-892
-915
-908
-829
-714
-631
-566
-485
-411
-349
-274
-203
-193
-274
-390
-443
-375
-212
-63
-2
10
39
114
205
273
319
357
405
496
616
694
676
625
644
720
804
888
952
952
898
868
901
960
1007
1026
1002
936
853
794
764
728
661
562
450
363
347
406
446
381
251
148
115
121
137
156
178
202
242
284
298
281
271
287
298
294
314
378
437
436
401
393
398
352
277
264
328
370
357
335
304
204
42
-83
-137
-162
-181
-190
-216
-286
-385
-494
-633
-799
-904
-911
-900
-944
-1009
-1025
-1010
-1011
-1045
-1100
-1158
-1185
-1169
-1145
-1133
-1107
-1056
-1014
-981
-916
-824
-758
-746
-738
-694
-635
-578
-506
-414
-344
-333
-348
-341
-297
-221
-140
-120
-202
-315
-333
-221
-50
98
203
276
328
362
363
340
335
397
519
650
738
772
774
787
822
869
909
919
896
869
901
988
1076
1115
1082
973
813
656
559
538
566
587
552
456
344
265
232
193
106
11
-10
51
117
138
136
123
94
86
139
214
254
277
319
349
327
288
292
344
414
468
470
417
370
392
437
413
329
272
243
176
96
84
117
83
-6
-60
-100
-237
-477
-689
-779
-774
-741
-719
-727
-788
-894
-990
-1023
-1004
-1002
-1072
-1180
-1242
-1214
-1129
-1048
-998
-973
-969
-973
-961
-917
-845
-755
-658
-573
-505
-452
-434
-456
-479
-454
-394
-324
-241
-152
-94
-73
-69
-73
-85
-69
-12
74
177
287
365
404
453
527
568
574
623
728
788
775
790
889
985
1008
1013
1047
1060
1017
997
1069
1165
1177
1091
963
849
775
738
707
686
679
630
491
325
227
185
140
111
131
165
169
159
148
123
73
-5
-75
-68
45
185
242
214
183
200
228
226
192
148
98
45
25
81
178
247
246
182
76
-26
-64
-53
-84
-205
-365
-488
-545
-559
-570
-601
-655
-733
-841
-940
-987
-1019
-1096
-1182
-1212
-1202
-1204
-1195
-1146
-1105
-1109
-1112
-1084
-1049
-1015
-972
-952
-975
-982
-917
-816
-713
-572
-400
-296
-306
-357
-380
-400
-419
-374
-269
-203
-212
-234
-228
-203
-144
-53
0
-6
2
57
112
167
284
424
506
553
640
728
761
773
824
914
1019
1110
1161
1185
1216
1241
1246
1277
1347
1375
1315
1220
1121
1005
918
921
956
914
785
651
570
541
529
489
382
218
52
-44
-42
40
153
239
257
219
196
213
212
169
133
124
117
136
201
254
266
299
362
358
260
184
191
211
185
134
93
61
41
31
8
-67
-193
-313
-387
-445
-525
-621
-713
-791
-825
-813
-828
-930
-1052
-1109
-1106
-1084
-1065
-1075
-1133
-1202
-1241
-1248
-1225
-1191
-1191
-1201
-1145
-1018
-899
-815
-746
-710
-724
-733
-693
-635
-591
-537
-459
-384
-341
-321
-302
-279
-263
-243
-211
-194
-198
-184
-125
-49
23
82
119
137
165
234
337
483
658
802
867
876
881
923
1008
1090
1126
1148
1214
1292
1313
1274
1235
1231
1230
1176
1078
1007
997
995
955
866
713
519
391
389
441
455
429
393
360
354
361
323
239
196
227
277
308
326
332
310
272
231
179
134
147
218
279
280
248
225
198
142
59
-15
-45
-19
32
47
-5
-89
-156
-242
-400
-600
-737
-782
-781
-758
-729
-764
-894
-1037
-1115
-1163
-1214
-1243
-1225
-1178
-1134
-1129
-1171
-1209
-1190
-1148
-1126
-1117
-1104
-1085
-1052
-1000
-934
-843
-747
-696
-687
-654
-581
-518
-497
-495
-472
-408
-341
-332
-355
-325
-230
-128
-50
-7
-11
-43
-70
-83
-42
71
207
324
450
572
616
599
609
669
754
847
914
937
994
1124
1253
1313
1319
1297
1296
1343
1344
1241
1150
1140
1096
979
923
942
913
832
762
670
539
437
378
337
363
456
494
429
348
308
283
244
204
194
218
236
217
183
153
110
71
84
136
194
234
212
96
-22
-56
-62
-118
-185
-195
-145
-98
-120
-213
-301
-351
-406
-480
-559
-655
-722
-678
-599
-639
-745
-772
-761
-824
-911
-940
-940
-934
-894
-835
-802
-805
-842
-880
-865
-812
-797
-811
-789
-730
-661
-564
-463
-432
-449
-433
-387
-375
-377
-341
-286
-279
-325
-363
-354
-339
-337
-299
-216
-166
-180
-169
-72
51
122
136
139
165
223
288
319
313
342
473
671
828
881
858
810
783
820
922
1039
1119
1175
1223
1247
1228
1159
1052
934
844
797
770
728
668
617
599
603
604
587
531
450
379
319
244
170
145
158
167
184
213
213
177
162
181
173
105
8
-75
-127
-132
-86
-23
16
12
-34
-115
-211
-299
-375
-445
-471
-412
-317
-277
-307
-387
-536
-721
-840
-862
-860
-854
-813
-780
-816
-873
-899
-934
-1005
-1071
-1116
-1147
-1143
-1088
-1017
-965
-921
-876
-836
-816
-818
-821
-792
-728
-656
-579
-500
-435
-395
-361
-315
-275
-262
-270
-274
-253
-215
-197
-209
-212
-171
-93
-7
78
145
175
166
158
189
267
380
497
581
643
722
800
820
811
844
913
955
987
1059
1172
1283
1362
1388
1379
1365
1339
1284
1234
1209
1174
1116
1078
1064
1029
966
892
790
656
558
542
566
565
530
486
412
292
183
153
154
113
69
82
90
35
-13
-22
-77
-179
-203
-151
-148
-193
-191
-192
-302
-451
-483
-430
-421
-457
-449
-413
-437
-510
-549
-566
-625
-707
-749
-758
-783
-804
-794
-775
-776
-784
-788
-813
-884
-977
-1039
-1037
-1013
-1007
-978
-891
-806
-781
-767
-735
-741
-794
-800
-732
-682
-668
-612
-514
-452
-421
-369
-317
-316
-333
-312
-267
-242
-241
-237
-234
-241
-241
-192
-96
-13
31
67
105
119
133
197
288
370
466
586
666
687
712
769
821
862
912
979
1059
1134
1168
1170
1194
1232
1244
1254
1298
1325
1280
1189
1108
1047
997
946
881
825
825
866
866
783
661
566
508
465
446
458
446
375
307
295
272
183
97
63
34
1
14
38
1
-62
-83
-100
-167
-236
-241
-221
-237
-294
-358
-398
-415
-441
-485
-512
-500
-479
-478
-495
-550
-661
-797
-901
-959
-979
-954
-891
-859
-897
-943
-943
-936
-984
-1073
-1138
-1159
-1152
-1116
-1056
-1001
-964
-937
-928
-946
-952
-905
-836
-801
-789
-762
-721
-677
-607
-514
-448
-432
-434
-416
-374
-336
-325
-339
-333
-286
-233
-199
-157
-78
31
135
198
196
172
198
294
414
523
618
683
710
741
839
982
1085
1118
1141
1199
1256
1285
1314
1366
1418
1437
1413
1360
1316
1306
1287
1209
1103
1036
1004
974
966
996
998
922
797
672
570
506
473
444
407
385
359
292
199
121
57
7
4
54
94
68
-18
-130
-240
-301
-291
-244
-222
-234
-259
-284
-308
-318
-329
-368
-432
-477
-481
-459
-436
-430
-476
-577
-672
-690
-642
-613
-657
-750
-810
-784
-705
-651
-650
-672
-694
-727
-781
-838
-857
-823
-756
-710
-703
-701
-681
-659
-643
-624
-604
-589
-559
-503
-448
-419
-408
-403
-399
-382
-348
-315
-281
-232
-191
-187
-206
-212
-192
-140
-44
76
154
168
161
161
149
136
176
274
368
435
513
611
678
692
686
684
670
646
643
688
778
885
953
951
899
839
791
757
745
746
727
684
652
661
702
747
758
708
612
513
441
382
336
329
354
344
254
124
33
19
51
92
111
88
9
-91
-171
-221
-258
-279
-267
-232
-195
-181
-205
-268
-342
-393
-421
-449
-473
-453
-370
-271
-240
-314
-439
-534
-587
-633
-675
-664
-583
-470
-393
-385
-434
-510
-594
-667
-694
-653
-576
-517
-493
-484
-480
-494
-526
-547
-523
-460
-406
-402
-420
-408
-375
-374
-403
-423
-416
-400
-357
-257
-134
-66
-105
-222
-327
-351
-298
-231
-176
-110
-24
29
24
15
65
156
229
274
320
362
385
415
481
555
604
650
722
813
885
930
937
911
898
932
982
990
962
945
952
966
981
979
930
841
766
736
720
675
607
562
558
564
527
429
305
203
146
127
125
127
108
45
-52
-152
-219
-248
-241
-207
-182
-213
-292
-370
-409
-406
-376
-344
-343
-387
-445
-476
-477
-476
-493
-516
-528
-521
-516
-526
-551
-566
-558
-537
-530
-547
-568
-568
-563
-572
-588
-576
-537
-491
-451
-424
-425
-461
-512
-535
-504
-435
-368
-320
-276
-225
-195
-209
-249
-275
-269
-235
-189
-161
-160
-156
-125
-85
-69
-66
-58
-56
-64
-60
-36
-15
-11
-5
22
48
63
86
121
153
183
228
269
275
268
302
384
466
515
535
539
546
593
667
703
685
681
736
802
811
764
709
685
703
741
766
775
783
778
735
662
599
563
527
482
451
444
414
336
248
214
223
202
110
-1
-51
-37
-28
-73
-142
-174
-164
-156
-179
-221
-271
-331
-383
-393
-353
-296
-270
-286
-327
-365
-389
-409
-431
-441
-441
-445
-459
-475
-491
-517
-550
-571
-575
-574
-570
-550
-515
-493
-498
-519
-536
-546
-560
-574
-581
-565
-523
-477
-454
-447
-424
-381
-351
-352
-366
-363
-345
-310
-259
-215
-197
-189
-159
-114
-93
-110
-148
-186
-205
-187
-139
-102
-88
-63
12
106
159
137
77
47
83
161
221
235
232
260
326
395
431
431
426
440
475
514
556
606
654
675
670
660
649
632
634
672
713
695
621
559
549
572
595
606
596
561
513
464
412
364
340
342
330
279
210
147
98
62
48
40
14
-24
-35
-9
-1
-52
-136
-178
-166
-147
-155
-179
-187
-179
-176
-191
-221
-256
-293
-314
-294
-237
-187
-192
-256
-337
-390
-405
-406
-409
-391
-342
-304
-334
-409
-442
-398
-334
-301
-300
-313
-337
-357
-341
-292
-248
-231
-232
-232
-215
-185
-157
-151
-155
-147
-137
-163
-217
-238
-185
-93
-25
1
5
-13
-55
-104
-147
-198
-263
-297
-252
-151
-63
-34
-31
-1
63
103
74
-6
-71
-64
7
93
163
217
272
324
356
338
257
156
101
138
259
398
470
451
398
375
365
322
254
211
227
289
341
336
296
278
275
229
139
57
32
66
127
168
167
132
66
-11
-54
-46
-36
-71
-121
-135
-103
-58
-35
-36
-37
-35
-59
-112
-137
-106
-62
-45
-44
-27
5
32
25
-20
-73
-100
-101
-102
-121
-143
-143
-121
-99
-98
-107
-111
-112
-122
-153
-208
-273
-322
-319
-242
-121
-26
-7
-51
-116
-169
-202
-219
-218
-188
-128
-66
-30
-8
6
-4
-49
-100
-125
-129
-135
-140
-117
-65
-13
9
18
42
56
31
-13
-27
-4
13
4
6
55
135
188
187
172
200
262
295
258
202
195
230
249
247
263
297
309
292
274
271
264
231
195
204
258
293
278
251
246
238
202
136
54
-3
3
38
55
52
62
61
22
-41
-100
-136
-135
-109
-88
-90
-119
-165
-207
-214
-206
-221
-251
-268
-261
-225
-158
-97
-86
-112
-141
-183
-243
-288
-285
-248
-223
-221
-213
-176
-139
-142
-181
-228
-277
-320
-326
-269
-178
-119
-116
-140
-146
-129
-117
-127
-139
-125
-85
-51
-44
-36
6
57
70
56
71
118
152
147
125
103
83
72
89
142
203
227
198
142
91
72
98
163
224
249
240
215
189
172
164
138
90
57
82
162
253
312
334
321
268
195
150
157
195
221
213
182
169
198
247
266
233
174
134
139
167
176
160
139
123
112
118
124
95
29
-42
-88
-95
-64
-26
-21
-47
-79
-106
-131
-151
-162
-171
-188
-220
-262
-286
-271
-247
-234
-219
-195
-183
-194
-207
-211
-215
-221
-229
-227
-202
-169
-159
-180
-199
-195
-184
-196
-227
-246
-222
-163
-107
-85
-95
-125
-173
-221
-245
-224
-173
-122
-95
-88
-89
-96
-109
-118
-120
-113
-104
-96
-86
-72
-67
-78
-84
-51
20
86
106
81
40
7
-17
-32
-14
45
115
147
133
112
120
145
147
118
81
69
89
112
127
136
150
164
177
188
202
209
204
195
200
221
246
248
225
193
176
185
214
242
257
251
236
233
248
271
276
252
207
160
128
125
142
161
159
126
78
48
52
72
85
74
48
17
-18
-57
-94
-122
-138
-145
-144
-136
-120
-100
-77
-57
-50
-72
-114
-156
-178
-180
-181
-185
-184
-166
-139
-123
-125
-132
-132
-125
-124
-129
-138
-145
-155
-168
-173
-160
-133
-107
-88
-77
-73
-76
-89
-109
-126
-134
-133
-127
-116
-103
-83
-50
-8
30
43
23
-24
-75
-113
-126
-114
-75
-14
49
86
86
55
14
-26
-56
-63
-51
-34
-31
-45
-58
-56
-40
-20
-3
11
18
20
13
11
18
31
25
-6
-37
-38
1
64
127
171
170
119
48
9
28
83
134
163
184
202
207
171
102
39
20
35
55
73
106
154
183
162
104
38
-11
-35
-42
-37
-31
-23
-15
-4
14
34
38
11
-34
-70
-80
-76
-65
-50
-34
-23
-18
-5
27
66
97
102
77
25
-34
-84
-112
-109
-75
-22
32
74
97
99
82
50
10
-41
-92
-126
-130
-105
-67
-26
12
36
38
13
-24
-52
-64
-73
-81
-79
-61
-40
-29
-32
-32
-14
15
38
47
42
27
11
6
19
49
67
47
-5
-54
-74
-71
-57
-28
23
71
79
46
-1
-30
-31
-26
-24
-27
-29
-25
-16
-2
16
31
23
-4
-25
-13
22
50
58
53
41
25
20
35
66
93
108
115
118
115
97
59
6
-36
-46
-26
7
41
71
85
70
34
-4
-42
-76
-93
-83
-60
-46
-41
-34
-21
-7
-1
-2
-14
-33
-58
-79
-91
-88
-74
-65
-58
-37
7
46
52
26
-6
-23
-24
-15
1
14
7
-30
-74
-106
-109
-90
-57
-19
15
28
5
-40
-70
-61
-22
12
28
29
18
-4
-35
-59
-51
-12
38
79
108
124
125
105
71
41
32
44
73
101
117
117
111
108
111
112
94
56
17
2
24
61
82
72
37
-5
-39
-51
-42
-23
-1
18
26
12
-21
-52
-67
-65
-52
-36
-24
-24
-29
-34
-40
-51
-65
-76
-79
-72
-51
-26
-18
-38
-71
-93
-96
-82
-62
-44
-36
-35
-42
-64
-101
-133
-148
-142
-124
-101
-69
-38
-18
-10
-14
-33
-64
-94
-102
-75
-27
20
40
34
17
3
-11
-23
-24
-8
9
9
3
23
76
132
151
119
60
7
-27
-40
-33
-7
34
71
93
100
94
68
24
-18
-23
8
45
54
37
27
33
37
26
13
24
48
61
44
21
17
26
25
13
9
27
44
40
24
23
40
49
33
11
4
4
-10
-28
-23
19
59
66
45
23
12
4
-11
-17
-8
7
8
-3
0
22
43
42
26
19
21
19
10
2
4
13
21
33
48
54
37
2
-23
-18
16
56
77
69
34
-12
-41
-36
-4
26
32
21
19
33
55
59
35
-12
-63
-87
-74
-29
15
33
22
-1
-19
-17
-1
18
14
-20
-72
-110
-108
-66
-13
20
18
-14
-55
-78
-74
-58
-55
-65
-72
-51
-12
18
15
-20
-74
-127
-160
-153
-102
-36
7
13
-1
-15
-21
-22
-23
-29
-51
-93
-129
-129
-85
-29
7
27
47
64
60
23
-27
-67
-92
-105
-94
-48
24
83
102
92
69
35
-16
-69
-93
-73
-31
11
51
93
119
105
54
-1
-32
-43
-52
-55
-33
20
88
138
154
128
63
-21
-92
-113
-79
-17
37
73
97
118
128
114
72
12
-47
-88
-97
-70
-19
35
75
95
98
84
55
20
-11
-27
-34
-30
-16
5
27
36
28
10
-4
-6
3
15
29
47
60
62
48
23
-4
-31
-49
-46
-19
17
41
49
53
66
77
67
36
1
-21
-41
-59
-60
-31
15
51
59
53
51
45
16
-27
-60
-64
-47
-25
-1
24
37
26
4
0
17
24
-10
-68
-99
-74
-17
33
59
67
55
22
-24
-60
-72
-70
-70
-56
-14
45
78
63
14
-32
-55
-65
-66
-58
-38
-23
-19
-16
5
39
51
20
-37
-79
-80
-54
-24
2
17
16
1
-12
-5
20
35
15
-21
-41
-28
1
18
22
17
2
-22
-40
-29
16
63
76
46
1
-34
-56
-64
-50
-12
31
48
33
8
-5
-10
-19
-28
-23
-6
1
-8
-13
2
28
36
19
-3
-13
-12
-16
-21
-16
0
15
21
23
30
33
19
-4
-15
-9
-1
-8
-21
-19
4
25
26
5
-18
-31
-29
-14
12
36
41
16
-20
-40
-34
-15
-1
0
-2
-5
-6
-5
3
17
25
19
5
1
10
24
24
9
-10
-22
-28
-30
-21
0
28
49
52
34
8
-19
-40
-46
-31
-3
18
21
9
-6
-20
-33
-48
-53
-37
-4
28
47
50
40
13
-26
-60
-70
-54
-24
0
15
26
31
30
28
28
30
23
7
-10
-17
-16
-15
-12
0
23
48
60
50
30
8
-8
-12
-4
9
12
2
-13
-20
-12
4
19
25
27
30
34
25
-4
-44
-78
-87
-72
-40
-3
30
50
48
25
-3
-22
-37
-58
-79
-77
-46
-5
17
11
-8
-25
-35
-37
-25
3
28
35
26
21
28
29
5
-34
-62
-55
-23
13
43
70
96
109
97
71
43
20
-3
-23
-29
-13
11
26
22
18
28
52
72
73
48
5
-41
-69
-64
-33
-3
5
-10
-34
-51
-55
-46
-31
-23
-33
-51
-54
-36
-15
-11
-22
-31
-27
-25
-33
-45
-52
-58
-68
-68
-33
30
85
99
77
51
33
12
-15
-30
-19
2
12
9
13
36
64
81
86
90
96
84
53
17
-4
-11
-19
-33
-40
-29
0
38
78
104
97
46
-31
-91
-108
-85
-49
-18
1
2
-17
-41
-45
-26
-11
-26
-63
-86
-74
-43
-16
1
14
14
-7
-38
-47
-27
-7
-16
-41
-41
-7
35
56
57
53
43
17
-9
-8
28
61
52
12
-14
-5
26
53
68
72
66
39
0
-26
-18
7
17
11
3
7
17
15
5
1
1
-5
-22
-43
-52
-50
-50
-48
-33
-2
26
31
18
8
-1
-23
-65
-107
-117
-85
-32
24
69
93
80
33
-20
-48
-42
-25
-21
-20
-7
19
46
57
55
40
16
-7
-15
0
25
35
24
4
1
17
34
34
18
0
-10
-9
-5
-1
-4
-16
-30
-30
-7
33
60
54
14
-36
-71
-83
-73
-50
-25
1
21
40
53
51
24
-21
-66
-88
-81
-51
-7
34
59
60
44
22
7
-4
-16
-27
-31
-24
-8
15
39
55
53
35
10
-5
-6
4
14
15
5
-15
-30
-28
-3
33
62
66
41
-1
-43
-67
-66
-42
-7
25
43
44
28
4
-25
-51
-68
-69
-52
-17
25
59
68
47
2
-46
-75
-77
-53
-20
7
21
23
23
27
32
34
18
-10
-39
-52
-40
-10
24
44
45
32
18
9
11
14
11
3
-5
-5
3
17
27
27
17
3
-8
-10
-7
0
5
9
14
19
23
19
3
-20
-41
-48
-39
-19
1
11
8
0
-4
-1
5
8
0
-17
-35
-43
-41
-34
-26
-20
-11
8
34
56
59
37
-5
-45
-61
-48
-15
16
28
23
10
8
16
32
41
37
22
7
2
9
19
21
11
-9
-25
-33
-25
-7
19
47
66
72
58
24
-19
-59
-84
-88
-71
-43
-12
18
44
61
62
43
5
-43
-77
-89
-73
-44
-17
-3
-1
-2
5
20
33
31
11
-16
-35
-32
-11
16
29
20
-6
-31
-36
-15
24
59
74
65
39
14
3
4
10
9
-3
-18
-22
-11
14
38
44
33
13
2
8
25
36
25
-11
-54
-82
-79
-49
-7
26
38
33
21
10
-2
-18
-41
-65
-78
-71
-42
-5
25
35
27
6
-14
-26
-26
-16
2
16
24
17
-4
-29
-47
-41
-11
35
75
94
79
40
-1
-28
-33
-20
-1
15
26
33
39
41
35
18
-2
-17
-20
-5
16
31
31
14
-10
-29
-34
-24
-11
-2
-3
-9
-14
-12
-6
0
-5
-22
-45
-62
-60
-39
-5
28
44
36
9
-23
-47
-52
-39
-17
0
7
4
-2
-4
8
26
43
50
41
21
-4
-20
-24
-15
0
16
27
36
40
42
38
30
18
3
-8
-13
-8
0
9
16
15
9
-2
-13
-17
-14
-1
13
21
16
-3
-29
-53
-65
-59
-39
-14
8
21
25
19
7
-9
-28
-44
-49
-41
-22
0
13
8
-8
-26
-29
-15
12
38
51
46
31
13
-1
-10
-18
-25
-29
-22
1
36
66
81
70
41
6
-19
-24
-16
1
16
25
27
24
14
-5
-25
-38
-32
-2
38
69
67
32
-25
-76
-96
-79
-38
5
30
33
23
9
-2
-11
-21
-32
-37
-30
-15
1
8
-2
-20
-34
-31
-10
18
40
49
45
32
17
1
-13
-30
-41
-40
-20
11
45
64
64
48
27
10
0
-7
-10
-12
-10
-2
11
17
12
-7
-29
-38
-28
-3
25
39
34
13
-16
-39
-52
-57
-56
-52
-43
-23
3
25
33
24
1
-22
-35
-38
-34
-28
-25
-24
-18
-4
15
30
32
25
15
13
19
27
28
16
-4
-19
-18
1
32
56
65
61
51
44
40
32
14
-7
-25
-27
-9
23
54
67
55
28
1
-17
-23
-25
-24
-21
-12
0
12
16
5
-22
-55
-74
-71
-48
-17
7
18
13
-4
-26
-48
-65
-73
-71
-59
-41
-18
3
15
18
16
12
4
-8
-25
-39
-43
-37
-21
2
23
38
44
42
39
34
24
14
3
1
7
18
27
31
28
25
25
30
41
50
51
38
17
-5
-18
-19
-12
4
23
38
43
38
24
7
-9
-21
-27
-26
-17
-8
-2
0
-3
-11
-22
-28
-26
-13
4
15
13
1
-21
-42
-55
-56
-41
-20
1
15
18
11
-3
-20
-33
-34
-24
-6
8
15
15
9
-4
-20
-30
-33
-26
-9
13
32
41
32
12
-8
-13
-6
5
6
-6
-23
-33
-26
-4
26
48
48
32
9
-7
-17
-26
-40
-49
-44
-18
20
53
68
54
17
-22
-46
-43
-25
-12
-14
-23
-22
-4
29
56
63
46
13
-22
-39
-34
-20
-10
-11
-8
5
32
55
58
35
-2
-37
-50
-33
1
31
38
21
-2
-15
-11
-1
4
-2
-10
-15
-12
0
13
11
-5
-27
-34
-14
21
50
55
28
-20
-62
-79
-58
-11
37
69
74
62
39
14
-9
-30
-44
-43
-24
13
55
83
86
62
24
-11
-29
-29
-13
6
20
24
21
22
27
36
37
27
7
-17
-35
-39
-24
0
20
24
14
-1
-9
-9
-6
-6
-11
-18
-24
-25
-21
-14
-11
-13
-20
-21
-18
-13
-14
-23
-35
-39
-36
-26
-14
-6
-6
-19
-39
-52
-48
-30
-12
-5
-7
-14
-24
-34
-41
-40
-30
-12
3
19
24
13
-16
-48
-57
-34
8
42
47
27
-1
-21
-21
1
29
46
41
21
4
0
6
13
20
27
34
35
27
18
14
16
22
27
26
19
9
1
1
8
19
27
32
38
40
31
10
-19
-41
-41
-13
33
74
88
66
23
-20
-42
-39
-18
10
31
37
34
28
27
28
22
4
-21
-40
-40
-18
18
51
62
41
-3
-40
-57
-42
-18
0
7
9
8
6
-6
-26
-45
-54
-42
-13
17
29
9
-28
-57
-56
-29
1
10
-2
-23
-35
-32
-19
-8
-1
-3
-10
-16
-15
-11
-14
-25
-32
-28
-12
6
14
13
2
-13
-30
-41
-38
-20
-1
5
-1
-11
-11
-3
8
14
8
-11
-36
-49
-37
-3
33
50
43
22
0
-14
-16
-10
4
19
28
28
22
18
17
18
23
27
27
22
16
12
14
16
13
9
8
16
32
46
43
19
-14
-37
-35
-12
19
41
46
33
11
-14
-30
-32
-24
-9
9
26
34
27
7
-14
-19
-12
0
4
2
-3
-5
-1
6
18
28
31
23
10
-4
-17
-27
-34
-33
-12
18
46
58
51
27
-7
-42
-67
-72
-54
-22
8
29
37
34
20
-1
-23
-40
-50
-57
-59
-50
-29
0
27
40
40
27
0
-34
-62
-74
-61
-35
-5
18
35
45
45
34
14
-14
-43
-63
-63
-33
16
61
80
63
28
-7
-27
-29
-21
-11
-2
4
13
26
38
40
25
-3
-29
-39
-28
-5
15
23
20
9
-2
-10
-10
-4
2
-2
-12
-23
-23
-14
-2
11
17
14
4
-10
-19
-20
-14
-8
-7
-6
0
9
18
20
15
7
-3
-14
-17
-12
1
15
21
22
16
10
4
-1
-3
-3
-1
-4
-6
-2
9
19
20
7
-11
-23
-26
-20
-7
6
11
8
-4
-15
-19
-17
-13
-9
-9
-6
-4
-8
-11
-11
-5
5
9
5
-3
-9
-13
-14
-12
-3
12
26
33
34
26
13
-6
-24
-27
-13
14
37
51
51
43
28
8
-12
-21
-17
-4
12
25
32
31
23
12
2
0
-1
-8
-20
-31
-26
-10
11
26
30
20
-1
-30
-52
-59
-49
-28
-7
9
19
23
16
-2
-27
-48
-58
-55
-40
-15
9
23
20
5
-11
-14
-9
-2
-2
-9
-18
-21
-19
-14
-2
7
17
20
23
26
27
20
6
-12
-23
-24
-17
-6
9
26
39
46
43
34
22
9
-1
-9
-13
-12
-7
1
10
21
30
37
38
36
30
21
9
-8
-26
-37
-35
-21
3
29
50
59
49
23
-11
-39
-52
-47
-27
-1
20
27
18
-3
-26
-41
-40
-28
-10
6
15
11
-2
-21
-41
-51
-53
-43
-28
-11
5
13
11
-2
-19
-29
-31
-22
-11
-1
0
-7
-18
-28
-29
-19
-1
19
33
42
43
35
15
-11
-31
-38
-26
-5
21
42
53
52
44
33
26
23
19
13
6
0
1
3
4
5
12
25
41
56
62
56
33
-3
-38
-60
-58
-37
-4
25
45
53
46
27
0
-27
-46
-52
-45
-27
-8
6
8
-4
-20
-30
-32
-24
-16
-10
-8
-8
-9
-14
-23
-33
-43
-47
-43
-27
-2
18
25
14
-6
-23
-30
-29
-21
-10
-1
6
8
7
4
0
-4
-7
-3
7
25
38
38
28
13
0
-6
-6
-1
6
16
24
31
37
43
43
34
20
5
-3
-3
-1
-1
0
6
16
28
37
38
30
13
-5
-16
-17
-8
1
2
-6
-16
-21
-16
-4
9
17
19
12
-3
-22
-37
-47
-46
-37
-21
-2
13
15
4
-15
-30
-32
-24
-12
-4
-2
-7
-18
-26
-30
-27
-19
-8
3
14
23
24
15
-4
-23
-33
-29
-14
4
20
27
26
16
7
3
2
2
2
5
13
24
31
28
14
-3
-16
-18
-4
15
35
42
37
23
7
-1
-1
0
0
-3
-4
-3
2
9
14
15
11
5
0
1
5
8
5
-6
-21
-32
-36
-29
-12
11
30
36
28
10
-9
-24
-33
-36
-37
-32
-22
-6
13
30
36
27
3
-22
-37
-34
-18
1
7
0
-13
-21
-13
6
27
35
25
0
-23
-31
-20
-1
13
16
7
-1
-4
0
8
9
2
-8
-10
-2
15
29
27
11
-13
-30
-31
-15
5
18
19
9
-2
-3
5
15
20
14
-1
-15
-25
-26
-21
-11
-2
10
20
30
33
29
16
-3
-24
-40
-45
-38
-21
3
28
44
48
36
13
-13
-30
-34
-26
-13
-3
3
4
8
12
18
18
10
-6
-20
-24
-15
3
20
24
14
-3
-18
-22
-17
-7
1
5
11
19
24
24
13
-10
-33
-43
-33
-5
23
40
33
9
-19
-34
-27
-4
22
36
35
18
-6
-28
-42
-46
-35
-14
16
45
63
61
34
-6
-45
-66
-63
-37
-3
26
43
44
33
16
-1
-18
-29
-32
-24
-7
12
26
29
19
0
-15
-24
-21
-12
1
10
16
18
17
12
4
-7
-17
-24
-21
-14
-1
10
17
19
15
9
3
-1
-5
-9
-11
-12
-12
-8
-3
2
6
11
12
15
15
12
4
-6
-17
-26
-31
-26
-11
10
30
42
39
23
-1
-24
-37
-37
-24
-7
10
21
23
20
13
5
-4
-10
-16
-16
-12
-4
4
11
12
12
8
5
0
-5
-13
-18
-18
-11
2
18
28
28
18
-2
-20
-30
-31
-21
-4
11
22
27
23
17
5
-8
-20
-26
-25
-15
-2
13
24
24
17
4
-9
-17
-19
-14
-3
9
16
16
10
-2
-15
-23
-21
-9
8
24
34
27
10
-14
-33
-41
-32
-11
15
34
40
29
9
-14
-29
-32
-21
-4
13
24
23
13
-3
-18
-25
-21
-7
10
25
29
21
5
-16
-30
-32
-22
-3
15
28
28
20
5
-9
-19
-21
-19
-9
1
11
17
16
10
2
-8
-14
-15
-8
0
7
11
11
6
0
-3
-4
-4
-2
-3
-3
-4
-3
-2
3
8
12
13
10
2
-7
-17
-23
-22
-12
2
20
31
32
20
2
-19
-32
-32
-21
-2
16
26
24
15
1
-11
-16
-14
-7
1
7
9
6
2
-2
-4
-4
-2
1
2
1
-1
-3
-4
-1
6
10
11
7
-3
-13
-19
-18
-9
6
17
22
19
10
-3
-12
-18
-15
-9
-3
2
5
7
7
9
10
8
5
-2
-10
-18
-21
-17
-8
6
21
30
30
19
3
-16
-31
-34
-28
-12
7
22
29
26
18
7
-4
-13
-18
-21
-21
-17
-8
5
19
29
32
27
10
-11
-29
-41
-38
-24
0
22
40
42
33
11
-13
-31
-40
-33
-18
2
18
27
27
19
8
-2
-9
-13
-16
-17
-16
-12
-4
6
19
28
30
22
8
-12
-28
-37
-35
-23
-3
17
32
37
33
20
1
-16
-27
-30
-26
-18
-7
5
15
22
26
24
17
5
-11
-23
-31
-28
-17
-1
16
27
29
20
5
-10
-21
-22
-16
-3
9
18
17
10
0
-10
-15
-14
-7
1
9
12
11
6
1
-4
-3
-4
-2
-3
-4
-6
-7
-5
-1
6
12
15
12
6
-3
-10
-13
-12
-7
-2
3
4
4
2
2
3
5
6
7
3
-2
-8
-12
-13
-8
-1
5
9
8
5
0
-3
-3
3
7
11
9
0
-10
-19
-24
-19
-7
10
24
32
29
17
-1
-18
-27
-30
-21
-10
4
14
17
16
11
5
0
-5
-5
-7
-7
-7
-5
-2
2
5
7
7
4
-1
-6
-8
-4
0
6
9
10
5
-2
-8
-12
-13
-9
-3
4
8
10
9
8
5
3
0
-2
-8
-13
-16
-16
-10
0
12
23
27
23
12
-4
-18
-27
-27
-18
-4
10
19
20
16
8
-2
-7
-10
-8
-4
0
3
2
1
0
-1
-1
-1
-1
-2
-1
-1
1
5
8
9
6
2
-6
-12
-17
-15
-9
0
10
17
19
14
8
-1
-8
-11
-13
-12
-9
-5
-1
3
7
11
14
14
10
5
-4
-12
-18
-19
-14
-5
5
14
18
16
13
5
-5
-12
-14
-13
-8
-2
5
10
12
10
5
-2
-8
-11
-11
-6
2
9
14
15
9
0
-9
-15
-17
-13
-6
5
12
16
15
8
1
-5
-8
-9
-7
-5
-3
-2
-1
0
3
6
9
10
9
4
-2
-9
-14
-14
-12
-5
3
9
13
13
10
6
0
-5
-8
-11
-9
-8
-3
2
7
9
9
7
3
-3
-6
-7
-6
-3
1
5
6
4
1
-2
-4
-5
-3
-1
2
5
6
6
4
1
-2
-4
-5
-7
-5
-2
2
6
9
10
8
5
-2
-5
-8
-8
-4
0
6
8
8
5
2
-1
-2
-1
3
5
6
5
1
-4
-7
-8
-5
1
8
12
13
10
3
-4
-8
-10
-7
-2
4
6
8
6
2
-2
-4
-4
-1
3
5
6
5
2
-3
-7
-9
-8
-6
-1
6
10
11
9
5
-2
-10
-15
-16
-13
-6
3
10
15
13
7
-2
-10
-16
-16
-13
-8
-1
5
8
8
5
2
-4
-9
-13
-16
-15
-11
-5
3
11
14
13
6
-5
-17
-26
-27
-20
-7
8
18
22
17
5
-7
-19
-25
-23
-15
-5
4
9
11
9
4
1
-2
-5
-7
-9
-11
-11
-8
-4
2
8
13
13
11
5
-4
-12
-17
-17
-13
-4
6
15
22
24
18
6
-8
-20
-26
-24
-13
3
21
33
35
28
11
-7
-22
-28
-26
-14
3
18
30
32
27
16
2
-9
-16
-18
-14
-5
5
16
23
26
21
13
3
-8
-14
-13
-7
3
14
20
20
16
6
-3
-9
-9
-4
3
11
16
14
10
3
-3
-6
-4
-1
4
7
10
9
5
1
-3
-4
-4
-1
4
7
9
7
3
-4
-9
-11
-9
-4
4
10
13
11
5
-5
-12
-16
-15
-9
-3
5
6
5
1
-4
-6
-6
-4
0
1
0
-4
-11
-14
-15
-12
-5
3
9
10
7
1
-7
-13
-18
-20
-17
-12
-5
3
7
10
10
5
-4
-13
-20
-24
-21
-14
-3
8
15
15
11
1
-10
-19
-23
-22
-14
-3
8
15
18
14
7
-5
-17
-25
-25
-19
-7
7
19
24
23
14
0
-14
-23
-25
-20
-9
4
15
20
20
15
7
0
-6
-10
-12
-10
-7
-2
4
10
15
17
16
11
3
-5
-11
-13
-10
-3
7
14
17
16
11
5
-2
-5
-5
-3
1
5
8
9
8
7
4
3
1
2
2
2
2
3
2
2
3
5
6
8
8
6
2
-4
-8
-9
-6
0
8
15
19
17
9
-2
-12
-19
-19
-12
0
11
22
23
16
5
-7
-16
-19
-16
-7
4
11
14
12
7
-2
-8
-11
-10
-5
-1
5
6
5
1
-3
-7
-8
-7
-2
2
5
6
4
-1
-6
-10
-11
-9
-3
3
8
9
5
-1
-7
-12
-13
-8
-3
5
8
10
8
2
-5
-10
-11
-11
-6
0
4
8
8
6
1
-3
-6
-7
-8
-5
-2
1
2
4
3
4
3
1
-1
-3
-5
-5
-5
-3
0
3
6
7
7
3
-1
-6
-8
-9
-6
0
4
8
10
7
1
-4
-8
-9
-8
-3
2
6
6
4
0
-4
-7
-7
-5
-1
2
5
4
1
-3
-6
-8
-6
-1
3
8
8
5
0
-7
-11
-11
-7
0
6
13
13
10
3
-5
-12
-14
-10
-3
7
15
18
16
9
0
-7
-11
-9
-4
4
12
16
17
13
7
0
-4
-5
-2
3
9
12
12
11
7
4
2
1
3
6
7
9
7
4
2
1
1
4
7
9
9
7
4
0
-3
-5
-5
-2
2
7
9
7
3
0
-5
-8
-9
-8
-5
-3
0
2
1
-1
-2
-6
-8
-10
-10
-11
-10
-8
-6
-4
-4
-4
-4
-7
-9
-12
-15
-16
-16
-12
-10
-5
-2
-1
-3
-7
-12
-16
-17
-17
-13
-9
-4
-1
0
-2
-5
-9
-11
-12
-11
-8
-5
-3
-1
-1
-1
-1
-1
-1
-1
0
1
1
0
-1
1
1
2
5
8
11
11
10
8
3
2
1
3
6
12
15
18
19
17
12
9
6
4
5
9
13
17
19
19
18
15
11
9
7
7
8
10
12
14
15
14
13
12
9
8
6
4
6
5
5
5
6
7
7
6
5
3
1
-1
-2
-4
-4
-4
-2
-1
0
-1
-1
-4
-6
-9
-10
-11
-11
-11
-10
-8
-8
-8
-8
-9
-10
-13
-14
-15
-15
-16
-14
-13
-12
-11
-10
-10
-12
-13
-15
-15
-16
-16
-14
-13
-11
-10
-8
-8
-9
-9
-10
-11
-12
-11
-10
-8
-6
-5
-3
-2
-2
-2
-4
-4
-5
-4
-3
-1
0
2
5
6
6
6
5
4
3
3
3
4
7
8
10
12
11
12
11
11
9
8
8
9
10
11
12
15
15
15
13
13
12
11
10
8
9
10
11
13
13
13
12
11
9
7
7
6
5
6
6
7
8
8
8
6
5
3
1
0
-1
0
0
1
1
1
1
0
-1
-3
-5
-6
-7
-6
-6
-6
-4
-5
-4
-5
-5
-6
-8
-9
-10
-11
-10
-9
-8
-7
-7
-6
-7
-8
-9
-10
-11
-11
-10
-9
-8
-7
-6
-5
-6
-7
-7
-7
-8
-9
-8
-7
-5
-5
-3
-3
-3
-2
-2
-3
-2
-4
-4
-3
-2
-1
0
1
2
2
1
1
0
1
1
1
2
2
3
4
4
5
4
5
3
4
2
3
4
4
4
5
5
6
5
5
5
4
4
3
3
3
3
4
4
5
4
5
5
3
2
2
2
2
2
2
2
2
2
2
2
1
1
0
0
0
0
0
0
1
0
0
-1
0
0
0
-1
-1
-1
-1
-1
-1
0
0
0
-1
-1
0
-1
-1
0
0
0
0
0
0
0
0
0
1
0
0
-1
0
0
1
0
0
0
1
1
0
0
0
0
0
0
0
0
1
0
1
0
0
-1
0
0
0
-1
-1
0
0
0
0
1
0
0
0
0
0
0
0
0
0
0
0
0
0
0
0
0
1
1
1
0
-1
0
0
0
0
0
0
1
-1
-1
0
0
0
0
0
1
0
-1
0
0
0
0
0
0
0
0
-1
0
0
0
0
1
0
0
0
0
0
-1
1
1
0
0
0
0
1
0
0
0
0
0
0
0
0
0
0
0
0
1
0
0
0
0
0
0
1
0
0
0
0
0
0
0
0
1
0
1
0
-1
0
0
0
0
-1
0
0
0
0
0
0
-1
0
0
-1
0
0
0
-1
1
0
0
0
0
0
0
0
0
0
0
0
0
0
-1
0
-1
0
0
0
0
0
0
0
0
0
1
0
0
0
0
0
0
0
0
0
0
0
1
0
0
0
0
0
0
0
0
0
-1
0
0
1
0
0
0
0
0
0
0
1
0
0
0
0
0
0
-1
0
1
0
0
0
0
0
0
0
0
-1
0
0
0
0
0
0
0
0
1
0
-1
0
1
0
0
-1
0
0
0
0
0
0
0
0
0
1
0
0
0
0
0
0
0
0
-1
0
0
0
0
0
0
0
0
0
1
0
0
0
0
0
1
0
0
1
0
1
-1
0
0
0
0
0
0
0
0
0
0
-1
-1
0
0
0
0
0
0
0
0
0
0
-1
0
-1
0
0
0
0
0
0
-1
0
0
0
0
0
0
0
0
0
0
0
0
0
0
0
0
0
1
1
0
-1
0
0
0
0
0
0
0
0
0
0
0
0
0
0
0
0
1
0
0
0
0
0
1
0
0
0
0
0
0
0
-1
-1
0
0
0
0
0
-1
-1
0
0
0
-1
1
0
0
-1
0
0
0
0
0
0
0
0
0
0
0
0
0
0
0
0
1
0
0
-1
0
0
0
0
0
0
1
0
0
-1
-1
0
0
0
0
-1
0
0
1
0
0
1
0
0
1
0
1
0
0
0
0
0
0
-1
0
0
0
0
0
0
1
0
0
0
0
0
0
-1
-1
0
-1
0
0
0
0
0
0
0
0
0
0
0
0
0
0
-1
0
0
0
0
1
0
0
0
0
0
0
0
0
0
0
-1
1
-1
0
0
0
0
0
0
0
0
1
0
1
0
0
0
1
-1
0
0
0
0
0
0
0
0
0
0
-1
0
0
0
0
1
1
0
1
0
0
0
1
0
0
0
0
0
0
-1
-1
-1
0
0
0
0
0
0
-1
0
0
0
0
0
-1
0
-1
0
1
0
0
1
0
0
-1
0
-1
0
0
0
-1
0
1
-1
0
0
0
0
-1
0
1
0
-1
1
1
0
1
-1
0
0
1
0
0
-1
1
0
0
1
0
0
0
0
1
0
0
0
0
1
0
-1
0
-1
0
1
0
0
-1
0
1
0
0
-1
0
0
-1
0
0
0
0
0
0
0
0
0
0
-1
0
1
0
1
0
-1
0
0
1
0
0
0
0
0
0
-1
0
-1
0
0
0
0
0
0
0
1
0
1
0
0
0
0
0
-1
0
0
0
0
0
-1
0
0
0
0
0
0
1
0
0
0
0
1
-1
0
0
0
0
0
0
0
0
-1
0
0
0
0
0
0
0
0
0
0
0
0
0
0
0
0
0
-1
1
0
0
0
-1
0
0
0
1
0
0
0
-1
0
0
0
0
1
1
0
1
0
0
-1
0
-1
0
0
0
0
0
0
0
0
0
0
0
0
0
1
0
0
0
0
0
0
0
0
0
0
0
0
0
0
0
0
0
0
1
0
0
0
1
0
0
0
0
0
0
0
0
1
1
0
0
1
0
0
0
0
1
1
0
0
-1
1
0
-1
-1
0
0
0
0
0
1
0
1
0
0
0
1
0
-1
0
-1
0
0
-1
0
0
0
-1
0
0
0
0
0
0
0
0
1
-1
0
0
0
0
-1
0
0
0
0
0
1
0
0
0
0
0
0
0
0
1
0
0
0
0
0
0
0
0
0
0
1
0
-1
0
0
0
0
0
0
0
0
0
0
1
0
1
1
1
0
0
0
0
0
0
0
0
0
0
0
0
-1
0
0
0
-1
0
-1
0
0
0
0
0
0
0
-1
1
0
1
0
0
0
0
1
1
0
-1
1
1
-1
0
0
0
0
0
0
0
0
0
0
0
0
0
1
-1
0
0
0
0
0
0
0
-1
0
-1
0
0
0
0
0
-1
0
1
0
0
0
1
0
0
0
0
0
0
0
0
0
0
0
0
0
0
1
0
1
0
-1
-1
-1
0
0
0
0
0
0
0
-1
0
0
1
-1
0
1
0
0
0
0
0
0
0
-1
0
0
0
0
0
0
0
-1
0
0
0
0
0
0
0
-1
0
0
0
0
0
0
0
0
1
0
0
0
1
0
0
-1
1
0
-1
0
0
-1
0
0
0
0
-1
0
0
0
0
1
0
0
0
1
0
0
1
-1
0
0
0
0
0
0
-1
0
1
0
0
0
1
-1
0
0
0
0
0
0
0
0
0
1
0
-1
0
0
-1
-1
0
0
0
0
-1
-1
0
0
0
0
0
0
0
0
0
0
1
0
-1
0
1
0
1
0
0
0
0
0
1
0
0
0
0
-1
1
0
0
0
0
1
1
0
0
-1
0
1
0
0
0
0
0
1
0
0
0
0
-1
1
0
0
1
0
0
0
0
0
0
0
0
0
0
0
0
0
0
0
1
0
0
0
0
-1
1
0
-1
0
-1
0
0
0
0
0
0
0
0
-1
0
0
-1
