0
-1
0
1
-1
0
0
0
0
0
0
0
0
0
0
0
0
0
1
-1
0
0
0
0
0
0
0
-1
0
-1
0
0
0
0
0
-1
0
1
0
0
0
1
0
0
0
0
0
0
0
-1
0
0
0
0
0
0
1
0
1
0
-1
-1
-1
0
0
0
0
0
0
0
-1
0
0
1
-1
-1
1
0
0
0
0
0
0
0
-1
0
0
0
0
0
0
0
0
0
0
0
0
0
0
0
-1
0
0
0
0
0
0
1
0
1
0
0
0
1
0
0
-1
1
0
-1
0
0
-1
0
0
0
0
-1
0
0
0
0
1
0
0
0
1
0
0
1
-1
0
0
0
0
0
0
-1
0
1
0
0
0
1
-1
0
0
0
0
0
0
0
-1
0
1
0
-1
0
0
-1
-1
0
0
0
0
-1
-1
-1
0
0
0
0
0
0
0
0
0
1
0
-1
0
1
0
0
0
0
0
-1
0
0
0
0
0
0
-1
1
0
0
0
0
1
0
0
0
-1
0
1
0
0
0
0
0
0
0
0
0
0
-1
1
-1
0
1
0
0
0
0
0
0
0
0
0
0
0
0
0
0
0
1
0
0
0
0
-1
1
0
0
0
0
0
0
0
0
0
0
0
0
-1
0
0
0
-1
0
0
1
1
0
0
0
0
-1
0
1
0
-1
0
0
0
0
-1
0
1
0
0
0
-1
-1
0
0
0
0
1
0
0
0
0
-1
0
0
0
0
0
0
0
0
1
0
-1
0
0
-1
0
0
0
0
0
0
0
0
0
0
0
1
0
0
0
0
-1
-1
0
-1
0
0
0
-1
0
0
0
0
1
1
-1
0
0
-1
0
0
0
-1
0
0
-1
0
0
-1
1
-1
0
0
-1
0
0
0
0
0
0
0
1
0
0
-1
1
1
0
0
0
0
0
0
0
0
0
1
0
0
0
0
0
0
-1
0
0
-1
0
0
1
0
0
1
0
0
0
1
0
0
0
0
0
0
1
-1
0
0
0
1
0
-1
0
0
0
0
0
-1
0
0
0
0
1
0
0
1
0
0
0
1
0
0
0
0
0
1
0
0
0
0
0
0
0
1
0
0
0
0
-1
0
0
-1
-1
0
-1
0
0
0
1
0
0
0
0
-1
1
0
0
0
0
1
0
1
0
0
1
1
0
0
0
0
0
-1
0
0
0
-1
0
0
1
0
0
0
0
1
0
1
0
0
0
0
-1
0
0
0
0
0
-1
0
0
0
1
1
0
0
-1
0
0
1
0
0
-1
1
0
0
0
0
0
0
0
0
0
0
0
0
0
0
0
0
1
0
0
0
-1
0
1
0
0
1
-1
0
-1
-1
0
0
0
0
0
0
0
0
-1
0
-1
1
0
1
0
0
0
0
0
0
0
0
0
0
-1
0
0
0
0
1
0
-1
0
0
0
0
0
0
-1
0
0
-1
0
0
0
0
0
0
0
1
1
0
0
0
0
0
0
0
-1
0
0
0
0
0
0
-1
-1
0
0
0
0
0
1
0
1
-1
0
0
-1
0
0
0
1
0
0
0
0
0
0
0
1
0
1
0
0
0
-1
-1
0
0
0
0
1
0
-1
0
0
0
0
1
0
-1
0
0
0
0
0
1
0
0
0
0
0
0
0
0
0
0
1
0
0
0
0
0
0
0
0
0
0
0
0
0
-1
-1
0
0
0
0
0
0
-1
0
0
-1
0
0
0
0
0
0
0
0
0
0
0
0
0
0
0
0
0
0
0
0
1
0
0
-1
1
0
0
0
0
0
0
0
0
0
0
-1
1
0
0
-1
0
0
0
1
0
-1
0
0
0
0
0
0
0
1
-1
0
0
0
-1
-1
0
0
0
1
0
0
0
0
0
1
0
-1
-1
0
0
0
0
0
0
0
-1
0
-1
0
1
0
0
0
0
1
0
0
0
0
0
-1
-1
0
0
0
0
-1
0
1
0
1
0
0
0
0
-1
0
0
0
-1
0
0
0
0
0
0
0
0
-1
0
0
0
1
0
1
0
-1
0
1
0
0
-1
0
0
0
0
0
0
1
0
1
0
0
0
0
0
1
0
1
0
0
0
1
0
1
0
0
0
-1
0
0
0
0
0
0
0
0
0
-1
0
0
0
0
0
0
0
0
0
0
1
0
1
0
0
1
0
0
1
0
0
1
0
0
1
0
0
0
0
0
0
0
0
0
0
0
1
0
0
-1
0
0
-1
0
-1
0
0
1
1
0
0
0
-1
0
0
0
0
0
0
1
0
0
-1
0
0
0
0
-1
0
1
0
0
0
0
0
0
0
0
0
0
0
0
0
1
0
0
0
0
0
-1
0
0
0
0
0
1
0
0
0
0
0
0
0
1
0
-1
0
-1
1
0
0
0
0
-1
0
0
0
0
0
0
-1
1
1
0
0
1
0
-1
0
1
1
0
-1
0
0
1
0
0
0
0
0
-1
0
0
0
0
1
-1
0
0
-1
0
0
0
0
0
1
1
0
0
0
-1
-1
0
0
0
1
0
0
0
0
0
0
1
0
0
-1
0
0
0
0
0
0
0
0
1
0
0
-1
0
0
0
0
0
-1
0
0
0
0
0
0
0
0
0
0
0
1
0
0
0
0
0
0
-1
0
0
0
0
1
0
0
1
0
0
-1
1
-1
0
-1
0
0
0
0
0
0
0
0
0
0
1
0
0
0
0
0
0
0
0
0
-1
0
0
0
1
0
0
0
1
0
0
0
0
0
0
0
0
0
0
1
0
1
0
-1
0
0
-1
0
0
0
-1
0
0
0
-1
0
-1
1
-1
1
0
0
0
0
0
1
0
1
0
0
0
0
0
0
0
0
0
0
0
1
0
0
-1
0
0
0
0
0
0
0
0
0
0
-1
0
0
1
0
0
-1
0
0
0
0
0
0
0
0
-1
0
1
0
0
0
0
1
0
0
0
0
0
-1
0
0
-1
0
0
0
0
0
0
1
0
0
0
0
1
1
1
1
0
0
-1
1
0
0
0
0
0
0
0
0
0
0
0
0
1
0
0
1
0
1
0
0
1
0
0
0
0
1
0
0
0
0
0
1
1
0
0
-1
0
-1
-1
0
0
0
1
1
0
-1
0
1
0
0
0
0
1
0
1
-1
0
1
0
0
0
-1
0
0
0
1
0
-1
0
-1
-1
0
0
1
0
0
0
1
1
0
0
1
1
-1
0
-1
0
0
0
1
0
0
0
0
-1
0
0
-1
0
0
-1
-1
1
0
0
0
0
-1
0
1
0
0
0
-1
1
0
1
0
1
-1
0
0
0
-1
0
0
0
1
0
0
0
0
0
0
0
0
0
0
0
0
0
1
0
0
0
0
1
0
0
0
0
0
0
0
-1
-1
0
0
0
0
0
0
0
0
0
0
0
1
0
0
0
0
-1
0
0
1
0
0
0
0
0
-1
0
0
0
0
0
0
-1
0
0
-1
0
0
0
-1
0
0
0
0
-1
0
0
0
0
0
0
0
0
0
0
0
0
0
0
0
-1
0
0
0
-1
0
-1
0
-1
0
0
0
0
1
0
0
0
-1
-1
1
0
0
0
0
0
1
0
0
0
0
0
0
1
0
0
0
0
-1
0
-1
0
0
0
0
-1
0
0
0
0
0
0
0
0
0
0
0
0
1
0
1
1
0
1
0
0
0
0
0
1
0
1
0
0
0
1
0
0
-1
0
0
0
0
-1
0
0
0
0
-1
-1
1
0
0
1
0
0
1
0
0
0
-1
1
0
0
0
0
0
0
-1
0
0
0
0
0
0
0
0
-1
0
0
0
0
0
0
0
0
0
0
0
-1
0
-1
0
-1
0
0
0
0
0
0
0
-1
1
0
0
0
0
0
-1
0
-1
0
-1
0
0
0
0
-1
0
-1
0
1
0
0
0
0
0
0
1
0
0
0
0
0
0
-1
0
0
0
0
0
0
0
0
1
0
1
1
0
0
0
0
0
0
0
0
0
0
1
0
1
0
0
0
0
0
0
0
1
0
0
0
1
0
1
1
0
0
1
0
-1
0
0
1
0
0
0
0
0
0
0
0
0
0
0
1
0
0
0
0
0
0
0
0
0
0
0
-1
0
1
0
0
0
0
0
0
0
-1
1
0
0
0
1
0
1
0
0
0
0
0
0
0
-1
0
1
0
0
0
1
0
0
0
0
-1
1
0
0
0
1
0
0
0
0
0
0
0
0
-1
0
0
0
0
1
0
0
0
0
0
0
-1
-1
1
0
0
1
0
0
-1
0
-1
0
0
1
0
0
0
0
1
-1
0
0
0
0
0
0
0
0
0
0
0
0
0
0
-1
0
0
0
0
1
0
0
0
0
0
0
0
0
-1
0
0
0
-1
0
0
1
0
-1
0
0
0
0
1
1
1
0
0
-1
0
0
-1
0
0
0
0
-1
0
0
0
0
0
0
1
0
0
0
0
0
1
0
0
0
0
0
0
0
-1
0
-1
0
-1
0
0
0
0
0
0
0
0
0
0
0
0
0
0
1
0
0
0
0
0
0
0
0
0
0
0
0
0
0
-1
0
0
0
1
0
0
0
0
-1
0
-1
0
1
0
0
1
0
0
0
0
0
0
0
0
0
0
1
-1
0
-1
0
0
-1
0
0
0
0
-1
0
0
0
0
0
1
0
0
0
0
0
0
0
-1
1
0
0
0
0
0
-1
0
0
0
0
0
0
-1
0
-1
0
0
0
0
1
0
0
0
0
0
0
0
0
0
0
0
0
1
0
0
0
0
1
0
0
0
1
0
0
0
0
0
0
0
-1
-1
0
0
0
1
0
-1
0
0
-1
0
0
0
-1
0
0
1
0
0
0
0
0
0
1
-1
0
0
0
0
0
0
0
1
1
0
0
0
0
0
0
1
0
1
0
0
0
1
0
0
0
-1
0
1
0
-1
0
0
0
0
0
0
0
0
0
0
0
1
0
1
0
0
0
0
0
0
0
1
0
0
-1
0
-1
0
0
-1
0
0
0
0
0
0
0
0
0
0
0
0
0
0
0
0
0
0
0
0
0
0
0
0
0
0
0
0
0
0
0
0
0
-1
0
0
0
0
0
0
0
-1
0
0
0
-1
-1
0
0
-1
-1
-1
-1
-1
-1
-2
-2
-1
-1
0
0
0
0
0
2
0
1
2
3
4
4
4
6
7
6
8
9
11
12
10
13
14
12
14
16
15
16
18
18
18
18
18
20
20
22
22
26
26
24
24
23
25
23
20
21
21
21
14
14
11
7
7
2
6
4
-7
-9
-14
-20
-26
-25
-23
-37
-39
-40
-51
-50
-58
-54
-52
-60
-64
-70
-66
-72
-83
-91
-80
-80
-103
-106
-98
-113
-127
-131
-115
-118
-122
-127
-132
-121
-127
-139
-115
-97
-108
-102
-101
-90
-102
-103
-79
-74
-86
-59
-44
-59
-74
-49
-33
-62
-63
-18
-8
-33
-43
-26
-19
-42
-57
-40
-17
-45
-51
-41
-36
-43
-75
-74
-78
-73
-80
-78
-60
-74
-81
-90
-91
-86
-76
-65
-61
-36
-16
1
17
29
37
41
88
121
151
202
251
238
244
302
321
369
403
433
479
487
504
554
564
557
585
565
571
582
587
606
544
519
510
472
439
406
383
355
304
253
243
221
173
130
55
52
45
11
-9
68
-22
-67
22
-69
-54
-5
10
-33
-50
55
-13
-38
-27
-42
-24
-178
-125
-17
-157
-262
-178
-200
-323
-348
-347
-310
-359
-448
-499
-418
-348
-519
-625
-436
-351
-655
-649
-381
-420
-618
-655
-445
-457
-620
-519
-502
-457
-529
-583
-504
-466
-440
-442
-479
-433
-353
-410
-477
-364
-246
-308
-317
-255
-224
-194
-248
-260
-134
-87
-147
-214
-103
-38
-98
-82
-14
-12
-77
-84
-45
69
108
142
158
94
129
151
253
357
407
506
508
562
642
697
791
860
900
900
928
1006
1061
1024
973
925
871
818
682
647
635
530
404
294
243
144
24
-85
-119
-126
-172
-186
-184
-224
-256
-213
-199
-194
-144
-85
-27
-9
36
131
184
226
168
152
256
327
295
326
374
405
362
213
264
390
193
56
402
260
44
214
182
91
-212
-105
300
-135
-258
2
159
-122
-650
68
150
-529
-356
-57
-12
-386
-530
-16
-201
-587
-510
-164
-339
-663
-492
-291
-395
-678
-425
-253
-576
-554
-316
-303
-421
-230
-175
-303
-276
-303
-142
-222
-339
-179
-130
-294
-392
-230
-326
-444
-388
-455
-490
-520
-498
-553
-650
-649
-637
-635
-786
-785
-646
-707
-823
-711
-530
-536
-623
-622
-500
-485
-445
-270
-145
-80
-88
20
120
131
269
472
563
595
688
870
996
978
1028
1085
1092
1037
1072
1168
1074
978
980
863
729
644
576
488
337
271
293
246
85
12
-41
-84
-182
-244
-158
-141
-197
-187
-96
-41
-92
-100
-2
31
23
127
360
423
332
353
403
390
341
357
481
617
513
428
522
554
333
333
373
334
379
393
434
344
283
258
45
-31
185
94
148
-55
89
-25
-109
-272
-217
-95
-229
-309
-198
-93
-235
-351
-315
-265
-365
-450
-246
-168
-395
-134
-247
-371
-228
-155
-229
-294
-119
-7
68
-292
0
169
-208
-228
-47
125
-139
-243
-58
-99
-207
-414
-330
-303
-479
-566
-531
-508
-711
-703
-782
-870
-857
-923
-903
-939
-944
-969
-968
-964
-864
-730
-721
-713
-831
-677
-564
-536
-409
-250
-145
-261
-191
0
85
162
230
426
511
465
603
788
754
694
698
727
720
709
743
694
589
457
370
401
319
222
172
129
63
93
72
1
-46
-84
-136
-74
47
-56
1
143
114
-39
227
224
275
323
284
395
530
579
567
560
583
549
588
533
584
806
553
609
579
572
440
453
578
494
422
484
489
338
473
329
80
547
260
19
408
257
259
-53
95
391
100
-108
-18
520
-87
-226
402
11
-173
21
83
-69
62
-100
-128
253
-90
-217
-29
51
35
-289
47
-31
-184
42
-273
-197
-108
-277
-339
-216
-351
-303
-420
-539
-552
-368
-582
-791
-499
-691
-880
-617
-714
-994
-839
-710
-936
-1048
-833
-907
-861
-899
-968
-848
-899
-936
-689
-628
-687
-685
-604
-586
-641
-441
-240
-330
-274
-251
-138
-17
-67
-10
191
248
205
275
421
478
502
495
415
453
565
492
552
533
356
461
497
347
282
427
329
212
265
365
189
355
367
122
243
343
341
289
240
399
600
302
296
503
492
461
260
435
766
523
352
461
519
409
192
431
515
278
335
218
243
258
-35
230
385
-112
-6
315
315
-131
112
302
-17
-11
124
101
296
-109
-79
187
147
-239
-140
507
-121
-342
112
197
-173
-148
267
65
-158
35
122
126
-180
258
443
-243
32
437
225
-200
152
458
33
-34
89
-38
19
11
-339
-15
-73
-285
-430
-434
-289
-537
-570
-500
-620
-509
-835
-771
-574
-914
-817
-748
-805
-846
-890
-838
-912
-707
-771
-1082
-833
-643
-801
-710
-610
-635
-635
-648
-657
-377
-282
-532
-386
-144
-186
-290
-97
57
2
65
144
269
402
452
509
538
465
463
623
600
659
595
623
645
490
567
574
509
401
420
549
559
408
410
538
401
246
264
534
430
120
523
506
214
184
593
411
86
331
476
661
-4
213
536
232
153
-154
487
360
-156
-99
65
134
-127
-348
19
75
-105
-536
-68
331
-476
-166
-96
-43
-74
-270
122
-60
68
-241
-290
271
-233
-120
85
50
-74
-66
51
-13
167
-171
202
230
160
65
177
419
20
177
215
347
113
164
537
105
404
126
-32
329
164
-195
254
417
-330
37
37
-356
-214
-242
-116
-426
-326
-328
-230
-426
-811
-153
-530
-855
-419
-308
-677
-644
-320
-656
-599
-621
-625
-689
-668
-283
-578
-589
-421
-452
-677
-646
-375
-526
-406
-346
-310
-370
-398
-231
-267
-217
-265
-30
-100
40
274
183
193
178
296
185
351
410
298
524
422
479
457
293
377
321
350
342
597
429
414
551
388
56
283
662
236
310
608
447
344
501
354
248
502
429
368
742
292
407
684
-48
490
338
98
453
177
258
73
247
83
-244
270
96
-325
-122
243
17
-221
-11
-169
45
-101
-171
-3
98
-256
-240
-29
-90
14
-260
-383
172
-360
-232
-221
194
155
-561
419
-247
-175
49
43
5
153
419
-560
201
179
-146
158
-20
551
0
-151
198
103
305
-163
40
320
130
-195
-251
362
-29
-204
-386
-8
239
-617
-402
201
-198
-700
-376
78
-596
-595
-150
-474
-262
-558
-489
-245
-680
-552
-522
-508
-423
-364
-417
-646
-454
-504
-572
-510
-322
-383
-442
-384
-433
-292
-351
-446
-310
-257
-132
-106
102
92
-94
136
-35
126
238
135
347
349
352
154
167
431
167
147
142
419
559
246
385
84
321
181
-78
584
373
247
378
647
-43
280
584
100
565
359
696
528
227
509
512
438
198
294
729
410
187
355
506
46
28
511
-145
292
63
346
158
11
198
-3
-198
433
253
-209
314
102
-126
-210
53
258
-276
-160
502
-214
-529
352
-37
137
-262
86
261
-325
191
-56
25
-67
-28
-81
71
176
-253
11
211
-198
53
-123
36
134
-135
37
-71
-262
25
64
-467
-241
109
-297
-458
-157
-236
-547
-301
-390
-638
-229
-480
-465
-582
-291
-458
-640
-752
-491
-134
-598
-894
-305
-120
-946
-679
-233
-412
-580
-460
-154
-342
-577
-378
-341
-282
-458
-241
53
-291
-437
-8
-11
-346
49
188
42
139
314
154
241
239
92
439
138
354
691
424
22
129
751
-13
35
665
475
460
-43
355
491
145
160
162
615
411
430
87
756
411
-155
496
666
510
213
735
656
481
188
175
780
304
77
801
424
176
356
-111
223
309
-138
279
252
403
-35
-209
503
-472
275
304
-219
361
-459
388
30
-559
562
-166
-304
-248
10
421
-276
154
170
-296
-219
-195
156
363
-217
42
294
-411
-192
-63
-39
-49
-187
371
-153
-343
164
-248
-59
-579
155
296
-413
-229
-256
277
-551
-783
46
-91
-486
-570
-134
103
-744
-736
-122
-253
-795
-510
126
-322
-1040
-154
-96
-618
-748
-376
-190
-613
-355
-106
-353
-535
-260
-250
-591
-405
-135
-30
-399
-168
202
-346
-576
-222
92
-60
-18
180
250
103
-134
-70
260
191
54
391
592
91
35
332
286
-197
108
437
297
254
226
119
149
235
-200
249
376
330
180
146
442
273
-47
-6
645
456
206
496
276
500
295
245
641
458
287
452
458
224
429
666
-102
212
826
-122
-106
763
310
-49
393
-277
568
633
-475
-1
873
35
-410
112
712
104
-688
376
747
-757
-247
598
65
-259
-12
207
71
-134
-278
117
-91
-116
172
-106
2
-79
-446
-274
-69
107
-22
-203
-326
80
-402
-105
-488
-167
394
-903
-25
-2
-611
-187
-767
-123
-359
-710
141
-359
-460
-762
-437
-350
-373
-396
-356
-127
-519
-519
-250
-335
-315
-473
-273
-78
-287
-286
75
-164
-699
-169
38
-348
-83
174
9
-201
-298
-57
-58
-186
112
372
7
-86
340
256
-68
147
107
133
322
270
436
464
44
-51
-105
-1
328
150
341
431
-117
-147
-8
-37
-244
-83
386
358
357
-184
-200
71
-283
-62
559
705
195
207
64
130
309
-117
197
1149
406
-239
185
555
210
-413
297
609
14
-130
235
562
-147
-210
89
95
407
53
-150
412
70
135
125
-279
333
375
-212
-54
617
316
-585
98
700
27
-459
305
714
-202
25
427
-102
-206
361
416
-160
82
144
135
64
-375
220
244
-262
-52
450
-106
-465
-58
117
-170
-463
453
-38
-776
-73
-100
-371
-689
-413
141
-363
-1139
-442
-355
-682
-461
-627
-684
-745
-452
-815
-676
-170
-343
-614
-709
-473
-547
-674
-81
-109
-109
-187
-513
-218
-335
-60
347
183
72
344
240
310
232
261
507
191
561
500
464
404
100
79
108
99
147
354
92
70
133
-222
-161
238
152
100
-9
642
202
-300
348
222
96
417
822
375
183
300
419
351
390
587
1007
822
-83
125
943
253
-146
916
908
-98
-86
-24
113
68
30
446
178
-532
-228
453
-246
-516
364
549
-650
-154
441
-248
-663
-78
299
-414
-648
575
492
-1090
-874
22
311
-391
-272
837
-102
-1216
-178
735
-136
-487
-108
547
-352
-202
179
-229
26
-398
-218
294
101
-159
-306
-384
231
-391
-196
-233
-150
-328
-945
-459
-172
-365
-619
-718
-487
-628
-912
-633
-668
-437
-207
-546
-12
-315
-1222
-829
-122
543
255
-36
324
-148
-244
-101
517
1384
849
714
795
913
917
750
1029
1304
1209
1167
1035
945
958
477
281
498
559
568
246
143
-214
-448
-489
-561
-72
-232
-572
-387
-386
-752
-680
-510
-365
-368
-295
-3
-234
-69
-33
-360
-343
131
560
519
482
153
137
33
247
703
766
521
251
39
23
188
-50
174
376
-62
-140
256
-260
-741
-445
518
85
-298
333
2
-709
-759
-427
91
321
66
-205
-398
-795
-680
-470
77
613
-199
-385
-258
163
-701
-1177
224
879
56
-23
-200
-557
-1122
-514
232
514
745
-167
-784
-333
-510
-362
102
640
278
-307
-585
-938
-617
-488
-700
-468
-11
-643
-1316
-1485
-1394
-636
-383
-320
-215
-945
-1383
-1604
-162
489
120
132
-446
-617
-338
170
905
1228
896
617
552
1050
1588
1641
1671
1419
1631
1782
1816
1942
1565
1188
840
1283
1359
888
842
399
-102
-21
-23
41
3
-471
-574
-589
-509
-489
-442
-509
-523
-432
-691
-378
-4
-195
-284
-179
-104
48
252
492
546
190
597
562
361
679
886
726
424
385
640
624
586
217
-235
392
278
5
213
109
-441
-608
-497
-126
-385
-574
-671
-470
-993
-1372
-814
-644
-782
-1133
-902
-731
-1132
-1309
-1004
-762
-532
-964
-919
-408
-718
-800
-686
-407
-257
-324
-108
-91
43
168
-207
-112
318
117
140
179
266
-37
-208
-138
-77
-52
-325
-445
-520
-913
-973
-201
297
226
-449
-1558
-1354
-772
46
969
714
273
-760
-1261
-457
627
1727
1953
1361
819
204
177
1249
2588
2844
2002
1611
1624
1280
1494
1627
1979
1937
1428
1371
914
626
-61
-301
341
708
472
-231
-980
-1308
-1335
-1173
-615
-303
-317
-862
-1461
-1926
-1539
-830
-202
295
-218
-830
-1040
-938
-344
318
572
747
387
-28
56
237
714
985
1185
1112
1035
928
899
518
598
959
1130
1161
604
186
-23
-270
-417
-78
188
-5
-555
-1253
-1484
-1149
-949
-840
-509
-672
-1282
-2067
-1847
-980
-696
-842
-1142
-1001
-1312
-1635
-1275
-506
-421
-574
-707
-613
-685
-616
-515
-259
167
17
-401
-377
55
-410
-640
-303
95
-79
-681
-676
-726
-1032
-629
247
624
404
-973
-1837
-1210
-282
1152
1359
437
-522
-1322
-1135
181
1839
2365
1633
692
17
38
1082
2287
3190
2846
1586
1106
1293
2038
2072
1995
2164
1667
1551
1171
901
726
112
234
739
1040
607
-382
-1036
-1007
-597
-127
206
56
-551
-1176
-1520
-1084
-196
148
-2
-335
-867
-856
-444
-180
197
154
15
-11
-57
-11
54
325
585
497
419
582
784
618
272
377
580
813
893
491
205
-18
-159
48
290
176
-200
-638
-793
-840
-930
-659
-502
-744
-1092
-1463
-1428
-1352
-1258
-1069
-1135
-1125
-1364
-1740
-1436
-1150
-1097
-890
-879
-1033
-1151
-1113
-976
-538
-258
-503
-552
-569
-575
-318
-292
-58
-144
-399
-407
-416
-398
-452
52
617
687
411
-408
-960
-514
760
1694
1537
990
-125
-914
-438
1028
2534
2738
1931
871
-37
223
1603
2975
3562
2499
1179
750
1137
1911
2176
2291
1689
1138
827
612
599
162
124
269
431
438
-280
-1352
-1670
-1045
-174
32
-145
-840
-1524
-1752
-1523
-574
327
473
-271
-968
-1466
-1033
21
793
858
157
-374
-495
-272
190
717
1039
895
358
-17
95
624
1042
818
557
724
722
317
29
286
520
380
206
-9
-344
-642
-724
-656
-296
-466
-1036
-1267
-1365
-1418
-1427
-1311
-1123
-1097
-1649
-2107
-1839
-1502
-1529
-1319
-1332
-1386
-1508
-1856
-1543
-968
-836
-952
-924
-805
-960
-1074
-793
-489
-412
-452
-537
-521
-662
-878
-723
-563
173
721
602
79
-1153
-1378
-345
1218
2148
1550
412
-683
-854
84
1605
3074
3163
1965
538
-73
878
2454
3765
3970
2629
1168
804
1570
2609
2833
2568
1952
1394
1029
576
662
743
676
702
772
538
-368
-1308
-1504
-618
464
623
10
-979
-1606
-1652
-1257
-75
963
824
-172
-1480
-1784
-763
496
1386
1172
96
-948
-1029
-228
707
1167
1137
613
-253
-549
-18
725
1023
975
528
26
-45
84
147
274
323
268
132
-326
-828
-941
-529
-330
-320
-465
-974
-1344
-1416
-1366
-1199
-897
-838
-1214
-1682
-1913
-1750
-1605
-1302
-1160
-1081
-1380
-1882
-1749
-1481
-978
-887
-851
-907
-1251
-1338
-1287
-899
-544
-519
-618
-866
-1066
-1216
-977
-673
-64
679
773
201
-1239
-1617
-436
1253
2479
2140
731
-584
-828
123
1923
3367
3492
2323
893
212
881
2469
3935
4373
3032
1355
722
1344
2592
2934
2594
2052
1344
766
409
395
435
504
676
880
467
-804
-1810
-1753
-688
558
650
-230
-1256
-1948
-1798
-1063
-9
854
710
-114
-1329
-1862
-834
673
1602
1425
350
-746
-1138
-533
727
1611
1482
676
-275
-728
-231
715
1205
1119
381
-239
-334
-176
141
305
101
-107
-330
-732
-1015
-965
-706
-610
-775
-920
-1049
-1392
-1698
-1654
-1313
-1008
-1040
-1415
-1790
-1898
-1831
-1494
-1252
-1181
-1154
-1495
-1756
-1772
-1312
-901
-870
-859
-1248
-1504
-1328
-1033
-627
-659
-913
-1132
-1306
-1144
-867
-889
-373
234
311
-109
-776
-1090
-623
806
1953
1823
895
-95
-340
413
1865
2924
2989
2394
1512
1059
1253
2313
3711
4013
3174
1968
1217
1471
2252
2690
2459
1990
1523
904
243
-16
144
470
692
765
183
-833
-1767
-1849
-687
448
782
-52
-1240
-1895
-1550
-530
415
1160
858
-103
-770
-950
-62
1149
1812
1701
827
-38
-278
195
950
1590
1814
1255
287
-334
-74
635
1126
1111
595
-60
-475
-556
-334
-101
-2
-104
-538
-1069
-1486
-1570
-1274
-748
-671
-1034
-1534
-1863
-1887
-1805
-1511
-1113
-942
-1287
-1839
-2087
-1778
-1253
-991
-1050
-1124
-1348
-1626
-1690
-1334
-746
-728
-731
-1048
-1463
-1461
-1285
-740
-497
-573
-964
-1416
-1502
-1262
-988
-451
192
386
259
-685
-1422
-835
417
1712
2334
1751
510
-359
-16
1332
3086
3865
3321
2245
1279
1160
1973
3499
4724
4465
2985
1566
1206
2036
2767
2787
2534
1993
1414
448
-197
-263
76
492
574
356
-607
-1818
-2495
-1855
-529
156
-153
-986
-1738
-2110
-1787
-1025
28
668
332
-425
-1049
-936
-288
760
1600
1522
837
-16
-333
127
954
1613
1719
1219
284
-396
-219
470
1022
931
307
-347
-919
-1033
-677
-347
-185
-522
-1321
-1877
-1940
-1704
-1320
-1080
-1110
-1490
-2039
-2247
-1992
-1531
-1216
-1049
-1119
-1347
-1541
-1556
-1126
-786
-506
-347
-612
-977
-1178
-1002
-520
-50
-45
-352
-944
-1171
-1068
-870
-544
-442
-530
-1121
-1741
-1765
-1607
-870
31
340
10
-1135
-2066
-1691
-208
1471
2110
1389
225
-774
-582
894
2740
3794
3466
2427
1217
887
1784
3263
4708
4745
3546
2067
1272
1775
2440
2929
3102
2635
1760
517
-318
-274
342
804
878
507
-504
-1728
-2145
-1553
-447
342
-61
-865
-1526
-1545
-1262
-859
29
467
383
30
-460
-425
81
643
1318
1721
1458
839
326
299
867
1664
2073
1777
988
215
-119
246
973
1249
773
65
-771
-1176
-942
-558
-269
-654
-1449
-2001
-2234
-2101
-1857
-1762
-1845
-1968
-2238
-2505
-2546
-2401
-2081
-1792
-1661
-1529
-1690
-1875
-1748
-1430
-939
-585
-399
-698
-981
-1071
-844
-309
-6
158
-94
-569
-741
-784
-605
-189
22
-212
-878
-1445
-1293
-401
714
985
165
-1135
-1585
-772
608
1988
2103
1159
-105
-784
155
1887
3324
3710
2831
1617
860
1157
2585
4064
4540
3664
2239
1413
1567
2181
2430
2586
2348
1729
1051
191
-311
-362
4
563
687
24
-1162
-2028
-1929
-1175
-550
-142
-281
-688
-1230
-1804
-1599
-671
346
690
428
-85
-660
-624
2
890
1645
1723
1246
507
22
174
856
1793
2154
1458
319
-393
-236
254
580
600
269
-314
-1116
-1530
-1364
-1095
-904
-1114
-1583
-1989
-2252
-2401
-2399
-2102
-1870
-1903
-2027
-2218
-2453
-2585
-2355
-1813
-1239
-1085
-1307
-1588
-1646
-1478
-1063
-488
-137
-163
-660
-1068
-1000
-545
32
154
6
-418
-825
-926
-829
-494
-451
-598
-749
-545
88
448
122
-599
-1103
-700
526
1657
2057
1431
325
-310
79
1656
3138
3773
3360
2219
1243
1063
2163
3736
4600
4184
2800
1665
1428
1836
2285
2430
2313
1901
1145
497
-115
-434
-356
24
519
377
-442
-1434
-1684
-1342
-913
-556
-353
167
76
-724
-1269
-1264
-324
671
1092
1147
572
15
-91
188
1006
1628
1936
1738
1032
302
15
586
1395
1665
1252
589
111
-418
-734
-599
-214
103
-292
-1069
-1619
-2096
-2211
-2027
-1719
-1382
-1579
-2188
-2809
-3044
-2704
-2164
-1700
-1454
-1654
-2222
-2491
-2236
-1764
-1063
-632
-655
-742
-1079
-1112
-831
-511
-31
80
117
-125
-616
-619
-444
-81
96
-223
-557
-916
-1066
-1088
-1267
-869
-198
378
430
-616
-1397
-1457
-564
756
1487
1784
1162
218
-355
67
1675
3124
3721
3191
2101
1342
1276
2322
3686
4233
3808
2710
1824
1493
1458
1803
2187
2208
1535
507
-112
-260
-241
-234
-124
-24
-271
-849
-1165
-878
-621
-721
-894
-625
20
431
386
15
-298
-297
69
954
1726
1813
1221
645
618
876
1460
2049
2231
1724
722
285
578
1082
1081
691
436
182
-216
-777
-1079
-1101
-1188
-1325
-1407
-1519
-1947
-2662
-3114
-3017
-2650
-2260
-2185
-2481
-3037
-3553
-3378
-2562
-1709
-1493
-1929
-2401
-2512
-2167
-1668
-969
-364
-406
-816
-1210
-1012
-352
-18
140
-26
-240
-289
-390
-211
-105
-200
-433
-727
-800
-882
-957
-1123
-851
-194
217
246
-312
-872
-930
-468
618
1627
1900
1401
456
25
606
1784
3086
3598
3185
2283
1522
1728
2736
3764
3954
3365
2584
1923
1643
1608
1809
1931
1688
1244
660
125
-263
-393
-224
-13
-99
-451
-776
-677
-318
-310
-488
-654
-411
207
515
644
520
392
395
477
970
1469
1774
1823
1473
1101
1110
1464
1826
1944
1647
1217
868
662
573
567
530
394
173
-241
-682
-1056
-1273
-1434
-1604
-1620
-1711
-1967
-2240
-2534
-2783
-2802
-2690
-2490
-2407
-2547
-2656
-2669
-2435
-2178
-2052
-1931
-1826
-1634
-1480
-1433
-1294
-1066
-771
-513
-446
-423
-419
-355
-243
-255
-278
-397
-343
-145
-157
-278
-660
-952
-927
-973
-951
-978
-810
-259
98
243
-46
-562
-729
-572
260
1318
1760
1592
995
723
941
1454
2277
2751
2960
2768
2218
2111
2221
2651
3096
3050
2599
1881
1459
1375
1446
1432
1119
779
492
131
-274
-597
-619
-404
-368
-513
-940
-1147
-836
-401
29
-159
-600
-652
-264
462
786
643
426
451
880
1186
1202
1196
1179
1395
1522
1459
1381
1143
1112
923
715
682
585
572
343
-19
-364
-693
-807
-809
-888
-1104
-1589
-1962
-1960
-1790
-1683
-1829
-2044
-2210
-2397
-2437
-2314
-2218
-2162
-2042
-1722
-1537
-1737
-2043
-2019
-1737
-1413
-1045
-954
-970
-960
-894
-658
-492
-452
-382
-360
-348
-319
-231
2
46
69
102
-72
-312
-405
-223
-81
-277
-460
-449
-380
-128
155
591
802
440
42
-260
-93
500
1177
1628
1465
1106
773
716
1159
1564
1946
2141
1948
1794
1641
1838
2249
2418
2241
1600
1112
1052
1283
1567
1476
1168
809
351
3
-158
-67
213
377
236
-202
-635
-709
-457
-22
333
270
-12
-228
-76
329
581
607
383
227
296
501
781
906
832
775
741
658
517
333
325
468
636
709
591
292
-179
-507
-479
-215
-66
-294
-789
-1146
-1257
-1079
-772
-772
-1019
-1506
-1980
-2110
-1839
-1373
-1120
-1236
-1621
-1955
-1978
-1771
-1547
-1387
-1390
-1422
-1313
-1209
-1145
-1144
-1045
-766
-612
-599
-732
-783
-651
-515
-240
-39
7
-86
-272
-414
-574
-565
-362
-157
-152
-371
-491
-563
-592
-629
-691
-346
84
418
529
211
94
150
294
612
881
1254
1455
1439
1416
1406
1714
2037
2243
2316
2123
2062
2166
2413
2638
2575
2282
1829
1522
1476
1512
1446
1144
761
495
303
132
-127
-411
-557
-699
-761
-855
-956
-934
-910
-759
-552
-321
-132
-128
-147
-105
23
257
466
704
998
1136
1161
1040
854
784
844
1078
1305
1389
1133
687
278
-7
7
115
80
-273
-841
-1395
-1698
-1722
-1649
-1604
-1734
-2051
-2515
-2809
-2868
-2725
-2319
-2124
-2120
-2225
-2365
-2272
-2025
-1633
-1364
-1247
-1221
-1217
-1066
-907
-717
-470
-261
-193
-216
-265
-268
-118
47
99
43
-27
-122
-273
-450
-478
-338
-303
-434
-667
-928
-1141
-1244
-1264
-838
-238
307
904
804
532
258
171
879
1545
2159
2236
1965
2044
2141
2713
3156
3351
3411
3013
2781
2701
2928
3175
3142
3026
2495
2022
1605
1201
1065
741
365
29
-353
-681
-1047
-1403
-1565
-1599
-1532
-1443
-1524
-1602
-1677
-1604
-1215
-795
-349
-28
200
451
576
707
782
972
1294
1505
1690
1678
1619
1633
1657
1788
1777
1573
1140
660
401
228
33
-288
-628
-860
-1006
-1208
-1616
-2159
-2717
-3002
-2911
-2699
-2645
-2841
-3098
-3205
-2946
-2525
-2208
-1993
-1936
-1812
-1507
-1103
-664
-333
-171
-62
86
187
198
205
300
438
640
740
667
505
220
66
-41
-129
-224
-396
-579
-863
-1118
-1359
-1537
-1653
-1742
-1907
-1841
-1479
-1002
-240
-24
29
3
-140
456
924
1456
1650
1540
1879
2095
2661
2978
3120
3332
3242
3255
3038
2926
2761
2617
2567
2236
2091
1787
1443
1005
312
-252
-691
-919
-1195
-1513
-1722
-1767
-1692
-1692
-1731
-1736
-1503
-1170
-867
-594
-474
-245
133
648
1222
1533
1718
1717
1675
1801
1912
2150
2220
2142
2039
1873
1806
1563
1344
1098
790
503
31
-421
-892
-1233
-1393
-1509
-1644
-2031
-2462
-2765
-2886
-2892
-2938
-3008
-3075
-3050
-2911
-2610
-2270
-1996
-1781
-1583
-1319
-1113
-920
-741
-461
-112
23
70
-109
-206
-58
68
215
32
-274
-414
-273
60
101
-180
-665
-1005
-1123
-1222
-1324
-1478
-1645
-1740
-1875
-1759
-1276
-846
-152
70
-85
-37
-179
552
1418
1946
2232
1821
1811
1971
2419
2999
3169
3272
3117
3069
3146
3295
3280
3082
2855
2386
2046
1647
1323
1076
681
299
-118
-357
-627
-921
-1249
-1583
-1652
-1591
-1330
-1140
-1010
-805
-506
51
612
1070
1289
1354
1327
1341
1535
1725
2080
2326
2362
2201
1822
1644
1593
1634
1504
1038
529
49
-136
-111
-208
-555
-1205
-1810
-2099
-2191
-2273
-2527
-2872
-2960
-2875
-2680
-2517
-2638
-2697
-2667
-2459
-2082
-1829
-1599
-1384
-1014
-665
-447
-369
-479
-454
-459
-469
-486
-603
-625
-636
-541
-433
-541
-735
-977
-1077
-958
-1008
-1167
-1333
-1430
-1323
-1183
-1178
-1308
-1465
-1703
-1413
-869
-236
509
408
535
614
874
1824
2006
2219
2020
1739
2094
2240
2582
2726
2814
2923
2854
2643
2381
2283
2103
1995
1559
1168
1004
832
751
274
-147
-417
-490
-570
-1105
-1603
-1981
-1786
-1231
-911
-751
-949
-823
-180
546
1267
1455
1458
1747
2017
2326
2431
2304
2409
2454
2381
2106
1693
1587
1659
1776
1571
1062
574
248
61
-230
-670
-1133
-1477
-1726
-1922
-2119
-2242
-2334
-2412
-2383
-2387
-2283
-2257
-2271
-2096
-1961
-1611
-1368
-1155
-865
-729
-455
-258
-53
125
72
-42
-217
-424
-546
-721
-860
-1009
-1235
-1444
-1597
-1669
-1697
-1709
-1850
-1956
-2157
-2330
-2362
-2363
-2225
-2257
-2191
-2209
-1939
-1193
-657
313
499
563
928
1001
1937
2261
2457
2551
2282
2527
2478
2631
2841
3052
3314
3181
2858
2403
2318
2154
1919
1358
606
312
51
10
-440
-809
-1033
-1045
-798
-1151
-1370
-1704
-1651
-1162
-1052
-842
-827
-447
446
1219
1928
2252
2573
3063
3499
3664
3447
3151
3016
3041
2984
2739
2492
2472
2480
2270
1709
1038
650
444
148
-355
-1012
-1445
-1688
-1944
-2215
-2577
-2697
-2673
-2656
-2650
-2691
-2533
-2278
-2031
-1898
-1820
-1585
-1316
-954
-608
-341
15
227
391
548
609
570
317
-95
-451
-660
-831
-1046
-1388
-1694
-1870
-1984
-2041
-2201
-2403
-2585
-2820
-2990
-3152
-3297
-3449
-3432
-3405
-2896
-2213
-1628
-823
-726
-169
433
993
1963
2099
2317
2331
2205
2437
2499
2762
3013
3245
3309
3283
3184
3117
3174
2907
2468
1571
770
95
-357
-645
-1153
-1342
-1607
-1548
-1499
-1825
-1917
-2134
-1847
-1412
-1378
-1322
-1471
-1056
-131
775
1593
2027
2477
3082
3660
4101
4226
4213
4084
3767
3404
3018
2826
2817
2660
2358
1928
1528
1347
1093
727
183
-465
-1020
-1595
-2088
-2436
-2693
-2776
-2862
-2883
-2659
-2448
-2188
-2164
-2133
-1820
-1550
-1256
-1342
-1380
-986
-446
190
373
376
517
751
1017
986
703
309
-52
-375
-657
-960
-1252
-1471
-1635
-1761
-1939
-2114
-2277
-2325
-2444
-2680
-2877
-3162
-2932
-2578
-2209
-1727
-1705
-1242
-754
-279
409
672
1186
1450
1434
1449
1299
1597
1886
2108
2200
2113
2215
2391
2564
2609
2448
2077
1670
972
217
-490
-1124
-1284
-1505
-1614
-1792
-2080
-1914
-1780
-1403
-1177
-1269
-1191
-1157
-789
-228
160
570
905
1412
2208
2776
3140
3292
3390
3679
3723
3629
3469
3271
3215
2862
2439
2029
1741
1683
1483
1228
981
752
553
120
-533
-1066
-1437
-1596
-1789
-2111
-2247
-2202
-1880
-1571
-1365
-1121
-974
-678
-597
-569
-516
-537
-386
-328
-223
-20
101
219
273
268
295
132
-131
-458
-817
-1070
-1370
-1569
-1729
-1885
-1971
-2122
-2243
-2362
-2412
-2331
-1966
-1650
-1286
-1155
-1226
-954
-919
-550
-430
-453
-134
-129
206
284
421
807
968
1222
1068
972
964
1026
1142
1012
743
423
220
-4
-121
-433
-672
-857
-1147
-1237
-1438
-1364
-1188
-1011
-738
-663
-403
-209
128
553
893
1263
1388
1512
1694
1989
2310
2472
2464
2397
2356
2296
2274
2176
2069
1888
1615
1491
1388
1362
1189
878
622
471
415
259
-14
-319
-444
-482
-572
-716
-831
-769
-659
-661
-709
-686
-566
-404
-304
-218
-34
91
176
147
84
104
50
-32
-159
-258
-287
-441
-678
-883
-966
-932
-1034
-1224
-1396
-1538
-1571
-1660
-1717
-1682
-1776
-1660
-1406
-960
-274
-45
146
158
126
515
580
728
585
191
72
-259
-225
-95
219
687
734
709
516
483
510
325
-27
-531
-1052
-1590
-1972
-2298
-2339
-2259
-2179
-1997
-1932
-1621
-1302
-858
-437
-174
182
247
494
723
1004
1481
1754
2180
2475
2686
2844
2890
2994
2897
2673
2213
1760
1400
1097
891
653
518
426
405
375
284
262
225
148
-98
-559
-1016
-1243
-1209
-1017
-853
-872
-805
-610
-274
154
429
583
653
612
596
576
554
548
574
610
618
558
484
450
428
353
142
-47
-329
-582
-762
-958
-1028
-1215
-1347
-1389
-1370
-1267
-1196
-810
-521
-190
-105
-143
215
313
556
564
479
622
368
262
88
157
453
562
653
449
365
267
318
345
111
-275
-912
-1297
-1571
-1748
-2034
-2432
-2603
-2750
-2670
-2809
-2785
-2542
-2201
-1584
-1385
-1140
-956
-614
92
539
985
1167
1381
1843
2165
2519
2569
2590
2750
2850
2856
2533
2116
1897
1707
1450
1033
699
577
432
203
-10
-53
-78
-322
-687
-871
-851
-897
-1170
-1476
-1523
-1367
-1275
-1276
-1235
-955
-623
-349
-187
-7
342
634
898
1006
923
892
741
726
720
550
402
170
172
242
262
254
168
203
257
301
259
120
-58
-14
233
444
660
528
666
891
1043
1363
1217
1202
950
589
489
191
193
47
21
83
-43
14
-9
187
215
-59
-488
-956
-1237
-1599
-2012
-2528
-2789
-2928
-3037
-3064
-3112
-2720
-2361
-1931
-1537
-1291
-896
-791
-534
-201
176
522
579
771
1023
1389
1611
1758
2037
2281
2381
2094
1788
1658
1630
1399
935
615
586
762
670
481
385
419
458
173
-95
-248
-329
-515
-887
-1119
-1140
-1005
-964
-1006
-996
-926
-767
-662
-567
-411
-334
-269
-260
-301
-299
-330
-326
-329
-383
-482
-546
-524
-519
-490
-487
-424
-299
-174
-36
106
244
352
708
1072
1447
1720
1657
1832
1889
2001
2154
1947
1848
1527
1331
1267
1084
1027
820
759
653
474
380
253
223
51
-260
-630
-896
-1084
-1237
-1428
-1767
-1975
-2238
-2381
-2437
-2483
-2329
-2227
-1955
-1637
-1291
-857
-548
-90
284
575
832
902
1091
1180
1158
1062
934
1084
1275
1373
1154
879
866
873
783
384
92
68
24
-177
-468
-459
-289
-213
-359
-467
-302
-119
-80
-197
-235
-220
-282
-467
-623
-592
-632
-749
-828
-776
-526
-370
-336
-265
-267
-302
-366
-414
-413
-597
-962
-1327
-1457
-1390
-1260
-1117
-1004
-767
-573
-411
-167
146
734
1218
1478
1589
1614
1967
2223
2398
2511
2454
2533
2298
2070
1935
1787
1725
1392
1104
862
712
572
420
294
111
-54
-436
-662
-896
-1105
-1323
-1758
-1924
-2102
-2078
-2081
-2079
-1796
-1572
-1108
-796
-473
-116
44
421
667
895
1064
1099
1279
1385
1407
1326
1208
1205
1236
1144
834
453
189
53
-218
-620
-938
-1040
-1003
-1155
-1310
-1274
-1066
-881
-993
-1083
-947
-666
-550
-689
-728
-596
-362
-293
-325
-202
-80
-21
-72
-80
63
165
151
44
-33
-106
-201
-332
-461
-574
-794
-1065
-1349
-1505
-1585
-1625
-1578
-1507
-1336
-1229
-1125
-802
-159
548
1043
1291
1515
2010
2311
2466
2538
2596
2746
2524
2269
2094
2076
2072
1880
1689
1442
1330
1164
983
743
338
-84
-550
-880
-1224
-1596
-2050
-2440
-2568
-2603
-2531
-2470
-2235
-1855
-1483
-1127
-768
-254
188
583
902
1146
1480
1701
1962
2224
2332
2374
2249
2182
2186
2080
1821
1387
1062
807
465
33
-382
-572
-751
-1047
-1362
-1541
-1453
-1382
-1481
-1664
-1749
-1569
-1385
-1335
-1341
-1282
-1057
-825
-670
-500
-313
-170
-57
-21
53
190
254
303
226
147
90
-43
-160
-380
-569
-765
-989
-1175
-1397
-1510
-1573
-1558
-1493
-1418
-1323
-1222
-877
-442
18
366
536
930
1273
1558
1789
1844
2021
2024
1995
2035
2017
2023
1892
1775
1678
1604
1527
1389
1219
956
630
230
-126
-487
-799
-1179
-1660
-2011
-2325
-2438
-2471
-2404
-2172
-1996
-1733
-1419
-945
-405
41
476
810
1204
1531
1762
2008
2134
2290
2353
2336
2353
2328
2285
2113
1905
1698
1476
1174
795
451
66
-298
-704
-1043
-1223
-1305
-1347
-1504
-1634
-1674
-1572
-1455
-1431
-1384
-1364
-1318
-1290
-1194
-986
-815
-711
-659
-521
-296
-107
-5
40
123
174
57
-156
-361
-484
-601
-822
-1034
-1203
-1280
-1341
-1369
-1291
-1191
-1056
-1021
-849
-507
-185
120
230
502
867
1129
1376
1465
1631
1683
1630
1640
1611
1644
1546
1422
1313
1203
1183
1171
1154
990
707
396
169
-50
-390
-795
-1228
-1498
-1759
-1998
-2128
-2143
-1974
-1896
-1738
-1454
-1065
-588
-284
91
457
823
1207
1448
1751
1958
2083
2171
2160
2244
2297
2243
2090
1864
1738
1625
1400
1115
825
608
371
15
-330
-587
-719
-862
-1078
-1233
-1285
-1258
-1286
-1340
-1310
-1196
-1078
-1015
-971
-923
-860
-810
-715
-607
-509
-428
-400
-326
-279
-220
-181
-190
-187
-330
-537
-769
-934
-996
-1122
-1286
-1435
-1445
-1334
-1195
-1067
-884
-543
-190
71
215
387
690
918
1040
1105
1200
1307
1283
1261
1309
1389
1406
1307
1249
1221
1179
1077
955
880
753
522
219
-25
-250
-551
-929
-1244
-1400
-1577
-1800
-2010
-2020
-1864
-1698
-1486
-1254
-906
-590
-292
78
444
838
1071
1232
1405
1561
1708
1759
1800
1868
1884
1802
1677
1589
1565
1491
1303
1081
875
714
509
251
5
-169
-310
-494
-663
-753
-722
-726
-787
-823
-749
-560
-464
-430
-429
-338
-199
-172
-186
-216
-172
-191
-302
-384
-385
-349
-454
-604
-679
-669
-700
-872
-1058
-1162
-1194
-1270
-1379
-1442
-1405
-1302
-1213
-1035
-723
-390
-96
106
343
634
828
997
1075
1122
1119
1021
1045
1050
1057
993
878
882
838
814
721
617
521
319
83
-181
-360
-547
-795
-1087
-1330
-1475
-1594
-1650
-1680
-1602
-1510
-1395
-1164
-858
-465
-174
99
447
820
1164
1336
1494
1713
1858
1856
1708
1634
1694
1654
1497
1277
1154
1118
993
837
686
613
490
253
3
-183
-271
-428
-625
-784
-802
-721
-679
-650
-594
-408
-209
-52
32
84
193
265
301
249
217
211
176
106
-29
-107
-180
-243
-343
-504
-677
-889
-1054
-1199
-1318
-1436
-1561
-1615
-1615
-1575
-1500
-1371
-1118
-790
-522
-314
-97
195
489
652
758
868
975
1014
958
946
975
963
901
827
813
786
683
577
477
362
190
-36
-231
-432
-657
-897
-1099
-1223
-1364
-1505
-1583
-1568
-1469
-1384
-1239
-950
-579
-235
5
288
715
1162
1455
1588
1732
1931
2042
1940
1777
1711
1717
1600
1327
1136
1074
1056
919
717
620
565
462
223
3
-146
-269
-452
-707
-868
-937
-897
-859
-834
-737
-591
-383
-235
-119
-29
56
147
158
119
42
-8
-39
-72
-129
-200
-254
-287
-311
-383
-488
-609
-703
-809
-951
-1078
-1142
-1118
-1081
-1065
-1031
-915
-733
-484
-251
-60
132
265
418
503
593
695
724
729
633
596
566
532
517
469
463
365
272
208
183
133
-27
-172
-335
-479
-682
-891
-1015
-1123
-1232
-1402
-1472
-1425
-1327
-1241
-1155
-898
-549
-220
12
255
648
1055
1328
1442
1580
1791
1914
1832
1637
1559
1557
1456
1200
957
895
858
740
563
469
488
412
249
80
1
-47
-208
-406
-572
-634
-639
-646
-618
-573
-457
-311
-139
36
154
244
278
282
235
151
63
-53
-180
-342
-473
-546
-578
-603
-660
-696
-717
-734
-792
-861
-867
-845
-831
-854
-821
-684
-514
-378
-244
-5
282
510
630
722
886
1033
1104
1083
1039
1005
907
773
634
550
481
349
184
21
-70
-144
-229
-330
-459
-591
-766
-908
-1029
-1138
-1256
-1414
-1510
-1576
-1566
-1526
-1454
-1305
-1131
-868
-605
-300
31
355
705
965
1208
1391
1548
1661
1651
1610
1513
1446
1335
1162
1004
858
780
663
545
450
387
335
221
112
22
-33
-122
-269
-402
-477
-468
-452
-436
-399
-302
-150
-6
145
291
424
491
457
397
330
274
168
-15
-204
-372
-466
-544
-632
-698
-757
-764
-803
-868
-907
-905
-841
-843
-873
-850
-738
-550
-444
-344
-178
73
333
450
557
713
915
1066
1063
1074
1105
1131
1051
869
783
730
649
439
186
66
-17
-97
-260
-399
-465
-573
-681
-816
-869
-923
-1051
-1190
-1322
-1360
-1392
-1388
-1333
-1249
-1119
-957
-668
-331
-17
237
492
801
1050
1195
1241
1296
1333
1276
1132
979
902
816
682
519
415
384
336
260
166
124
92
33
-48
-130
-173
-226
-283
-331
-325
-268
-206
-146
-72
48
195
327
424
489
533
532
484
410
334
238
90
-100
-269
-385
-474
-574
-673
-740
-778
-807
-823
-797
-739
-697
-673
-640
-571
-488
-421
-340
-235
-126
-36
62
217
402
559
676
792
922
1016
1047
1044
1026
965
828
659
512
378
218
42
-87
-163
-233
-318
-372
-371
-370
-420
-498
-552
-604
-703
-843
-941
-978
-1009
-1054
-1069
-968
-778
-561
-347
-119
147
406
649
852
1006
1096
1117
1111
1073
1001
890
762
649
535
424
316
236
173
110
44
-24
-78
-123
-170
-232
-301
-355
-378
-388
-400
-400
-358
-277
-208
-152
-73
51
160
200
202
225
266
249
165
77
21
-47
-175
-310
-386
-420
-486
-585
-639
-610
-565
-567
-575
-514
-400
-325
-321
-319
-248
-145
-92
-93
-77
-1
97
174
250
364
500
595
648
707
791
842
808
718
625
530
403
249
117
20
-82
-198
-273
-269
-234
-230
-242
-224
-197
-226
-314
-391
-429
-488
-621
-763
-820
-783
-717
-652
-548
-375
-163
50
263
476
662
791
869
908
918
890
830
750
654
548
457
391
335
270
213
188
175
137
69
13
-8
-35
-102
-184
-230
-230
-226
-245
-258
-226
-161
-113
-101
-93
-51
1
11
-32
-73
-71
-67
-130
-239
-303
-307
-333
-440
-554
-575
-528
-520
-573
-584
-487
-350
-276
-246
-180
-58
47
87
96
118
142
138
115
104
117
139
152
161
184
242
322
386
396
369
354
358
335
254
153
76
14
-59
-125
-145
-131
-125
-132
-116
-76
-57
-76
-93
-97
-130
-216
-298
-316
-303
-323
-355
-328
-233
-142
-79
3
137
262
326
368
449
537
562
531
526
566
583
532
469
460
477
450
382
334
319
290
226
167
150
146
111
64
53
78
88
70
52
60
63
30
-23
-60
-85
-132
-207
-271
-307
-348
-418
-491
-532
-553
-598
-672
-734
-753
-757
-779
-807
-800
-752
-695
-654
-607
-519
-394
-272
-188
-124
-32
94
210
274
311
374
454
497
482
470
502
528
470
354
273
255
228
129
9
-50
-54
-65
-100
-110
-69
-25
-15
-24
-16
0
-13
-64
-122
-167
-207
-246
-272
-262
-214
-149
-76
14
135
275
393
462
504
550
588
570
488
399
346
308
244
164
126
143
176
191
207
250
303
323
307
279
255
223
170
101
38
-8
-29
-27
-17
-1
28
75
126
158
168
166
154
116
48
-36
-126
-222
-319
-408
-486
-558
-620
-655
-662
-663
-667
-654
-612
-560
-529
-510
-470
-408
-357
-327
-305
-272
-232
-198
-167
-131
-93
-57
-20
19
55
92
137
179
194
178
164
176
182
147
88
53
53
47
24
17
55
103
125
136
174
227
252
231
202
190
170
115
46
7
3
-3
-20
-19
25
93
151
188
218
252
281
285
255
201
146
106
73
28
-25
-54
-38
7
41
54
83
143
202
217
195
186
204
208
166
112
99
127
146
136
136
178
238
267
266
269
289
296
260
205
156
116
60
-11
-76
-126
-178
-236
-286
-318
-345
-377
-403
-413
-414
-415
-412
-390
-353
-321
-299
-270
-226
-185
-162
-146
-119
-90
-77
-77
-63
-28
4
18
24
41
64
73
57
31
-2
-46
-102
-165
-226
-279
-323
-352
-363
-361
-345
-310
-260
-206
-160
-121
-84
-52
-35
-34
-36
-33
-27
-21
-11
11
52
99
146
186
223
257
281
283
263
230
197
158
110
57
20
5
4
5
12
40
83
120
146
170
200
223
228
225
232
250
259
263
277
316
357
382
397
422
456
472
452
417
391
367
320
246
170
117
77
23
-49
-113
-143
-158
-193
-250
-291
-293
-288
-309
-347
-354
-322
-290
-286
-289
-255
-196
-151
-137
-118
-71
-13
22
39
66
108
146
166
170
172
167
149
112
57
-11
-88
-163
-238
-320
-401
-461
-492
-511
-534
-545
-526
-490
-463
-455
-443
-411
-384
-382
-389
-375
-339
-306
-281
-242
-175
-92
-19
46
109
172
225
256
265
260
243
222
193
161
127
103
96
100
103
105
122
152
180
191
193
203
221
237
241
245
261
291
326
360
391
422
457
491
511
507
490
476
461
425
365
306
273
252
210
151
110
103
97
62
10
-23
-35
-59
-114
-170
-199
-211
-235
-273
-292
-277
-248
-233
-225
-194
-142
-93
-61
-32
7
50
80
96
111
130
144
140
123
108
96
78
47
10
-23
-47
-70
-98
-126
-146
-159
-174
-194
-215
-232
-248
-270
-300
-330
-348
-358
-365
-374
-374
-357
-325
-288
-255
-222
-183
-141
-108
-91
-82
-75
-69
-77
-98
-116
-124
-124
-131
-142
-144
-132
-113
-100
-95
-90
-77
-61
-50
-43
-34
-17
3
26
50
80
113
150
182
205
222
239
253
257
244
224
210
201
188
168
148
144
150
154
152
152
164
172
167
152
141
137
125
97
66
51
45
40
30
30
47
70
91
113
145
182
212
228
240
260
276
276
260
247
238
229
209
184
166
159
149
131
115
110
110
100
76
54
41
28
-1
-41
-79
-109
-136
-167
-202
-228
-241
-251
-262
-268
-265
-254
-244
-244
-245
-242
-235
-236
-247
-263
-275
-283
-291
-302
-313
-318
-320
-320
-318
-313
-304
-293
-284
-276
-262
-241
-219
-198
-177
-152
-122
-91
-58
-27
-1
21
39
52
65
71
68
60
52
46
42
36
34
38
44
52
64
84
105
123
134
145
159
169
173
172
171
174
172
168
170
183
199
210
220
240
272
300
316
327
342
361
367
356
342
335
324
301
268
243
232
221
202
180
171
175
178
167
154
146
145
132
105
73
47
21
-11
-51
-85
-109
-126
-146
-165
-175
-175
-172
-172
-177
-178
-176
-176
-182
-192
-202
-213
-222
-231
-239
-245
-250
-254
-254
-250
-246
-242
-238
-232
-226
-221
-212
-201
-188
-174
-163
-150
-132
-109
-88
-74
-66
-57
-48
-43
-44
-54
-64
-75
-87
-102
-114
-121
-125
-130
-135
-135
-123
-109
-98
-91
-82
-68
-54
-45
-36
-26
-15
-7
1
14
34
59
80
101
128
160
193
223
246
269
288
297
300
298
293
283
263
238
217
200
186
172
158
153
153
154
156
159
165
169
166
158
148
140
129
112
93
78
66
57
48
45
45
48
49
50
52
55
54
49
37
25
12
-1
-19
-35
-50
-62
-77
-90
-98
-102
-105
-113
-121
-128
-131
-135
-142
-148
-153
-154
-156
-158
-155
-148
-139
-134
-131
-126
-120
-116
-119
-126
-135
-145
-158
-172
-184
-193
-199
-207
-210
-207
-196
-181
-169
-156
-141
-125
-110
-98
-88
-78
-68
-63
-57
-46
-30
-10
9
30
55
85
117
145
170
192
208
217
218
213
205
193
171
148
125
108
93
81
71
66
69
73
80
88
99
107
112
112
111
113
112
108
102
98
99
100
102
108
117
126
132
137
141
147
149
144
133
123
114
103
90
78
67
59
51
44
39
39
37
30
22
14
6
-1
-14
-26
-38
-48
-57
-66
-72
-74
-75
-78
-84
-87
-89
-94
-104
-117
-131
-145
-160
-175
-189
-200
-210
-216
-222
-223
-217
-210
-202
-195
-186
-175
-165
-155
-147
-138
-130
-122
-116
-108
-96
-83
-70
-57
-42
-23
-2
15
31
47
59
68
71
73
69
64
51
36
19
5
-8
-21
-31
-39
-40
-39
-34
-26
-15
-4
6
15
23
32
41
46
52
60
68
81
94
110
129
149
167
184
201
215
225
230
229
226
219
211
200
188
176
165
155
147
138
131
125
117
108
99
90
80
69
57
46
35
28
19
11
6
1
-6
-13
-22
-30
-40
-52
-66
-79
-94
-108
-123
-137
-149
-162
-173
-184
-194
-202
-209
-214
-218
-219
-218
-215
-208
-202
-189
-178
-164
-149
-135
-120
-106
-91
-76
-62
-48
-33
-18
-3
12
26
38
46
52
54
52
45
35
21
7
-10
-25
-38
-48
-55
-58
-57
-52
-44
-35
-24
-15
-5
3
10
16
23
29
39
50
62
78
96
115
135
154
173
188
200
208
212
211
207
200
189
179
165
154
142
130
119
109
99
90
80
72
64
56
49
43
38
33
29
26
23
20
16
13
8
4
-1
-8
-14
-21
-28
-35
-41
-48
-55
-63
-71
-79
-90
-100
-110
-120
-129
-136
-142
-144
-146
-143
-138
-131
-122
-112
-103
-91
-81
-72
-63
-54
-45
-38
-30
-22
-13
-5
2
8
13
16
15
11
4
-6
-18
-31
-45
-61
-74
-85
-94
-100
-104
-105
-105
-101
-97
-92
-85
-80
-73
-67
-59
-51
-40
-30
-17
-3
12
29
46
64
78
94
106
117
126
130
134
134
134
131
126
121
115
109
103
96
92
87
82
78
75
73
72
71
70
70
69
70
70
68
67
66
64
62
59
57
54
51
48
45
40
36
32
26
19
11
3
-6
-14
-24
-32
-39
-45
-50
-54
-57
-57
-57
-55
-52
-49
-45
-41
-37
-34
-31
-28
-26
-24
-23
-23
-22
-24
-25
-29
-33
-39
-45
-53
-62
-70
-80
-89
-98
-107
-115
-122
-128
-132
-134
-136
-135
-134
-129
-125
-118
-110
-100
-89
-78
-66
-52
-40
-25
-12
1
13
25
37
47
55
63
70
76
80
84
85
86
87
87
86
86
84
83
81
81
78
78
78
78
78
79
80
80
83
83
85
86
86
87
85
86
84
82
79
76
72
67
62
56
50
42
36
29
22
16
10
5
0
-4
-8
-10
-12
-15
-15
-14
-14
-12
-10
-8
-7
-4
-2
0
0
0
0
-1
-3
-7
-11
-16
-22
-29
-37
-45
-53
-63
-72
-79
-89
-98
-106
-112
-119
-124
-128
-131
-133
-134
-132
-130
-126
-123
-117
-111
-103
-96
-87
-79
-71
-62
-54
-46
-37
-31
-24
-18
-13
-8
-4
0
3
5
7
9
9
11
12
14
15
17
19
21
25
28
31
35
40
44
51
56
61
66
73
78
83
88
92
96
98
101
102
103
104
103
102
101
98
95
92
89
86
81
78
75
71
67
64
63
60
58
56
54
53
53
52
51
50
50
49
47
46
43
41
38
34
30
24
18
12
5
-2
-11
-19
-27
-36
-44
-53
-62
-71
-78
-84
-92
-97
-102
-107
-110
-113
-114
-116
-115
-114
-114
-112
-109
-107
-105
-101
-99
-96
-92
-90
-87
-85
-83
-82
-81
-79
-78
-78
-76
-75
-75
-73
-72
-70
-68
-66
-62
-58
-53
-47
-42
-34
-27
-19
-11
-2
8
17
27
36
44
54
62
70
77
83
88
93
97
100
103
104
104
105
103
104
102
101
99
97
97
95
93
93
91
91
91
90
92
92
93
94
95
97
96
97
96
95
94
92
89
87
82
77
72
64
57
50
42
33
24
16
6
-2
-11
-20
-27
-35
-42
-47
-54
-58
-61
-65
-68
-70
-71
-72
-74
-75
-75
-74
-75
-76
-77
-77
-78
-79
-81
-82
-86
-88
-90
-93
-96
-99
-101
-104
-106
-108
-109
-109
-109
-108
-106
-103
-100
-97
-92
-86
-80
-73
-65
-58
-50
-42
-34
-25
-16
-8
0
7
13
20
27
32
37
42
46
50
52
56
58
60
62
64
66
67
69
70
71
73
74
76
77
78
79
81
81
81
81
81
81
79
78
76
74
70
66
62
57
53
48
41
37
30
24
18
13
7
1
-5
-9
-14
-17
-20
-24
-26
-28
-28
-30
-30
-30
-28
-29
-27
-26
-24
-23
-22
-20
-19
-17
-16
-14
-14
-12
-12
-10
-10
-9
-9
-8
-8
-7
-6
-5
-4
-2
-1
1
2
5
7
9
11
12
14
16
17
18
20
19
20
18
17
16
13
10
7
3
-3
-7
-11
-18
-23
-28
-34
-41
-46
-51
-56
-62
-65
-68
-71
-74
-75
-76
-75
-74
-73
-71
-68
-65
-60
-55
-50
-45
-39
-33
-28
-21
-16
-10
-4
2
6
12
16
20
24
30
33
36
40
43
47
50
52
56
58
60
63
66
69
71
74
76
78
80
82
83
85
85
85
85
83
82
78
77
72
67
63
56
50
43
36
28
18
10
1
-8
-17
-27
-36
-44
-52
-60
-68
-74
-80
-86
-91
-95
-98
-100
-100
-102
-101
-101
-100
-98
-95
-92
-89
-84
-80
-76
-72
-66
-61
-57
-52
-47
-42
-37
-32
-27
-22
-18
-11
-7
-3
3
7
12
18
23
28
31
37
41
46
51
55
58
62
66
70
73
75
77
79
80
81
81
81
81
78
77
75
72
68
66
62
58
53
48
43
38
32
27
22
15
10
5
-1
-5
-10
-15
-20
-24
-27
-33
-36
-39
-42
-44
-47
-50
-51
-52
-54
-54
-55
-55
-55
-55
-54
-53
-52
-49
-48
-46
-43
-39
-37
-33
-30
-26
-22
-18
-15
-12
-8
-4
-1
2
4
8
10
11
13
14
16
17
18
18
17
17
16
16
14
15
13
11
11
10
7
7
6
5
4
4
4
4
4
4
4
5
5
6
7
8
9
10
10
12
12
12
13
14
13
14
14
13
15
13
12
11
11
10
8
7
7
5
4
3
2
0
-1
-3
-3
-4
-5
-6
-7
-8
-9
-10
-9
-9
-10
-11
-10
-10
-11
-10
-9
-9
-7
-7
-6
-5
-3
-4
-2
-1
0
1
3
4
5
6
6
7
8
8
9
9
10
8
10
9
8
8
7
6
5
5
4
3
2
0
-1
-1
-3
-4
-6
-5
-7
-7
-7
-8
-9
-9
-8
-9
-8
-8
-8
-7
-7
-5
-6
-5
-2
-2
-1
1
0
2
3
5
5
6
6
7
8
8
8
9
8
9
7
8
8
7
7
5
4
4
2
2
0
0
-2
-3
-3
-5
-4
-5
-6
-6
-7
-8
-8
-7
-7
-8
-7
-7
-7
-6
-6
-4
-4
-3
-3
-1
0
1
2
2
2
4
4
6
6
6
7
6
7
7
7
7
6
6
6
4
4
4
3
3
1
1
0
-2
-2
-2
-4
-4
-4
-4
-4
-5
-5
-5
-6
-6
-6
-5
-6
-6
-4
-3
-2
-3
-1
-2
-1
0
1
1
3
2
2
3
3
4
4
4
4
5
4
5
4
5
4
3
4
2
3
2
1
1
0
0
-1
-1
-2
-2
-2
-2
-3
-3
-4
-3
-4
-4
-3
-3
-3
-3
-3
-3
-3
-2
-2
-1
-1
0
1
0
0
1
1
1
1
2
2
1
2
2
2
2
2
1
1
2
2
1
1
1
0
0
0
0
0
0
-1
-1
0
-1
-1
-1
-1
0
0
-1
-1
0
-1
-1
0
0
0
0
0
0
0
0
0
1
0
0
-1
0
0
1
0
0
0
1
1
0
0
0
0
0
0
0
0
1
1
1
0
0
-1
0
0
0
-1
-1
0
0
0
0
0
0
0
0
0
0
0
0
0
0
0
0
0
0
0
0
0
1
1
1
0
-1
0
0
0
0
0
0
1
-1
-1
0
0
0
0
0
1
0
-1
0
0
0
0
0
0
0
0
-1
0
0
0
0
1
0
0
0
0
0
-1
1
1
0
0
0
0
1
0
0
0
0
0
0
0
0
0
0
0
0
1
0
0
0
0
0
0
1
0
0
0
0
0
0
0
0
1
0
1
0
-1
0
0
0
0
-1
0
0
0
0
0
0
-1
0
0
-1
0
0
0
-1
1
0
0
0
0
-1
0
0
0
0
0
0
0
0
-1
0
-1
0
0
0
0
0
0
0
0
0
1
0
0
0
0
0
0
0
0
0
0
0
1
0
0
0
0
0
0
0
0
0
-1
0
0
1
0
0
0
0
0
0
0
1
0
0
0
0
0
0
-1
0
1
0
0
0
0
0
0
0
0
-1
0
0
0
0
0
0
0
0
1
0
-1
0
1
0
0
-1
0
0
0
0
-1
0
0
0
0
1
0
0
0
0
0
0
0
0
-1
0
0
0
0
0
0
0
0
0
1
0
0
0
0
0
1
0
0
0
0
1
-1
0
0
0
0
0
0
0
0
-1
0
-1
-1
0
0
0
0
0
0
0
0
0
0
-1
0
-1
0
0
0
0
0
0
-1
0
0
0
0
0
0
0
0
0
0
0
0
0
0
0
0
0
1
1
0
-1
0
0
0
0
0
0
0
0
0
0
0
0
0
0
0
0
0
0
0
0
0
0
1
0
0
0
0
0
0
0
-1
-1
0
0
0
0
0
-1
-1
0
0
0
-1
1
0
0
-1
0
0
0
0
0
0
0
0
0
0
0
0
0
0
0
0
1
0
0
-1
0
0
0
0
0
0
1
0
0
-1
-1
0
0
0
0
-1
0
0
0
0
0
1
0
0
0
0
1
0
0
0
0
0
0
-1
0
0
0
0
0
0
1
0
0
0
0
0
0
-1
-1
0
-1
0
0
0
0
0
0
0
0
0
0
0
0
0
0
-1
0
0
0
0
1
0
0
0
0
0
0
0
0
0
0
-1
1
0
0
0
0
0
0
0
0
0
1
0
1
0
0
0
1
-1
0
0
0
0
1
0
0
1
0
1
0
1
1
0
1
1
1
0
1
0
0
0
1
0
0
0
0
-1
-1
-2
-2
-2
-2
-2
-2
-1
-2
-2
-3
-2
-2
-3
-3
-3
-3
-2
-3
-3
-2
-3
-3
-2
-2
-2
-3
-1
-2
-2
-1
-1
-2
-1
0
-1
0
0
0
1
0
1
2
2
1
3
4
3
4
3
3
4
5
5
4
4
5
4
5
5
5
5
5
5
5
4
4
4
4
5
3
2
3
2
2
3
2
1
0
0
0
0
-1
-2
-2
-3
-3
-3
-4
-5
-5
-5
-5
-5
-5
-6
-6
-7
-7
-6
-6
-6
-6
-7
-6
-6
-6
-6
-6
-6
-5
-5
-4
-5
-4
-4
-3
-2
-2
-2
-1
-1
0
1
1
3
2
3
3
4
4
4
6
6
6
7
7
6
7
8
8
8
8
8
9
8
8
8
8
8
7
7
7
6
6
6
5
4
4
3
3
3
2
1
0
0
-1
-2
-2
-3
-4
-4
-5
-5
-6
-6
-7
-8
-7
-8
-8
-8
-9
-8
-9
-9
-8
-9
-9
-9
-10
-8
-9
-8
-8
-7
-6
-6
-5
-5
-5
-5
-4
-4
-2
-1
-1
0
0
2
2
3
3
4
5
5
6
7
7
7
7
8
8
8
9
9
9
10
10
10
10
9
9
9
9
9
9
8
7
6
7
6
5
4
4
3
3
2
1
1
1
-1
-2
-2
-3
-4
-4
-5
-5
-5
-7
-7
-8
-7
-8
-9
-9
-9
-9
-9
-9
-9
-8
-9
-8
-9
-8
-8
-7
-8
-8
-7
-7
-6
-6
-5
-4
-3
-3
-3
-2
-1
-1
0
1
2
2
3
4
3
5
5
6
6
6
6
7
7
8
8
9
8
8
8
8
9
8
8
8
8
8
7
7
6
6
5
4
5
4
4
3
2
1
1
1
0
0
-1
-2
-2
-3
-3
-4
-3
-4
-4
-5
-5
-6
-6
-6
-6
-7
-7
-7
-7
-7
-7
-7
-7
-7
-7
-6
-6
-6
-6
-6
-5
-4
-3
-3
-3
-3
-2
-2
-1
-1
0
0
0
1
2
3
3
3
2
4
4
3
4
4
4
4
5
5
4
5
5
5
5
4
5
5
4
4
4
3
3
3
3
3
2
3
1
2
1
1
1
1
0
0
0
-1
-1
-1
0
-1
-2
-2
-2
-2
-2
-2
-3
-3
-2
-2
-3
-3
-2
-2
-3
-2
-3
-3
-3
-3
-2
-2
-1
-1
-2
-1
-1
-2
-1
-1
0
-1
-1
0
0
0
0
1
0
0
1
0
0
1
0
1
0
0
1
0
1
0
0
0
0
0
0
0
0
0
0
0
0
0
1
0
1
0
0
0
1
0
0
-1
1
0
-1
0
0
-1
0
0
0
0
-1
0
0
0
0
1
0
0
0
1
0
0
1
-1
0
0
0
0
0
0
-1
0
1
0
0
0
1
-1
0
0
0
-1
0
0
0
-1
0
1
0
-1
0
0
-1
-1
0
0
0
0
-1
-1
-1
0
0
0
0
0
0
0
0
0
1
0
-1
0
1
0
1
0
0
0
-1
0
0
0
0
0
0
-1
1
0
0
0
0
1
0
0
0
-1
0
1
0
0
0
0
0
0
0
0
0
0
-1
1
0
0
1
0
0
0
0
0
0
0
0
0
0
0
0
0
0
0
1
0
0
0
0
-1
1
0
-1
0
-1
0
0
0
0
0
0
0
0
-1
0
0
0
-1
0
0
1
1
0
0
0
0
-1
0
1
0
-1
0
0
0
0
-1
0
1
0
0
0
-1
-1
0
0
0
0
1
0
1
0
0
0
0
0
0
1
0
0
0
0
1
0
-1
0
0
-1
0
0
0
0
0
0
0
0
0
0
0
1
0
0
0
0
-1
-1
0
-1
-1
0
0
-1
0
0
0
0
1
1
-1
0
0
-1
-1
0
0
-1
0
0
-1
0
0
-1
1
-1
0
0
-1
0
0
0
0
0
0
0
1
0
0
-1
1
1
0
-1
0
0
0
0
0
0
0
1
0
0
0
0
0
0
-1
0
0
-1
0
0
1
0
0
1
0
0
0
1
0
1
0
0
0
0
1
-1
0
0
0
1
0
-1
0
0
0
0
0
-1
0
0
0
0
1
0
0
1
0
0
0
1
0
0
0
0
0
1
0
0
0
0
0
0
0
1
0
0
0
0
-1
0
0
-1
-1
0
-1
0
0
0
1
0
0
0
0
-1
1
0
0
0
0
1
0
1
0
0
1
1
0
0
0
0
0
-1
0
0
0
-1
0
0
1
0
0
0
0
1
0
1
0
0
0
0
0
0
0
0
0
0
-1
0
0
0
1
1
0
0
-1
0
0
1
0
0
-1
1
0
0
0
0
-1
0
0
0
0
0
0
0
0
0
0
0
1
0
0
0
-1
0
1
1
0
1
-1
0
-1
-1
0
0
0
0
0
0
0
0
-1
0
-1
1
0
1
0
0
0
0
0
0
0
0
0
0
0
0
0
0
0
1
0
-1
0
0
0
0
0
0
-1
1
0
-1
0
0
0
0
0
0
0
1
1
0
0
0
0
0
0
0
-1
0
0
0
0
0
0
-1
-1
0
0
0
0
0
1
0
2
-1
0
0
-1
0
0
0
1
0
0
0
0
0
0
0
1
0
1
0
0
0
-1
-1
0
0
0
0
1
0
-1
0
0
0
0
1
0
-1
0
0
0
0
0
1
0
0
0
0
0
0
0
0
0
0
1
0
0
0
0
0
0
0
0
1
0
0
0
0
-1
-1
0
0
-1
0
0
0
-1
0
0
-1
-1
0
0
0
0
0
0
0
0
0
0
0
0
0
0
0
0
-1
0
0
1
0
0
-1
1
0
0
0
0
0
0
0
0
0
0
-1
1
0
0
-1
0
0
0
1
0
-1
0
0
0
0
0
0
0
1
-1
0
0
0
-1
-1
0
0
0
1
0
0
0
0
0
1
0
-1
-1
0
0
0
0
0
0
0
-1
0
-1
0
1
0
0
0
0
1
0
0
0
0
0
-1
-1
0
0
0
0
-1
0
1
0
1
0
0
0
0
-1
0
0
0
-1
0
0
0
0
0
0
0
0
-1
0
0
0
1
0
1
0
-1
0
1
0
0
-1
0
0
0
0
0
0
1
0
1
0
0
0
0
0
1
0
1
0
0
0
1
0
0
0
0
0
-1
0
0
0
0
0
0
0
0
0
-1
0
0
0
0
0
0
0
0
0
0
1
0
1
0
0
1
0
0
1
0
0
1
0
0
1
0
0
0
0
0
0
0
0
0
0
0
1
0
0
-1
0
0
-1
0
-1
0
0
1
1
0
0
0
-1
0
0
0
0
0
0
1
0
0
-1
0
0
0
0
-1
0
1
0
0
0
0
0
-1
0
0
0
0
0
0
0
1
0
0
0
0
0
-1
0
0
0
0
0
1
0
0
0
0
0
0
0
1
0
-1
0
-1
1
0
0
0
0
-1
0
-1
0
0
0
0
-1
1
0
0
0
1
0
-1
0
1
1
0
-1
0
0
0
0
0
0
0
0
-1
0
0
0
0
1
-1
0
0
-1
0
0
0
0
0
1
1
0
0
0
-1
-1
0
0
0
1
0
0
0
0
0
0
1
0
0
-1
0
0
1
0
0
0
0
0
1
0
0
-1
0
0
0
0
0
0
0
0
1
0
0
0
0
0
0
0
0
1
0
0
0
0
0
0
-1
0
0
0
0
1
0
0
1
0
0
0
1
-1
0
-1
0
0
0
0
0
0
0
0
0
0
1
0
0
0
0
0
0
0
0
0
-1
0
0
0
1
0
0
0
1
0
0
0
0
0
0
0
0
0
0
1
0
1
0
-1
0
0
-1
0
0
0
-1
0
0
0
-1
0
-1
1
-1
1
0
0
0
0
0
1
0
1
0
0
0
0
0
0
0
0
0
0
0
1
0
0
-1
0
0
0
0
0
0
0
0
0
0
-1
0
0
1
0
0
-1
0
0
0
0
0
0
0
0
-1
0
1
0
0
0
0
1
0
0
0
0
0
-1
0
0
-1
0
0
0
0
0
0
0
0
0
0
0
1
0
1
1
0
0
-1
1
0
0
0
0
0
0
0
0
0
0
0
0
1
0
0
0
0
1
0
0
1
0
0
0
0
0
-1
0
-1
0
0
1
1
0
0
-1
0
-1
