0
0
0
0
0
0
0
1
0
1
0
-1
-1
-1
0
0
0
0
0
0
0
-1
0
0
1
-1
0
1
0
0
0
0
0
0
0
-1
0
0
0
0
0
0
0
0
0
0
0
0
0
0
0
-1
0
0
0
0
0
0
1
0
1
0
0
0
1
0
0
-1
1
0
-1
0
0
-1
0
0
0
0
-1
0
0
0
0
1
0
0
0
1
0
0
1
-1
0
0
0
0
0
0
-1
0
1
0
0
0
1
-1
0
0
0
0
0
0
0
-1
0
1
0
-1
0
0
-1
-1
0
0
0
0
-1
-1
-1
0
0
0
0
0
0
0
0
0
1
0
-1
0
1
0
0
0
0
0
-1
0
0
0
0
0
0
-1
1
0
0
0
0
1
0
0
0
-1
0
1
0
0
0
0
0
0
0
0
0
0
-1
1
-1
0
1
0
0
0
0
0
0
0
0
0
0
0
0
0
0
0
1
0
0
0
0
-1
1
0
0
0
0
0
0
0
0
0
0
0
0
-1
0
0
0
-1
0
0
1
1
0
0
0
0
-1
0
1
0
-1
0
0
0
0
-1
0
0
0
0
0
-1
-1
0
0
0
0
1
0
0
0
0
-1
0
0
0
0
0
0
0
0
1
0
-1
0
0
-1
0
0
0
0
0
0
0
0
0
0
0
1
0
0
0
0
-1
-1
0
-1
0
0
0
-1
0
0
0
0
1
1
-1
0
0
-1
-1
0
0
-1
0
0
0
0
0
-1
1
-1
0
0
-1
0
0
0
0
0
0
0
1
0
0
-1
1
1
0
-1
0
0
0
0
0
0
0
1
0
0
0
0
0
0
-1
0
0
-1
0
0
1
0
0
1
0
0
0
1
0
0
0
0
0
0
1
-1
0
0
0
1
0
-1
0
0
0
0
0
-1
0
0
0
0
1
0
0
1
0
0
0
1
0
0
0
0
0
1
0
0
0
0
0
0
0
1
0
0
0
0
-1
0
0
-1
-1
0
-1
0
0
0
1
1
0
0
0
-1
1
0
1
0
0
1
0
1
0
0
1
1
0
0
0
0
0
-1
0
0
0
-1
0
0
1
0
0
0
0
1
0
1
0
0
0
0
-1
0
0
0
0
0
-1
0
0
0
1
1
0
0
-1
0
0
1
0
0
-1
1
0
0
0
0
0
0
0
0
0
0
0
0
0
0
0
0
1
0
0
0
-1
0
1
1
0
1
-1
0
-1
-1
0
0
0
0
0
0
0
0
-1
0
-1
1
0
1
0
0
0
0
0
0
0
0
0
0
0
0
0
0
0
1
0
-1
0
0
0
0
0
0
-1
0
0
-1
0
0
0
0
0
0
0
1
1
0
0
0
0
0
0
0
-1
0
0
0
0
0
0
-1
-1
0
0
0
0
0
1
0
1
-1
0
0
-1
0
0
0
1
0
0
0
0
0
0
0
1
0
1
0
0
0
-1
-1
0
0
0
0
1
0
-1
0
0
0
0
1
0
-1
0
0
0
0
0
1
0
0
0
0
0
0
0
0
0
0
1
0
0
0
0
0
0
0
0
1
0
0
0
0
-1
-1
0
0
0
0
0
0
-1
0
0
-1
0
0
0
0
0
0
0
0
0
0
0
0
0
0
0
0
0
-1
0
0
1
0
0
-1
1
0
0
0
0
0
0
0
0
0
0
-1
1
0
0
-1
0
0
0
1
0
-1
0
0
0
0
0
0
0
1
-1
0
0
0
-1
-1
0
0
0
1
0
0
0
0
0
1
0
-1
-1
0
0
0
0
0
0
0
-1
0
-1
0
1
0
0
0
0
1
0
0
0
0
0
-1
-1
0
0
0
0
-1
0
1
0
1
0
0
0
0
-1
0
0
0
-1
0
0
0
0
0
0
0
0
-1
0
0
0
1
0
1
0
-1
0
1
0
0
-1
0
0
0
0
0
0
0
0
1
0
0
0
0
0
1
0
1
0
0
0
1
0
0
0
0
0
-1
0
0
0
0
0
0
0
0
0
-1
0
0
0
0
0
0
0
0
0
0
1
0
1
0
0
1
0
0
1
0
0
1
0
0
1
0
0
0
0
0
0
0
0
0
0
0
1
0
0
-1
0
0
-1
0
-1
0
0
1
1
0
0
0
-1
0
0
0
0
0
0
1
0
0
-1
0
0
0
0
-1
0
1
0
0
0
0
0
-1
0
0
0
0
0
0
0
1
0
0
0
0
0
-1
0
0
0
0
0
1
0
0
0
0
0
0
0
1
0
-1
0
-1
1
0
0
0
0
-1
0
-1
0
0
0
0
-1
1
0
0
0
1
0
-1
0
1
1
0
-1
0
0
1
0
0
0
0
0
-1
0
0
0
0
0
-1
0
0
-1
0
0
0
0
0
1
1
0
-1
0
-1
-1
0
0
0
1
0
0
0
0
0
0
1
0
0
-1
0
0
1
0
0
0
0
0
1
0
0
-1
0
0
0
0
0
0
0
0
1
0
0
0
0
0
0
0
0
1
0
0
0
0
0
0
-1
0
0
0
0
1
0
0
1
0
0
0
1
-1
0
-1
0
0
0
1
0
0
-1
0
-1
0
0
-2
-2
-2
-2
-4
-3
-4
-4
-5
-5
-5
-5
-4
-3
-5
-5
-5
-5
-6
-9
-8
-8
-8
-10
-12
-13
-14
-14
-11
-10
-10
-13
-13
-10
-9
-8
-5
-6
-9
-10
-6
-2
-2
-3
-2
-3
-2
0
6
8
7
10
15
17
17
18
23
23
23
27
30
27
24
27
29
28
28
32
34
31
31
38
44
42
41
44
47
48
51
57
59
58
59
64
66
69
73
79
83
85
86
89
92
92
91
88
85
81
77
68
58
48
37
25
15
6
-5
-16
-25
-32
-41
-48
-52
-55
-59
-68
-72
-71
-73
-81
-90
-97
-106
-116
-125
-131
-140
-152
-163
-173
-184
-196
-202
-206
-208
-211
-215
-217
-218
-217
-217
-218
-211
-203
-201
-205
-204
-196
-191
-193
-187
-180
-185
-197
-192
-175
-173
-184
-183
-180
-192
-207
-193
-171
-178
-202
-206
-196
-201
-203
-186
-172
-183
-188
-159
-124
-112
-102
-71
-37
-13
24
78
119
145
185
240
287
324
372
417
448
485
543
591
614
636
671
702
721
751
782
783
767
773
789
774
737
714
693
650
598
561
517
446
376
330
287
220
155
109
65
18
-17
-39
-71
-110
-135
-137
-135
-139
-142
-150
-159
-152
-128
-112
-113
-114
-107
-95
-79
-63
-58
-70
-86
-85
-73
-75
-92
-116
-139
-167
-194
-212
-228
-259
-305
-345
-364
-382
-413
-441
-454
-477
-514
-535
-527
-524
-543
-552
-541
-544
-570
-566
-522
-501
-513
-510
-478
-466
-466
-429
-382
-387
-414
-389
-331
-325
-341
-321
-304
-333
-348
-295
-258
-290
-314
-271
-224
-218
-191
-117
-88
-105
-51
77
154
162
201
284
322
342
422
514
520
486
530
600
607
589
611
632
588
554
584
600
552
492
481
453
386
338
307
258
185
143
108
50
2
-24
-32
-61
-72
-46
-30
-19
20
99
142
157
215
291
354
398
455
514
525
533
569
626
641
607
595
601
604
579
556
551
514
450
398
393
377
300
214
162
122
43
-43
-80
-140
-248
-329
-343
-372
-472
-537
-538
-545
-586
-614
-580
-576
-629
-636
-579
-545
-589
-607
-567
-563
-581
-589
-572
-575
-616
-620
-583
-550
-560
-580
-555
-523
-495
-476
-461
-440
-425
-409
-391
-367
-357
-381
-426
-439
-416
-398
-407
-445
-469
-465
-447
-422
-402
-371
-368
-349
-270
-194
-125
-77
-30
16
76
174
268
364
412
441
523
616
696
754
808
850
890
956
1002
1055
1081
1047
1021
1025
1028
979
924
871
796
703
591
524
463
337
207
139
104
29
-44
-81
-102
-112
-126
-118
-75
-42
-21
12
64
114
146
163
182
219
242
240
266
288
265
249
275
309
291
271
293
309
278
234
258
265
190
128
100
59
-28
-91
-125
-204
-291
-348
-364
-421
-495
-479
-482
-556
-609
-574
-538
-602
-637
-601
-596
-671
-735
-663
-621
-718
-761
-678
-609
-662
-682
-566
-476
-496
-521
-410
-271
-294
-316
-223
-143
-172
-217
-148
-100
-132
-151
-115
-61
-116
-168
-105
-54
-94
-144
-93
-72
-118
-118
-98
-76
-125
-179
-160
-119
-89
-89
-56
-38
-35
16
78
159
208
251
306
362
467
539
595
622
647
710
760
822
863
884
881
840
835
845
820
744
664
614
538
458
368
283
184
63
-20
-58
-99
-155
-210
-232
-238
-230
-220
-208
-170
-168
-150
-71
-34
-15
-4
14
74
109
112
133
176
200
164
198
267
250
220
220
231
212
178
151
115
59
-50
-24
13
-155
-255
-228
-240
-374
-457
-364
-385
-501
-544
-535
-409
-483
-690
-601
-479
-549
-653
-587
-417
-494
-650
-630
-405
-366
-579
-517
-297
-284
-385
-316
-120
-165
-226
-146
-35
32
12
51
113
119
92
136
193
148
99
134
139
83
61
80
8
-60
-104
-118
-105
-180
-215
-187
-225
-246
-232
-209
-213
-204
-130
-92
-62
6
136
190
185
266
420
533
516
618
792
841
834
869
1024
1049
1002
1032
1050
1071
966
893
907
791
651
576
524
381
258
173
39
-61
-151
-217
-253
-316
-338
-365
-399
-390
-371
-350
-361
-287
-237
-244
-196
-164
-129
-123
-98
-14
8
22
68
132
123
85
154
224
175
144
232
185
119
72
-18
-4
-42
-183
-206
-206
-316
-404
-423
-482
-516
-488
-529
-621
-443
-416
-690
-601
-465
-555
-618
-638
-440
-421
-654
-609
-437
-406
-569
-560
-214
-251
-362
-149
-48
-63
-77
32
128
144
227
206
282
286
222
304
257
199
248
260
226
185
205
128
42
56
-18
-68
-41
-125
-180
-259
-265
-236
-346
-359
-338
-300
-235
-262
-208
-107
-109
-88
-5
142
220
256
352
416
495
569
623
748
793
798
888
950
1006
1004
980
911
892
860
811
791
626
490
394
281
175
41
-84
-185
-304
-407
-419
-415
-479
-559
-617
-590
-576
-522
-496
-509
-445
-380
-350
-308
-251
-166
-130
-92
-7
66
202
205
189
263
300
306
258
311
378
291
206
208
273
182
18
-24
-36
-62
-91
-124
-162
-127
-214
-364
-383
-296
-127
-424
-455
-274
-210
-520
-674
-248
-295
-693
-482
-303
-286
-484
-439
-160
-319
-335
-164
-44
-2
-58
60
205
81
139
216
256
354
274
298
372
323
283
327
291
257
274
305
242
100
140
205
49
-131
-55
-83
-186
-293
-307
-210
-372
-424
-393
-367
-394
-505
-351
-230
-245
-277
-312
-163
-106
-194
-69
87
88
28
113
273
313
262
293
409
481
489
538
545
530
555
497
507
442
354
339
239
130
73
45
-66
-193
-270
-309
-337
-362
-364
-370
-349
-366
-339
-351
-370
-245
-119
-216
-71
73
-11
35
149
197
159
232
382
432
342
474
459
296
306
519
578
180
215
641
395
52
261
108
256
61
-23
270
135
-32
-29
-88
-72
139
-113
-319
-225
327
-118
-790
-253
294
-199
-864
-440
300
12
-909
-438
429
-42
-855
-260
556
113
-729
-86
741
34
-342
127
362
158
-220
190
503
-80
-130
257
287
-95
-269
281
149
-299
-262
160
19
-484
-409
-172
-106
-643
-676
-274
-333
-522
-758
-487
-397
-710
-689
-506
-383
-498
-486
-443
-361
-395
-473
-307
-204
-177
-127
-13
-62
-84
242
308
217
226
452
662
516
548
651
753
629
515
651
681
576
417
459
495
263
201
258
133
10
-7
89
16
-106
-83
7
-81
-228
-73
-48
-52
-48
-124
279
129
-76
162
270
185
46
328
606
357
206
142
525
480
-103
283
474
303
47
-86
456
324
-322
-269
184
245
-149
-358
229
326
-376
-229
-45
-55
21
-339
-90
334
-335
-133
-16
-300
-222
-71
-170
-94
122
-75
-323
-175
-76
-114
-177
103
-1
-112
290
-73
-150
-17
77
261
-81
-46
198
70
-21
-89
50
70
-107
-48
-137
-44
-132
-366
-158
-209
-184
-367
-627
-261
-374
-523
-513
-684
-417
-393
-632
-711
-622
-513
-651
-483
-426
-381
-418
-617
-280
-261
-462
-241
-98
1
-112
-50
107
107
199
256
366
409
364
485
578
569
519
522
502
373
584
617
359
321
304
324
267
154
142
116
42
128
181
146
62
63
128
-41
146
328
207
97
280
578
323
121
354
612
386
351
703
669
467
345
412
407
409
265
389
627
92
-5
315
52
-260
28
130
-51
-147
-341
114
-28
-574
-449
-107
289
-660
-632
166
-113
-766
-614
-112
-23
-496
-861
-211
-74
-594
-582
-506
-3
-293
-750
-194
-371
-141
-374
-520
-2
79
-257
-353
28
-175
-141
89
-162
26
12
217
117
-196
72
116
48
-25
11
291
119
-266
-2
60
-178
-297
-167
-117
-227
-207
-371
-459
-214
-228
-441
-567
-426
-133
-176
-302
-191
-230
-204
-227
-190
5
56
196
-13
139
336
333
349
119
453
693
495
510
575
759
582
314
512
596
467
362
314
388
256
79
277
198
-99
-45
65
-89
26
171
-1
-14
-231
-112
157
-119
47
155
-17
89
240
289
-13
-35
451
252
269
521
422
243
116
468
402
9
316
291
452
-1
-209
777
-106
-567
144
465
29
-655
154
608
-521
-583
-73
257
-240
-438
-384
-29
-47
-831
-545
165
-440
-749
-432
-316
118
-821
-656
-6
-404
-115
-542
-177
208
-821
-16
386
-487
-112
235
120
-133
-80
122
113
203
-48
-54
484
145
-174
-40
268
-23
-228
138
-115
122
21
-533
-314
-255
-312
-392
-461
-269
-514
-391
-745
-602
-77
-512
-968
-431
26
-172
-473
-327
-11
-142
-200
-198
219
427
-18
50
453
467
249
346
465
459
724
531
496
806
548
547
434
479
682
322
297
349
264
229
84
188
46
-15
-133
-209
115
-62
134
-45
-225
-97
-87
109
-158
-58
335
-12
-73
325
239
-176
269
283
161
475
285
419
255
237
214
225
464
-256
430
679
-311
-150
433
110
-584
-86
637
-91
-487
9
137
-35
-557
-418
20
486
-745
-927
599
14
-949
-497
112
-165
-639
-330
17
-173
-484
-225
-292
28
-20
-363
-25
73
222
-240
-16
508
-73
-15
151
382
52
-464
495
479
-363
-308
513
536
-727
-293
652
-114
-536
127
504
-437
-534
-56
188
-564
-515
42
-111
-443
-674
-47
-346
-649
-193
-254
-422
-487
-282
8
-262
-189
-205
-180
138
-203
-121
290
110
-24
197
197
177
223
194
323
325
286
376
397
432
378
194
317
160
116
278
215
-26
8
-4
1
-61
-204
-170
-21
-36
-114
164
138
-244
-193
230
177
-166
22
556
282
-187
200
521
304
49
112
917
746
-141
326
749
137
366
263
3
570
660
-440
-368
458
426
-692
-255
614
-65
-777
-9
195
-302
-384
-419
418
-169
-858
87
129
-312
-657
17
533
-848
-637
560
143
-701
-666
761
300
-775
-312
586
316
-715
237
657
-66
-24
-21
340
123
-81
332
-171
207
355
-108
-209
113
449
-261
-414
435
138
-601
-155
227
-208
-595
-577
92
-161
-998
-369
-84
-503
-805
-694
-99
-457
-711
-682
-305
-133
-542
-404
-17
-139
-697
-248
242
-18
-13
190
-17
-185
281
357
92
181
517
624
144
301
588
670
402
123
576
604
283
85
332
370
-17
-5
167
203
-44
-177
-63
149
-33
-7
235
-53
-127
-127
130
321
252
-220
130
572
34
-186
294
436
230
255
265
463
534
281
-180
101
554
456
-64
-94
490
301
-793
-534
488
108
-307
-584
-111
627
-594
-884
200
240
-237
-739
24
600
-140
-735
-652
520
138
-1161
305
567
-487
-505
-116
-101
-104
261
-401
-62
751
-242
-427
37
345
9
-473
190
491
232
-454
-588
524
-194
-358
238
79
352
-546
-145
27
-318
351
-569
-640
373
88
-571
-727
-149
-279
-483
-619
-771
248
-55
-1090
-738
-35
-93
-548
-320
203
-219
-593
-304
442
288
-308
145
308
-51
325
483
307
401
420
636
628
561
629
627
597
605
489
530
513
592
359
-89
192
328
266
-103
-152
131
74
-217
-378
64
171
-189
-285
40
204
6
10
-128
28
342
77
-83
382
501
122
-22
200
690
539
120
285
473
665
96
-222
692
307
-51
419
-297
30
113
-183
-94
-489
236
40
-407
-250
132
219
-877
-581
529
125
-561
-474
519
-116
-1182
-371
351
-131
-803
-259
417
-472
-1068
36
514
-785
-561
176
477
-530
-501
171
-150
-372
-385
459
-52
-423
-150
-98
-72
-411
117
-13
-293
-51
-132
-289
-409
54
-195
-558
-266
-219
-140
-491
-445
-295
-421
-793
-368
-11
-549
-535
-258
53
-111
-617
-376
-176
128
-51
-31
643
255
-196
-192
452
687
419
656
797
743
647
725
840
745
800
770
903
943
671
575
417
100
167
373
322
150
-16
-95
-150
-195
-431
-225
6
-225
-258
139
146
-96
75
-163
-15
159
175
611
489
327
218
286
399
370
631
644
697
603
287
309
630
367
63
373
735
165
52
-44
-292
141
-262
-616
319
302
-659
-688
-678
46
-467
-1206
376
-154
-805
-1049
-602
557
-1361
-1153
239
-114
-818
-971
-99
-193
-1211
-804
-220
-53
-329
-549
-332
-485
-616
-612
-365
-12
124
-90
-280
-604
-357
120
-302
-549
-20
498
-265
-634
-113
-32
-572
-749
57
448
-130
-967
-481
-174
-567
-788
-480
89
-242
-301
-272
-4
-41
-628
-594
40
711
383
264
482
47
-127
17
671
1104
1087
967
930
876
750
1086
1279
1146
974
1338
1509
995
803
571
376
307
444
696
513
86
-317
-568
-447
-275
-241
-355
-526
-381
-208
-377
-461
-159
-99
-285
-105
237
383
244
146
196
134
528
692
649
689
507
463
616
681
562
825
794
646
414
461
603
184
73
195
224
144
23
120
-517
-417
-249
-498
-141
-305
-292
-524
-596
-628
-735
-217
-254
-981
-461
-179
-243
-1006
-1163
-111
-512
-877
-484
71
-274
-1514
-662
-90
-540
-362
-330
-113
-510
-481
-205
-602
-177
-54
-532
-211
-14
-229
-505
-735
-142
-191
-799
-438
47
-335
-1118
-918
-299
-653
-863
-949
-770
-294
-343
-197
-168
-576
-881
-625
-148
613
799
494
104
-378
154
615
994
1037
1175
1335
954
1015
1266
1534
1367
1350
1479
1554
1742
1377
1117
923
334
719
1111
960
649
-48
-334
-373
-431
-60
-20
-448
-739
-924
-554
-556
-604
-527
-675
-300
-1
-162
-184
-66
-192
-103
150
689
1073
618
214
282
540
797
938
993
1120
982
574
383
532
867
759
376
481
291
-68
112
-310
-303
-295
-634
-290
-392
-670
-1319
-1292
-601
-727
-1033
-876
-599
-1078
-1462
-1005
-593
-470
-1150
-1068
-415
-358
-675
-1115
-479
-312
-591
-714
-223
298
-503
-932
-339
199
-304
-312
328
0
-476
-540
182
-19
-437
-186
-381
-412
-386
-159
-395
-675
-629
-795
-708
-524
-557
-525
-109
53
-270
-774
-776
-475
-61
407
546
745
237
-345
-175
360
1215
1436
1287
1216
1167
1045
1055
1681
2101
2020
1593
1513
1771
1689
1362
1067
1186
1189
1164
1009
636
23
-503
-329
-29
153
-189
-662
-982
-1255
-1184
-848
-656
-645
-601
-855
-908
-737
-633
-331
-329
-224
157
232
300
140
151
404
691
1007
1181
1185
1034
779
747
1046
1223
1512
1457
997
648
403
465
594
639
342
114
-158
-392
-606
-969
-862
-702
-856
-962
-1074
-1283
-1645
-1694
-1237
-1080
-1083
-983
-1229
-1398
-1323
-1198
-776
-729
-705
-618
-698
-716
-611
-650
-314
-29
-181
-194
-70
105
-11
-474
-302
293
342
-97
-273
-99
-331
-804
-515
76
35
-474
-1022
-862
-939
-889
34
487
269
-917
-1522
-976
-113
724
606
692
255
-494
-428
253
1566
1815
1357
1203
1349
1383
1230
1763
2227
2285
2116
1976
2189
1854
1240
1045
1320
1720
1775
1369
657
-224
-740
-425
313
740
25
-1066
-1458
-1417
-1154
-976
-867
-896
-1023
-1131
-1213
-1051
-995
-897
-652
-385
-17
-106
-328
-245
-186
83
702
1195
1177
560
356
774
1211
1372
1293
1574
1621
1084
755
967
1379
1203
935
586
455
355
-238
-448
-372
-449
-681
-872
-1068
-1453
-1814
-1943
-1555
-1216
-1337
-1554
-1795
-2055
-1988
-1501
-991
-987
-1306
-1288
-1159
-1082
-1085
-705
-291
-511
-533
-349
-285
-250
-205
-87
171
259
159
-42
-533
-249
-72
40
-65
-643
-362
-686
-806
-744
-820
-508
-928
-432
183
229
-620
-1678
-1000
-180
655
696
333
203
-623
-690
97
1425
2086
1387
755
851
1115
1341
1920
2496
2719
2171
1578
1780
2168
1949
1462
1657
2013
2034
1429
715
209
-277
67
842
1268
569
-976
-1669
-1226
-475
-134
-263
-699
-1113
-1317
-1254
-967
-555
-335
-517
-477
-376
-418
-630
-319
218
389
701
847
750
254
87
784
1360
1695
1348
1148
1146
944
1040
1107
1580
1595
1057
535
456
542
152
104
71
-97
-439
-919
-978
-1132
-1357
-1476
-1296
-1157
-1586
-2038
-2047
-1922
-1905
-1589
-1361
-1415
-1805
-2180
-1663
-1097
-959
-961
-981
-846
-1115
-950
-313
-225
-261
-261
-86
11
7
58
-210
-25
86
159
148
-139
-184
-488
-537
-433
-344
-333
-123
327
201
-473
-1318
-726
142
695
937
190
16
-506
-433
553
1312
1833
1175
841
716
872
1322
1612
2347
2266
1882
1561
1481
1807
1706
1538
1438
1587
1710
1319
651
36
-291
29
654
902
398
-869
-1716
-1516
-537
96
-99
-832
-1548
-1387
-1163
-907
-618
-435
-382
-728
-615
-418
-396
-455
-155
482
750
664
211
77
323
929
1507
1440
1150
804
845
1025
1279
1561
1492
1306
1092
871
582
594
708
559
203
-75
-67
-472
-884
-1015
-880
-784
-1156
-1419
-1519
-1553
-1798
-1981
-1735
-1487
-1464
-1703
-2003
-2033
-1739
-1368
-1198
-1227
-1258
-1341
-1355
-1051
-694
-428
-449
-715
-774
-466
-110
-159
-176
-383
-321
-83
-219
-153
-392
-494
-515
-533
-474
-82
617
359
-182
-1418
-1141
327
985
1428
294
-142
-372
-614
624
1580
2298
1364
376
666
1224
1665
1495
2203
2429
1813
1515
1325
1875
1768
1238
1529
1685
1593
1021
255
73
-125
74
677
759
171
-982
-1797
-1397
-275
269
-128
-917
-1516
-1469
-1092
-595
-210
-396
-732
-670
-530
-309
-180
-193
59
130
454
763
568
204
-42
713
1687
1793
1085
432
746
1329
1612
1486
1503
1498
1138
960
920
1145
1172
667
250
131
241
-17
-440
-701
-831
-801
-919
-1125
-1349
-1452
-1625
-1761
-1717
-1689
-1575
-1641
-1949
-1972
-1785
-1536
-1461
-1592
-1605
-1435
-1200
-1114
-1018
-935
-929
-777
-713
-577
-352
-266
-211
-470
-428
-47
21
-102
-254
-232
-346
-291
-457
-131
954
932
526
-1185
-1287
463
1116
1796
926
489
-28
-849
406
1656
2705
1730
628
834
1106
1570
1297
2331
2844
1918
1377
978
1784
1965
1172
1210
1575
1751
1258
122
-355
-242
-19
550
739
268
-970
-1995
-1699
-607
248
-240
-1059
-1630
-1573
-1047
-926
-426
-492
-905
-895
-898
-369
-138
-479
-288
34
327
406
135
117
100
543
1058
1308
1168
455
481
938
1612
1588
1080
1178
1217
1299
954
907
1259
948
376
87
348
344
-250
-796
-730
-556
-957
-1290
-1339
-1270
-1421
-1826
-2053
-1944
-1827
-1716
-1785
-1937
-1893
-1901
-1889
-1709
-1535
-1442
-1434
-1383
-1162
-1147
-1086
-933
-873
-593
-426
-392
-439
-473
-444
-298
-17
111
-135
-430
-462
-360
-551
-76
1084
1159
355
-1524
-1403
538
1420
1753
796
486
9
-740
459
1867
2867
1844
632
855
1323
1771
1601
2388
2878
2094
1364
1011
1923
2144
1345
1177
1477
1786
1234
64
-375
-216
168
690
665
32
-1257
-2078
-1432
-181
443
-353
-1323
-1806
-1665
-809
-527
-251
-656
-1154
-848
-848
-224
-223
-462
-130
-133
306
378
174
-9
141
878
1256
1205
684
447
929
1418
1875
1576
1057
947
1038
1631
1631
1396
1252
801
505
268
536
713
348
-376
-900
-835
-822
-885
-1201
-1361
-1351
-1680
-1947
-1996
-1943
-1885
-1892
-1922
-1722
-1822
-1869
-1821
-1831
-1433
-1257
-1115
-1218
-1319
-1219
-1114
-656
-488
-346
-463
-560
-416
-434
-142
63
159
56
-237
-238
-254
-229
-309
-5
1140
1125
361
-1147
-1243
618
1213
1673
979
287
44
-712
541
1794
2424
1721
662
933
1066
1435
1580
2237
2804
1789
1255
1357
1846
1995
1120
1234
1725
1562
1040
149
30
5
-224
295
630
251
-1009
-1984
-1475
-320
248
-404
-1293
-1792
-1624
-832
-547
-552
-799
-1202
-962
-733
-575
-393
-492
-412
-272
-6
391
190
-273
-79
621
1380
1279
487
277
811
1509
1640
1549
1327
1125
1212
1268
1579
1556
1393
1156
605
453
465
596
412
-258
-706
-775
-868
-1080
-1352
-1396
-1386
-1777
-2077
-2176
-1881
-1846
-2179
-2227
-2041
-1663
-1747
-1930
-1957
-1778
-1405
-1201
-1088
-1107
-1182
-1075
-845
-602
-230
-237
-300
-381
-475
-83
118
269
154
-159
-131
-260
-101
-110
-288
698
894
652
-304
-1348
-58
675
1451
1351
309
323
-585
43
1083
1911
2249
1086
1063
880
1166
1548
1875
2806
2194
1673
1446
1492
1946
1438
1280
1643
1483
1277
690
147
28
-475
-177
577
678
-77
-1696
-2061
-1180
-112
105
-707
-1356
-1851
-1457
-987
-702
-403
-944
-988
-935
-685
-305
-537
-597
-532
-11
529
420
-61
-223
116
626
1099
1108
921
721
670
967
1318
1478
1474
1435
1310
1084
898
1053
1297
1049
491
267
241
90
-321
-638
-483
-679
-1120
-1400
-1374
-1193
-1662
-2043
-1942
-1574
-1481
-1947
-2133
-1956
-1611
-1472
-1473
-1348
-1470
-1412
-1371
-980
-541
-607
-565
-758
-546
-351
-61
199
91
62
-136
160
187
269
286
145
322
-28
-230
-133
1116
1419
824
-515
-1087
595
1070
1813
1340
553
427
-659
488
1483
2303
2086
986
955
676
1189
1518
2184
2477
1576
1229
1133
1530
1601
848
737
1161
1172
1121
259
-373
-685
-1127
-192
544
523
-595
-2207
-2387
-1466
-239
134
-430
-1368
-1993
-1829
-1215
-580
-171
-425
-642
-776
-920
-533
-596
-160
403
414
526
-1
-74
66
320
1064
1467
1384
584
223
739
1322
1567
1230
1344
1458
1015
651
631
1141
1158
581
201
169
-20
-448
-701
-657
-453
-816
-1177
-1379
-1543
-1537
-1742
-1586
-1522
-1536
-1704
-1973
-2003
-1889
-1435
-1260
-1299
-1583
-1690
-1399
-1183
-880
-798
-805
-804
-929
-812
-529
-211
-74
-304
-434
-425
-178
66
-134
16
-182
-169
-300
-447
834
1087
980
-114
-1049
182
845
1828
1830
1118
737
-351
228
1431
2430
2616
1656
1303
970
966
1508
2265
2987
2217
1133
997
1365
1810
1237
570
892
975
1008
460
-394
-637
-1241
-837
3
271
-137
-1739
-2443
-2067
-965
-105
-272
-759
-1584
-1845
-1482
-794
-24
-5
-301
-376
-462
-187
-150
-61
567
658
849
670
517
649
400
683
1075
1615
1486
844
681
772
1054
928
1048
1452
1374
673
-13
36
493
612
246
-50
-439
-751
-1004
-1017
-804
-949
-1129
-1317
-1336
-1370
-1589
-1729
-1610
-1309
-1114
-1187
-1499
-1696
-1727
-1342
-905
-654
-875
-1257
-1177
-1053
-615
-507
-458
-397
-659
-552
-436
-147
-118
-416
-428
-227
43
-79
-304
-445
-387
-431
-141
954
1315
831
-588
-1041
301
1323
2159
2033
1484
781
-413
242
1847
3182
3012
1867
1336
1054
1197
1584
2628
3241
2377
1247
687
1113
1440
924
638
720
686
526
-232
-798
-1242
-1677
-1064
-406
-189
-840
-2085
-2534
-2333
-1611
-769
-296
-555
-1347
-1906
-1836
-824
14
325
395
41
-15
-87
-167
359
822
1266
1460
1117
868
583
543
969
1356
1621
1613
1359
906
502
304
558
1183
1392
1170
429
-400
-594
-469
-53
88
-286
-705
-1201
-1467
-1567
-1583
-1358
-1176
-1134
-1251
-1503
-1712
-1837
-1706
-1319
-892
-654
-938
-1405
-1714
-1485
-833
-424
-281
-611
-910
-1023
-1007
-719
-457
-199
-250
-495
-649
-628
-571
-623
-616
-449
-223
-293
-572
-873
-1007
-541
600
1220
1119
-130
-988
-370
420
1787
2390
2220
1530
-71
-5
1191
2708
3426
2803
2127
1428
1143
1542
2489
3195
2733
1749
1117
1159
1372
926
463
351
333
591
182
-529
-1425
-2237
-1791
-1012
-469
-666
-1678
-2297
-2396
-2134
-1499
-995
-593
-412
-883
-1368
-1372
-655
253
735
704
572
700
482
477
594
1017
1773
1679
1485
1164
987
1138
886
1008
1386
1582
1518
1000
451
129
14
398
903
916
300
-509
-933
-1020
-973
-741
-404
-471
-1155
-1844
-1978
-1589
-1223
-1216
-1072
-930
-1080
-1358
-1672
-1363
-910
-708
-606
-750
-684
-883
-1201
-1064
-652
-309
-351
-551
-691
-888
-1117
-1030
-566
-280
-378
-591
-801
-862
-1004
-1019
-554
-372
-445
-705
-1039
-405
334
801
1009
95
-269
-81
547
1857
2104
2071
1489
712
979
1500
2447
2967
2841
2361
1556
1339
1723
2691
2997
2422
1667
998
1081
1187
1108
893
259
-82
8
58
-251
-1168
-1865
-1638
-1282
-947
-982
-1354
-1616
-2025
-1990
-1421
-863
-519
-612
-721
-576
-483
-322
-168
137
591
919
1163
1128
917
590
595
1003
1339
1652
1596
1382
997
381
348
713
1256
1480
896
449
52
-154
-69
-27
357
389
-93
-808
-1265
-1163
-1061
-979
-981
-884
-923
-1377
-1759
-1824
-1419
-873
-726
-820
-968
-1092
-950
-919
-866
-681
-673
-622
-680
-761
-831
-907
-871
-784
-648
-739
-833
-1032
-1134
-935
-850
-684
-692
-757
-684
-797
-783
-716
-661
-407
-301
-269
-336
-193
417
857
1122
677
235
186
319
1215
1771
2124
1774
878
706
862
1578
1998
1913
1764
1391
1153
1196
1545
1771
1554
1044
751
770
934
939
707
463
100
-13
-133
-188
-224
-477
-540
-779
-699
-470
-547
-653
-890
-703
-338
-214
-339
-540
-406
-98
101
39
-77
19
288
507
391
110
106
220
458
396
123
158
-8
-28
-111
-55
220
-21
-228
-370
-91
330
298
53
-165
-49
179
320
260
204
162
113
95
35
76
146
231
48
-227
-286
-59
209
67
-238
-605
-754
-689
-556
-406
-633
-1088
-1437
-1429
-1162
-1054
-1171
-1408
-1591
-1470
-1218
-951
-852
-1000
-919
-744
-480
-320
-258
-74
-31
139
301
490
617
560
565
550
666
797
883
913
751
577
605
723
901
859
542
289
-6
44
307
572
663
207
-192
-265
2
328
352
323
342
385
484
609
751
734
545
503
615
856
921
864
837
644
483
304
322
407
279
168
74
162
218
43
-158
-383
-477
-449
-386
-257
-281
-402
-535
-608
-483
-331
-239
-294
-523
-612
-453
-203
-82
-183
-210
-117
-32
-34
-40
93
198
274
344
546
739
782
709
512
435
529
837
1047
954
666
471
452
277
77
-39
12
4
-276
-564
-729
-839
-938
-1038
-1084
-1125
-1419
-1660
-1758
-1682
-1463
-1478
-1521
-1671
-1809
-1803
-1738
-1504
-1285
-1084
-946
-889
-786
-631
-418
-237
-145
-15
157
329
423
380
432
475
497
530
443
479
473
550
857
1089
1292
1140
837
627
486
763
1119
1416
1373
961
761
777
1042
1139
1040
1003
972
1052
1053
1078
1151
1112
910
681
537
524
496
298
163
-49
-146
-247
-417
-523
-849
-1033
-1096
-975
-794
-782
-801
-919
-946
-940
-804
-582
-463
-446
-514
-455
-152
264
638
828
796
769
627
537
548
702
1072
1167
1040
724
563
583
500
360
117
88
179
332
401
253
35
-126
-71
-71
-272
-579
-731
-737
-755
-851
-900
-788
-793
-963
-1278
-1427
-1286
-964
-591
-444
-456
-640
-791
-866
-831
-731
-748
-798
-966
-988
-953
-984
-1068
-1223
-1237
-1251
-1240
-1253
-1212
-1043
-859
-644
-556
-637
-747
-815
-713
-522
-356
98
644
1222
1573
1379
1183
1043
1369
2080
2561
2701
2359
2102
2244
2554
2749
2531
2156
1938
1926
2016
1927
1712
1398
1078
841
518
321
54
-239
-560
-988
-1260
-1460
-1470
-1512
-1667
-1915
-2121
-1999
-1707
-1407
-1340
-1351
-1210
-897
-531
-206
78
340
550
695
1008
1342
1608
1663
1625
1753
1991
2227
2185
1951
1622
1374
1175
907
625
371
263
69
-220
-517
-621
-523
-543
-758
-1083
-1208
-1046
-822
-814
-1064
-1347
-1249
-872
-614
-661
-920
-940
-779
-582
-431
-238
42
218
317
313
303
222
89
7
-70
-181
-427
-803
-1132
-1284
-1312
-1376
-1751
-2195
-2381
-2310
-2163
-2250
-2358
-2317
-2189
-2114
-2221
-2355
-2374
-2152
-1581
-752
16
497
700
817
1054
1413
1841
2261
2514
2685
2848
2990
3085
3054
3134
3274
3238
2917
2467
2239
2196
2080
1684
1155
661
273
-23
-387
-877
-1456
-1895
-2013
-1889
-1937
-2309
-2765
-2913
-2543
-2029
-1636
-1422
-1259
-885
-408
-14
293
535
914
1411
1784
2009
2126
2347
2668
2946
2965
2744
2473
2260
2267
2163
1910
1473
937
598
281
-19
-466
-960
-1244
-1259
-1168
-1258
-1480
-1650
-1531
-1324
-1244
-1319
-1359
-1225
-1005
-740
-543
-329
-227
-186
-124
-32
207
480
868
1238
1388
1233
898
658
592
589
369
-61
-553
-895
-1052
-1224
-1522
-1899
-2192
-2370
-2520
-2770
-2958
-2969
-2809
-2629
-2608
-2612
-2651
-2611
-2468
-2121
-1441
-704
-53
333
642
1114
1634
2184
2563
2806
3022
3105
3123
3059
3054
3210
3390
3517
3389
2994
2486
2023
1733
1456
1040
454
-171
-650
-1069
-1448
-1735
-1875
-1893
-2084
-2518
-2987
-3166
-2866
-2356
-1978
-1835
-1720
-1321
-625
79
569
849
1170
1642
2113
2472
2609
2710
2840
2988
3097
2991
2841
2631
2440
2233
1876
1488
1005
550
93
-383
-815
-1285
-1649
-1902
-2001
-2001
-2000
-1896
-1760
-1565
-1463
-1520
-1557
-1500
-1177
-808
-574
-528
-542
-272
198
665
825
748
707
798
1031
1141
1114
932
698
501
309
132
-171
-534
-933
-1295
-1617
-1924
-2132
-2290
-2365
-2452
-2554
-2634
-2664
-2553
-2416
-2280
-2241
-2227
-2014
-1618
-1004
-482
-116
195
494
1074
1637
2100
2359
2389
2478
2452
2458
2448
2446
2529
2507
2475
2383
2251
2044
1766
1478
1182
811
336
-141
-639
-1053
-1484
-1862
-2089
-2233
-2223
-2233
-2209
-2063
-1825
-1478
-1283
-1267
-1203
-890
-243
451
967
1389
1821
2343
2776
2993
3089
3120
3126
3036
2835
2612
2441
2292
2112
1805
1402
973
504
125
-178
-407
-630
-1030
-1472
-1846
-1986
-1910
-1857
-1840
-1819
-1671
-1354
-1026
-765
-600
-461
-296
-191
-172
-232
-232
-65
173
379
440
440
506
588
672
637
486
242
-129
-589
-1072
-1445
-1699
-1866
-2066
-2285
-2418
-2464
-2388
-2330
-2273
-2166
-2037
-1921
-1874
-1783
-1599
-1225
-826
-389
90
504
948
1220
1518
1873
2177
2453
2461
2366
2226
2120
2097
2061
2054
2002
1927
1746
1510
1269
1047
799
382
-116
-632
-1034
-1385
-1732
-1992
-2229
-2311
-2385
-2415
-2323
-2227
-1951
-1633
-1231
-796
-516
-219
87
518
1014
1392
1704
1960
2317
2739
3099
3314
3364
3344
3258
3052
2663
2213
1818
1542
1264
821
342
-116
-371
-522
-745
-920
-1138
-1295
-1476
-1659
-1623
-1478
-1320
-1322
-1381
-1228
-878
-468
-176
70
344
614
786
793
726
633
566
528
496
466
419
392
369
313
173
-94
-421
-832
-1231
-1592
-1938
-2224
-2538
-2793
-2957
-3049
-3023
-2929
-2765
-2562
-2337
-2088
-1749
-1426
-1135
-808
-469
50
479
790
1080
1367
1869
2280
2543
2690
2729
2809
2731
2584
2411
2252
2075
1737
1412
1151
1022
893
587
199
-252
-675
-1002
-1318
-1597
-1900
-2284
-2592
-2777
-2822
-2701
-2604
-2436
-2162
-1823
-1348
-929
-507
-25
475
1029
1460
1779
2006
2214
2486
2757
3017
3096
3079
3065
3073
3133
2993
2705
2349
1890
1405
830
337
23
-291
-663
-1067
-1337
-1386
-1392
-1417
-1424
-1339
-1175
-1065
-976
-911
-786
-614
-450
-219
-47
122
290
408
582
696
831
945
873
692
441
307
286
141
-103
-425
-712
-929
-1249
-1525
-1809
-2092
-2354
-2705
-2904
-3064
-3147
-3140
-3176
-3037
-2874
-2554
-2131
-1809
-1417
-1065
-522
113
587
1028
1311
1647
2036
2307
2634
2825
2916
2939
2767
2682
2627
2582
2578
2363
2127
1885
1612
1412
1028
586
84
-495
-908
-1325
-1632
-1973
-2416
-2636
-2785
-2697
-2602
-2590
-2390
-2226
-1890
-1537
-1182
-595
-65
487
898
1176
1605
2028
2458
2730
2781
2873
2914
2953
2935
2786
2680
2458
2208
1941
1544
1148
626
200
-93
-446
-785
-1212
-1466
-1530
-1571
-1484
-1406
-1268
-1168
-1168
-981
-688
-340
-139
-136
-33
119
310
467
574
799
979
1066
1103
1090
1126
1065
884
679
420
162
-200
-614
-984
-1328
-1619
-1988
-2362
-2706
-2989
-3157
-3318
-3385
-3429
-3418
-3352
-3228
-2957
-2634
-2244
-1858
-1390
-830
-273
312
826
1351
1787
2055
2291
2478
2669
2734
2563
2367
2277
2360
2532
2531
2418
2229
1990
1796
1482
1141
713
138
-393
-943
-1342
-1713
-2153
-2468
-2742
-2794
-2779
-2759
-2559
-2347
-1976
-1600
-1228
-693
-217
288
659
933
1343
1735
2207
2557
2783
3013
3065
3085
3001
2928
2925
2719
2414
1987
1637
1396
1069
741
317
-93
-501
-904
-1154
-1348
-1463
-1567
-1636
-1595
-1521
-1361
-1109
-826
-530
-308
-109
115
245
333
364
404
501
507
559
639
774
938
969
1004
974
898
756
505
276
-36
-408
-851
-1327
-1741
-2182
-2547
-2834
-2991
-3023
-3032
-2975
-2901
-2757
-2569
-2337
-2077
-1796
-1400
-1034
-621
-259
141
668
1045
1404
1609
1792
1997
2013
2059
2011
1955
1884
1743
1721
1661
1596
1476
1305
1187
970
691
334
-113
-526
-976
-1378
-1670
-1957
-2150
-2363
-2494
-2396
-2210
-1864
-1535
-1223
-838
-519
-91
334
698
1026
1201
1464
1751
2015
2265
2402
2590
2725
2791
2798
2681
2528
2245
1882
1496
1117
782
407
31
-288
-514
-685
-881
-1040
-1111
-1123
-1152
-1265
-1322
-1226
-1053
-876
-813
-728
-530
-286
-13
181
354
485
537
582
609
691
732
699
671
622
623
586
475
358
137
-115
-409
-755
-1080
-1497
-1921
-2288
-2595
-2746
-2879
-2959
-2936
-2881
-2660
-2394
-2058
-1593
-1217
-822
-543
-307
100
431
788
1027
1156
1362
1425
1514
1598
1662
1760
1690
1606
1531
1495
1521
1431
1309
1132
914
711
401
96
-226
-616
-990
-1392
-1647
-1775
-1924
-1993
-2015
-1847
-1525
-1219
-844
-523
-196
164
453
807
1053
1241
1438
1551
1754
1907
2075
2287
2378
2466
2421
2355
2337
2195
1991
1631
1264
968
591
226
-118
-348
-542
-846
-1046
-1075
-921
-838
-937
-967
-889
-688
-598
-652
-640
-578
-438
-336
-232
-47
118
236
330
498
725
893
966
991
988
885
670
439
248
33
-270
-643
-969
-1228
-1482
-1724
-1958
-2111
-2232
-2411
-2554
-2650
-2567
-2391
-2263
-2017
-1753
-1394
-1070
-892
-551
-204
187
496
601
778
852
911
951
919
1010
1047
1071
1064
999
1062
1093
1082
997
771
608
372
113
-129
-467
-715
-1002
-1239
-1355
-1481
-1460
-1459
-1387
-1199
-990
-632
-368
-105
182
430
742
913
1132
1402
1595
1741
1741
1835
2001
2075
2051
1926
1869
1859
1776
1620
1422
1240
1066
776
432
129
-69
-189
-425
-648
-772
-735
-635
-659
-628
-553
-418
-318
-332
-264
-163
-14
124
212
331
412
489
575
693
846
930
945
923
929
956
892
770
568
360
153
-118
-385
-751
-1129
-1475
-1777
-1931
-2111
-2263
-2398
-2496
-2398
-2250
-2005
-1709
-1482
-1235
-1119
-987
-744
-537
-274
-148
-67
21
-21
89
205
343
439
362
448
507
551
571
464
465
346
167
13
-222
-378
-636
-904
-1051
-1184
-1209
-1301
-1401
-1356
-1269
-1053
-842
-618
-287
-26
281
580
882
1216
1403
1622
1816
1968
2057
2005
2049
2098
2104
1986
1779
1727
1704
1622
1382
1115
987
802
496
111
-162
-275
-464
-711
-895
-945
-890
-938
-961
-874
-727
-557
-533
-459
-286
-67
157
226
319
446
581
707
735
796
908
1044
1170
1180
1134
1112
1087
1028
841
610
432
217
-55
-407
-717
-938
-1156
-1371
-1585
-1718
-1772
-1746
-1666
-1514
-1282
-1035
-786
-641
-512
-384
-276
-139
-69
41
107
94
79
-2
11
51
79
107
12
-45
-77
-97
-83
-174
-281
-426
-597
-715
-933
-1203
-1466
-1651
-1706
-1822
-1928
-1919
-1803
-1573
-1354
-1037
-620
-228
159
480
802
1099
1342
1589
1769
1870
1925
1970
2041
2086
2095
2089
2026
1922
1801
1670
1519
1303
1067
828
540
226
-68
-282
-464
-689
-894
-1016
-1058
-1082
-1124
-1098
-1000
-879
-769
-666
-501
-322
-144
17
161
312
435
575
701
800
876
956
1088
1198
1259
1250
1224
1188
1103
971
783
585
344
71
-222
-500
-718
-906
-1064
-1206
-1298
-1316
-1271
-1138
-960
-757
-553
-360
-171
-47
35
130
246
322
257
124
30
-11
-59
-161
-226
-200
-145
-126
-167
-181
-164
-214
-359
-559
-718
-871
-1138
-1482
-1794
-1967
-2054
-2135
-2156
-2109
-1992
-1830
-1585
-1216
-830
-504
-216
106
455
723
910
1104
1329
1513
1588
1632
1754
1893
1942
1873
1812
1838
1815
1646
1389
1190
1070
878
596
331
144
-40
-323
-603
-756
-802
-859
-1001
-1106
-1087
-975
-845
-737
-585
-397
-221
-64
96
290
449
528
580
665
786
874
910
961
1045
1124
1160
1172
1201
1198
1099
916
712
541
361
128
-128
-372
-564
-708
-803
-833
-829
-773
-665
-510
-321
-146
36
194
286
354
422
518
532
414
268
169
124
26
-134
-244
-290
-303
-351
-402
-396
-399
-458
-590
-724
-823
-978
-1202
-1450
-1641
-1772
-1919
-2017
-2000
-1871
-1717
-1588
-1379
-1056
-695
-379
-91
250
593
825
958
1092
1283
1426
1429
1374
1369
1400
1359
1249
1207
1240
1213
1054
874
801
733
531
231
-27
-216
-466
-793
-1063
-1216
-1306
-1419
-1489
-1426
-1285
-1148
-1033
-869
-634
-419
-261
-133
26
195
307
373
452
575
704
782
840
917
1003
1062
1087
1120
1151
1124
1027
899
783
656
474
264
66
-108
-279
-439
-531
-549
-527
-470
-342
-124
112
300
464
634
806
916
956
962
921
829
692
573
496
417
315
195
99
39
-15
-70
-152
-271
-431
-620
-802
-999
-1231
-1490
-1738
-1926
-2078
-2192
-2247
-2217
-2098
-1928
-1700
-1412
-1087
-753
-422
-74
269
552
758
932
1121
1287
1354
1348
1367
1448
1501
1451
1372
1377
1424
1373
1206
1065
1001
879
590
242
3
-170
-446
-832
-1143
-1277
-1344
-1468
-1585
-1558
-1397
-1240
-1146
-1020
-805
-571
-418
-330
-221
-79
35
88
122
192
291
380
453
535
640
744
824
884
933
965
944
855
728
597
450
254
14
-207
-360
-453
-531
-590
-578
-459
-266
-61
134
341
566
766
907
1003
1083
1123
1086
993
919
885
841
752
662
622
607
552
460
390
337
224
9
-237
-447
-654
-930
-1264
-1563
-1778
-1951
-2118
-2241
-2259
-2170
-2025
-1841
-1604
-1307
-990
-686
-389
-98
160
358
513
669
812
896
924
968
1071
1175
1212
1203
1223
1283
1290
1208
1095
997
862
619
331
92
-107
-351
-658
-911
-1041
-1116
-1201
-1271
-1248
-1141
-1025
-917
-783
-619
-481
-391
-301
-193
-106
-76
-54
19
111
170
208
293
438
566
630
657
710
782
803
740
613
470
340
198
17
-201
-397
-507
-552
-592
-644
-631
-487
-277
-105
20
183
421
637
753
827
937
1055
1078
1015
992
1046
1085
1031
950
950
983
941
819
707
645
532
312
58
-159
-360
-630
-935
-1179
-1351
-1505
-1671
-1776
-1767
-1697
-1605
-1483
-1282
-1029
-798
-583
-365
-132
64
214
365
505
606
644
671
747
814
833
810
805
836
814
733
627
542
458
292
79
-128
-298
-449
-640
-827
-962
-1029
-1043
-1064
-1064
-1008
-881
-717
-587
-474
-337
-173
-32
28
57
111
185
218
193
190
244
318
354
370
427
509
562
563
552
559
528
431
287
145
16
-147
-332
-494
-598
-654
-699
-723
-685
-569
-405
-245
-98
67
260
450
590
677
766
866
926
920
885
889
925
922
889
873
902
909
831
733
666
604
461
219
-6
-185
-376
-632
-909
-1090
-1194
-1287
-1388
-1444
-1389
-1274
-1140
-996
-830
-629
-431
-231
-51
88
208
328
472
577
613
635
678
752
772
729
704
698
687
601
472
370
261
126
-55
-240
-388
-548
-698
-828
-917
-967
-1016
-1025
-994
-934
-853
-765
-648
-524
-411
-297
-188
-85
-6
60
127
180
217
247
303
373
419
450
488
552
600
604
597
596
590
534
426
316
207
84
-69
-222
-339
-434
-522
-589
-612
-583
-534
-476
-384
-259
-125
-13
86
206
338
442
511
566
636
695
719
738
772
820
837
817
808
796
747
649
537
453
338
151
-56
-220
-338
-499
-691
-829
-879
-903
-968
-1006
-947
-829
-731
-665
-548
-376
-224
-118
-17
131
270
353
423
511
607
645
648
678
712
702
637
580
557
487
357
211
107
14
-142
-321
-462
-549
-630
-744
-839
-875
-870
-857
-852
-825
-763
-674
-579
-506
-445
-369
-266
-168
-116
-86
-28
63
134
163
197
278
373
421
427
456
515
551
523
468
434
396
312
186
60
-37
-132
-246
-358
-443
-488
-512
-524
-517
-485
-423
-340
-255
-172
-84
20
128
219
297
371
449
520
574
618
661
702
735
754
757
745
718
681
626
548
446
337
226
103
-38
-176
-295
-397
-494
-583
-643
-669
-671
-659
-628
-572
-497
-414
-322
-223
-126
-34
60
157
238
299
353
413
465
488
486
486
492
476
423
354
292
230
142
27
-89
-188
-278
-379
-485
-574
-633
-669
-703
-732
-739
-713
-669
-629
-595
-547
-475
-398
-338
-293
-234
-155
-77
-21
28
95
183
265
323
371
429
499
548
559
548
544
540
500
416
321
247
176
75
-49
-149
-204
-254
-326
-389
-402
-381
-368
-370
-346
-284
-219
-180
-145
-84
-10
46
86
137
204
263
302
342
393
441
469
485
502
512
501
468
431
390
335
262
186
117
48
-29
-102
-162
-210
-252
-287
-307
-313
-314
-310
-299
-277
-250
-219
-185
-144
-99
-54
-10
34
80
127
166
197
223
243
252
241
214
181
144
93
26
-45
-109
-170
-234
-302
-356
-387
-408
-427
-440
-436
-414
-388
-366
-343
-304
-253
-202
-162
-119
-61
8
72
125
186
265
347
409
457
503
554
587
585
565
546
519
461
376
286
207
122
21
-79
-158
-217
-277
-337
-380
-396
-402
-410
-410
-391
-358
-328
-301
-266
-220
-171
-125
-78
-22
40
93
140
185
230
267
291
305
314
315
301
274
240
203
159
115
73
33
-7
-41
-68
-90
-112
-132
-141
-140
-143
-153
-162
-159
-152
-157
-166
-157
-134
-114
-105
-91
-58
-20
1
12
35
68
87
79
63
57
47
15
-32
-67
-89
-116
-158
-196
-212
-216
-230
-245
-243
-222
-205
-201
-194
-173
-147
-131
-119
-94
-56
-18
12
46
98
155
206
258
315
379
432
468
498
523
536
529
508
481
446
396
333
268
204
140
73
13
-35
-76
-116
-151
-174
-189
-203
-213
-214
-208
-201
-198
-191
-178
-162
-150
-136
-114
-88
-63
-42
-21
3
23
38
48
61
70
72
66
59
50
36
19
5
-5
-18
-32
-46
-55
-63
-76
-90
-97
-101
-108
-122
-135
-143
-150
-163
-173
-175
-168
-165
-163
-155
-140
-124
-113
-101
-84
-67
-57
-56
-57
-57
-64
-81
-98
-111
-121
-136
-153
-163
-166
-165
-165
-160
-144
-121
-99
-81
-60
-31
-4
21
43
69
101
132
158
183
212
246
282
312
341
370
400
424
433
434
432
427
413
384
348
314
280
237
189
144
114
90
64
40
27
25
25
21
18
23
32
36
30
26
23
17
4
-12
-25
-32
-42
-56
-67
-74
-79
-87
-95
-99
-100
-104
-111
-118
-124
-128
-135
-141
-144
-143
-142
-139
-139
-134
-129
-123
-121
-119
-119
-118
-121
-130
-141
-151
-159
-168
-178
-186
-189
-188
-186
-185
-183
-174
-163
-154
-151
-147
-144
-139
-141
-147
-151
-151
-146
-145
-144
-136
-121
-103
-87
-69
-48
-20
4
23
38
51
67
79
85
88
96
107
118
128
138
156
178
200
219
237
256
272
283
284
279
271
259
240
214
188
163
140
118
98
84
78
78
82
89
102
119
137
153
169
183
194
202
205
201
196
185
171
153
132
107
81
52
24
-5
-35
-66
-96
-121
-146
-165
-186
-198
-204
-205
-201
-194
-182
-163
-142
-123
-104
-86
-68
-52
-44
-40
-40
-39
-44
-53
-67
-77
-85
-94
-106
-117
-125
-129
-137
-148
-160
-170
-180
-192
-209
-227
-241
-250
-259
-268
-271
-264
-250
-234
-214
-188
-156
-119
-85
-53
-21
10
37
59
70
80
91
95
96
94
92
95
100
101
105
114
122
133
141
146
153
158
158
156
149
139
133
121
107
98
88
82
80
78
81
91
101
115
134
151
171
193
211
231
250
262
276
286
290
294
291
281
270
256
232
208
177
143
111
73
33
-3
-39
-72
-100
-128
-150
-164
-176
-181
-184
-186
-180
-174
-171
-167
-163
-160
-156
-157
-163
-166
-167
-172
-174
-179
-180
-176
-172
-169
-164
-158
-150
-144
-143
-143
-143
-146
-151
-161
-174
-184
-193
-202
-210
-216
-216
-210
-203
-191
-175
-156
-131
-106
-82
-56
-30
-6
18
35
52
70
83
96
106
114
126
136
143
152
161
167
176
181
183
186
187
182
180
172
163
156
146
133
128
118
109
107
101
100
103
103
107
117
122
132
144
150
163
174
179
190
199
200
205
204
199
196
186
171
158
137
113
92
65
37
14
-12
-36
-54
-73
-88
-97
-109
-115
-117
-122
-124
-125
-132
-137
-143
-156
-165
-178
-195
-207
-222
-238
-247
-256
-263
-263
-263
-259
-250
-242
-233
-220
-211
-202
-193
-188
-182
-178
-176
-174
-170
-167
-162
-154
-144
-132
-117
-100
-82
-61
-41
-21
0
19
37
53
69
81
93
104
112
121
129
134
140
146
151
156
160
162
166
168
168
171
169
167
168
166
162
164
163
162
165
165
168
173
173
177
181
181
183
185
182
180
178
171
166
160
151
146
139
128
124
116
107
100
90
76
66
51
34
19
-1
-20
-35
-53
-67
-76
-86
-90
-89
-90
-86
-79
-77
-71
-68
-70
-73
-80
-94
-108
-125
-147
-163
-185
-205
-220
-235
-249
-256
-265
-271
-274
-279
-283
-286
-290
-294
-297
-301
-300
-297
-293
-281
-265
-246
-222
-194
-164
-130
-96
-64
-33
-4
23
46
65
83
98
109
120
131
138
148
157
164
172
179
183
187
188
187
183
176
168
159
149
139
130
122
117
113
111
113
117
123
132
142
154
165
176
185
195
202
208
211
211
210
208
203
199
192
184
177
170
161
154
145
134
123
111
95
80
60
39
17
-5
-28
-49
-69
-86
-98
-110
-116
-118
-117
-114
-110
-106
-101
-100
-101
-105
-112
-125
-138
-154
-172
-189
-205
-218
-231
-239
-246
-249
-252
-253
-253
-254
-256
-259
-261
-265
-268
-270
-270
-266
-259
-246
-229
-206
-179
-147
-114
-80
-46
-13
18
45
66
84
98
108
115
119
123
125
128
131
134
138
141
144
147
148
148
144
138
132
122
110
100
89
80
72
68
66
68
72
80
91
105
119
137
153
169
183
196
206
215
219
222
222
220
216
209
201
192
183
173
163
153
141
130
115
99
80
62
41
20
-4
-27
-50
-73
-92
-109
-123
-132
-135
-135
-131
-125
-119
-112
-104
-99
-96
-95
-98
-104
-115
-127
-142
-155
-168
-179
-188
-194
-198
-200
-201
-202
-201
-200
-199
-201
-202
-205
-210
-212
-215
-214
-211
-202
-189
-172
-153
-129
-104
-77
-49
-22
4
28
46
62
73
82
87
91
96
100
104
108
112
115
119
122
124
126
126
124
118
110
99
87
74
62
51
41
34
30
28
30
33
41
52
66
81
97
112
125
137
147
157
165
172
179
183
185
186
185
182
180
178
176
171
165
157
146
133
117
101
83
66
48
29
11
-7
-24
-37
-47
-53
-56
-58
-59
-59
-59
-60
-61
-62
-64
-70
-77
-87
-97
-110
-124
-137
-149
-158
-169
-176
-184
-191
-198
-205
-211
-217
-223
-228
-232
-238
-242
-246
-248
-245
-240
-231
-218
-201
-183
-163
-141
-118
-95
-70
-45
-22
0
19
34
50
63
76
88
100
110
119
127
133
136
140
142
143
142
137
130
121
109
96
84
72
62
54
48
43
41
43
47
54
64
78
92
109
123
136
148
160
170
180
190
198
204
210
213
215
216
216
216
213
209
202
191
178
164
144
126
107
87
67
47
29
12
-6
-20
-31
-39
-45
-51
-56
-62
-68
-75
-82
-91
-100
-109
-120
-133
-145
-158
-171
-184
-194
-202
-211
-218
-226
-233
-241
-248
-255
-263
-268
-273
-278
-283
-286
-289
-288
-285
-278
-268
-256
-240
-223
-205
-187
-165
-145
-122
-100
-77
-57
-38
-19
-2
15
31
48
64
80
95
107
117
125
131
137
140
140
138
134
127
119
110
102
94
88
84
82
81
83
86
94
103
114
127
141
156
170
182
195
208
219
231
241
249
257
263
267
270
269
269
265
259
252
240
227
211
194
175
156
136
116
96
77
58
42
25
11
-2
-13
-22
-31
-41
-50
-58
-67
-76
-84
-93
-102
-109
-119
-128
-136
-146
-154
-160
-168
-176
-183
-191
-198
-207
-215
-224
-232
-240
-247
-255
-260
-265
-269
-271
-271
-270
-266
-260
-253
-244
-233
-221
-208
-193
-176
-159
-141
-123
-104
-85
-67
-47
-30
-12
4
20
34
46
55
64
70
74
77
79
78
76
74
71
68
65
64
62
63
64
67
71
77
84
92
103
114
127
141
154
168
182
195
208
220
231
239
246
250
253
253
252
247
242
234
224
213
199
185
171
156
140
123
108
93
77
62
49
36
24
15
5
-4
-11
-18
-23
-29
-32
-37
-41
-44
-47
-50
-53
-57
-60
-65
-70
-76
-80
-88
-93
-101
-109
-118
-126
-136
-145
-154
-163
-171
-180
-187
-195
-200
-205
-209
-211
-212
-212
-209
-206
-199
-193
-184
-174
-162
-150
-137
-123
-108
-94
-79
-65
-52
-39
-27
-17
-8
0
6
10
13
16
16
17
15
13
10
9
6
5
3
3
4
6
9
14
20
27
36
46
56
68
80
92
103
115
126
136
144
153
159
163
165
167
166
162
159
152
145
137
127
117
106
96
85
75
65
56
47
39
33
27
23
19
16
14
15
15
16
17
18
20
21
24
24
26
26
27
26
25
24
22
20
15
11
6
1
-4
-10
-17
-24
-30
-37
-45
-51
-58
-64
-70
-77
-82
-86
-89
-93
-94
-96
-96
-95
-93
-91
-87
-83
-78
-73
-66
-59
-52
-46
-39
-33
-26
-22
-17
-13
-10
-8
-7
-7
-9
-11
-14
-17
-22
-25
-30
-35
-38
-41
-43
-45
-46
-45
-43
-40
-36
-30
-24
-15
-8
1
11
21
31
41
49
56
63
69
74
77
78
78
77
72
70
64
58
52
45
37
29
23
17
11
5
2
-1
-3
-4
-3
-1
0
3
7
11
15
19
24
28
31
34
35
37
37
36
34
33
30
26
23
17
13
7
2
-4
-8
-14
-17
-21
-26
-28
-31
-34
-35
-37
-37
-38
-38
-38
-38
-37
-37
-35
-35
-32
-32
-29
-28
-26
-24
-21
-19
-17
-16
-12
-11
-9
-7
-5
-4
-3
-3
-3
-4
-4
-6
-8
-10
-11
-13
-15
-18
-20
-22
-24
-24
-24
-24
-24
-23
-20
-19
-15
-12
-8
-4
1
5
11
14
18
22
24
27
28
28
29
29
27
25
23
21
17
14
10
7
4
1
-2
-3
-5
-6
-6
-6
-5
-4
-2
0
1
4
7
9
12
14
15
16
18
18
18
18
17
16
14
14
12
11
8
7
5
4
2
2
2
0
0
0
0
0
0
1
1
2
3
3
3
3
3
3
2
3
2
2
1
0
0
0
-1
-1
-2
-3
-2
-2
-3
-3
-3
-2
-2
-2
-2
-2
-1
-1
-1
-2
-1
-1
-2
-2
-2
-3
-4
-4
-5
-6
-5
-5
-6
-6
-8
-7
-7
-7
-7
-7
-7
-6
-6
-6
-5
-5
-5
-4
-4
-4
-3
-3
-2
-2
-2
-2
-1
-1
-2
-1
-1
0
0
0
0
-1
-1
0
0
0
0
0
0
-1
0
0
0
0
0
0
0
-1
0
0
1
0
-1
0
0
-1
-1
-1
-1
-1
-1
-1
-1
-1
-1
-1
0
-1
0
0
1
0
0
0
1
1
2
2
1
3
2
3
2
2
2
1
2
1
0
0
0
0
-1
-1
-2
-2
-3
-4
-4
-4
-4
-4
-3
-3
-2
-3
-2
-1
-2
-1
1
0
1
3
3
3
4
4
5
4
4
5
4
5
4
3
2
2
1
0
-1
-1
-3
-4
-3
-4
-5
-5
-5
-6
-6
-5
-5
-5
-4
-3
-2
-1
-1
1
1
3
3
5
6
5
6
6
6
7
6
6
6
5
5
3
3
2
1
-1
-1
-3
-4
-5
-5
-6
-7
-7
-7
-7
-7
-7
-6
-6
-5
-3
-3
-2
0
2
3
4
5
6
7
7
8
8
8
9
8
7
7
6
5
3
3
2
-1
-2
-2
-4
-6
-7
-7
-8
-8
-9
-10
-9
-8
-7
-7
-6
-4
-3
-2
0
0
3
4
5
7
7
8
9
10
9
9
9
8
8
7
6
5
2
2
1
-2
-3
-4
-6
-7
-8
-9
-11
-10
-9
-10
-10
-8
-8
-8
-5
-5
-4
-1
0
2
4
6
7
7
8
10
10
11
11
10
10
10
8
7
5
4
2
1
-1
-3
-4
-5
-7
-8
-9
-10
-10
-10
-10
-10
-9
-9
-8
-6
-5
-4
-2
0
1
3
5
6
7
7
10
10
11
11
11
11
10
9
8
7
6
5
2
2
-1
-2
-3
-4
-4
-6
-7
-7
-7
-7
-7
-6
-4
-4
-2
-1
0
1
4
5
7
9
10
11
12
13
13
14
14
13
13
12
11
10
8
6
4
3
1
-2
-5
-7
-8
-10
-12
-14
-14
-16
-16
-17
-17
-18
-17
-17
-16
-16
-16
-14
-14
-13
-12
-11
-10
-10
-9
-8
-7
-7
-8
-8
-8
-9
-9
-9
-10
-11
-12
-13
-13
-13
-14
-13
-14
-14
-14
-13
-12
-11
-10
-8
-6
-5
-2
0
2
5
7
10
12
15
17
19
21
23
25
26
27
28
29
29
29
29
29
28
27
27
26
25
23
22
21
19
18
17
15
15
14
13
12
12
11
9
9
8
7
8
8
6
5
5
5
3
2
2
1
-1
-2
-3
-4
-6
-8
-10
-11
-12
-15
-16
-18
-18
-20
-21
-22
-23
-23
-24
-25
-25
-25
-25
-24
-23
-22
-22
-21
-19
-18
-16
-16
-14
-13
-12
-10
-9
-7
-6
-5
-5
-4
-3
-2
-2
-1
0
-1
1
2
1
2
2
2
2
2
3
3
2
3
4
4
3
4
3
4
4
4
4
4
3
4
3
4
3
3
3
1
2
1
1
1
1
0
0
0
-2
-1
0
0
-1
0
0
1
0
0
1
1
1
1
2
3
3
4
4
5
6
7
7
9
9
10
11
10
12
12
13
13
14
15
14
15
16
16
17
15
17
16
17
17
16
16
16
16
15
14
14
13
12
11
10
9
8
8
6
5
3
2
1
-1
-2
-4
-4
-6
-7
-9
-10
-11
-13
-14
-15
-17
-18
-19
-20
-21
-23
-22
-23
-24
-25
-25
-26
-25
-25
-25
-26
-26
-26
-25
-24
-24
-24
-23
-22
-21
-19
-19
-18
-17
-16
-14
-12
-11
-10
-9
-7
-5
-4
-3
0
1
3
4
6
7
8
10
11
13
13
14
16
16
17
18
18
19
19
21
20
20
21
21
21
21
21
20
21
20
20
19
19
18
17
16
15
14
14
13
11
11
10
8
8
6
6
5
4
3
2
1
1
-1
-2
-3
-2
-4
-5
-6
-6
-6
-7
-7
-7
-9
-8
-9
-9
-10
-8
-9
-9
-9
-8
-9
-8
-8
-9
-8
-7
-7
-7
-6
-7
-6
-6
-6
-5
-4
-4
-4
-3
-3
-2
-2
-2
-2
-1
-2
-1
-1
-2
1
0
0
0
0
1
0
0
1
1
0
1
1
1
0
0
0
1
1
1
1
0
0
0
0
1
0
-1
0
1
-1
0
0
0
0
0
0
1
1
0
0
0
0
0
0
0
0
0
0
0
1
0
0
0
0
-1
0
0
0
1
0
0
0
0
0
0
1
0
0
0
0
0
-1
0
-1
1
0
1
0
0
1
0
0
1
0
0
0
0
-1
-1
1
0
0
0
-1
0
0
1
0
0
0
0
0
0
-1
0
0
0
-1
0
0
1
1
-1
0
0
0
0
0
0
0
0
0
-1
1
0
0
1
0
0
0
0
0
-1
0
0
0
0
-1
0
0
0
-1
0
0
0
0
0
-1
0
-1
1
0
0
1
0
0
0
0
0
0
0
0
-1
0
0
0
1
0
1
0
-1
0
0
-1
0
0
1
1
0
0
0
-1
-1
0
0
0
-1
0
0
1
0
1
0
0
1
0
0
1
0
0
0
0
0
0
0
0
0
0
0
0
1
0
0
0
0
0
0
0
0
0
0
-1
0
-1
0
0
0
0
0
-1
0
0
0
0
0
0
0
0
0
0
0
0
0
-1
1
1
-1
0
0
0
