0
0
1
1
0
0
0
0
0
0
0
-1
0
0
0
0
0
0
-1
-1
0
0
0
0
0
1
0
1
-1
0
0
-1
0
0
0
1
0
0
0
0
0
0
0
1
0
1
0
0
0
-1
-1
0
0
0
0
1
0
-1
0
0
0
0
1
0
-1
0
0
0
0
0
1
0
0
0
0
0
0
0
0
0
0
1
0
0
0
0
0
0
0
0
1
0
0
0
0
0
-1
0
0
0
0
0
0
-1
0
0
-1
0
0
0
0
0
0
0
0
0
0
0
0
0
0
0
0
0
-1
0
0
1
0
0
-1
1
0
0
0
0
0
0
0
0
0
0
-1
1
0
0
-1
0
0
0
1
0
-1
0
0
0
0
0
0
0
1
-1
0
-1
0
-1
-1
0
0
0
1
0
0
0
0
0
1
0
-1
-1
0
0
0
0
0
0
0
-1
0
-1
0
0
0
0
0
0
1
0
0
0
0
0
-1
-1
0
0
0
0
-1
0
1
0
0
0
0
0
0
-1
0
0
0
-1
0
0
0
0
0
0
0
0
-1
0
0
0
1
0
1
0
-1
0
1
0
0
-1
0
0
0
0
0
0
1
0
1
0
0
0
0
0
1
0
1
0
0
0
1
0
0
0
-1
-1
-1
0
0
0
0
0
0
-1
0
0
-1
0
0
0
0
0
0
0
0
0
0
0
0
1
0
0
1
0
0
1
0
0
1
0
0
1
0
0
0
0
0
0
0
0
0
0
0
1
0
0
-1
0
0
-1
0
-1
0
0
1
1
0
0
0
-1
0
0
0
0
0
0
1
0
0
-1
0
0
0
0
-1
0
1
0
0
0
0
0
-1
0
0
0
0
0
0
0
1
0
0
0
0
0
-1
0
0
0
0
0
1
0
0
0
0
0
0
0
1
0
-1
0
-1
1
0
0
0
0
-1
0
0
0
0
0
0
-1
1
1
0
0
1
0
0
0
1
1
0
-1
0
0
1
0
0
0
0
0
-1
0
0
0
0
1
0
0
0
-1
0
0
0
0
0
1
1
0
-1
0
-1
-1
0
0
0
1
0
0
0
0
0
0
1
0
0
-1
0
0
0
0
0
0
0
0
1
0
0
-1
0
0
0
0
0
0
0
0
1
0
0
0
0
0
0
0
0
1
0
0
0
0
0
0
-1
0
-1
0
0
1
0
0
1
0
0
0
1
-1
0
-1
0
0
0
0
0
0
0
0
0
0
1
0
0
0
0
0
0
0
0
0
-1
0
0
0
1
0
0
0
1
0
0
0
0
0
0
0
0
0
0
1
0
1
0
-1
0
0
-1
0
0
0
-1
0
0
0
-1
0
-1
1
-1
1
0
0
0
0
0
1
0
1
0
0
0
0
0
0
0
0
0
0
0
1
0
0
-1
0
0
0
0
0
0
0
0
0
0
-1
0
0
1
0
0
-1
0
0
0
0
0
0
0
0
-1
0
1
0
0
0
0
1
0
0
0
0
0
-1
0
0
-1
0
0
0
0
0
0
1
0
0
0
0
1
1
1
1
0
0
-1
1
0
0
0
0
0
0
0
0
0
1
0
0
1
0
0
1
0
1
0
0
1
0
0
0
0
1
0
0
-1
0
0
1
1
0
0
-1
0
-1
-1
0
0
0
1
1
0
-1
0
1
0
0
0
0
1
0
1
-1
0
1
0
0
0
-1
0
0
0
1
0
-1
0
-1
-1
0
0
1
0
0
0
1
1
0
0
1
1
-1
0
-1
0
0
0
1
0
0
0
0
-1
0
0
-1
0
0
-1
-1
1
0
0
0
0
-1
0
1
0
0
0
-1
1
0
1
0
1
-1
0
0
0
-1
0
0
0
1
0
0
0
0
0
0
0
0
0
0
0
0
0
1
0
0
0
0
1
0
0
0
0
-1
0
0
0
-1
0
0
0
0
0
0
0
0
0
-1
0
1
0
0
0
0
-1
0
0
1
0
0
0
0
0
-1
0
0
0
0
0
0
-1
0
0
-1
0
0
0
-1
0
0
0
0
-1
0
0
0
0
0
0
0
0
0
0
0
0
0
0
0
-1
0
0
0
-1
0
0
0
-1
0
0
0
0
1
0
0
0
-1
-1
1
0
0
0
0
0
0
0
0
0
0
0
0
1
-1
0
0
0
-1
0
-1
0
0
0
0
-1
0
0
0
0
0
0
0
0
0
0
0
0
1
0
1
1
0
1
0
0
0
0
0
1
0
1
0
0
0
1
0
0
0
0
0
1
0
-1
0
0
0
0
-1
-1
1
0
0
1
0
0
1
0
0
0
-1
1
0
0
0
0
0
0
-1
0
0
0
0
0
0
0
0
0
0
0
0
0
0
0
0
0
0
0
0
-1
0
-1
0
0
0
0
0
-1
0
-1
0
-1
1
0
0
0
0
0
-1
0
-1
0
-1
0
0
0
0
-1
0
-1
0
1
0
0
0
0
0
0
1
0
0
0
0
0
0
-1
0
0
0
0
0
0
0
0
1
0
1
1
0
0
0
0
0
1
0
0
0
0
1
0
1
0
0
0
0
0
0
0
0
0
0
0
1
0
1
1
0
0
0
0
-1
0
0
1
0
0
0
0
0
0
0
0
0
0
0
0
0
-1
0
0
0
0
0
0
0
0
0
-1
0
1
0
0
0
0
0
0
0
-1
1
0
0
0
1
0
1
0
0
0
0
0
0
0
-1
0
1
0
0
0
1
0
0
0
0
-1
1
1
0
0
1
0
0
0
0
0
0
0
0
-1
0
0
0
0
1
0
0
0
0
0
0
-1
-1
1
0
0
1
0
0
-1
0
-1
1
0
1
0
0
0
0
1
-1
0
0
0
0
0
0
0
0
0
0
0
0
0
0
-1
0
0
0
0
1
0
0
0
0
0
0
0
0
-1
0
0
0
-1
0
0
1
0
-1
0
0
0
0
1
1
1
0
0
-1
0
0
-1
0
0
0
0
-1
0
0
0
0
1
0
1
0
0
0
0
0
1
0
0
0
0
0
0
0
-1
1
-1
0
-1
0
0
0
0
0
0
0
0
0
0
0
0
0
0
1
0
0
0
0
0
0
0
0
0
0
0
0
0
0
-1
0
0
0
1
0
0
0
0
-1
0
-1
0
1
0
0
1
0
0
0
0
0
0
0
0
0
0
1
-1
0
-1
0
0
-1
0
0
0
0
-1
0
0
0
0
0
1
0
0
0
0
0
0
0
-1
0
0
0
0
0
0
-1
0
0
0
0
0
0
-1
0
-1
0
-1
0
0
1
0
0
0
0
0
0
0
0
0
0
0
0
1
0
0
0
0
1
0
-1
0
1
0
0
0
0
0
0
0
-1
-1
0
0
0
1
0
-1
0
0
-1
0
0
0
-1
0
0
1
0
0
0
0
0
0
1
0
0
0
0
1
0
0
0
1
1
0
0
0
0
0
0
1
0
1
0
0
0
1
0
0
0
-1
0
1
0
-1
0
0
0
0
0
0
0
0
0
0
0
1
0
0
0
0
0
0
0
-1
0
1
0
0
-1
0
-1
0
0
-1
0
0
0
0
0
0
0
0
0
0
0
0
0
0
0
0
0
0
0
0
0
0
0
0
0
0
0
0
0
0
0
0
0
-1
0
0
0
0
0
0
0
-1
0
0
0
0
0
0
0
0
0
0
0
0
0
0
0
0
0
0
0
0
0
0
1
-1
0
0
0
0
0
0
0
1
0
0
0
0
0
-1
0
0
0
0
0
0
0
0
0
0
-1
-1
-1
-1
0
-1
0
0
0
0
0
0
-1
-1
0
-1
0
0
0
-1
0
0
0
0
0
0
0
1
0
0
0
0
0
0
0
0
0
0
1
1
0
0
0
0
0
0
0
0
0
0
0
1
0
0
0
0
0
1
1
0
0
0
0
0
-1
0
0
0
0
-1
0
0
0
0
1
-1
0
0
1
0
0
1
0
1
1
0
0
0
0
0
0
0
0
0
0
1
0
1
1
-1
0
0
0
0
0
0
0
0
0
0
0
1
0
0
1
0
0
0
1
0
0
0
-1
0
0
0
0
0
0
0
0
0
-1
0
0
0
0
-1
-1
0
0
0
0
0
0
0
0
0
0
-1
0
1
0
0
0
0
0
0
0
-1
0
1
0
0
0
0
-1
0
-1
-1
0
0
0
0
1
0
0
0
0
0
1
0
0
1
1
0
1
-1
0
0
0
0
0
0
0
0
0
0
0
0
0
0
0
0
0
0
0
0
0
0
0
0
0
0
0
0
-1
1
0
1
0
0
1
0
0
0
0
0
1
-1
0
0
0
0
0
1
0
0
0
0
0
0
0
1
0
0
1
-1
-1
0
0
0
0
0
0
0
0
0
0
0
0
0
0
0
0
0
0
0
0
1
0
-1
0
0
0
0
-1
0
0
0
0
0
-1
0
0
0
0
-1
0
0
0
0
0
0
0
0
0
0
0
0
0
0
-1
0
0
0
0
0
0
0
0
0
1
0
0
0
0
0
0
0
0
0
0
1
0
0
0
0
0
0
0
0
0
0
-1
0
0
0
0
0
0
0
0
0
0
0
0
0
1
0
0
0
0
0
0
0
1
0
0
0
1
1
0
0
0
-1
1
1
0
0
0
0
0
0
0
1
0
0
0
1
0
0
0
0
0
-1
0
0
0
0
0
0
0
0
1
0
0
-1
-1
0
0
0
0
-1
0
0
0
0
0
0
0
0
0
1
0
1
0
0
0
0
0
0
1
-1
0
1
-1
0
0
0
0
0
0
0
-1
0
0
0
-1
0
-1
0
0
0
0
0
-1
0
0
1
0
0
0
-1
0
0
0
0
0
0
0
0
-1
-1
0
0
0
0
0
1
0
0
1
0
0
-1
0
0
0
0
0
0
0
0
0
1
0
1
0
0
1
-1
1
0
0
0
-1
-1
0
0
0
-1
0
-1
0
0
0
-1
0
0
0
0
1
0
0
0
0
0
0
1
0
1
0
0
0
0
0
0
1
0
0
0
1
1
0
0
0
0
0
0
0
0
-1
1
0
0
0
0
0
0
0
1
0
0
-1
0
0
0
-1
-1
0
0
1
0
-1
0
0
0
0
0
0
-1
-1
0
0
-1
1
0
1
0
0
0
0
0
0
1
0
0
0
-1
0
0
0
0
0
1
-1
0
0
0
0
0
0
0
0
0
1
0
0
0
0
0
0
-1
0
0
-1
0
0
-1
0
0
0
0
0
0
0
0
1
0
0
-1
1
0
0
-1
-1
0
0
0
1
-1
0
0
0
-1
1
0
0
0
1
-1
0
0
0
0
0
0
0
0
0
0
0
-1
0
0
0
0
0
0
0
0
0
0
1
-1
0
0
-1
1
0
0
0
0
0
0
0
0
0
0
0
0
0
0
-1
0
0
0
0
0
0
0
-1
0
0
0
-1
0
0
-1
-1
0
0
0
0
0
1
1
-1
0
-1
0
0
0
0
-1
0
-1
0
0
-2
-1
-1
-1
-2
-2
-3
-3
-2
-3
-4
-5
-4
-4
-4
-4
-3
-6
-5
-5
-6
-6
-6
-9
-7
-7
-7
-8
-10
-8
-6
-9
-7
-6
-6
-2
-4
-7
-6
-9
-10
-10
-10
-6
-5
-5
-2
-3
-4
-4
-2
-1
-3
-6
-7
-7
-4
-7
-7
2
5
2
-1
0
5
7
7
3
4
12
11
8
11
12
14
20
22
26
25
19
17
21
23
19
9
10
13
17
24
19
20
21
20
20
17
14
7
1
3
-4
-3
-7
-11
-10
-11
-5
-6
-10
-18
-27
-26
-36
-41
-37
-32
-29
-39
-39
-28
-20
-14
-9
-3
-9
-5
-10
-12
-7
-21
-17
-12
-11
7
12
24
19
15
42
51
63
65
58
55
49
45
39
50
65
54
63
55
47
44
30
30
29
31
36
46
60
56
44
47
38
19
-8
-21
-29
-39
-51
-53
-57
-47
-37
-33
-28
-35
-38
-36
-52
-56
-65
-68
-55
-61
-39
-31
-31
-23
-27
-22
-30
-28
-23
-59
-50
-45
-53
-33
-44
-23
10
-1
0
-8
-16
-19
-36
-36
-52
-67
-62
-75
-78
-61
-35
-17
-15
-13
3
12
10
0
-2
-17
-41
-24
0
-6
8
42
56
49
23
16
31
28
-14
-17
-11
-32
-37
-24
-3
19
10
17
22
19
46
53
49
38
5
-3
8
-16
-28
-22
-11
-3
16
30
49
48
47
65
75
77
65
50
56
52
37
35
29
5
-24
-18
-16
-25
-16
-30
-27
-16
-37
-33
-35
-62
-65
-79
-86
-85
-76
-79
-89
-77
-58
-43
-13
25
53
123
240
382
573
831
1110
1450
1524
1127
597
79
-270
-388
-405
-208
-143
-181
-160
-274
-206
-284
-539
-358
-261
-199
-17
-128
-157
-310
-344
-222
-321
-295
-382
-368
-170
-365
-487
-509
-431
-290
-352
-170
-187
-163
130
115
444
542
200
177
62
124
97
-227
-239
-323
-302
-256
-505
-573
-619
-657
-314
-42
65
188
156
205
189
-14
-42
-89
-118
16
16
133
103
-102
24
87
117
52
-128
1
13
-35
-42
-18
165
107
69
187
145
160
87
104
321
320
381
489
527
585
586
612
717
642
601
659
596
543
563
574
601
509
387
412
297
196
157
120
180
108
27
42
-68
-83
-155
-249
-236
-324
-274
-335
-518
-546
-630
-762
-809
-873
-792
-734
-907
-1002
-1009
-1104
-1181
-1210
-1205
-1068
-1123
-1132
-1060
-1117
-1005
-981
-912
-734
-918
-867
-834
-912
-813
-858
-723
-632
-715
-599
-496
-433
-315
-361
381
823
817
977
596
1077
1338
1222
1738
1697
1901
1921
1498
2217
2489
2543
2825
2176
2516
2608
2110
2363
2126
2155
2110
1276
1050
1044
949
1112
540
213
234
-187
-167
-252
-455
-406
-780
-1134
-831
-823
-937
-842
-1019
-544
-252
-585
-197
7
162
481
151
456
848
659
904
747
561
601
-129
-307
-260
-688
-749
-1157
-1450
-1163
-1389
-1627
-1838
-2324
-2152
-2267
-2500
-2373
-2647
-2598
-2626
-3067
-2958
-2684
-2642
-2424
-2588
-2653
-2333
-2383
-2348
-2289
-2327
-2036
-2009
-2204
-1871
-1676
-898
503
511
997
1187
917
2096
1900
2024
2937
2350
2789
2501
2160
3863
3735
3952
4468
3869
4990
4586
3746
4446
4129
3990
3426
2056
2088
2237
1565
1323
615
-41
-183
-1141
-1606
-1668
-2535
-2831
-3388
-4093
-3279
-3584
-3873
-3385
-3853
-2746
-2001
-2307
-1455
-1195
-847
215
251
812
1858
1814
2421
2706
2509
3527
3778
3736
4161
3223
3110
3465
2799
3162
2803
2197
2588
1670
1199
1240
462
314
-638
-1840
-1867
-2583
-3035
-3327
-4030
-3754
-4147
-4811
-4565
-4538
-4267
-4085
-4525
-4114
-3332
-3142
-2768
-2644
-2441
-1680
-1512
-1580
-1236
-1021
-672
-511
-904
-629
-186
-196
-38
-302
493
2104
1912
2227
1954
1699
3096
2278
2375
3113
2348
2951
1732
1096
2645
2113
2586
2552
1871
3358
2825
2234
2870
2716
3053
2410
896
818
1079
511
149
-514
-1022
-852
-1761
-2376
-2223
-2876
-2863
-3233
-3827
-2966
-3451
-3629
-3093
-3323
-2073
-1852
-2194
-1276
-979
-4
923
818
1538
2334
2531
3121
3047
3079
3903
3713
3580
3698
3333
3723
3669
3081
3553
3400
3121
3044
2200
2294
2157
1214
612
-300
-790
-1171
-2249
-2941
-3316
-3486
-3648
-4296
-4696
-4528
-4197
-4158
-4361
-4436
-4045
-3541
-3564
-3552
-3167
-2688
-2203
-2254
-2331
-1944
-1698
-1533
-1528
-1487
-1176
-1030
-1228
-1175
-1163
-179
1138
1035
1890
1670
1854
3288
2455
3172
3701
2885
3540
2174
1960
3454
2565
3162
2994
2481
4023
3139
2839
3715
3643
3964
3285
1796
1795
1690
601
167
-771
-1381
-1484
-2628
-2977
-2729
-3340
-3300
-3808
-4256
-3344
-4108
-4351
-4102
-4384
-3116
-3169
-3539
-2753
-2453
-1321
-274
-56
953
1752
2114
3071
3385
3717
4407
4277
4265
4296
3685
3859
4216
3899
4328
4038
3991
4556
3941
3897
3787
3293
2946
1798
862
402
-594
-1635
-2625
-3283
-3522
-4170
-4895
-5032
-4768
-4708
-4897
-5186
-4746
-4080
-4074
-4165
-4306
-3872
-3186
-3302
-3307
-2973
-2579
-1990
-2093
-2157
-1590
-1154
-682
-609
-781
-138
74
556
1598
1477
2531
2563
2184
3425
2952
3632
4149
3056
3687
2910
2452
3476
2498
2864
2915
2138
3065
2411
1990
2500
2291
2288
1975
798
336
309
-633
-906
-1503
-2504
-2705
-3651
-4210
-3859
-4396
-4308
-4220
-4639
-3807
-4000
-3931
-3166
-3143
-2227
-2124
-2331
-1722
-1104
-264
574
1176
1632
2711
3240
3766
4779
4875
5505
5801
5213
5495
4969
4705
5370
4547
4492
4299
3790
4553
4008
3590
3589
3030
2687
1771
735
397
-319
-1527
-2604
-3538
-3869
-4260
-5037
-5367
-5222
-5222
-5172
-5195
-4937
-4151
-4098
-4180
-4149
-4107
-3534
-3522
-3765
-3480
-3312
-2947
-2782
-2855
-2268
-1569
-1237
-949
-718
-285
361
243
925
1634
1911
2561
1840
2373
3142
2735
3436
2989
2906
3472
2169
2448
2690
2328
3131
2248
2251
2645
1991
2169
2056
2018
2156
1546
671
495
219
-259
-547
-1475
-2153
-2416
-3264
-3332
-3186
-3698
-3487
-3940
-3830
-2955
-3098
-2634
-2562
-2369
-1478
-1542
-1424
-860
-273
515
877
879
1484
2327
2923
3474
3815
4060
4394
4395
4333
4755
4625
4580
4379
3805
3990
3814
3741
3769
3472
3223
2931
2529
2104
1783
1186
499
-306
-1347
-2120
-2594
-3263
-3646
-4271
-4686
-4536
-4788
-4640
-4574
-4491
-4114
-4200
-4192
-3938
-3850
-3580
-3574
-3545
-3196
-3065
-2771
-2685
-2337
-1760
-1323
-938
-872
-508
-67
310
566
523
1364
1787
1832
2174
1607
2508
2881
2172
2741
2199
2325
2459
1152
1714
1907
1501
1689
716
1256
1797
1102
1151
1056
1580
1798
994
329
358
379
-209
-783
-1528
-1580
-1581
-2388
-2407
-2455
-2580
-2208
-2745
-2347
-1702
-2060
-1535
-1810
-1541
-670
-1075
-667
-355
-114
635
793
1019
1716
2086
2298
2756
2860
3219
3591
3388
3591
3844
3610
3808
3533
3359
3755
3496
3646
3453
3030
3057
2768
2540
2168
1450
1132
695
-176
-823
-1508
-1734
-1856
-2652
-3345
-3574
-3712
-3730
-4111
-4590
-4383
-4388
-4497
-4667
-4748
-4204
-3838
-3819
-3831
-3531
-3040
-2477
-2189
-2041
-1396
-1051
-866
-627
-502
135
447
287
406
528
1545
1828
1750
2175
1800
2710
2375
1757
2514
2010
2310
1829
592
1220
1016
929
1212
624
1415
1403
1013
1300
1411
1958
1651
1000
432
447
235
-509
-756
-1267
-1258
-1482
-2284
-1916
-1695
-1655
-1347
-1833
-1283
-861
-1214
-970
-1162
-711
-390
-762
-706
-445
82
450
634
772
1331
1906
1984
2233
2364
2570
3039
2919
2884
3108
2897
3020
2891
2747
2877
2664
2548
2342
2269
2036
1710
1349
910
579
85
-472
-1030
-1424
-1747
-2015
-2477
-2922
-3219
-3259
-3328
-3606
-3835
-4017
-3745
-3635
-3628
-3658
-3558
-3158
-2823
-2587
-2445
-2060
-1729
-1295
-967
-711
-268
-13
250
399
556
859
990
905
915
791
1292
1547
1165
1483
1028
1335
1550
790
1288
1137
967
998
267
508
823
531
727
545
795
1103
630
792
907
1205
1187
649
403
395
621
264
101
-21
-219
-155
-583
-648
-414
-566
-785
-1076
-1176
-923
-1098
-1303
-1382
-1332
-989
-1166
-1148
-771
-368
61
180
180
515
955
1164
1361
1464
1638
1818
1980
2099
2317
2562
2603
2687
2676
2728
2772
2798
2740
2571
2344
1892
1653
1316
963
601
-41
-432
-885
-1285
-1538
-1976
-2286
-2661
-2990
-3031
-3276
-3319
-3403
-3490
-3153
-3203
-3038
-2759
-2514
-1995
-1792
-1605
-1256
-950
-676
-500
-349
-39
246
365
334
259
406
473
401
370
90
456
592
315
553
24
357
664
124
462
143
80
361
-293
-148
1
-125
283
-141
5
246
49
426
332
710
851
608
571
437
883
817
693
674
306
413
182
-68
170
36
-126
-405
-651
-465
-478
-451
-723
-726
-473
-710
-516
-557
-254
278
142
261
279
560
1122
1157
1322
1445
1425
1735
1699
1794
2118
2132
2192
2146
2055
2132
2257
2058
2002
1931
1529
1430
974
684
575
53
-296
-724
-1010
-1190
-1532
-1888
-2225
-2394
-2417
-2626
-2701
-2692
-2651
-2399
-2435
-2265
-1963
-1569
-1240
-1177
-1046
-924
-694
-530
-474
-349
-195
-185
-151
-272
-252
-68
-84
-75
-287
-412
-19
143
53
141
-193
45
278
-168
48
115
124
315
-202
-235
161
201
453
218
301
586
482
632
594
990
1197
1024
933
739
1046
1047
822
865
635
591
408
29
178
157
-137
-538
-849
-791
-858
-1018
-1449
-1454
-1039
-1131
-1035
-1012
-701
-18
76
175
288
555
984
989
1001
1045
1065
1251
1347
1386
1585
1683
1689
1924
2000
2049
2293
2186
2162
2130
1661
1576
1330
960
721
66
-319
-692
-985
-1198
-1483
-1674
-1989
-2120
-2144
-2084
-2041
-2107
-2130
-1918
-1676
-1591
-1603
-1480
-1164
-919
-791
-980
-824
-478
-381
-274
-410
-352
-96
-171
-246
-225
-123
32
-98
-309
-162
204
162
55
-190
-384
3
-200
-371
-192
-294
-159
-318
-532
-160
105
199
183
131
427
549
503
526
773
1074
957
787
602
938
1319
1071
1068
955
945
1139
775
681
782
472
112
-314
-551
-562
-763
-1062
-1179
-1000
-965
-1069
-1001
-698
-176
-44
-94
-103
98
438
465
523
582
688
781
868
954
1194
1402
1369
1542
1590
1703
1903
1879
1900
1937
1705
1534
1358
1105
1010
637
287
-69
-385
-579
-895
-1147
-1403
-1598
-1707
-1835
-1902
-1884
-1859
-1726
-1657
-1534
-1350
-1196
-1003
-965
-875
-828
-714
-613
-672
-642
-697
-705
-635
-706
-739
-647
-596
-460
-482
-531
-560
-351
-34
-285
-194
-400
-511
-41
-406
-403
-156
-357
-105
-226
-412
70
183
362
414
341
667
650
750
846
1052
1291
1168
1144
1032
1391
1539
1255
1365
1043
972
953
385
465
397
-70
-302
-773
-783
-626
-957
-1122
-1196
-927
-817
-993
-1005
-811
-224
-154
-332
-328
-161
343
460
399
570
755
1050
1044
1020
1348
1462
1591
1524
1416
1651
1735
1677
1664
1717
1644
1547
1424
1288
1414
1234
814
585
297
124
-193
-710
-947
-1154
-1345
-1616
-1908
-1890
-1755
-1630
-1638
-1598
-1429
-1175
-921
-906
-847
-794
-748
-686
-751
-801
-834
-847
-863
-820
-811
-789
-664
-542
-357
-292
-360
-350
-258
-43
-37
-151
-207
-429
-329
-400
-584
-333
-520
-528
-498
-720
-391
-331
-224
6
5
262
237
379
710
933
1243
1102
1123
1192
1206
1347
1006
982
896
564
534
167
81
140
-139
-245
-367
-433
-482
-615
-681
-706
-614
-761
-955
-858
-788
-579
-538
-667
-467
-239
19
261
362
566
764
862
1007
1168
1297
1424
1399
1391
1537
1578
1663
1741
1681
1787
1795
1673
1734
1674
1588
1544
1274
1053
870
589
345
66
-261
-574
-859
-1092
-1243
-1364
-1476
-1537
-1587
-1531
-1461
-1416
-1213
-1089
-1070
-989
-1040
-974
-762
-826
-836
-809
-878
-785
-804
-854
-713
-618
-616
-570
-583
-465
-289
-348
-189
-124
-114
-32
-331
-318
-236
-372
-371
-610
-751
-651
-694
-668
-521
-368
-122
111
299
548
822
1044
1210
1334
1369
1314
1204
1092
982
868
730
537
340
232
138
66
71
-126
-249
-282
-416
-409
-583
-811
-910
-1016
-1101
-1186
-1269
-1344
-1307
-1272
-1184
-980
-784
-537
-270
-15
269
506
774
1114
1309
1488
1513
1498
1735
1813
1833
1847
1730
1768
1870
1815
1870
1980
1931
1932
1827
1699
1701
1554
1268
970
637
293
-94
-551
-905
-1150
-1426
-1776
-2048
-2157
-2081
-1931
-1890
-1742
-1542
-1320
-1105
-978
-773
-627
-553
-597
-740
-791
-797
-904
-968
-1006
-1115
-966
-925
-909
-617
-505
-312
-163
-130
44
161
235
104
40
41
-122
-123
-294
-426
-329
-508
-511
-406
-320
-8
70
237
478
672
994
1108
1301
1421
1426
1440
1263
1177
1029
826
643
283
40
-171
-368
-385
-567
-595
-593
-686
-535
-573
-494
-427
-546
-545
-645
-683
-739
-795
-834
-867
-800
-778
-598
-327
-85
251
537
812
1216
1549
1869
2195
2347
2432
2498
2487
2498
2482
2288
2152
2028
1854
1765
1626
1617
1687
1579
1433
1252
1178
1213
959
593
215
-185
-481
-897
-1336
-1634
-1868
-2169
-2383
-2451
-2430
-2231
-2150
-2056
-1803
-1610
-1420
-1275
-1127
-939
-892
-938
-1093
-1174
-1120
-1266
-1378
-1507
-1652
-1548
-1528
-1532
-1386
-1201
-1013
-763
-573
-479
-176
-10
-34
130
42
18
115
-182
-250
-285
-394
-227
-268
-167
53
151
490
705
993
1357
1428
1564
1594
1551
1517
1349
1145
838
579
209
-153
-312
-571
-696
-795
-1001
-992
-974
-933
-812
-755
-647
-564
-526
-485
-478
-410
-328
-322
-280
-267
-245
-45
140
402
634
786
1101
1404
1746
2004
2145
2397
2563
2654
2682
2582
2657
2656
2492
2380
2135
2104
2069
1877
1788
1641
1618
1553
1396
1266
1154
1036
771
432
110
-177
-538
-1002
-1449
-1748
-2016
-2279
-2554
-2669
-2516
-2452
-2307
-2183
-1958
-1545
-1362
-1137
-965
-841
-706
-786
-861
-906
-968
-1070
-1243
-1385
-1456
-1403
-1329
-1271
-1123
-1007
-842
-637
-542
-329
-210
-185
-151
-316
-338
-402
-545
-557
-716
-756
-776
-826
-668
-510
-287
-86
59
326
555
753
941
1032
1139
1139
987
840
704
596
408
175
-50
-260
-333
-439
-476
-393
-417
-394
-356
-293
-120
-66
-65
-44
-20
27
-39
-103
-78
-12
91
95
118
258
444
740
959
1155
1426
1597
1842
2045
2149
2353
2420
2391
2373
2214
2185
2216
2085
2022
1859
1746
1801
1736
1718
1704
1671
1648
1522
1360
1201
1083
860
512
153
-230
-554
-940
-1346
-1638
-1920
-2097
-2335
-2542
-2440
-2379
-2241
-2105
-2081
-1774
-1533
-1397
-1251
-1207
-1102
-1085
-1187
-1336
-1403
-1454
-1606
-1742
-1921
-1919
-1803
-1788
-1659
-1549
-1421
-1179
-1049
-894
-668
-585
-546
-543
-613
-615
-638
-740
-756
-748
-758
-711
-675
-485
-185
28
262
457
694
990
1139
1243
1372
1450
1440
1314
1113
975
920
760
535
336
162
111
75
3
1
28
90
161
207
248
285
334
354
362
333
262
252
253
273
328
300
334
472
592
794
921
991
1198
1369
1553
1729
1813
1939
2033
2071
2079
2097
2108
2047
1972
1834
1740
1701
1579
1512
1480
1460
1449
1340
1271
1272
1271
1177
906
623
399
153
-184
-627
-1068
-1391
-1676
-2016
-2307
-2496
-2565
-2575
-2622
-2610
-2500
-2342
-2204
-2174
-2108
-2015
-1996
-1979
-2063
-2147
-2148
-2242
-2340
-2382
-2401
-2352
-2264
-2210
-2103
-1899
-1711
-1484
-1252
-1055
-814
-611
-443
-298
-170
-28
44
114
162
185
307
371
438
594
693
856
1017
1125
1322
1488
1605
1688
1704
1724
1725
1686
1601
1467
1325
1152
1013
906
776
683
568
496
494
473
487
514
545
594
603
574
552
540
511
487
413
302
234
201
252
323
339
378
457
630
836
943
1078
1206
1333
1494
1516
1576
1701
1733
1771
1740
1708
1793
1797
1757
1728
1686
1689
1625
1519
1484
1431
1333
1154
909
756
606
320
-4
-355
-699
-991
-1401
-1838
-2122
-2394
-2664
-2917
-3204
-3326
-3326
-3371
-3371
-3345
-3296
-3190
-3118
-3046
-2923
-2796
-2712
-2689
-2678
-2614
-2523
-2421
-2320
-2239
-2087
-1909
-1749
-1507
-1256
-993
-687
-482
-284
-63
100
283
402
465
534
547
562
551
543
599
629
692
748
771
871
979
1094
1244
1343
1414
1482
1509
1531
1576
1581
1543
1486
1375
1294
1235
1147
1088
1015
961
914
820
789
793
825
848
756
714
729
740
750
644
557
565
555
522
452
426
498
595
645
676
788
937
1104
1255
1320
1415
1517
1580
1670
1694
1671
1645
1595
1561
1516
1441
1353
1282
1224
1108
968
855
781
710
564
348
137
-16
-199
-440
-680
-967
-1230
-1484
-1820
-2073
-2274
-2492
-2672
-2879
-3047
-3124
-3188
-3228
-3236
-3200
-3170
-3146
-3065
-2954
-2801
-2638
-2543
-2405
-2208
-2036
-1854
-1677
-1504
-1272
-1070
-930
-755
-528
-297
-106
29
144
301
476
557
597
647
652
680
677
625
654
676
672
697
715
778
884
967
1039
1102
1149
1176
1208
1237
1238
1222
1169
1110
1085
1082
1088
1088
1109
1119
1146
1208
1242
1295
1345
1337
1346
1326
1270
1259
1224
1161
1091
1002
935
900
866
815
775
759
737
734
745
745
778
796
769
779
800
797
791
756
726
700
641
572
519
498
437
334
261
180
142
108
-5
-78
-135
-222
-302
-418
-516
-593
-721
-894
-1075
-1223
-1394
-1585
-1756
-1933
-2082
-2237
-2398
-2481
-2511
-2528
-2553
-2572
-2549
-2490
-2416
-2370
-2310
-2197
-2108
-2040
-1962
-1845
-1659
-1475
-1320
-1158
-959
-741
-534
-327
-137
38
195
276
347
431
492
538
527
489
477
457
437
427
419
417
398
378
383
408
452
486
509
538
564
602
657
710
761
787
797
825
869
920
963
1006
1056
1112
1182
1256
1345
1449
1533
1610
1673
1724
1775
1809
1821
1810
1763
1680
1598
1530
1439
1325
1187
1066
981
878
768
665
598
561
488
407
338
288
267
191
95
23
-49
-119
-223
-324
-387
-449
-514
-592
-637
-661
-705
-725
-747
-754
-759
-816
-863
-898
-927
-964
-1055
-1136
-1195
-1249
-1311
-1398
-1441
-1448
-1458
-1480
-1503
-1475
-1409
-1338
-1284
-1255
-1189
-1102
-1027
-959
-924
-865
-788
-743
-699
-646
-565
-462
-378
-292
-197
-81
48
148
233
303
351
382
370
343
317
258
178
85
16
-17
-53
-83
-98
-75
-18
23
68
121
190
266
285
283
292
312
338
321
290
295
318
366
412
467
565
685
811
930
1061
1202
1344
1485
1586
1676
1758
1803
1853
1883
1880
1870
1831
1779
1727
1656
1564
1465
1355
1228
1089
933
764
609
449
275
106
-71
-240
-385
-520
-643
-761
-889
-1000
-1078
-1153
-1226
-1292
-1353
-1389
-1415
-1453
-1480
-1483
-1468
-1449
-1448
-1453
-1432
-1392
-1359
-1332
-1310
-1286
-1239
-1189
-1134
-1066
-1000
-917
-822
-730
-633
-532
-425
-306
-203
-126
-54
21
97
169
201
220
253
276
291
299
299
317
336
320
306
307
304
304
279
230
198
163
101
50
-2
-50
-80
-130
-182
-189
-185
-178
-164
-166
-155
-119
-106
-100
-83
-79
-70
-64
-80
-74
-44
-20
17
59
101
175
262
351
463
578
683
800
914
1032
1159
1263
1344
1423
1490
1538
1568
1570
1569
1567
1533
1469
1392
1324
1269
1190
1072
948
835
725
597
438
283
144
-2
-163
-335
-493
-616
-730
-859
-980
-1087
-1173
-1228
-1279
-1331
-1368
-1402
-1420
-1414
-1410
-1405
-1387
-1362
-1321
-1277
-1250
-1206
-1133
-1057
-985
-926
-870
-779
-673
-587
-509
-430
-342
-245
-163
-93
-10
77
153
221
278
339
407
462
505
545
570
580
584
587
590
582
549
509
480
458
427
385
341
301
253
194
131
70
12
-60
-141
-215
-282
-344
-397
-443
-473
-492
-510
-517
-504
-483
-451
-416
-382
-339
-289
-234
-166
-93
-25
54
137
219
310
405
503
605
693
768
853
943
1025
1091
1141
1189
1238
1265
1275
1283
1286
1277
1243
1184
1126
1071
1000
907
798
681
565
446
319
189
60
-63
-172
-276
-379
-471
-546
-599
-646
-701
-759
-806
-838
-866
-903
-950
-993
-1028
-1055
-1075
-1088
-1090
-1078
-1060
-1026
-979
-920
-849
-771
-693
-611
-528
-444
-359
-273
-193
-119
-51
13
74
132
188
236
278
315
348
378
405
431
450
462
472
477
475
467
454
440
420
386
340
292
247
202
151
91
28
-37
-99
-159
-216
-275
-342
-410
-469
-516
-561
-606
-642
-664
-671
-671
-662
-638
-599
-552
-498
-437
-374
-313
-251
-184
-111
-48
2
52
111
176
236
293
357
426
494
559
628
702
767
820
861
894
914
911
898
878
841
780
703
626
557
482
394
303
221
148
78
8
-57
-116
-172
-224
-268
-310
-356
-398
-426
-448
-471
-503
-528
-534
-530
-530
-531
-521
-499
-470
-433
-388
-327
-265
-208
-147
-79
-12
54
109
152
190
219
239
261
274
284
298
308
322
339
352
372
397
415
426
431
428
426
411
382
350
312
270
229
182
138
100
64
32
3
-29
-53
-71
-90
-109
-139
-175
-204
-234
-262
-291
-329
-368
-401
-430
-446
-459
-473
-476
-470
-461
-440
-421
-397
-360
-323
-283
-241
-210
-176
-135
-99
-64
-37
-18
9
36
52
67
79
92
110
121
128
142
152
159
161
155
150
141
126
108
81
46
5
-38
-74
-109
-149
-188
-221
-250
-273
-299
-317
-325
-334
-346
-355
-364
-365
-365
-371
-361
-345
-328
-302
-275
-240
-189
-140
-86
-23
33
96
162
219
280
333
375
428
476
514
554
579
601
632
648
663
681
683
689
691
668
655
635
602
581
543
490
449
396
340
295
233
180
144
87
43
9
-42
-68
-90
-131
-143
-165
-199
-206
-230
-262
-266
-294
-316
-313
-338
-351
-341
-357
-346
-323
-325
-291
-254
-241
-200
-167
-150
-98
-67
-54
-12
6
17
49
48
54
81
76
82
94
74
73
72
46
40
27
-5
-17
-43
-81
-97
-126
-155
-164
-187
-207
-214
-233
-242
-240
-254
-255
-252
-258
-256
-263
-278
-279
-289
-301
-310
-327
-341
-351
-371
-384
-389
-393
-386
-373
-361
-336
-307
-270
-223
-176
-121
-62
-9
47
103
148
197
244
282
328
365
393
427
460
484
510
531
551
570
575
567
556
536
509
473
425
374
319
255
193
131
71
18
-31
-76
-112
-144
-174
-193
-210
-227
-235
-238
-244
-246
-247
-252
-250
-241
-233
-218
-201
-189
-166
-137
-110
-78
-40
-1
43
83
123
166
209
249
286
319
352
380
400
417
428
426
425
422
409
393
365
331
299
259
213
169
123
72
20
-31
-80
-127
-170
-209
-244
-272
-296
-316
-324
-332
-342
-343
-336
-332
-325
-319
-316
-311
-305
-301
-295
-285
-277
-271
-260
-249
-234
-213
-186
-162
-137
-105
-73
-38
-2
26
58
91
116
138
166
184
194
205
216
225
234
241
245
251
257
258
263
275
278
273
270
262
250
237
217
187
158
124
85
52
15
-25
-60
-94
-125
-152
-173
-190
-214
-234
-251
-267
-281
-296
-314
-329
-345
-363
-372
-370
-372
-373
-363
-346
-322
-291
-257
-219
-174
-132
-90
-38
14
57
98
141
181
218
258
292
325
356
378
401
429
448
457
465
464
455
443
428
400
365
325
277
230
182
129
77
27
-26
-79
-118
-155
-196
-232
-265
-296
-323
-345
-366
-381
-395
-412
-419
-412
-405
-397
-380
-355
-328
-292
-253
-211
-166
-123
-86
-43
1
37
67
99
123
145
167
189
209
227
242
255
272
289
301
315
323
322
320
319
310
293
273
247
215
183
147
111
78
40
-2
-34
-60
-89
-114
-132
-151
-167
-178
-186
-189
-192
-197
-202
-199
-195
-196
-193
-189
-189
-187
-185
-180
-175
-171
-170
-166
-156
-149
-140
-126
-114
-102
-85
-66
-48
-27
-5
13
34
54
72
93
111
125
137
155
169
179
192
203
209
216
221
223
227
224
214
203
192
174
154
134
112
85
60
35
11
-9
-31
-53
-69
-82
-98
-109
-118
-129
-139
-148
-157
-163
-168
-173
-175
-174
-170
-162
-150
-134
-117
-96
-70
-46
-19
9
34
57
79
97
116
132
143
152
161
170
175
182
190
196
201
203
206
207
205
198
186
172
152
125
99
67
31
-5
-43
-81
-117
-151
-184
-212
-236
-257
-274
-286
-294
-301
-304
-304
-301
-296
-288
-279
-267
-254
-240
-221
-202
-181
-159
-134
-110
-85
-58
-33
-8
16
40
61
83
102
120
138
154
168
182
196
207
219
230
240
248
255
260
264
266
265
262
258
250
240
227
213
196
179
159
138
118
95
74
52
30
10
-9
-29
-47
-65
-81
-98
-114
-131
-147
-163
-178
-194
-208
-222
-234
-245
-253
-259
-263
-263
-257
-250
-238
-223
-205
-183
-160
-137
-113
-88
-65
-42
-21
-2
17
35
51
66
84
102
120
140
159
181
201
220
238
253
266
273
274
269
259
241
219
189
156
120
81
41
0
-40
-78
-111
-143
-169
-192
-211
-224
-236
-245
-250
-251
-250
-246
-241
-233
-221
-207
-191
-173
-151
-126
-97
-70
-38
-7
25
58
87
116
142
169
189
206
216
225
229
230
227
220
214
204
193
177
164
149
137
121
108
96
84
73
59
49
37
29
21
14
8
3
0
-3
-5
-8
-4
-3
-1
0
1
1
-2
-7
-14
-21
-30
-40
-55
-70
-88
-104
-120
-138
-152
-164
-172
-182
-186
-194
-195
-192
-187
-181
-172
-158
-145
-128
-114
-96
-76
-54
-32
-10
14
37
61
79
100
118
139
155
168
178
183
186
182
175
161
148
130
106
78
47
16
-16
-45
-78
-103
-126
-143
-160
-174
-183
-188
-187
-188
-183
-179
-169
-164
-159
-153
-145
-132
-120
-104
-87
-66
-43
-18
6
35
65
94
122
144
163
177
188
190
191
188
185
180
169
161
152
148
143
143
142
146
151
154
155
152
152
150
146
137
129
122
112
101
87
77
68
63
56
50
44
38
30
20
8
-4
-14
-29
-46
-67
-84
-105
-125
-146
-167
-181
-195
-206
-220
-227
-234
-236
-236
-232
-223
-210
-195
-182
-165
-148
-124
-104
-81
-60
-38
-15
4
21
35
53
68
84
96
109
120
128
134
135
136
134
132
121
108
90
70
51
26
4
-18
-35
-53
-68
-82
-93
-99
-104
-107
-110
-108
-109
-109
-115
-119
-122
-122
-122
-122
-118
-112
-102
-92
-78
-63
-43
-24
-4
14
32
50
62
72
78
86
95
102
108
112
118
126
135
142
154
163
174
180
183
185
185
182
174
165
154
144
133
120
104
90
80
70
61
52
45
34
25
13
2
-8
-19
-28
-43
-56
-69
-77
-89
-101
-111
-119
-124
-130
-133
-137
-140
-143
-143
-141
-136
-128
-121
-113
-106
-93
-81
-65
-53
-39
-26
-13
1
11
20
28
35
41
49
55
62
66
66
68
69
72
73
72
67
61
55
48
39
29
18
7
-3
-15
-23
-31
-39
-46
-55
-59
-62
-64
-68
-72
-78
-81
-82
-83
-83
-83
-82
-80
-75
-70
-60
-51
-40
-30
-18
-4
10
23
34
43
52
62
70
78
82
86
88
89
91
92
91
90
86
81
78
74
69
62
54
45
36
31
22
14
5
-4
-13
-19
-25
-31
-38
-44
-51
-55
-60
-64
-68
-72
-78
-81
-83
-83
-83
-83
-83
-81
-75
-68
-59
-52
-42
-32
-21
-8
6
18
28
38
47
57
66
74
79
83
87
90
93
95
95
94
91
88
86
82
78
70
63
54
48
42
34
26
17
9
2
-5
-11
-17
-27
-35
-43
-51
-59
-67
-76
-86
-95
-102
-107
-113
-116
-119
-122
-121
-117
-111
-104
-97
-89
-77
-65
-53
-37
-23
-11
3
16
31
45
59
71
80
90
101
109
116
120
122
122
122
121
118
112
106
98
91
84
75
67
58
47
38
30
21
13
1
-9
-19
-30
-39
-49
-59
-70
-80
-88
-95
-101
-105
-109
-112
-114
-113
-110
-106
-102
-97
-90
-82
-72
-61
-51
-39
-27
-14
-1
13
27
40
51
62
71
82
89
96
100
102
102
102
100
97
93
86
80
71
64
56
48
37
27
18
9
0
-10
-20
-31
-40
-47
-55
-62
-69
-74
-79
-83
-85
-85
-86
-85
-85
-82
-79
-74
-70
-64
-59
-52
-45
-36
-26
-16
-7
2
13
24
35
45
56
65
73
82
89
96
101
105
107
108
110
109
107
104
98
93
86
79
71
61
49
38
25
14
1
-12
-26
-38
-50
-62
-73
-83
-94
-103
-110
-117
-121
-125
-128
-130
-131
-129
-127
-124
-119
-113
-107
-99
-90
-80
-70
-59
-47
-35
-22
-9
5
19
31
45
58
70
82
93
104
114
122
130
137
141
144
146
148
146
144
140
135
128
120
111
99
89
76
62
47
34
18
3
-12
-26
-40
-54
-68
-80
-91
-100
-110
-118
-124
-128
-132
-134
-134
-133
-131
-128
-123
-118
-111
-103
-94
-86
-76
-65
-55
-43
-32
-21
-9
2
13
23
33
43
52
61
69
76
81
87
92
94
97
98
99
98
96
93
90
86
81
74
69
61
52
44
36
28
18
9
1
-7
-15
-24
-31
-38
-43
-49
-53
-56
-59
-61
-62
-63
-63
-61
-59
-56
-53
-50
-46
-40
-37
-31
-26
-20
-15
-10
-5
0
4
8
12
17
20
23
26
28
30
32
33
34
34
34
34
33
31
29
27
25
22
20
16
13
9
5
0
-3
-8
-11
-15
-19
-22
-26
-28
-31
-33
-36
-36
-36
-38
-37
-36
-34
-32
-29
-26
-23
-19
-14
-10
-6
-1
5
10
13
19
23
27
31
35
39
41
43
46
46
48
48
48
47
46
44
42
40
36
32
28
25
19
14
9
4
-2
-8
-13
-19
-24
-29
-34
-40
-44
-48
-51
-55
-57
-60
-62
-63
-63
-62
-61
-59
-56
-54
-50
-46
-42
-36
-30
-23
-18
-12
-4
3
10
16
24
30
36
43
47
53
58
62
66
68
71
73
73
74
73
72
70
67
64
60
55
50
44
38
30
24
16
9
1
-7
-16
-24
-31
-38
-45
-52
-59
-63
-68
-73
-76
-78
-81
-81
-81
-80
-79
-77
-73
-69
-64
-59
-52
-47
-39
-32
-23
-15
-8
2
8
17
26
33
41
48
54
60
66
71
75
78
80
82
81
82
81
79
76
73
69
64
58
52
47
39
31
24
15
7
-2
-9
-17
-24
-32
-40
-47
-53
-58
-63
-67
-71
-75
-76
-78
-79
-79
-77
-76
-74
-70
-65
-62
-56
-51
-45
-38
-31
-24
-16
-8
0
7
14
21
29
36
42
48
53
59
63
65
69
71
73
74
73
73
72
70
67
64
59
55
50
45
38
33
25
19
13
5
-2
-9
-16
-23
-30
-36
-42
-47
-52
-56
-60
-63
-66
-68
-69
-70
-71
-70
-68
-67
-63
-61
-57
-52
-48
-43
-37
-31
-25
-18
-12
-5
1
8
15
21
28
33
40
45
51
55
59
63
65
67
68
70
71
70
68
68
66
62
59
54
51
46
41
35
28
21
15
8
2
-5
-13
-19
-26
-32
-39
-44
-50
-54
-59
-64
-66
-70
-72
-73
-74
-74
-74
-73
-71
-68
-66
-61
-57
-51
-46
-40
-34
-27
-20
-13
-5
2
10
17
25
31
38
44
50
57
61
66
70
73
75
78
79
79
79
79
77
73
71
66
61
56
51
44
37
31
23
15
7
-1
-10
-16
-25
-32
-40
-47
-53
-60
-65
-69
-74
-77
-80
-81
-84
-83
-84
-82
-80
-78
-74
-69
-64
-59
-52
-45
-38
-31
-22
-15
-7
1
10
17
25
32
41
47
54
61
67
72
77
80
83
84
85
85
85
83
81
77
73
69
64
59
52
45
38
30
22
12
3
-6
-15
-23
-31
-39
-47
-53
-59
-64
-69
-72
-76
-79
-81
-83
-84
-84
-82
-81
-77
-73
-68
-63
-56
-50
-43
-35
-29
-21
-14
-6
2
9
17
24
32
38
46
53
59
64
71
74
78
80
81
82
81
80
78
76
72
70
65
61
55
49
43
35
27
17
8
-1
-10
-19
-27
-35
-42
-49
-55
-60
-65
-69
-73
-76
-78
-79
-81
-81
-81
-79
-75
-72
-67
-61
-56
-49
-42
-36
-28
-21
-15
-7
-1
6
13
20
28
35
43
49
56
60
66
70
74
75
77
76
78
76
74
72
71
68
65
61
56
51
45
38
30
22
12
4
-5
-13
-22
-30
-37
-44
-48
-53
-58
-63
-66
-71
-73
-76
-78
-78
-78
-76
-75
-71
-66
-61
-56
-50
-43
-38
-30
-25
-18
-12
-7
-1
5
12
18
25
31
38
45
49
54
59
62
64
66
66
65
66
65
65
63
62
60
57
56
52
46
42
35
29
21
13
6
-1
-8
-14
-20
-27
-32
-36
-40
-45
-49
-53
-56
-60
-62
-64
-64
-65
-64
-62
-58
-54
-49
-45
-40
-34
-30
-24
-22
-17
-12
-8
-3
2
7
13
18
24
28
33
36
39
42
44
44
45
45
45
44
44
44
44
44
43
42
41
38
34
30
26
21
16
12
6
1
-3
-7
-12
-15
-18
-21
-25
-29
-32
-36
-39
-42
-44
-46
-46
-47
-45
-45
-43
-39
-37
-34
-31
-27
-25
-21
-18
-16
-12
-10
-6
-2
3
6
10
15
18
22
24
27
29
30
31
33
34
35
36
36
38
39
38
38
38
37
35
33
30
27
23
19
15
12
8
4
1
-3
-5
-9
-13
-16
-20
-23
-26
-29
-32
-34
-35
-37
-36
-36
-35
-34
-32
-30
-29
-26
-25
-24
-22
-21
-19
-17
-15
-14
-11
-9
-8
-5
-3
-1
0
1
3
4
6
7
8
9
12
14
16
19
21
23
25
28
29
31
32
32
33
33
32
32
30
29
29
26
24
22
19
16
11
7
3
-1
-5
-10
-13
-15
-19
-21
-23
-25
-26
-26
-28
-27
-28
-27
-26
-26
-25
-23
-21
-19
-18
-15
-12
-10
-8
-6
-4
-2
-1
-1
1
2
3
4
4
5
5
5
5
7
7
7
6
6
7
7
7
8
7
8
8
8
7
7
7
7
7
7
6
6
5
4
3
3
2
1
0
-1
-2
-4
-3
-4
-5
-5
-5
-6
-6
-6
-6
-6
-6
-6
-5
-4
-4
-3
-2
-2
-1
0
1
2
3
3
5
6
6
7
9
9
10
11
11
12
13
12
13
13
13
12
12
11
10
9
7
6
5
2
0
-3
-4
-7
-10
-12
-14
-16
-18
-18
-20
-22
-23
-23
-24
-24
-23
-22
-22
-20
-18
-16
-15
-12
-11
-8
-6
-3
-1
0
3
5
6
8
9
10
11
11
13
13
14
14
14
13
13
15
14
14
14
14
14
14
14
15
15
15
15
16
15
15
14
13
13
12
10
10
8
5
4
1
0
-3
-4
-7
-9
-12
-13
-15
-17
-18
-19
-21
-22
-21
-21
-22
-21
-20
-20
-20
-18
-16
-15
-14
-13
-11
-9
-6
-5
-4
-2
0
1
2
4
5
6
7
9
8
10
10
10
11
11
11
11
11
12
12
11
10
10
9
8
8
8
7
7
6
5
4
4
2
2
2
0
0
-1
-1
-1
-2
-3
-3
-3
-3
-4
-3
-4
-4
-5
-4
-4
-4
-3
-4
-4
-3
-4
-3
-3
-3
-3
-3
-2
-2
-2
-2
-1
-2
-1
-1
-1
0
-1
-1
0
0
0
1
1
1
1
2
1
0
0
1
0
0
0
1
0
0
1
0
0
0
0
0
0
1
0
0
0
1
0
0
0
0
0
-1
0
0
0
1
0
0
0
1
1
0
0
0
0
0
0
0
0
0
1
0
1
0
-1
1
1
-1
0
0
0
0
0
0
0
-1
0
-1
1
-1
1
0
0
0
0
0
1
0
1
0
0
0
0
0
0
0
0
0
0
0
1
0
0
-1
0
0
0
0
0
0
0
0
0
0
-1
0
0
1
0
0
-1
0
0
0
0
0
0
0
0
-1
0
1
0
0
0
0
1
0
0
0
0
0
-1
0
0
-1
0
0
0
0
0
0
0
0
0
0
0
1
1
1
1
0
0
-1
1
0
0
0
0
0
0
0
0
0
0
0
0
1
0
0
1
0
1
0
0
1
0
0
0
0
0
0
0
-1
0
0
1
1
0
0
-1
0
-1
-1
0
0
0
1
1
0
-1
0
1
0
0
0
0
1
0
1
-1
0
1
0
0
0
-1
0
0
0
1
0
-1
0
-1
-1
0
0
1
0
0
0
1
1
0
0
1
1
-1
0
-1
0
0
0
1
0
0
0
0
-1
0
0
-1
0
0
-1
-1
1
0
0
0
0
-1
0
1
0
0
0
-1
1
0
1
0
1
-1
0
0
0
-1
0
0
0
1
0
0
0
0
0
0
0
0
0
0
0
0
0
1
0
0
0
0
1
0
0
0
0
0
0
0
0
-1
0
0
0
0
0
0
0
0
0
0
0
1
0
0
0
0
-1
0
0
1
0
0
0
0
0
-1
0
0
0
0
0
0
-1
0
0
-1
0
0
0
-1
0
0
0
0
-1
0
0
0
0
0
0
0
0
0
0
0
0
0
0
0
-1
0
0
0
-1
0
0
0
-1
0
0
0
0
1
0
0
0
0
-1
1
0
0
0
0
0
1
0
0
0
0
0
0
1
0
0
0
0
-1
0
-1
0
0
0
0
-1
0
0
0
0
0
0
0
0
0
0
0
0
1
0
1
1
0
1
0
0
0
0
0
1
0
1
0
0
0
1
0
0
-1
0
0
0
0
-1
0
0
0
0
-1
-1
1
0
0
1
0
0
1
0
0
0
-1
1
0
0
0
0
0
0
-1
0
0
0
0
0
0
0
0
0
0
0
0
0
0
0
0
0
0
0
0
-1
0
-1
0
0
0
0
0
0
0
-1
0
-1
1
0
0
0
0
0
-1
0
-1
0
-1
0
0
0
0
-1
0
-1
0
1
0
0
0
0
0
0
1
0
0
0
0
0
0
-1
0
0
0
0
0
0
0
0
1
0
1
1
0
0
0
0
0
1
0
0
0
0
1
0
1
0
0
0
0
0
0
0
1
0
0
0
1
0
1
1
0
0
0
0
-1
0
0
1
0
0
0
0
0
0
0
0
0
0
0
0
0
0
0
0
0
0
0
0
0
0
0
-1
0
1
0
0
0
0
0
0
0
-1
1
0
0
0
1
0
1
0
0
0
0
0
0
0
-1
0
1
0
0
0
1
0
0
0
0
-1
1
1
0
0
1
1
0
0
0
0
0
0
0
-1
0
0
0
0
1
0
0
0
0
0
0
-1
-1
1
0
0
1
0
0
-1
0
-1
1
0
1
0
0
0
0
1
-1
0
0
0
0
0
0
0
0
0
0
0
0
0
0
-1
0
0
0
0
1
0
0
0
0
0
0
0
0
-1
0
0
0
-1
0
0
1
0
-1
0
0
0
0
1
1
1
0
0
-1
0
0
-1
0
0
0
0
-1
0
0
0
0
0
0
1
0
0
0
0
0
1
0
0
0
0
0
0
0
-1
1
-1
0
-1
0
0
0
0
0
0
0
0
0
0
0
0
0
0
1
0
0
0
0
0
0
0
0
0
0
0
0
0
0
-1
0
0
0
1
0
0
0
0
-1
0
-1
0
1
0
0
1
0
0
0
0
0
0
0
0
0
0
1
-1
0
-1
0
0
-1
0
0
0
0
-1
0
0
0
0
0
1
0
0
0
0
0
0
0
-1
0
0
0
0
0
0
-1
0
0
0
0
0
0
-1
0
-1
0
-1
0
0
1
0
0
0
0
0
0
0
0
0
0
0
0
1
0
0
0
0
1
0
0
0
1
0
0
0
0
0
0
0
-1
-1
0
0
0
1
0
-1
0
0
-1
0
0
0
-1
0
0
1
0
0
0
0
0
0
1
0
0
0
0
1
0
0
0
1
1
0
0
0
0
0
0
1
0
1
0
0
0
1
0
0
0
-1
1
1
0
-1
0
0
0
0
0
0
0
0
0
0
0
1
0
1
0
0
0
0
0
-1
0
1
0
0
-1
0
-1
0
0
-1
0
0
0
0
0
0
0
0
0
0
0
0
0
0
0
0
0
0
0
0
0
0
0
0
0
0
0
0
0
0
0
0
0
-1
0
0
0
0
0
0
0
-1
0
0
1
0
0
0
0
0
0
0
0
0
0
0
0
0
0
0
0
0
0
0
1
-1
0
0
0
0
0
0
0
1
0
0
0
0
0
-1
0
0
0
0
0
0
0
0
0
0
-1
-1
-1
-1
0
-1
0
0
0
0
0
0
-1
-1
0
-1
0
0
0
-1
0
0
0
0
0
0
0
1
0
0
0
0
0
0
0
0
0
0
1
1
0
0
0
0
0
0
0
0
0
0
0
1
0
0
0
0
0
1
1
0
0
0
0
0
-1
0
0
0
0
0
0
0
0
0
1
0
0
0
1
0
0
1
0
1
1
0
0
0
-1
0
0
0
0
0
0
0
0
1
0
-1
0
0
0
0
0
0
0
0
0
0
0
1
0
0
1
0
0
0
1
0
0
0
-1
0
0
0
0
0
0
0
0
0
0
1
0
0
0
-1
-1
0
0
0
0
0
0
0
0
0
0
-1
0
1
0
0
0
0
0
0
0
-1
0
1
0
0
0
0
-1
0
-1
-1
0
0
0
0
1
0
0
0
0
0
0
0
0
1
1
0
1
-1
0
0
0
0
0
0
0
0
0
0
0
0
0
0
0
0
0
0
0
0
0
0
0
0
0
0
0
0
-1
1
0
1
0
0
1
0
0
0
0
0
1
-1
0
0
0
0
0
1
0
0
-1
0
0
0
-1
1
0
0
1
-1
-1
0
0
0
0
0
0
0
0
0
0
0
-1
0
0
0
0
0
0
0
0
1
0
-1
-1
0
0
0
-1
0
0
0
0
0
-1
0
0
0
0
-1
0
0
0
0
0
0
0
0
0
0
0
0
0
0
-1
0
0
0
0
0
0
0
0
0
1
0
-1
0
0
0
0
0
0
0
0
0
0
0
0
0
0
0
0
0
0
0
-1
0
0
0
0
0
0
0
0
0
0
0
0
0
1
0
0
0
0
0
0
0
1
0
0
0
1
1
0
0
0
-1
1
1
0
0
0
1
0
0
0
1
0
0
0
1
0
0
0
0
0
-1
0
0
0
0
1
0
0
0
0
0
-1
-1
-1
0
0
0
0
-1
0
0
0
0
0
0
0
0
0
1
0
1
0
0
0
0
0
0
1
-1
0
1
-1
0
0
0
0
0
0
0
-1
0
0
0
-1
0
-1
0
0
0
0
0
-1
0
0
0
0
0
0
-1
0
0
0
0
0
-1
0
0
-1
-1
0
0
0
0
0
1
0
0
0
0
0
-1
0
0
0
0
0
0
0
0
0
1
0
1
0
0
1
-1
1
0
0
0
-1
-1
0
0
0
-1
0
-1
0
0
0
-1
0
0
0
0
1
0
0
0
0
0
0
1
0
1
0
0
0
0
0
0
1
0
0
0
1
1
0
0
0
0
0
0
0
0
-1
1
0
0
0
0
0
0
0
1
0
0
-1
0
0
0
-1
-1
0
0
1
0
-1
0
0
0
0
0
0
-1
-1
0
0
-1
1
0
1
0
0
0
0
0
0
1
0
0
0
0
0
0
0
0
0
1
-1
0
0
0
0
0
0
0
0
0
0
0
0
0
0
0
0
-1
0
0
-1
0
0
-1
0
0
0
0
0
0
0
0
1
0
0
-1
1
0
0
-1
-1
0
0
0
1
-1
0
0
0
-1
1
0
0
0
1
-1
0
0
0
0
0
0
0
0
0
0
0
-1
0
0
0
0
0
0
0
1
0
0
1
-1
0
0
-1
1
0
0
-1
0
0
0
0
0
0
0
0
0
0
0
-1
0
0
0
0
0
0
0
-1
0
0
0
-1
0
0
-1
0
0
0
0
0
0
1
1
-1
0
-1
0
0
0
0
0
0
0
0
1
0
0
0
0
-1
0
0
0
1
0
0
0
0
0
1
1
0
0
0
0
0
-1
0
-1
1
0
1
0
0
1
0
0
1
0
0
0
1
-1
-1
1
0
0
0
-1
0
0
1
0
0
0
0
0
0
-1
1
0
0
-1
0
0
1
1
-1
0
0
0
0
0
0
0
0
0
-1
1
0
0
1
0
0
0
0
0
-1
0
0
0
0
-1
1
0
0
-1
0
0
0
0
0
-1
0
-1
1
0
0
1
0
0
0
0
0
0
0
0
-1
0
0
0
1
0
1
0
-1
0
0
-1
0
0
1
1
0
0
0
-1
-1
0
0
0
-1
0
0
1
0
1
0
0
1
0
0
1
0
0
0
0
0
0
0
0
0
0
0
-1
1
0
0
0
0
0
0
0
0
0
0
-1
0
-1
0
0
0
0
0
-1
0
0
0
0
0
0
0
0
0
0
0
0
0
-1
1
1
-1
0
0
0
0
0
0
0
0
0
0
0
0
0
0
0
0
0
0
0
0
0
0
-1
0
0
0
0
-1
0
-1
0
0
0
0
0
-1
0
0
-1
0
0
0
1
0
0
0
0
0
0
1
0
0
0
0
0
1
0
0
0
1
1
0
0
0
0
0
0
0
0
1
1
1
0
0
-1
0
0
0
-1
-1
0
0
0
0
1
0
0
0
0
0
0
0
0
0
0
0
0
0
0
0
0
1
1
1
0
-1
0
0
0
0
0
0
1
-1
-1
0
0
0
0
0
1
0
-1
0
0
0
0
0
0
0
0
-1
0
0
0
0
1
0
0
0
0
0
-1
1
1
0
0
0
0
1
0
0
0
0
0
0
0
0
0
0
0
0
1
0
0
0
0
0
0
1
0
0
0
0
0
0
0
0
1
0
1
0
-1
0
0
0
0
-1
0
0
0
0
0
0
-1
0
0
-1
0
0
0
-1
1
0
0
0
0
0
0
0
0
0
0
0
0
0
-1
0
-1
0
0
0
0
0
0
0
0
0
1
0
0
0
0
-1
0
-1
0
0
0
0
1
0
0
0
0
0
0
0
0
0
-1
0
0
1
0
0
0
0
0
0
0
1
0
0
0
0
0
0
-1
0
1
0
0
0
0
0
0
0
0
-1
0
0
0
0
0
0
0
0
1
0
-1
0
1
0
0
-1
0
0
0
0
-1
0
0
0
0
1
0
0
0
0
0
0
0
0
-1
0
0
0
0
0
0
0
0
0
1
0
0
0
0
0
1
0
0
1
0
1
-1
0
0
1
0
0
0
0
0
0
0
-1
0
0
0
0
0
0
0
0
0
0
0
-1
0
-1
0
0
0
0
0
0
0
0
0
0
0
1
0
0
0
0
0
0
0
0
0
0
0
0
1
0
1
-1
1
-1
0
0
-1
1
0
0
1
-1
1
-1
1
-1
1
0
0
1
-1
1
-1
0
1
0
0
0
0
0
0
0
-1
-1
1
0
0
-1
1
-2
0
0
-1
1
-2
2
0
-1
0
-1
1
-1
0
0
0
0
-1
2
-1
1
0
0
1
-2
1
0
0
0
-1
0
0
1
-1
0
0
0
1
-1
0
-1
-1
1
0
0
0
0
1
0
0
0
1
0
0
1
-1
2
-1
0
0
-1
1
0
-1
1
-1
0
1
0
1
1
0
0
0
0
0
0
-1
0
0
-1
0
-1
1
-1
0
0
-1
1
0
-1
0
0
-1
0
0
-1
1
-1
0
1
-1
2
0
0
1
0
0
0
0
0
-1
1
-1
0
-2
2
-1
0
1
-2
2
-1
2
-1
1
-1
0
1
-2
2
-3
2
-1
1
0
-1
1
0
0
-1
1
-1
1
0
1
2
-2
2
0
1
1
1
0
0
0
-2
1
-3
-1
-2
-4
0
-2
0
1
0
1
1
-1
0
-1
0
2
1
4
1
0
0
2
-3
1
0
0
2
-3
-2
-6
-1
1
-5
-2
-5
-3
2
2
3
4
4
1
5
1
-2
3
2
4
-2
-2
-3
3
2
-1
-2
-4
-10
-1
-1
-3
5
7
9
-3
2
-2
-3
-9
1
-1
-8
-3
1
5
7
15
9
7
8
-1
3
4
-4
-6
-13
-13
-25
-7
-15
-3
7
10
10
2
14
17
17
0
9
13
0
-6
-10
-18
-18
-22
-20
-24
-10
11
20
20
25
28
26
10
6
2
1
-9
-17
-14
-33
-15
-10
-18
-15
-15
-2
10
17
19
18
27
8
4
-12
-14
-1
14
4
7
32
14
-1
-10
-5
10
-12
-1
-5
-24
-8
-36
-27
-62
-13
-78
-13
-157
11
194
-124
248
254
-97
303
74
82
50
-238
200
-583
-30
-279
-75
-194
-21
134
-105
479
-357
537
96
-2
91
-283
-39
202
-60
-75
44
298
94
-148
119
-100
-17
-159
-109
-282
-322
236
-373
98
-54
64
337
51
301
124
141
115
5
-115
143
-257
113
-240
143
-143
-105
-114
-180
77
-221
89
-118
211
-49
97
16
-17
151
89
43
89
-14
149
90
-88
-16
-37
-65
-162
-98
-37
-101
-57
-34
0
73
51
68
72
94
-17
20
15
-1
-10
-81
-27
1
-75
58
32
51
48
46
32
-2
27
-13
-102
-62
-25
-33
-43
-71
-13
-15
22
-79
83
47
121
20
59
79
13
47
-54
-16
-37
-39
-66
-4
-74
23
-58
-6
-8
12
20
-10
30
5
54
-13
44
-11
32
50
-8
-13
34
-28
6
2
-64
2
-14
-4
-54
-40
-6
22
7
8
-35
58
6
-2
50
-16
43
10
-16
-4
-18
-33
37
-65
34
10
15
-1
28
-4
-17
22
-68
57
-109
59
-61
13
3
31
12
-2
55
-30
104
-27
64
-10
6
-32
-8
-74
-20
-42
-93
-8
-62
59
-34
24
53
-12
89
37
7
93
21
17
21
-74
18
-15
-87
-24
-63
-14
14
-15
10
-13
32
-8
54
16
21
79
-29
40
-42
-5
22
-51
-22
-47
-26
8
1
-39
18
-19
18
-4
6
18
37
32
-19
55
-34
45
13
-58
0
-36
10
-28
13
-45
27
-34
28
20
-16
75
-20
60
-25
50
-22
16
-48
-15
-47
-40
30
-40
21
-19
18
-7
50
-15
13
10
-12
14
-31
-16
16
-27
-34
24
-35
58
37
18
32
16
21
20
-25
-22
-6
-68
13
-49
-4
-8
5
10
-7
23
26
48
10
24
-25
9
3
-32
-33
-41
-2
-38
14
-22
37
8
3
30
-32
48
3
21
-17
25
-23
33
-31
7
-18
-34
18
-42
34
-34
28
-13
3
20
-6
43
26
24
26
19
11
18
-38
-15
-79
-31
-57
-47
-16
-60
33
-32
42
26
41
60
56
24
59
5
50
-28
-29
5
-110
