28
13
-10
-32
-36
-17
10
34
52
59
63
71
82
87
84
68
44
28
22
26
41
56
64
70
74
78
88
99
100
92
78
52
28
15
12
21
40
58
67
67
55
38
26
23
22
26
23
10
-8
-21
-28
-22
-4
11
19
20
7
-5
-13
-18
-19
-17
-17
-22
-28
-35
-41
-40
-30
-17
2
14
13
4
-10
-21
-18
-2
15
22
11
-16
-45
-55
-43
-10
24
40
31
11
-6
-6
19
47
56
39
0
-42
-60
-47
-18
13
24
11
-11
-22
-14
9
32
35
15
-16
-42
-48
-34
-14
-6
-15
-37
-58
-60
-43
-19
3
8
-1
-18
-30
-35
-33
-28
-28
-32
-37
-40
-39
-34
-28
-22
-14
-6
-2
-1
-6
-18
-25
-23
-13
4
13
9
-9
-24
-30
-20
4
26
33
22
2
-15
-14
5
26
38
29
7
-15
-24
-13
10
27
32
22
6
-4
-1
10
20
20
12
-1
-10
-8
-2
6
6
1
-4
-4
3
11
16
11
1
-7
-9
-2
6
9
3
-8
-16
-16
-5
8
15
13
2
-5
-7
0
9
12
8
-4
-14
-15
-8
3
10
6
0
-8
-8
1
12
18
12
1
-11
-15
-10
0
6
7
0
-8
-10
-7
2
10
13
9
3
-2
-4
-3
-3
-4
-4
-4
-2
2
2
0
-3
-4
-1
6
14
15
8
-5
-15
-17
-10
1
10
12
3
-8
-14
-11
-1
12
19
16
5
-7
-13
-14
-7
0
5
6
3
-2
-6
-7
-4
1
8
13
13
7
-3
-13
-17
-12
-1
10
13
7
-4
-14
-15
-5
10
20
19
8
-8
-18
-17
-5
7
12
8
-3
-12
-13
-4
8
15
14
4
-5
-10
-7
2
8
7
-1
-10
-13
-9
1
11
14
9
-1
-9
-9
-4
6
12
10
2
-9
-15
-14
-5
5
12
13
7
-3
-8
-9
-4
5
11
12
5
-6
-13
-14
-9
1
10
14
9
0
-8
-10
-5
2
9
10
6
-3
-9
-10
-7
0
5
7
5
1
-2
-3
-2
0
2
2
2
0
-1
-3
-3
-3
-2
-1
1
4
3
4
1
0
-1
-1
-1
0
1
0
1
1
-2
-2
-3
-2
0
3
6
6
2
-2
-6
-7
-5
2
6
8
5
-2
-8
-10
-6
2
9
12
7
0
-8
-12
-8
0
8
12
9
0
-8
-12
-11
-2
8
12
10
2
-7
-11
-10
-3
6
12
10
2
-6
-11
-10
-3
4
10
9
4
-4
-9
-9
-3
4
8
9
2
-3
-8
-8
-2
3
7
7
2
-3
-8
-5
-1
5
7
5
-1
-5
-6
-4
1
7
7
4
-2
-7
-7
-3
4
8
8
3
-4
-8
-8
-3
4
10
9
4
-5
-9
-9
-4
5
11
10
4
-5
-10
-10
-5
5
11
11
5
-4
-11
-11
-5
4
10
11
5
-3
-10
-11
-7
2
9
11
7
-2
-10
-11
-7
2
9
10
6
-2
-9
-10
-6
1
9
9
6
-2
-7
-9
-5
2
8
9
4
-3
-7
-9
-4
3
7
9
4
-2
-9
-9
-4
3
9
10
4
-4
-9
-10
-4
4
10
10
5
-3
-10
-12
-6
2
9
12
7
-2
-10
-13
-9
1
10
14
10
1
-8
-13
-11
-3
8
14
12
4
-6
-13
-14
-6
5
12
15
9
-2
-12
-15
-11
0
11
16
12
3
-8
-16
-14
-5
6
15
16
8
-4
-13
-17
-10
1
12
16
12
1
-10
-16
-14
-4
8
15
15
7
-6
-13
-16
-10
2
12
16
11
0
-10
-16
-13
-4
8
15
14
5
-6
-14
-15
-8
3
12
15
10
0
-10
-15
-12
-3
8
13
12
5
-5
-12
-13
-7
3
12
13
9
0
-9
-13
-10
-2
6
12
11
5
-4
-11
-11
-6
2
8
12
8
0
-7
-11
-9
-3
5
10
9
4
-3
-9
-9
-5
1
6
9
5
1
-5
-7
-7
-2
3
7
7
4
-2
-5
-6
-4
-2
3
6
5
2
-1
-6
-6
-4
0
4
6
5
2
-2
-5
-6
-3
1
6
6
5
1
-3
-6
-6
-1
4
7
7
2
-2
-7
-7
-3
2
8
8
4
-1
-6
-7
-4
2
7
7
5
-1
-6
-7
-5
2
6
8
4
-1
-5
-7
-4
1
5
7
4
-1
-6
-7
-3
2
7
7
4
-2
-7
-7
-3
2
8
8
3
-2
-8
-8
-4
3
8
9
4
-3
-9
-9
-4
3
9
10
4
-4
-9
-11
-7
1
9
11
7
-2
-8
-12
-8
0
8
11
9
1
-8
-12
-10
-3
6
10
9
3
-5
-10
-11
-4
3
8
10
5
-1
-8
-11
-8
-1
6
8
8
1
-5
-9
-9
-4
2
7
8
4
-2
-7
-10
-7
-1
5
8
6
1
-5
-9
-9
-3
4
7
8
4
-2
-8
-9
-5
0
6
8
6
1
-6
-8
-7
-2
4
8
7
3
-3
-7
-7
-4
1
6
6
4
-1
-4
-6
-4
0
3
5
4
1
-1
-3
-3
-2
1
2
4
2
2
0
-1
-2
-2
0
1
3
4
3
1
-1
-4
-3
-1
4
6
7
4
-1
-5
-7
-4
1
7
10
7
2
-5
-9
-8
0
6
11
9
2
-6
-11
-10
-3
6
12
12
5
-5
-12
-12
-5
4
12
13
7
-3
-12
-13
-8
2
12
14
9
-1
-12
-14
-9
1
10
13
9
1
-10
-14
-10
-1
8
12
9
2
-7
-12
-9
-2
5
10
8
2
-6
-10
-9
-3
3
7
6
2
-4
-7
-7
-3
2
4
5
2
-2
-5
-4
-1
2
2
2
0
-1
-2
-2
0
0
1
-1
-1
-1
0
0
1
1
0
-2
-3
-1
0
2
3
2
-1
-3
-4
-2
1
3
5
2
-2
-4
-5
-3
1
3
5
3
0
-4
-5
-3
0
4
5
3
0
-3
-5
-4
1
3
5
4
1
-3
-4
-4
-1
2
5
4
2
-1
-4
-4
-2
2
4
4
2
0
-2
-3
-2
1
3
3
2
0
-1
-2
-1
-1
1
3
2
1
1
-1
-2
-1
0
1
2
1
0
0
-2
-1
-1
1
1
1
1
-1
-1
-1
0
1
0
1
1
0
0
-1
-2
0
1
1
1
1
-1
0
0
0
1
0
0
0
-1
-1
0
0
0
0
1
0
-1
0
1
0
0
-1
0
0
0
0
-1
0
0
0
0
1
0
0
0
0
0
0
0
0
0
1
0
0
0
-1
0
1
1
0
1
0
-1
-1
-1
1
2
1
0
0
-1
0
-1
1
1
2
1
0
-1
-1
0
0
1
1
0
-1
-2
-1
0
1
2
2
0
-1
-2
-2
-1
0
2
2
1
0
-2
-2
-1
1
2
2
1
-1
-3
-2
-1
1
2
2
1
-1
-2
-2
-1
1
3
3
1
-2
-2
-3
-1
1
3
3
1
-1
-2
-2
0
1
2
2
0
-2
-2
-3
0
2
3
2
1
-1
-2
-2
0
1
2
2
-1
-3
-2
-2
0
2
3
1
-1
-3
-3
-2
0
3
3
1
-1
-3
-3
-2
1
3
3
1
-1
-3
-4
-2
1
4
4
2
-2
-4
-5
-2
1
5
5
2
-2
-5
-5
-1
2
5
5
1
-2
-6
-5
-2
2
6
6
3
-2
-7
-6
-3
3
7
7
4
-2
-7
-8
-4
3
8
7
4
-3
-8
-8
-4
3
9
9
5
-2
-8
-10
-5
2
8
10
5
-2
-9
-10
-6
2
9
11
7
-2
-10
-12
-7
1
9
11
8
-1
-10
-12
-7
1
10
13
9
0
-10
-13
-9
0
9
12
10
0
-10
-14
-10
-1
9
14
11
1
-8
-14
-10
-2
8
14
12
2
-8
-15
-12
-3
8
14
12
4
-7
-14
-13
-4
8
14
13
5
-6
-14
-13
-5
6
14
14
5
-6
-14
-14
-7
5
13
14
6
-5
-13
-14
-7
4
13
13
7
-3
-13
-15
-8
2
12
13
8
-2
-12
-14
-8
2
11
13
9
-2
-11
-13
-9
0
10
14
9
0
-9
-13
-9
-1
8
14
10
0
-8
-11
-9
0
7
12
9
2
-7
-12
-10
-1
6
11
10
2
-6
-10
-9
-2
5
10
9
3
-4
-10
-9
-3
4
9
10
3
-3
-9
-8
-3
4
8
8
4
-3
-8
-7
-4
2
7
7
3
-2
-6
-7
-3
1
6
7
4
-1
-5
-7
-3
1
6
6
3
-1
-4
-5
-3
0
4
4
3
-1
-3
-5
-3
0
3
5
2
1
-3
-4
-3
1
2
3
2
0
-2
-3
-2
0
2
3
2
-1
-2
-2
-1
0
1
2
1
0
-2
-2
-1
0
1
1
1
-1
-1
-2
-1
1
1
1
0
0
-1
-1
0
1
1
1
0
0
-1
0
0
0
1
0
0
0
-1
0
0
1
1
1
0
0
-1
0
0
1
0
1
0
0
0
0
0
0
0
-1
0
0
-1
0
0
1
0
0
0
0
0
0
0
1
0
0
-1
-1
0
0
0
1
0
0
0
0
0
0
0
0
0
0
1
0
0
0
1
0
0
0
0
0
0
0
0
1
1
0
0
0
0
-1
0
0
0
1
0
0
-1
1
0
-1
-1
0
0
0
0
0
1
0
1
0
0
0
0
0
-1
0
-1
0
0
-1
0
0
0
-1
0
0
0
0
0
0
0
0
1
-1
1
0
0
0
-1
0
0
0
0
0
1
0
0
0
0
1
0
0
0
1
1
0
0
0
0
0
0
0
0
0
1
0
-1
0
0
0
0
0
0
0
0
0
0
1
0
0
0
1
0
0
0
0
0
0
0
0
0
0
0
0
-1
0
0
0
-1
0
-1
0
0
0
0
0
0
0
-1
1
0
1
0
0
0
0
1
1
0
-1
0
1
-1
0
0
0
0
0
0
0
0
0
0
0
0
0
1
-1
0
0
0
0
0
0
0
-1
0
-1
0
0
0
0
0
-1
0
1
0
0
0
1
0
0
0
0
0
0
0
-1
0
0
0
0
0
0
1
0
1
0
-1
-1
-1
0
0
0
0
0
0
0
-1
0
0
1
0
0
1
0
0
0
0
0
0
0
-1
0
0
0
0
0
0
0
0
0
0
0
0
0
0
0
0
0
0
0
0
0
0
1
0
1
0
0
0
1
0
0
-1
1
0
-1
0
0
-1
0
0
0
0
-1
0
0
0
0
1
0
0
0
0
0
0
1
-1
-1
0
0
0
0
0
-1
0
1
0
0
0
1
-1
0
0
0
0
0
0
0
-1
0
1
0
-1
0
0
-1
-1
0
0
0
0
-1
-1
-1
0
0
0
0
0
0
0
0
0
1
0
-1
0
1
0
1
0
0
0
-1
0
0
0
0
0
0
-1
1
0
0
0
0
1
1
0
0
-1
0
1
0
0
0
0
0
0
0
0
0
0
-1
1
0
0
1
0
0
0
0
0
0
0
0
0
0
0
0
0
0
0
1
0
0
0
0
-1
1
0
0
0
0
0
0
0
0
0
0
0
0
-1
0
0
0
-1
0
0
1
1
0
0
0
0
-1
0
1
0
-1
0
0
0
0
-1
0
0
0
0
0
-1
-1
0
0
0
0
1
0
0
0
0
0
0
0
0
1
0
0
0
0
1
0
-1
0
0
-1
0
0
0
0
0
0
0
0
0
0
0
1
0
0
0
0
-1
-1
0
-1
-1
0
0
-1
0
0
0
0
1
1
-1
0
0
-1
-1
0
0
-1
0
0
-1
0
0
-1
1
-1
0
0
0
0
0
0
0
0
0
0
1
0
0
-1
1
1
0
-1
0
0
0
0
0
0
0
0
0
0
0
0
0
0
-1
0
0
-1
0
0
1
0
0
1
0
0
0
1
0
0
0
0
0
0
1
-1
0
0
0
1
0
-1
0
0
0
0
0
-1
0
0
0
0
1
0
0
1
0
0
0
1
0
0
0
0
0
1
1
0
1
0
0
0
0
1
0
0
0
0
-1
0
0
-1
-1
0
-1
0
0
0
1
0
0
0
0
-1
1
0
0
0
0
1
0
1
0
0
1
1
0
0
0
0
0
-1
0
0
0
0
0
0
1
1
0
0
0
1
0
1
0
0
0
0
-1
0
0
0
0
0
-1
0
0
0
1
1
0
0
-1
0
0
1
0
0
-1
1
0
0
0
0
-1
0
0
0
0
0
0
0
0
0
0
0
1
0
0
0
-1
1
1
1
0
1
-1
0
-1
-1
0
0
0
0
0
1
0
0
-1
0
-1
1
0
1
0
0
0
0
0
0
0
0
0
0
-1
0
0
0
0
1
0
-1
0
0
0
-1
0
0
-1
0
0
-1
0
0
0
0
0
0
0
1
1
0
0
0
0
0
0
0
-1
0
0
0
0
0
0
-1
-1
0
0
0
0
0
1
0
1
-1
0
0
-1
0
0
0
1
0
0
0
0
0
0
0
1
0
1
0
0
-1
-1
-1
0
0
0
0
1
0
-1
0
0
0
0
1
0
-1
0
0
0
0
0
1
1
0
0
0
0
0
0
0
0
0
1
0
0
0
0
0
0
0
0
0
0
0
0
0
-1
-1
0
0
-1
0
0
0
-1
0
0
-1
0
0
0
0
0
0
0
0
0
0
0
0
0
0
0
0
0
-1
0
0
1
0
0
-1
1
0
0
0
0
0
0
0
0
0
0
-1
1
0
0
-1
0
0
0
1
0
-1
0
0
0
0
0
0
0
1
-1
0
0
0
-1
-1
0
0
0
1
0
0
0
0
0
1
0
-1
-1
0
0
0
0
0
0
0
-1
0
-1
0
0
0
0
0
0
1
0
0
0
0
0
-1
-1
0
0
0
0
-1
0
1
0
1
0
0
0
0
-1
0
0
0
-1
0
0
0
0
0
0
0
0
-1
0
0
0
1
0
1
0
-1
0
1
0
0
-1
0
0
0
0
0
0
1
0
1
0
0
0
0
0
1
0
1
0
0
0
1
0
0
0
0
0
-1
0
0
0
0
0
0
0
0
0
-1
0
0
0
0
0
0
0
0
0
0
1
0
1
0
0
1
0
0
1
0
0
1
0
0
1
0
0
0
0
0
0
0
0
0
0
0
1
0
0
-1
0
0
-1
0
-1
0
0
1
1
0
0
0
-1
0
0
0
0
0
0
1
0
0
-1
0
0
0
0
-1
0
1
0
0
0
0
0
-1
0
0
0
0
0
0
0
1
0
0
0
0
0
-1
0
0
0
0
0
1
0
0
0
0
0
0
0
1
0
-1
0
-1
1
0
0
0
0
-1
0
0
0
0
0
0
-1
1
1
0
0
1
0
0
0
1
1
0
-1
0
0
1
0
0
0
0
0
-1
0
0
0
0
0
-1
0
0
-1
0
0
0
0
0
1
1
0
-1
0
-1
-1
0
0
0
1
0
0
0
0
0
0
1
0
0
-1
0
0
0
0
0
0
0
0
1
0
0
-1
0
0
0
0
0
0
0
0
1
0
0
0
0
0
0
0
0
1
0
0
0
0
0
0
-1
0
-1
0
0
1
0
0
1
0
0
0
1
-1
0
-1
0
0
0
1
0
0
0
0
0
0
1
0
0
0
1
0
0
0
0
0
-1
0
0
0
1
0
0
0
1
1
0
0
0
0
0
0
0
0
0
1
0
1
0
-1
0
0
-1
0
0
0
-1
0
0
0
-1
0
-1
0
-1
1
0
0
0
0
0
1
0
1
0
0
0
0
0
0
0
0
0
0
0
1
0
0
-1
0
0
0
0
0
0
0
0
0
0
-1
0
0
1
0
0
-1
0
0
0
0
0
0
0
0
-1
0
1
0
0
0
0
1
0
0
0
0
0
-1
0
0
-1
0
0
0
0
0
0
0
0
0
0
0
1
0
1
1
0
0
-1
1
0
0
0
0
0
0
0
0
0
0
0
0
1
0
0
1
0
1
0
0
1
0
0
0
0
1
0
0
0
0
0
1
1
0
0
-1
0
-1
-1
0
0
0
1
1
0
-1
0
1
0
0
0
0
0
0
1
-1
0
1
0
0
0
-1
0
0
0
1
0
-1
0
-1
0
0
0
1
0
0
0
1
1
0
0
1
1
-1
0
-1
0
0
0
1
0
0
0
0
-1
0
0
-1
0
0
-1
-1
1
0
0
0
0
-1
0
1
0
0
0
-1
0
0
0
0
0
-1
0
0
0
-1
0
0
0
0
0
-1
0
0
-1
0
0
0
0
0
-1
-1
0
0
0
-1
0
-1
1
0
0
0
0
-1
-1
0
0
-1
0
0
1
0
-1
0
0
1
0
-1
1
3
0
-1
1
1
0
-1
1
3
0
-1
1
3
1
-2
1
3
1
-2
1
4
1
-2
0
3
4
-1
-1
2
4
1
-2
2
5
3
-3
0
6
4
-1
-2
5
6
0
-3
3
6
1
-3
1
6
2
-2
0
5
2
-1
0
5
2
-1
1
4
2
-1
1
3
1
-1
0
3
1
-2
-1
3
2
-1
-3
1
3
0
-3
-2
4
2
-5
-4
3
1
-4
-4
2
2
-4
-5
0
2
-2
-5
-2
2
-2
-5
-3
0
-1
-3
-3
0
-1
-3
-3
-2
-2
-4
-3
-2
-2
-4
-2
-1
-3
-5
-1
0
-4
-7
-1
2
-4
-9
-1
4
-5
-11
0
6
-5
-12
-1
9
-3
-14
-2
11
-2
-14
-2
8
0
-11
-2
8
-1
-9
-1
4
-2
-6
0
3
-2
-3
2
2
-3
-1
3
1
-2
2
3
-2
-1
5
2
-5
1
11
0
-10
3
16
0
-15
3
22
1
-19
1
26
5
-21
-1
26
9
-20
-4
23
11
-16
-5
19
11
-10
-4
14
7
-5
1
10
3
-4
5
10
-1
-4
9
12
-4
-8
10
16
-4
-13
7
20
2
-18
-1
24
10
-21
-11
26
20
-21
-22
23
30
-16
-32
13
38
-6
-40
0
43
9
-45
-16
43
22
-40
-31
34
37
-27
-44
14
49
-8
-52
-8
50
20
-52
-37
44
46
-41
-63
29
68
-20
-79
-1
83
10
-89
-34
84
44
-86
-63
73
72
-70
-84
50
86
-39
-98
19
91
-4
-98
-17
89
26
-84
-50
70
58
-64
-73
41
83
-29
-100
14
98
4
-109
-23
107
32
-101
-57
97
65
-93
-75
73
87
-61
-100
51
101
-36
-105
21
104
-11
-94
-12
97
23
-92
-32
83
50
-81
-60
76
78
-80
-84
85
84
-72
-88
66
99
-52
-106
42
121
-32
-128
29
129
-4
-135
-7
147
14
-136
-27
135
46
-128
-53
119
75
-110
-89
120
87
-106
-85
91
104
-95
-90
87
91
-73
-96
85
80
-68
-73
55
87
-58
-82
60
80
-47
-91
53
96
-52
-96
39
126
-55
-130
68
121
-56
-132
58
135
-54
-138
45
157
-55
-156
65
140
-46
-150
43
152
-44
-143
25
152
-26
-142
9
132
25
-151
-29
149
42
-143
-60
141
75
-136
-93
139
106
-148
-103
142
98
-121
-119
124
128
-131
-136
140
139
-154
-128
149
134
-149
-144
155
151
-160
-155
156
165
-151
-176
151
183
-148
-186
148
167
-121
-163
95
165
-77
-158
54
156
-47
-134
25
115
2
-108
-12
97
14
-80
-19
62
25
-51
-17
34
4
-15
17
-15
-38
57
35
-83
-24
92
19
-99
-19
114
0
-110
8
102
-14
-90
23
58
3
-62
-12
66
8
-55
-14
47
24
-36
-46
36
67
-55
-71
68
59
-51
-79
60
84
-74
-78
87
66
-111
-34
121
-1
-116
11
119
-17
-140
55
114
-55
-105
51
114
-71
-93
62
99
-81
-81
104
29
-87
2
63
-9
-54
24
32
-25
1
-8
13
5
-20
12
13
-22
-22
50
17
-94
26
102
-69
-82
67
113
-116
-114
161
93
-181
-82
202
56
-196
-45
183
43
-162
-62
158
59
-125
-72
92
93
-81
-81
43
92
-38
-64
18
18
60
-31
-116
79
91
-53
-80
-8
117
17
-117
-26
125
-9
-93
41
39
-39
-14
37
-6
-29
10
39
-55
3
67
-64
-19
69
-7
-58
-6
106
-60
-71
91
-16
-17
-10
15
29
-53
11
14
7
18
-70
9
85
-42
-44
20
25
-4
-5
-21
4
20
15
-24
-50
68
25
-62
-21
60
21
-87
19
65
8
-82
-57
141
63
-148
-95
157
93
-124
-96
89
112
-115
-60
104
10
-40
-56
41
85
-66
-48
12
62
26
-98
-20
92
44
-94
-93
122
132
-164
-115
120
130
-50
-205
86
150
-28
-152
-5
192
-68
-111
43
54
26
-49
-75
46
110
-25
-167
42
183
-67
-130
9
114
73
-179
-12
79
72
-28
-158
77
98
2
-150
-1
178
-35
-148
-1
193
-27
-204
54
170
-35
-150
-2
161
2
-160
10
160
-60
-92
26
76
36
-136
-27
152
20
-129
-50
98
98
-41
-204
37
283
-46
-332
80
306
-53
-314
16
403
-80
-435
151
395
-138
-370
94
386
-121
-301
57
282
-17
-279
27
184
77
-181
-152
223
146
-219
-121
152
164
-139
-174
148
118
-142
23
-4
-30
107
-12
-146
7
245
-73
-262
83
247
-47
-224
-4
191
65
-199
-67
181
81
-173
-117
232
52
-185
-65
177
82
-202
-57
160
118
-187
-155
270
25
-129
-90
103
169
-229
-37
188
-8
-163
34
158
-70
-121
69
91
-57
-62
30
69
-18
-124
73
124
-77
-141
32
259
-136
-241
226
87
-98
-135
81
142
-71
-60
-86
116
147
-159
-165
202
122
-213
-24
54
174
-99
-246
221
84
-21
-217
-1
303
-31
-321
91
194
39
-222
-109
354
-81
-158
-15
163
-9
-149
172
-115
-80
193
16
-161
-70
216
62
-308
100
186
-61
-139
-51
219
5
-130
-58
67
137
-101
-103
64
62
140
-371
141
159
-82
66
-299
209
168
-148
-136
22
313
-203
-168
131
144
-8
-317
193
148
-161
27
-49
19
124
-73
-85
-8
179
-112
-33
103
-194
228
-102
-77
148
-23
-63
-147
284
-48
-80
-159
167
266
-378
-30
106
224
-87
-387
282
174
-113
-189
58
182
-35
-130
-95
265
40
-256
-30
184
62
-112
-93
24
180
-26
-206
61
147
-32
-164
124
25
-36
-51
40
92
-142
24
52
-33
54
-56
-28
139
-183
31
182
-127
-158
248
30
-221
-9
240
-75
-174
167
-126
163
23
-295
227
-7
38
-172
18
253
-197
42
-150
221
10
-231
78
218
-115
-218
179
98
-73
-139
78
139
-69
-167
103
104
-46
36
-316
362
27
-329
163
89
103
-277
-87
267
152
-318
-180
456
42
-385
-74
408
11
-365
1
348
33
-425
118
285
-110
-243
92
249
-73
-294
172
209
-251
-31
187
-88
-22
1
39
8
-36
-26
40
181
-409
120
321
-172
-116
-42
221
11
-288
-10
347
75
-421
-62
534
-176
-498
325
410
-262
-513
506
201
-393
-80
135
395
-435
-188
449
-29
-191
-129
241
62
-142
-72
-27
301
-7
-382
69
253
65
-299
-91
295
168
-235
-343
298
402
-454
-231
287
398
-271
-545
467
283
-340
-309
378
349
-516
-90
393
-154
-124
71
47
121
-179
-66
226
-184
38
120
-138
-37
159
20
-255
179
88
-136
-28
-14
171
-105
-47
108
-60
89
-224
24
336
-248
-103
192
62
-110
-311
437
46
-340
16
231
203
-561
117
359
-176
-133
-19
240
3
-250
94
63
15
-79
-113
286
-103
-69
-25
-7
223
-184
-93
115
130
-150
-66
129
16
-104
21
60
-65
43
-34
78
43
-225
78
163
-78
-123
-2
242
-83
-208
54
230
-114
-156
139
103
-156
-62
268
-188
-134
235
-54
-66
-1
94
-62
14
29
-137
173
-82
37
-51
36
-10
-51
103
-159
110
167
-298
-12
317
-27
-367
141
287
-194
-171
67
219
-8
-378
262
217
-367
98
27
180
-222
3
147
-192
115
48
-131
-60
222
86
-338
69
240
-110
-63
-111
227
47
-303
87
158
-26
-146
-45
297
-140
-1
-128
9
463
-499
-89
318
-1
-64
-255
164
366
-366
-193
402
-19
-173
-119
296
-33
-295
272
-77
-78
6
129
56
-262
174
90
-185
56
35
31
-56
-83
44
182
-241
-28
282
-110
-141
73
126
6
-119
-226
434
-94
-344
327
-37
-150
44
292
-434
203
217
-254
-85
40
366
-277
-268
198
303
-273
-247
434
-30
-221
53
71
110
-247
146
-1
-150
97
84
-44
-225
274
57
-256
132
32
53
-73
-155
136
120
-161
-35
26
68
33
-84
-11
38
175
-205
-65
146
74
-173
-71
200
-53
-76
-54
210
-17
-181
96
48
65
-203
27
258
-228
-186
279
98
-250
-64
255
56
-238
-65
333
-27
-372
225
78
-189
171
-56
-138
77
207
-139
-248
386
36
-345
69
126
86
-123
-161
88
127
35
-129
-176
406
-46
-365
176
140
111
-412
107
189
-92
-17
-59
47
91
61
-295
45
452
-277
-244
50
343
2
-573
304
378
-315
-242
145
413
-209
-418
394
41
-75
-143
25
182
-114
-29
-137
266
160
-484
141
209
32
-297
31
293
-151
-61
-198
302
126
-290
-9
26
253
-105
-343
412
129
-583
250
129
11
-8
-272
211
54
0
-254
239
211
-430
74
76
226
-139
-338
297
107
-201
-62
271
-51
-223
112
86
-64
-50
157
-74
-269
292
46
-67
-81
-112
312
-195
-60
223
14
-201
-230
444
68
-392
97
157
9
-242
122
131
26
-172
-244
481
-7
-403
224
134
-205
-9
64
30
44
-8
-204
114
234
-349
194
53
-322
325
-4
-217
131
69
-112
-30
80
-69
175
-62
-213
139
31
55
-119
99
-142
35
167
-246
290
-99
-286
245
97
-194
68
92
-75
-42
-96
169
59
-69
-146
85
191
-313
83
306
-248
-199
196
205
-232
-201
482
-77
-411
48
341
84
-262
-187
166
324
-224
-450
636
11
-471
107
90
326
-334
-67
100
-111
251
-97
-108
165
-165
66
71
-201
261
129
-454
14
340
83
-295
-100
319
-126
-112
27
97
278
-448
-165
353
100
-123
-207
198
28
-235
183
98
-179
15
-56
55
86
79
-264
168
24
-176
324
-140
-133
139
11
58
-125
-8
123
-47
-110
-54
396
-112
-383
100
362
-123
-461
301
332
-267
-398
331
279
-380
-78
249
-52
-23
-13
-122
306
-27
-292
6
263
103
-476
232
269
-143
-62
-308
563
2
-574
419
120
-155
-144
122
94
-102
-103
107
79
-228
92
81
7
-381
216
277
-349
216
-117
-69
335
-291
-52
187
40
-341
128
296
-296
50
11
-16
29
34
25
151
-58
-335
296
141
-73
38
-171
70
98
-102
-91
242
-3
-420
183
243
-275
-77
182
-90
-287
309
-19
-67
-31
-44
107
-42
32
6
-45
80
133
-109
-97
132
37
-56
183
-41
-188
178
133
-324
96
253
-76
-345
195
358
-345
-198
305
7
-268
-131
86
191
-241
-216
142
235
-187
-267
324
175
-118
-162
101
539
-435
-230
689
-61
-411
18
323
-3
-180
-5
126
50
-326
-53
181
22
-112
-23
90
34
-221
-218
311
-63
-145
408
-97
-405
163
131
-233
275
3
-22
8
-8
161
-112
77
80
-203
2
200
184
-63
-286
-84
187
42
-91
-15
-9
43
-396
38
340
-332
-97
-45
229
257
-288
-43
202
-7
-181
222
386
-308
-102
189
-68
-153
214
-10
-356
143
259
-153
-308
14
128
-281
2
346
122
-240
-520
148
260
-91
-6
103
-5
-144
-338
263
390
-292
-221
243
281
-94
-253
181
-53
-39
3
-39
97
-45
-141
-120
88
-148
-1
56
-157
-164
267
161
-474
35
245
-237
-11
303
388
-101
-360
267
363
-17
-184
305
171
-140
-97
45
258
-201
-481
194
338
-302
-314
90
-34
-208
-85
58
21
-229
-132
62
-4
-38
54
-44
-26
-67
150
276
-154
119
412
118
69
297
287
52
97
328
361
103
-16
60
-50
-72
77
53
-5
-219
-192
146
-17
5
-67
-113
-13
36
30
122
123
86
229
213
68
90
313
38
117
516
188
-34
96
-18
73
170
130
87
45
-111
-252
91
61
-151
-204
-29
101
-194
-203
-18
-241
-331
-107
-62
-125
-204
-226
-166
-294
-125
-12
-196
-144
-163
-109
-155
-177
-83
-227
-284
-372
-270
-158
-321
-291
-316
-283
-274
-186
-172
-163
-352
-403
-153
-282
-288
-254
-285
-315
-691
-252
-189
-425
-304
-256
-151
-275
-271
-208
16
-28
-266
-51
187
-73
-89
106
63
124
42
128
259
245
289
450
642
604
585
853
833
678
926
1182
1110
989
1174
1101
1041
936
940
1097
967
860
949
951
695
636
627
437
421
360
204
172
-37
-183
-56
-237
-279
-176
-375
-291
-416
-484
-331
-346
-471
-374
-264
-397
-439
-441
-294
-337
-386
-397
-328
-535
-576
-451
-614
-480
-598
-785
-707
-853
-986
-1023
-994
-1019
-1036
-1044
-1153
-1331
-1404
-1424
-1354
-1318
-1127
-1377
-1610
-1288
-1337
-1210
-1264
-1264
-1071
-1191
-830
196
1146
1123
457
-43
23
792
1834
2633
2903
2423
1478
1564
2164
2417
2636
2414
2184
2147
2125
2205
1999
1171
187
-197
52
353
490
158
-700
-1545
-1954
-1932
-1654
-1615
-1896
-1833
-1321
-529
-138
-530
-647
-549
-178
613
1514
2040
2096
1963
1511
1396
1679
2148
2408
2177
1918
2077
2009
1618
922
278
327
332
253
-31
-470
-1068
-1647
-1874
-1952
-2072
-2293
-2418
-2279
-2148
-2088
-1989
-1812
-1995
-2121
-1452
-1007
-645
-740
-718
-627
-756
-207
-396
-538
-445
-647
-641
-477
-495
-722
-1216
-1220
-1474
-1541
-1395
-1259
-1443
-1707
155
1567
1064
-759
-1932
-969
294
1970
3528
3458
1970
-68
311
2304
3384
3653
3106
3079
2568
2092
3030
2924
1832
339
-176
854
1451
1434
436
-1431
-2668
-3294
-2181
-1256
-1741
-2510
-3284
-2716
-2133
-2123
-1813
-1084
-304
-2
-529
-12
1118
1938
2104
2018
2210
1903
2318
2921
2754
2278
2191
2793
2767
1723
1246
1369
1500
564
-85
232
258
-38
-1264
-1863
-1887
-2079
-1969
-2026
-1968
-1893
-2210
-1926
-1822
-1920
-2004
-1844
-885
-343
-76
-392
-649
-566
-804
-751
-178
176
-108
-827
-1145
-943
-1283
-1637
-1808
-1566
-1494
-1840
-1940
-1972
-116
1739
1579
-619
-2848
-1842
269
2375
4169
3916
1982
-886
-760
2039
4072
4455
3697
3167
2292
1422
2491
3179
2227
445
-364
721
1490
1351
-26
-2253
-3798
-3912
-2289
-877
-1745
-3283
-4515
-3948
-2679
-2368
-2100
-2020
-914
394
615
202
-200
1085
2073
1762
2506
3889
4393
2236
298
1657
3829
4274
2687
1879
1970
1041
284
618
1401
830
-660
-669
-437
-1003
-2374
-2878
-1845
-1281
-1403
-1609
-1417
-1522
-2908
-3209
-1490
368
650
-470
-354
10
-358
-896
-374
1015
1209
452
-38
5
-744
-1817
-1974
-914
-565
-1193
-1864
-2079
-2007
-2498
-629
1529
1710
-720
-3158
-1566
935
2792
3477
3051
1724
-770
-243
2837
5144
5198
3433
2570
2181
1714
2541
3372
3030
1344
-53
442
986
519
-1121
-2841
-3246
-3114
-2164
-1889
-3162
-4428
-5569
-4772
-3303
-2436
-2371
-2933
-2259
-993
-158
-331
-757
560
1833
1810
1981
2972
3986
2147
49
1505
4617
5288
2736
1269
1855
1389
482
979
2662
2348
-473
-1857
-1275
-672
-1598
-2065
-993
-412
-1389
-2467
-2313
-1698
-2396
-2764
-1102
837
956
-871
-1338
-852
-605
-756
21
1757
1537
273
-707
-671
-886
-1817
-1512
-382
-161
-1209
-2284
-1796
-1782
-1254
502
1358
572
-2335
-2070
464
2590
3448
2872
1862
-266
-943
1680
4661
5789
4552
2940
2214
1315
2052
3088
3794
3145
1499
907
674
307
-630
-1823
-2248
-2109
-1694
-1809
-3254
-4471
-5486
-4943
-3590
-2688
-2459
-3092
-3283
-3229
-2192
-608
272
416
389
645
910
1046
2520
3444
2188
880
2178
4607
4296
1864
1163
2422
2478
1403
1707
3378
2419
-565
-2209
-1136
243
-186
-606
-535
-821
-2312
-3211
-2394
-1361
-1581
-1818
-1156
-41
-500
-1811
-1839
-1200
-491
-476
425
1060
571
-674
-1240
-735
-816
-1133
-933
-307
-513
-1518
-2087
-1551
-1184
194
1265
1363
-409
-2503
-1346
1204
3373
3669
2728
865
-1114
-634
2225
4916
5363
3903
2626
1388
742
1896
3424
4166
2895
1321
698
465
76
-627
-1053
-1063
-1066
-972
-2015
-3881
-4827
-4628
-3087
-2047
-2015
-2878
-3629
-3718
-3669
-2756
-447
1356
1348
-619
-1712
-948
326
1980
2863
2911
1279
640
2077
2753
1838
1176
2381
3247
1710
876
2026
2464
440
-1875
-664
1138
1196
-107
-653
-622
-1729
-2346
-1653
-558
-648
-1604
-1629
-595
-502
-1311
-2007
-1576
-750
-359
220
265
-202
-1005
-1371
-1020
-1134
-1056
-874
-820
-1031
-1783
-1957
-1780
-1496
-803
1065
1752
736
-1846
-2438
-146
2430
3925
3507
2125
-212
-1210
822
3856
5555
4891
3353
2103
762
1158
3131
4801
4163
1860
512
164
271
52
69
-113
-622
-1385
-2305
-3544
-4188
-3813
-2587
-1636
-2158
-3091
-3943
-3769
-3139
-2327
-919
721
1027
96
-1503
-1804
-548
1559
3414
3489
2255
406
221
1323
2185
2864
3324
3346
2119
419
469
1304
1677
824
208
513
309
-220
-836
-680
-974
-1473
-1103
-708
-1030
-1883
-2185
-1151
-663
-1090
-1829
-1896
-1233
-832
-210
-307
-483
-815
-909
-1089
-1216
-936
-371
-383
-906
-1594
-1743
-1428
-1589
-1445
-1434
692
2072
1380
-1419
-3195
-1011
1705
3402
3583
2690
537
-1784
-993
2433
5276
5537
3898
2136
176
-196
1885
4447
4923
2841
953
-57
-493
-426
453
886
161
-1340
-2551
-3125
-3597
-3561
-2801
-1822
-2097
-2952
-3891
-3893
-3181
-2316
-1659
-603
382
403
-962
-2144
-1188
1067
3185
3504
2530
875
62
964
2798
4091
4287
3688
2693
876
49
1337
3305
3778
2150
769
-292
-492
-247
318
576
204
-169
-791
-1820
-2347
-1770
-778
-460
-1190
-1578
-1741
-1481
-1295
-1028
-763
-798
-715
-1226
-1829
-1418
-710
-108
-924
-1904
-1789
-1435
-1023
-1326
-1466
-1717
-1712
-1435
-157
1060
632
-779
-2369
-1383
392
1928
2582
2405
1060
-906
-756
1595
4063
4216
3220
2161
867
92
1073
3308
4395
2955
1208
118
-518
-885
-253
910
793
-549
-2283
-3567
-4374
-4081
-2572
-746
-671
-2220
-4379
-5184
-4467
-2541
-494
905
845
-636
-2102
-2712
-859
1540
3486
3749
2737
1096
171
1274
3286
4666
4343
3479
2569
1420
1316
2635
4093
3743
1694
753
646
671
525
1101
1616
765
-750
-1662
-1594
-1527
-1189
-319
82
-853
-2152
-2850
-2094
-1123
-328
-358
-1018
-1446
-1482
-1224
-974
-627
-148
-205
-838
-1232
-1210
-791
-754
-428
-323
-455
-889
-1061
-1080
-1068
-1071
-721
279
608
380
-755
-1188
-869
51
1083
1876
1616
-3
-1334
-827
1109
2395
2371
1757
917
-133
-397
506
1965
2411
1522
-67
-1457
-1821
-863
462
907
253
-987
-2008
-2888
-2952
-1968
-350
452
-271
-1999
-3315
-3003
-1394
481
1186
874
92
-519
-808
-542
915
2891
3463
1670
-341
-348
1333
2870
3174
2692
1830
956
512
991
1979
2598
2322
1259
226
-113
460
1164
1303
836
317
49
-145
-238
-513
-273
156
269
-421
-1101
-848
-394
-487
-954
-514
95
-75
-776
-1191
-853
-706
-446
14
100
-239
-823
-1028
-958
-793
-405
-107
-143
-469
-651
-574
-474
-642
-662
-393
-100
-110
-511
-902
-1059
-622
-92
154
-103
-812
-1091
-1175
-788
-298
79
-248
-1486
-2119
-1683
-570
98
197
-222
-1071
-1733
-1511
-333
761
978
647
-66
-862
-967
-131
1149
1831
1527
898
217
-215
-103
619
1795
2284
1671
250
-775
-589
632
1814
1900
1227
323
-349
-417
221
960
1465
1163
468
-106
-230
357
1021
1302
957
489
258
358
579
852
1011
938
547
450
482
530
391
266
385
467
413
298
100
-215
-260
-137
153
60
-158
-365
-517
-649
-730
-535
-310
-234
-337
-700
-888
-775
-466
-198
-387
-519
-491
-393
-507
-635
-414
-79
57
-111
-409
-630
-527
-275
-47
-106
-325
-663
-821
-743
-687
-452
-347
-527
-1137
-1469
-1138
-435
-234
-686
-1334
-1662
-1466
-919
-371
-336
-451
-625
-708
-759
-533
55
478
546
354
224
289
421
725
1067
1212
1144
1042
1120
1014
917
836
1027
1278
1260
850
461
458
596
751
760
694
343
-151
-361
-15
390
487
287
13
-325
-409
-69
362
372
145
174
161
99
185
646
1048
779
156
-14
207
513
676
907
761
203
-222
-59
378
320
102
34
119
0
-254
-298
-105
-136
-407
-491
-349
-261
-409
-427
-261
-181
-422
-633
-679
-459
-200
-68
-124
-441
-706
-671
-236
-20
-155
-464
-552
-454
-382
-449
-604
-696
-667
-568
-542
-629
-674
-478
-393
-484
-544
-378
-310
-396
-336
-158
-64
-99
71
292
257
20
-60
180
425
504
473
305
124
54
315
540
529
423
321
262
10
-126
36
318
283
2
-160
-46
-53
-259
-402
-261
-42
-38
-65
-11
7
-59
-105
16
289
544
663
391
-43
-263
187
908
1247
863
341
141
229
294
365
677
961
931
431
122
120
257
185
109
250
388
205
-318
-609
-448
-59
-26
-249
-501
-553
-532
-456
-266
-33
33
-162
-410
-419
-105
199
380
265
78
-184
-225
-19
120
181
182
227
80
-251
-388
-151
99
78
-170
-235
-180
-170
-297
-431
-341
-60
143
-19
-313
-393
-224
-168
-228
-238
-49
74
-85
-272
-228
6
32
-235
-432
-242
150
274
-63
-422
-519
-265
29
158
122
-107
-281
-393
-271
29
336
417
138
-139
-120
97
227
206
188
173
141
141
201
293
397
458
308
21
-59
312
725
749
486
374
383
298
72
56
279
499
452
153
-108
-316
-382
-353
-135
27
-4
-278
-553
-671
-535
-162
132
106
-211
-365
-200
18
35
-28
37
213
286
261
138
77
204
412
476
297
280
444
529
306
44
91
327
436
249
-21
-149
-102
36
109
-17
-248
-458
-456
-374
-311
-352
-391
-412
-498
-574
-560
-450
-462
-497
-456
-307
-261
-388
-534
-514
-299
-22
139
27
-292
-484
-266
124
332
246
151
94
-12
-121
-57
184
304
276
108
-68
-246
-279
-6
314
382
110
-139
-92
10
64
150
422
608
365
-80
-276
-18
330
454
385
228
-14
-242
-297
-35
223
218
-40
-290
-339
-250
-44
77
32
-196
-319
-243
-113
-113
-164
-106
-3
7
-61
-37
51
103
155
316
481
491
367
363
431
472
517
611
685
563
408
347
418
485
459
431
377
280
140
54
70
108
98
64
-44
-165
-245
-169
-111
-217
-389
-386
-215
-192
-305
-427
-371
-312
-334
-438
-428
-265
-96
-100
-274
-417
-419
-269
-101
35
11
-114
-318
-421
-364
-195
-61
-37
-75
-189
-285
-268
-31
169
139
-11
10
161
176
28
-39
123
256
186
-21
-100
-28
44
39
12
16
-59
-181
-239
-128
46
85
-57
-259
-349
-283
-168
-98
-97
-140
-223
-313
-332
-300
-198
-88
22
82
65
24
-31
-15
71
236
385
465
447
316
197
167
245
353
443
515
508
379
209
108
122
190
300
386
398
314
126
-20
-72
73
236
288
170
17
-6
76
143
28
-110
-133
29
155
170
83
26
-22
-76
-97
-35
158
286
208
-92
-287
-269
-81
7
-49
-173
-260
-273
-258
-202
-154
-86
-103
-130
-136
-71
-76
-197
-290
-190
8
10
-194
-421
-383
-201
-73
-92
-154
-215
-313
-344
-158
143
205
-120
-489
-488
-179
132
143
6
-174
-291
-357
-311
-128
29
123
83
-28
-197
-268
-142
67
205
255
200
87
-70
-88
77
252
275
126
38
32
100
91
80
95
92
18
-70
-27
128
239
174
-6
-74
30
134
126
66
121
201
245
175
82
16
-2
56
157
275
326
265
118
-22
1
178
321
384
313
253
147
49
72
189
323
273
141
26
22
99
175
231
273
288
257
140
19
-90
-54
134
228
171
-65
-199
-295
-354
-300
-171
-15
-105
-322
-476
-472
-317
-199
-182
-290
-450
-482
-412
-280
-282
-300
-237
-219
-277
-422
-383
-205
-38
33
-78
-176
-184
-102
36
99
125
87
-4
-77
-76
20
133
150
97
-12
-112
-88
-3
51
-4
-59
19
56
-63
-126
-26
132
86
-27
-16
49
120
109
126
164
190
166
101
60
38
59
143
230
203
53
1
111
177
123
35
64
106
134
168
128
100
64
62
42
56
144
203
203
145
143
229
388
425
243
51
97
314
378
288
296
326
256
28
-154
-84
81
266
170
-45
-192
-259
-204
-214
-159
-92
-159
-328
-555
-553
-346
-176
-164
-363
-485
-509
-460
-380
-317
-180
-105
-113
-261
-316
-160
-30
-4
-105
-124
-36
-4
-6
-85
-20
91
64
15
-134
-88
26
81
141
53
35
-19
-71
-4
17
130
138
56
10
-8
168
232
171
60
14
117
107
76
53
1
-10
-12
74
148
114
9
-137
-186
-167
-42
86
94
13
-110
-168
-175
-98
20
99
88
-18
-40
-7
66
234
216
187
166
175
237
136
288
491
452
299
103
87
166
291
401
320
211
116
-39
-50
81
225
168
-131
-283
-197
-121
-52
-123
-198
-203
-405
-449
-339
-198
-122
-247
-258
-244
-250
-147
-228
-239
-227
-222
-75
-151
-116
-109
-74
65
42
-19
-144
-118
-41
10
138
160
154
101
37
9
36
231
241
98
16
110
300
331
178
51
76
148
196
195
181
105
95
69
-2
28
52
7
-20
-119
-205
-116
-22
-33
-132
-177
-194
-212
-216
-264
-219
-138
-108
-74
-123
-119
-93
-81
-84
-19
88
63
24
-36
43
241
330
240
67
26
62
115
175
155
174
156
82
87
77
20
-23
-142
-208
-68
69
116
11
-127
-200
-225
-124
-71
-67
-58
-121
-66
-87
-80
122
54
-25
-59
-48
-2
-30
96
73
-9
34
91
96
-73
-77
124
21
-142
9
68
46
10
-66
5
1
-71
-33
92
141
80
27
-80
-19
232
212
104
116
50
1
46
37
120
222
190
75
-15
20
-71
-102
-50
-66
-138
-99
-47
-61
-61
-134
-57
-202
-328
-198
-198
-204
-162
31
55
-14
75
-128
-308
-207
-69
102
117
29
175
209
-85
-81
113
-22
-187
83
213
83
129
-8
-66
-13
7
152
6
-62
-2
-5
-32
42
247
129
-18
-54
41
109
23
69
166
75
18
118
151
-25
5
174
53
0
25
43
-3
-6
-3
25
24
-144
-148
-90
47
228
109
-109
-146
-157
3
18
85
64
51
53
10
154
53
-5
-131
119
145
-154
56
133
96
1
-241
-82
-53
-273
-74
34
-35
-121
-146
-360
-463
-96
-51
-106
-99
-56
-48
-356
-237
-63
-94
81
29
-7
-30
168
25
-127
264
121
45
-9
148
262
86
239
266
68
36
-28
-101
-76
136
334
246
276
-67
-465
-293
-206
56
318
223
334
58
-533
-643
-54
146
-82
253
283
-51
-189
234
-145
-529
-63
81
172
173
208
67
212
-130
-419
-32
313
-81
-36
559
60
-29
208
335
-192
-254
554
126
-333
380
505
38
354
266
-376
-29
-20
133
-50
211
618
17
-517
-338
-137
-133
42
-47
-472
51
-132
-499
-260
-438
-18
-503
-357
192
-336
-646
218
-26
-542
-180
252
-91
-179
-173
153
89
96
151
263
178
-60
-4
299
350
-175
359
533
186
-45
60
-17
-201
371
329
30
283
-81
-402
-290
26
297
146
-95
198
-468
-433
-31
147
98
-310
-97
89
-326
-54
211
-288
-158
73
-80
-171
82
194
-345
-43
439
-370
-104
411
-123
58
126
247
-307
278
566
-364
241
658
268
-406
294
642
-21
-22
343
459
101
-381
641
323
-222
95
-95
39
-103
215
-153
-321
-80
-65
-242
-400
307
-463
-852
-52
-144
-41
-373
-123
105
-587
-404
183
-43
-547
88
507
-517
210
189
13
-221
-298
653
79
34
356
51
64
-99
105
431
-141
46
-132
259
138
95
190
-632
273
124
-398
266
161
-24
-244
-86
16
127
133
-244
72
-159
-252
-32
56
373
-131
-333
48
8
-275
-66
176
-38
-437
27
259
-319
-102
396
-100
-665
318
234
-391
202
592
-66
-226
205
189
332
132
245
408
-84
-127
408
424
-3
425
329
-74
4
79
-72
-38
364
-143
-14
-25
-37
-245
-456
367
-332
-571
-38
-49
-290
-333
325
-219
-391
-80
-173
-328
0
331
-200
-102
343
-204
-284
-46
518
274
-330
114
322
-310
-359
838
112
-283
380
-76
-470
236
25
48
-141
283
-70
-563
273
234
-231
-37
-96
116
-250
-199
321
-2
59
-19
-254
-52
31
-196
89
112
110
-60
-405
239
39
-478
-10
381
-183
-113
12
-32
58
-341
81
109
-103
199
137
56
-41
275
-64
81
461
9
105
33
547
198
-172
438
178
-71
-21
573
-47
-355
770
-217
-153
8
-309
387
-303
-175
300
-606
12
-58
-510
-210
85
64
-573
372
-20
-881
412
61
-474
-80
421
-98
-156
331
-28
75
-219
309
207
-312
-17
323
155
333
-102
55
-11
-347
14
263
-57
124
76
-315
61
-193
-52
71
-221
13
159
-290
-186
246
-169
-123
-35
-93
-139
15
112
-190
99
-36
-119
149
-441
55
32
-252
612
-224
-76
244
-449
129
-81
-4
30
19
435
85
-124
181
-68
-49
156
151
281
-21
233
90
85
244
-15
114
119
-188
138
79
122
352
-30
-341
-15
213
-479
80
229
-131
-13
-197
-85
-36
-189
73
-488
217
443
-764
3
436
-221
-172
-29
372
-402
-114
487
-87
-58
-33
274
-103
-33
29
186
48
59
0
-20
-235
231
203
-189
-114
226
158
-308
-109
129
-95
-213
15
65
393
-669
-1
566
-583
-220
118
87
-292
-12
96
-121
132
-394
363
-154
-540
278
-126
113
49
-132
-57
109
-93
-185
296
-103
-178
393
-303
256
-131
133
182
-115
25
62
344
-307
339
-6
19
136
-200
328
6
15
180
-90
210
-55
-201
170
168
-214
54
262
-204
-93
148
-74
-110
113
24
-124
49
-153
91
49
-256
347
110
-557
417
-44
-299
334
-35
231
-185
-46
196
-176
183
11
193
-242
314
-207
-232
414
63
-145
-74
12
118
-281
67
88
-89
-127
-21
104
-270
-65
-35
42
-196
30
-116
-68
6
-166
-55
139
-263
-61
64
-169
94
-58
-112
-35
52
122
-303
34
157
-312
195
-23
-37
226
-283
112
65
-20
-166
281
37
-250
212
18
82
35
107
5
-109
9
114
90
-145
289
220
-378
157
47
-78
-93
178
351
-478
181
115
-160
69
140
40
-218
74
206
-87
42
-49
273
111
-430
577
-19
-309
153
189
217
-81
5
193
-82
-14
155
59
-5
-93
156
-58
-11
55
-71
-24
23
-141
-135
224
-226
-160
242
-344
-121
290
-458
34
-23
57
-324
-13
9
-130
62
-355
150
35
-247
-171
309
-12
-422
123
85
-234
9
147
-27
-158
285
-258
-85
282
-176
-100
231
-71
9
180
20
-147
-17
37
-10
59
61
-69
265
-105
-195
309
-286
-32
259
-87
-128
300
-220
139
-11
-43
48
-39
108
-131
115
154
-91
185
-38
-34
120
-9
101
-80
243
33
-109
243
67
-134
160
137
-190
128
266
-149
132
-26
67
141
-178
169
65
-252
318
7
-147
80
-63
-3
-130
101
-2
-77
-3
-197
12
-126
-9
-46
-212
-11
3
-183
-93
63
-169
-90
-184
20
-23
-100
-81
156
-152
-97
112
-132
-52
73
-10
-187
316
13
-124
188
-129
-114
143
33
-107
180
-91
166
84
-144
-198
198
8
-172
318
-197
-13
170
-62
-127
36
199
-174
-104
218
-94
101
108
-192
22
155
10
-129
96
143
-197
190
25
-108
177
-15
-8
117
-104
97
78
6
114
-63
147
73
-98
130
100
-42
173
44
11
-11
131
-42
38
47
53
69
-39
-178
131
2
-193
118
-175
65
-199
80
-183
-131
85
-291
18
-136
-23
-62
-89
-137
-36
82
-172
-129
254
-298
-65
346
-212
-92
278
-74
-27
16
48
86
-158
209
67
59
-96
48
9
13
171
-344
243
154
-301
199
-65
-27
-49
29
13
-112
114
-76
50
-15
-206
224
-14
-217
242
-78
-56
98
-115
73
21
-18
45
-63
74
24
-69
-57
245
-106
-172
377
-252
34
134
-64
-73
93
265
-267
63
68
86
-102
46
196
-91
90
-81
134
70
-176
135
93
-77
-95
353
-262
-195
411
-241
-138
140
10
-247
135
-112
-43
18
-193
-77
282
-298
-181
266
-147
-168
136
167
-407
155
209
-193
-32
144
79
-52
14
252
-169
35
160
-43
187
-86
-12
257
-13
-236
186
203
-384
199
126
-239
139
-47
-65
-61
-10
-44
45
-161
144
-203
-13
67
-142
60
-33
-20
-70
35
42
-125
157
-66
-39
38
13
67
-135
110
101
-192
55
202
-98
-125
149
18
-179
131
84
18
-115
33
25
16
-76
160
58
-265
257
6
-21
-6
-9
73
37
-38
-98
307
-70
-300
265
-16
-136
69
28
-115
-48
50
-74
-43
31
-246
216
-109
-244
220
-183
119
-151
-56
159
-28
-133
2
162
-55
-13
137
-23
61
31
14
43
74
154
-134
43
197
15
-117
100
49
-94
43
81
-24
-50
-55
-39
124
-204
-22
147
-168
-111
98
-95
-33
86
-200
33
74
-164
72
64
-135
40
39
-61
64
80
-201
135
115
-193
31
222
-52
-194
183
16
-110
57
85
12
-158
191
-73
-29
85
-11
-18
5
56
25
1
-93
232
-149
-8
75
13
18
-13
35
-152
175
-42
-109
102
-39
-128
99
-55
-91
94
-139
3
22
-148
63
-27
-8
-98
11
44
-14
-54
51
3
-92
106
117
-74
-138
365
-150
-137
340
-70
-135
210
55
-184
146
157
-182
5
99
-16
-7
-22
29
-20
-43
-13
-25
110
-91
-194
254
-151
-1
-31
14
26
-89
-27
34
78
-152
36
74
-127
35
61
-61
19
-56
62
-38
10
-48
146
-167
21
113
-79
4
-37
191
-149
-14
82
37
65
-157
92
204
-240
41
237
-91
-73
91
84
-107
13
176
-184
62
-7
29
-66
-68
258
-317
-32
126
-61
-2
-204
159
-34
-156
-12
77
46
-244
33
167
-175
16
123
-59
-62
15
156
-156
204
-102
-31
242
-200
101
170
-106
-94
225
-49
-94
228
-53
-163
208
-50
-102
144
20
-159
-32
253
-235
33
106
-146
38
-98
122
-69
-39
27
-36
-31
7
-50
77
-78
-123
138
-25
-110
76
35
-169
103
-28
-40
30
-5
22
-51
70
-27
37
-12
47
5
-48
118
34
-9
-59
241
-118
-48
174
-37
-75
182
14
-221
201
78
-170
-14
110
-43
-123
116
-129
73
13
-227
153
-106
-41
-12
6
-52
-56
18
-6
30
-160
92
16
-111
96
-53
46
88
-137
43
114
-18
-81
88
103
-89
17
133
15
-123
99
128
-186
83
135
-90
-45
102
93
-202
98
49
-123
119
-109
50
38
-50
-81
22
75
-89
-118
80
73
-213
69
66
-114
2
-48
-66
137
-95
-98
137
-32
-104
70
77
-176
131
27
-181
185
142
-282
206
55
-125
96
10
4
131
-89
-91
314
-132
-51
59
110
-168
86
24
-17
51
-52
-36
85
-117
8
99
-182
35
54
-51
-106
156
-118
-101
101
-94
16
-18
-11
34
-107
76
-2
-121
134
-33
-72
57
33
39
-68
87
0
-55
62
84
-111
55
205
-212
50
143
-34
-60
26
110
-95
-3
114
-67
21
24
-117
68
27
-96
23
21
-21
-109
124
-58
-146
157
-129
7
-67
44
102
-236
109
33
-124
14
92
-35
-171
258
-46
-217
353
-216
26
118
-114
100
-77
199
-71
-112
191
-12
-26
-74
184
-41
-113
156
-27
16
-45
-11
134
-204
65
120
-195
66
122
-232
44
110
-91
-109
50
73
-175
151
-129
-9
131
-203
73
-6
-7
-6
16
-26
-19
128
-98
-21
53
9
72
-185
235
-38
-79
78
39
4
-77
119
-51
30
38
-51
106
-89
-35
214
-224
-31
271
-175
-157
236
24
-209
9
138
-74
-63
-35
72
30
-108
-17
33
44
-56
-142
184
-21
-132
107
-54
44
27
-106
43
88
-82
-38
152
-47
-94
136
-21
-42
45
56
-134
87
162
-284
142
160
-246
120
-34
69
-49
-77
195
-179
53
9
55
-129
7
153
-173
7
57
58
-187
98
117
-309
224
54
-208
33
170
-129
-51
69
89
-144
-10
85
35
-37
-133
179
3
-91
-34
149
-56
-55
17
66
-45
37
-25
-62
110
6
-122
102
-19
-32
46
-39
-9
84
-62
-118
243
-131
-84
191
-115
-92
226
-94
-162
194
45
-189
41
121
-80
26
-51
-40
188
-96
-149
162
80
-187
3
170
-76
-104
89
76
-148
47
67
-61
12
2
-24
22
66
-115
1
134
-105
-36
108
-73
41
-40
6
39
-9
-59
37
90
-147
0
171
-119
-56
71
44
-19
-191
284
-50
-228
165
105
-178
24
54
60
-137
-4
151
-65
-72
16
118
-123
5
69
8
-123
104
15
-84
33
86
-105
-28
78
41
-49
-131
205
-38
-129
71
72
-23
-142
107
128
-242
88
142
-151
-67
181
-43
-110
100
2
-76
49
31
-41
6
-7
21
1
-41
57
-4
-77
101
-51
-49
94
42
-194
93
121
-147
15
59
1
-94
65
45
-63
-9
25
29
-36
-50
88
49
-158
-18
243
-108
-241
319
-51
-164
100
22
21
-78
-18
124
-98
48
-90
127
-53
-47
60
-45
96
-120
-5
150
-97
-74
121
-69
74
-71
-27
80
-21
-23
15
-45
95
-88
51
-39
-17
138
-160
27
56
-8
-16
-40
89
-91
32
77
-136
95
-37
8
30
-66
38
27
-10
-79
68
79
-144
1
178
-167
4
76
-21
16
-113
125
30
-146
79
26
2
-98
99
-1
-42
-12
1
127
-168
19
128
-98
-26
68
4
-58
-9
117
-119
-12
93
53
-223
77
211
-184
-111
233
-31
-210
189
12
-78
-41
103
17
-175
137
89
-137
-106
217
29
-249
137
84
-83
-65
37
116
-65
-105
57
105
-67
-104
92
127
-194
-51
229
-44
-187
145
25
-95
62
-30
25
33
-128
144
-58
-64
110
6
-117
-26
229
-126
-139
170
24
-85
-67
94
65
-94
-20
-5
144
-135
-44
164
-65
-133
165
-4
-146
102
97
-142
-79
198
-52
-55
-30
78
32
-123
28
101
-11
-105
-53
202
-32
-185
92
172
-144
-216
329
34
-299
103
146
-86
-123
152
62
-168
1
91
32
-96
-19
106
20
-173
64
148
-77
-136
92
83
-77
-42
26
114
-47
-220
209
115
-232
0
134
44
-205
84
121
-109
-2
-13
50
-15
-44
88
-52
-38
50
29
-63
-25
113
-58
-69
71
41
-66
-2
46
-28
-18
6
29
-24
37
-28
-32
31
28
-11
-32
-16
56
4
-80
16
156
-115
-136
153
44
-86
-14
74
-48
-30
64
-17
-19
51
-82
-18
88
13
-41
-42
57
-13
-23
25
-25
73
-70
-70
117
44
-91
-41
87
14
-123
67
83
-75
-6
-23
44
43
-90
4
95
-75
-53
91
5
-39
30
-48
-13
65
-36
16
7
-41
12
40
-33
9
-1
35
-95
6
128
-49
-44
-58
147
-41
-176
227
-1
-216
140
37
-20
-81
75
27
-83
15
4
65
-45
-34
21
55
-51
-38
29
68
-53
-47
17
45
75
-169
19
215
-237
-49
235
-43
-117
-10
116
-5
-128
86
65
-75
-102
105
87
-71
-50
13
57
-54
-17
80
-12
-96
53
58
-55
11
12
-37
22
-59
65
70
-93
-37
43
98
-159
49
97
-112
-23
90
9
-58
21
14
-13
-57
43
56
-18
-98
76
60
-106
38
37
-31
-53
-4
143
-70
-78
82
27
-86
6
77
-43
-36
23
18
23
-10
-10
-28
-33
78
15
-53
-39
58
65
-98
10
67
-51
-49
-9
113
-20
-24
-41
-22
124
-75
-8
10
-48
67
-32
11
70
-59
-40
-1
34
8
3
-13
-15
-6
61
11
-72
-15
114
-114
-59
175
-6
-115
31
68
-75
19
-12
15
14
-38
19
41
-49
54
-3
-105
54
10
9
28
-71
54
31
-72
-13
73
3
-119
79
-19
14
139
-184
3
93
-57
1
-25
71
-26
-2
-76
100
106
-193
-44
121
14
-78
41
43
-9
-59
8
25
8
29
-102
-21
125
22
-58
-44
34
63
-76
-123
169
129
-236
-52
229
-14
-166
60
61
-92
40
-5
-23
120
-32
-112
9
112
-70
-15
-13
36
79
-145
20
168
-95
-116
82
-3
-23
101
-84
-26
114
-47
-90
36
109
-87
-71
28
129
-25
-101
69
-16
-41
41
-10
-18
22
44
-55
-33
99
26
-132
-56
136
57
-145
30
120
-97
-16
19
16
8
-64
24
24
2
22
25
-81
-33
127
-81
-53
111
-23
-27
-3
19
31
-52
-1
12
-41
22
91
-82
-15
75
-32
-38
-27
50
57
-68
-85
147
21
-130
52
58
-90
-25
94
-25
-55
102
-2
-127
49
95
-53
-115
93
81
-117
2
100
-6
-103
-6
105
-47
-63
60
60
-78
-23
96
-35
-72
47
21
-49
27
42
-38
-27
81
-60
-30
56
-37
7
21
-21
28
10
-51
16
29
-64
53
-13
-25
47
0
-39
17
37
-75
2
99
-99
-11
105
-28
-64
0
99
-76
-54
80
12
-24
-41
53
36
-92
30
58
-76
-27
90
29
-140
65
106
-119
-39
71
39
-50
-42
24
83
-34
-93
57
68
-62
-46
21
74
-15
-58
3
47
14
-59
-29
67
33
-75
-34
100
12
-113
79
-12
-23
14
-9
55
-93
49
58
-108
31
42
-10
-41
-6
83
-82
34
25
-82
96
-52
-17
43
-20
28
-53
18
62
-61
-42
71
28
-88
3
73
-11
-33
-49
80
53
-153
47
87
-43
-54
14
82
-55
-49
51
22
-29
-34
49
11
-51
31
-8
-6
35
-56
27
26
-47
34
1
-32
29
2
-21
12
-7
7
12
-21
-20
62
-31
-38
70
-47
3
28
-16
-29
49
-1
-56
51
9
-44
6
56
-41
-38
55
16
-56
1
36
9
-30
-24
48
13
-52
-2
59
-29
-43
52
8
-46
10
41
-33
-8
18
-2
3
-9
10
-15
19
10
-39
15
32
-26
-13
14
18
-8
-38
41
21
-58
1
72
-44
-60
102
-34
-43
42
7
-25
-10
43
-18
-37
39
9
-17
-35
50
24
-83
49
21
-41
12
14
-6
-31
48
-6
-47
35
21
-28
-21
39
-1
-30
21
-14
14
14
-54
35
33
-56
11
24
0
-23
6
21
-21
11
-6
1
4
-1
2
-9
5
9
-17
17
-4
-27
46
-13
-37
35
10
-30
12
10
-24
25
14
-61
27
64
-74
-24
82
-13
-62
23
57
-56
-8
36
-20
10
-12
-1
22
-19
1
9
-8
1
15
-22
-3
39
-38
-12
55
-43
-4
36
-32
5
12
-1
-23
26
0
-25
25
-12
1
6
-13
16
-15
6
22
-46
26
26
-41
-4
31
0
-34
20
10
-12
6
-7
-5
23
-15
-8
13
-2
-1
-1
-6
5
12
-10
-17
20
21
-49
20
34
-46
9
20
-10
-7
-9
29
-1
-45
25
42
-38
-49
81
5
-88
58
18
-32
2
1
11
2
-21
8
12
-3
-15
2
12
5
-12
-29
59
-6
-66
42
41
-49
-26
53
5
-42
1
32
-1
-29
3
36
-28
-14
40
-17
-21
22
20
-39
3
33
-24
-5
19
-23
18
9
-33
14
22
-20
-11
20
-5
-5
15
-21
-1
36
-29
-8
23
-12
10
-9
-3
4
8
4
-27
7
34
-21
-25
16
29
-21
-35
46
-5
-17
2
5
11
-16
-1
12
-4
-10
9
13
-21
-7
35
-16
-22
22
8
-17
-5
20
-12
0
2
1
2
-14
13
9
-20
-2
23
0
-32
14
30
-31
-6
17
5
-14
1
12
-15
7
9
-19
11
6
-9
3
2
-4
-2
15
-12
-8
16
0
-2
-14
11
14
-13
-14
14
14
-17
-11
20
1
-11
1
6
-1
-8
17
-13
-10
24
-2
-19
3
25
-12
-20
20
7
-16
0
12
-5
-7
11
-2
-10
11
0
-4
1
1
-1
5
-3
-10
16
3
-17
6
14
-9
-13
21
-1
-22
16
11
-18
-4
21
1
-24
7
21
-14
-18
14
19
-26
-8
34
-12
-25
22
15
-29
-1
32
-15
-20
20
11
-19
-4
16
0
-10
3
3
0
-4
0
5
-3
-3
6
0
-10
3
12
-10
-7
14
-1
-10
5
5
-7
4
5
-10
3
11
-10
-8
15
2
-15
6
12
-13
-5
18
-7
-15
17
7
-22
1
22
-12
-14
17
4
-13
2
8
-3
-2
3
-1
2
-5
2
10
-10
-8
18
1
-24
8
25
-23
-12
29
-3
-23
13
15
-21
-3
21
-9
-12
10
9
-9
-11
12
9
-13
-9
15
9
-23
4
21
-15
-12
18
3
-23
9
19
-21
-6
19
-2
-15
5
13
-10
-2
7
-3
2
1
-3
-2
6
-1
-10
11
3
-12
6
8
-10
-6
17
-5
-18
16
7
-17
0
13
-6
-10
13
-3
-8
10
-3
-8
6
5
-10
0
10
-8
-3
9
-3
-6
4
7
-8
-5
12
0
-11
1
12
-5
-13
13
6
-15
0
15
-7
-12
15
4
-18
6
14
-11
-10
14
2
-14
6
10
-10
-4
11
-1
-11
8
7
-13
-2
13
-4
-12
10
7
-14
0
12
-9
-7
11
2
-12
3
11
-7
-7
10
3
-10
0
10
-4
-9
9
5
-10
1
12
-6
-9
13
2
-14
6
10
-11
-3
13
-2
-11
11
4
-12
3
10
-8
-7
11
1
-11
5
6
-7
-3
8
-1
-9
5
5
-7
-2
7
1
-7
3
6
-6
-4
7
1
-7
2
7
-6
-3
5
0
-5
0
6
-3
-4
4
2
-4
-2
4
1
-5
1
4
-2
-5
3
5
-6
-4
7
0
-8
2
7
-5
-5
7
2
-8
0
7
-2
-6
4
5
-5
-4
6
2
-8
0
8
-3
-8
6
7
-9
-4
10
0
-10
5
9
-9
-6
11
1
-11
4
10
-8
-7
9
3
-11
1
9
-5
-6
6
3
-7
0
8
-2
-5
6
3
-6
0
6
-2
-3
3
1
-3
1
2
-3
1
2
-3
-1
4
-2
-3
4
2
-5
2
5
-4
-3
7
1
-6
2
6
-4
-4
5
1
-5
1
6
-2
-4
4
4
-5
-3
6
1
-7
2
6
-5
-5
7
2
-8
1
7
-4
-6
6
2
-7
1
7
-3
-5
5
3
-6
-1
5
-1
-5
3
3
-4
-1
6
-2
-4
4
2
-4
1
4
-4
-2
5
-1
-3
4
2
-5
1
4
-5
-2
7
-1
-5
5
4
-7
1
7
-5
-5
7
1
-8
2
7
-6
-4
8
1
-8
4
6
-7
-3
8
-1
-8
5
6
-6
-2
7
-1
-8
5
4
-6
-2
8
-2
-6
4
3
-5
-1
6
-3
-5
4
2
-5
0
5
-2
-3
3
1
-3
0
2
-1
-2
2
1
-1
-1
2
0
-1
1
1
-1
-1
1
0
-1
0
1
-1
-1
2
0
-2
1
1
-1
0
1
1
0
0
1
-1
0
0
0
0
0
1
0
-1
0
1
0
-1
1
0
-1
0
1
0
-1
2
1
-1
0
1
-1
-1
2
1
-3
1
1
-1
-2
2
1
-2
1
2
-2
-1
3
0
-3
1
2
-2
-1
4
1
-3
1
3
-3
-2
3
0
-3
2
3
-3
-2
3
-1
-3
2
2
-3
-1
4
-1
-4
2
3
-4
0
4
-1
-3
3
2
-4
0
4
-2
-3
3
1
-4
0
4
-3
-2
3
1
-4
0
4
-2
-2
4
0
-4
1
3
-3
-2
4
0
-4
2
3
-3
-2
3
-1
-3
2
3
-3
-1
4
-1
-3
2
3
-3
-1
4
-2
-3
2
2
-3
-1
3
0
-3
2
2
-3
0
3
-1
-2
3
1
-2
0
3
-1
-1
2
1
-1
1
1
0
0
1
1
-2
0
1
0
0
0
0
-1
0
1
1
0
0
1
-1
-1
1
0
0
-1
0
1
1
-1
1
0
-1
0
1
1
-1
1
1
-1
1
1
0
-1
2
2
-1
0
2
-1
-1
1
2
-1
0
2
-1
-2
2
1
-2
0
1
0
-1
1
1
-2
0
3
-1
-2
1
1
-2
-1
2
0
-1
2
2
-2
-1
2
0
-3
0
2
-1
-1
3
-1
-2
0
2
-1
-2
1
1
-2
0
2
-1
-2
1
1
-2
0
2
0
-2
1
1
-2
-1
1
0
-2
1
2
-1
-1
1
0
-2
1
2
-1
-2
2
0
-2
0
2
-1
-2
1
1
-3
0
2
0
-2
1
1
-2
-1
2
-1
-2
1
2
-3
-1
2
-1
-2
1
1
-2
-1
3
-1
-3
0
2
-1
-2
2
0
-1
0
2
-1
-2
2
0
-2
0
2
-1
-2
2
1
-2
0
2
-1
-3
1
1
-2
-1
2
0
-2
1
2
-2
-2
1
0
-3
0
2
-1
-2
2
1
-2
0
2
-1
-2
2
1
-2
0
2
-1
-2
1
1
-2
-1
3
0
-2
1
2
-2
-1
2
0
-2
1
2
-1
0
2
0
-2
1
1
0
0
1
0
-1
0
2
-2
-1
1
1
-1
0
2
0
-1
1
2
-2
0
2
1
-1
1
2
-1
0
2
0
-1
0
1
0
0
1
0
-1
1
2
0
0
2
0
-1
0
1
0
-1
1
1
-1
0
1
0
0
0
1
0
0
1
0
0
1
1
-1
-1
0
0
0
1
1
0
0
1
0
-1
1
1
0
0
0
-1
-1
0
0
-1
0
0
0
0
0
1
-1
0
1
0
0
0
0
0
-1
1
-1
0
1
0
0
0
0
-1
0
-1
-1
0
0
0
0
0
0
0
0
0
0
1
0
0
1
1
0
1
-1
0
0
0
0
-1
0
0
0
0
0
0
0
1
0
0
0
0
0
0
0
0
0
0
0
0
0
0
0
-1
1
0
1
0
0
1
0
0
0
0
0
1
-1
0
0
0
0
0
1
0
0
0
0
0
0
-1
1
0
0
1
-1
-1
0
0
0
0
0
0
0
0
0
0
0
0
0
0
0
1
0
0
0
0
1
0
-1
0
0
0
0
-1
0
0
0
0
0
-1
0
0
0
0
-1
0
0
0
0
0
0
0
0
0
0
0
0
0
0
-1
0
0
0
0
0
0
0
0
0
1
0
-1
0
0
0
0
0
0
0
0
1
0
0
0
0
0
0
0
0
0
0
-1
0
0
-1
0
0
0
0
0
0
0
0
0
0
0
0
0
0
0
0
0
0
1
0
0
0
1
1
0
0
0
-1
1
1
0
0
0
1
0
0
0
1
0
0
0
1
0
0
0
0
0
-1
0
0
0
0
0
0
0
0
1
0
0
-1
-1
0
0
0
0
0
0
0
1
0
0
0
0
0
0
1
0
1
0
0
0
0
0
0
1
-1
0
1
-1
0
0
0
0
0
0
0
-1
0
0
0
-1
0
-1
0
0
0
0
0
-1
0
0
0
0
0
0
-1
0
0
0
0
0
0
0
0
-1
-1
0
0
0
0
0
1
0
0
0
0
0
-1
0
0
0
0
-1
0
0
0
0
1
0
0
0
0
1
-1
1
0
0
0
-1
-1
0
0
0
-1
0
-1
0
0
0
-1
0
0
0
0
1
0
0
0
-1
0
0
1
0
0
0
0
0
0
0
0
1
0
0
0
1
1
0
0
0
0
0
0
0
0
-1
1
0
0
0
0
0
0
0
1
0
0
0
1
0
0
-1
0
0
0
1
0
-1
0
0
0
0
0
0
-1
-1
0
0
-1
1
0
1
0
0
0
0
0
0
1
0
0
0
0
0
0
0
0
0
1
-1
0
0
0
0
0
0
0
0
0
1
0
0
0
0
0
0
-1
0
0
-1
0
0
-1
0
-1
0
0
0
0
0
0
1
0
0
-1
1
0
0
-1
-1
0
0
0
1
-1
0
0
0
-1
1
0
0
0
0
-1
0
0
0
0
0
0
0
0
0
0
0
-1
0
0
0
0
0
0
0
0
0
0
1
-1
0
0
-1
1
0
0
0
0
0
0
0
0
0
0
0
0
0
0
-1
0
0
0
0
0
0
0
-1
0
0
0
-1
0
0
-1
-1
0
0
0
0
0
0
1
-1
0
-1
0
0
0
0
0
0
0
0
1
0
0
0
0
-1
1
0
0
1
0
0
0
0
0
0
1
0
0
0
0
0
-1
0
-1
0
0
0
-1
0
0
0
0
0
-1
0
0
0
-1
-1
0
-1
-1
0
-1
-1
0
0
0
0
-1
0
0
0
-1
0
0
0
-1
0
0
1
0
-1
0
0
0
0
0
0
0
0
0
-1
0
0
0
1
0
0
0
0
0
-1
0
0
0
0
0
1
0
0
0
0
0
0
0
0
-1
0
0
1
1
0
1
0
1
0
1
1
0
1
1
0
1
1
0
1
1
1
0
0
0
1
0
1
1
1
1
1
1
1
0
0
1
1
0
0
1
1
2
1
1
0
0
1
1
1
1
1
0
0
0
1
1
0
0
1
0
0
0
1
0
0
0
0
0
0
0
0
-1
0
-1
0
-1
0
0
0
0
0
-1
0
-1
-1
0
0
0
-1
-1
-1
-1
-1
-1
-1
-1
0
0
-1
-1
-1
-1
-1
-1
-1
-1
-1
-1
-1
-1
-1
-1
-1
-1
-1
-1
-1
-1
-1
-1
-1
-2
-1
-1
-1
-1
-1
-1
-2
-1
-1
-1
0
0
-1
-1
0
-1
-1
0
0
0
-1
0
-1
0
0
0
0
0
0
-1
-1
0
1
0
0
0
1
1
0
0
0
0
0
0
1
1
1
1
1
1
0
0
1
0
1
0
0
1
1
1
1
1
1
1
1
1
0
1
1
1
1
1
1
1
1
1
1
1
2
2
1
1
0
1
1
1
1
1
1
2
0
0
1
1
1
1
1
1
1
0
1
1
0
1
0
1
0
0
0
0
0
0
0
1
0
0
0
0
0
-1
1
0
0
0
0
0
1
0
-1
-1
0
0
-1
0
-1
0
-1
0
0
0
-1
-1
0
0
-1
-1
0
-1
-1
0
-1
-1
-1
-1
-1
0
-1
0
-1
-2
-1
-1
-1
-1
-1
-1
0
-1
0
-1
0
-1
0
-1
-1
-1
0
-1
-1
1
-1
-1
0
0
-1
0
0
-1
0
0
0
0
0
-1
0
-1
0
0
0
0
0
0
0
0
0
1
0
0
0
0
0
0
0
0
1
0
0
1
0
0
0
1
0
1
1
0
1
0
0
0
1
0
1
1
0
0
0
1
1
0
1
0
0
1
0
-1
0
1
0
0
1
0
0
0
0
1
-1
0
0
0
0
0
0
0
0
1
0
0
0
1
0
0
-1
0
0
0
0
-1
0
0
0
0
0
0
0
0
0
0
0
0
0
-1
0
0
0
0
0
0
0
0
-1
1
0
-1
0
-1
0
0
0
-1
0
0
0
-1
0
0
0
0
0
0
0
0
-1
0
-1
-1
0
0
0
0
0
0
0
0
0
0
-1
0
-1
0
0
0
0
0
0
-1
0
0
0
0
1
0
0
0
0
0
0
1
0
0
0
0
0
1
1
0
0
0
0
0
0
0
1
0
0
1
0
0
0
0
0
0
0
1
0
1
0
0
0
1
1
0
0
0
0
0
0
-1
0
0
0
0
0
0
-1
0
0
0
0
-1
1
0
0
-1
0
0
0
0
0
0
0
0
0
0
0
0
1
0
0
0
1
0
0
-1
0
0
0
0
0
0
1
0
0
-1
-1
0
0
0
0
-1
0
0
0
0
0
0
0
0
0
0
1
0
0
0
-1
0
0
-1
0
0
0
0
0
0
1
0
0
0
0
0
0
-1
-1
0
-1
0
-1
0
0
0
0
0
0
0
-1
0
0
-1
0
-1
0
0
0
0
1
0
0
0
0
0
0
0
0
0
0
-1
1
-1
0
0
0
0
0
0
0
0
1
0
1
0
0
0
1
-1
0
0
0
0
0
0
0
0
0
0
-1
0
0
0
0
1
1
0
1
0
0
0
1
0
0
0
0
0
0
-1
-1
-1
-1
0
0
0
0
0
-1
0
0
0
0
0
-1
0
-1
0
1
0
0
1
0
0
-1
0
-1
0
0
0
-1
0
1
-1
0
0
0
0
-1
0
1
0
-1
1
1
0
1
-1
0
0
1
0
0
-1
1
0
0
1
0
0
0
0
0
0
0
0
0
1
0
-1
0
-1
0
1
0
1
-1
0
1
0
0
-1
0
-1
-1
0
0
-1
0
0
0
0
0
0
0
-1
0
1
0
1
0
-1
0
0
1
0
0
0
0
0
0
-1
0
0
0
0
0
0
0
0
0
1
0
1
0
0
0
1
0
0
0
0
0
0
0
-1
0
0
0
0
0
0
1
0
0
0
0
1
0
0
0
0
0
0
0
0
0
-1
0
1
0
0
0
0
0
0
0
0
0
0
0
0
0
0
0
-1
1
0
0
0
-1
0
0
0
1
0
0
0
-1
0
0
0
0
1
1
0
1
0
0
-1
0
-1
0
0
0
0
-1
0
0
0
0
0
0
0
0
1
0
0
0
0
0
0
0
0
0
0
0
0
0
0
0
0
0
0
1
0
0
0
1
0
0
0
0
0
0
0
0
1
1
0
0
1
0
-1
0
0
0
1
0
0
-1
1
0
-1
-1
0
0
0
0
0
1
0
1
0
0
0
1
0
-1
0
-1
0
0
-1
0
0
0
-1
0
0
0
0
0
0
0
0
1
-1
1
0
0
0
-1
0
0
0
0
0
1
0
0
0
0
1
0
0
0
1
1
0
0
0
0
0
0
0
0
0
1
0
-1
0
0
0
0
0
0
0
0
0
0
1
0
1
1
1
0
0
0
0
0
0
0
0
0
0
0
0
-1
0
0
0
-1
0
-1
0
0
0
0
0
0
0
-1
1
0
1
0
0
0
0
1
1
0
-1
0
1
-1
0
0
0
0
0
0
-1
0
0
0
0
0
0
1
-1
0
0
0
0
0
0
0
-1
0
-1
0
0
0
0
0
-1
0
1
0
0
0
1
0
0
0
0
0
0
0
0
0
0
0
0
0
0
1
0
1
0
-1
-1
-1
0
0
0
0
0
0
0
-1
0
0
1
0
0
1
0
0
0
0
0
0
0
-1
0
0
0
0
0
0
0
0
0
0
0
0
0
0
0
0
0
0
0
0
0
0
1
0
1
0
0
0
1
0
0
-1
1
0
-1
0
0
-1
0
0
0
0
-1
0
0
0
0
1
0
0
0
1
0
0
1
-1
0
0
0
0
0
0
-1
0
1
0
0
0
1
-1
0
0
0
-1
0
0
0
0
0
1
0
-1
0
0
-1
-1
0
0
0
0
-1
-1
-1
0
0
0
0
0
0
0
0
0
1
0
-1
0
1
0
0
0
0
0
-1
0
0
0
0
0
0
-1
1
0
0
0
0
1
1
0
0
-1
0
1
0
0
0
0
0
0
0
0
0
0
-1
1
-1
0
1
0
0
0
0
0
0
0
0
0
0
0
0
0
0
0
1
0
0
0
0
-1
1
0
0
0
0
0
0
1
0
0
0
0
0
-1
0
0
0
-1
0
0
1
1
0
0
0
0
-1
0
1
0
-1
0
0
0
0
-1
0
0
0
0
0
-1
-1
0
0
0
0
1
0
0
0
0
-1
0
0
0
0
0
0
0
0
0
0
-1
0
0
-1
0
-1
0
0
0
0
0
-1
0
0
0
1
0
0
0
0
-1
-1
0
-1
-1
0
0
-1
0
0
0
0
1
1
-1
0
0
-1
-1
0
0
-1
0
0
0
0
0
-1
1
-1
0
0
0
0
0
0
0
0
0
0
1
0
0
-1
1
1
0
0
0
0
0
0
0
0
0
1
0
0
0
0
0
0
0
0
0
-1
0
0
1
0
0
1
0
0
0
1
0
1
0
0
0
0
1
-1
0
0
0
1
0
-1
0
0
0
0
0
-1
0
0
0
0
1
0
0
1
0
0
0
1
0
0
0
0
0
1
0
0
0
0
0
0
0
1
0
0
0
0
-1
0
0
-1
-1
0
-1
0
0
0
1
0
0
0
0
-1
1
0
0
0
0
1
0
1
0
0
1
1
0
0
0
0
0
-1
0
0
0
-1
0
0
1
0
0
0
0
1
0
1
0
0
0
0
-1
0
0
0
0
0
-1
0
0
0
1
1
0
0
-1
0
0
1
0
0
-1
1
0
0
0
1
0
0
0
0
0
0
0
0
0
0
0
0
1
0
0
0
-1
1
1
1
0
1
0
0
-1
-1
0
0
0
0
0
1
0
0
0
0
-1
1
0
1
1
0
0
0
0
0
0
0
0
0
-1
0
0
0
0
1
0
-1
0
0
0
-1
0
0
-1
0
0
-1
0
0
0
0
0
0
0
1
1
0
0
0
0
0
0
0
-1
0
0
0
0
0
0
-1
-1
0
0
0
0
-1
1
0
1
-1
0
0
-1
0
0
-1
1
0
0
0
0
0
0
0
1
0
1
0
0
0
-1
-1
0
0
0
