0
0
-1
1
0
0
0
0
0
0
0
0
0
0
0
0
0
-1
0
-1
0
0
0
0
0
0
0
0
0
1
0
0
0
0
0
0
0
0
0
0
0
1
0
0
0
0
0
0
0
0
0
-1
0
0
1
0
0
0
0
0
0
0
1
0
0
0
0
0
0
-1
0
1
0
0
0
0
0
0
0
0
-1
0
0
0
0
0
0
0
0
1
0
-1
0
1
0
0
-1
0
0
0
0
-1
0
0
0
0
1
0
0
0
0
0
0
0
0
-1
0
0
0
0
0
0
0
0
0
1
0
0
0
0
0
1
0
0
1
0
1
-1
0
0
0
0
0
0
0
0
-1
0
-1
-1
0
0
0
0
0
0
0
0
0
0
-1
0
-1
0
0
0
0
0
0
-1
0
0
0
0
0
0
0
0
0
0
0
0
0
0
0
0
0
1
1
0
-1
0
0
0
0
0
0
0
0
0
0
0
0
0
0
0
0
1
0
0
0
0
0
1
0
0
0
0
0
0
0
-1
-1
0
0
0
0
0
-1
-1
0
0
0
-1
1
0
0
-1
0
0
0
0
0
0
0
0
0
0
0
0
0
0
0
0
1
0
0
-1
0
0
0
0
0
0
1
0
0
-1
-1
0
0
0
0
-1
0
0
1
0
0
1
0
0
1
0
1
0
0
0
0
0
0
-1
0
0
0
0
0
0
1
0
0
0
0
0
0
-1
-1
0
-1
0
0
0
0
0
0
0
0
0
0
0
0
-1
0
-1
0
0
0
0
1
0
0
0
0
0
0
0
0
0
0
-1
1
-1
0
0
0
0
0
0
0
0
1
0
1
0
0
0
1
-1
0
0
0
0
0
0
0
0
0
0
-1
0
0
0
0
1
1
0
1
0
0
0
0
0
0
0
0
0
0
-1
-1
-1
-1
0
0
0
0
0
-1
0
0
0
0
0
-1
0
-1
0
1
0
0
1
0
0
-1
0
-1
0
0
0
-1
0
1
-1
0
0
0
0
-1
0
1
0
-1
1
1
0
1
-1
0
0
1
0
0
-1
1
0
0
1
0
0
0
0
1
0
0
0
0
1
0
-1
0
-1
0
1
0
1
-1
0
1
0
0
0
0
0
-1
0
0
0
0
0
0
0
0
0
0
-1
0
1
0
1
0
-1
0
0
1
0
0
0
0
0
0
-1
0
-1
0
0
0
0
0
0
0
1
0
1
0
0
0
0
0
-1
0
0
0
0
0
-1
0
0
0
0
0
0
1
0
0
0
0
1
0
0
0
0
0
0
0
0
0
-1
0
1
0
0
0
0
0
0
0
0
0
0
0
0
0
0
0
0
1
0
0
0
-1
0
0
0
1
0
0
0
-1
0
0
0
0
1
1
0
1
0
0
-1
0
-1
0
0
0
0
0
0
0
0
0
0
0
0
0
1
0
0
0
0
0
0
0
0
0
0
0
0
0
0
0
0
0
0
1
0
0
0
1
0
0
0
0
0
0
0
0
1
1
0
0
1
0
-1
0
0
0
1
0
0
-1
1
0
-1
-1
0
0
0
0
0
1
0
1
0
0
0
1
0
-1
0
-1
0
0
-1
0
0
0
-1
0
0
0
0
0
0
0
0
1
-1
0
0
0
0
-1
0
0
0
0
0
1
0
0
0
0
0
0
0
0
1
1
0
0
0
0
0
0
0
0
0
1
0
-1
0
0
0
0
0
0
0
0
0
0
1
0
1
0
1
0
0
0
0
0
0
0
0
0
0
0
0
-1
0
0
0
-1
0
-1
0
0
0
0
0
0
0
-1
1
0
1
0
0
0
0
1
1
0
-1
0
1
-1
0
0
0
0
0
0
0
0
0
0
0
0
0
1
-1
0
0
0
0
0
0
0
-1
0
-1
0
0
0
0
0
-1
0
1
0
0
0
1
0
0
0
0
0
0
0
0
0
0
0
0
0
0
1
0
1
0
-1
-1
-1
0
0
0
0
0
0
0
-1
0
0
1
0
0
1
0
0
0
0
0
0
0
-1
0
0
0
0
0
0
0
0
0
0
0
0
0
0
0
0
0
0
0
0
0
0
1
0
1
0
0
0
1
0
0
-1
1
0
-1
0
0
-1
0
0
0
0
-1
0
0
0
0
1
0
0
0
1
0
0
1
-1
0
0
0
0
0
0
-1
0
1
0
0
0
1
-1
0
0
0
0
0
0
0
0
0
1
0
-1
0
0
-1
-1
0
0
0
0
-1
-1
-1
0
0
0
0
0
0
0
0
0
1
0
-1
0
1
0
1
0
0
0
-1
0
0
0
0
0
0
-1
1
0
0
0
0
1
0
0
0
-1
0
1
0
0
0
0
0
0
0
0
0
0
-1
1
-1
0
1
0
0
0
0
0
0
0
0
0
0
0
0
0
0
0
1
0
0
0
0
-1
1
0
-1
0
-1
0
0
0
0
0
0
0
0
-1
0
0
-1
-1
0
0
1
1
0
0
0
0
-1
0
1
0
-1
0
0
0
0
-1
0
0
0
0
0
-1
-1
0
0
0
0
1
0
0
0
0
-1
0
0
0
0
0
0
0
0
1
0
-1
0
0
-1
0
0
0
0
0
0
0
0
0
0
0
1
0
0
0
0
-1
-1
0
-1
-1
0
0
-1
0
0
0
0
1
1
-1
0
0
-1
-1
0
0
-1
0
0
-1
0
0
-1
1
-1
0
0
-1
0
0
0
0
0
0
0
1
0
0
-1
1
1
0
0
0
0
0
0
0
0
0
1
0
0
0
0
0
0
-1
0
0
-1
0
0
1
0
0
1
0
0
0
1
0
0
0
0
0
0
1
-1
0
0
0
1
0
-1
0
0
0
0
0
-1
0
0
0
0
1
0
0
1
0
0
0
1
0
0
0
0
0
1
0
0
0
0
0
0
0
1
0
0
0
0
-1
0
0
-1
-1
0
-1
0
0
0
1
0
0
0
0
-1
1
0
1
0
0
1
0
1
0
0
1
1
0
0
0
0
0
-1
0
0
0
-1
0
0
1
0
0
0
0
1
0
1
0
0
0
0
-1
0
0
0
0
0
-1
0
0
0
1
1
0
0
-1
0
0
1
0
0
-1
1
0
0
-1
0
-1
0
0
0
0
0
0
0
0
0
0
0
1
0
0
0
-1
0
1
1
0
1
-1
0
-1
-1
0
0
0
0
0
0
0
0
-1
0
-1
1
0
1
1
0
0
0
0
0
0
0
0
0
0
0
0
0
0
1
0
-1
0
0
0
0
0
0
-1
0
0
-1
0
0
0
0
0
0
0
1
1
0
-1
0
1
0
0
0
-1
0
-1
0
0
0
0
-1
-1
1
0
0
0
0
2
0
2
-2
0
0
-1
-1
0
-1
-1
0
0
0
-1
0
1
2
-2
-1
3
1
-2
0
2
0
-1
-2
3
2
-2
-2
0
1
-2
-1
-2
0
0
-3
1
-1
-1
3
-2
1
5
-1
-2
3
3
1
-2
-1
5
-2
1
-3
2
1
-6
-3
6
-2
-9
4
3
-2
-5
5
0
-4
4
2
0
2
-3
3
5
-6
6
-3
-4
3
2
0
-10
-2
10
-4
-10
-3
14
-2
-16
8
9
3
-11
-8
21
11
-23
-5
25
4
-18
-7
22
3
-25
-4
18
5
-21
-13
23
1
-12
-7
5
13
-8
0
-1
4
19
-17
-8
19
10
-10
-21
26
1
-1
-24
3
29
-30
-11
18
-4
-10
-6
17
-3
-16
20
1
-14
5
35
-24
-34
55
7
-38
-14
40
25
-71
-6
76
-29
-57
16
53
-16
-72
48
37
-39
-22
33
25
-31
-17
34
23
-37
-10
38
1
-32
4
38
-37
-11
23
7
-29
-12
32
-4
-18
-30
60
3
-55
-5
72
5
-71
-8
102
-27
-62
17
41
27
-76
-14
70
12
-75
-12
56
21
-58
-32
47
50
-67
-29
62
22
-39
-35
63
26
-64
-3
57
-7
-30
-6
34
14
-59
12
53
-34
-26
17
21
-3
-23
2
24
15
-26
9
22
-4
-1
0
19
-11
1
29
-36
2
58
-72
15
24
-30
19
-4
-18
-13
56
-43
-26
36
13
-20
-20
13
29
-7
-14
-65
83
49
-123
-7
59
50
-95
-51
71
24
-12
-107
-14
182
-78
-161
107
43
4
-84
-48
112
27
-91
-39
32
90
-75
-73
32
46
3
-84
-27
48
43
-80
-96
103
52
-132
8
2
37
-30
-85
71
-23
-14
12
-39
-27
9
12
-35
-78
62
31
-79
-58
35
24
-84
-30
34
28
-89
-16
74
-62
-69
48
30
-65
-35
70
-30
-23
-17
16
5
-54
50
-32
-17
24
9
2
-30
-18
99
-53
-54
70
48
-7
-36
42
79
-42
-50
101
49
-18
-29
80
74
-61
-30
153
-15
-50
78
63
17
-57
79
85
-51
24
77
41
-31
28
83
5
7
34
55
2
1
53
22
-29
68
32
10
-35
22
91
7
-142
119
122
-145
47
21
42
7
-153
152
93
-180
37
56
25
-49
-80
142
-70
-62
70
20
-94
31
28
-72
16
21
-33
-10
-23
6
11
-2
-85
34
26
-44
-12
-38
41
0
-102
54
20
-74
16
-73
107
-57
-99
61
24
-32
-71
-7
59
-10
-88
-3
12
47
-94
-88
146
-58
-91
31
23
-28
-119
68
8
-46
-92
42
107
-150
-120
101
57
-127
-92
84
68
-112
-78
-6
71
-40
-103
-39
134
-33
-133
20
-10
37
-95
-4
16
2
-23
-67
18
43
-12
-138
50
79
-32
-104
5
106
18
-155
-25
173
24
-195
-56
252
51
-199
-70
215
38
-107
-132
195
190
-273
-2
205
-2
-43
-75
91
204
-235
127
51
38
-16
-41
166
43
-118
58
223
-87
-159
234
236
-291
-10
306
5
-179
72
199
5
-91
67
84
55
-104
78
116
-177
163
135
-233
61
129
15
-159
6
212
-94
-144
88
103
-94
-62
-64
87
105
-248
22
97
-112
52
-68
-80
59
28
-119
-85
180
-53
-113
-37
59
101
-218
12
153
-34
-119
-57
268
-114
-106
-9
181
74
-318
151
196
-134
-57
-28
217
-10
-151
66
67
-3
-107
101
35
-35
-69
51
29
-64
84
-80
-99
60
43
-37
-16
-74
63
-123
-30
144
-123
-96
32
62
-33
-110
-9
111
-199
7
112
-8
-142
67
18
-2
-97
-25
64
107
-114
-92
164
26
-82
-124
121
106
-62
-150
119
190
-147
-188
148
131
-84
-107
22
182
-62
-174
-4
242
-84
-211
161
21
-95
19
125
-126
-168
199
134
-237
-125
370
-34
-353
157
142
80
-241
-54
371
-116
-245
206
206
-274
60
55
49
117
-241
183
134
-281
32
227
66
-245
28
172
-49
-40
-77
79
-25
71
-128
-21
140
-160
33
-2
-219
205
24
-213
-9
142
-64
-188
20
144
-43
-276
149
168
-190
-70
48
113
-97
-149
215
25
-131
79
19
118
-198
82
205
-133
-78
144
224
-164
-80
126
83
-35
-22
71
91
-69
68
9
-153
238
-9
-139
15
49
240
-269
-211
320
50
-291
-59
340
-204
-225
266
-89
-156
-27
64
135
-308
113
-18
18
-13
-264
222
105
-181
-42
80
108
-214
-72
363
-298
-83
315
-47
-127
20
56
-27
-21
72
2
48
118
-134
108
-77
-29
202
-70
-164
338
29
-239
-28
234
-82
-296
215
256
-219
-104
203
-144
-78
54
27
11
51
-199
199
228
-514
-21
528
-256
-425
524
50
-271
-21
59
91
-202
-106
311
-21
-211
199
-176
15
81
36
-156
73
134
4
-164
-71
305
22
-375
82
334
-218
-76
77
165
-282
6
211
-189
123
-61
-41
189
-147
-173
182
183
-127
-272
269
237
-357
-179
351
48
-107
-70
-140
407
-105
-345
198
144
-196
91
173
-200
-101
254
-99
-235
252
150
-130
-210
122
245
-202
-271
227
120
43
-243
73
351
-309
-339
80
506
34
-357
-15
289
-113
-378
36
458
14
-358
80
354
-408
-203
361
-117
-67
221
187
-335
-152
363
-273
-133
425
36
-220
-67
152
9
-305
173
257
-135
-332
50
362
-61
-380
202
240
-267
-92
32
72
195
-88
-195
332
-22
-306
-89
346
-64
-5
78
-140
-69
322
-267
-351
257
311
-95
-340
149
295
-171
-442
252
420
-219
-304
199
200
45
-269
-36
263
-132
13
-303
271
439
-503
-98
311
-174
-287
310
207
-358
5
219
108
-161
-397
391
101
-420
257
191
-29
-335
1
346
-383
78
174
-296
131
210
-120
-39
-158
177
-33
-141
155
230
-81
-86
125
15
-164
36
273
-89
-105
345
34
-134
-56
-62
246
-177
-76
515
147
-385
-230
160
341
-411
-64
470
53
-225
-286
301
58
-505
60
613
-155
-439
180
131
-183
-174
209
106
-231
59
166
-214
-86
125
75
-227
69
89
-75
5
-104
163
79
-304
38
428
-73
-223
119
-10
-24
323
133
-171
139
96
-469
198
307
185
-44
-131
45
-2
-178
-51
210
132
-8
-62
102
-295
-2
435
-483
-335
837
-48
-260
30
58
-65
-469
192
451
-250
37
115
-233
-200
-1
152
-32
-368
162
330
-169
-126
-209
-40
56
-186
-38
344
138
-228
-285
267
-130
-366
268
304
163
-236
-184
341
-41
-503
109
321
45
97
-148
7
-130
-299
-2
-55
274
168
-227
-147
-125
-257
118
-26
-135
188
270
-246
-275
-64
-151
10
127
37
68
-25
-189
-334
-172
77
7
-72
145
-75
-193
-278
-169
-127
-60
222
-35
-40
37
-188
-279
-121
143
166
-109
171
140
-31
-56
-261
-56
218
353
77
36
114
204
-176
-267
236
527
201
-50
145
391
201
-342
-105
592
513
49
247
278
173
-34
125
266
206
423
332
173
-64
37
194
42
155
193
227
64
13
112
-210
-154
-3
247
186
-149
127
-194
-280
-53
-88
88
133
-10
-51
-235
-215
-24
-139
-131
94
116
-201
-135
-237
-129
-209
-323
98
189
-127
-337
-107
-291
-334
63
-165
-125
119
-230
-387
139
-167
-511
-50
-93
120
16
-427
-1
-140
-566
-208
-198
159
111
-149
-385
-358
-429
-9
98
-377
31
72
-56
-444
-515
23
105
-241
-104
306
-32
-477
-351
-66
77
-142
249
58
-254
-181
-151
123
-226
-138
398
197
-99
-35
128
-10
47
254
332
404
107
170
306
287
242
419
480
450
443
652
545
271
581
656
594
660
816
688
578
546
520
656
775
624
445
509
471
304
367
280
226
220
105
94
55
-234
-255
-72
-211
-110
-136
-500
-457
-173
-399
-346
-117
-336
-566
-313
-93
-301
-257
-132
-528
-310
89
-55
-45
-362
-221
-204
-216
36
-32
-167
-71
-33
-382
-309
83
-55
-477
-152
-76
-234
-218
-273
-398
-598
-325
-147
-238
-168
-356
-615
-863
-494
-219
-474
-153
-329
-711
-777
-657
-489
-650
-373
-224
-528
-649
-691
-625
-716
-643
-384
-301
-383
-542
-550
-620
-785
-605
-171
50
1
-17
-117
-563
-556
27
486
822
653
326
355
15
316
1070
1368
1512
1323
1150
1022
1148
1370
1593
1889
1880
1564
1460
1338
1275
1074
1014
1268
1216
1093
865
281
-40
106
323
452
315
155
-297
-682
-578
-293
0
-149
-256
-396
-440
-463
-674
-398
-224
-62
-118
-419
-209
-324
-502
-286
-49
301
113
48
-19
-287
49
33
187
301
202
367
-96
-181
-164
-271
170
80
-64
-203
-456
-525
-684
-562
-445
-311
-424
-685
-814
-980
-838
-966
-805
-319
-737
-881
-1010
-1071
-753
-805
-672
-658
-647
-688
-802
-715
-691
-736
-576
-587
-556
-441
-488
-659
-847
-657
-364
-356
-530
-494
-156
35
68
-174
-307
-153
26
515
919
788
629
163
168
678
1067
1716
1767
1392
1087
1046
1272
1542
2113
2257
1770
1294
1331
1552
1405
1315
1068
989
1078
1102
687
75
-65
-21
260
450
404
-163
-844
-931
-477
103
189
-76
-561
-630
-333
-252
-51
49
64
-63
-210
-5
87
-12
-112
-59
97
439
356
-179
-253
-77
122
199
252
268
-147
-319
-153
-77
-86
-22
-129
-282
-510
-602
-442
-418
-537
-678
-717
-587
-778
-1020
-901
-790
-876
-921
-720
-808
-1123
-1280
-1066
-834
-855
-662
-949
-1121
-937
-1025
-793
-593
-664
-854
-940
-687
-690
-606
-721
-843
-816
-811
-539
-627
-704
-798
-786
-310
-149
69
-155
-659
-576
-117
575
775
660
493
143
82
636
1351
1996
1734
1253
1299
1424
1688
2073
2500
2363
1891
1866
1824
1912
1808
1593
1448
1436
1450
1217
924
475
384
244
383
682
295
7
-530
-575
-110
-91
-42
-180
-253
-322
-351
-136
-124
-12
69
30
169
18
-78
82
91
173
345
279
67
-45
-55
126
51
103
129
32
-117
-151
15
-221
-217
-198
-178
-181
-484
-432
-489
-568
-567
-669
-700
-729
-803
-825
-790
-1004
-1023
-923
-889
-1054
-1092
-906
-1103
-1389
-1216
-980
-969
-1216
-1181
-1056
-1081
-1150
-1169
-874
-813
-1028
-1073
-945
-906
-987
-864
-782
-870
-769
-900
-1064
-898
-314
-12
-126
-365
-578
-463
-217
399
1012
810
679
373
504
1046
1346
1823
1915
1978
1832
1754
2060
2145
2499
2730
2558
2376
2160
2070
1987
1987
1949
1894
1679
1426
1036
744
644
476
749
647
211
-116
-356
-312
-294
-16
-17
-326
-505
-648
-384
-184
-208
-150
-44
-172
-475
-397
-85
103
35
-30
-123
-145
-106
-143
-129
-11
196
58
-181
-165
-168
-57
-2
-100
-98
-159
-315
-378
-446
-394
-485
-611
-534
-649
-799
-907
-843
-942
-1021
-967
-1114
-1170
-1131
-1105
-1190
-1375
-1473
-1580
-1544
-1312
-1298
-1467
-1518
-1494
-1574
-1605
-1405
-1166
-1176
-1355
-1447
-1352
-1221
-1074
-1031
-1087
-1001
-1146
-1061
-929
-764
-406
-498
-240
-324
-457
-112
-149
452
722
827
971
523
902
1168
1594
2001
1988
2374
2050
2032
2355
2579
2956
2869
2839
2628
2559
2422
2205
2381
2364
2134
1729
1410
1321
1190
906
711
701
586
363
1
-108
-70
-70
-52
-182
-251
-386
-450
-392
-218
-70
-235
-387
-391
-176
-117
-222
-148
-141
11
-56
-102
53
25
120
148
181
130
102
131
125
305
249
67
-53
-18
-14
-178
-201
-250
-386
-510
-603
-643
-676
-780
-853
-1097
-1094
-1091
-1327
-1342
-1275
-1244
-1537
-1652
-1752
-1902
-1712
-1576
-1556
-1799
-1805
-1705
-1743
-1546
-1549
-1464
-1404
-1446
-1365
-1358
-1232
-1160
-1053
-1079
-1111
-1010
-1015
-950
-668
-296
-346
-400
-426
-396
-35
133
613
792
722
772
696
1081
1351
1825
2181
2142
2383
2191
2257
2560
2915
3270
3099
3092
2831
2626
2625
2602
2635
2482
2267
1925
1557
1266
1199
1041
863
787
506
269
-104
-157
-146
-201
-157
-401
-501
-665
-643
-563
-633
-534
-586
-550
-553
-589
-477
-513
-432
-311
-160
-146
-260
-213
-52
101
30
89
200
151
179
227
298
209
247
201
97
175
103
-50
-254
-287
-318
-358
-498
-693
-818
-952
-993
-1203
-1333
-1366
-1479
-1570
-1676
-1736
-1993
-2217
-2180
-2038
-1975
-2103
-2194
-2212
-2175
-2073
-2029
-1899
-1774
-1765
-1749
-1678
-1621
-1598
-1445
-1207
-1021
-1253
-1313
-1160
-888
-428
-579
-474
-346
-310
-36
-204
282
667
717
888
719
1037
1235
1467
1936
2087
2419
2324
2225
2514
2857
3232
3165
3013
3049
3078
2895
2682
2722
2815
2625
2147
1849
1661
1629
1419
1072
1049
823
584
305
210
294
75
51
-28
-137
-203
-294
-257
-213
-27
-133
-327
-309
-101
56
-67
-15
-28
40
87
80
180
181
272
235
169
241
318
308
278
310
228
297
303
171
84
5
14
-148
-259
-337
-471
-510
-729
-864
-993
-1065
-1138
-1492
-1503
-1570
-1591
-1708
-2058
-2055
-2095
-2133
-2260
-2266
-2093
-2257
-2367
-2282
-2140
-2011
-1996
-1957
-1863
-1865
-1764
-1693
-1749
-1450
-1246
-1179
-1198
-1323
-1186
-1174
-971
-421
-338
-246
-360
-519
-248
-208
318
892
856
899
640
731
1163
1592
2135
2210
2376
2367
2234
2559
2836
3161
3316
3297
3326
3048
2784
2719
2816
2977
2839
2305
1879
1579
1453
1371
1136
1140
861
360
43
-160
119
92
-108
-185
-437
-541
-714
-551
-206
-267
-420
-622
-604
-323
-188
-292
-237
-91
-72
-159
-169
48
83
133
207
167
248
151
178
260
246
361
353
271
118
-36
35
38
-83
-215
-456
-555
-612
-769
-827
-1010
-1161
-1299
-1627
-1641
-1669
-1836
-1871
-2083
-2265
-2350
-2516
-2406
-2381
-2412
-2514
-2645
-2408
-2306
-2201
-2117
-2145
-1960
-2026
-1790
-1586
-1680
-1520
-1416
-1168
-1061
-1246
-1186
-1075
-931
-508
-225
-205
-210
-306
-164
25
293
869
1011
1065
1064
961
1139
1481
2124
2493
2553
2679
2509
2558
2880
3218
3565
3625
3551
3349
3042
2887
2935
3046
3093
2796
2279
1870
1470
1423
1465
1390
1289
669
272
96
85
244
91
71
-94
-367
-445
-537
-379
-150
-141
-285
-392
-351
-187
-169
-151
-19
77
144
-1
2
84
139
327
307
297
264
109
181
259
295
321
227
82
-91
-147
-107
-203
-347
-540
-723
-807
-921
-1091
-1243
-1424
-1557
-1658
-1936
-2036
-2055
-2204
-2293
-2430
-2477
-2606
-2770
-2677
-2586
-2478
-2509
-2666
-2521
-2359
-2150
-1939
-1963
-1846
-1772
-1644
-1428
-1409
-1132
-1031
-1017
-884
-915
-739
-716
-700
-296
-13
179
199
39
158
229
415
953
1353
1571
1381
1036
1198
1612
2330
2790
2886
2884
2570
2600
2949
3368
3854
3701
3475
3325
3048
2964
2801
2841
2940
2608
2229
1717
1293
1139
1081
1099
928
565
157
-266
-343
-184
-198
-237
-328
-511
-655
-847
-701
-308
-112
-187
-458
-503
-348
-190
-4
135
206
139
4
14
158
277
361
319
278
264
116
119
123
204
334
137
-41
-323
-519
-434
-397
-391
-670
-1046
-1221
-1388
-1393
-1487
-1677
-1870
-2125
-2258
-2401
-2405
-2401
-2627
-2685
-2783
-2861
-2859
-2856
-2710
-2673
-2601
-2562
-2535
-2376
-2199
-1974
-1807
-1741
-1651
-1572
-1514
-1195
-969
-919
-824
-973
-759
-661
-703
-457
-546
-139
193
295
503
154
137
270
686
1506
1747
1751
1402
1108
1503
2059
2739
3219
3165
2980
2718
2700
3278
3705
3968
3860
3451
3254
2946
2868
2863
2729
2744
2348
1995
1615
1097
863
704
826
949
583
53
-463
-608
-325
-89
53
-78
-513
-710
-667
-265
183
154
35
-186
-163
149
257
457
523
487
540
447
510
567
520
607
650
645
560
305
218
282
383
409
161
-146
-404
-554
-497
-512
-634
-947
-1298
-1476
-1599
-1689
-1871
-2038
-2129
-2290
-2427
-2561
-2640
-2661
-2727
-2757
-2811
-2806
-2837
-2834
-2692
-2598
-2425
-2337
-2334
-2140
-2032
-1846
-1647
-1531
-1411
-1467
-1266
-988
-941
-887
-931
-796
-659
-743
-640
-667
-385
75
123
371
262
100
236
295
1134
1748
1781
1632
1190
1432
1898
2438
3002
3125
3144
2895
2729
3011
3431
3718
3697
3519
3386
3148
2720
2499
2414
2450
2365
1972
1562
985
467
211
284
610
579
154
-457
-950
-942
-560
-180
40
-173
-563
-738
-693
-230
192
291
259
82
117
190
290
444
531
756
777
601
403
203
307
430
446
454
252
-10
-241
-397
-307
-250
-411
-682
-1051
-1220
-1294
-1473
-1565
-1749
-1887
-2039
-2334
-2476
-2631
-2637
-2588
-2691
-2714
-2812
-2861
-2885
-2910
-2773
-2619
-2488
-2441
-2442
-2348
-2160
-1945
-1752
-1590
-1419
-1301
-1310
-1226
-987
-716
-607
-629
-589
-606
-441
-409
-402
-208
-303
-13
264
402
842
581
359
343
556
1453
1972
2146
1930
1511
1577
1888
2634
3346
3659
3577
3150
2924
3163
3601
4003
4141
3887
3495
2995
2687
2677
2528
2442
2054
1727
1441
819
438
34
-2
154
52
68
-386
-848
-1044
-1030
-536
-146
-97
-245
-495
-566
-330
7
355
544
515
520
442
520
565
661
1003
1032
977
740
506
578
496
440
408
351
252
-41
-284
-406
-549
-733
-867
-940
-1066
-1410
-1831
-2126
-2167
-2065
-2141
-2373
-2624
-2859
-2993
-3018
-2937
-2758
-2722
-2860
-2888
-2905
-2868
-2767
-2569
-2366
-2189
-2012
-2051
-2067
-1965
-1682
-1302
-1196
-1129
-1108
-1112
-1045
-884
-595
-431
-429
-582
-724
-692
-500
-51
350
642
831
338
-128
-18
542
1683
2315
2238
1848
1234
1268
1753
2582
3514
3961
3813
3091
2564
2682
3305
4061
4339
4074
3377
2629
2221
2135
2288
2451
2174
1672
1068
384
-30
-271
-146
162
201
-97
-791
-1191
-1093
-768
-351
-145
-85
-162
-397
-476
-214
182
609
885
829
659
507
560
771
1041
1237
1154
1030
822
695
646
481
484
405
224
83
-169
-385
-587
-806
-948
-1021
-1210
-1476
-1777
-2068
-2158
-2227
-2404
-2569
-2707
-2807
-2923
-3032
-3122
-3071
-3001
-2948
-2772
-2775
-2818
-2818
-2826
-2551
-2337
-2111
-1890
-1885
-1807
-1845
-1675
-1352
-1142
-863
-805
-735
-681
-784
-604
-340
-176
-108
-289
-352
-207
-185
215
654
1033
1061
338
172
358
1053
2000
2224
2453
1882
1286
1316
1655
2800
3530
3774
3481
2758
2472
2430
2887
3501
3776
3559
2956
2367
1976
1672
1484
1555
1567
1586
1169
502
-5
-598
-466
-163
221
515
-40
-455
-785
-718
-143
263
752
789
498
306
216
506
935
1261
1502
1517
1297
1044
844
983
1198
1163
1183
1070
892
489
-57
-180
-223
-166
-190
-399
-568
-1044
-1516
-1717
-1665
-1392
-1393
-1760
-2055
-2219
-2361
-2398
-2387
-2244
-2164
-2316
-2431
-2509
-2476
-2419
-2297
-2075
-1989
-2011
-2183
-2267
-2206
-2013
-1698
-1627
-1586
-1555
-1676
-1621
-1524
-1315
-1018
-913
-845
-829
-886
-867
-751
-605
-466
-292
-192
-217
-519
-550
-32
490
1092
1005
460
147
-103
500
1371
2108
2462
1810
1142
700
982
1888
2625
3242
3078
2445
1905
1675
2033
2464
2702
2687
2437
2106
1819
1494
1319
1187
1046
1108
1087
1113
870
426
189
18
234
296
344
531
442
516
418
339
392
396
562
693
814
898
832
630
515
504
531
576
607
648
402
93
-186
-414
-402
-443
-396
-507
-757
-1000
-1210
-1143
-1098
-978
-1025
-1201
-1255
-1432
-1444
-1336
-1208
-1219
-1325
-1448
-1603
-1553
-1543
-1490
-1451
-1611
-1752
-1856
-1790
-1689
-1729
-1877
-2051
-2077
-2006
-1909
-1838
-1719
-1684
-1612
-1530
-1491
-1273
-1049
-852
-653
-514
-385
-291
-133
-26
81
208
257
344
350
394
400
385
469
530
629
640
663
776
927
1152
1114
894
595
442
712
1162
1665
1803
1481
1082
852
1013
1492
2015
2373
2354
2047
1698
1570
1746
2017
2133
2052
1800
1568
1442
1384
1394
1249
1033
848
757
809
811
822
718
490
369
237
223
239
246
403
445
401
295
126
46
71
137
224
324
342
227
37
-144
-259
-309
-334
-354
-415
-503
-625
-789
-863
-835
-853
-930
-997
-1091
-1160
-1124
-1051
-1075
-1146
-1262
-1323
-1328
-1355
-1356
-1459
-1504
-1465
-1487
-1508
-1598
-1623
-1726
-1805
-1626
-1616
-1541
-1478
-1544
-1507
-1497
-1289
-1117
-949
-741
-737
-689
-683
-606
-342
-178
61
199
224
277
264
326
437
501
486
429
457
500
483
382
195
103
75
76
149
232
418
561
641
670
449
180
23
164
699
1218
1547
1486
1097
789
678
932
1526
2087
2406
2338
2006
1694
1488
1459
1581
1724
1785
1673
1543
1428
1237
946
611
429
417
459
400
236
141
79
35
3
-135
-256
-356
-358
-200
-35
206
362
262
70
-193
-330
-263
-67
166
227
188
46
-202
-356
-436
-473
-519
-627
-619
-574
-616
-735
-985
-1236
-1425
-1516
-1488
-1468
-1459
-1575
-1741
-1844
-1965
-2066
-2110
-2021
-1888
-1823
-1805
-1788
-1785
-1781
-1731
-1536
-1233
-987
-803
-697
-652
-566
-466
-319
-195
-57
103
230
437
572
567
451
356
416
540
584
619
670
603
435
261
129
27
-90
-104
-74
-93
-210
-432
-543
-504
-285
170
581
893
849
465
186
123
553
1363
2089
2448
2215
1784
1553
1628
2039
2576
3005
3138
2958
2711
2563
2394
2233
2030
1869
1792
1653
1426
1067
646
258
-29
-111
-156
-348
-713
-1031
-1088
-978
-743
-614
-688
-817
-954
-879
-564
-157
271
469
488
339
56
-60
61
400
791
973
927
663
220
-128
-325
-273
-150
-175
-319
-668
-1066
-1416
-1664
-1716
-1829
-1955
-2132
-2359
-2493
-2533
-2434
-2325
-2284
-2343
-2462
-2461
-2268
-1952
-1566
-1288
-1163
-1129
-1066
-835
-559
-259
34
217
335
307
271
321
402
555
613
553
490
344
185
1
-154
-157
-199
-296
-413
-556
-720
-884
-1080
-1204
-1207
-1229
-1170
-1192
-1137
-560
95
811
1073
693
409
182
490
1330
2119
2806
2939
2755
2693
2543
2605
2860
3085
3403
3390
3240
3109
2708
2388
2104
1905
1835
1433
858
223
-413
-737
-800
-627
-504
-825
-1463
-2029
-2131
-1848
-1324
-838
-593
-446
-475
-385
-113
165
551
855
1219
1512
1466
1360
1181
1221
1551
1750
1888
1626
1041
568
143
23
33
-164
-449
-962
-1578
-2014
-2358
-2459
-2503
-2644
-2773
-3020
-3249
-3342
-3259
-2953
-2630
-2334
-2134
-2037
-1916
-1757
-1481
-1136
-705
-342
-61
140
251
413
631
805
943
877
727
645
506
537
584
584
482
67
-427
-856
-1193
-1306
-1378
-1368
-1391
-1534
-1712
-1887
-2067
-2183
-2134
-1988
-1057
-181
651
1157
805
675
572
914
1965
2673
3221
3220
2951
3170
3255
3693
4166
4261
4408
3845
3275
2987
2531
2496
2364
2094
1887
1113
359
-397
-1126
-1437
-1714
-1657
-1803
-2285
-2790
-3109
-2651
-1895
-1183
-701
-819
-811
-631
-196
665
1205
1811
2235
2487
2740
2520
2494
2489
2601
2871
2640
2319
1846
1245
1185
1097
853
461
-485
-1193
-1668
-2041
-2219
-2611
-3001
-3298
-3447
-3470
-3502
-3448
-3377
-3109
-2823
-2718
-2639
-2565
-2262
-1734
-1172
-717
-499
-295
-73
208
481
483
533
540
603
734
607
513
380
191
23
-356
-766
-1140
-1408
-1432
-1482
-1542
-1789
-2124
-2365
-2521
-2669
-2709
-2719
-2412
-1274
-412
598
900
531
657
677
1210
2044
2235
2654
2684
2839
3432
3491
3963
4077
4041
4114
3407
3039
2698
2271
2415
1991
1620
1106
178
-263
-975
-1321
-1543
-1868
-1814
-2350
-2786
-3184
-3328
-2584
-1934
-1218
-712
-614
39
596
1316
2045
2285
2745
2908
3106
3320
3244
3442
3589
3683
3671
3117
2635
2123
1737
1566
1017
423
-362
-1070
-1457
-1778
-1985
-2372
-2795
-3128
-3375
-3516
-3743
-3934
-3872
-3636
-3168
-2696
-2287
-1832
-1427
-993
-694
-447
-352
-198
87
412
720
805
789
835
824
748
478
26
-378
-804
-1013
-1214
-1356
-1476
-1666
-1840
-2218
-2570
-2870
-3058
-3042
-2958
-2943
-2943
-2853
-2674
-1723
-727
241
1027
1057
1376
1693
2033
2911
3060
3333
3339
3018
3265
3048
3392
3898
4018
4267
3487
2811
2358
1870
1908
1335
586
-292
-1346
-1663
-1958
-1979
-1867
-1973
-1814
-2192
-2623
-2968
-3133
-2431
-1755
-1148
-541
-311
711
1787
2745
3703
3832
4205
4437
4445
4600
4216
4129
4047
3872
3808
3103
2741
2405
2213
2043
1094
197
-798
-1413
-1687
-2063
-2378
-3012
-3499
-3748
-3749
-3538
-3638
-3638
-3595
-3377
-2881
-2571
-2134
-1719
-1271
-714
-337
-42
128
406
882
1303
1445
1221
904
737
580
393
-4
-628
-1094
-1472
-1618
-1633
-1889
-2091
-2461
-2792
-2996
-3339
-3479
-3663
-3614
-3439
-3534
-3400
-3483
-2793
-1565
-599
573
752
1015
1627
2040
3223
3594
3653
3601
2917
3060
2898
3127
3706
3766
4103
3625
3075
2807
2241
2032
1250
158
-859
-2021
-2357
-2578
-2617
-2536
-2764
-2694
-2886
-3126
-3086
-3094
-2435
-1839
-1518
-1092
-963
51
1389
2620
3818
4217
4761
5242
5464
5705
5295
5038
4713
4315
4087
3399
2995
2535
2106
1782
1052
516
-27
-548
-990
-1694
-2277
-2981
-3617
-3941
-4089
-3833
-3631
-3423
-3094
-2724
-2023
-1557
-1301
-1164
-1075
-629
-103
362
732
942
1233
1485
1542
1472
1182
1073
905
664
275
-429
-892
-1289
-1412
-1596
-2006
-2412
-2913
-3084
-3141
-3234
-3219
-3408
-3330
-3303
-3431
-3394
-3484
-2639
-1751
-873
-87
-130
473
1036
1837
2977
3162
3476
3207
2832
2864
2553
2804
2855
2758
2766
2280
2269
2301
2223
2186
1377
508
-454
-1343
-1751
-2420
-3021
-3566
-3959
-3684
-3509
-3071
-2658
-2333
-1586
-1274
-854
-577
-336
486
1112
1882
2495
3038
4012
4794
5459
5551
5239
5021
4672
4467
3989
3360
2859
2236
1761
1217
705
486
172
-210
-827
-1418
-1789
-2083
-2280
-2640
-2904
-3081
-3236
-3203
-3130
-2688
-1958
-1223
-597
-223
128
517
805
994
991
988
1021
915
889
761
756
880
791
738
375
-132
-575
-1068
-1338
-1632
-2009
-2356
-2802
-3014
-3171
-3255
-3254
-3286
-3152
-3129
-3083
-3093
-2632
-1892
-1138
-380
-205
213
776
1291
2070
2206
2351
2322
2146
2313
2223
2375
2339
2083
1915
1538
1457
1486
1455
1352
876
191
-516
-1102
-1494
-1886
-2535
-3161
-3654
-3660
-3391
-3082
-2697
-2416
-1907
-1404
-879
-234
376
1218
1901
2325
2591
2718
3204
3817
4398
4677
4577
4478
4267
4051
3639
3057
2612
2125
1613
978
356
-1
-119
-271
-670
-1057
-1411
-1532
-1668
-1970
-2174
-2289
-2219
-2150
-2089
-1924
-1573
-1060
-615
-185
307
807
1257
1492
1508
1506
1420
1295
1120
850
670
462
240
33
-218
-369
-536
-694
-935
-1316
-1721
-2142
-2441
-2660
-2884
-3022
-3148
-3164
-3143
-3223
-3174
-3057
-2415
-1550
-898
-314
-237
147
762
1270
2027
2185
2358
2341
2072
2197
2079
2229
2168
1769
1536
1073
935
932
866
857
396
-225
-844
-1359
-1600
-2017
-2692
-3333
-3861
-3868
-3710
-3615
-3393
-3170
-2483
-1674
-864
-22
619
1489
2218
2774
3251
3475
3927
4328
4582
4625
4306
4110
3982
3888
3691
3139
2671
2226
1804
1339
660
165
-228
-582
-1029
-1545
-1876
-2091
-2223
-2339
-2315
-2121
-1934
-1827
-1740
-1467
-1074
-666
-351
-26
433
870
1289
1575
1876
2123
2192
2123
1855
1603
1255
963
672
345
49
-412
-700
-909
-1057
-1187
-1518
-1758
-1998
-2215
-2504
-2907
-3166
-3290
-3315
-3428
-3547
-3465
-2863
-2050
-1353
-774
-416
332
1085
1624
2104
2199
2465
2471
2218
2106
1929
1976
1830
1428
1187
1064
1143
1223
1042
710
168
-491
-981
-1379
-1796
-2412
-3302
-3914
-4175
-4112
-3954
-3963
-3784
-3492
-2943
-2274
-1567
-653
181
1068
1849
2465
3120
3608
4151
4662
4896
4864
4523
4180
3995
3788
3418
2898
2429
2112
1778
1311
808
376
39
-389
-934
-1395
-1811
-2219
-2699
-3097
-3080
-2862
-2632
-2481
-2326
-1823
-1243
-699
-198
218
729
1071
1315
1563
1825
2088
2157
2148
2139
2161
2111
1956
1713
1380
981
503
111
-150
-463
-881
-1386
-1732
-1772
-1778
-1948
-2344
-2736
-2898
-3002
-3100
-3218
-3168
-2654
-2182
-1758
-1431
-1048
-63
837
1635
2217
2411
2748
2724
2562
2545
2385
2312
1906
1299
1014
885
1004
1148
1063
896
371
-262
-709
-1074
-1424
-2198
-3196
-3902
-4272
-4312
-4417
-4509
-4283
-3867
-3214
-2584
-1872
-954
-107
758
1483
2083
2711
3138
3585
4022
4258
4363
4239
4147
4100
3841
3415
2932
2569
2219
1625
940
433
169
-91
-607
-1157
-1509
-1743
-2057
-2490
-2759
-2771
-2840
-3045
-3199
-3033
-2483
-1928
-1453
-940
-372
242
752
1209
1683
2007
2078
2003
1931
1973
1986
1896
1842
1711
1558
1256
919
813
665
440
-49
-618
-884
-1097
-1284
-1620
-2088
-2304
-2506
-2698
-2801
-2850
-2393
-1790
-1424
-1100
-976
-453
289
758
1310
1608
1997
2362
2307
2423
2559
2711
2704
2183
1682
1299
1000
845
615
460
263
-169
-564
-914
-1146
-1520
-2304
-3111
-3785
-4165
-4432
-4755
-4796
-4558
-3986
-3297
-2663
-1885
-1093
-217
665
1416
2136
2643
3068
3546
3929
4161
4109
3958
3914
3775
3420
2935
2559
2399
2173
1696
1192
848
622
247
-369
-910
-1314
-1695
-2128
-2547
-2696
-2728
-2851
-3011
-3034
-2722
-2237
-1810
-1467
-1117
-669
-142
437
992
1413
1632
1701
1784
1900
1928
1845
1699
1598
1526
1333
1062
845
749
683
443
73
-253
-441
-623
-956
-1394
-1777
-1982
-2200
-2480
-2686
-2569
-2030
-1511
-1139
-881
-496
188
760
1232
1568
1858
2166
2181
2139
2150
2251
2355
2176
1899
1641
1462
1351
1145
851
484
45
-360
-704
-1063
-1510
-2147
-2781
-3215
-3506
-3774
-4129
-4400
-4384
-4090
-3667
-3206
-2633
-1909
-1030
-139
689
1443
2040
2546
2986
3338
3545
3521
3386
3258
3114
2921
2681
2489
2363
2128
1733
1299
996
817
516
49
-454
-879
-1248
-1663
-2011
-2227
-2368
-2566
-2827
-2918
-2782
-2478
-2166
-1866
-1427
-921
-386
75
499
943
1280
1525
1631
1718
1786
1720
1615
1474
1453
1445
1292
1067
810
677
582
441
291
87
-115
-384
-709
-1000
-1316
-1651
-2035
-2361
-2388
-2170
-1839
-1549
-1290
-825
-187
486
1049
1419
1721
1921
2021
2079
2094
2122
2087
1987
1890
1781
1722
1662
1566
1376
1028
616
195
-177
-598
-1167
-1824
-2450
-2880
-3189
-3486
-3790
-4012
-3991
-3777
-3434
-3057
-2659
-2158
-1531
-751
43
711
1231
1682
2190
2688
3044
3197
3196
3129
2999
2793
2551
2339
2164
1943
1639
1335
1138
1027
842
523
121
-281
-706
-1209
-1683
-2030
-2250
-2449
-2669
-2756
-2632
-2345
-2054
-1834
-1585
-1236
-796
-376
-32
253
518
752
941
1102
1203
1254
1218
1185
1199
1186
1129
982
882
844
795
729
585
455
278
31
-248
-568
-842
-1158
-1479
-1736
-1865
-1789
-1647
-1452
-1207
-875
-422
19
464
856
1163
1400
1529
1684
1823
1893
1895
1803
1752
1720
1690
1679
1573
1417
1167
877
634
335
-12
-479
-1037
-1560
-2063
-2462
-2796
-3099
-3302
-3429
-3366
-3123
-2810
-2448
-2091
-1587
-919
-246
332
720
1080
1472
1826
2111
2241
2297
2273
2159
2028
1892
1827
1766
1614
1373
1088
897
791
663
448
144
-158
-475
-846
-1230
-1571
-1806
-2000
-2185
-2292
-2251
-2052
-1822
-1611
-1384
-1077
-684
-313
8
244
401
475
492
564
658
724
701
638
649
691
731
733
727
746
713
645
575
508
437
309
168
57
-112
-353
-634
-808
-776
-703
-650
-637
-535
-237
83
388
616
812
1038
1157
1224
1223
1198
1229
1206
1191
1128
1039
1017
973
931
811
633
519
361
143
-200
-612
-919
-1194
-1454
-1767
-2094
-2281
-2375
-2349
-2222
-2000
-1655
-1324
-1000
-638
-201
316
724
963
1077
1159
1291
1368
1336
1219
1082
1005
929
823
714
631
595
541
436
308
169
36
-97
-245
-401
-585
-788
-950
-1051
-1115
-1190
-1284
-1302
-1220
-1072
-920
-800
-656
-494
-337
-187
-58
80
179
189
139
34
-53
-102
-123
-86
-50
-9
35
79
180
293
420
550
631
691
677
610
524
408
329
256
181
103
-14
-77
-66
24
175
291
393
457
484
520
539
584
608
557
476
387
373
419
442
449
412
388
389
357
322
235
97
-94
-363
-603
-781
-902
-1014
-1193
-1327
-1320
-1157
-915
-736
-562
-306
33
380
589
710
832
949
1021
951
813
698
595
497
352
234
208
204
180
80
-17
-35
-34
-53
-159
-322
-461
-579
-630
-639
-636
-639
-697
-725
-677
-573
-475
-482
-530
-548
-516
-455
-452
-477
-496
-503
-482
-485
-502
-540
-606
-644
-657
-629
-580
-533
-452
-334
-169
34
237
428
576
705
848
999
1116
1149
1114
1066
1027
986
925
856
794
730
652
571
514
476
432
341
206
70
-32
-62
-48
-40
-59
-95
-78
-5
67
104
91
102
143
156
123
37
-24
-48
-90
-151
-236
-279
-262
-237
-188
-121
-3
149
245
303
352
445
583
639
589
463
348
305
251
150
8
-135
-200
-236
-265
-301
-367
-421
-488
-552
-584
-610
-614
-627
-644
-629
-597
-536
-462
-395
-318
-253
-194
-146
-144
-182
-266
-374
-478
-592
-708
-822
-928
-1012
-1078
-1109
-1081
-1023
-965
-918
-860
-745
-589
-425
-268
-124
43
224
400
587
761
933
1104
1253
1403
1506
1562
1594
1581
1556
1475
1330
1186
1028
908
793
645
506
340
207
112
1
-102
-246
-366
-409
-429
-404
-393
-367
-281
-213
-136
-79
-16
111
193
223
181
103
106
130
160
159
105
112
141
191
249
264
305
314
277
237
190
207
227
184
113
9
-53
-108
-213
-327
-455
-535
-573
-624
-658
-688
-678
-623
-575
-516
-459
-385
-277
-181
-95
-41
-13
17
19
-5
-62
-153
-250
-371
-519
-682
-840
-960
-1049
-1114
-1143
-1127
-1065
-982
-900
-807
-696
-571
-450
-350
-263
-174
-79
36
173
331
497
650
797
942
1087
1239
1381
1494
1545
1517
1448
1371
1289
1168
973
732
485
266
81
-86
-228
-347
-432
-472
-473
-435
-378
-319
-258
-209
-156
-94
-24
47
93
123
151
207
301
409
497
535
528
518
526
552
553
512
451
390
333
259
163
73
-11
-102
-219
-336
-407
-434
-437
-435
-414
-351
-276
-222
-203
-194
-155
-100
-55
-48
-69
-76
-55
-12
28
42
54
73
96
99
59
-9
-88
-167
-256
-375
-507
-634
-745
-845
-948
-1033
-1088
-1115
-1119
-1108
-1062
-971
-848
-713
-585
-460
-325
-181
-36
83
165
218
264
330
411
492
558
611
662
711
762
814
854
855
792
680
571
492
423
318
175
37
-59
-117
-178
-248
-308
-333
-330
-322
-311
-278
-209
-123
-47
25
112
224
340
427
474
498
521
560
604
636
640
618
582
550
525
499
459
399
317
220
120
34
-38
-104
-166
-214
-238
-254
-278
-301
-291
-237
-164
-114
-95
-73
-27
31
83
128
169
196
192
167
155
166
174
147
94
47
14
-35
-123
-227
-314
-383
-469
-584
-700
-781
-829
-873
-916
-937
-912
-866
-828
-797
-744
-650
-537
-444
-379
-317
-230
-135
-59
-22
-5
27
85
150
198
231
271
328
396
458
506
537
541
502
428
350
288
226
136
18
-86
-140
-149
-154
-176
-202
-205
-186
-164
-152
-143
-118
-68
-4
64
133
216
327
452
557
617
641
660
688
701
674
611
547
493
439
376
323
301
295
266
199
125
81
65
46
4
-47
-86
-104
-104
-84
-38
20
70
107
141
176
205
215
206
181
142
91
37
-8
-47
-89
-138
-180
-200
-214
-247
-301
-359
-401
-436
-473
-516
-554
-584
-608
-624
-620
-596
-567
-546
-526
-495
-454
-415
-382
-345
-296
-244
-202
-166
-124
-79
-45
-20
11
53
91
104
100
108
144
191
223
236
240
247
250
247
239
221
184
124
54
-8
-60
-108
-156
-196
-218
-221
-211
-182
-130
-59
22
109
195
274
343
404
463
514
543
535
503
469
443
419
384
342
301
260
220
190
180
180
165
121
69
43
39
29
0
-42
-67
-70
-63
-51
-29
6
41
65
92
137
190
221
213
182
153
131
97
39
-38
-115
-181
-235
-280
-317
-348
-373
-390
-402
-412
-418
-425
-437
-454
-473
-483
-478
-466
-461
-457
-441
-394
-328
-270
-238
-213
-171
-112
-54
-14
13
41
69
94
118
154
192
215
218
209
207
215
223
220
210
195
176
158
150
150
144
118
76
33
-2
-43
-97
-150
-178
-182
-183
-187
-171
-111
-11
90
169
230
295
365
415
435
429
409
379
333
278
229
203
196
189
169
146
141
163
184
176
134
87
60
50
30
-12
-54
-72
-66
-56
-52
-42
-16
15
30
30
40
70
101
109
89
69
63
58
30
-24
-82
-129
-168
-210
-262
-307
-333
-336
-327
-320
-321
-332
-345
-357
-370
-383
-400
-418
-439
-457
-458
-431
-372
-302
-239
-192
-144
-80
-7
58
103
127
145
168
194
221
245
269
294
318
332
333
322
307
292
269
231
182
137
110
93
72
47
33
34
30
2
-42
-67
-66
-59
-74
-102
-106
-63
1
50
80
114
169
223
243
231
215
211
202
165
112
74
70
76
61
36
32
65
104
112
89
63
59
58
34
-11
-49
-63
-65
-78
-90
-80
-38
11
37
42
45
57
64
51
27
8
-5
-26
-60
-99
-124
-131
-140
-163
-198
-234
-265
-292
-313
-321
-319
-316
-319
-324
-322
-310
-296
-288
-282
-273
-267
-265
-259
-235
-184
-122
-67
-22
26
85
142
183
206
223
240
246
231
207
198
210
229
232
220
217
229
240
222
183
149
131
118
83
36
6
10
32
37
21
9
16
30
21
-7
-23
-10
15
26
25
44
99
164
198
196
189
199
209
185
126
70
45
38
16
-23
-48
-35
-1
18
19
23
45
64
52
14
-17
-20
-19
-43
-86
-113
-102
-70
-44
-28
-6
30
59
61
46
34
27
13
-23
-70
-106
-131
-155
-183
-203
-205
-204
-218
-246
-271
-276
-270
-269
-276
-274
-264
-254
-254
-249
-225
-189
-167
-167
-169
-148
-108
-73
-53
-28
19
77
121
142
165
207
252
266
250
230
230
235
220
185
161
166
179
169
138
118
126
138
120
77
43
39
46
33
5
-12
2
27
30
12
5
25
57
69
64
70
106
154
188
199
209
231
251
246
211
168
137
113
79
32
-6
-21
-17
-13
-17
-19
-11
6
8
-8
-35
-59
-79
-101
-128
-153
-165
-165
-159
-145
-123
-90
-54
-25
-6
5
11
8
-5
-27
-53
-81
-112
-144
-172
-192
-206
-220
-236
-246
-251
-256
-266
-278
-284
-279
-276
-281
-291
-293
-283
-268
-260
-255
-237
-207
-171
-140
-107
-62
-2
57
99
134
176
227
268
283
284
289
305
315
302
275
262
267
268
250
221
203
204
202
177
140
112
106
99
72
35
14
14
17
4
-15
-22
-6
17
29
33
52
91
135
166
189
214
244
267
270
257
240
222
196
161
127
99
80
65
53
48
51
52
45
31
16
-4
-37
-83
-130
-167
-195
-224
-251
-261
-248
-219
-192
-172
-146
-108
-75
-59
-66
-75
-78
-85
-107
-141
-168
-178
-182
-194
-211
-221
-215
-207
-211
-225
-235
-235
-235
-246
-265
-276
-277
-273
-274
-279
-274
-255
-230
-206
-183
-150
-106
-56
-10
32
73
115
154
186
206
219
231
243
252
256
256
258
265
275
280
276
267
262
258
247
224
196
175
163
150
127
103
88
88
87
74
56
47
54
65
63
59
68
98
132
155
169
190
221
248
253
240
226
217
207
182
146
118
107
103
93
78
70
71
70
55
26
-9
-44
-83
-129
-180
-225
-256
-274
-285
-288
-277
-254
-226
-200
-175
-155
-141
-136
-139
-147
-159
-173
-189
-201
-206
-206
-204
-201
-195
-184
-175
-171
-174
-179
-179
-181
-190
-204
-216
-219
-220
-224
-232
-234
-223
-209
-194
-180
-158
-123
-82
-44
-13
21
60
97
121
134
142
156
170
176
176
181
195
216
231
238
244
256
264
260
243
221
205
187
163
132
105
91
83
73
58
48
50
58
60
58
59
75
96
113
126
145
172
202
222
231
237
244
250
242
223
203
189
182
168
152
139
137
137
132
116
95
73
48
9
-39
-91
-138
-178
-214
-246
-264
-268
-260
-244
-224
-202
-180
-161
-151
-148
-152
-160
-175
-192
-205
-211
-212
-212
-205
-191
-171
-151
-139
-134
-128
-122
-124
-138
-159
-176
-187
-198
-216
-235
-243
-239
-232
-226
-221
-201
-167
-130
-97
-68
-34
9
46
71
84
94
110
124
126
123
126
143
163
178
189
203
222
239
241
228
214
200
182
155
121
95
81
72
61
53
54
64
78
85
89
96
111
124
131
134
144
160
177
188
193
199
211
218
215
204
194
188
182
171
156
146
144
142
137
126
111
97
76
47
8
-35
-76
-114
-150
-183
-205
-214
-212
-202
-186
-168
-148
-129
-116
-111
-114
-125
-139
-154
-168
-178
-186
-189
-181
-165
-147
-132
-121
-111
-104
-105
-118
-141
-165
-188
-210
-233
-257
-272
-275
-270
-261
-252
-238
-212
-182
-154
-130
-104
-74
-40
-11
11
31
53
78
96
106
114
125
138
148
152
155
160
169
174
172
165
157
151
140
121
98
78
62
46
31
17
13
17
26
38
52
72
97
122
144
163
181
199
214
225
231
236
242
246
249
247
245
243
240
234
221
207
192
176
155
131
104
78
51
24
-7
-39
-70
-98
-124
-150
-174
-192
-201
-204
-202
-196
-186
-170
-153
-136
-125
-118
-114
-112
-116
-125
-138
-147
-155
-159
-163
-164
-159
-151
-142
-136
-135
-137
-142
-151
-167
-189
-210
-229
-244
-256
-262
-260
-249
-229
-202
-174
-142
-107
-70
-37
-8
17
40
64
83
98
111
125
139
151
162
169
176
181
184
183
176
168
158
146
132
114
96
79
62
46
29
14
5
0
2
6
16
32
53
80
106
133
161
189
216
236
251
261
269
275
276
273
270
266
262
255
245
231
218
202
183
158
129
99
69
35
-1
-37
-68
-97
-122
-145
-166
-181
-192
-198
-203
-205
-204
-199
-192
-185
-180
-175
-170
-163
-159
-158
-157
-157
-157
-158
-161
-164
-164
-163
-161
-158
-158
-156
-156
-156
-160
-167
-173
-178
-183
-189
-194
-194
-191
-182
-168
-151
-130
-103
-75
-47
-22
2
25
48
66
82
94
106
116
125
130
136
141
148
153
157
155
153
148
140
130
117
105
92
80
67
56
46
39
38
40
45
54
65
79
93
107
121
135
151
165
178
187
193
199
202
202
200
198
196
192
184
175
162
149
134
117
97
77
55
34
10
-17
-42
-66
-85
-104
-119
-132
-142
-150
-156
-160
-163
-162
-158
-154
-152
-150
-148
-146
-145
-142
-141
-138
-134
-130
-125
-122
-119
-117
-114
-111
-109
-109
-108
-111
-115
-122
-128
-132
-135
-136
-136
-133
-130
-124
-115
-105
-91
-74
-57
-39
-21
-5
11
25
39
52
65
78
89
98
105
110
114
117
120
122
123
122
118
111
103
93
83
74
66
58
51
43
40
36
35
38
44
52
63
74
85
96
106
117
126
135
144
150
152
154
153
151
148
144
141
135
130
124
115
104
91
77
62
47
31
14
-5
-24
-41
-60
-74
-87
-97
-104
-109
-113
-117
-119
-120
-118
-117
-114
-110
-106
-103
-100
-96
-92
-87
-82
-77
-71
-65
-61
-57
-55
-53
-52
-50
-49
-50
-53
-57
-64
-71
-78
-83
-88
-90
-92
-92
-90
-87
-81
-72
-62
-50
-38
-26
-16
-5
3
10
17
23
30
36
41
46
48
50
52
51
52
51
49
45
41
34
27
22
17
12
11
8
7
8
7
7
9
13
17
23
29
35
41
46
51
54
58
60
62
63
62
59
57
55
54
55
55
56
59
59
60
60
58
54
50
45
39
32
24
16
8
1
-6
-11
-16
-20
-25
-30
-35
-40
-45
-48
-49
-49
-48
-47
-42
-38
-33
-28
-23
-16
-9
-4
0
4
6
8
10
11
11
9
7
3
-3
-12
-20
-29
-37
-45
-52
-56
-60
-62
-62
-59
-56
-51
-46
-40
-34
-29
-23
-18
-13
-7
-2
4
10
15
19
23
25
27
26
24
22
18
14
11
9
6
4
4
5
5
7
7
8
8
10
10
9
12
13
14
16
19
22
23
26
26
26
26
25
23
24
22
22
23
24
27
29
32
35
37
38
39
39
36
34
30
28
24
18
13
9
3
-4
-11
-19
-28
-37
-44
-53
-59
-63
-65
-66
-64
-61
-56
-50
-44
-37
-29
-23
-17
-13
-8
-5
-1
1
4
5
5
3
1
-3
-9
-14
-23
-31
-38
-45
-51
-56
-60
-61
-60
-58
-54
-49
-45
-37
-29
-21
-12
-1
8
18
28
38
47
54
61
64
67
68
68
66
64
61
58
56
53
51
49
48
47
44
41
38
34
29
25
22
18
14
13
11
11
11
12
14
15
16
17
18
18
20
20
22
24
26
29
31
33
34
36
37
37
35
33
30
25
20
13
7
-1
-10
-19
-30
-40
-50
-61
-72
-81
-89
-93
-97
-97
-96
-93
-88
-80
-73
-65
-56
-48
-40
-34
-28
-23
-18
-15
-11
-9
-9
-8
-10
-11
-14
-18
-23
-29
-36
-40
-48
-53
-58
-60
-63
-62
-62
-59
-54
-48
-40
-31
-21
-10
2
13
26
36
47
57
64
72
77
81
82
84
82
82
80
78
77
74
72
68
64
61
56
49
43
36
28
23
15
10
5
0
-3
-4
-3
-2
1
4
9
14
19
25
30
35
40
45
48
50
54
55
56
56
55
54
51
49
44
37
32
23
14
4
-7
-19
-30
-41
-52
-62
-71
-77
-81
-84
-84
-82
-79
-73
-67
-59
-52
-43
-36
-29
-23
-16
-12
-9
-7
-7
-6
-7
-8
-13
-16
-19
-24
-29
-34
-39
-44
-50
-54
-59
-62
-65
-66
-66
-64
-61
-55
-49
-41
-32
-22
-11
0
11
20
30
38
44
48
52
54
55
55
55
53
51
49
47
44
42
40
38
34
30
27
22
18
13
9
4
1
-3
-5
-8
-9
-8
-8
-6
-3
1
5
10
15
19
24
27
31
34
38
40
42
44
45
46
46
46
45
42
40
36
32
26
20
13
5
-3
-12
-20
-26
-33
-39
-43
-46
-46
-46
-45
-41
-37
-32
-27
-22
-17
-11
-8
-4
-1
0
1
2
1
1
-1
-3
-6
-6
-9
-12
-15
-17
-19
-21
-22
-24
-25
-25
-25
-24
-22
-19
-17
-13
-8
-5
0
4
8
11
14
16
18
18
18
16
13
11
9
6
3
0
-3
-5
-6
-7
-7
-7
-7
-6
-6
-6
-5
-5
-5
-4
-4
-4
-4
-5
-4
-5
-5
-5
-4
-4
-4
-3
-1
-1
0
1
2
4
6
7
9
10
12
13
14
15
17
17
18
17
17
16
14
12
10
8
5
2
-2
-4
-6
-8
-9
-11
-11
-12
-13
-12
-10
-9
-8
-8
-6
-4
-3
-2
-1
0
1
1
1
0
0
0
0
0
0
-1
-1
-1
-1
-1
1
0
2
3
4
5
6
8
9
11
12
12
13
12
13
12
10
9
7
5
4
1
-1
-3
-5
-7
-8
-9
-11
-11
-12
-12
-11
-11
-10
-8
-8
-6
-4
-4
-2
-1
-1
0
0
1
0
1
0
0
-1
-1
-1
0
-1
-1
-1
0
1
1
2
3
5
6
9
9
10
11
12
11
11
11
10
9
8
7
5
3
1
-2
-3
-5
-6
-8
-10
-9
-10
-11
-10
-10
-9
-8
-8
-6
-5
-4
-3
-2
-1
-1
1
0
1
0
0
0
-1
-1
-1
-1
-1
-1
0
-1
0
0
1
2
3
4
6
6
6
8
7
9
8
9
8
8
6
6
4
3
2
1
-1
-3
-3
-4
-6
-6
-6
-7
-8
-7
-6
-6
-6
-6
-5
-4
-2
-2
-2
-1
0
0
0
0
0
0
0
0
-1
0
-1
-1
0
0
0
0
1
1
2
2
2
3
3
3
4
5
5
6
5
4
4
4
3
3
2
1
1
-1
-1
-2
-2
-3
-3
-3
-3
-4
-2
-3
-3
-3
-2
-2
-2
-1
-1
-1
0
0
1
0
0
0
0
0
0
0
0
1
0
0
-1
0
0
0
0
0
0
0
1
1
1
1
1
1
0
0
1
0
0
0
0
0
0
1
0
0
0
0
0
0
1
0
0
0
0
0
0
0
0
0
-1
0
0
0
1
0
0
0
1
1
0
0
0
0
0
0
0
0
0
1
0
0
0
-1
1
1
-1
0
0
0
0
0
0
0
0
0
-1
0
-1
1
1
0
-1
0
0
1
0
0
-1
0
1
0
0
-1
0
0
0
0
-1
0
0
0
0
0
0
0
0
1
0
-1
0
0
1
-1
-1
-1
1
1
1
-1
0
0
0
1
1
0
-1
0
0
1
0
-1
-1
1
1
1
0
-1
0
1
1
-1
-1
0
0
1
0
-1
-1
1
2
1
-1
-1
0
1
2
0
-1
0
1
1
0
-1
-2
0
1
1
0
-1
0
1
1
0
-1
-1
1
2
0
-1
-2
0
2
2
1
-2
-1
1
2
1
-2
-2
0
2
2
0
-2
-1
2
1
0
-3
-2
1
2
1
-1
-2
-1
1
2
0
-2
-1
2
3
1
-2
-2
-1
3
3
0
-3
-1
1
2
0
-2
-1
1
2
1
-2
-3
-1
2
4
0
-2
-2
2
3
1
-2
-2
1
2
3
-1
-3
-1
2
4
1
-2
-3
1
2
2
-1
-3
-1
2
2
-1
-2
-2
1
3
2
-3
-3
0
3
3
0
-4
-1
2
4
1
-2
-3
0
3
2
-2
-3
-1
2
3
0
-3
-2
1
3
2
-2
-3
0
3
2
-1
-3
-1
2
3
1
-2
-2
0
3
2
-1
-3
-2
2
2
0
-2
-2
1
3
1
-1
-3
-1
3
2
0
-1
-2
1
3
1
-2
-3
0
4
2
-1
-3
-1
2
2
0
-2
-2
0
3
2
-2
-3
-1
1
3
0
-2
-2
0
3
1
-2
-3
0
2
2
0
-3
-1
1
2
1
-1
-2
0
2
1
-1
-3
-1
1
2
-1
-2
-2
1
1
1
-1
-2
0
2
2
0
-2
-2
0
3
1
-1
-2
0
1
2
-1
-2
-1
1
1
0
-1
-2
1
2
1
-1
-1
-1
1
2
0
-2
-2
1
2
0
-1
-1
0
1
1
-1
-2
-1
1
2
0
0
0
0
2
1
-1
-1
0
1
2
0
0
0
0
1
1
0
-1
-1
0
1
0
-1
-1
0
1
0
-1
-1
-1
1
0
0
0
0
0
2
0
-1
0
0
1
1
0
0
0
0
0
-1
-1
0
0
0
0
0
0
0
0
0
0
0
0
0
0
0
-1
0
0
0
-1
0
-1
0
0
0
0
0
-1
0
0
0
-1
1
0
0
0
0
0
-1
0
-1
0
-1
0
0
0
0
-1
0
-1
0
1
0
0
0
0
0
0
1
0
0
0
0
0
0
-1
0
0
0
0
0
0
0
0
1
0
1
1
0
0
0
0
0
0
0
0
1
0
1
0
1
0
0
0
0
0
0
0
0
0
0
0
0
0
1
1
0
0
1
0
-1
0
0
1
0
0
0
0
0
0
0
0
0
0
0
0
0
0
0
0
0
0
0
0
0
0
0
-1
0
1
0
0
0
0
0
0
0
-1
1
0
0
0
1
0
1
0
0
0
0
0
0
0
-1
0
0
0
0
0
1
0
0
0
0
-1
1
1
0
0
1
0
0
0
0
0
0
0
0
-1
0
0
0
0
1
0
0
0
0
0
0
-1
-1
1
0
0
1
0
0
-1
0
-1
1
0
1
0
0
0
0
1
-1
0
0
0
0
0
0
0
0
0
0
0
0
0
0
-1
0
0
0
0
1
0
0
0
0
0
0
0
0
-1
0
0
0
-1
0
0
1
0
-1
0
0
0
0
1
1
0
0
0
-1
0
0
-1
0
0
0
0
-1
0
0
1
0
1
0
1
0
0
0
0
0
1
0
0
0
0
0
0
0
0
1
-1
0
-1
0
0
0
0
-1
0
0
0
0
0
0
0
0
0
1
0
0
0
0
0
0
0
0
0
0
0
0
0
0
-1
0
0
0
1
0
1
0
0
-1
1
-1
0
1
0
0
1
0
0
0
0
0
0
0
0
0
0
1
-1
1
-1
0
0
-1
0
0
0
0
-1
0
0
0
0
0
1
0
0
0
0
0
0
0
-1
0
0
0
0
0
0
-1
0
0
0
0
0
0
-1
0
-1
0
0
0
0
1
0
0
0
0
0
0
-1
0
0
0
0
0
1
0
0
0
1
1
1
0
0
1
0
0
-1
0
0
0
0
-1
-1
0
0
0
1
0
-1
0
0
-1
0
0
0
-1
0
0
1
-1
0
0
0
0
0
1
-1
0
0
0
1
0
0
0
1
1
0
0
0
0
0
0
1
0
1
0
0
0
1
0
0
0
-1
1
1
0
-1
0
0
0
0
0
0
0
0
0
0
0
1
0
1
0
0
0
0
0
-1
0
1
0
0
-1
0
-1
0
0
-1
0
0
0
0
0
0
0
0
0
-1
0
0
0
0
0
0
0
0
0
0
0
0
0
0
0
0
0
0
0
0
0
0
0
-1
0
0
0
0
0
0
0
-1
0
0
0
0
-1
0
0
0
0
0
0
0
0
0
0
0
0
0
0
0
0
0
1
-1
0
0
0
0
0
0
-1
1
0
0
0
0
0
-1
0
0
0
0
0
0
0
0
0
0
-1
-1
-1
-1
0
-1
0
0
0
0
0
0
-1
-1
0
-1
0
0
0
-1
0
0
0
0
0
0
0
1
0
0
0
0
0
0
0
0
0
0
1
1
0
0
0
0
0
0
0
0
0
0
0
1
0
0
0
0
0
1
1
0
0
0
0
0
-1
0
0
0
0
-1
0
1
0
0
1
-1
0
0
1
0
0
0
0
1
1
0
0
0
-1
0
0
0
0
0
0
0
0
1
0
-1
0
0
0
0
0
0
0
0
0
0
0
1
0
0
1
0
0
0
1
0
0
0
-1
0
0
0
0
0
0
0
0
0
-1
1
0
0
0
-1
-1
0
0
0
0
0
0
0
0
0
0
-1
0
0
0
0
0
0
0
0
0
-1
0
1
0
0
0
0
-1
0
-1
-1
0
0
0
0
1
0
0
0
0
0
1
0
0
1
1
0
1
-1
0
0
0
0
0
0
0
0
0
0
0
0
0
0
0
0
0
0
0
0
0
0
0
0
0
0
0
0
-1
1
0
1
0
0
1
0
0
0
0
0
1
-1
0
0
0
0
1
1
0
0
0
0
0
0
-1
1
0
0
1
-1
-1
0
0
0
0
0
0
0
0
0
0
0
-1
0
0
0
0
0
0
0
0
1
0
-1
0
0
0
0
-1
0
0
0
0
0
-1
0
0
0
0
-1
0
0
0
0
0
0
0
0
0
0
0
0
0
0
-1
0
0
0
0
0
-1
0
0
0
1
0
-1
0
0
0
0
0
0
0
0
0
0
0
0
0
0
0
0
0
0
0
-1
0
0
0
0
0
0
0
0
0
0
0
0
0
1
0
0
0
0
0
0
0
1
0
0
0
1
1
0
0
0
-1
1
1
0
0
0
0
0
0
0
1
0
0
0
1
0
0
0
0
0
-1
0
0
0
0
0
0
0
0
1
0
-1
-1
-1
0
0
0
0
-1
0
0
0
0
0
0
0
0
0
1
0
1
0
0
0
0
0
0
1
-1
0
1
-1
0
0
0
0
0
0
0
-1
0
0
0
-1
0
-1
0
0
0
0
0
-1
0
0
1
0
0
0
-1
0
0
0
0
0
0
0
0
-1
-1
0
0
0
0
0
1
0
0
1
0
0
-1
0
0
0
0
0
0
0
0
0
1
0
1
0
0
1
-1
1
0
0
0
-1
-1
0
0
0
-1
0
-1
0
0
0
-1
0
0
0
0
1
0
0
0
0
0
0
1
0
1
0
0
0
0
0
0
1
0
0
0
1
1
0
0
0
0
0
0
0
0
-1
1
0
0
0
0
0
0
0
1
0
0
-1
0
0
0
-1
-1
0
0
1
0
-1
0
0
0
0
0
0
-1
-1
0
0
-1
1
0
1
0
0
0
0
0
0
1
0
0
0
0
0
0
0
0
0
1
-1
0
0
0
0
0
0
0
0
0
1
0
0
0
0
0
0
-1
0
0
-1
0
0
-1
0
0
0
0
0
0
0
0
1
0
0
-1
1
0
0
-1
-1
0
0
0
1
-1
0
0
0
-1
1
0
0
0
1
-1
0
0
0
0
0
0
0
0
0
0
0
-1
0
0
0
0
0
0
0
0
0
0
1
-1
0
0
-1
1
0
0
0
0
0
0
0
0
0
0
0
0
0
0
-1
0
0
0
0
0
0
0
-1
0
0
0
-1
0
0
-1
-1
0
0
0
0
0
1
1
-1
0
-1
0
0
0
0
0
0
0
0
1
0
0
0
0
-1
0
0
0
1
0
0
0
0
0
1
1
0
0
0
0
0
-1
0
-1
1
0
1
0
0
1
0
0
1
0
0
0
1
-1
-1
1
0
0
0
-1
0
0
1
0
0
0
0
0
0
-1
1
0
0
-1
0
0
1
1
-1
0
0
0
0
0
0
0
0
0
-1
1
0
0
1
0
0
0
0
0
-1
0
0
0
0
-1
0
0
0
-1
0
0
0
0
-1
-1
0
-1
1
0
0
0
0
0
0
0
0
0
0
0
-1
0
0
0
1
0
1
0
-1
0
0
-1
0
0
1
1
0
0
0
-1
-1
0
0
0
-1
0
0
1
0
1
0
0
1
0
0
1
0
0
0
0
0
0
0
0
0
0
0
0
1
0
0
0
0
0
0
0
0
0
1
-1
0
-1
0
0
0
0
0
-1
0
0
0
1
0
0
0
0
0
0
0
0
0
-1
1
1
-1
0
0
0
0
0
0
0
-1
0
0
0
-1
0
-1
-1
0
0
0
0
0
-1
0
-1
0
0
0
0
-1
0
-1
0
0
0
0
0
-1
0
0
-1
-1
0
0
0
0
0
0
0
0
0
1
0
0
-1
0
0
1
0
0
0
1
1
0
0
0
0
0
0
0
0
1
1
1
1
0
-1
1
0
0
-1
-1
0
0
0
0
1
0
0
0
0
0
1
0
0
0
0
0
0
0
1
0
0
1
1
1
1
-1
0
0
0
0
0
0
1
0
0
0
0
0
0
0
1
0
-1
0
0
0
0
0
0
0
0
-1
0
0
0
0
1
0
0
0
0
0
-1
1
1
0
0
0
0
1
0
0
0
0
0
0
0
0
0
0
0
0
1
0
0
0
0
0
0
1
0
0
0
0
0
