38
-2
-29
-5
0
-10
-11
-33
-86
-120
-116
-110
-95
-57
-33
-67
-82
-27
-1
5
64
116
97
81
72
41
71
159
188
119
-16
-160
-203
-112
-32
-28
21
96
49
-68
-101
-62
-14
35
44
30
52
74
54
42
44
-4
-67
-99
-133
-142
-79
-25
-49
-71
-47
-1
66
114
110
71
-7
-66
-37
29
95
154
122
24
-18
-20
4
46
18
-42
-23
7
-10
5
21
-37
-96
-73
-18
-2
-4
-4
-5
14
27
-35
-104
-98
-56
17
105
78
-21
-33
-13
-16
39
115
129
91
11
-57
-55
-77
-139
-107
-1
48
42
30
-14
-69
-78
-46
-12
-5
-29
-9
122
241
194
77
36
34
29
43
53
45
45
31
-20
-61
-72
-110
-163
-154
-93
-65
-57
-43
-50
-60
-53
-56
-52
-25
-19
-27
7
57
51
19
54
132
131
80
79
82
40
8
11
50
100
82
36
57
82
37
-28
-41
-34
-74
-126
-93
-14
18
4
-89
-238
-294
-235
-159
-54
72
149
189
170
46
-57
-40
27
95
153
151
98
37
-35
-119
-176
-170
-133
-94
-26
77
160
190
143
67
51
59
39
59
103
97
88
70
-25
-140
-214
-235
-174
-78
-22
34
108
120
63
17
-13
-59
-95
-93
-59
13
98
130
90
-18
-139
-159
-66
12
36
44
13
-40
-56
-42
-24
-22
-46
-68
-65
-64
-56
-14
41
73
102
170
244
238
176
143
131
109
84
27
-78
-171
-188
-133
-101
-154
-202
-176
-97
14
86
64
-4
-91
-149
-95
-14
12
74
146
98
-6
-41
-6
50
108
135
113
92
136
189
202
188
100
-79
-217
-247
-221
-155
-89
-95
-128
-111
-91
-92
-50
13
41
86
166
191
159
121
48
-78
-155
-133
-65
32
147
189
112
14
-76
-189
-244
-195
-120
-49
16
20
-2
8
4
-11
34
105
109
71
83
158
222
231
202
125
-1
-113
-186
-204
-143
-76
-79
-103
-115
-129
-126
-115
-82
-5
57
83
112
143
185
220
181
110
84
86
127
174
95
-88
-195
-186
-159
-167
-170
-147
-129
-121
-100
-94
-96
-57
-12
-12
-2
32
43
69
93
68
71
150
204
217
209
148
68
8
-75
-179
-235
-173
-39
15
-2
-9
-76
-150
-126
-101
-109
-62
22
133
241
230
152
125
109
73
37
14
46
102
125
97
-16
-135
-130
-90
-106
-123
-135
-133
-83
-54
-80
-130
-187
-172
-74
-7
43
137
209
251
278
240
142
16
-105
-142
-96
-30
22
19
-40
-97
-146
-159
-128
-92
-2
115
136
111
102
43
-23
-28
-32
-53
-64
-45
0
17
16
27
-6
-24
50
114
97
23
-84
-140
-117
-61
46
140
101
-8
-93
-107
-48
21
95
185
187
121
97
78
48
67
82
53
-22
-124
-144
-50
33
37
-7
-44
-41
-51
-85
-76
-60
-59
-26
-26
-81
-100
-85
-96
-107
-82
10
122
150
119
89
27
-42
-60
-23
53
94
56
1
-83
-204
-246
-180
-78
23
84
107
121
119
122
127
76
-1
-33
-17
31
66
50
21
-36
-143
-208
-182
-104
3
94
134
136
102
66
70
89
98
65
-18
-67
-38
19
72
92
39
-41
-68
-31
39
83
62
-8
-81
-103
-73
-52
-45
-31
-29
-27
19
72
76
27
-29
-44
-8
37
47
11
-41
-75
-104
-120
-88
-42
-24
-27
-28
-31
-62
-104
-71
48
158
182
125
37
-36
-88
-99
-73
-57
-43
6
54
62
41
12
0
7
14
41
80
92
73
31
-24
-66
-102
-122
-94
-29
59
142
136
59
8
-12
-20
-1
44
88
94
60
47
52
33
30
49
50
39
10
-43
-86
-119
-134
-126
-144
-174
-131
-31
54
87
62
19
-12
-19
48
151
201
202
155
39
-61
-84
-68
-52
-67
-112
-156
-208
-237
-185
-101
-51
-12
26
69
99
78
66
97
99
64
38
27
43
87
122
119
49
-66
-128
-112
-59
-7
-6
-42
-57
-80
-131
-139
-73
43
154
177
118
64
52
82
112
104
97
103
67
15
0
4
-6
-55
-123
-165
-171
-156
-117
-98
-125
-130
-70
23
96
110
94
94
92
72
41
18
60
165
240
231
149
6
-135
-199
-175
-86
-8
-18
-98
-166
-167
-101
-40
-42
-81
-122
-129
-67
39
131
175
146
58
-25
-61
-31
60
164
220
186
84
-13
-67
-88
-74
-46
-33
-32
-37
-50
-49
-26
2
24
26
12
9
30
51
61
65
71
66
24
-42
-92
-118
-120
-105
-86
-62
-25
15
32
11
-29
-54
-53
-34
3
57
112
129
96
63
78
134
191
213
158
37
-78
-118
-77
-7
20
-31
-119
-183
-202
-191
-175
-161
-124
-55
11
35
19
-18
-36
-12
57
144
203
209
178
132
82
38
10
13
58
104
100
36
-55
-143
-211
-246
-204
-80
43
76
4
-88
-83
16
120
171
157
88
3
-72
-108
-76
-21
-28
-95
-158
-162
-92
1
79
140
164
135
67
-11
-42
-1
77
148
171
127
66
15
-45
-98
-99
-48
16
26
-29
-81
-94
-100
-126
-167
-160
-66
41
66
6
-58
-35
71
165
213
235
210
126
10
-89
-130
-117
-89
-60
-55
-91
-136
-164
-148
-76
7
61
97
108
105
114
121
116
100
53
2
-17
-23
-18
-16
-39
-63
-76
-87
-57
-11
-6
-19
-24
-22
17
61
53
15
-42
-97
-83
-17
45
91
119
128
113
56
1
0
36
91
109
32
-66
-109
-117
-91
-35
-3
3
-20
-65
-64
-17
5
10
25
29
30
46
72
82
42
-26
-75
-104
-103
-57
-19
-21
-33
-17
48
108
86
-4
-119
-213
-215
-117
0
65
50
-2
-19
-9
15
75
144
192
203
160
78
2
-44
-44
-27
-33
-41
-39
-55
-81
-90
-78
-48
-45
-66
-42
25
81
124
131
84
35
13
2
4
23
70
118
102
33
-13
1
36
44
11
-24
-49
-100
-151
-145
-90
-44
-26
-26
3
52
48
-13
-61
-69
-37
41
109
110
66
23
-1
-30
-80
-107
-68
-3
38
54
59
51
7
-78
-137
-121
-68
-26
-13
-45
-71
-58
-28
4
37
59
83
87
38
-23
-35
20
117
182
165
93
16
-17
-6
-7
-21
7
48
38
-25
-99
-119
-71
-8
24
20
-8
-13
15
32
24
19
43
78
64
8
-13
21
56
45
-11
-66
-93
-104
-85
-49
-41
-54
-60
-60
-45
-15
15
40
25
-18
7
83
101
67
54
74
75
13
-60
-65
-23
25
53
21
-55
-112
-125
-87
-37
-32
-44
-66
-125
-155
-95
-10
47
79
88
94
86
56
54
96
120
100
58
27
31
56
89
102
69
17
-2
-16
-49
-80
-102
-117
-123
-108
-48
21
13
-63
-104
-58
27
78
74
57
52
35
-2
-27
0
63
109
104
45
-33
-83
-91
-80
-80
-95
-87
-32
35
58
28
-16
-16
57
145
167
119
50
-8
-51
-68
-43
-1
12
-15
-53
-86
-117
-146
-161
-139
-81
1
93
136
75
-32
-78
-28
66
132
141
131
124
111
89
67
31
-21
-60
-58
-28
-14
-41
-97
-145
-156
-115
-48
8
35
35
18
9
19
44
65
54
31
41
80
91
54
-1
-49
-98
-141
-124
-25
73
71
-7
-60
-46
-13
6
26
53
53
26
16
41
76
98
94
41
-66
-154
-149
-64
15
34
8
-36
-91
-123
-100
-24
50
87
81
43
2
2
55
103
90
35
0
-2
5
12
27
30
-15
-80
-105
-76
-33
-7
5
0
-33
-71
-60
11
79
80
25
-20
-16
28
59
46
5
-36
-61
-71
-60
-19
33
60
43
16
14
32
35
9
-15
1
63
114
78
-29
-113
-104
-46
-13
-23
-30
-20
-35
-77
-83
-34
22
49
61
81
110
102
46
-15
-42
-44
-37
-40
-51
-30
24
56
25
-32
-49
-4
48
49
15
-2
-2
-18
-39
-16
46
80
51
-8
-29
-9
-10
-49
-62
-28
15
32
10
-27
-44
-55
-84
-109
-96
-35
67
145
153
130
117
86
17
-48
-47
21
81
63
-19
-98
-135
-120
-69
-23
-14
-21
-4
27
36
22
2
-14
-22
-12
39
115
134
39
-100
-177
-149
-38
77
115
81
19
-23
-20
13
36
43
30
-6
-41
-46
-11
52
90
59
-8
-52
-56
-51
-54
-39
6
31
-15
-79
-87
-36
11
22
8
-10
-10
25
92
127
90
16
-22
-8
11
29
74
105
56
-58
-159
-193
-146
-65
-7
21
11
-7
20
71
78
64
67
55
12
-35
-50
-4
57
51
-12
-66
-96
-94
-51
4
30
23
-4
-29
-23
6
17
13
30
52
54
34
5
-1
36
64
46
35
51
45
11
-49
-134
-182
-150
-87
-17
38
41
7
-33
-89
-109
-27
106
197
214
159
68
-4
-51
-71
-46
17
50
29
-11
-44
-59
-59
-67
-79
-54
-3
30
45
41
0
-40
-40
-32
-25
-8
10
30
45
22
-2
20
53
61
65
61
38
3
-40
-81
-88
-42
28
66
24
-58
-86
-33
12
-10
-54
-57
-33
-11
9
35
54
55
35
12
8
24
67
123
133
63
-24
-75
-81
-60
-34
-10
9
-3
-44
-88
-119
-129
-105
-54
8
54
64
59
75
106
131
124
77
17
-24
-39
-19
19
16
-45
-121
-155
-120
-44
12
17
-11
-45
-43
11
84
125
120
84
37
0
0
40
71
66
36
-3
-38
-59
-56
-18
10
-40
-139
-195
-181
-120
-38
31
61
52
21
11
47
87
105
119
131
122
96
66
39
13
-21
-65
-98
-101
-72
-39
-42
-86
-138
-155
-133
-90
-26
52
97
86
62
67
96
118
116
109
106
74
12
-13
22
59
35
-58
-159
-208
-199
-152
-77
1
40
28
-6
-11
37
107
139
103
33
-8
13
44
27
-34
-83
-78
-41
-17
-11
-7
-3
-14
-44
-76
-79
-43
11
61
79
58
24
11
38
88
116
98
58
36
32
20
-24
-72
-93
-95
-94
-82
-39
15
29
-20
-77
-75
-11
66
112
111
78
35
1
-26
-60
-99
-111
-75
-24
-4
-24
-44
-36
-10
15
38
61
78
87
96
121
136
112
48
-16
-45
-41
-29
-26
-36
-60
-102
-139
-140
-91
-18
27
29
12
8
19
37
58
84
104
97
63
29
12
3
-14
-45
-83
-119
-128
-91
-27
3
-30
-80
-80
-18
50
98
138
176
178
111
6
-64
-62
-19
9
8
-6
-19
-43
-90
-132
-128
-79
-10
48
67
52
28
24
53
91
92
43
-21
-61
-56
-14
30
45
21
-22
-51
-46
-15
10
1
-25
-32
-23
-12
-9
-16
-19
-11
-5
9
36
52
45
34
37
58
55
-21
-125
-163
-108
-12
44
39
21
19
15
7
-1
17
60
85
71
40
27
52
73
31
-56
-123
-132
-79
-13
25
44
29
-17
-55
-64
-37
8
19
6
5
4
-1
-1
-1
6
6
-5
-3
-2
-16
-19
-7
17
42
34
19
15
-1
-1
19
18
21
42
48
50
37
-7
-38
-70
-103
-72
-2
35
26
-24
-49
-15
7
-9
-38
-57
-15
60
100
116
88
9
-38
-46
-39
-7
8
7
27
18
-15
-23
-43
-73
-80
-78
-58
-39
-37
5
69
80
67
66
80
97
66
22
35
54
47
29
-2
-22
-43
-94
-138
-158
-153
-86
-4
20
6
-23
-33
2
27
42
86
116
109
103
94
82
62
22
-9
-33
-61
-49
-15
-12
-39
-84
-131
-150
-158
-121
-23
35
44
67
75
52
37
45
91
140
136
116
97
33
-31
-46
-49
-80
-130
-136
-64
-10
-35
-91
-132
-128
-49
53
129
147
91
42
44
43
41
56
62
64
37
-19
-44
-39
-42
-44
-51
-70
-74
-78
-70
-26
13
24
29
24
27
42
47
60
71
46
4
-29
-20
40
74
41
-32
-121
-159
-105
-19
37
36
-15
-28
6
18
30
57
57
32
0
-3
49
79
41
-12
-60
-82
-55
-15
7
3
-18
-13
-17
-80
-120
-85
4
115
170
139
67
-31
-93
-52
19
61
93
92
43
-29
-104
-142
-133
-103
-42
40
94
91
42
-7
-34
-54
-39
20
61
80
90
64
4
-78
-147
-124
-26
49
81
86
66
35
7
-13
-29
-47
-47
-19
20
48
31
-18
-54
-80
-86
-45
9
47
78
77
43
9
-31
-60
-36
14
54
67
57
35
0
-41
-54
-25
27
57
53
39
1
-75
-132
-130
-109
-89
-51
9
64
73
41
30
55
87
121
146
126
58
3
-14
-37
-95
-135
-115
-65
-38
-57
-88
-93
-79
-46
19
76
98
104
100
76
38
16
32
57
52
17
-15
-9
15
-1
-51
-99
-129
-113
-52
0
11
2
-19
-30
-18
-6
13
56
92
82
44
28
44
67
76
43
-26
-83
-95
-72
-22
10
-7
-38
-50
-59
-46
-6
29
40
29
0
-30
-25
12
49
72
78
39
-15
-28
-7
19
39
27
-11
-34
-51
-60
-32
2
-1
-17
-17
-20
-28
-9
28
47
37
17
7
19
11
-28
-44
-27
-20
-3
46
70
49
27
17
1
-30
-48
-21
31
50
19
-13
-34
-76
-107
-77
-26
1
24
47
48
32
21
43
76
59
-2
-32
-13
6
13
18
11
-17
-45
-55
-56
-51
-33
8
61
71
26
-13
-14
-6
-5
-4
-8
-15
-26
-38
-18
26
56
62
53
25
-17
-38
-10
30
42
24
-2
-13
-14
-37
-60
-58
-59
-65
-42
2
40
60
57
38
9
-23
-29
13
75
100
64
14
-23
-48
-54
-43
-40
-46
-50
-37
13
59
52
21
-4
-27
-42
-36
-4
20
18
7
12
15
6
1
18
39
21
-13
-3
36
44
19
-15
-46
-72
-83
-63
-25
-4
3
19
33
27
12
15
37
36
15
15
24
12
-4
-10
-7
-16
-39
-47
-33
-23
-21
-7
17
35
42
44
43
7
-47
-69
-42
14
58
59
32
-6
-50
-63
-28
13
26
7
-12
-4
13
18
21
12
-7
-18
-7
20
22
-17
-41
-18
12
20
15
7
-1
-18
-30
-5
22
19
3
-6
-6
-11
-18
-3
20
18
4
-4
-10
-13
-5
21
44
22
-24
-32
-1
25
14
-24
-50
-45
-24
5
33
35
22
9
6
16
14
-13
-44
-49
-13
49
76
51
0
-42
-54
-44
-26
0
19
24
26
23
2
-29
-55
-50
-4
45
74
68
25
-25
-43
-29
-2
16
20
15
-6
-45
-58
-35
1
20
21
26
35
12
-24
-24
13
44
35
3
-10
-15
-29
-32
-18
2
6
-5
-2
17
22
5
-13
-26
-25
-4
25
45
39
13
1
-5
-20
-33
-29
-12
0
1
6
18
15
-1
-4
3
7
1
-6
1
1
-18
-27
-11
19
38
26
-4
-27
-31
-15
16
42
46
32
5
-9
-11
-20
-43
-70
-75
-44
2
40
60
62
49
32
10
-11
-15
-4
15
17
-7
-29
-36
-30
-18
-13
-18
-27
-35
-16
32
72
80
60
27
0
-18
-28
-29
-32
-38
-26
1
21
16
-8
-27
-26
-16
1
22
34
34
27
21
18
8
-10
-26
-37
-34
-11
19
35
34
18
-7
-32
-48
-34
2
30
29
6
-24
-44
-42
-24
-4
2
-2
18
61
102
103
60
1
-37
-36
-3
25
10
-49
-110
-126
-86
-26
6
-1
-26
-31
7
68
119
129
94
34
-11
-17
5
20
10
-13
-26
-30
-29
-29
-31
-38
-50
-52
-33
0
21
12
-17
-45
-60
-50
-3
71
136
153
116
58
15
1
3
10
10
-7
-42
-79
-100
-106
-108
-111
-96
-57
-4
49
91
122
121
81
21
-16
-1
43
79
76
39
-15
-61
-82
-69
-47
-32
-27
-10
21
38
18
-26
-60
-66
-54
-36
-12
21
53
70
66
44
12
-7
3
42
79
79
38
-8
-30
-35
-44
-68
-89
-90
-70
-42
-11
18
38
44
37
21
-2
-21
-16
24
73
87
51
-5
-31
-14
15
24
4
-28
-42
-27
12
41
22
-38
-93
-101
-64
-23
-1
12
29
51
70
74
61
33
3
-11
-1
13
9
-11
-25
-25
-23
-35
-51
-53
-39
-16
7
33
60
78
74
50
10
-37
-75
-84
-53
-2
38
48
38
16
-13
-50
-74
-64
-19
36
74
83
69
42
9
-16
-26
-25
-14
9
38
51
28
-29
-91
-131
-135
-104
-50
13
65
87
82
61
44
43
56
70
62
34
6
0
9
1
-38
-91
-125
-132
-113
-75
-29
16
49
65
63
41
6
-12
13
66
97
78
32
6
16
35
30
-4
-48
-79
-85
-68
-45
-39
-51
-66
-66
-49
-23
4
40
86
125
139
122
86
57
34
4
-37
-68
-67
-45
-32
-49
-79
-102
-103
-83
-39
15
55
68
69
79
93
87
61
36
26
15
-19
-57
-65
-44
-22
-20
-27
-32
-32
-31
-24
-11
-6
-13
-19
-1
43
82
87
60
21
-10
-22
-7
31
64
58
4
-73
-124
-121
-72
-12
24
22
-10
-42
-49
-16
43
96
115
91
46
8
-2
16
43
52
16
-58
-135
-169
-140
-72
-6
31
39
32
28
36
50
60
60
47
32
23
20
20
10
-8
-32
-54
-68
-69
-52
-22
3
7
-10
-30
-29
1
40
62
49
10
-28
-31
8
68
106
94
36
-34
-68
-55
-15
16
18
-7
-51
-100
-132
-123
-70
5
69
109
117
95
51
15
12
33
46
31
3
-15
-24
-38
-54
-59
-53
-48
-42
-23
5
18
6
-12
-9
14
40
50
46
33
11
-11
-14
6
33
41
24
-4
-24
-30
-20
-4
9
2
-28
-69
-95
-86
-41
13
51
66
62
49
34
25
27
36
34
19
-6
-22
-29
-33
-32
-22
-9
-12
-33
-54
-55
-34
-5
26
53
66
55
30
13
11
11
4
-10
-17
-17
-15
-15
-15
-13
-10
-3
13
27
24
-2
-37
-54
-39
1
46
64
45
-2
-47
-62
-37
13
55
66
43
1
-32
-42
-25
5
28
30
13
-20
-48
-60
-49
-19
16
38
45
41
35
32
27
11
-14
-37
-47
-32
-7
8
-1
-23
-36
-21
16
45
41
7
-30
-40
-7
47
85
78
29
-30
-66
-68
-43
-17
-6
-7
-13
-12
-3
9
22
32
38
31
11
-16
-35
-33
-5
33
58
51
16
-31
-58
-55
-28
3
19
14
-2
-17
-20
-14
-1
10
17
19
16
11
5
3
3
5
9
15
21
25
21
2
-30
-63
-77
-59
-13
35
53
27
-24
-63
-56
-1
69
111
97
37
-33
-69
-58
-14
30
47
36
8
-19
-37
-51
-58
-55
-39
-8
26
45
45
30
13
-1
-6
-5
2
13
27
34
27
12
-5
-17
-20
-21
-20
-22
-27
-31
-29
-21
-10
1
8
14
24
39
48
43
23
0
-13
-8
6
14
12
3
-9
-23
-42
-62
-70
-53
-12
33
60
57
28
-3
-20
-18
3
27
48
56
47
20
-17
-50
-66
-55
-23
12
33
30
9
-19
-42
-51
-45
-24
5
34
50
44
20
-8
-20
0
38
70
67
29
-20
-47
-37
-8
8
-3
-30
-47
-46
-37
-36
-40
-35
-12
21
42
48
45
49
58
57
34
0
-24
-24
-3
18
25
9
-19
-47
-62
-58
-39
-17
-5
-6
-10
-8
3
18
26
25
13
-3
-15
-12
10
44
71
75
53
14
-23
-44
-44
-27
-3
16
18
-2
-38
-72
-89
-82
-54
-13
27
52
56
41
21
11
13
26
40
54
65
60
35
-7
-46
-57
-42
-16
-4
-13
-33
-52
-62
-62
-48
-17
22
45
40
11
-14
-13
9
36
50
54
56
55
44
19
-8
-18
-16
-12
-19
-31
-34
-24
-14
-23
-51
-76
-77
-48
-8
24
40
43
41
36
30
25
28
41
56
62
51
28
4
-14
-22
-34
-52
-67
-70
-53
-27
-6
-7
-25
-44
-48
-29
7
43
63
62
47
32
33
44
52
41
16
-7
-17
-18
-15
-7
5
15
-2
-51
-111
-138
-98
-15
64
89
51
-6
-47
-49
-23
14
52
78
90
79
56
29
8
-4
-24
-34
-36
-25
-5
-4
-12
-31
-56
-72
-81
-65
-30
12
47
56
38
12
6
26
63
77
57
23
-17
-24
-12
14
39
26
-2
-38
-61
-64
-66
-47
-26
3
15
10
5
-10
-13
-16
-14
-1
5
33
62
85
87
53
18
-11
-27
-21
-10
3
3
-22
-45
-52
-46
-30
-31
-46
-50
-50
-17
25
64
90
81
57
27
-6
-14
-14
3
26
31
25
7
-9
-19
-35
-54
-58
-53
-28
-3
32
48
38
0
-45
-59
-46
-23
28
57
86
59
14
-4
-8
14
20
12
19
-11
-22
-23
-15
-8
-37
-48
-40
-33
-31
-19
11
44
30
6
-1
18
26
38
34
44
7
-19
-29
-5
11
11
9
16
-7
-29
-52
-23
-16
-26
-36
-23
11
18
8
11
-3
-18
-25
-3
55
75
76
64
37
3
-33
-56
-22
-27
-16
-22
-19
-9
-33
-44
-30
-36
-10
-15
26
53
55
55
34
28
6
-18
-16
-11
12
20
21
17
-18
-26
-43
-28
-20
-9
-2
6
-2
-3
-16
-16
-21
-9
-12
11
12
46
56
42
26
-10
-11
-3
-8
25
26
26
5
-53
-53
-71
-49
-16
9
32
12
-12
5
0
22
-1
8
6
-4
-2
19
52
67
15
-11
-53
-48
-37
-6
58
64
33
-14
-55
-51
-58
-47
-7
-1
6
-17
8
29
51
25
13
-8
-24
-11
27
83
111
45
2
-79
-92
-79
-54
21
16
17
-13
-41
-16
-29
9
12
-1
10
-13
57
60
69
36
-27
-30
-50
-16
34
28
53
-8
-20
-52
-57
-32
-4
16
13
-9
-18
-18
-5
-9
6
-1
20
33
33
44
2
0
-25
-17
1
31
44
45
-1
-34
-75
-66
-36
28
48
52
-6
-43
-64
-56
-11
25
45
42
10
-11
-16
-12
12
42
41
42
13
-4
12
-24
0
-21
-12
6
-13
-2
-21
-65
-49
-68
5
18
43
30
29
-6
-22
-13
14
70
53
33
25
-15
9
-7
-14
21
-61
-29
-60
-9
22
12
14
-3
-50
-64
-71
7
56
85
43
31
-13
-39
-29
-13
49
40
27
27
12
5
-26
-8
-9
-9
-51
-39
22
22
28
-19
-53
-32
-97
-7
32
67
66
-29
3
-26
-8
6
69
91
62
-20
-48
-32
1
-28
52
-11
41
-63
-70
-25
-61
-15
-33
17
53
7
-2
-6
5
22
-18
54
3
101
-29
56
-22
-3
-8
-24
4
25
-56
21
-84
12
-40
-11
26
-10
34
-59
-7
-57
18
26
58
47
45
-47
40
-98
76
-38
79
16
28
-20
5
-51
19
-41
11
-26
-16
-43
-10
-22
0
32
-34
60
-67
-7
-29
-1
63
82
23
109
-72
43
-93
-1
12
17
28
37
-43
32
-103
-3
-75
-28
-30
-16
59
39
39
23
-61
-3
-62
17
53
50
110
5
25
-66
-50
-31
13
5
57
-18
3
-58
-2
-33
20
-49
4
-8
5
15
-10
52
-6
-12
-23
-15
26
28
22
66
-9
-1
-86
14
17
40
16
0
2
-32
-64
-14
4
27
-29
-20
9
18
-3
-12
25
-19
-5
-65
55
66
71
36
-20
-35
-43
-105
56
7
113
16
-41
-13
-91
-24
-42
-9
88
-4
55
-37
-5
10
-48
39
-36
63
-9
-1
37
-9
12
-3
-77
78
-81
95
-69
30
-35
-7
6
18
12
31
-32
-25
-67
16
1
81
38
-4
31
-121
-23
-46
39
107
23
49
-20
-99
-31
-113
78
99
43
63
-47
-78
-66
-73
22
99
23
78
-9
-44
-14
-153
66
30
-20
133
-66
62
-25
-99
80
-49
-5
6
-63
144
-71
13
52
-47
37
-91
-14
33
-15
26
11
59
6
-57
-16
2
-20
-7
5
7
65
-30
29
-24
-9
-14
-46
42
18
-42
73
-74
60
-7
-25
36
-58
33
-8
-29
48
-44
19
39
-30
35
-11
-37
-15
17
4
19
-45
29
17
21
23
-37
-24
5
-110
72
42
36
1
-6
-14
-2
-66
-13
14
58
23
-32
5
9
-50
33
22
-4
9
-49
-51
31
30
33
33
5
19
-59
-56
-64
-5
73
76
-17
113
-87
11
-120
-12
-10
28
23
41
58
50
-81
-38
-47
-15
27
-11
47
11
-1
23
-52
68
-37
-11
-17
-30
-2
-13
33
8
84
6
23
-80
-56
-35
-32
39
76
10
79
-37
-47
22
-92
17
-38
28
68
-46
93
-21
-28
11
-85
44
-9
-30
61
-14
38
-59
-19
79
-36
51
-42
12
-57
-28
-42
79
61
25
42
-45
-43
-86
-32
26
60
44
80
-117
74
-128
51
23
-42
82
-76
2
-9
-37
134
-44
50
3
-90
-31
-50
17
53
79
-15
71
-101
-12
-17
-41
72
-52
-17
81
-42
85
11
-22
-21
-99
-26
1
44
103
11
-4
-7
-57
-20
-35
37
-16
50
-48
5
78
-3
29
-66
10
-97
-18
12
72
86
2
-13
-56
-13
-48
2
29
2
38
-20
38
-14
-12
18
-58
32
-16
-17
28
-27
39
35
-27
22
-56
11
-23
0
71
-68
61
-90
51
37
-27
74
-101
24
-47
-47
124
-42
85
-51
-30
-16
-11
21
5
20
0
-20
-22
18
-8
61
-54
17
-73
53
-13
22
47
-11
-8
-83
-2
-28
100
6
5
18
-35
-6
-74
42
13
-22
47
-67
81
34
-79
75
-132
78
-83
-7
129
-88
80
-14
-46
57
-86
37
-9
-47
67
-43
38
12
-21
15
42
-73
33
-59
15
-17
25
71
-62
45
-16
-32
18
-12
2
20
-72
44
-22
83
-24
-10
32
-28
-35
-24
36
10
28
-31
5
7
2
3
32
-3
12
-99
17
-25
70
49
-8
26
-90
35
-45
50
6
-1
17
-64
12
47
-58
109
-19
10
-22
-31
-58
-27
1
135
23
97
-109
-84
20
-89
37
65
79
5
-45
-33
10
-11
0
0
-4
28
-5
-5
6
27
19
-47
-74
62
-21
36
17
-30
80
-74
17
-69
22
41
-66
66
1
-16
79
-121
113
-104
-14
14
-114
157
2
74
27
-146
-30
-19
-27
16
109
-2
55
-85
-34
15
-63
38
-34
115
-17
-78
61
-108
53
28
-5
43
-42
-32
-35
-31
94
-21
71
5
-122
-15
-14
50
58
-17
0
34
-180
84
6
69
-43
-28
4
13
9
-22
13
38
-44
-10
-65
27
35
4
60
59
21
-209
9
-89
40
146
33
103
-107
-31
-38
-145
145
-46
108
8
-77
101
-44
-12
57
-94
21
-17
-70
61
46
52
12
-68
70
-80
-62
23
-22
91
43
8
64
-58
-91
15
-83
116
40
-22
97
-28
-53
-1
-139
106
-77
82
84
-62
74
-95
-64
54
33
14
-3
-14
48
-2
71
-69
21
-89
-51
-13
89
63
36
-42
-43
-7
-45
50
-30
22
54
-23
23
36
-26
-1
-135
40
1
38
91
-40
-47
-32
-45
34
3
88
-14
-4
-37
2
51
-28
-15
-8
65
-88
45
22
-41
0
-73
-29
42
-58
54
31
11
13
-69
51
40
-32
29
18
20
-41
-19
-40
-18
0
9
134
-45
-74
-78
-30
-6
63
16
32
-75
62
25
-6
0
-37
-67
78
76
88
10
-134
-13
-66
68
12
13
-49
-43
-97
-34
47
124
84
-91
43
-88
-90
8
75
203
44
46
-90
-57
-71
-81
12
2
51
15
-67
-70
32
32
-28
47
97
62
16
-35
-43
-48
-7
-1
65
45
-12
-140
-47
-54
60
66
-10
23
110
-1
25
-8
-3
-93
-47
-20
46
41
85
-27
-68
-5
-135
-4
27
64
108
66
-71
26
-100
-56
-6
71
63
43
-38
-54
-74
116
43
19
3
-28
-76
-78
31
8
85
-127
8
2
-11
-22
3
91
71
26
-1
-66
14
52
-18
26
34
1
-53
-82
-63
39
-55
23
-29
19
20
-31
52
63
45
38
-94
10
92
-9
70
-71
27
-6
-106
71
-67
96
-26
-35
55
-44
87
-59
16
90
-72
-16
-25
29
102
-12
28
-20
40
-26
9
32
30
42
-65
-23
-5
12
53
-25
-33
-15
-9
-22
-55
-1
-11
-27
-29
16
121
2
-91
-89
-5
-30
-7
61
27
137
-76
-23
-175
-81
-13
-33
54
-80
-44
-17
-59
23
40
52
-19
-32
-32
45
9
-40
23
-74
-1
-201
-192
38
-16
128
86
66
142
1
108
-6
44
-22
-18
16
-54
-72
-105
-117
-35
-21
17
-28
-18
114
81
164
106
124
116
104
47
41
66
59
120
16
-104
-177
-247
-231
-96
43
75
170
6
83
54
64
131
3
151
39
-10
-154
-113
-38
22
-24
9
133
-25
-74
-53
-48
29
44
-35
1
-53
-97
-28
26
14
7
10
-39
38
69
2
28
-57
-53
62
44
149
75
4
-26
-119
-48
-17
-55
-52
-117
-142
24
23
16
-13
-88
5
35
55
26
12
-61
-24
-8
-33
-51
-150
-137
-61
-10
80
158
82
97
49
33
26
-89
-19
64
53
-24
-97
-14
-11
-75
-39
37
130
115
-6
71
-36
69
67
115
163
30
129
60
97
54
45
-72
-160
-200
-113
-117
-97
-65
19
4
-98
-104
-33
-26
32
-32
56
18
10
76
63
78
87
17
54
-17
-55
-89
-152
-183
-169
-102
-106
-39
-47
87
90
73
96
145
254
215
137
110
118
76
-13
-18
-37
32
-43
-174
-114
-40
-4
35
-33
77
131
97
91
100
102
24
-63
-23
-6
-24
-88
-186
-123
-51
-14
-38
-18
-38
58
54
44
151
194
204
54
27
18
-21
-70
-148
-23
35
-106
-156
-181
-33
-43
-26
129
169
170
-13
-64
73
46
56
-44
-33
-54
-175
-155
-222
-133
-151
-184
-179
-189
-214
-175
-151
-121
-98
-82
-79
-117
-160
-107
-85
-138
-103
-76
50
-54
-164
-67
-53
6
-51
-62
75
-47
-73
-122
-69
40
-28
-15
-61
-31
-75
-106
-35
18
74
-45
17
-37
57
20
-20
106
17
132
41
-5
58
13
119
57
25
109
5
24
-24
28
112
48
90
129
199
238
210
249
312
340
362
326
344
392
361
307
284
312
384
423
482
567
562
587
604
613
671
611
656
672
661
643
527
453
400
357
380
350
352
333
239
206
118
69
60
5
39
-49
-145
-233
-377
-434
-513
-608
-600
-717
-704
-780
-797
-751
-723
-720
-734
-702
-633
-616
-665
-600
-565
-584
-666
-781
-783
-875
-976
-928
-994
-917
-1064
-1047
-948
-980
-893
-997
-944
-886
-945
-830
-908
-899
-1006
-1124
-1097
-1142
-1100
-1013
-821
-547
-355
-174
128
465
897
1202
1522
1774
1916
1947
1981
2048
2131
2003
1766
1578
1402
1313
1156
1139
1226
1215
1121
936
862
890
805
655
386
117
-141
-529
-864
-1223
-1466
-1647
-1829
-1806
-1740
-1529
-1221
-800
-160
326
799
1281
1859
2401
2576
2679
2735
2755
2491
2042
1739
1496
1167
663
337
197
188
95
128
309
407
454
342
404
427
325
38
-349
-732
-1079
-1517
-1930
-2233
-2392
-2417
-2450
-2306
-2024
-1653
-1332
-1072
-769
-413
-141
47
33
7
-124
-360
-657
-979
-1246
-1486
-1788
-1965
-2028
-2079
-2084
-2204
-2049
-1818
-1730
-1672
-1668
-1089
-533
-303
-178
-81
546
874
1108
1565
1973
2351
2177
2156
2634
2916
2904
2455
2210
2416
2249
1984
1720
1763
1884
1316
810
784
1010
965
206
-355
-500
-770
-1247
-1920
-2312
-2556
-3134
-3471
-3512
-3216
-2906
-2925
-2487
-1815
-1048
-440
56
851
1489
1729
1908
2288
2754
2906
2566
2449
2502
2506
2420
2190
2348
2368
2234
2053
1925
2043
1822
1450
1044
730
493
51
-368
-671
-914
-1136
-1321
-1414
-1311
-1326
-1399
-1518
-1547
-1437
-1491
-1628
-1782
-1800
-1727
-1746
-1691
-1518
-1342
-1088
-939
-594
-200
77
310
296
290
246
67
-227
-689
-1148
-1583
-2033
-2477
-2884
-3062
-3234
-3330
-3346
-3144
-2170
-1378
-661
-118
456
1677
2072
2554
2980
3221
3337
2524
2358
2561
2487
2114
1380
1318
1687
1654
1804
1945
2464
2829
2360
2187
2192
2403
2033
784
-71
-718
-1303
-2171
-3214
-3770
-4232
-4757
-4845
-4603
-3904
-3334
-3034
-2209
-1329
-293
394
814
1514
1845
1984
1961
2045
2374
2241
1912
1791
1988
2400
2517
2596
2985
3320
3542
3520
3564
3747
3399
2810
2127
1737
1276
477
-355
-998
-1351
-1797
-2132
-2280
-2098
-1943
-1938
-1995
-1801
-1461
-1351
-1454
-1698
-1622
-1606
-1760
-1963
-2017
-1837
-1668
-1517
-1229
-811
-411
-82
106
396
545
577
273
-125
-446
-891
-1405
-2073
-2552
-2967
-3312
-3732
-3912
-3907
-3525
-2603
-1964
-1177
-738
157
1248
1687
2354
2699
3133
3000
2295
2336
2449
2350
1751
986
1113
1326
1304
1421
1538
2230
2341
2000
2064
2196
2544
1831
753
123
-479
-1126
-2261
-3145
-3544
-4145
-4764
-4951
-4603
-3855
-3546
-3174
-2212
-1096
107
701
1388
2307
2780
3012
2870
3130
3380
2977
2560
2377
2738
3005
2934
3228
3663
4068
4280
4355
4691
4656
4313
3763
3082
2480
1551
550
-499
-1361
-1977
-2561
-3022
-3199
-3077
-2855
-2704
-2508
-1999
-1573
-1311
-1316
-1335
-1219
-1355
-1654
-2007
-2153
-2069
-2117
-2166
-1961
-1564
-1044
-778
-354
146
520
679
495
422
126
-315
-918
-1650
-2217
-2904
-3525
-3953
-4393
-4482
-4669
-4345
-3400
-2656
-1673
-1328
-312
752
1319
2215
2418
2960
2607
1967
2147
2094
2128
1445
808
1129
1195
1457
1658
1917
2825
2874
2891
2913
2969
3293
2388
1332
456
-362
-1075
-2364
-3328
-3857
-4654
-5103
-5241
-4853
-4163
-3980
-3259
-2206
-1073
128
721
1693
2513
2908
3182
3112
3556
3654
3149
2734
2676
3128
3259
3069
3396
3884
4131
4210
4332
4838
4684
4038
3441
2887
2343
1248
175
-714
-1512
-2268
-2925
-3256
-3179
-3073
-3019
-2897
-2474
-1710
-1264
-1056
-1000
-739
-598
-774
-1003
-1129
-1052
-1205
-1385
-1367
-996
-592
-402
-272
134
624
848
805
663
595
191
-373
-1028
-1555
-2216
-2921
-3553
-4145
-4406
-4837
-4870
-5001
-4638
-3646
-3085
-2229
-1873
-760
419
744
1640
2062
2782
2733
2116
2743
2916
2964
2373
1696
2314
2300
2286
2267
2236
3084
2821
2397
2271
2163
2452
1378
173
-430
-1112
-1737
-2954
-3867
-4123
-4895
-5413
-5482
-5170
-4332
-4247
-3710
-2647
-1627
-215
426
1387
2399
2814
3367
3436
3952
4300
3769
3515
3340
3737
3888
3420
3546
3720
4010
4046
3917
4254
4101
3593
2874
2266
1919
1099
81
-913
-1635
-2139
-2706
-3141
-3328
-3299
-3184
-2944
-2510
-1908
-1346
-1028
-792
-556
-227
-9
-30
-172
-333
-333
-394
-418
-374
-300
-220
-268
-195
22
202
162
-90
-336
-551
-885
-1368
-1902
-2402
-2955
-3562
-4197
-4469
-4702
-5043
-5210
-5402
-4426
-3617
-2948
-2170
-1790
-133
583
1370
2433
2840
3814
3171
3122
3829
3727
3898
2756
2468
2999
2428
2634
2239
2570
3145
2264
2196
1975
2254
2325
966
200
-438
-1038
-1726
-3086
-3685
-4097
-5054
-5418
-5556
-4877
-4195
-4287
-3451
-2364
-951
378
918
2126
2887
3411
3952
3900
4469
4255
3707
3482
3019
3374
3227
2973
3128
2937
3360
3485
3545
3832
3321
3020
2342
1682
1358
334
-491
-1467
-2242
-2535
-3114
-3270
-3242
-3150
-2728
-2488
-1778
-1010
-478
37
95
388
621
706
748
356
71
-67
-241
-268
-509
-555
-401
-460
-308
-378
-190
-76
-402
-535
-903
-1077
-1444
-2238
-2745
-3385
-3837
-4352
-5031
-5163
-5479
-5458
-5536
-5023
-3677
-2881
-1955
-1641
-358
1129
1805
2778
3077
3896
3837
3232
3738
3799
3972
3185
2190
2700
2515
2640
2338
2052
2837
2346
2013
1606
1610
2017
941
-337
-1135
-1554
-1967
-3180
-4328
-4573
-5155
-5488
-5582
-5214
-4181
-4010
-3443
-2344
-979
651
1305
2049
2990
3537
4186
4136
4315
4492
3812
3429
3011
3128
3302
2780
2774
2805
2996
3410
3387
3687
3475
3027
2791
2145
1779
1038
178
-613
-1591
-2029
-2325
-2671
-2820
-2828
-2369
-1875
-1468
-798
-99
493
734
877
1126
1343
1172
775
252
-101
-290
-702
-999
-1373
-1366
-1314
-1292
-1131
-1002
-770
-874
-968
-1022
-1164
-1488
-2198
-2898
-3514
-4151
-4698
-5449
-5830
-6038
-6158
-6015
-5844
-4440
-3263
-2294
-1573
-811
1169
2005
2750
3361
3790
4437
3478
3281
3703
3604
3428
2057
1960
2566
2264
2379
1835
2426
3031
2236
2007
1695
2091
1882
134
-835
-1271
-1668
-2462
-4075
-4547
-4620
-5211
-5255
-5218
-4272
-3533
-3528
-2481
-1196
349
1499
1709
2753
3530
4046
4419
4117
4561
4316
3669
3482
3289
3665
3417
2917
3172
3220
3488
3654
3648
3878
3266
2888
2674
2208
1654
616
-140
-847
-1624
-2068
-2334
-2562
-2631
-2540
-2028
-1436
-967
-265
300
723
982
1082
1299
1232
888
478
-110
-453
-780
-1129
-1441
-1715
-1641
-1478
-1400
-1288
-1130
-1007
-927
-1073
-1220
-1647
-2246
-2805
-3488
-4079
-4733
-5303
-5732
-6046
-6181
-5859
-5642
-4788
-3627
-2651
-1425
-993
501
1721
2262
3166
3162
3931
3709
2925
3371
3016
3111
2579
1715
2440
2021
2196
2299
1987
2961
2391
2197
1974
1481
1848
701
-450
-1198
-2044
-2407
-3553
-4569
-4756
-5367
-5505
-5373
-5005
-4011
-3775
-3153
-1872
-741
769
1379
1986
3067
3441
4057
3913
3917
4296
3743
3460
3114
3203
3526
3113
2972
3045
3167
3623
3697
3731
3588
3190
3193
2805
2170
1541
823
133
-803
-1594
-1736
-1972
-2319
-2378
-2122
-1371
-941
-486
316
832
1256
1358
1434
1666
1315
866
313
-220
-451
-947
-1416
-1741
-1909
-1751
-1663
-1689
-1402
-1295
-1163
-1216
-1452
-1485
-2068
-2574
-3217
-3823
-4236
-4878
-5300
-5672
-5833
-5664
-5426
-5102
-4055
-2902
-1722
-937
-350
1293
2202
2832
3209
3382
4159
3528
3072
3358
3212
3414
2391
1987
2607
2323
2611
2144
2279
2928
2288
1984
1506
1472
1486
55
-1164
-1696
-2149
-2638
-4101
-4969
-4981
-5363
-5407
-5346
-4710
-3768
-3557
-2822
-1423
5
1347
1634
2319
3405
4019
4428
4151
4366
4582
3995
3539
3388
3748
3897
3181
2962
3129
3536
3878
3656
3667
3418
3231
3079
2570
2012
1269
433
-383
-1297
-1760
-1953
-2349
-2598
-2605
-2019
-1362
-936
-392
247
741
1059
1156
1359
1377
966
466
-110
-401
-708
-1140
-1647
-1964
-2045
-1894
-1817
-1791
-1629
-1680
-1589
-1726
-1827
-2090
-2683
-3162
-3790
-4340
-4786
-5251
-5561
-5803
-5991
-5631
-5352
-4803
-3555
-2637
-1360
-798
64
1728
2132
2942
3147
3465
4115
3086
3286
3531
3289
3463
2148
2510
2918
2389
2760
1941
2506
2772
1827
1786
1108
1209
876
-853
-1500
-2039
-2468
-3045
-4657
-4932
-4945
-5279
-4978
-4972
-4098
-3284
-3109
-1820
-643
702
1750
1906
3046
3857
4350
4685
4347
4774
4684
4039
4031
3767
4121
3860
3192
3505
3350
3792
3837
3558
3634
3090
3204
3090
2313
1730
862
369
-283
-1309
-1386
-1726
-2015
-2216
-2129
-1248
-914
-686
-204
347
843
965
940
1168
988
579
90
-457
-621
-1008
-1499
-1965
-2288
-2106
-1990
-2140
-2205
-2153
-1915
-1931
-2220
-2409
-2662
-3118
-3750
-4373
-4768
-5005
-5523
-5914
-6008
-5825
-5252
-5188
-4541
-3216
-2200
-940
-738
506
1946
2264
3051
2942
3811
4055
3071
3452
3331
3630
3350
2117
2801
2720
2691
2577
1855
2776
2494
1784
1399
808
1252
326
-1337
-1955
-2468
-2535
-3560
-4952
-4926
-4929
-4949
-4831
-4675
-3477
-2838
-2493
-1263
-177
1398
2017
2319
3434
4071
4659
4606
4491
5011
4666
4129
3877
4003
4475
3788
3257
3444
3819
4118
3717
3649
3750
3474
3174
2843
2449
1805
848
153
-378
-942
-1318
-1702
-1953
-1967
-1659
-1148
-758
-461
199
797
1038
1138
1264
1531
1270
602
128
-195
-537
-1092
-1779
-2059
-2284
-2325
-2298
-2428
-2352
-2384
-2297
-2231
-2353
-2552
-2965
-3486
-3885
-4314
-4757
-5215
-5669
-5910
-5994
-5817
-5463
-5056
-4753
-3666
-2564
-1472
-722
-279
1230
1789
2332
2773
3078
3904
3249
2921
3395
3341
3735
2766
2472
3109
2612
2921
2283
2319
2716
1655
1331
818
642
496
-1185
-2062
-2368
-2800
-3145
-4459
-4804
-4483
-4761
-4601
-4431
-3697
-2684
-2633
-1787
-585
515
1601
1726
2623
3552
3909
4267
4123
4592
4762
4195
4007
3956
4339
4135
3412
3426
3742
4042
3825
3502
3668
3669
3354
3033
2676
2246
1478
650
201
-276
-780
-1294
-1693
-1651
-1421
-1141
-831
-564
99
671
895
1044
1241
1570
1333
666
144
-127
-416
-1079
-1816
-2284
-2529
-2607
-2692
-2722
-2773
-2777
-2649
-2565
-2494
-2696
-2984
-3293
-3690
-3967
-4404
-4817
-5148
-5536
-5608
-5512
-5186
-4750
-4528
-3891
-2739
-1744
-786
-311
628
1833
2148
2732
3192
3872
4244
3356
3484
3966
4119
4095
2880
3157
3456
3052
2952
2125
2538
2464
1369
1048
515
636
41
-1532
-1875
-2228
-2495
-3196
-4159
-3970
-3985
-4341
-4270
-3828
-2926
-2491
-2538
-1487
-260
796
1378
1660
2853
3630
3893
4097
4230
4846
4714
4077
3989
3949
4176
3658
3057
3308
3451
3500
3176
3086
3508
3320
2869
2657
2425
2184
1257
464
214
-375
-851
-1505
-1678
-1458
-1511
-1336
-1100
-611
53
248
463
679
920
1029
472
32
-322
-628
-1169
-1901
-2362
-2683
-2952
-3130
-3161
-3135
-3200
-3149
-2972
-2810
-2892
-3122
-3190
-3416
-3657
-4081
-4375
-4635
-4948
-5101
-5152
-5017
-4766
-4499
-3993
-3627
-2758
-1803
-962
-146
125
1213
1825
2457
3198
3408
3978
3645
3465
4181
4031
4227
3497
3058
3532
2825
2802
2314
1987
2175
1146
798
581
221
132
-1107
-1785
-1880
-2312
-2485
-3259
-3683
-3555
-3948
-3704
-3296
-2911
-2367
-2337
-1555
-382
430
1293
1688
2454
3318
3730
4205
4373
4694
4784
4463
4218
4327
4527
4273
3780
3549
3939
4018
3859
3910
3919
3796
3267
3054
3310
2646
1752
852
476
274
-641
-1056
-1306
-1510
-1578
-1642
-1144
-649
-609
-337
-292
43
329
68
-164
-712
-1004
-1270
-1936
-2386
-2784
-3147
-3390
-3733
-3546
-3393
-3483
-3358
-3322
-3009
-2944
-3006
-2954
-3238
-3438
-3791
-3946
-4133
-4397
-4547
-4734
-4703
-4371
-4052
-3527
-3486
-2689
-1589
-843
60
67
1355
2106
2429
3144
3242
4079
3968
3273
3938
3705
4121
3636
2706
3308
2575
2671
2315
1732
2159
1194
806
637
170
332
-874
-1643
-1754
-2192
-2242
-3053
-3484
-3258
-3594
-3521
-3292
-2802
-2047
-2110
-1718
-679
298
1276
1431
1994
3057
3599
4107
4080
4462
4913
4629
4496
4311
4601
4632
4106
3934
3938
4208
4198
3914
3899
3728
3617
3328
3012
2657
1918
1223
553
72
-307
-952
-1494
-1898
-1886
-1613
-1563
-1446
-1290
-933
-637
-606
-504
-413
-511
-831
-1354
-1644
-1876
-2238
-2770
-3312
-3530
-3491
-3526
-3555
-3579
-3453
-3183
-3158
-2900
-2795
-2791
-3007
-3356
-3347
-3331
-3603
-3954
-4355
-4232
-4132
-4020
-3826
-3522
-3091
-2731
-1827
-1076
-30
345
841
1768
2135
2974
3233
3508
3926
3146
3507
3572
3554
3733
2412
2584
2365
2123
2326
1291
1431
1155
539
629
-110
38
-408
-1442
-1668
-2038
-2069
-2358
-3193
-3161
-3265
-3375
-3047
-2827
-2205
-2019
-1941
-971
47
978
1538
1746
2783
3559
4103
4379
4437
5020
5029
4734
4576
4727
4915
4509
3970
4120
4333
4215
4005
3867
3937
3579
3159
3190
2805
1980
1076
524
399
-357
-1159
-1576
-1873
-1854
-1970
-1873
-1535
-1458
-1165
-994
-930
-702
-652
-743
-1072
-1676
-1819
-2143
-2561
-2946
-3505
-3593
-3715
-3625
-3348
-3324
-3137
-2904
-2630
-2251
-2226
-2195
-2375
-2585
-2641
-2837
-3138
-3546
-3764
-3787
-3807
-3742
-3432
-2984
-2575
-2309
-1367
-418
498
952
1149
2047
2489
2993
3334
3281
3628
3070
2852
3274
2998
3279
2281
1983
2380
1982
2201
1573
1381
1647
757
789
413
183
21
-1228
-1526
-1699
-2030
-2144
-2964
-3067
-2983
-3236
-2848
-2585
-2025
-1631
-1710
-937
102
960
1577
1639
2396
3164
3551
3837
3917
4345
4457
4197
4030
4129
4378
4291
3928
3730
3922
4039
3912
3664
3469
3432
3095
2543
2114
1574
1033
223
-477
-816
-1265
-1782
-2282
-2413
-2132
-2035
-2056
-1945
-1674
-1321
-1262
-1380
-1292
-1257
-1416
-1883
-2395
-2486
-2633
-2994
-3481
-3705
-3450
-3312
-3338
-3254
-2932
-2562
-2400
-2453
-2274
-2189
-2251
-2508
-2810
-2904
-3067
-3336
-3559
-3633
-3486
-3190
-3006
-2650
-2164
-1750
-833
-145
560
1159
1189
2098
2404
2743
3187
2981
3485
3043
2622
3273
2848
3253
2455
1963
2592
1974
2179
1708
1272
1693
752
639
391
-52
52
-1057
-1532
-1573
-1959
-1961
-2649
-2931
-2627
-2861
-2591
-2256
-1894
-1288
-1304
-702
372
1026
1817
1925
2527
3357
3670
4086
4144
4375
4637
4306
4423
4512
4623
4563
4101
4260
4324
4196
4155
3853
3731
3197
2663
2571
1983
1186
246
-370
-544
-1233
-1744
-2080
-2286
-2210
-2267
-1975
-1718
-1651
-1403
-1323
-1226
-1258
-1364
-1452
-1874
-2351
-2688
-2939
-3153
-3394
-3621
-3660
-3611
-3382
-2955
-2778
-2514
-2338
-2104
-1918
-2060
-2060
-2275
-2617
-2941
-3296
-3367
-3598
-3817
-3801
-3653
-3165
-2772
-2345
-1799
-1257
-147
473
1123
1475
1847
2588
2487
2766
2972
3112
3252
2404
2495
2850
2793
2864
1973
2237
2463
2084
2150
1549
1774
1582
679
519
85
44
-502
-1626
-1802
-1951
-2189
-2553
-3096
-2771
-2606
-2807
-2490
-1967
-1134
-783
-889
-68
858
1675
2056
2091
2889
3398
3668
3754
3753
4192
4175
4102
4011
4192
4396
4319
4132
4007
4194
4214
4005
3662
3173
3115
2606
2044
1386
603
230
-652
-1163
-1428
-1749
-1897
-2379
-2291
-1837
-1708
-1521
-1600
-1294
-991
-1089
-1224
-1391
-1528
-1756
-2337
-2775
-2906
-3015
-3157
-3525
-3642
-3264
-3026
-2811
-2802
-2629
-2183
-2124
-2138
-2230
-2360
-2377
-2910
-3205
-3235
-3317
-3314
-3737
-3563
-3020
-2692
-2183
-2036
-1349
-751
-344
558
917
1542
1479
1614
2123
2151
2614
2538
2552
2634
2136
2806
2732
2823
2594
1992
2438
2031
1847
1610
956
1064
226
-173
-390
-788
-858
-1573
-1995
-1942
-2084
-2097
-2317
-2408
-2145
-2188
-2058
-1546
-1141
-700
-592
-347
634
1207
1888
2127
2449
3257
3568
3978
4101
4219
4570
4388
4462
4529
4544
4568
4234
4124
4067
3814
3772
3454
3103
2602
2130
1904
1395
561
-67
-565
-808
-1278
-1703
-1833
-1943
-1966
-1855
-1662
-1397
-1316
-1193
-1001
-995
-1085
-1209
-1379
-1571
-2011
-2389
-2555
-2753
-2806
-3037
-3087
-2931
-2782
-2473
-2378
-2188
-2028
-1949
-1906
-2057
-2202
-2428
-2672
-2937
-3200
-3263
-3336
-3270
-3187
-2890
-2387
-1924
-1423
-1032
-515
-27
741
1217
1568
1582
1533
2050
2041
2276
2368
2269
2667
2077
2383
2755
2657
2901
2037
2174
2265
1646
1693
807
690
386
-595
-655
-1199
-1228
-1471
-2299
-2276
-2237
-2192
-2124
-2469
-2157
-1960
-2050
-1664
-1181
-712
-408
-598
210
987
1528
1953
2046
2819
3373
3549
3931
4027
4490
4531
4214
4315
4346
4454
4224
3643
3611
3389
3154
2842
2330
2130
1632
1133
835
301
-68
-636
-1116
-1240
-1559
-1662
-1921
-2017
-1794
-1740
-1640
-1632
-1489
-1232
-1329
-1476
-1541
-1535
-1580
-1974
-2315
-2407
-2458
-2490
-2732
-2831
-2698
-2590
-2466
-2460
-2301
-2167
-2238
-2392
-2499
-2500
-2571
-2911
-3085
-3260
-3105
-3045
-3028
-2717
-2512
-1939
-1613
-1202
-646
-340
-27
358
883
1423
1491
1313
1723
1948
2236
2424
2484
3004
2732
2604
3019
3041
3262
2603
2127
2253
1620
1380
846
338
375
-581
-854
-1092
-1217
-1088
-1723
-1915
-1703
-1709
-1586
-1879
-1813
-1482
-1637
-1539
-1113
-673
-187
-316
148
1047
1680
2233
2397
3029
3772
4054
4284
4445
4808
5001
4624
4372
4353
4415
4207
3628
3287
3149
2889
2523
2110
1860
1523
1026
589
280
-53
-566
-1065
-1350
-1447
-1637
-1955
-2034
-1882
-1704
-1724
-1827
-1577
-1354
-1304
-1506
-1623
-1519
-1588
-1836
-2155
-2273
-2279
-2394
-2567
-2635
-2511
-2418
-2416
-2435
-2327
-2235
-2342
-2499
-2583
-2630
-2739
-3006
-3103
-3107
-3080
-2876
-2829
-2428
-2134
-1724
-1263
-906
-481
-124
-68
326
776
1123
1419
1049
1426
1757
1838
2321
2226
2733
2716
2277
2842
2766
2906
2511
1636
1768
1174
717
485
-315
-196
-934
-1399
-1338
-1598
-1343
-1715
-2073
-1705
-1720
-1562
-1614
-1737
-1338
-1470
-1483
-925
-599
-40
-61
211
1194
1752
2430
2700
3165
3897
4104
4400
4594
4840
4982
4552
4237
4159
4132
3889
3356
3009
2793
2483
2130
1944
1796
1393
821
478
323
37
-552
-1055
-1277
-1404
-1612
-1917
-1972
-1794
-1700
-1673
-1708
-1433
-1056
-1073
-1225
-1400
-1272
-1213
-1517
-1821
-2034
-2123
-2275
-2489
-2510
-2443
-2472
-2512
-2577
-2487
-2373
-2479
-2555
-2754
-2845
-2910
-3029
-3093
-3107
-3071
-2888
-2704
-2403
-1892
-1501
-1059
-742
-471
73
115
588
997
1160
1509
1069
1631
1909
1977
2360
2233
2759
2642
2265
2727
2612
2665
2084
1341
1417
858
343
-33
-621
-533
-1169
-1658
-1612
-1622
-1444
-1787
-2170
-1761
-1609
-1560
-1620
-1716
-1237
-1274
-1268
-655
-195
490
554
900
1893
2591
3271
3464
3904
4525
4747
4775
4761
4958
4991
4473
3937
3849
3869
3538
2930
2561
2479
2188
1736
1508
1329
930
315
-85
-198
-507
-1008
-1446
-1524
-1533
-1675
-1771
-1697
-1388
-1282
-1262
-1175
-901
-629
-818
-1040
-1216
-1172
-1221
-1543
-1756
-1925
-2023
-2136
-2241
-2153
-2131
-2186
-2359
-2434
-2418
-2434
-2604
-2883
-3006
-3174
-3226
-3349
-3329
-3093
-3007
-2747
-2446
-1942
-1395
-1085
-632
-320
42
156
470
1110
1343
1540
1210
1684
2202
2272
2500
2416
3039
2961
2434
2526
2489
2688
1906
1041
851
559
87
-597
-1017
-963
-1282
-1992
-2170
-1972
-1679
-1981
-2641
-2392
-2039
-1945
-2169
-2326
-1718
-1442
-1525
-1053
-334
689
969
1085
2002
2889
3608
3742
3883
4529
4679
4595
4375
4426
4573
4145
3613
3437
3510
3367
2903
2426
2352
2115
1685
1286
970
686
111
-457
-646
-814
-1052
-1434
-1639
-1437
-1379
-1337
-1305
-1080
-729
-677
-713
-619
-417
-340
-624
-967
-1082
-1075
-1235
-1554
-1852
-1943
-1970
-2133
-2235
-2392
-2392
-2498
-2671
-2797
-2987
-3030
-3229
-3387
-3560
-3649
-3538
-3484
-3250
-3085
-2726
-2288
-1840
-1360
-1004
-455
-166
154
234
702
1488
1772
2044
1768
2353
2875
2968
3251
3022
3432
3078
2503
2523
2200
2309
1433
732
530
121
-13
-600
-733
-742
-1213
-1666
-2021
-1696
-1627
-2061
-2627
-2646
-2185
-2105
-2146
-2102
-1529
-987
-774
-143
692
1620
2042
2187
2925
3570
4033
3994
4032
4486
4443
4278
4003
4198
4373
3926
3577
3385
3524
3248
2579
2203
1890
1636
960
425
185
-54
-434
-958
-1028
-936
-913
-1142
-1329
-1049
-885
-829
-972
-925
-506
-512
-538
-694
-527
-212
-480
-713
-1032
-968
-1013
-1516
-1901
-2197
-2179
-2435
-2829
-3016
-2999
-2943
-3159
-3305
-3355
-3309
-3429
-3530
-3545
-3528
-3497
-3518
-3287
-3090
-2755
-2395
-1992
-1491
-1055
-566
-127
171
700
1512
2102
2515
2366
2747
3241
3287
3429
3076
3290
2950
2216
2162
1867
2098
1419
784
720
382
299
-339
-572
-593
-1167
-1796
-2530
-2512
-2404
-2776
-3251
-3400
-2898
-2465
-2292
-1959
-1327
-662
-339
94
897
1690
2086
2139
2592
3174
3558
3571
3674
4206
4440
4366
4079
4246
4501
4220
3686
3229
3225
2951
2324
1754
1456
1357
908
518
266
250
49
-254
-427
-441
-442
-684
-850
-902
-783
-765
-815
-691
-483
-239
-239
-201
-86
57
0
-295
-542
-735
-919
-1334
-1790
-2065
-2211
-2351
-2644
-2835
-2853
-2945
-3087
-3306
-3370
-3360
-3619
-3726
-3826
-3686
-3509
-3601
-3295
-3116
-2609
-2193
-1962
-1408
-1120
-657
-467
-305
399
1183
1921
2172
2233
2727
3247
3460
3465
3298
3178
2679
1896
1682
1568
1495
977
402
417
299
171
-123
-321
-313
-944
-1675
-2318
-2518
-2538
-3093
-3485
-3483
-2972
-2464
-2327
-1832
-1115
-363
97
426
1131
1677
1996
2095
2437
2991
3257
3342
3455
3961
4388
4470
4345
4288
4407
4157
3712
3249
2974
2674
2023
1539
1240
1209
1016
683
543
434
402
203
100
104
-61
-237
-457
-352
-237
-305
-330
-288
91
267
236
223
209
381
194
-115
-423
-714
-860
-1293
-1654
-1957
-2112
-2266
-2644
-2909
-3083
-3060
-3273
-3600
-3804
-3856
-3677
-3805
-3740
-3611
-3351
-3125
-3171
-2847
-2486
-2059
-1935
-1923
-1572
-1274
-877
-678
53
1082
1869
2385
2389
2927
3317
3488
3476
2959
2756
2028
1404
1191
935
1176
809
599
631
488
669
216
-81
-389
-1109
-1701
-2630
-2896
-2959
-3270
-3440
-3524
-2803
-2079
-1732
-1507
-1216
-531
42
394
644
887
1180
1484
1863
2359
2862
3211
3445
3655
3927
4123
4127
3885
3575
3267
2952
2692
2306
2075
1769
1500
1326
1116
1168
992
731
452
189
286
202
82
-78
-225
-58
-7
75
94
21
83
42
129
198
189
134
-26
-49
-109
-161
-390
-651
-919
-1277
-1516
-1900
-2117
-2494
-2887
-3118
-3306
-3176
-3300
-3343
-3398
-3338
-3097
-3110
-2929
-2915
-2820
-2768
-2841
-2526
-2303
-2008
-1807
-1705
-1208
-762
-215
548
1181
2043
2451
2544
2850
2867
3202
3069
2620
2447
1943
1901
1699
1459
1633
1434
1525
1460
1199
1110
466
-13
-405
-945
-1248
-1975
-2322
-2341
-2490
-2400
-2569
-2208
-1583
-1313
-1188
-1464
-1308
-790
-327
139
271
531
1023
1539
2243
2697
3026
3345
3476
3711
3652
3464
3308
3050
3015
2808
2586
2346
2029
1885
1692
1556
1426
1273
1144
931
635
376
232
200
213
65
-113
-283
-343
-246
-203
-183
-290
-348
-244
-80
66
5
-82
-137
-172
-287
-600
-891
-1174
-1394
-1640
-1950
-2137
-2337
-2465
-2622
-2737
-2751
-2834
-2912
-3061
-3101
-3089
-3059
-2956
-2859
-2657
-2537
-2329
-2012
-1668
-1354
-1263
-1117
-859
-558
-274
-69
210
582
865
1122
1357
1517
1656
1534
1444
1339
1120
985
772
828
900
855
872
795
844
780
600
456
197
-92
-407
-634
-633
-595
-566
-485
-430
-323
-293
-269
-176
-247
-380
-560
-542
-331
-193
-24
223
714
1244
1541
1680
1736
1842
1847
1705
1523
1374
1273
1142
1037
1041
1161
1295
1377
1414
1452
1513
1549
1573
1504
1386
1261
1182
1176
1097
1001
910
889
908
839
816
842
913
917
807
792
847
866
716
444
278
181
18
-282
-600
-765
-859
-1016
-1276
-1511
-1642
-1729
-1844
-2021
-2171
-2307
-2412
-2466
-2486
-2434
-2401
-2344
-2251
-2140
-1983
-1845
-1680
-1524
-1405
-1273
-1101
-849
-625
-500
-418
-286
-62
120
181
172
179
262
315
316
305
319
389
410
399
368
323
266
117
-83
-291
-489
-642
-767
-857
-886
-903
-883
-840
-794
-723
-695
-669
-676
-717
-756
-791
-736
-618
-419
-183
75
380
708
1105
1441
1658
1724
1703
1748
1777
1760
1655
1559
1599
1659
1688
1666
1692
1836
1939
1940
1854
1797
1822
1783
1640
1458
1375
1415
1422
1328
1193
1152
1192
1176
1049
911
890
930
910
794
711
722
704
543
273
75
-35
-197
-477
-774
-916
-979
-1118
-1362
-1577
-1648
-1700
-1852
-2067
-2208
-2227
-2243
-2326
-2400
-2366
-2234
-2087
-1972
-1835
-1647
-1458
-1281
-1154
-1020
-878
-738
-560
-416
-277
-182
-108
21
104
175
176
162
224
261
331
362
403
499
506
485
362
238
167
38
-88
-294
-471
-556
-609
-578
-595
-620
-635
-659
-626
-648
-684
-729
-780
-811
-885
-902
-801
-599
-374
-210
-9
290
632
866
960
1031
1144
1240
1201
1120
1105
1166
1219
1195
1239
1361
1473
1514
1488
1567
1658
1653
1556
1410
1367
1313
1235
1212
1217
1277
1232
1149
1126
1073
1000
820
679
643
575
530
463
462
464
318
170
24
-63
-189
-444
-638
-792
-890
-1012
-1172
-1233
-1277
-1327
-1429
-1560
-1621
-1666
-1699
-1752
-1849
-1917
-1902
-1769
-1566
-1411
-1302
-1163
-1001
-840
-773
-738
-637
-536
-416
-335
-229
-75
-16
24
30
74
150
147
194
242
288
309
272
310
324
259
128
-14
-51
-86
-206
-370
-517
-566
-556
-574
-582
-570
-525
-421
-372
-325
-283
-250
-161
-189
-197
-114
70
372
479
565
732
997
1337
1385
1381
1403
1458
1539
1363
1263
1224
1212
1199
1001
968
995
1030
1025
859
817
773
755
722
602
589
592
716
888
1019
1146
1180
1229
1241
1235
1260
1262
1259
1162
1068
1065
1105
1083
880
635
491
411
272
-14
-317
-495
-626
-776
-989
-1179
-1268
-1395
-1543
-1726
-1869
-1935
-2071
-2204
-2358
-2442
-2397
-2325
-2162
-2036
-1906
-1735
-1559
-1321
-1177
-1090
-1025
-919
-721
-580
-498
-500
-485
-398
-325
-276
-294
-278
-180
-78
22
44
62
118
124
141
86
13
-19
-148
-230
-396
-560
-599
-692
-637
-669
-653
-423
-241
55
42
-85
-71
-112
56
-4
-64
52
91
343
413
536
789
854
1034
1021
1030
1098
932
893
776
736
812
688
675
569
469
502
406
474
448
377
438
416
612
778
978
1311
1498
1753
1843
1939
2112
2137
2196
2142
2217
2358
2364
2318
2117
2035
1942
1749
1485
1132
929
688
413
105
-185
-311
-481
-678
-927
-1148
-1262
-1411
-1588
-1802
-1989
-2110
-2196
-2271
-2321
-2358
-2351
-2235
-2105
-1915
-1776
-1657
-1458
-1321
-1134
-1045
-974
-835
-797
-704
-703
-709
-649
-665
-595
-584
-552
-453
-386
-236
-150
-96
-41
7
87
94
51
-61
-178
-302
-435
-534
-683
-738
-814
-787
-553
-320
33
138
108
63
-108
-11
-74
-129
-118
-236
-25
42
188
376
378
646
656
709
766
597
644
499
513
606
557
688
580
534
500
336
358
262
247
220
134
293
454
771
1093
1301
1544
1632
1753
1808
1835
1916
1898
1993
2072
2167
2217
2097
2000
1810
1694
1539
1258
1025
725
545
345
124
-11
-202
-296
-477
-710
-878
-1082
-1229
-1466
-1690
-1815
-1920
-1940
-2001
-2057
-2048
-2024
-1921
-1814
-1683
-1529
-1409
-1224
-1064
-947
-866
-854
-775
-751
-752
-768
-828
-772
-761
-723
-665
-629
-474
-400
-276
-163
-103
30
67
145
155
92
35
-113
-202
-312
-406
-478
-538
-518
-446
-244
-20
217
338
338
298
176
187
126
64
35
-33
105
143
220
267
246
404
387
398
354
261
308
229
275
300
325
446
407
412
341
256
216
110
97
62
117
291
492
771
1008
1245
1440
1581
1733
1807
1891
1942
1981
2074
2138
2201
2129
1997
1876
1701
1569
1336
1061
780
498
321
104
-75
-263
-464
-585
-748
-888
-1062
-1229
-1379
-1578
-1706
-1794
-1797
-1766
-1760
-1731
-1685
-1560
-1440
-1347
-1248
-1157
-1017
-873
-745
-663
-644
-615
-594
-576
-568
-615
-654
-688
-703
-684
-669
-605
-547
-475
-371
-293
-202
-162
-122
-86
-89
-98
-160
-178
-193
-216
-244
-294
-272
-253
-218
-201
-202
-160
-170
-179
-216
-220
-157
-128
-97
-92
-28
94
173
223
224
259
332
369
385
384
430
519
592
669
737
811
898
940
976
984
983
982
934
904
866
869
926
968
1027
1023
1029
1043
1051
1109
1122
1158
1177
1200
1287
1351
1428
1401
1318
1253
1163
1092
914
683
456
258
159
45
-50
-154
-260
-323
-411
-499
-630
-786
-937
-1099
-1223
-1316
-1364
-1369
-1363
-1343
-1304
-1230
-1128
-1052
-1019
-1012
-998
-935
-870
-840
-853
-881
-865
-838
-816
-827
-866
-875
-866
-823
-773
-716
-637
-568
-475
-387
-310
-255
-251
-254
-269
-280
-290
-300
-281
-253
-231
-216
-201
-161
-135
-163
-235
-316
-353
-380
-437
-499
-534
-490
-419
-362
-312
-267
-176
-98
-39
13
53
117
159
217
295
389
507
598
707
821
944
1061
1126
1180
1221
1276
1320
1319
1298
1261
1246
1238
1215
1185
1148
1130
1116
1096
1083
1082
1090
1088
1070
1057
1062
1048
991
883
781
702
620
513
371
261
197
161
128
76
48
21
-14
-81
-183
-281
-387
-489
-600
-703
-761
-790
-786
-788
-790
-778
-754
-726
-739
-791
-861
-916
-941
-965
-1000
-1048
-1072
-1060
-1030
-1011
-1012
-1005
-974
-922
-867
-817
-761
-691
-608
-524
-438
-349
-273
-220
-189
-163
-129
-103
-96
-104
-111
-98
-88
-79
-81
-92
-104
-143
-175
-213
-253
-303
-381
-418
-426
-400
-380
-396
-385
-369
-309
-260
-235
-195
-169
-91
-11
78
184
263
381
487
619
753
848
953
1014
1093
1163
1208
1256
1254
1269
1271
1275
1292
1275
1275
1251
1222
1190
1129
1089
1025
955
877
788
735
675
607
527
437
385
329
274
209
138
97
54
20
-7
-38
-49
-83
-119
-157
-198
-232
-291
-347
-388
-416
-424
-449
-469
-491
-511
-528
-571
-624
-682
-743
-792
-843
-878
-910
-940
-957
-978
-984
-991
-1001
-993
-979
-935
-884
-825
-755
-684
-593
-506
-418
-331
-258
-182
-129
-81
-43
-24
-14
-24
-27
-30
-25
-22
-29
-31
-45
-56
-91
-143
-205
-281
-342
-409
-453
-486
-513
-519
-533
-521
-511
-499
-482
-479
-439
-399
-336
-258
-184
-75
21
137
243
334
435
500
582
646
713
794
851
927
982
1046
1110
1138
1169
1159
1156
1145
1115
1100
1063
1044
1019
989
972
931
898
846
785
739
682
643
590
541
503
464
439
401
360
321
274
234
181
129
74
9
-52
-112
-162
-202
-244
-282
-321
-352
-380
-425
-477
-536
-593
-635
-674
-702
-727
-746
-758
-772
-780
-793
-809
-821
-833
-817
-784
-732
-673
-613
-538
-462
-378
-303
-243
-187
-144
-102
-71
-45
-28
-26
-25
-32
-30
-28
-37
-52
-79
-100
-130
-164
-206
-254
-291
-328
-352
-375
-399
-416
-445
-461
-482
-495
-504
-518
-511
-496
-455
-405
-359
-300
-248
-176
-110
-50
8
48
100
148
206
275
338
414
473
544
611
662
702
706
710
711
714
734
743
765
783
800
818
816
807
774
732
689
645
618
590
565
542
518
503
477
445
404
355
310
263
214
163
112
65
23
-11
-37
-64
-90
-119
-143
-164
-186
-216
-253
-287
-310
-323
-330
-341
-358
-376
-396
-415
-434
-460
-487
-516
-534
-537
-526
-507
-488
-465
-434
-391
-342
-298
-257
-224
-193
-160
-130
-102
-82
-70
-61
-57
-59
-68
-89
-118
-149
-173
-191
-203
-212
-213
-210
-205
-206
-217
-241
-271
-301
-327
-347
-360
-367
-365
-350
-322
-287
-254
-227
-206
-183
-155
-127
-101
-79
-55
-21
28
87
150
210
260
305
346
379
406
421
434
451
482
526
577
630
673
709
734
748
748
731
700
662
623
588
554
523
496
474
457
443
423
396
358
314
265
211
154
95
40
-2
-34
-57
-81
-109
-142
-176
-208
-238
-267
-299
-328
-349
-360
-363
-364
-372
-387
-404
-418
-429
-440
-455
-472
-488
-495
-488
-472
-450
-423
-392
-353
-307
-263
-223
-189
-161
-134
-108
-82
-61
-48
-42
-44
-53
-69
-93
-119
-139
-152
-155
-152
-147
-141
-136
-131
-127
-128
-135
-145
-151
-148
-139
-126
-115
-103
-88
-69
-44
-22
-8
-2
0
4
12
23
35
50
71
101
139
178
210
232
245
254
263
276
290
309
336
368
408
450
490
523
549
571
587
597
600
594
582
566
548
529
510
491
478
471
466
458
443
421
393
361
328
294
259
222
188
156
125
90
48
-4
-60
-112
-164
-211
-256
-300
-341
-375
-403
-424
-443
-460
-478
-492
-503
-512
-522
-535
-545
-552
-549
-535
-513
-483
-448
-410
-370
-332
-298
-269
-244
-221
-200
-182
-172
-170
-175
-190
-211
-235
-264
-290
-313
-329
-339
-346
-354
-364
-374
-386
-393
-397
-396
-391
-378
-359
-333
-303
-273
-243
-213
-184
-152
-119
-86
-54
-25
4
34
65
93
121
148
171
193
210
223
232
235
239
243
249
259
271
285
299
314
329
342
355
372
393
415
441
467
493
515
533
546
555
562
568
575
583
592
599
603
603
597
586
570
552
532
510
488
463
433
398
354
304
246
184
119
55
-8
-69
-124
-175
-220
-260
-296
-327
-351
-373
-389
-404
-414
-423
-428
-429
-425
-413
-394
-368
-337
-302
-265
-227
-189
-155
-122
-92
-66
-46
-32
-28
-33
-49
-74
-104
-141
-176
-212
-244
-274
-302
-328
-355
-381
-406
-429
-449
-461
-468
-466
-457
-443
-425
-406
-384
-362
-338
-312
-283
-249
-213
-176
-138
-101
-65
-32
-2
25
49
69
85
95
103
105
105
102
99
97
96
96
98
100
105
111
120
132
148
166
188
211
235
257
278
296
313
330
348
368
388
410
431
449
465
478
485
489
490
491
488
482
472
458
435
404
364
317
262
204
144
85
26
-29
-80
-127
-171
-210
-244
-271
-296
-313
-328
-337
-343
-346
-345
-341
-331
-318
-301
-277
-251
-220
-187
-152
-117
-83
-51
-21
3
23
34
38
35
23
5
-17
-44
-71
-99
-127
-154
-181
-207
-231
-255
-275
-292
-304
-312
-315
-314
-310
-305
-298
-289
-279
-269
-255
-239
-219
-195
-171
-142
-114
-84
-54
-24
6
34
62
88
110
131
148
160
171
177
182
184
185
186
187
187
190
194
198
206
215
226
237
250
263
275
289
299
310
321
331
341
351
360
370
379
391
400
410
418
424
427
427
419
407
387
362
328
288
241
189
135
76
17
-42
-98
-152
-203
-248
-289
-325
-357
-382
-405
-423
-436
-446
-453
-455
-453
-446
-436
-420
-400
-375
-346
-314
-278
-242
-205
-171
-137
-109
-83
-63
-49
-40
-37
-39
-45
-57
-69
-83
-100
-117
-132
-147
-161
-174
-184
-194
-201
-207
-211
-216
-216
-216
-215
-211
-205
-197
-186
-173
-157
-137
-117
-96
-70
-44
-18
8
33
60
84
109
130
150
167
184
196
208
218
224
230
235
238
241
243
246
248
252
257
260
266
273
280
289
298
306
315
322
331
340
347
354
360
366
370
373
376
376
374
370
363
351
336
316
291
262
228
190
149
103
56
7
-43
-90
-136
-180
-221
-259
-291
-320
-343
-362
-378
-388
-395
-396
-395
-390
-382
-370
-356
-338
-317
-296
-270
-246
-220
-194
-167
-144
-121
-101
-84
-70
-60
-54
-51
-51
-53
-58
-66
-75
-85
-94
-105
-116
-126
-136
-145
-154
-161
-167
-173
-177
-179
-181
-181
-179
-175
-169
-161
-153
-142
-131
-117
-103
-88
-72
-56
-41
-25
-9
6
21
36
50
63
77
89
101
113
123
135
145
155
166
176
185
196
205
218
229
241
253
267
281
294
308
320
332
343
354
361
369
374
375
375
372
367
358
346
330
313
292
268
241
213
180
147
111
75
38
0
-38
-74
-111
-144
-177
-207
-235
-261
-282
-300
-315
-325
-332
-336
-336
-332
-324
-314
-301
-286
-267
-248
-227
-206
-184
-162
-141
-121
-103
-85
-70
-57
-46
-37
-30
-25
-24
-24
-28
-31
-39
-47
-57
-67
-78
-89
-100
-109
-118
-127
-133
-140
-143
-146
-146
-146
-144
-138
-133
-125
-116
-106
-94
-80
-66
-52
-37
-21
-6
9
23
37
49
61
73
82
94
104
114
124
133
142
152
161
170
177
187
194
202
210
218
228
236
246
255
264
273
280
287
291
295
296
294
292
287
279
271
258
245
230
213
194
173
149
124
97
68
39
9
-20
-50
-79
-106
-131
-155
-177
-195
-211
-226
-238
-247
-255
-260
-262
-262
-259
-254
-246
-235
-223
-209
-194
-179
-162
-147
-132
-118
-105
-94
-84
-75
-66
-59
-52
-47
-43
-39
-38
-37
-38
-41
-46
-50
-55
-62
-67
-72
-76
-79
-81
-82
-82
-80
-78
-77
-75
-72
-69
-65
-63
-57
-52
-45
-38
-29
-20
-10
-2
9
16
25
32
39
44
51
56
63
70
77
85
94
104
112
121
130
137
145
151
158
163
169
176
182
188
194
200
206
209
213
213
211
208
203
197
188
178
167
154
141
128
113
100
84
68
49
30
12
-9
-29
-49
-68
-86
-103
-117
-130
-140
-149
-157
-163
-169
-173
-176
-180
-181
-182
-181
-179
-176
-171
-164
-157
-148
-139
-129
-121
-113
-105
-99
-94
-89
-86
-82
-78
-73
-69
-64
-61
-56
-54
-53
-51
-50
-52
-52
-52
-53
-53
-53
-50
-47
-43
-38
-33
-29
-23
-18
-13
-9
-5
0
3
8
13
19
26
32
39
45
52
59
63
67
70
73
74
77
80
82
86
91
96
101
107
113
119
124
128
132
136
139
141
146
149
153
156
159
162
164
165
166
163
159
153
146
137
126
115
104
91
78
65
52
38
24
9
-6
-22
-38
-54
-68
-83
-95
-107
-117
-125
-129
-134
-136
-137
-137
-136
-135
-133
-130
-128
-123
-118
-114
-107
-100
-93
-86
-79
-73
-68
-63
-59
-58
-55
-56
-56
-55
-56
-57
-57
-57
-56
-56
-55
-55
-54
-53
-52
-52
-50
-49
-46
-41
-37
-32
-26
-18
-12
-3
3
9
15
20
25
29
32
33
36
37
38
39
39
39
39
37
34
32
28
26
22
18
15
13
11
10
12
15
16
19
24
29
34
40
45
52
59
65
72
79
84
91
97
103
107
109
112
111
110
106
101
95
89
81
71
62
52
41
30
19
7
-5
-17
-27
-38
-49
-57
-66
-72
-78
-82
-85
-86
-87
-86
-84
-81
-77
-74
-69
-65
-60
-55
-50
-43
-39
-34
-29
-25
-22
-18
-16
-14
-13
-12
-11
-13
-12
-13
-14
-15
-15
-16
-16
-16
-16
-15
-14
-13
-12
-7
-6
-2
1
5
10
13
18
23
26
30
34
37
39
41
40
42
42
39
37
35
31
27
22
17
10
5
-1
-8
-14
-19
-24
-29
-33
-36
-38
-40
-40
-39
-36
-32
-28
-24
-17
-11
-3
5
14
22
31
39
47
55
62
70
74
79
83
85
86
85
83
81
77
72
66
58
49
41
32
22
12
3
-8
-18
-27
-36
-44
-52
-58
-64
-69
-72
-74
-76
-75
-75
-74
-71
-69
-64
-60
-56
-50
-45
-39
-34
-28
-23
-17
-12
-8
-4
1
3
7
9
11
14
16
17
18
19
19
21
21
22
22
23
25
25
26
26
27
29
30
30
30
31
30
30
29
28
27
25
22
20
16
14
9
4
-1
-6
-11
-17
-21
-27
-33
-38
-43
-47
-51
-54
-56
-57
-59
-59
-57
-55
-53
-49
-44
-39
-34
-29
-21
-13
-6
1
9
16
25
31
38
44
50
54
59
61
64
65
66
65
64
62
58
54
49
45
38
32
26
19
13
6
-1
-8
-13
-20
-25
-31
-35
-38
-42
-44
-46
-47
-47
-47
-47
-46
-44
-42
-38
-35
-31
-27
-24
-20
-16
-11
-8
-3
0
5
9
11
15
18
21
24
26
27
28
31
31
32
33
33
33
32
33
32
31
30
29
27
25
23
21
19
17
14
11
7
4
2
-1
-5
-8
-12
-15
-19
-21
-25
-27
-31
-33
-36
-36
-38
-39
-40
-41
-39
-39
-36
-37
-34
-31
-29
-25
-21
-17
-11
-7
-2
3
8
13
18
23
27
30
35
37
40
41
42
43
44
43
42
41
40
36
32
29
25
21
17
13
7
2
-2
-6
-11
-15
-19
-21
-25
-28
-29
-31
-32
-33
-33
-33
-31
-31
-28
-27
-25
-22
-20
-17
-14
-11
-9
-5
-3
-1
2
3
5
7
10
10
11
13
13
14
14
15
15
14
14
14
14
14
13
13
13
12
11
10
10
9
9
8
7
6
5
4
4
3
2
1
0
-2
-2
-4
-6
-7
-8
-9
-10
-11
-12
-13
-13
-14
-13
-14
-14
-14
-13
-12
-11
-10
-9
-8
-6
-5
-3
-1
1
2
4
6
6
8
9
10
10
11
11
12
12
12
11
10
9
9
7
7
5
3
2
1
-1
-2
-3
-4
-4
-5
-7
-6
-7
-7
-6
-7
-6
-5
-5
-4
-4
-3
-2
-1
-1
-1
0
2
2
2
3
3
4
4
3
4
3
4
3
2
2
1
1
1
-1
0
0
-1
-1
-1
-1
-1
-2
-3
-2
-2
-2
-1
-1
-1
-1
-2
-1
0
0
0
-1
-1
0
0
0
1
0
1
0
1
0
0
0
0
0
1
0
1
0
0
0
1
0
1
1
0
0
-1
0
0
1
1
1
1
0
1
1
0
0
0
0
0
0
0
0
0
-1
0
0
0
0
-1
0
0
-1
-1
-1
-2
-1
-1
-2
-1
-1
-2
-2
-2
-2
-3
-2
-3
-3
-3
-3
-3
-2
-3
-3
-4
-3
-3
-4
-3
-4
-3
-3
-2
-3
-3
-3
-3
-4
-3
-3
-3
-3
-3
-2
-2
-2
-2
-2
-2
-1
-1
-1
-1
0
0
0
0
0
1
1
1
2
2
3
3
3
3
3
4
4
4
4
4
4
4
4
5
5
5
6
6
5
6
6
6
6
6
6
7
6
5
6
5
7
6
6
6
6
5
5
5
5
5
5
4
3
4
4
3
3
3
3
2
2
2
2
1
0
0
0
0
-1
-2
-2
-2
-2
-3
-3
-3
-4
-4
-4
-5
-5
-5
-6
-5
-6
-6
-7
-6
-6
-6
-7
-8
-8
-8
-8
-8
-7
-8
-7
-8
-8
-8
-8
-8
-7
-7
-8
-7
-8
-7
-6
-6
-6
-6
-6
-5
-5
-4
-5
-4
-4
-3
-3
-3
-2
-2
-2
-1
-1
0
0
0
1
1
2
2
3
3
4
4
4
4
5
5
5
5
6
6
6
7
8
7
8
9
8
8
8
9
8
9
8
9
8
8
9
9
9
8
9
8
8
9
7
8
7
7
6
6
6
6
6
4
4
4
4
4
3
2
2
2
2
1
1
0
0
0
-1
-1
-2
-3
-2
-3
-3
-4
-5
-4
-4
-6
-6
-6
-6
-7
-7
-7
-7
-8
-8
-8
-7
-8
-7
-8
-8
-8
-8
-8
-7
-8
-7
-8
-7
-7
-7
-8
-8
-7
-7
-7
-7
-6
-5
-5
-6
-6
-5
-4
-4
-4
-3
-3
-3
-2
-2
-2
-2
-1
-1
0
0
1
0
1
2
1
2
3
3
3
3
3
4
5
5
4
5
5
6
6
5
6
6
6
5
6
6
5
7
7
6
6
6
7
6
6
6
6
6
6
6
6
6
5
5
4
5
4
3
4
4
4
3
3
2
2
2
2
1
2
1
0
1
0
1
0
0
0
-1
-1
-1
-1
-1
-2
-2
-3
-2
-2
-2
-2
-3
-3
-4
-3
-4
-4
-3
-4
-3
-3
-3
-4
-4
-4
-3
-3
-3
-3
-3
-3
-3
-2
-4
-3
-2
-2
-3
-2
-3
-2
-2
-2
-1
-1
-2
-1
-2
-2
-1
-1
0
-1
0
-1
0
0
0
0
1
1
-1
1
0
1
1
0
1
0
1
0
1
0
1
1
0
1
1
0
-1
1
1
0
1
1
0
0
1
1
1
0
0
1
0
1
0
1
-1
0
0
0
-1
0
0
0
0
0
0
0
0
0
0
0
0
0
1
0
0
0
1
0
0
0
0
1
0
0
0
0
-1
0
0
0
-1
0
0
0
0
0
0
0
0
0
-1
0
1
0
0
0
0
-1
0
0
1
0
0
0
0
0
-1
0
0
0
0
0
0
-1
0
0
-1
0
0
0
-1
-1
0
0
0
-1
0
0
0
0
0
0
0
0
0
0
0
0
0
0
0
-1
0
0
0
-1
0
-1
0
-1
0
0
0
0
1
0
0
0
-1
-1
1
0
0
0
0
0
0
0
0
0
0
0
0
1
0
0
0
0
-1
0
-1
0
0
0
0
-1
0
0
0
0
0
0
0
0
0
0
0
0
1
0
1
1
0
1
0
0
0
0
0
1
0
1
0
0
0
1
0
0
-1
0
0
0
-1
-1
0
0
0
0
-1
-1
1
0
0
1
0
0
1
0
0
0
-1
1
1
0
0
0
0
0
-1
0
0
0
0
0
0
0
0
-1
0
0
0
0
0
0
0
0
0
0
0
-1
0
-1
0
0
0
0
0
0
0
-1
0
-1
1
0
0
0
0
0
-1
0
-1
0
-1
0
0
0
0
-1
0
-1
0
1
0
0
0
0
0
0
1
0
0
0
0
0
0
-1
0
0
0
0
0
0
0
0
1
0
1
1
0
0
0
0
0
0
0
0
0
0
1
0
1
0
0
0
0
0
0
0
0
0
0
0
1
0
1
1
0
0
0
0
-1
0
0
1
0
0
0
0
0
0
0
0
0
0
-1
0
0
-1
0
0
0
0
0
0
0
0
0
-1
0
1
0
0
0
0
0
0
0
-1
1
0
0
0
1
0
1
0
0
0
0
0
0
0
-1
0
1
0
0
1
1
0
0
0
0
-1
1
1
0
-1
1
0
0
0
0
0
0
0
0
-1
0
0
0
0
1
0
0
0
0
0
0
-1
-1
1
0
0
1
0
0
-1
0
-1
1
0
1
0
0
0
0
1
-1
0
0
0
0
0
0
0
0
0
0
0
0
0
0
-1
0
0
0
0
1
0
0
0
0
0
0
0
0
-1
0
0
0
-1
0
0
1
0
-1
0
0
0
0
1
1
1
0
0
-1
0
0
-1
0
0
0
0
-1
0
0
0
0
1
0
1
0
0
0
0
0
1
0
0
0
0
0
0
0
-1
1
-1
0
-1
0
0
0
0
0
0
0
0
0
0
0
0
0
0
1
0
0
0
0
0
0
0
0
0
0
0
0
0
0
-1
0
0
0
1
0
0
0
0
-1
0
-1
0
1
0
0
1
0
0
0
0
0
0
0
0
0
0
1
-1
0
-1
0
0
-1
0
0
0
1
-1
0
0
0
0
0
1
0
0
0
0
0
0
0
-1
0
0
0
0
0
0
-1
0
0
0
0
0
0
-1
0
-1
0
-1
0
0
1
0
0
1
0
0
0
-1
0
0
0
0
0
1
0
0
0
0
1
0
-1
0
0
0
0
0
0
0
0
0
-1
-1
0
0
0
1
0
-1
0
0
-1
0
0
0
-1
0
0
1
0
0
0
0
0
0
1
0
0
0
0
0
0
0
0
1
1
0
0
0
0
0
0
1
0
1
0
0
0
1
0
0
0
-1
1
1
0
-1
0
0
0
0
0
0
0
0
0
0
0
1
0
0
0
0
0
0
0
0
0
1
0
1
-1
0
-1
0
0
-1
0
0
0
0
0
0
0
0
0
-1
0
0
0
0
0
0
0
0
0
0
0
0
0
0
0
0
0
0
0
0
0
0
0
-1
0
0
0
0
0
0
0
-1
0
0
1
0
0
0
0
0
0
0
0
0
0
0
0
0
0
0
0
0
0
0
1
-1
0
0
0
0
0
0
-1
1
0
0
0
0
0
-1
0
0
0
0
0
0
0
0
0
0
-1
-1
-1
-1
0
-1
0
0
0
0
0
0
-1
-1
0
-1
0
0
0
-1
0
0
0
0
0
0
0
1
0
0
0
0
0
0
0
0
0
0
1
1
0
0
0
0
0
0
1
0
0
0
0
1
0
0
0
0
0
1
1
0
0
0
0
0
-1
0
0
0
0
0
1
1
0
0
1
-1
0
0
1
0
0
1
0
1
1
0
0
0
-1
0
0
-1
-1
0
0
1
0
1
1
-1
0
0
0
0
0
0
0
0
0
0
0
1
0
0
1
0
0
0
1
0
0
0
-1
0
1
0
0
0
0
0
0
0
-1
0
0
0
0
-1
-1
0
0
0
0
0
0
0
0
0
0
-1
0
1
0
0
0
0
0
0
0
-1
0
1
0
0
1
0
-1
0
-1
-1
0
0
0
0
1
0
0
0
0
0
0
0
0
1
1
0
1
-1
0
0
0
0
0
0
0
0
0
0
0
0
0
0
0
0
0
0
0
0
0
0
0
0
0
0
0
0
-1
1
0
1
0
0
1
0
0
0
0
0
0
-1
0
0
0
0
1
1
0
0
0
0
0
0
-1
1
0
0
1
-1
-1
0
0
0
0
0
0
0
0
0
0
0
0
0
0
0
0
0
0
0
0
1
0
-1
0
0
0
0
-1
0
0
0
0
0
-1
0
0
0
0
-1
0
0
0
0
0
0
0
0
0
0
0
0
0
0
-1
0
0
0
0
0
0
0
0
0
1
0
-1
0
0
0
0
0
0
0
0
1
0
0
0
0
0
0
0
0
0
0
-1
0
0
0
0
0
0
0
0
0
0
0
0
0
1
0
0
0
0
0
0
0
1
0
0
0
1
1
0
-1
0
-1
1
1
0
0
0
1
0
0
0
1
0
0
0
0
0
0
0
0
0
-1
0
0
0
0
1
0
0
0
0
0
-1
-1
-1
0
0
0
0
-1
0
0
0
0
0
0
0
0
0
1
0
1
0
0
0
0
0
0
1
-1
0
1
-1
0
0
0
0
0
0
0
-1
0
0
0
-1
0
-1
0
0
0
0
0
-1
0
0
1
0
0
0
-1
0
0
0
0
0
0
0
0
-1
-1
0
0
0
0
0
1
0
0
1
0
0
-1
0
0
0
0
0
0
0
0
0
1
0
1
0
0
1
-1
1
0
0
0
-1
-1
0
0
0
-1
0
-1
0
0
0
-1
0
0
0
0
1
0
0
0
0
0
0
1
0
1
0
0
0
0
0
0
1
0
0
0
1
1
0
0
0
0
0
0
0
0
-1
1
0
0
0
0
0
0
0
1
0
0
-1
0
0
0
-1
0
0
0
1
0
-1
0
0
0
0
0
0
-1
-1
0
0
-1
1
0
1
0
0
0
0
0
0
1
0
-1
0
-1
0
0
0
0
0
1
-1
-1
0
0
0
0
0
0
0
0
1
0
0
0
0
0
0
-1
0
0
0
0
0
-1
0
0
0
0
0
0
0
0
1
0
0
0
1
0
0
-1
-1
0
0
0
1
-1
0
0
0
-1
1
0
0
0
1
-1
0
0
0
0
0
0
0
0
0
0
0
-1
0
0
0
0
0
0
0
0
0
0
1
-1
0
0
-1
1
0
0
0
0
0
0
0
0
0
0
0
0
0
0
-1
0
0
0
0
0
0
0
-1
0
0
0
-1
0
0
-1
0
0
0
0
0
0
1
1
0
0
0
0
0
0
0
0
0
0
0
1
0
0
0
0
-1
0
0
0
1
0
0
0
0
0
0
1
0
0
0
0
0
-1
0
-1
1
0
1
0
0
1
0
0
1
0
0
0
1
-1
-1
1
0
0
0
-1
0
0
1
0
0
0
0
0
0
-1
0
0
0
-1
0
0
1
1
-1
0
0
0
0
0
0
0
0
0
-1
1
0
0
1
0
0
0
0
0
-1
0
0
0
0
-1
1
0
0
-1
0
0
0
0
0
-1
0
-1
1
0
0
1
0
0
0
0
0
0
0
0
-1
0
0
0
1
0
1
0
-1
0
0
-1
0
0
1
1
0
0
0
-1
-1
0
0
0
-1
0
0
1
0
1
0
0
1
0
0
1
0
0
0
0
0
0
0
0
0
0
0
-1
1
0
0
0
0
0
0
0
0
0
1
-1
0
-1
0
0
0
0
0
-1
0
0
0
1
0
0
0
0
0
-1
0
0
0
-1
1
1
-1
0
0
0
0
0
0
0
0
0
0
0
0
0
-1
0
0
0
0
0
0
0
0
-1
0
0
0
0
-1
0
-1
0
0
0
1
0
0
0
0
-1
0
0
0
1
0
0
0
0
0
0
1
0
0
0
0
0
1
0
0
0
1
1
0
0
0
0
0
0
0
0
1
1
1
1
0
-1
0
0
0
-1
-1
0
0
0
0
1
0
0
0
0
0
0
0
0
0
0
0
0
0
0
0
0
1
1
1
0
-1
0
0
0
0
0
0
1
0
-1
0
0
0
0
0
1
0
-1
0
0
0
0
0
0
0
0
-1
0
0
0
0
1
0
0
0
0
0
-1
1
1
0
0
0
0
1
0
0
0
0
1
0
0
0
0
0
0
0
1
0
0
0
0
0
0
1
0
0
0
0
0
0
0
0
1
0
1
0
-1
0
0
0
0
-1
0
0
0
0
0
0
-1
0
0
-1
0
0
0
-1
1
0
0
0
0
0
0
0
0
0
0
0
0
0
-1
0
-1
0
0
0
0
0
0
0
0
0
0
0
0
0
0
0
0
0
0
0
0
0
1
0
0
0
0
0
0
0
0
0
-1
0
0
1
0
0
0
0
0
0
0
1
0
0
0
0
0
0
-1
0
1
0
0
0
0
0
0
0
0
-1
0
0
-1
0
0
0
0
0
1
0
-1
0
1
0
0
-1
0
0
0
0
-1
0
0
0
0
1
0
0
0
0
0
0
0
0
-1
0
0
0
0
0
0
0
0
0
1
0
-1
0
0
0
1
0
0
0
0
1
-1
0
0
0
0
0
0
0
0
0
0
-1
0
0
0
0
0
0
0
0
0
0
0
-1
0
-1
0
0
0
0
0
0
-1
0
0
0
0
0
0
0
0
0
0
0
0
0
0
0
0
0
1
1
0
-1
0
0
0
0
0
0
0
0
1
0
0
0
0
0
0
0
1
0
0
0
0
0
1
0
0
0
0
0
0
0
-1
-1
0
0
0
0
0
-1
-1
0
0
0
-1
1
0
0
-1
0
0
0
0
0
0
0
0
0
0
0
0
0
0
0
0
1
0
0
-1
0
0
0
0
0
0
1
0
0
-1
-1
0
0
0
0
-1
0
0
1
0
0
1
0
0
0
0
1
0
0
0
0
0
0
-1
0
0
0
0
0
0
1
0
0
0
0
0
0
-1
-1
0
-1
0
0
0
0
0
0
0
0
0
0
0
0
0
0
-1
0
0
0
0
1
0
1
0
0
0
0
0
0
0
0
-1
1
0
0
0
0
0
0
0
0
0
1
0
1
0
0
0
1
-1
0
0
0
0
0
0
0
0
0
0
-1
0
0
0
0
1
1
0
1
0
0
0
0
0
0
0
0
0
0
-1
-1
-1
-1
0
0
0
-1
0
-1
0
0
0
0
0
-1
0
-1
0
1
0
0
1
0
0
-1
0
-1
0
0
0
-1
0
1
-1
0
0
0
0
-1
0
1
0
-1
1
1
0
1
-1
0
0
1
0
0
-1
1
0
0
1
0
0
0
0
1
0
0
0
0
1
0
-1
0
-1
0
1
0
1
-1
0
1
0
0
0
0
0
-1
0
0
-1
0
0
0
0
0
0
0
-1
0
1
0
1
0
-1
0
0
1
0
0
0
0
0
0
-1
0
-1
0
0
0
0
0
0
0
1
0
1
0
0
0
0
0
-1
0
0
0
0
0
-1
0
0
0
0
0
0
1
0
0
0
0
1
0
0
0
0
0
0
0
0
0
-1
0
1
0
0
0
0
0
0
0
0
0
0
0
0
0
0
0
0
1
0
0
0
-1
0
0
0
1
0
0
0
-1
0
0
0
0
1
1
0
1
0
0
-1
0
-1
0
0
0
0
0
0
0
0
0
0
0
0
0
1
0
0
0
0
0
0
0
0
0
0
0
0
0
0
0
0
0
0
1
0
0
0
1
0
0
0
0
0
0
0
0
1
1
0
0
1
0
0
0
0
0
1
0
0
-1
1
0
-1
-1
0
0
0
0
0
1
0
1
0
0
0
0
0
-1
0
-1
0
0
-1
0
0
0
-1
0
0
0
0
0
0
0
0
1
-1
0
0
0
0
-1
0
0
0
0
0
1
0
0
0
0
0
0
0
0
1
1
0
0
0
0
0
0
0
0
0
1
0
-1
0
0
0
0
0
0
0
0
0
0
1
0
0
0
1
0
0
0
0
0
0
0
0
0
0
0
0
-1
0
0
0
-1
0
-1
0
0
0
0
0
0
0
-1
1
0
1
0
0
0
0
1
1
0
-1
0
1
-1
0
0
0
0
0
0
0
0
0
0
0
0
0
1
-1
0
0
0
0
0
0
0
-1
0
-1
0
0
0
0
0
-1
0
1
0
0
0
1
0
0
0
0
0
0
0
0
0
0
1
0
0
0
1
0
1
0
-1
-1
-1
0
0
1
0
0
0
0
-1
0
0
1
-1
0
1
0
0
0
0
0
0
0
-1
0
0
0
0
0
0
0
0
0
0
0
0
0
0
0
-1
0
0
0
0
0
0
1
1
1
0
0
0
1
0
0
-1
1
0
-1
0
0
-1
0
0
0
0
-1
0
0
0
0
1
0
0
0
1
0
0
1
-1
0
0
0
0
0
0
-1
0
1
0
0
0
1
-1
0
0
0
-1
0
0
0
-1
0
1
0
-1
0
0
-1
-1
0
0
0
0
-1
-1
-1
0
0
0
0
0
0
0
0
0
1
0
-1
0
1
0
1
0
0
0
-1
0
0
0
0
0
0
-1
1
0
0
0
0
1
1
0
0
-1
0
1
0
0
0
0
0
0
0
0
0
0
-1
1
-1
0
1
0
0
0
0
0
0
0
0
0
0
0
0
0
0
0
1
0
0
0
0
-1
1
0
-1
0
0
0
0
0
0
0
0
0
0
-1
0
0
0
-1
0
0
1
1
0
0
0
0
-1
0
1
0
-1
0
0
0
0
-1
0
0
0
0
0
-1
-1
0
0
0
0
1
0
0
0
0
-1
0
0
0
1
0
0
0
0
1
0
-1
0
0
-1
0
0
0
0
0
0
0
0
0
0
0
1
0
0
0
0
-1
-1
0
-1
-1
0
0
-1
0
0
0
0
1
1
-1
1
0
-1
-1
0
0
-1
0
0
0
0
0
-1
1
-1
0
0
-1
0
0
0
0
0
0
0
1
0
0
-1
1
1
0
-1
0
0
0
0
0
0
0
1
0
0
0
0
0
0
-1
0
0
-1
0
0
1
0
0
1
0
0
0
1
0
0
0
0
0
0
1
-1
0
0
0
1
0
-1
0
0
0
0
0
-1
0
0
0
0
1
0
0
1
0
0
0
1
0
0
0
0
0
1
0
0
0
0
0
0
0
1
0
0
0
0
-1
0
0
0
-1
0
-1
0
0
0
1
0
0
0
0
-1
1
0
1
0
0
1
0
1
0
0
1
1
0
0
0
0
0
-1
0
0
0
-1
0
0
1
0
0
0
0
1
0
1
0
0
0
0
-1
0
0
0
0
0
-1
0
0
0
1
1
0
0
-1
0
0
1
0
0
-1
1
0
0
0
0
-1
0
0
0
0
0
0
0
0
0
0
0
0
0
0
0
-1
0
1
0
0
1
-1
0
-1
-1
0
0
0
0
0
0
0
0
0
0
-1
1
0
1
1
0
0
0
0
0
0
0
0
0
0
0
0
0
0
1
0
-1
0
0
0
0
0
0
-1
0
0
-1
0
0
0
0
0
0
0
1
1
0
0
0
0
0
0
0
-1
0
0
0
0
0
0
-1
-1
0
0
0
0
0
1
0
1
-1
0
0
-1
0
0
0
1
0
0
0
0
0
0
0
1
0
1
0
0
0
-1
-1
0
0
0
0
1
0
-1
0
0
0
0
1
0
-1
0
0
0
0
0
1
0
0
0
0
0
0
0
0
0
0
1
0
0
0
0
0
0
0
0
0
0
0
0
0
-1
-1
0
0
0
0
0
0
-1
0
0
-1
0
0
0
0
0
0
0
0
0
0
0
0
0
0
0
0
0
-1
0
0
1
0
0
-1
1
0
0
0
0
0
0
0
0
0
0
-1
1
0
0
-1
0
0
0
1
0
-1
0
0
0
0
0
0
0
1
-1
0
-1
0
-1
-1
0
0
0
1
0
0
0
0
0
1
0
-1
-1
0
0
0
0
0
0
0
-1
0
-1
0
1
0
0
0
0
1
0
0
0
0
0
-1
-1
0
0
0
0
-1
0
1
0
1
0
0
0
0
-1
0
0
0
-1
0
0
0
0
0
0
0
0
-1
0
0
0
1
0
1
0
-1
0
1
0
0
-1
0
0
0
0
0
0
1
0
1
0
0
0
0
0
1
0
1
0
0
0
1
0
0
0
0
0
-1
0
0
0
0
0
0
0
0
0
-1
0
0
0
0
0
0
0
0
-1
0
1
0
1
0
0
1
0
0
1
0
0
1
0
0
1
0
0
0
0
0
0
0
0
0
0
0
1
0
0
-1
0
0
-1
0
-1
0
0
1
1
0
0
0
-1
0
0
0
0
0
0
1
0
0
-1
0
0
0
0
-1
0
1
0
0
0
0
0
-1
0
0
0
0
0
0
0
1
0
0
0
0
0
-1
0
0
0
0
0
1
0
0
0
0
0
0
0
1
0
-1
0
-1
1
0
0
0
0
-1
0
0
0
0
0
0
-1
1
0
0
0
1
0
-1
0
1
1
0
-1
0
0
1
0
0
0
0
0
-1
0
0
0
0
0
-1
0
0
-1
0
0
0
0
0
1
1
0
0
0
-1
-1
0
0
0
1
0
0
0
0
0
0
1
0
0
-1
0
0
1
0
0
0
0
0
1
0
0
-1
0
0
0
0
0
0
0
0
1
0
0
0
0
0
0
0
0
1
0
0
0
0
0
0
-1
0
0
0
0
1
0
0
1
0
0
0
1
-1
0
-1
0
0
0
1
0
0
0
0
0
0
1
0
0
0
0
0
0
0
0
0
-1
0
0
0
1
0
0
0
1
0
0
0
0
0
0
0
0
0
0
1
0
1
0
-1
0
0
-1
0
0
0
-1
0
0
0
-1
0
-1
0
-1
1
0
0
0
0
0
1
0
1
0
0
0
0
0
0
0
0
0
0
0
1
0
0
-1
0
0
0
0
0
0
0
0
0
0
-1
0
0
1
0
0
-1
0
0
0
0
0
0
0
0
-1
0
0
0
-1
0
0
1
0
0
0
0
0
-1
0
0
-1
0
0
0
0
0
0
0
0
0
0
0
1
0
1
1
0
0
-1
1
0
0
0
0
0
0
0
0
0
0
0
0
1
0
0
0
0
1
0
0
1
0
0
0
0
1
0
0
-1
0
0
1
1
0
0
-1
0
-1
-1
0
0
0
1
1
0
-1
0
1
0
0
0
0
1
0
1
-1
0
1
0
0
0
-1
0
0
0
1
0
-1
0
-1
-1
0
0
1
0
0
0
1
1
0
0
1
1
-1
0
-1
0
0
0
1
0
0
0
0
-1
0
0
-1
0
0
-1
-1
1
0
0
0
0
-1
0
1
0
0
0
-1
1
0
1
0
1
-1
0
0
0
-1
0
0
0
0
0
0
0
0
0
0
0
0
0
0
0
0
0
1
0
0
0
0
1
0
0
0
0
0
0
0
0
0
0
0
0
0
0
0
0
0
0
0
0
1
0
0
0
0
-1
0
0
1
0
0
0
0
0
-1
0
0
0
0
0
0
-1
0
0
-1
0
0
0
-1
0
0
0
0
-1
0
0
0
0
0
0
0
0
0
0
0
0
0
0
0
-1
0
0
0
-1
0
-1
0
-1
0
0
0
0
1
0
0
0
-1
-1
1
0
0
0
0
0
1
0
0
0
0
0
0
1
0
0
0
0
-1
0
-1
0
0
0
0
-1
0
0
0
0
0
0
0
0
0
0
0
0
1
0
1
1
0
1
0
0
0
0
0
1
0
1
0
0
0
0
0
0
-1
0
0
0
0
-1
0
0
0
0
-1
-1
1
0
0
1
0
0
1
0
0
0
-1
1
0
0
0
0
0
0
-1
0
0
0
0
0
0
0
0
-1
0
0
0
0
0
0
0
0
0
0
0
-1
0
-1
0
0
0
0
0
0
0
-1
0
-1
1
0
0
0
0
0
-1
0
-1
0
-1
0
0
0
0
-1
0
-1
0
1
0
0
0
0
0
0
1
0
0
0
0
0
0
-1
0
0
0
0
-1
0
0
0
1
0
1
1
0
0
0
0
0
1
0
0
1
0
1
0
1
0
0
0
0
0
0
0
0
0
0
0
0
0
1
1
0
0
0
0
-1
0
0
1
0
0
0
0
0
0
0
0
0
0
0
0
0
-1
0
0
0
0
0
0
0
0
0
-1
